time_id,date,year,month,day
1,2020-01-01 00:00:00,<function <lambda> at 0x7fa4962879f0>,<function <lambda> at 0x7fa496287a90>,<function <lambda> at 0x7fa496287b30>
2,2020-01-01 01:00:00,<function <lambda> at 0x7fa4962879f0>,<function <lambda> at 0x7fa496287a90>,<function <lambda> at 0x7fa496287b30>
3,2020-01-01 02:00:00,<function <lambda> at 0x7fa4962879f0>,<function <lambda> at 0x7fa496287a90>,<function <lambda> at 0x7fa496287b30>
4,2020-01-01 03:00:00,<function <lambda> at 0x7fa4962879f0>,<function <lambda> at 0x7fa496287a90>,<function <lambda> at 0x7fa496287b30>
5,2020-01-01 04:00:00,<function <lambda> at 0x7fa4962879f0>,<function <lambda> at 0x7fa496287a90>,<function <lambda> at 0x7fa496287b30>
6,2020-01-01 05:00:00,<function <lambda> at 0x7fa4962879f0>,<function <lambda> at 0x7fa496287a90>,<function <lambda> at 0x7fa496287b30>
7,2020-01-01 06:00:00,<function <lambda> at 0x7fa4962879f0>,<function <lambda> at 0x7fa496287a90>,<function <lambda> at 0x7fa496287b30>
8,2020-01-01 07:00:00,<function <lambda> at 0x7fa4962879f0>,<function <lambda> at 0x7fa496287a90>,<function <lambda> at 0x7fa496287b30>
9,2020-01-01 08:00:00,<function <lambda> at 0x7fa4962879f0>,<function <lambda> at 0x7fa496287a90>,<function <lambda> at 0x7fa496287b30>
10,2020-01-01 09:00:00,<function <lambda> at 0x7fa4962879f0>,<function <lambda> at 0x7fa496287a90>,<function <lambda> at 0x7fa496287b30>
11,2020-01-01 10:00:00,<function <lambda> at 0x7fa4962879f0>,<function <lambda> at 0x7fa496287a90>,<function <lambda> at 0x7fa496287b30>
12,2020-01-01 11:00:00,<function <lambda> at 0x7fa4962879f0>,<function <lambda> at 0x7fa496287a90>,<function <lambda> at 0x7fa496287b30>
13,2020-01-01 12:00:00,<function <lambda> at 0x7fa4962879f0>,<function <lambda> at 0x7fa496287a90>,<function <lambda> at 0x7fa496287b30>
14,2020-01-01 13:00:00,<function <lambda> at 0x7fa4962879f0>,<function <lambda> at 0x7fa496287a90>,<function <lambda> at 0x7fa496287b30>
15,2020-01-01 14:00:00,<function <lambda> at 0x7fa4962879f0>,<function <lambda> at 0x7fa496287a90>,<function <lambda> at 0x7fa496287b30>
16,2020-01-01 15:00:00,<function <lambda> at 0x7fa4962879f0>,<function <lambda> at 0x7fa496287a90>,<function <lambda> at 0x7fa496287b30>
17,2020-01-01 16:00:00,<function <lambda> at 0x7fa4962879f0>,<function <lambda> at 0x7fa496287a90>,<function <lambda> at 0x7fa496287b30>
18,2020-01-01 17:00:00,<function <lambda> at 0x7fa4962879f0>,<function <lambda> at 0x7fa496287a90>,<function <lambda> at 0x7fa496287b30>
19,2020-01-01 18:00:00,<function <lambda> at 0x7fa4962879f0>,<function <lambda> at 0x7fa496287a90>,<function <lambda> at 0x7fa496287b30>
20,2020-01-01 19:00:00,<function <lambda> at 0x7fa4962879f0>,<function <lambda> at 0x7fa496287a90>,<function <lambda> at 0x7fa496287b30>
21,2020-01-01 20:00:00,<function <lambda> at 0x7fa4962879f0>,<function <lambda> at 0x7fa496287a90>,<function <lambda> at 0x7fa496287b30>
22,2020-01-01 21:00:00,<function <lambda> at 0x7fa4962879f0>,<function <lambda> at 0x7fa496287a90>,<function <lambda> at 0x7fa496287b30>
23,2020-01-01 22:00:00,<function <lambda> at 0x7fa4962879f0>,<function <lambda> at 0x7fa496287a90>,<function <lambda> at 0x7fa496287b30>
24,2020-01-01 23:00:00,<function <lambda> at 0x7fa4962879f0>,<function <lambda> at 0x7fa496287a90>,<function <lambda> at 0x7fa496287b30>
25,2020-01-02 00:00:00,<function <lambda> at 0x7fa4962879f0>,<function <lambda> at 0x7fa496287a90>,<function <lambda> at 0x7fa496287b30>
26,2020-01-02 01:00:00,<function <lambda> at 0x7fa4962879f0>,<function <lambda> at 0x7fa496287a90>,<function <lambda> at 0x7fa496287b30>
27,2020-01-02 02:00:00,<function <lambda> at 0x7fa4962879f0>,<function <lambda> at 0x7fa496287a90>,<function <lambda> at 0x7fa496287b30>
28,2020-01-02 03:00:00,<function <lambda> at 0x7fa4962879f0>,<function <lambda> at 0x7fa496287a90>,<function <lambda> at 0x7fa496287b30>
29,2020-01-02 04:00:00,<function <lambda> at 0x7fa4962879f0>,<function <lambda> at 0x7fa496287a90>,<function <lambda> at 0x7fa496287b30>
30,2020-01-02 05:00:00,<function <lambda> at 0x7fa4962879f0>,<function <lambda> at 0x7fa496287a90>,<function <lambda> at 0x7fa496287b30>
31,2020-01-02 06:00:00,<function <lambda> at 0x7fa4962879f0>,<function <lambda> at 0x7fa496287a90>,<function <lambda> at 0x7fa496287b30>
32,2020-01-02 07:00:00,<function <lambda> at 0x7fa4962879f0>,<function <lambda> at 0x7fa496287a90>,<function <lambda> at 0x7fa496287b30>
33,2020-01-02 08:00:00,<function <lambda> at 0x7fa4962879f0>,<function <lambda> at 0x7fa496287a90>,<function <lambda> at 0x7fa496287b30>
34,2020-01-02 09:00:00,<function <lambda> at 0x7fa4962879f0>,<function <lambda> at 0x7fa496287a90>,<function <lambda> at 0x7fa496287b30>
35,2020-01-02 10:00:00,<function <lambda> at 0x7fa4962879f0>,<function <lambda> at 0x7fa496287a90>,<function <lambda> at 0x7fa496287b30>
36,2020-01-02 11:00:00,<function <lambda> at 0x7fa4962879f0>,<function <lambda> at 0x7fa496287a90>,<function <lambda> at 0x7fa496287b30>
37,2020-01-02 12:00:00,<function <lambda> at 0x7fa4962879f0>,<function <lambda> at 0x7fa496287a90>,<function <lambda> at 0x7fa496287b30>
38,2020-01-02 13:00:00,<function <lambda> at 0x7fa4962879f0>,<function <lambda> at 0x7fa496287a90>,<function <lambda> at 0x7fa496287b30>
39,2020-01-02 14:00:00,<function <lambda> at 0x7fa4962879f0>,<function <lambda> at 0x7fa496287a90>,<function <lambda> at 0x7fa496287b30>
40,2020-01-02 15:00:00,<function <lambda> at 0x7fa4962879f0>,<function <lambda> at 0x7fa496287a90>,<function <lambda> at 0x7fa496287b30>
41,2020-01-02 16:00:00,<function <lambda> at 0x7fa4962879f0>,<function <lambda> at 0x7fa496287a90>,<function <lambda> at 0x7fa496287b30>
42,2020-01-02 17:00:00,<function <lambda> at 0x7fa4962879f0>,<function <lambda> at 0x7fa496287a90>,<function <lambda> at 0x7fa496287b30>
43,2020-01-02 18:00:00,<function <lambda> at 0x7fa4962879f0>,<function <lambda> at 0x7fa496287a90>,<function <lambda> at 0x7fa496287b30>
44,2020-01-02 19:00:00,<function <lambda> at 0x7fa4962879f0>,<function <lambda> at 0x7fa496287a90>,<function <lambda> at 0x7fa496287b30>
45,2020-01-02 20:00:00,<function <lambda> at 0x7fa4962879f0>,<function <lambda> at 0x7fa496287a90>,<function <lambda> at 0x7fa496287b30>
46,2020-01-02 21:00:00,<function <lambda> at 0x7fa4962879f0>,<function <lambda> at 0x7fa496287a90>,<function <lambda> at 0x7fa496287b30>
47,2020-01-02 22:00:00,<function <lambda> at 0x7fa4962879f0>,<function <lambda> at 0x7fa496287a90>,<function <lambda> at 0x7fa496287b30>
48,2020-01-02 23:00:00,<function <lambda> at 0x7fa4962879f0>,<function <lambda> at 0x7fa496287a90>,<function <lambda> at 0x7fa496287b30>
49,2020-01-03 00:00:00,<function <lambda> at 0x7fa4962879f0>,<function <lambda> at 0x7fa496287a90>,<function <lambda> at 0x7fa496287b30>
50,2020-01-03 01:00:00,<function <lambda> at 0x7fa4962879f0>,<function <lambda> at 0x7fa496287a90>,<function <lambda> at 0x7fa496287b30>
51,2020-01-03 02:00:00,<function <lambda> at 0x7fa4962879f0>,<function <lambda> at 0x7fa496287a90>,<function <lambda> at 0x7fa496287b30>
52,2020-01-03 03:00:00,<function <lambda> at 0x7fa4962879f0>,<function <lambda> at 0x7fa496287a90>,<function <lambda> at 0x7fa496287b30>
53,2020-01-03 04:00:00,<function <lambda> at 0x7fa4962879f0>,<function <lambda> at 0x7fa496287a90>,<function <lambda> at 0x7fa496287b30>
54,2020-01-03 05:00:00,<function <lambda> at 0x7fa4962879f0>,<function <lambda> at 0x7fa496287a90>,<function <lambda> at 0x7fa496287b30>
55,2020-01-03 06:00:00,<function <lambda> at 0x7fa4962879f0>,<function <lambda> at 0x7fa496287a90>,<function <lambda> at 0x7fa496287b30>
56,2020-01-03 07:00:00,<function <lambda> at 0x7fa4962879f0>,<function <lambda> at 0x7fa496287a90>,<function <lambda> at 0x7fa496287b30>
57,2020-01-03 08:00:00,<function <lambda> at 0x7fa4962879f0>,<function <lambda> at 0x7fa496287a90>,<function <lambda> at 0x7fa496287b30>
58,2020-01-03 09:00:00,<function <lambda> at 0x7fa4962879f0>,<function <lambda> at 0x7fa496287a90>,<function <lambda> at 0x7fa496287b30>
59,2020-01-03 10:00:00,<function <lambda> at 0x7fa4962879f0>,<function <lambda> at 0x7fa496287a90>,<function <lambda> at 0x7fa496287b30>
60,2020-01-03 11:00:00,<function <lambda> at 0x7fa4962879f0>,<function <lambda> at 0x7fa496287a90>,<function <lambda> at 0x7fa496287b30>
61,2020-01-03 12:00:00,<function <lambda> at 0x7fa4962879f0>,<function <lambda> at 0x7fa496287a90>,<function <lambda> at 0x7fa496287b30>
62,2020-01-03 13:00:00,<function <lambda> at 0x7fa4962879f0>,<function <lambda> at 0x7fa496287a90>,<function <lambda> at 0x7fa496287b30>
63,2020-01-03 14:00:00,<function <lambda> at 0x7fa4962879f0>,<function <lambda> at 0x7fa496287a90>,<function <lambda> at 0x7fa496287b30>
64,2020-01-03 15:00:00,<function <lambda> at 0x7fa4962879f0>,<function <lambda> at 0x7fa496287a90>,<function <lambda> at 0x7fa496287b30>
65,2020-01-03 16:00:00,<function <lambda> at 0x7fa4962879f0>,<function <lambda> at 0x7fa496287a90>,<function <lambda> at 0x7fa496287b30>
66,2020-01-03 17:00:00,<function <lambda> at 0x7fa4962879f0>,<function <lambda> at 0x7fa496287a90>,<function <lambda> at 0x7fa496287b30>
67,2020-01-03 18:00:00,<function <lambda> at 0x7fa4962879f0>,<function <lambda> at 0x7fa496287a90>,<function <lambda> at 0x7fa496287b30>
68,2020-01-03 19:00:00,<function <lambda> at 0x7fa4962879f0>,<function <lambda> at 0x7fa496287a90>,<function <lambda> at 0x7fa496287b30>
69,2020-01-03 20:00:00,<function <lambda> at 0x7fa4962879f0>,<function <lambda> at 0x7fa496287a90>,<function <lambda> at 0x7fa496287b30>
70,2020-01-03 21:00:00,<function <lambda> at 0x7fa4962879f0>,<function <lambda> at 0x7fa496287a90>,<function <lambda> at 0x7fa496287b30>
71,2020-01-03 22:00:00,<function <lambda> at 0x7fa4962879f0>,<function <lambda> at 0x7fa496287a90>,<function <lambda> at 0x7fa496287b30>
72,2020-01-03 23:00:00,<function <lambda> at 0x7fa4962879f0>,<function <lambda> at 0x7fa496287a90>,<function <lambda> at 0x7fa496287b30>
73,2020-01-04 00:00:00,<function <lambda> at 0x7fa4962879f0>,<function <lambda> at 0x7fa496287a90>,<function <lambda> at 0x7fa496287b30>
74,2020-01-04 01:00:00,<function <lambda> at 0x7fa4962879f0>,<function <lambda> at 0x7fa496287a90>,<function <lambda> at 0x7fa496287b30>
75,2020-01-04 02:00:00,<function <lambda> at 0x7fa4962879f0>,<function <lambda> at 0x7fa496287a90>,<function <lambda> at 0x7fa496287b30>
76,2020-01-04 03:00:00,<function <lambda> at 0x7fa4962879f0>,<function <lambda> at 0x7fa496287a90>,<function <lambda> at 0x7fa496287b30>
77,2020-01-04 04:00:00,<function <lambda> at 0x7fa4962879f0>,<function <lambda> at 0x7fa496287a90>,<function <lambda> at 0x7fa496287b30>
78,2020-01-04 05:00:00,<function <lambda> at 0x7fa4962879f0>,<function <lambda> at 0x7fa496287a90>,<function <lambda> at 0x7fa496287b30>
79,2020-01-04 06:00:00,<function <lambda> at 0x7fa4962879f0>,<function <lambda> at 0x7fa496287a90>,<function <lambda> at 0x7fa496287b30>
80,2020-01-04 07:00:00,<function <lambda> at 0x7fa4962879f0>,<function <lambda> at 0x7fa496287a90>,<function <lambda> at 0x7fa496287b30>
81,2020-01-04 08:00:00,<function <lambda> at 0x7fa4962879f0>,<function <lambda> at 0x7fa496287a90>,<function <lambda> at 0x7fa496287b30>
82,2020-01-04 09:00:00,<function <lambda> at 0x7fa4962879f0>,<function <lambda> at 0x7fa496287a90>,<function <lambda> at 0x7fa496287b30>
83,2020-01-04 10:00:00,<function <lambda> at 0x7fa4962879f0>,<function <lambda> at 0x7fa496287a90>,<function <lambda> at 0x7fa496287b30>
84,2020-01-04 11:00:00,<function <lambda> at 0x7fa4962879f0>,<function <lambda> at 0x7fa496287a90>,<function <lambda> at 0x7fa496287b30>
85,2020-01-04 12:00:00,<function <lambda> at 0x7fa4962879f0>,<function <lambda> at 0x7fa496287a90>,<function <lambda> at 0x7fa496287b30>
86,2020-01-04 13:00:00,<function <lambda> at 0x7fa4962879f0>,<function <lambda> at 0x7fa496287a90>,<function <lambda> at 0x7fa496287b30>
87,2020-01-04 14:00:00,<function <lambda> at 0x7fa4962879f0>,<function <lambda> at 0x7fa496287a90>,<function <lambda> at 0x7fa496287b30>
88,2020-01-04 15:00:00,<function <lambda> at 0x7fa4962879f0>,<function <lambda> at 0x7fa496287a90>,<function <lambda> at 0x7fa496287b30>
89,2020-01-04 16:00:00,<function <lambda> at 0x7fa4962879f0>,<function <lambda> at 0x7fa496287a90>,<function <lambda> at 0x7fa496287b30>
90,2020-01-04 17:00:00,<function <lambda> at 0x7fa4962879f0>,<function <lambda> at 0x7fa496287a90>,<function <lambda> at 0x7fa496287b30>
91,2020-01-04 18:00:00,<function <lambda> at 0x7fa4962879f0>,<function <lambda> at 0x7fa496287a90>,<function <lambda> at 0x7fa496287b30>
92,2020-01-04 19:00:00,<function <lambda> at 0x7fa4962879f0>,<function <lambda> at 0x7fa496287a90>,<function <lambda> at 0x7fa496287b30>
93,2020-01-04 20:00:00,<function <lambda> at 0x7fa4962879f0>,<function <lambda> at 0x7fa496287a90>,<function <lambda> at 0x7fa496287b30>
94,2020-01-04 21:00:00,<function <lambda> at 0x7fa4962879f0>,<function <lambda> at 0x7fa496287a90>,<function <lambda> at 0x7fa496287b30>
95,2020-01-04 22:00:00,<function <lambda> at 0x7fa4962879f0>,<function <lambda> at 0x7fa496287a90>,<function <lambda> at 0x7fa496287b30>
96,2020-01-04 23:00:00,<function <lambda> at 0x7fa4962879f0>,<function <lambda> at 0x7fa496287a90>,<function <lambda> at 0x7fa496287b30>
97,2020-01-05 00:00:00,<function <lambda> at 0x7fa4962879f0>,<function <lambda> at 0x7fa496287a90>,<function <lambda> at 0x7fa496287b30>
98,2020-01-05 01:00:00,<function <lambda> at 0x7fa4962879f0>,<function <lambda> at 0x7fa496287a90>,<function <lambda> at 0x7fa496287b30>
99,2020-01-05 02:00:00,<function <lambda> at 0x7fa4962879f0>,<function <lambda> at 0x7fa496287a90>,<function <lambda> at 0x7fa496287b30>
100,2020-01-05 03:00:00,<function <lambda> at 0x7fa4962879f0>,<function <lambda> at 0x7fa496287a90>,<function <lambda> at 0x7fa496287b30>
101,2020-01-05 04:00:00,<function <lambda> at 0x7fa4962879f0>,<function <lambda> at 0x7fa496287a90>,<function <lambda> at 0x7fa496287b30>
102,2020-01-05 05:00:00,<function <lambda> at 0x7fa4962879f0>,<function <lambda> at 0x7fa496287a90>,<function <lambda> at 0x7fa496287b30>
103,2020-01-05 06:00:00,<function <lambda> at 0x7fa4962879f0>,<function <lambda> at 0x7fa496287a90>,<function <lambda> at 0x7fa496287b30>
104,2020-01-05 07:00:00,<function <lambda> at 0x7fa4962879f0>,<function <lambda> at 0x7fa496287a90>,<function <lambda> at 0x7fa496287b30>
105,2020-01-05 08:00:00,<function <lambda> at 0x7fa4962879f0>,<function <lambda> at 0x7fa496287a90>,<function <lambda> at 0x7fa496287b30>
106,2020-01-05 09:00:00,<function <lambda> at 0x7fa4962879f0>,<function <lambda> at 0x7fa496287a90>,<function <lambda> at 0x7fa496287b30>
107,2020-01-05 10:00:00,<function <lambda> at 0x7fa4962879f0>,<function <lambda> at 0x7fa496287a90>,<function <lambda> at 0x7fa496287b30>
108,2020-01-05 11:00:00,<function <lambda> at 0x7fa4962879f0>,<function <lambda> at 0x7fa496287a90>,<function <lambda> at 0x7fa496287b30>
109,2020-01-05 12:00:00,<function <lambda> at 0x7fa4962879f0>,<function <lambda> at 0x7fa496287a90>,<function <lambda> at 0x7fa496287b30>
110,2020-01-05 13:00:00,<function <lambda> at 0x7fa4962879f0>,<function <lambda> at 0x7fa496287a90>,<function <lambda> at 0x7fa496287b30>
111,2020-01-05 14:00:00,<function <lambda> at 0x7fa4962879f0>,<function <lambda> at 0x7fa496287a90>,<function <lambda> at 0x7fa496287b30>
112,2020-01-05 15:00:00,<function <lambda> at 0x7fa4962879f0>,<function <lambda> at 0x7fa496287a90>,<function <lambda> at 0x7fa496287b30>
113,2020-01-05 16:00:00,<function <lambda> at 0x7fa4962879f0>,<function <lambda> at 0x7fa496287a90>,<function <lambda> at 0x7fa496287b30>
114,2020-01-05 17:00:00,<function <lambda> at 0x7fa4962879f0>,<function <lambda> at 0x7fa496287a90>,<function <lambda> at 0x7fa496287b30>
115,2020-01-05 18:00:00,<function <lambda> at 0x7fa4962879f0>,<function <lambda> at 0x7fa496287a90>,<function <lambda> at 0x7fa496287b30>
116,2020-01-05 19:00:00,<function <lambda> at 0x7fa4962879f0>,<function <lambda> at 0x7fa496287a90>,<function <lambda> at 0x7fa496287b30>
117,2020-01-05 20:00:00,<function <lambda> at 0x7fa4962879f0>,<function <lambda> at 0x7fa496287a90>,<function <lambda> at 0x7fa496287b30>
118,2020-01-05 21:00:00,<function <lambda> at 0x7fa4962879f0>,<function <lambda> at 0x7fa496287a90>,<function <lambda> at 0x7fa496287b30>
119,2020-01-05 22:00:00,<function <lambda> at 0x7fa4962879f0>,<function <lambda> at 0x7fa496287a90>,<function <lambda> at 0x7fa496287b30>
120,2020-01-05 23:00:00,<function <lambda> at 0x7fa4962879f0>,<function <lambda> at 0x7fa496287a90>,<function <lambda> at 0x7fa496287b30>
121,2020-01-06 00:00:00,<function <lambda> at 0x7fa4962879f0>,<function <lambda> at 0x7fa496287a90>,<function <lambda> at 0x7fa496287b30>
122,2020-01-06 01:00:00,<function <lambda> at 0x7fa4962879f0>,<function <lambda> at 0x7fa496287a90>,<function <lambda> at 0x7fa496287b30>
123,2020-01-06 02:00:00,<function <lambda> at 0x7fa4962879f0>,<function <lambda> at 0x7fa496287a90>,<function <lambda> at 0x7fa496287b30>
124,2020-01-06 03:00:00,<function <lambda> at 0x7fa4962879f0>,<function <lambda> at 0x7fa496287a90>,<function <lambda> at 0x7fa496287b30>
125,2020-01-06 04:00:00,<function <lambda> at 0x7fa4962879f0>,<function <lambda> at 0x7fa496287a90>,<function <lambda> at 0x7fa496287b30>
126,2020-01-06 05:00:00,<function <lambda> at 0x7fa4962879f0>,<function <lambda> at 0x7fa496287a90>,<function <lambda> at 0x7fa496287b30>
127,2020-01-06 06:00:00,<function <lambda> at 0x7fa4962879f0>,<function <lambda> at 0x7fa496287a90>,<function <lambda> at 0x7fa496287b30>
128,2020-01-06 07:00:00,<function <lambda> at 0x7fa4962879f0>,<function <lambda> at 0x7fa496287a90>,<function <lambda> at 0x7fa496287b30>
129,2020-01-06 08:00:00,<function <lambda> at 0x7fa4962879f0>,<function <lambda> at 0x7fa496287a90>,<function <lambda> at 0x7fa496287b30>
130,2020-01-06 09:00:00,<function <lambda> at 0x7fa4962879f0>,<function <lambda> at 0x7fa496287a90>,<function <lambda> at 0x7fa496287b30>
131,2020-01-06 10:00:00,<function <lambda> at 0x7fa4962879f0>,<function <lambda> at 0x7fa496287a90>,<function <lambda> at 0x7fa496287b30>
132,2020-01-06 11:00:00,<function <lambda> at 0x7fa4962879f0>,<function <lambda> at 0x7fa496287a90>,<function <lambda> at 0x7fa496287b30>
133,2020-01-06 12:00:00,<function <lambda> at 0x7fa4962879f0>,<function <lambda> at 0x7fa496287a90>,<function <lambda> at 0x7fa496287b30>
134,2020-01-06 13:00:00,<function <lambda> at 0x7fa4962879f0>,<function <lambda> at 0x7fa496287a90>,<function <lambda> at 0x7fa496287b30>
135,2020-01-06 14:00:00,<function <lambda> at 0x7fa4962879f0>,<function <lambda> at 0x7fa496287a90>,<function <lambda> at 0x7fa496287b30>
136,2020-01-06 15:00:00,<function <lambda> at 0x7fa4962879f0>,<function <lambda> at 0x7fa496287a90>,<function <lambda> at 0x7fa496287b30>
137,2020-01-06 16:00:00,<function <lambda> at 0x7fa4962879f0>,<function <lambda> at 0x7fa496287a90>,<function <lambda> at 0x7fa496287b30>
138,2020-01-06 17:00:00,<function <lambda> at 0x7fa4962879f0>,<function <lambda> at 0x7fa496287a90>,<function <lambda> at 0x7fa496287b30>
139,2020-01-06 18:00:00,<function <lambda> at 0x7fa4962879f0>,<function <lambda> at 0x7fa496287a90>,<function <lambda> at 0x7fa496287b30>
140,2020-01-06 19:00:00,<function <lambda> at 0x7fa4962879f0>,<function <lambda> at 0x7fa496287a90>,<function <lambda> at 0x7fa496287b30>
141,2020-01-06 20:00:00,<function <lambda> at 0x7fa4962879f0>,<function <lambda> at 0x7fa496287a90>,<function <lambda> at 0x7fa496287b30>
142,2020-01-06 21:00:00,<function <lambda> at 0x7fa4962879f0>,<function <lambda> at 0x7fa496287a90>,<function <lambda> at 0x7fa496287b30>
143,2020-01-06 22:00:00,<function <lambda> at 0x7fa4962879f0>,<function <lambda> at 0x7fa496287a90>,<function <lambda> at 0x7fa496287b30>
144,2020-01-06 23:00:00,<function <lambda> at 0x7fa4962879f0>,<function <lambda> at 0x7fa496287a90>,<function <lambda> at 0x7fa496287b30>
145,2020-01-07 00:00:00,<function <lambda> at 0x7fa4962879f0>,<function <lambda> at 0x7fa496287a90>,<function <lambda> at 0x7fa496287b30>
146,2020-01-07 01:00:00,<function <lambda> at 0x7fa4962879f0>,<function <lambda> at 0x7fa496287a90>,<function <lambda> at 0x7fa496287b30>
147,2020-01-07 02:00:00,<function <lambda> at 0x7fa4962879f0>,<function <lambda> at 0x7fa496287a90>,<function <lambda> at 0x7fa496287b30>
148,2020-01-07 03:00:00,<function <lambda> at 0x7fa4962879f0>,<function <lambda> at 0x7fa496287a90>,<function <lambda> at 0x7fa496287b30>
149,2020-01-07 04:00:00,<function <lambda> at 0x7fa4962879f0>,<function <lambda> at 0x7fa496287a90>,<function <lambda> at 0x7fa496287b30>
150,2020-01-07 05:00:00,<function <lambda> at 0x7fa4962879f0>,<function <lambda> at 0x7fa496287a90>,<function <lambda> at 0x7fa496287b30>
151,2020-01-07 06:00:00,<function <lambda> at 0x7fa4962879f0>,<function <lambda> at 0x7fa496287a90>,<function <lambda> at 0x7fa496287b30>
152,2020-01-07 07:00:00,<function <lambda> at 0x7fa4962879f0>,<function <lambda> at 0x7fa496287a90>,<function <lambda> at 0x7fa496287b30>
153,2020-01-07 08:00:00,<function <lambda> at 0x7fa4962879f0>,<function <lambda> at 0x7fa496287a90>,<function <lambda> at 0x7fa496287b30>
154,2020-01-07 09:00:00,<function <lambda> at 0x7fa4962879f0>,<function <lambda> at 0x7fa496287a90>,<function <lambda> at 0x7fa496287b30>
155,2020-01-07 10:00:00,<function <lambda> at 0x7fa4962879f0>,<function <lambda> at 0x7fa496287a90>,<function <lambda> at 0x7fa496287b30>
156,2020-01-07 11:00:00,<function <lambda> at 0x7fa4962879f0>,<function <lambda> at 0x7fa496287a90>,<function <lambda> at 0x7fa496287b30>
157,2020-01-07 12:00:00,<function <lambda> at 0x7fa4962879f0>,<function <lambda> at 0x7fa496287a90>,<function <lambda> at 0x7fa496287b30>
158,2020-01-07 13:00:00,<function <lambda> at 0x7fa4962879f0>,<function <lambda> at 0x7fa496287a90>,<function <lambda> at 0x7fa496287b30>
159,2020-01-07 14:00:00,<function <lambda> at 0x7fa4962879f0>,<function <lambda> at 0x7fa496287a90>,<function <lambda> at 0x7fa496287b30>
160,2020-01-07 15:00:00,<function <lambda> at 0x7fa4962879f0>,<function <lambda> at 0x7fa496287a90>,<function <lambda> at 0x7fa496287b30>
161,2020-01-07 16:00:00,<function <lambda> at 0x7fa4962879f0>,<function <lambda> at 0x7fa496287a90>,<function <lambda> at 0x7fa496287b30>
162,2020-01-07 17:00:00,<function <lambda> at 0x7fa4962879f0>,<function <lambda> at 0x7fa496287a90>,<function <lambda> at 0x7fa496287b30>
163,2020-01-07 18:00:00,<function <lambda> at 0x7fa4962879f0>,<function <lambda> at 0x7fa496287a90>,<function <lambda> at 0x7fa496287b30>
164,2020-01-07 19:00:00,<function <lambda> at 0x7fa4962879f0>,<function <lambda> at 0x7fa496287a90>,<function <lambda> at 0x7fa496287b30>
165,2020-01-07 20:00:00,<function <lambda> at 0x7fa4962879f0>,<function <lambda> at 0x7fa496287a90>,<function <lambda> at 0x7fa496287b30>
166,2020-01-07 21:00:00,<function <lambda> at 0x7fa4962879f0>,<function <lambda> at 0x7fa496287a90>,<function <lambda> at 0x7fa496287b30>
167,2020-01-07 22:00:00,<function <lambda> at 0x7fa4962879f0>,<function <lambda> at 0x7fa496287a90>,<function <lambda> at 0x7fa496287b30>
168,2020-01-07 23:00:00,<function <lambda> at 0x7fa4962879f0>,<function <lambda> at 0x7fa496287a90>,<function <lambda> at 0x7fa496287b30>
169,2020-01-08 00:00:00,<function <lambda> at 0x7fa4962879f0>,<function <lambda> at 0x7fa496287a90>,<function <lambda> at 0x7fa496287b30>
170,2020-01-08 01:00:00,<function <lambda> at 0x7fa4962879f0>,<function <lambda> at 0x7fa496287a90>,<function <lambda> at 0x7fa496287b30>
171,2020-01-08 02:00:00,<function <lambda> at 0x7fa4962879f0>,<function <lambda> at 0x7fa496287a90>,<function <lambda> at 0x7fa496287b30>
172,2020-01-08 03:00:00,<function <lambda> at 0x7fa4962879f0>,<function <lambda> at 0x7fa496287a90>,<function <lambda> at 0x7fa496287b30>
173,2020-01-08 04:00:00,<function <lambda> at 0x7fa4962879f0>,<function <lambda> at 0x7fa496287a90>,<function <lambda> at 0x7fa496287b30>
174,2020-01-08 05:00:00,<function <lambda> at 0x7fa4962879f0>,<function <lambda> at 0x7fa496287a90>,<function <lambda> at 0x7fa496287b30>
175,2020-01-08 06:00:00,<function <lambda> at 0x7fa4962879f0>,<function <lambda> at 0x7fa496287a90>,<function <lambda> at 0x7fa496287b30>
176,2020-01-08 07:00:00,<function <lambda> at 0x7fa4962879f0>,<function <lambda> at 0x7fa496287a90>,<function <lambda> at 0x7fa496287b30>
177,2020-01-08 08:00:00,<function <lambda> at 0x7fa4962879f0>,<function <lambda> at 0x7fa496287a90>,<function <lambda> at 0x7fa496287b30>
178,2020-01-08 09:00:00,<function <lambda> at 0x7fa4962879f0>,<function <lambda> at 0x7fa496287a90>,<function <lambda> at 0x7fa496287b30>
179,2020-01-08 10:00:00,<function <lambda> at 0x7fa4962879f0>,<function <lambda> at 0x7fa496287a90>,<function <lambda> at 0x7fa496287b30>
180,2020-01-08 11:00:00,<function <lambda> at 0x7fa4962879f0>,<function <lambda> at 0x7fa496287a90>,<function <lambda> at 0x7fa496287b30>
181,2020-01-08 12:00:00,<function <lambda> at 0x7fa4962879f0>,<function <lambda> at 0x7fa496287a90>,<function <lambda> at 0x7fa496287b30>
182,2020-01-08 13:00:00,<function <lambda> at 0x7fa4962879f0>,<function <lambda> at 0x7fa496287a90>,<function <lambda> at 0x7fa496287b30>
183,2020-01-08 14:00:00,<function <lambda> at 0x7fa4962879f0>,<function <lambda> at 0x7fa496287a90>,<function <lambda> at 0x7fa496287b30>
184,2020-01-08 15:00:00,<function <lambda> at 0x7fa4962879f0>,<function <lambda> at 0x7fa496287a90>,<function <lambda> at 0x7fa496287b30>
185,2020-01-08 16:00:00,<function <lambda> at 0x7fa4962879f0>,<function <lambda> at 0x7fa496287a90>,<function <lambda> at 0x7fa496287b30>
186,2020-01-08 17:00:00,<function <lambda> at 0x7fa4962879f0>,<function <lambda> at 0x7fa496287a90>,<function <lambda> at 0x7fa496287b30>
187,2020-01-08 18:00:00,<function <lambda> at 0x7fa4962879f0>,<function <lambda> at 0x7fa496287a90>,<function <lambda> at 0x7fa496287b30>
188,2020-01-08 19:00:00,<function <lambda> at 0x7fa4962879f0>,<function <lambda> at 0x7fa496287a90>,<function <lambda> at 0x7fa496287b30>
189,2020-01-08 20:00:00,<function <lambda> at 0x7fa4962879f0>,<function <lambda> at 0x7fa496287a90>,<function <lambda> at 0x7fa496287b30>
190,2020-01-08 21:00:00,<function <lambda> at 0x7fa4962879f0>,<function <lambda> at 0x7fa496287a90>,<function <lambda> at 0x7fa496287b30>
191,2020-01-08 22:00:00,<function <lambda> at 0x7fa4962879f0>,<function <lambda> at 0x7fa496287a90>,<function <lambda> at 0x7fa496287b30>
192,2020-01-08 23:00:00,<function <lambda> at 0x7fa4962879f0>,<function <lambda> at 0x7fa496287a90>,<function <lambda> at 0x7fa496287b30>
193,2020-01-09 00:00:00,<function <lambda> at 0x7fa4962879f0>,<function <lambda> at 0x7fa496287a90>,<function <lambda> at 0x7fa496287b30>
194,2020-01-09 01:00:00,<function <lambda> at 0x7fa4962879f0>,<function <lambda> at 0x7fa496287a90>,<function <lambda> at 0x7fa496287b30>
195,2020-01-09 02:00:00,<function <lambda> at 0x7fa4962879f0>,<function <lambda> at 0x7fa496287a90>,<function <lambda> at 0x7fa496287b30>
196,2020-01-09 03:00:00,<function <lambda> at 0x7fa4962879f0>,<function <lambda> at 0x7fa496287a90>,<function <lambda> at 0x7fa496287b30>
197,2020-01-09 04:00:00,<function <lambda> at 0x7fa4962879f0>,<function <lambda> at 0x7fa496287a90>,<function <lambda> at 0x7fa496287b30>
198,2020-01-09 05:00:00,<function <lambda> at 0x7fa4962879f0>,<function <lambda> at 0x7fa496287a90>,<function <lambda> at 0x7fa496287b30>
199,2020-01-09 06:00:00,<function <lambda> at 0x7fa4962879f0>,<function <lambda> at 0x7fa496287a90>,<function <lambda> at 0x7fa496287b30>
200,2020-01-09 07:00:00,<function <lambda> at 0x7fa4962879f0>,<function <lambda> at 0x7fa496287a90>,<function <lambda> at 0x7fa496287b30>
201,2020-01-09 08:00:00,<function <lambda> at 0x7fa4962879f0>,<function <lambda> at 0x7fa496287a90>,<function <lambda> at 0x7fa496287b30>
202,2020-01-09 09:00:00,<function <lambda> at 0x7fa4962879f0>,<function <lambda> at 0x7fa496287a90>,<function <lambda> at 0x7fa496287b30>
203,2020-01-09 10:00:00,<function <lambda> at 0x7fa4962879f0>,<function <lambda> at 0x7fa496287a90>,<function <lambda> at 0x7fa496287b30>
204,2020-01-09 11:00:00,<function <lambda> at 0x7fa4962879f0>,<function <lambda> at 0x7fa496287a90>,<function <lambda> at 0x7fa496287b30>
205,2020-01-09 12:00:00,<function <lambda> at 0x7fa4962879f0>,<function <lambda> at 0x7fa496287a90>,<function <lambda> at 0x7fa496287b30>
206,2020-01-09 13:00:00,<function <lambda> at 0x7fa4962879f0>,<function <lambda> at 0x7fa496287a90>,<function <lambda> at 0x7fa496287b30>
207,2020-01-09 14:00:00,<function <lambda> at 0x7fa4962879f0>,<function <lambda> at 0x7fa496287a90>,<function <lambda> at 0x7fa496287b30>
208,2020-01-09 15:00:00,<function <lambda> at 0x7fa4962879f0>,<function <lambda> at 0x7fa496287a90>,<function <lambda> at 0x7fa496287b30>
209,2020-01-09 16:00:00,<function <lambda> at 0x7fa4962879f0>,<function <lambda> at 0x7fa496287a90>,<function <lambda> at 0x7fa496287b30>
210,2020-01-09 17:00:00,<function <lambda> at 0x7fa4962879f0>,<function <lambda> at 0x7fa496287a90>,<function <lambda> at 0x7fa496287b30>
211,2020-01-09 18:00:00,<function <lambda> at 0x7fa4962879f0>,<function <lambda> at 0x7fa496287a90>,<function <lambda> at 0x7fa496287b30>
212,2020-01-09 19:00:00,<function <lambda> at 0x7fa4962879f0>,<function <lambda> at 0x7fa496287a90>,<function <lambda> at 0x7fa496287b30>
213,2020-01-09 20:00:00,<function <lambda> at 0x7fa4962879f0>,<function <lambda> at 0x7fa496287a90>,<function <lambda> at 0x7fa496287b30>
214,2020-01-09 21:00:00,<function <lambda> at 0x7fa4962879f0>,<function <lambda> at 0x7fa496287a90>,<function <lambda> at 0x7fa496287b30>
215,2020-01-09 22:00:00,<function <lambda> at 0x7fa4962879f0>,<function <lambda> at 0x7fa496287a90>,<function <lambda> at 0x7fa496287b30>
216,2020-01-09 23:00:00,<function <lambda> at 0x7fa4962879f0>,<function <lambda> at 0x7fa496287a90>,<function <lambda> at 0x7fa496287b30>
217,2020-01-10 00:00:00,<function <lambda> at 0x7fa4962879f0>,<function <lambda> at 0x7fa496287a90>,<function <lambda> at 0x7fa496287b30>
218,2020-01-10 01:00:00,<function <lambda> at 0x7fa4962879f0>,<function <lambda> at 0x7fa496287a90>,<function <lambda> at 0x7fa496287b30>
219,2020-01-10 02:00:00,<function <lambda> at 0x7fa4962879f0>,<function <lambda> at 0x7fa496287a90>,<function <lambda> at 0x7fa496287b30>
220,2020-01-10 03:00:00,<function <lambda> at 0x7fa4962879f0>,<function <lambda> at 0x7fa496287a90>,<function <lambda> at 0x7fa496287b30>
221,2020-01-10 04:00:00,<function <lambda> at 0x7fa4962879f0>,<function <lambda> at 0x7fa496287a90>,<function <lambda> at 0x7fa496287b30>
222,2020-01-10 05:00:00,<function <lambda> at 0x7fa4962879f0>,<function <lambda> at 0x7fa496287a90>,<function <lambda> at 0x7fa496287b30>
223,2020-01-10 06:00:00,<function <lambda> at 0x7fa4962879f0>,<function <lambda> at 0x7fa496287a90>,<function <lambda> at 0x7fa496287b30>
224,2020-01-10 07:00:00,<function <lambda> at 0x7fa4962879f0>,<function <lambda> at 0x7fa496287a90>,<function <lambda> at 0x7fa496287b30>
225,2020-01-10 08:00:00,<function <lambda> at 0x7fa4962879f0>,<function <lambda> at 0x7fa496287a90>,<function <lambda> at 0x7fa496287b30>
226,2020-01-10 09:00:00,<function <lambda> at 0x7fa4962879f0>,<function <lambda> at 0x7fa496287a90>,<function <lambda> at 0x7fa496287b30>
227,2020-01-10 10:00:00,<function <lambda> at 0x7fa4962879f0>,<function <lambda> at 0x7fa496287a90>,<function <lambda> at 0x7fa496287b30>
228,2020-01-10 11:00:00,<function <lambda> at 0x7fa4962879f0>,<function <lambda> at 0x7fa496287a90>,<function <lambda> at 0x7fa496287b30>
229,2020-01-10 12:00:00,<function <lambda> at 0x7fa4962879f0>,<function <lambda> at 0x7fa496287a90>,<function <lambda> at 0x7fa496287b30>
230,2020-01-10 13:00:00,<function <lambda> at 0x7fa4962879f0>,<function <lambda> at 0x7fa496287a90>,<function <lambda> at 0x7fa496287b30>
231,2020-01-10 14:00:00,<function <lambda> at 0x7fa4962879f0>,<function <lambda> at 0x7fa496287a90>,<function <lambda> at 0x7fa496287b30>
232,2020-01-10 15:00:00,<function <lambda> at 0x7fa4962879f0>,<function <lambda> at 0x7fa496287a90>,<function <lambda> at 0x7fa496287b30>
233,2020-01-10 16:00:00,<function <lambda> at 0x7fa4962879f0>,<function <lambda> at 0x7fa496287a90>,<function <lambda> at 0x7fa496287b30>
234,2020-01-10 17:00:00,<function <lambda> at 0x7fa4962879f0>,<function <lambda> at 0x7fa496287a90>,<function <lambda> at 0x7fa496287b30>
235,2020-01-10 18:00:00,<function <lambda> at 0x7fa4962879f0>,<function <lambda> at 0x7fa496287a90>,<function <lambda> at 0x7fa496287b30>
236,2020-01-10 19:00:00,<function <lambda> at 0x7fa4962879f0>,<function <lambda> at 0x7fa496287a90>,<function <lambda> at 0x7fa496287b30>
237,2020-01-10 20:00:00,<function <lambda> at 0x7fa4962879f0>,<function <lambda> at 0x7fa496287a90>,<function <lambda> at 0x7fa496287b30>
238,2020-01-10 21:00:00,<function <lambda> at 0x7fa4962879f0>,<function <lambda> at 0x7fa496287a90>,<function <lambda> at 0x7fa496287b30>
239,2020-01-10 22:00:00,<function <lambda> at 0x7fa4962879f0>,<function <lambda> at 0x7fa496287a90>,<function <lambda> at 0x7fa496287b30>
240,2020-01-10 23:00:00,<function <lambda> at 0x7fa4962879f0>,<function <lambda> at 0x7fa496287a90>,<function <lambda> at 0x7fa496287b30>
241,2020-01-11 00:00:00,<function <lambda> at 0x7fa4962879f0>,<function <lambda> at 0x7fa496287a90>,<function <lambda> at 0x7fa496287b30>
242,2020-01-11 01:00:00,<function <lambda> at 0x7fa4962879f0>,<function <lambda> at 0x7fa496287a90>,<function <lambda> at 0x7fa496287b30>
243,2020-01-11 02:00:00,<function <lambda> at 0x7fa4962879f0>,<function <lambda> at 0x7fa496287a90>,<function <lambda> at 0x7fa496287b30>
244,2020-01-11 03:00:00,<function <lambda> at 0x7fa4962879f0>,<function <lambda> at 0x7fa496287a90>,<function <lambda> at 0x7fa496287b30>
245,2020-01-11 04:00:00,<function <lambda> at 0x7fa4962879f0>,<function <lambda> at 0x7fa496287a90>,<function <lambda> at 0x7fa496287b30>
246,2020-01-11 05:00:00,<function <lambda> at 0x7fa4962879f0>,<function <lambda> at 0x7fa496287a90>,<function <lambda> at 0x7fa496287b30>
247,2020-01-11 06:00:00,<function <lambda> at 0x7fa4962879f0>,<function <lambda> at 0x7fa496287a90>,<function <lambda> at 0x7fa496287b30>
248,2020-01-11 07:00:00,<function <lambda> at 0x7fa4962879f0>,<function <lambda> at 0x7fa496287a90>,<function <lambda> at 0x7fa496287b30>
249,2020-01-11 08:00:00,<function <lambda> at 0x7fa4962879f0>,<function <lambda> at 0x7fa496287a90>,<function <lambda> at 0x7fa496287b30>
250,2020-01-11 09:00:00,<function <lambda> at 0x7fa4962879f0>,<function <lambda> at 0x7fa496287a90>,<function <lambda> at 0x7fa496287b30>
251,2020-01-11 10:00:00,<function <lambda> at 0x7fa4962879f0>,<function <lambda> at 0x7fa496287a90>,<function <lambda> at 0x7fa496287b30>
252,2020-01-11 11:00:00,<function <lambda> at 0x7fa4962879f0>,<function <lambda> at 0x7fa496287a90>,<function <lambda> at 0x7fa496287b30>
253,2020-01-11 12:00:00,<function <lambda> at 0x7fa4962879f0>,<function <lambda> at 0x7fa496287a90>,<function <lambda> at 0x7fa496287b30>
254,2020-01-11 13:00:00,<function <lambda> at 0x7fa4962879f0>,<function <lambda> at 0x7fa496287a90>,<function <lambda> at 0x7fa496287b30>
255,2020-01-11 14:00:00,<function <lambda> at 0x7fa4962879f0>,<function <lambda> at 0x7fa496287a90>,<function <lambda> at 0x7fa496287b30>
256,2020-01-11 15:00:00,<function <lambda> at 0x7fa4962879f0>,<function <lambda> at 0x7fa496287a90>,<function <lambda> at 0x7fa496287b30>
257,2020-01-11 16:00:00,<function <lambda> at 0x7fa4962879f0>,<function <lambda> at 0x7fa496287a90>,<function <lambda> at 0x7fa496287b30>
258,2020-01-11 17:00:00,<function <lambda> at 0x7fa4962879f0>,<function <lambda> at 0x7fa496287a90>,<function <lambda> at 0x7fa496287b30>
259,2020-01-11 18:00:00,<function <lambda> at 0x7fa4962879f0>,<function <lambda> at 0x7fa496287a90>,<function <lambda> at 0x7fa496287b30>
260,2020-01-11 19:00:00,<function <lambda> at 0x7fa4962879f0>,<function <lambda> at 0x7fa496287a90>,<function <lambda> at 0x7fa496287b30>
261,2020-01-11 20:00:00,<function <lambda> at 0x7fa4962879f0>,<function <lambda> at 0x7fa496287a90>,<function <lambda> at 0x7fa496287b30>
262,2020-01-11 21:00:00,<function <lambda> at 0x7fa4962879f0>,<function <lambda> at 0x7fa496287a90>,<function <lambda> at 0x7fa496287b30>
263,2020-01-11 22:00:00,<function <lambda> at 0x7fa4962879f0>,<function <lambda> at 0x7fa496287a90>,<function <lambda> at 0x7fa496287b30>
264,2020-01-11 23:00:00,<function <lambda> at 0x7fa4962879f0>,<function <lambda> at 0x7fa496287a90>,<function <lambda> at 0x7fa496287b30>
265,2020-01-12 00:00:00,<function <lambda> at 0x7fa4962879f0>,<function <lambda> at 0x7fa496287a90>,<function <lambda> at 0x7fa496287b30>
266,2020-01-12 01:00:00,<function <lambda> at 0x7fa4962879f0>,<function <lambda> at 0x7fa496287a90>,<function <lambda> at 0x7fa496287b30>
267,2020-01-12 02:00:00,<function <lambda> at 0x7fa4962879f0>,<function <lambda> at 0x7fa496287a90>,<function <lambda> at 0x7fa496287b30>
268,2020-01-12 03:00:00,<function <lambda> at 0x7fa4962879f0>,<function <lambda> at 0x7fa496287a90>,<function <lambda> at 0x7fa496287b30>
269,2020-01-12 04:00:00,<function <lambda> at 0x7fa4962879f0>,<function <lambda> at 0x7fa496287a90>,<function <lambda> at 0x7fa496287b30>
270,2020-01-12 05:00:00,<function <lambda> at 0x7fa4962879f0>,<function <lambda> at 0x7fa496287a90>,<function <lambda> at 0x7fa496287b30>
271,2020-01-12 06:00:00,<function <lambda> at 0x7fa4962879f0>,<function <lambda> at 0x7fa496287a90>,<function <lambda> at 0x7fa496287b30>
272,2020-01-12 07:00:00,<function <lambda> at 0x7fa4962879f0>,<function <lambda> at 0x7fa496287a90>,<function <lambda> at 0x7fa496287b30>
273,2020-01-12 08:00:00,<function <lambda> at 0x7fa4962879f0>,<function <lambda> at 0x7fa496287a90>,<function <lambda> at 0x7fa496287b30>
274,2020-01-12 09:00:00,<function <lambda> at 0x7fa4962879f0>,<function <lambda> at 0x7fa496287a90>,<function <lambda> at 0x7fa496287b30>
275,2020-01-12 10:00:00,<function <lambda> at 0x7fa4962879f0>,<function <lambda> at 0x7fa496287a90>,<function <lambda> at 0x7fa496287b30>
276,2020-01-12 11:00:00,<function <lambda> at 0x7fa4962879f0>,<function <lambda> at 0x7fa496287a90>,<function <lambda> at 0x7fa496287b30>
277,2020-01-12 12:00:00,<function <lambda> at 0x7fa4962879f0>,<function <lambda> at 0x7fa496287a90>,<function <lambda> at 0x7fa496287b30>
278,2020-01-12 13:00:00,<function <lambda> at 0x7fa4962879f0>,<function <lambda> at 0x7fa496287a90>,<function <lambda> at 0x7fa496287b30>
279,2020-01-12 14:00:00,<function <lambda> at 0x7fa4962879f0>,<function <lambda> at 0x7fa496287a90>,<function <lambda> at 0x7fa496287b30>
280,2020-01-12 15:00:00,<function <lambda> at 0x7fa4962879f0>,<function <lambda> at 0x7fa496287a90>,<function <lambda> at 0x7fa496287b30>
281,2020-01-12 16:00:00,<function <lambda> at 0x7fa4962879f0>,<function <lambda> at 0x7fa496287a90>,<function <lambda> at 0x7fa496287b30>
282,2020-01-12 17:00:00,<function <lambda> at 0x7fa4962879f0>,<function <lambda> at 0x7fa496287a90>,<function <lambda> at 0x7fa496287b30>
283,2020-01-12 18:00:00,<function <lambda> at 0x7fa4962879f0>,<function <lambda> at 0x7fa496287a90>,<function <lambda> at 0x7fa496287b30>
284,2020-01-12 19:00:00,<function <lambda> at 0x7fa4962879f0>,<function <lambda> at 0x7fa496287a90>,<function <lambda> at 0x7fa496287b30>
285,2020-01-12 20:00:00,<function <lambda> at 0x7fa4962879f0>,<function <lambda> at 0x7fa496287a90>,<function <lambda> at 0x7fa496287b30>
286,2020-01-12 21:00:00,<function <lambda> at 0x7fa4962879f0>,<function <lambda> at 0x7fa496287a90>,<function <lambda> at 0x7fa496287b30>
287,2020-01-12 22:00:00,<function <lambda> at 0x7fa4962879f0>,<function <lambda> at 0x7fa496287a90>,<function <lambda> at 0x7fa496287b30>
288,2020-01-12 23:00:00,<function <lambda> at 0x7fa4962879f0>,<function <lambda> at 0x7fa496287a90>,<function <lambda> at 0x7fa496287b30>
289,2020-01-13 00:00:00,<function <lambda> at 0x7fa4962879f0>,<function <lambda> at 0x7fa496287a90>,<function <lambda> at 0x7fa496287b30>
290,2020-01-13 01:00:00,<function <lambda> at 0x7fa4962879f0>,<function <lambda> at 0x7fa496287a90>,<function <lambda> at 0x7fa496287b30>
291,2020-01-13 02:00:00,<function <lambda> at 0x7fa4962879f0>,<function <lambda> at 0x7fa496287a90>,<function <lambda> at 0x7fa496287b30>
292,2020-01-13 03:00:00,<function <lambda> at 0x7fa4962879f0>,<function <lambda> at 0x7fa496287a90>,<function <lambda> at 0x7fa496287b30>
293,2020-01-13 04:00:00,<function <lambda> at 0x7fa4962879f0>,<function <lambda> at 0x7fa496287a90>,<function <lambda> at 0x7fa496287b30>
294,2020-01-13 05:00:00,<function <lambda> at 0x7fa4962879f0>,<function <lambda> at 0x7fa496287a90>,<function <lambda> at 0x7fa496287b30>
295,2020-01-13 06:00:00,<function <lambda> at 0x7fa4962879f0>,<function <lambda> at 0x7fa496287a90>,<function <lambda> at 0x7fa496287b30>
296,2020-01-13 07:00:00,<function <lambda> at 0x7fa4962879f0>,<function <lambda> at 0x7fa496287a90>,<function <lambda> at 0x7fa496287b30>
297,2020-01-13 08:00:00,<function <lambda> at 0x7fa4962879f0>,<function <lambda> at 0x7fa496287a90>,<function <lambda> at 0x7fa496287b30>
298,2020-01-13 09:00:00,<function <lambda> at 0x7fa4962879f0>,<function <lambda> at 0x7fa496287a90>,<function <lambda> at 0x7fa496287b30>
299,2020-01-13 10:00:00,<function <lambda> at 0x7fa4962879f0>,<function <lambda> at 0x7fa496287a90>,<function <lambda> at 0x7fa496287b30>
300,2020-01-13 11:00:00,<function <lambda> at 0x7fa4962879f0>,<function <lambda> at 0x7fa496287a90>,<function <lambda> at 0x7fa496287b30>
301,2020-01-13 12:00:00,<function <lambda> at 0x7fa4962879f0>,<function <lambda> at 0x7fa496287a90>,<function <lambda> at 0x7fa496287b30>
302,2020-01-13 13:00:00,<function <lambda> at 0x7fa4962879f0>,<function <lambda> at 0x7fa496287a90>,<function <lambda> at 0x7fa496287b30>
303,2020-01-13 14:00:00,<function <lambda> at 0x7fa4962879f0>,<function <lambda> at 0x7fa496287a90>,<function <lambda> at 0x7fa496287b30>
304,2020-01-13 15:00:00,<function <lambda> at 0x7fa4962879f0>,<function <lambda> at 0x7fa496287a90>,<function <lambda> at 0x7fa496287b30>
305,2020-01-13 16:00:00,<function <lambda> at 0x7fa4962879f0>,<function <lambda> at 0x7fa496287a90>,<function <lambda> at 0x7fa496287b30>
306,2020-01-13 17:00:00,<function <lambda> at 0x7fa4962879f0>,<function <lambda> at 0x7fa496287a90>,<function <lambda> at 0x7fa496287b30>
307,2020-01-13 18:00:00,<function <lambda> at 0x7fa4962879f0>,<function <lambda> at 0x7fa496287a90>,<function <lambda> at 0x7fa496287b30>
308,2020-01-13 19:00:00,<function <lambda> at 0x7fa4962879f0>,<function <lambda> at 0x7fa496287a90>,<function <lambda> at 0x7fa496287b30>
309,2020-01-13 20:00:00,<function <lambda> at 0x7fa4962879f0>,<function <lambda> at 0x7fa496287a90>,<function <lambda> at 0x7fa496287b30>
310,2020-01-13 21:00:00,<function <lambda> at 0x7fa4962879f0>,<function <lambda> at 0x7fa496287a90>,<function <lambda> at 0x7fa496287b30>
311,2020-01-13 22:00:00,<function <lambda> at 0x7fa4962879f0>,<function <lambda> at 0x7fa496287a90>,<function <lambda> at 0x7fa496287b30>
312,2020-01-13 23:00:00,<function <lambda> at 0x7fa4962879f0>,<function <lambda> at 0x7fa496287a90>,<function <lambda> at 0x7fa496287b30>
313,2020-01-14 00:00:00,<function <lambda> at 0x7fa4962879f0>,<function <lambda> at 0x7fa496287a90>,<function <lambda> at 0x7fa496287b30>
314,2020-01-14 01:00:00,<function <lambda> at 0x7fa4962879f0>,<function <lambda> at 0x7fa496287a90>,<function <lambda> at 0x7fa496287b30>
315,2020-01-14 02:00:00,<function <lambda> at 0x7fa4962879f0>,<function <lambda> at 0x7fa496287a90>,<function <lambda> at 0x7fa496287b30>
316,2020-01-14 03:00:00,<function <lambda> at 0x7fa4962879f0>,<function <lambda> at 0x7fa496287a90>,<function <lambda> at 0x7fa496287b30>
317,2020-01-14 04:00:00,<function <lambda> at 0x7fa4962879f0>,<function <lambda> at 0x7fa496287a90>,<function <lambda> at 0x7fa496287b30>
318,2020-01-14 05:00:00,<function <lambda> at 0x7fa4962879f0>,<function <lambda> at 0x7fa496287a90>,<function <lambda> at 0x7fa496287b30>
319,2020-01-14 06:00:00,<function <lambda> at 0x7fa4962879f0>,<function <lambda> at 0x7fa496287a90>,<function <lambda> at 0x7fa496287b30>
320,2020-01-14 07:00:00,<function <lambda> at 0x7fa4962879f0>,<function <lambda> at 0x7fa496287a90>,<function <lambda> at 0x7fa496287b30>
321,2020-01-14 08:00:00,<function <lambda> at 0x7fa4962879f0>,<function <lambda> at 0x7fa496287a90>,<function <lambda> at 0x7fa496287b30>
322,2020-01-14 09:00:00,<function <lambda> at 0x7fa4962879f0>,<function <lambda> at 0x7fa496287a90>,<function <lambda> at 0x7fa496287b30>
323,2020-01-14 10:00:00,<function <lambda> at 0x7fa4962879f0>,<function <lambda> at 0x7fa496287a90>,<function <lambda> at 0x7fa496287b30>
324,2020-01-14 11:00:00,<function <lambda> at 0x7fa4962879f0>,<function <lambda> at 0x7fa496287a90>,<function <lambda> at 0x7fa496287b30>
325,2020-01-14 12:00:00,<function <lambda> at 0x7fa4962879f0>,<function <lambda> at 0x7fa496287a90>,<function <lambda> at 0x7fa496287b30>
326,2020-01-14 13:00:00,<function <lambda> at 0x7fa4962879f0>,<function <lambda> at 0x7fa496287a90>,<function <lambda> at 0x7fa496287b30>
327,2020-01-14 14:00:00,<function <lambda> at 0x7fa4962879f0>,<function <lambda> at 0x7fa496287a90>,<function <lambda> at 0x7fa496287b30>
328,2020-01-14 15:00:00,<function <lambda> at 0x7fa4962879f0>,<function <lambda> at 0x7fa496287a90>,<function <lambda> at 0x7fa496287b30>
329,2020-01-14 16:00:00,<function <lambda> at 0x7fa4962879f0>,<function <lambda> at 0x7fa496287a90>,<function <lambda> at 0x7fa496287b30>
330,2020-01-14 17:00:00,<function <lambda> at 0x7fa4962879f0>,<function <lambda> at 0x7fa496287a90>,<function <lambda> at 0x7fa496287b30>
331,2020-01-14 18:00:00,<function <lambda> at 0x7fa4962879f0>,<function <lambda> at 0x7fa496287a90>,<function <lambda> at 0x7fa496287b30>
332,2020-01-14 19:00:00,<function <lambda> at 0x7fa4962879f0>,<function <lambda> at 0x7fa496287a90>,<function <lambda> at 0x7fa496287b30>
333,2020-01-14 20:00:00,<function <lambda> at 0x7fa4962879f0>,<function <lambda> at 0x7fa496287a90>,<function <lambda> at 0x7fa496287b30>
334,2020-01-14 21:00:00,<function <lambda> at 0x7fa4962879f0>,<function <lambda> at 0x7fa496287a90>,<function <lambda> at 0x7fa496287b30>
335,2020-01-14 22:00:00,<function <lambda> at 0x7fa4962879f0>,<function <lambda> at 0x7fa496287a90>,<function <lambda> at 0x7fa496287b30>
336,2020-01-14 23:00:00,<function <lambda> at 0x7fa4962879f0>,<function <lambda> at 0x7fa496287a90>,<function <lambda> at 0x7fa496287b30>
337,2020-01-15 00:00:00,<function <lambda> at 0x7fa4962879f0>,<function <lambda> at 0x7fa496287a90>,<function <lambda> at 0x7fa496287b30>
338,2020-01-15 01:00:00,<function <lambda> at 0x7fa4962879f0>,<function <lambda> at 0x7fa496287a90>,<function <lambda> at 0x7fa496287b30>
339,2020-01-15 02:00:00,<function <lambda> at 0x7fa4962879f0>,<function <lambda> at 0x7fa496287a90>,<function <lambda> at 0x7fa496287b30>
340,2020-01-15 03:00:00,<function <lambda> at 0x7fa4962879f0>,<function <lambda> at 0x7fa496287a90>,<function <lambda> at 0x7fa496287b30>
341,2020-01-15 04:00:00,<function <lambda> at 0x7fa4962879f0>,<function <lambda> at 0x7fa496287a90>,<function <lambda> at 0x7fa496287b30>
342,2020-01-15 05:00:00,<function <lambda> at 0x7fa4962879f0>,<function <lambda> at 0x7fa496287a90>,<function <lambda> at 0x7fa496287b30>
343,2020-01-15 06:00:00,<function <lambda> at 0x7fa4962879f0>,<function <lambda> at 0x7fa496287a90>,<function <lambda> at 0x7fa496287b30>
344,2020-01-15 07:00:00,<function <lambda> at 0x7fa4962879f0>,<function <lambda> at 0x7fa496287a90>,<function <lambda> at 0x7fa496287b30>
345,2020-01-15 08:00:00,<function <lambda> at 0x7fa4962879f0>,<function <lambda> at 0x7fa496287a90>,<function <lambda> at 0x7fa496287b30>
346,2020-01-15 09:00:00,<function <lambda> at 0x7fa4962879f0>,<function <lambda> at 0x7fa496287a90>,<function <lambda> at 0x7fa496287b30>
347,2020-01-15 10:00:00,<function <lambda> at 0x7fa4962879f0>,<function <lambda> at 0x7fa496287a90>,<function <lambda> at 0x7fa496287b30>
348,2020-01-15 11:00:00,<function <lambda> at 0x7fa4962879f0>,<function <lambda> at 0x7fa496287a90>,<function <lambda> at 0x7fa496287b30>
349,2020-01-15 12:00:00,<function <lambda> at 0x7fa4962879f0>,<function <lambda> at 0x7fa496287a90>,<function <lambda> at 0x7fa496287b30>
350,2020-01-15 13:00:00,<function <lambda> at 0x7fa4962879f0>,<function <lambda> at 0x7fa496287a90>,<function <lambda> at 0x7fa496287b30>
351,2020-01-15 14:00:00,<function <lambda> at 0x7fa4962879f0>,<function <lambda> at 0x7fa496287a90>,<function <lambda> at 0x7fa496287b30>
352,2020-01-15 15:00:00,<function <lambda> at 0x7fa4962879f0>,<function <lambda> at 0x7fa496287a90>,<function <lambda> at 0x7fa496287b30>
353,2020-01-15 16:00:00,<function <lambda> at 0x7fa4962879f0>,<function <lambda> at 0x7fa496287a90>,<function <lambda> at 0x7fa496287b30>
354,2020-01-15 17:00:00,<function <lambda> at 0x7fa4962879f0>,<function <lambda> at 0x7fa496287a90>,<function <lambda> at 0x7fa496287b30>
355,2020-01-15 18:00:00,<function <lambda> at 0x7fa4962879f0>,<function <lambda> at 0x7fa496287a90>,<function <lambda> at 0x7fa496287b30>
356,2020-01-15 19:00:00,<function <lambda> at 0x7fa4962879f0>,<function <lambda> at 0x7fa496287a90>,<function <lambda> at 0x7fa496287b30>
357,2020-01-15 20:00:00,<function <lambda> at 0x7fa4962879f0>,<function <lambda> at 0x7fa496287a90>,<function <lambda> at 0x7fa496287b30>
358,2020-01-15 21:00:00,<function <lambda> at 0x7fa4962879f0>,<function <lambda> at 0x7fa496287a90>,<function <lambda> at 0x7fa496287b30>
359,2020-01-15 22:00:00,<function <lambda> at 0x7fa4962879f0>,<function <lambda> at 0x7fa496287a90>,<function <lambda> at 0x7fa496287b30>
360,2020-01-15 23:00:00,<function <lambda> at 0x7fa4962879f0>,<function <lambda> at 0x7fa496287a90>,<function <lambda> at 0x7fa496287b30>
361,2020-01-16 00:00:00,<function <lambda> at 0x7fa4962879f0>,<function <lambda> at 0x7fa496287a90>,<function <lambda> at 0x7fa496287b30>
362,2020-01-16 01:00:00,<function <lambda> at 0x7fa4962879f0>,<function <lambda> at 0x7fa496287a90>,<function <lambda> at 0x7fa496287b30>
363,2020-01-16 02:00:00,<function <lambda> at 0x7fa4962879f0>,<function <lambda> at 0x7fa496287a90>,<function <lambda> at 0x7fa496287b30>
364,2020-01-16 03:00:00,<function <lambda> at 0x7fa4962879f0>,<function <lambda> at 0x7fa496287a90>,<function <lambda> at 0x7fa496287b30>
365,2020-01-16 04:00:00,<function <lambda> at 0x7fa4962879f0>,<function <lambda> at 0x7fa496287a90>,<function <lambda> at 0x7fa496287b30>
366,2020-01-16 05:00:00,<function <lambda> at 0x7fa4962879f0>,<function <lambda> at 0x7fa496287a90>,<function <lambda> at 0x7fa496287b30>
367,2020-01-16 06:00:00,<function <lambda> at 0x7fa4962879f0>,<function <lambda> at 0x7fa496287a90>,<function <lambda> at 0x7fa496287b30>
368,2020-01-16 07:00:00,<function <lambda> at 0x7fa4962879f0>,<function <lambda> at 0x7fa496287a90>,<function <lambda> at 0x7fa496287b30>
369,2020-01-16 08:00:00,<function <lambda> at 0x7fa4962879f0>,<function <lambda> at 0x7fa496287a90>,<function <lambda> at 0x7fa496287b30>
370,2020-01-16 09:00:00,<function <lambda> at 0x7fa4962879f0>,<function <lambda> at 0x7fa496287a90>,<function <lambda> at 0x7fa496287b30>
371,2020-01-16 10:00:00,<function <lambda> at 0x7fa4962879f0>,<function <lambda> at 0x7fa496287a90>,<function <lambda> at 0x7fa496287b30>
372,2020-01-16 11:00:00,<function <lambda> at 0x7fa4962879f0>,<function <lambda> at 0x7fa496287a90>,<function <lambda> at 0x7fa496287b30>
373,2020-01-16 12:00:00,<function <lambda> at 0x7fa4962879f0>,<function <lambda> at 0x7fa496287a90>,<function <lambda> at 0x7fa496287b30>
374,2020-01-16 13:00:00,<function <lambda> at 0x7fa4962879f0>,<function <lambda> at 0x7fa496287a90>,<function <lambda> at 0x7fa496287b30>
375,2020-01-16 14:00:00,<function <lambda> at 0x7fa4962879f0>,<function <lambda> at 0x7fa496287a90>,<function <lambda> at 0x7fa496287b30>
376,2020-01-16 15:00:00,<function <lambda> at 0x7fa4962879f0>,<function <lambda> at 0x7fa496287a90>,<function <lambda> at 0x7fa496287b30>
377,2020-01-16 16:00:00,<function <lambda> at 0x7fa4962879f0>,<function <lambda> at 0x7fa496287a90>,<function <lambda> at 0x7fa496287b30>
378,2020-01-16 17:00:00,<function <lambda> at 0x7fa4962879f0>,<function <lambda> at 0x7fa496287a90>,<function <lambda> at 0x7fa496287b30>
379,2020-01-16 18:00:00,<function <lambda> at 0x7fa4962879f0>,<function <lambda> at 0x7fa496287a90>,<function <lambda> at 0x7fa496287b30>
380,2020-01-16 19:00:00,<function <lambda> at 0x7fa4962879f0>,<function <lambda> at 0x7fa496287a90>,<function <lambda> at 0x7fa496287b30>
381,2020-01-16 20:00:00,<function <lambda> at 0x7fa4962879f0>,<function <lambda> at 0x7fa496287a90>,<function <lambda> at 0x7fa496287b30>
382,2020-01-16 21:00:00,<function <lambda> at 0x7fa4962879f0>,<function <lambda> at 0x7fa496287a90>,<function <lambda> at 0x7fa496287b30>
383,2020-01-16 22:00:00,<function <lambda> at 0x7fa4962879f0>,<function <lambda> at 0x7fa496287a90>,<function <lambda> at 0x7fa496287b30>
384,2020-01-16 23:00:00,<function <lambda> at 0x7fa4962879f0>,<function <lambda> at 0x7fa496287a90>,<function <lambda> at 0x7fa496287b30>
385,2020-01-17 00:00:00,<function <lambda> at 0x7fa4962879f0>,<function <lambda> at 0x7fa496287a90>,<function <lambda> at 0x7fa496287b30>
386,2020-01-17 01:00:00,<function <lambda> at 0x7fa4962879f0>,<function <lambda> at 0x7fa496287a90>,<function <lambda> at 0x7fa496287b30>
387,2020-01-17 02:00:00,<function <lambda> at 0x7fa4962879f0>,<function <lambda> at 0x7fa496287a90>,<function <lambda> at 0x7fa496287b30>
388,2020-01-17 03:00:00,<function <lambda> at 0x7fa4962879f0>,<function <lambda> at 0x7fa496287a90>,<function <lambda> at 0x7fa496287b30>
389,2020-01-17 04:00:00,<function <lambda> at 0x7fa4962879f0>,<function <lambda> at 0x7fa496287a90>,<function <lambda> at 0x7fa496287b30>
390,2020-01-17 05:00:00,<function <lambda> at 0x7fa4962879f0>,<function <lambda> at 0x7fa496287a90>,<function <lambda> at 0x7fa496287b30>
391,2020-01-17 06:00:00,<function <lambda> at 0x7fa4962879f0>,<function <lambda> at 0x7fa496287a90>,<function <lambda> at 0x7fa496287b30>
392,2020-01-17 07:00:00,<function <lambda> at 0x7fa4962879f0>,<function <lambda> at 0x7fa496287a90>,<function <lambda> at 0x7fa496287b30>
393,2020-01-17 08:00:00,<function <lambda> at 0x7fa4962879f0>,<function <lambda> at 0x7fa496287a90>,<function <lambda> at 0x7fa496287b30>
394,2020-01-17 09:00:00,<function <lambda> at 0x7fa4962879f0>,<function <lambda> at 0x7fa496287a90>,<function <lambda> at 0x7fa496287b30>
395,2020-01-17 10:00:00,<function <lambda> at 0x7fa4962879f0>,<function <lambda> at 0x7fa496287a90>,<function <lambda> at 0x7fa496287b30>
396,2020-01-17 11:00:00,<function <lambda> at 0x7fa4962879f0>,<function <lambda> at 0x7fa496287a90>,<function <lambda> at 0x7fa496287b30>
397,2020-01-17 12:00:00,<function <lambda> at 0x7fa4962879f0>,<function <lambda> at 0x7fa496287a90>,<function <lambda> at 0x7fa496287b30>
398,2020-01-17 13:00:00,<function <lambda> at 0x7fa4962879f0>,<function <lambda> at 0x7fa496287a90>,<function <lambda> at 0x7fa496287b30>
399,2020-01-17 14:00:00,<function <lambda> at 0x7fa4962879f0>,<function <lambda> at 0x7fa496287a90>,<function <lambda> at 0x7fa496287b30>
400,2020-01-17 15:00:00,<function <lambda> at 0x7fa4962879f0>,<function <lambda> at 0x7fa496287a90>,<function <lambda> at 0x7fa496287b30>
401,2020-01-17 16:00:00,<function <lambda> at 0x7fa4962879f0>,<function <lambda> at 0x7fa496287a90>,<function <lambda> at 0x7fa496287b30>
402,2020-01-17 17:00:00,<function <lambda> at 0x7fa4962879f0>,<function <lambda> at 0x7fa496287a90>,<function <lambda> at 0x7fa496287b30>
403,2020-01-17 18:00:00,<function <lambda> at 0x7fa4962879f0>,<function <lambda> at 0x7fa496287a90>,<function <lambda> at 0x7fa496287b30>
404,2020-01-17 19:00:00,<function <lambda> at 0x7fa4962879f0>,<function <lambda> at 0x7fa496287a90>,<function <lambda> at 0x7fa496287b30>
405,2020-01-17 20:00:00,<function <lambda> at 0x7fa4962879f0>,<function <lambda> at 0x7fa496287a90>,<function <lambda> at 0x7fa496287b30>
406,2020-01-17 21:00:00,<function <lambda> at 0x7fa4962879f0>,<function <lambda> at 0x7fa496287a90>,<function <lambda> at 0x7fa496287b30>
407,2020-01-17 22:00:00,<function <lambda> at 0x7fa4962879f0>,<function <lambda> at 0x7fa496287a90>,<function <lambda> at 0x7fa496287b30>
408,2020-01-17 23:00:00,<function <lambda> at 0x7fa4962879f0>,<function <lambda> at 0x7fa496287a90>,<function <lambda> at 0x7fa496287b30>
409,2020-01-18 00:00:00,<function <lambda> at 0x7fa4962879f0>,<function <lambda> at 0x7fa496287a90>,<function <lambda> at 0x7fa496287b30>
410,2020-01-18 01:00:00,<function <lambda> at 0x7fa4962879f0>,<function <lambda> at 0x7fa496287a90>,<function <lambda> at 0x7fa496287b30>
411,2020-01-18 02:00:00,<function <lambda> at 0x7fa4962879f0>,<function <lambda> at 0x7fa496287a90>,<function <lambda> at 0x7fa496287b30>
412,2020-01-18 03:00:00,<function <lambda> at 0x7fa4962879f0>,<function <lambda> at 0x7fa496287a90>,<function <lambda> at 0x7fa496287b30>
413,2020-01-18 04:00:00,<function <lambda> at 0x7fa4962879f0>,<function <lambda> at 0x7fa496287a90>,<function <lambda> at 0x7fa496287b30>
414,2020-01-18 05:00:00,<function <lambda> at 0x7fa4962879f0>,<function <lambda> at 0x7fa496287a90>,<function <lambda> at 0x7fa496287b30>
415,2020-01-18 06:00:00,<function <lambda> at 0x7fa4962879f0>,<function <lambda> at 0x7fa496287a90>,<function <lambda> at 0x7fa496287b30>
416,2020-01-18 07:00:00,<function <lambda> at 0x7fa4962879f0>,<function <lambda> at 0x7fa496287a90>,<function <lambda> at 0x7fa496287b30>
417,2020-01-18 08:00:00,<function <lambda> at 0x7fa4962879f0>,<function <lambda> at 0x7fa496287a90>,<function <lambda> at 0x7fa496287b30>
418,2020-01-18 09:00:00,<function <lambda> at 0x7fa4962879f0>,<function <lambda> at 0x7fa496287a90>,<function <lambda> at 0x7fa496287b30>
419,2020-01-18 10:00:00,<function <lambda> at 0x7fa4962879f0>,<function <lambda> at 0x7fa496287a90>,<function <lambda> at 0x7fa496287b30>
420,2020-01-18 11:00:00,<function <lambda> at 0x7fa4962879f0>,<function <lambda> at 0x7fa496287a90>,<function <lambda> at 0x7fa496287b30>
421,2020-01-18 12:00:00,<function <lambda> at 0x7fa4962879f0>,<function <lambda> at 0x7fa496287a90>,<function <lambda> at 0x7fa496287b30>
422,2020-01-18 13:00:00,<function <lambda> at 0x7fa4962879f0>,<function <lambda> at 0x7fa496287a90>,<function <lambda> at 0x7fa496287b30>
423,2020-01-18 14:00:00,<function <lambda> at 0x7fa4962879f0>,<function <lambda> at 0x7fa496287a90>,<function <lambda> at 0x7fa496287b30>
424,2020-01-18 15:00:00,<function <lambda> at 0x7fa4962879f0>,<function <lambda> at 0x7fa496287a90>,<function <lambda> at 0x7fa496287b30>
425,2020-01-18 16:00:00,<function <lambda> at 0x7fa4962879f0>,<function <lambda> at 0x7fa496287a90>,<function <lambda> at 0x7fa496287b30>
426,2020-01-18 17:00:00,<function <lambda> at 0x7fa4962879f0>,<function <lambda> at 0x7fa496287a90>,<function <lambda> at 0x7fa496287b30>
427,2020-01-18 18:00:00,<function <lambda> at 0x7fa4962879f0>,<function <lambda> at 0x7fa496287a90>,<function <lambda> at 0x7fa496287b30>
428,2020-01-18 19:00:00,<function <lambda> at 0x7fa4962879f0>,<function <lambda> at 0x7fa496287a90>,<function <lambda> at 0x7fa496287b30>
429,2020-01-18 20:00:00,<function <lambda> at 0x7fa4962879f0>,<function <lambda> at 0x7fa496287a90>,<function <lambda> at 0x7fa496287b30>
430,2020-01-18 21:00:00,<function <lambda> at 0x7fa4962879f0>,<function <lambda> at 0x7fa496287a90>,<function <lambda> at 0x7fa496287b30>
431,2020-01-18 22:00:00,<function <lambda> at 0x7fa4962879f0>,<function <lambda> at 0x7fa496287a90>,<function <lambda> at 0x7fa496287b30>
432,2020-01-18 23:00:00,<function <lambda> at 0x7fa4962879f0>,<function <lambda> at 0x7fa496287a90>,<function <lambda> at 0x7fa496287b30>
433,2020-01-19 00:00:00,<function <lambda> at 0x7fa4962879f0>,<function <lambda> at 0x7fa496287a90>,<function <lambda> at 0x7fa496287b30>
434,2020-01-19 01:00:00,<function <lambda> at 0x7fa4962879f0>,<function <lambda> at 0x7fa496287a90>,<function <lambda> at 0x7fa496287b30>
435,2020-01-19 02:00:00,<function <lambda> at 0x7fa4962879f0>,<function <lambda> at 0x7fa496287a90>,<function <lambda> at 0x7fa496287b30>
436,2020-01-19 03:00:00,<function <lambda> at 0x7fa4962879f0>,<function <lambda> at 0x7fa496287a90>,<function <lambda> at 0x7fa496287b30>
437,2020-01-19 04:00:00,<function <lambda> at 0x7fa4962879f0>,<function <lambda> at 0x7fa496287a90>,<function <lambda> at 0x7fa496287b30>
438,2020-01-19 05:00:00,<function <lambda> at 0x7fa4962879f0>,<function <lambda> at 0x7fa496287a90>,<function <lambda> at 0x7fa496287b30>
439,2020-01-19 06:00:00,<function <lambda> at 0x7fa4962879f0>,<function <lambda> at 0x7fa496287a90>,<function <lambda> at 0x7fa496287b30>
440,2020-01-19 07:00:00,<function <lambda> at 0x7fa4962879f0>,<function <lambda> at 0x7fa496287a90>,<function <lambda> at 0x7fa496287b30>
441,2020-01-19 08:00:00,<function <lambda> at 0x7fa4962879f0>,<function <lambda> at 0x7fa496287a90>,<function <lambda> at 0x7fa496287b30>
442,2020-01-19 09:00:00,<function <lambda> at 0x7fa4962879f0>,<function <lambda> at 0x7fa496287a90>,<function <lambda> at 0x7fa496287b30>
443,2020-01-19 10:00:00,<function <lambda> at 0x7fa4962879f0>,<function <lambda> at 0x7fa496287a90>,<function <lambda> at 0x7fa496287b30>
444,2020-01-19 11:00:00,<function <lambda> at 0x7fa4962879f0>,<function <lambda> at 0x7fa496287a90>,<function <lambda> at 0x7fa496287b30>
445,2020-01-19 12:00:00,<function <lambda> at 0x7fa4962879f0>,<function <lambda> at 0x7fa496287a90>,<function <lambda> at 0x7fa496287b30>
446,2020-01-19 13:00:00,<function <lambda> at 0x7fa4962879f0>,<function <lambda> at 0x7fa496287a90>,<function <lambda> at 0x7fa496287b30>
447,2020-01-19 14:00:00,<function <lambda> at 0x7fa4962879f0>,<function <lambda> at 0x7fa496287a90>,<function <lambda> at 0x7fa496287b30>
448,2020-01-19 15:00:00,<function <lambda> at 0x7fa4962879f0>,<function <lambda> at 0x7fa496287a90>,<function <lambda> at 0x7fa496287b30>
449,2020-01-19 16:00:00,<function <lambda> at 0x7fa4962879f0>,<function <lambda> at 0x7fa496287a90>,<function <lambda> at 0x7fa496287b30>
450,2020-01-19 17:00:00,<function <lambda> at 0x7fa4962879f0>,<function <lambda> at 0x7fa496287a90>,<function <lambda> at 0x7fa496287b30>
451,2020-01-19 18:00:00,<function <lambda> at 0x7fa4962879f0>,<function <lambda> at 0x7fa496287a90>,<function <lambda> at 0x7fa496287b30>
452,2020-01-19 19:00:00,<function <lambda> at 0x7fa4962879f0>,<function <lambda> at 0x7fa496287a90>,<function <lambda> at 0x7fa496287b30>
453,2020-01-19 20:00:00,<function <lambda> at 0x7fa4962879f0>,<function <lambda> at 0x7fa496287a90>,<function <lambda> at 0x7fa496287b30>
454,2020-01-19 21:00:00,<function <lambda> at 0x7fa4962879f0>,<function <lambda> at 0x7fa496287a90>,<function <lambda> at 0x7fa496287b30>
455,2020-01-19 22:00:00,<function <lambda> at 0x7fa4962879f0>,<function <lambda> at 0x7fa496287a90>,<function <lambda> at 0x7fa496287b30>
456,2020-01-19 23:00:00,<function <lambda> at 0x7fa4962879f0>,<function <lambda> at 0x7fa496287a90>,<function <lambda> at 0x7fa496287b30>
457,2020-01-20 00:00:00,<function <lambda> at 0x7fa4962879f0>,<function <lambda> at 0x7fa496287a90>,<function <lambda> at 0x7fa496287b30>
458,2020-01-20 01:00:00,<function <lambda> at 0x7fa4962879f0>,<function <lambda> at 0x7fa496287a90>,<function <lambda> at 0x7fa496287b30>
459,2020-01-20 02:00:00,<function <lambda> at 0x7fa4962879f0>,<function <lambda> at 0x7fa496287a90>,<function <lambda> at 0x7fa496287b30>
460,2020-01-20 03:00:00,<function <lambda> at 0x7fa4962879f0>,<function <lambda> at 0x7fa496287a90>,<function <lambda> at 0x7fa496287b30>
461,2020-01-20 04:00:00,<function <lambda> at 0x7fa4962879f0>,<function <lambda> at 0x7fa496287a90>,<function <lambda> at 0x7fa496287b30>
462,2020-01-20 05:00:00,<function <lambda> at 0x7fa4962879f0>,<function <lambda> at 0x7fa496287a90>,<function <lambda> at 0x7fa496287b30>
463,2020-01-20 06:00:00,<function <lambda> at 0x7fa4962879f0>,<function <lambda> at 0x7fa496287a90>,<function <lambda> at 0x7fa496287b30>
464,2020-01-20 07:00:00,<function <lambda> at 0x7fa4962879f0>,<function <lambda> at 0x7fa496287a90>,<function <lambda> at 0x7fa496287b30>
465,2020-01-20 08:00:00,<function <lambda> at 0x7fa4962879f0>,<function <lambda> at 0x7fa496287a90>,<function <lambda> at 0x7fa496287b30>
466,2020-01-20 09:00:00,<function <lambda> at 0x7fa4962879f0>,<function <lambda> at 0x7fa496287a90>,<function <lambda> at 0x7fa496287b30>
467,2020-01-20 10:00:00,<function <lambda> at 0x7fa4962879f0>,<function <lambda> at 0x7fa496287a90>,<function <lambda> at 0x7fa496287b30>
468,2020-01-20 11:00:00,<function <lambda> at 0x7fa4962879f0>,<function <lambda> at 0x7fa496287a90>,<function <lambda> at 0x7fa496287b30>
469,2020-01-20 12:00:00,<function <lambda> at 0x7fa4962879f0>,<function <lambda> at 0x7fa496287a90>,<function <lambda> at 0x7fa496287b30>
470,2020-01-20 13:00:00,<function <lambda> at 0x7fa4962879f0>,<function <lambda> at 0x7fa496287a90>,<function <lambda> at 0x7fa496287b30>
471,2020-01-20 14:00:00,<function <lambda> at 0x7fa4962879f0>,<function <lambda> at 0x7fa496287a90>,<function <lambda> at 0x7fa496287b30>
472,2020-01-20 15:00:00,<function <lambda> at 0x7fa4962879f0>,<function <lambda> at 0x7fa496287a90>,<function <lambda> at 0x7fa496287b30>
473,2020-01-20 16:00:00,<function <lambda> at 0x7fa4962879f0>,<function <lambda> at 0x7fa496287a90>,<function <lambda> at 0x7fa496287b30>
474,2020-01-20 17:00:00,<function <lambda> at 0x7fa4962879f0>,<function <lambda> at 0x7fa496287a90>,<function <lambda> at 0x7fa496287b30>
475,2020-01-20 18:00:00,<function <lambda> at 0x7fa4962879f0>,<function <lambda> at 0x7fa496287a90>,<function <lambda> at 0x7fa496287b30>
476,2020-01-20 19:00:00,<function <lambda> at 0x7fa4962879f0>,<function <lambda> at 0x7fa496287a90>,<function <lambda> at 0x7fa496287b30>
477,2020-01-20 20:00:00,<function <lambda> at 0x7fa4962879f0>,<function <lambda> at 0x7fa496287a90>,<function <lambda> at 0x7fa496287b30>
478,2020-01-20 21:00:00,<function <lambda> at 0x7fa4962879f0>,<function <lambda> at 0x7fa496287a90>,<function <lambda> at 0x7fa496287b30>
479,2020-01-20 22:00:00,<function <lambda> at 0x7fa4962879f0>,<function <lambda> at 0x7fa496287a90>,<function <lambda> at 0x7fa496287b30>
480,2020-01-20 23:00:00,<function <lambda> at 0x7fa4962879f0>,<function <lambda> at 0x7fa496287a90>,<function <lambda> at 0x7fa496287b30>
481,2020-01-21 00:00:00,<function <lambda> at 0x7fa4962879f0>,<function <lambda> at 0x7fa496287a90>,<function <lambda> at 0x7fa496287b30>
482,2020-01-21 01:00:00,<function <lambda> at 0x7fa4962879f0>,<function <lambda> at 0x7fa496287a90>,<function <lambda> at 0x7fa496287b30>
483,2020-01-21 02:00:00,<function <lambda> at 0x7fa4962879f0>,<function <lambda> at 0x7fa496287a90>,<function <lambda> at 0x7fa496287b30>
484,2020-01-21 03:00:00,<function <lambda> at 0x7fa4962879f0>,<function <lambda> at 0x7fa496287a90>,<function <lambda> at 0x7fa496287b30>
485,2020-01-21 04:00:00,<function <lambda> at 0x7fa4962879f0>,<function <lambda> at 0x7fa496287a90>,<function <lambda> at 0x7fa496287b30>
486,2020-01-21 05:00:00,<function <lambda> at 0x7fa4962879f0>,<function <lambda> at 0x7fa496287a90>,<function <lambda> at 0x7fa496287b30>
487,2020-01-21 06:00:00,<function <lambda> at 0x7fa4962879f0>,<function <lambda> at 0x7fa496287a90>,<function <lambda> at 0x7fa496287b30>
488,2020-01-21 07:00:00,<function <lambda> at 0x7fa4962879f0>,<function <lambda> at 0x7fa496287a90>,<function <lambda> at 0x7fa496287b30>
489,2020-01-21 08:00:00,<function <lambda> at 0x7fa4962879f0>,<function <lambda> at 0x7fa496287a90>,<function <lambda> at 0x7fa496287b30>
490,2020-01-21 09:00:00,<function <lambda> at 0x7fa4962879f0>,<function <lambda> at 0x7fa496287a90>,<function <lambda> at 0x7fa496287b30>
491,2020-01-21 10:00:00,<function <lambda> at 0x7fa4962879f0>,<function <lambda> at 0x7fa496287a90>,<function <lambda> at 0x7fa496287b30>
492,2020-01-21 11:00:00,<function <lambda> at 0x7fa4962879f0>,<function <lambda> at 0x7fa496287a90>,<function <lambda> at 0x7fa496287b30>
493,2020-01-21 12:00:00,<function <lambda> at 0x7fa4962879f0>,<function <lambda> at 0x7fa496287a90>,<function <lambda> at 0x7fa496287b30>
494,2020-01-21 13:00:00,<function <lambda> at 0x7fa4962879f0>,<function <lambda> at 0x7fa496287a90>,<function <lambda> at 0x7fa496287b30>
495,2020-01-21 14:00:00,<function <lambda> at 0x7fa4962879f0>,<function <lambda> at 0x7fa496287a90>,<function <lambda> at 0x7fa496287b30>
496,2020-01-21 15:00:00,<function <lambda> at 0x7fa4962879f0>,<function <lambda> at 0x7fa496287a90>,<function <lambda> at 0x7fa496287b30>
497,2020-01-21 16:00:00,<function <lambda> at 0x7fa4962879f0>,<function <lambda> at 0x7fa496287a90>,<function <lambda> at 0x7fa496287b30>
498,2020-01-21 17:00:00,<function <lambda> at 0x7fa4962879f0>,<function <lambda> at 0x7fa496287a90>,<function <lambda> at 0x7fa496287b30>
499,2020-01-21 18:00:00,<function <lambda> at 0x7fa4962879f0>,<function <lambda> at 0x7fa496287a90>,<function <lambda> at 0x7fa496287b30>
500,2020-01-21 19:00:00,<function <lambda> at 0x7fa4962879f0>,<function <lambda> at 0x7fa496287a90>,<function <lambda> at 0x7fa496287b30>
501,2020-01-21 20:00:00,<function <lambda> at 0x7fa4962879f0>,<function <lambda> at 0x7fa496287a90>,<function <lambda> at 0x7fa496287b30>
502,2020-01-21 21:00:00,<function <lambda> at 0x7fa4962879f0>,<function <lambda> at 0x7fa496287a90>,<function <lambda> at 0x7fa496287b30>
503,2020-01-21 22:00:00,<function <lambda> at 0x7fa4962879f0>,<function <lambda> at 0x7fa496287a90>,<function <lambda> at 0x7fa496287b30>
504,2020-01-21 23:00:00,<function <lambda> at 0x7fa4962879f0>,<function <lambda> at 0x7fa496287a90>,<function <lambda> at 0x7fa496287b30>
505,2020-01-22 00:00:00,<function <lambda> at 0x7fa4962879f0>,<function <lambda> at 0x7fa496287a90>,<function <lambda> at 0x7fa496287b30>
506,2020-01-22 01:00:00,<function <lambda> at 0x7fa4962879f0>,<function <lambda> at 0x7fa496287a90>,<function <lambda> at 0x7fa496287b30>
507,2020-01-22 02:00:00,<function <lambda> at 0x7fa4962879f0>,<function <lambda> at 0x7fa496287a90>,<function <lambda> at 0x7fa496287b30>
508,2020-01-22 03:00:00,<function <lambda> at 0x7fa4962879f0>,<function <lambda> at 0x7fa496287a90>,<function <lambda> at 0x7fa496287b30>
509,2020-01-22 04:00:00,<function <lambda> at 0x7fa4962879f0>,<function <lambda> at 0x7fa496287a90>,<function <lambda> at 0x7fa496287b30>
510,2020-01-22 05:00:00,<function <lambda> at 0x7fa4962879f0>,<function <lambda> at 0x7fa496287a90>,<function <lambda> at 0x7fa496287b30>
511,2020-01-22 06:00:00,<function <lambda> at 0x7fa4962879f0>,<function <lambda> at 0x7fa496287a90>,<function <lambda> at 0x7fa496287b30>
512,2020-01-22 07:00:00,<function <lambda> at 0x7fa4962879f0>,<function <lambda> at 0x7fa496287a90>,<function <lambda> at 0x7fa496287b30>
513,2020-01-22 08:00:00,<function <lambda> at 0x7fa4962879f0>,<function <lambda> at 0x7fa496287a90>,<function <lambda> at 0x7fa496287b30>
514,2020-01-22 09:00:00,<function <lambda> at 0x7fa4962879f0>,<function <lambda> at 0x7fa496287a90>,<function <lambda> at 0x7fa496287b30>
515,2020-01-22 10:00:00,<function <lambda> at 0x7fa4962879f0>,<function <lambda> at 0x7fa496287a90>,<function <lambda> at 0x7fa496287b30>
516,2020-01-22 11:00:00,<function <lambda> at 0x7fa4962879f0>,<function <lambda> at 0x7fa496287a90>,<function <lambda> at 0x7fa496287b30>
517,2020-01-22 12:00:00,<function <lambda> at 0x7fa4962879f0>,<function <lambda> at 0x7fa496287a90>,<function <lambda> at 0x7fa496287b30>
518,2020-01-22 13:00:00,<function <lambda> at 0x7fa4962879f0>,<function <lambda> at 0x7fa496287a90>,<function <lambda> at 0x7fa496287b30>
519,2020-01-22 14:00:00,<function <lambda> at 0x7fa4962879f0>,<function <lambda> at 0x7fa496287a90>,<function <lambda> at 0x7fa496287b30>
520,2020-01-22 15:00:00,<function <lambda> at 0x7fa4962879f0>,<function <lambda> at 0x7fa496287a90>,<function <lambda> at 0x7fa496287b30>
521,2020-01-22 16:00:00,<function <lambda> at 0x7fa4962879f0>,<function <lambda> at 0x7fa496287a90>,<function <lambda> at 0x7fa496287b30>
522,2020-01-22 17:00:00,<function <lambda> at 0x7fa4962879f0>,<function <lambda> at 0x7fa496287a90>,<function <lambda> at 0x7fa496287b30>
523,2020-01-22 18:00:00,<function <lambda> at 0x7fa4962879f0>,<function <lambda> at 0x7fa496287a90>,<function <lambda> at 0x7fa496287b30>
524,2020-01-22 19:00:00,<function <lambda> at 0x7fa4962879f0>,<function <lambda> at 0x7fa496287a90>,<function <lambda> at 0x7fa496287b30>
525,2020-01-22 20:00:00,<function <lambda> at 0x7fa4962879f0>,<function <lambda> at 0x7fa496287a90>,<function <lambda> at 0x7fa496287b30>
526,2020-01-22 21:00:00,<function <lambda> at 0x7fa4962879f0>,<function <lambda> at 0x7fa496287a90>,<function <lambda> at 0x7fa496287b30>
527,2020-01-22 22:00:00,<function <lambda> at 0x7fa4962879f0>,<function <lambda> at 0x7fa496287a90>,<function <lambda> at 0x7fa496287b30>
528,2020-01-22 23:00:00,<function <lambda> at 0x7fa4962879f0>,<function <lambda> at 0x7fa496287a90>,<function <lambda> at 0x7fa496287b30>
529,2020-01-23 00:00:00,<function <lambda> at 0x7fa4962879f0>,<function <lambda> at 0x7fa496287a90>,<function <lambda> at 0x7fa496287b30>
530,2020-01-23 01:00:00,<function <lambda> at 0x7fa4962879f0>,<function <lambda> at 0x7fa496287a90>,<function <lambda> at 0x7fa496287b30>
531,2020-01-23 02:00:00,<function <lambda> at 0x7fa4962879f0>,<function <lambda> at 0x7fa496287a90>,<function <lambda> at 0x7fa496287b30>
532,2020-01-23 03:00:00,<function <lambda> at 0x7fa4962879f0>,<function <lambda> at 0x7fa496287a90>,<function <lambda> at 0x7fa496287b30>
533,2020-01-23 04:00:00,<function <lambda> at 0x7fa4962879f0>,<function <lambda> at 0x7fa496287a90>,<function <lambda> at 0x7fa496287b30>
534,2020-01-23 05:00:00,<function <lambda> at 0x7fa4962879f0>,<function <lambda> at 0x7fa496287a90>,<function <lambda> at 0x7fa496287b30>
535,2020-01-23 06:00:00,<function <lambda> at 0x7fa4962879f0>,<function <lambda> at 0x7fa496287a90>,<function <lambda> at 0x7fa496287b30>
536,2020-01-23 07:00:00,<function <lambda> at 0x7fa4962879f0>,<function <lambda> at 0x7fa496287a90>,<function <lambda> at 0x7fa496287b30>
537,2020-01-23 08:00:00,<function <lambda> at 0x7fa4962879f0>,<function <lambda> at 0x7fa496287a90>,<function <lambda> at 0x7fa496287b30>
538,2020-01-23 09:00:00,<function <lambda> at 0x7fa4962879f0>,<function <lambda> at 0x7fa496287a90>,<function <lambda> at 0x7fa496287b30>
539,2020-01-23 10:00:00,<function <lambda> at 0x7fa4962879f0>,<function <lambda> at 0x7fa496287a90>,<function <lambda> at 0x7fa496287b30>
540,2020-01-23 11:00:00,<function <lambda> at 0x7fa4962879f0>,<function <lambda> at 0x7fa496287a90>,<function <lambda> at 0x7fa496287b30>
541,2020-01-23 12:00:00,<function <lambda> at 0x7fa4962879f0>,<function <lambda> at 0x7fa496287a90>,<function <lambda> at 0x7fa496287b30>
542,2020-01-23 13:00:00,<function <lambda> at 0x7fa4962879f0>,<function <lambda> at 0x7fa496287a90>,<function <lambda> at 0x7fa496287b30>
543,2020-01-23 14:00:00,<function <lambda> at 0x7fa4962879f0>,<function <lambda> at 0x7fa496287a90>,<function <lambda> at 0x7fa496287b30>
544,2020-01-23 15:00:00,<function <lambda> at 0x7fa4962879f0>,<function <lambda> at 0x7fa496287a90>,<function <lambda> at 0x7fa496287b30>
545,2020-01-23 16:00:00,<function <lambda> at 0x7fa4962879f0>,<function <lambda> at 0x7fa496287a90>,<function <lambda> at 0x7fa496287b30>
546,2020-01-23 17:00:00,<function <lambda> at 0x7fa4962879f0>,<function <lambda> at 0x7fa496287a90>,<function <lambda> at 0x7fa496287b30>
547,2020-01-23 18:00:00,<function <lambda> at 0x7fa4962879f0>,<function <lambda> at 0x7fa496287a90>,<function <lambda> at 0x7fa496287b30>
548,2020-01-23 19:00:00,<function <lambda> at 0x7fa4962879f0>,<function <lambda> at 0x7fa496287a90>,<function <lambda> at 0x7fa496287b30>
549,2020-01-23 20:00:00,<function <lambda> at 0x7fa4962879f0>,<function <lambda> at 0x7fa496287a90>,<function <lambda> at 0x7fa496287b30>
550,2020-01-23 21:00:00,<function <lambda> at 0x7fa4962879f0>,<function <lambda> at 0x7fa496287a90>,<function <lambda> at 0x7fa496287b30>
551,2020-01-23 22:00:00,<function <lambda> at 0x7fa4962879f0>,<function <lambda> at 0x7fa496287a90>,<function <lambda> at 0x7fa496287b30>
552,2020-01-23 23:00:00,<function <lambda> at 0x7fa4962879f0>,<function <lambda> at 0x7fa496287a90>,<function <lambda> at 0x7fa496287b30>
553,2020-01-24 00:00:00,<function <lambda> at 0x7fa4962879f0>,<function <lambda> at 0x7fa496287a90>,<function <lambda> at 0x7fa496287b30>
554,2020-01-24 01:00:00,<function <lambda> at 0x7fa4962879f0>,<function <lambda> at 0x7fa496287a90>,<function <lambda> at 0x7fa496287b30>
555,2020-01-24 02:00:00,<function <lambda> at 0x7fa4962879f0>,<function <lambda> at 0x7fa496287a90>,<function <lambda> at 0x7fa496287b30>
556,2020-01-24 03:00:00,<function <lambda> at 0x7fa4962879f0>,<function <lambda> at 0x7fa496287a90>,<function <lambda> at 0x7fa496287b30>
557,2020-01-24 04:00:00,<function <lambda> at 0x7fa4962879f0>,<function <lambda> at 0x7fa496287a90>,<function <lambda> at 0x7fa496287b30>
558,2020-01-24 05:00:00,<function <lambda> at 0x7fa4962879f0>,<function <lambda> at 0x7fa496287a90>,<function <lambda> at 0x7fa496287b30>
559,2020-01-24 06:00:00,<function <lambda> at 0x7fa4962879f0>,<function <lambda> at 0x7fa496287a90>,<function <lambda> at 0x7fa496287b30>
560,2020-01-24 07:00:00,<function <lambda> at 0x7fa4962879f0>,<function <lambda> at 0x7fa496287a90>,<function <lambda> at 0x7fa496287b30>
561,2020-01-24 08:00:00,<function <lambda> at 0x7fa4962879f0>,<function <lambda> at 0x7fa496287a90>,<function <lambda> at 0x7fa496287b30>
562,2020-01-24 09:00:00,<function <lambda> at 0x7fa4962879f0>,<function <lambda> at 0x7fa496287a90>,<function <lambda> at 0x7fa496287b30>
563,2020-01-24 10:00:00,<function <lambda> at 0x7fa4962879f0>,<function <lambda> at 0x7fa496287a90>,<function <lambda> at 0x7fa496287b30>
564,2020-01-24 11:00:00,<function <lambda> at 0x7fa4962879f0>,<function <lambda> at 0x7fa496287a90>,<function <lambda> at 0x7fa496287b30>
565,2020-01-24 12:00:00,<function <lambda> at 0x7fa4962879f0>,<function <lambda> at 0x7fa496287a90>,<function <lambda> at 0x7fa496287b30>
566,2020-01-24 13:00:00,<function <lambda> at 0x7fa4962879f0>,<function <lambda> at 0x7fa496287a90>,<function <lambda> at 0x7fa496287b30>
567,2020-01-24 14:00:00,<function <lambda> at 0x7fa4962879f0>,<function <lambda> at 0x7fa496287a90>,<function <lambda> at 0x7fa496287b30>
568,2020-01-24 15:00:00,<function <lambda> at 0x7fa4962879f0>,<function <lambda> at 0x7fa496287a90>,<function <lambda> at 0x7fa496287b30>
569,2020-01-24 16:00:00,<function <lambda> at 0x7fa4962879f0>,<function <lambda> at 0x7fa496287a90>,<function <lambda> at 0x7fa496287b30>
570,2020-01-24 17:00:00,<function <lambda> at 0x7fa4962879f0>,<function <lambda> at 0x7fa496287a90>,<function <lambda> at 0x7fa496287b30>
571,2020-01-24 18:00:00,<function <lambda> at 0x7fa4962879f0>,<function <lambda> at 0x7fa496287a90>,<function <lambda> at 0x7fa496287b30>
572,2020-01-24 19:00:00,<function <lambda> at 0x7fa4962879f0>,<function <lambda> at 0x7fa496287a90>,<function <lambda> at 0x7fa496287b30>
573,2020-01-24 20:00:00,<function <lambda> at 0x7fa4962879f0>,<function <lambda> at 0x7fa496287a90>,<function <lambda> at 0x7fa496287b30>
574,2020-01-24 21:00:00,<function <lambda> at 0x7fa4962879f0>,<function <lambda> at 0x7fa496287a90>,<function <lambda> at 0x7fa496287b30>
575,2020-01-24 22:00:00,<function <lambda> at 0x7fa4962879f0>,<function <lambda> at 0x7fa496287a90>,<function <lambda> at 0x7fa496287b30>
576,2020-01-24 23:00:00,<function <lambda> at 0x7fa4962879f0>,<function <lambda> at 0x7fa496287a90>,<function <lambda> at 0x7fa496287b30>
577,2020-01-25 00:00:00,<function <lambda> at 0x7fa4962879f0>,<function <lambda> at 0x7fa496287a90>,<function <lambda> at 0x7fa496287b30>
578,2020-01-25 01:00:00,<function <lambda> at 0x7fa4962879f0>,<function <lambda> at 0x7fa496287a90>,<function <lambda> at 0x7fa496287b30>
579,2020-01-25 02:00:00,<function <lambda> at 0x7fa4962879f0>,<function <lambda> at 0x7fa496287a90>,<function <lambda> at 0x7fa496287b30>
580,2020-01-25 03:00:00,<function <lambda> at 0x7fa4962879f0>,<function <lambda> at 0x7fa496287a90>,<function <lambda> at 0x7fa496287b30>
581,2020-01-25 04:00:00,<function <lambda> at 0x7fa4962879f0>,<function <lambda> at 0x7fa496287a90>,<function <lambda> at 0x7fa496287b30>
582,2020-01-25 05:00:00,<function <lambda> at 0x7fa4962879f0>,<function <lambda> at 0x7fa496287a90>,<function <lambda> at 0x7fa496287b30>
583,2020-01-25 06:00:00,<function <lambda> at 0x7fa4962879f0>,<function <lambda> at 0x7fa496287a90>,<function <lambda> at 0x7fa496287b30>
584,2020-01-25 07:00:00,<function <lambda> at 0x7fa4962879f0>,<function <lambda> at 0x7fa496287a90>,<function <lambda> at 0x7fa496287b30>
585,2020-01-25 08:00:00,<function <lambda> at 0x7fa4962879f0>,<function <lambda> at 0x7fa496287a90>,<function <lambda> at 0x7fa496287b30>
586,2020-01-25 09:00:00,<function <lambda> at 0x7fa4962879f0>,<function <lambda> at 0x7fa496287a90>,<function <lambda> at 0x7fa496287b30>
587,2020-01-25 10:00:00,<function <lambda> at 0x7fa4962879f0>,<function <lambda> at 0x7fa496287a90>,<function <lambda> at 0x7fa496287b30>
588,2020-01-25 11:00:00,<function <lambda> at 0x7fa4962879f0>,<function <lambda> at 0x7fa496287a90>,<function <lambda> at 0x7fa496287b30>
589,2020-01-25 12:00:00,<function <lambda> at 0x7fa4962879f0>,<function <lambda> at 0x7fa496287a90>,<function <lambda> at 0x7fa496287b30>
590,2020-01-25 13:00:00,<function <lambda> at 0x7fa4962879f0>,<function <lambda> at 0x7fa496287a90>,<function <lambda> at 0x7fa496287b30>
591,2020-01-25 14:00:00,<function <lambda> at 0x7fa4962879f0>,<function <lambda> at 0x7fa496287a90>,<function <lambda> at 0x7fa496287b30>
592,2020-01-25 15:00:00,<function <lambda> at 0x7fa4962879f0>,<function <lambda> at 0x7fa496287a90>,<function <lambda> at 0x7fa496287b30>
593,2020-01-25 16:00:00,<function <lambda> at 0x7fa4962879f0>,<function <lambda> at 0x7fa496287a90>,<function <lambda> at 0x7fa496287b30>
594,2020-01-25 17:00:00,<function <lambda> at 0x7fa4962879f0>,<function <lambda> at 0x7fa496287a90>,<function <lambda> at 0x7fa496287b30>
595,2020-01-25 18:00:00,<function <lambda> at 0x7fa4962879f0>,<function <lambda> at 0x7fa496287a90>,<function <lambda> at 0x7fa496287b30>
596,2020-01-25 19:00:00,<function <lambda> at 0x7fa4962879f0>,<function <lambda> at 0x7fa496287a90>,<function <lambda> at 0x7fa496287b30>
597,2020-01-25 20:00:00,<function <lambda> at 0x7fa4962879f0>,<function <lambda> at 0x7fa496287a90>,<function <lambda> at 0x7fa496287b30>
598,2020-01-25 21:00:00,<function <lambda> at 0x7fa4962879f0>,<function <lambda> at 0x7fa496287a90>,<function <lambda> at 0x7fa496287b30>
599,2020-01-25 22:00:00,<function <lambda> at 0x7fa4962879f0>,<function <lambda> at 0x7fa496287a90>,<function <lambda> at 0x7fa496287b30>
600,2020-01-25 23:00:00,<function <lambda> at 0x7fa4962879f0>,<function <lambda> at 0x7fa496287a90>,<function <lambda> at 0x7fa496287b30>
601,2020-01-26 00:00:00,<function <lambda> at 0x7fa4962879f0>,<function <lambda> at 0x7fa496287a90>,<function <lambda> at 0x7fa496287b30>
602,2020-01-26 01:00:00,<function <lambda> at 0x7fa4962879f0>,<function <lambda> at 0x7fa496287a90>,<function <lambda> at 0x7fa496287b30>
603,2020-01-26 02:00:00,<function <lambda> at 0x7fa4962879f0>,<function <lambda> at 0x7fa496287a90>,<function <lambda> at 0x7fa496287b30>
604,2020-01-26 03:00:00,<function <lambda> at 0x7fa4962879f0>,<function <lambda> at 0x7fa496287a90>,<function <lambda> at 0x7fa496287b30>
605,2020-01-26 04:00:00,<function <lambda> at 0x7fa4962879f0>,<function <lambda> at 0x7fa496287a90>,<function <lambda> at 0x7fa496287b30>
606,2020-01-26 05:00:00,<function <lambda> at 0x7fa4962879f0>,<function <lambda> at 0x7fa496287a90>,<function <lambda> at 0x7fa496287b30>
607,2020-01-26 06:00:00,<function <lambda> at 0x7fa4962879f0>,<function <lambda> at 0x7fa496287a90>,<function <lambda> at 0x7fa496287b30>
608,2020-01-26 07:00:00,<function <lambda> at 0x7fa4962879f0>,<function <lambda> at 0x7fa496287a90>,<function <lambda> at 0x7fa496287b30>
609,2020-01-26 08:00:00,<function <lambda> at 0x7fa4962879f0>,<function <lambda> at 0x7fa496287a90>,<function <lambda> at 0x7fa496287b30>
610,2020-01-26 09:00:00,<function <lambda> at 0x7fa4962879f0>,<function <lambda> at 0x7fa496287a90>,<function <lambda> at 0x7fa496287b30>
611,2020-01-26 10:00:00,<function <lambda> at 0x7fa4962879f0>,<function <lambda> at 0x7fa496287a90>,<function <lambda> at 0x7fa496287b30>
612,2020-01-26 11:00:00,<function <lambda> at 0x7fa4962879f0>,<function <lambda> at 0x7fa496287a90>,<function <lambda> at 0x7fa496287b30>
613,2020-01-26 12:00:00,<function <lambda> at 0x7fa4962879f0>,<function <lambda> at 0x7fa496287a90>,<function <lambda> at 0x7fa496287b30>
614,2020-01-26 13:00:00,<function <lambda> at 0x7fa4962879f0>,<function <lambda> at 0x7fa496287a90>,<function <lambda> at 0x7fa496287b30>
615,2020-01-26 14:00:00,<function <lambda> at 0x7fa4962879f0>,<function <lambda> at 0x7fa496287a90>,<function <lambda> at 0x7fa496287b30>
616,2020-01-26 15:00:00,<function <lambda> at 0x7fa4962879f0>,<function <lambda> at 0x7fa496287a90>,<function <lambda> at 0x7fa496287b30>
617,2020-01-26 16:00:00,<function <lambda> at 0x7fa4962879f0>,<function <lambda> at 0x7fa496287a90>,<function <lambda> at 0x7fa496287b30>
618,2020-01-26 17:00:00,<function <lambda> at 0x7fa4962879f0>,<function <lambda> at 0x7fa496287a90>,<function <lambda> at 0x7fa496287b30>
619,2020-01-26 18:00:00,<function <lambda> at 0x7fa4962879f0>,<function <lambda> at 0x7fa496287a90>,<function <lambda> at 0x7fa496287b30>
620,2020-01-26 19:00:00,<function <lambda> at 0x7fa4962879f0>,<function <lambda> at 0x7fa496287a90>,<function <lambda> at 0x7fa496287b30>
621,2020-01-26 20:00:00,<function <lambda> at 0x7fa4962879f0>,<function <lambda> at 0x7fa496287a90>,<function <lambda> at 0x7fa496287b30>
622,2020-01-26 21:00:00,<function <lambda> at 0x7fa4962879f0>,<function <lambda> at 0x7fa496287a90>,<function <lambda> at 0x7fa496287b30>
623,2020-01-26 22:00:00,<function <lambda> at 0x7fa4962879f0>,<function <lambda> at 0x7fa496287a90>,<function <lambda> at 0x7fa496287b30>
624,2020-01-26 23:00:00,<function <lambda> at 0x7fa4962879f0>,<function <lambda> at 0x7fa496287a90>,<function <lambda> at 0x7fa496287b30>
625,2020-01-27 00:00:00,<function <lambda> at 0x7fa4962879f0>,<function <lambda> at 0x7fa496287a90>,<function <lambda> at 0x7fa496287b30>
626,2020-01-27 01:00:00,<function <lambda> at 0x7fa4962879f0>,<function <lambda> at 0x7fa496287a90>,<function <lambda> at 0x7fa496287b30>
627,2020-01-27 02:00:00,<function <lambda> at 0x7fa4962879f0>,<function <lambda> at 0x7fa496287a90>,<function <lambda> at 0x7fa496287b30>
628,2020-01-27 03:00:00,<function <lambda> at 0x7fa4962879f0>,<function <lambda> at 0x7fa496287a90>,<function <lambda> at 0x7fa496287b30>
629,2020-01-27 04:00:00,<function <lambda> at 0x7fa4962879f0>,<function <lambda> at 0x7fa496287a90>,<function <lambda> at 0x7fa496287b30>
630,2020-01-27 05:00:00,<function <lambda> at 0x7fa4962879f0>,<function <lambda> at 0x7fa496287a90>,<function <lambda> at 0x7fa496287b30>
631,2020-01-27 06:00:00,<function <lambda> at 0x7fa4962879f0>,<function <lambda> at 0x7fa496287a90>,<function <lambda> at 0x7fa496287b30>
632,2020-01-27 07:00:00,<function <lambda> at 0x7fa4962879f0>,<function <lambda> at 0x7fa496287a90>,<function <lambda> at 0x7fa496287b30>
633,2020-01-27 08:00:00,<function <lambda> at 0x7fa4962879f0>,<function <lambda> at 0x7fa496287a90>,<function <lambda> at 0x7fa496287b30>
634,2020-01-27 09:00:00,<function <lambda> at 0x7fa4962879f0>,<function <lambda> at 0x7fa496287a90>,<function <lambda> at 0x7fa496287b30>
635,2020-01-27 10:00:00,<function <lambda> at 0x7fa4962879f0>,<function <lambda> at 0x7fa496287a90>,<function <lambda> at 0x7fa496287b30>
636,2020-01-27 11:00:00,<function <lambda> at 0x7fa4962879f0>,<function <lambda> at 0x7fa496287a90>,<function <lambda> at 0x7fa496287b30>
637,2020-01-27 12:00:00,<function <lambda> at 0x7fa4962879f0>,<function <lambda> at 0x7fa496287a90>,<function <lambda> at 0x7fa496287b30>
638,2020-01-27 13:00:00,<function <lambda> at 0x7fa4962879f0>,<function <lambda> at 0x7fa496287a90>,<function <lambda> at 0x7fa496287b30>
639,2020-01-27 14:00:00,<function <lambda> at 0x7fa4962879f0>,<function <lambda> at 0x7fa496287a90>,<function <lambda> at 0x7fa496287b30>
640,2020-01-27 15:00:00,<function <lambda> at 0x7fa4962879f0>,<function <lambda> at 0x7fa496287a90>,<function <lambda> at 0x7fa496287b30>
641,2020-01-27 16:00:00,<function <lambda> at 0x7fa4962879f0>,<function <lambda> at 0x7fa496287a90>,<function <lambda> at 0x7fa496287b30>
642,2020-01-27 17:00:00,<function <lambda> at 0x7fa4962879f0>,<function <lambda> at 0x7fa496287a90>,<function <lambda> at 0x7fa496287b30>
643,2020-01-27 18:00:00,<function <lambda> at 0x7fa4962879f0>,<function <lambda> at 0x7fa496287a90>,<function <lambda> at 0x7fa496287b30>
644,2020-01-27 19:00:00,<function <lambda> at 0x7fa4962879f0>,<function <lambda> at 0x7fa496287a90>,<function <lambda> at 0x7fa496287b30>
645,2020-01-27 20:00:00,<function <lambda> at 0x7fa4962879f0>,<function <lambda> at 0x7fa496287a90>,<function <lambda> at 0x7fa496287b30>
646,2020-01-27 21:00:00,<function <lambda> at 0x7fa4962879f0>,<function <lambda> at 0x7fa496287a90>,<function <lambda> at 0x7fa496287b30>
647,2020-01-27 22:00:00,<function <lambda> at 0x7fa4962879f0>,<function <lambda> at 0x7fa496287a90>,<function <lambda> at 0x7fa496287b30>
648,2020-01-27 23:00:00,<function <lambda> at 0x7fa4962879f0>,<function <lambda> at 0x7fa496287a90>,<function <lambda> at 0x7fa496287b30>
649,2020-01-28 00:00:00,<function <lambda> at 0x7fa4962879f0>,<function <lambda> at 0x7fa496287a90>,<function <lambda> at 0x7fa496287b30>
650,2020-01-28 01:00:00,<function <lambda> at 0x7fa4962879f0>,<function <lambda> at 0x7fa496287a90>,<function <lambda> at 0x7fa496287b30>
651,2020-01-28 02:00:00,<function <lambda> at 0x7fa4962879f0>,<function <lambda> at 0x7fa496287a90>,<function <lambda> at 0x7fa496287b30>
652,2020-01-28 03:00:00,<function <lambda> at 0x7fa4962879f0>,<function <lambda> at 0x7fa496287a90>,<function <lambda> at 0x7fa496287b30>
653,2020-01-28 04:00:00,<function <lambda> at 0x7fa4962879f0>,<function <lambda> at 0x7fa496287a90>,<function <lambda> at 0x7fa496287b30>
654,2020-01-28 05:00:00,<function <lambda> at 0x7fa4962879f0>,<function <lambda> at 0x7fa496287a90>,<function <lambda> at 0x7fa496287b30>
655,2020-01-28 06:00:00,<function <lambda> at 0x7fa4962879f0>,<function <lambda> at 0x7fa496287a90>,<function <lambda> at 0x7fa496287b30>
656,2020-01-28 07:00:00,<function <lambda> at 0x7fa4962879f0>,<function <lambda> at 0x7fa496287a90>,<function <lambda> at 0x7fa496287b30>
657,2020-01-28 08:00:00,<function <lambda> at 0x7fa4962879f0>,<function <lambda> at 0x7fa496287a90>,<function <lambda> at 0x7fa496287b30>
658,2020-01-28 09:00:00,<function <lambda> at 0x7fa4962879f0>,<function <lambda> at 0x7fa496287a90>,<function <lambda> at 0x7fa496287b30>
659,2020-01-28 10:00:00,<function <lambda> at 0x7fa4962879f0>,<function <lambda> at 0x7fa496287a90>,<function <lambda> at 0x7fa496287b30>
660,2020-01-28 11:00:00,<function <lambda> at 0x7fa4962879f0>,<function <lambda> at 0x7fa496287a90>,<function <lambda> at 0x7fa496287b30>
661,2020-01-28 12:00:00,<function <lambda> at 0x7fa4962879f0>,<function <lambda> at 0x7fa496287a90>,<function <lambda> at 0x7fa496287b30>
662,2020-01-28 13:00:00,<function <lambda> at 0x7fa4962879f0>,<function <lambda> at 0x7fa496287a90>,<function <lambda> at 0x7fa496287b30>
663,2020-01-28 14:00:00,<function <lambda> at 0x7fa4962879f0>,<function <lambda> at 0x7fa496287a90>,<function <lambda> at 0x7fa496287b30>
664,2020-01-28 15:00:00,<function <lambda> at 0x7fa4962879f0>,<function <lambda> at 0x7fa496287a90>,<function <lambda> at 0x7fa496287b30>
665,2020-01-28 16:00:00,<function <lambda> at 0x7fa4962879f0>,<function <lambda> at 0x7fa496287a90>,<function <lambda> at 0x7fa496287b30>
666,2020-01-28 17:00:00,<function <lambda> at 0x7fa4962879f0>,<function <lambda> at 0x7fa496287a90>,<function <lambda> at 0x7fa496287b30>
667,2020-01-28 18:00:00,<function <lambda> at 0x7fa4962879f0>,<function <lambda> at 0x7fa496287a90>,<function <lambda> at 0x7fa496287b30>
668,2020-01-28 19:00:00,<function <lambda> at 0x7fa4962879f0>,<function <lambda> at 0x7fa496287a90>,<function <lambda> at 0x7fa496287b30>
669,2020-01-28 20:00:00,<function <lambda> at 0x7fa4962879f0>,<function <lambda> at 0x7fa496287a90>,<function <lambda> at 0x7fa496287b30>
670,2020-01-28 21:00:00,<function <lambda> at 0x7fa4962879f0>,<function <lambda> at 0x7fa496287a90>,<function <lambda> at 0x7fa496287b30>
671,2020-01-28 22:00:00,<function <lambda> at 0x7fa4962879f0>,<function <lambda> at 0x7fa496287a90>,<function <lambda> at 0x7fa496287b30>
672,2020-01-28 23:00:00,<function <lambda> at 0x7fa4962879f0>,<function <lambda> at 0x7fa496287a90>,<function <lambda> at 0x7fa496287b30>
673,2020-01-29 00:00:00,<function <lambda> at 0x7fa4962879f0>,<function <lambda> at 0x7fa496287a90>,<function <lambda> at 0x7fa496287b30>
674,2020-01-29 01:00:00,<function <lambda> at 0x7fa4962879f0>,<function <lambda> at 0x7fa496287a90>,<function <lambda> at 0x7fa496287b30>
675,2020-01-29 02:00:00,<function <lambda> at 0x7fa4962879f0>,<function <lambda> at 0x7fa496287a90>,<function <lambda> at 0x7fa496287b30>
676,2020-01-29 03:00:00,<function <lambda> at 0x7fa4962879f0>,<function <lambda> at 0x7fa496287a90>,<function <lambda> at 0x7fa496287b30>
677,2020-01-29 04:00:00,<function <lambda> at 0x7fa4962879f0>,<function <lambda> at 0x7fa496287a90>,<function <lambda> at 0x7fa496287b30>
678,2020-01-29 05:00:00,<function <lambda> at 0x7fa4962879f0>,<function <lambda> at 0x7fa496287a90>,<function <lambda> at 0x7fa496287b30>
679,2020-01-29 06:00:00,<function <lambda> at 0x7fa4962879f0>,<function <lambda> at 0x7fa496287a90>,<function <lambda> at 0x7fa496287b30>
680,2020-01-29 07:00:00,<function <lambda> at 0x7fa4962879f0>,<function <lambda> at 0x7fa496287a90>,<function <lambda> at 0x7fa496287b30>
681,2020-01-29 08:00:00,<function <lambda> at 0x7fa4962879f0>,<function <lambda> at 0x7fa496287a90>,<function <lambda> at 0x7fa496287b30>
682,2020-01-29 09:00:00,<function <lambda> at 0x7fa4962879f0>,<function <lambda> at 0x7fa496287a90>,<function <lambda> at 0x7fa496287b30>
683,2020-01-29 10:00:00,<function <lambda> at 0x7fa4962879f0>,<function <lambda> at 0x7fa496287a90>,<function <lambda> at 0x7fa496287b30>
684,2020-01-29 11:00:00,<function <lambda> at 0x7fa4962879f0>,<function <lambda> at 0x7fa496287a90>,<function <lambda> at 0x7fa496287b30>
685,2020-01-29 12:00:00,<function <lambda> at 0x7fa4962879f0>,<function <lambda> at 0x7fa496287a90>,<function <lambda> at 0x7fa496287b30>
686,2020-01-29 13:00:00,<function <lambda> at 0x7fa4962879f0>,<function <lambda> at 0x7fa496287a90>,<function <lambda> at 0x7fa496287b30>
687,2020-01-29 14:00:00,<function <lambda> at 0x7fa4962879f0>,<function <lambda> at 0x7fa496287a90>,<function <lambda> at 0x7fa496287b30>
688,2020-01-29 15:00:00,<function <lambda> at 0x7fa4962879f0>,<function <lambda> at 0x7fa496287a90>,<function <lambda> at 0x7fa496287b30>
689,2020-01-29 16:00:00,<function <lambda> at 0x7fa4962879f0>,<function <lambda> at 0x7fa496287a90>,<function <lambda> at 0x7fa496287b30>
690,2020-01-29 17:00:00,<function <lambda> at 0x7fa4962879f0>,<function <lambda> at 0x7fa496287a90>,<function <lambda> at 0x7fa496287b30>
691,2020-01-29 18:00:00,<function <lambda> at 0x7fa4962879f0>,<function <lambda> at 0x7fa496287a90>,<function <lambda> at 0x7fa496287b30>
692,2020-01-29 19:00:00,<function <lambda> at 0x7fa4962879f0>,<function <lambda> at 0x7fa496287a90>,<function <lambda> at 0x7fa496287b30>
693,2020-01-29 20:00:00,<function <lambda> at 0x7fa4962879f0>,<function <lambda> at 0x7fa496287a90>,<function <lambda> at 0x7fa496287b30>
694,2020-01-29 21:00:00,<function <lambda> at 0x7fa4962879f0>,<function <lambda> at 0x7fa496287a90>,<function <lambda> at 0x7fa496287b30>
695,2020-01-29 22:00:00,<function <lambda> at 0x7fa4962879f0>,<function <lambda> at 0x7fa496287a90>,<function <lambda> at 0x7fa496287b30>
696,2020-01-29 23:00:00,<function <lambda> at 0x7fa4962879f0>,<function <lambda> at 0x7fa496287a90>,<function <lambda> at 0x7fa496287b30>
697,2020-01-30 00:00:00,<function <lambda> at 0x7fa4962879f0>,<function <lambda> at 0x7fa496287a90>,<function <lambda> at 0x7fa496287b30>
698,2020-01-30 01:00:00,<function <lambda> at 0x7fa4962879f0>,<function <lambda> at 0x7fa496287a90>,<function <lambda> at 0x7fa496287b30>
699,2020-01-30 02:00:00,<function <lambda> at 0x7fa4962879f0>,<function <lambda> at 0x7fa496287a90>,<function <lambda> at 0x7fa496287b30>
700,2020-01-30 03:00:00,<function <lambda> at 0x7fa4962879f0>,<function <lambda> at 0x7fa496287a90>,<function <lambda> at 0x7fa496287b30>
701,2020-01-30 04:00:00,<function <lambda> at 0x7fa4962879f0>,<function <lambda> at 0x7fa496287a90>,<function <lambda> at 0x7fa496287b30>
702,2020-01-30 05:00:00,<function <lambda> at 0x7fa4962879f0>,<function <lambda> at 0x7fa496287a90>,<function <lambda> at 0x7fa496287b30>
703,2020-01-30 06:00:00,<function <lambda> at 0x7fa4962879f0>,<function <lambda> at 0x7fa496287a90>,<function <lambda> at 0x7fa496287b30>
704,2020-01-30 07:00:00,<function <lambda> at 0x7fa4962879f0>,<function <lambda> at 0x7fa496287a90>,<function <lambda> at 0x7fa496287b30>
705,2020-01-30 08:00:00,<function <lambda> at 0x7fa4962879f0>,<function <lambda> at 0x7fa496287a90>,<function <lambda> at 0x7fa496287b30>
706,2020-01-30 09:00:00,<function <lambda> at 0x7fa4962879f0>,<function <lambda> at 0x7fa496287a90>,<function <lambda> at 0x7fa496287b30>
707,2020-01-30 10:00:00,<function <lambda> at 0x7fa4962879f0>,<function <lambda> at 0x7fa496287a90>,<function <lambda> at 0x7fa496287b30>
708,2020-01-30 11:00:00,<function <lambda> at 0x7fa4962879f0>,<function <lambda> at 0x7fa496287a90>,<function <lambda> at 0x7fa496287b30>
709,2020-01-30 12:00:00,<function <lambda> at 0x7fa4962879f0>,<function <lambda> at 0x7fa496287a90>,<function <lambda> at 0x7fa496287b30>
710,2020-01-30 13:00:00,<function <lambda> at 0x7fa4962879f0>,<function <lambda> at 0x7fa496287a90>,<function <lambda> at 0x7fa496287b30>
711,2020-01-30 14:00:00,<function <lambda> at 0x7fa4962879f0>,<function <lambda> at 0x7fa496287a90>,<function <lambda> at 0x7fa496287b30>
712,2020-01-30 15:00:00,<function <lambda> at 0x7fa4962879f0>,<function <lambda> at 0x7fa496287a90>,<function <lambda> at 0x7fa496287b30>
713,2020-01-30 16:00:00,<function <lambda> at 0x7fa4962879f0>,<function <lambda> at 0x7fa496287a90>,<function <lambda> at 0x7fa496287b30>
714,2020-01-30 17:00:00,<function <lambda> at 0x7fa4962879f0>,<function <lambda> at 0x7fa496287a90>,<function <lambda> at 0x7fa496287b30>
715,2020-01-30 18:00:00,<function <lambda> at 0x7fa4962879f0>,<function <lambda> at 0x7fa496287a90>,<function <lambda> at 0x7fa496287b30>
716,2020-01-30 19:00:00,<function <lambda> at 0x7fa4962879f0>,<function <lambda> at 0x7fa496287a90>,<function <lambda> at 0x7fa496287b30>
717,2020-01-30 20:00:00,<function <lambda> at 0x7fa4962879f0>,<function <lambda> at 0x7fa496287a90>,<function <lambda> at 0x7fa496287b30>
718,2020-01-30 21:00:00,<function <lambda> at 0x7fa4962879f0>,<function <lambda> at 0x7fa496287a90>,<function <lambda> at 0x7fa496287b30>
719,2020-01-30 22:00:00,<function <lambda> at 0x7fa4962879f0>,<function <lambda> at 0x7fa496287a90>,<function <lambda> at 0x7fa496287b30>
720,2020-01-30 23:00:00,<function <lambda> at 0x7fa4962879f0>,<function <lambda> at 0x7fa496287a90>,<function <lambda> at 0x7fa496287b30>
721,2020-01-31 00:00:00,<function <lambda> at 0x7fa4962879f0>,<function <lambda> at 0x7fa496287a90>,<function <lambda> at 0x7fa496287b30>
722,2020-01-31 01:00:00,<function <lambda> at 0x7fa4962879f0>,<function <lambda> at 0x7fa496287a90>,<function <lambda> at 0x7fa496287b30>
723,2020-01-31 02:00:00,<function <lambda> at 0x7fa4962879f0>,<function <lambda> at 0x7fa496287a90>,<function <lambda> at 0x7fa496287b30>
724,2020-01-31 03:00:00,<function <lambda> at 0x7fa4962879f0>,<function <lambda> at 0x7fa496287a90>,<function <lambda> at 0x7fa496287b30>
725,2020-01-31 04:00:00,<function <lambda> at 0x7fa4962879f0>,<function <lambda> at 0x7fa496287a90>,<function <lambda> at 0x7fa496287b30>
726,2020-01-31 05:00:00,<function <lambda> at 0x7fa4962879f0>,<function <lambda> at 0x7fa496287a90>,<function <lambda> at 0x7fa496287b30>
727,2020-01-31 06:00:00,<function <lambda> at 0x7fa4962879f0>,<function <lambda> at 0x7fa496287a90>,<function <lambda> at 0x7fa496287b30>
728,2020-01-31 07:00:00,<function <lambda> at 0x7fa4962879f0>,<function <lambda> at 0x7fa496287a90>,<function <lambda> at 0x7fa496287b30>
729,2020-01-31 08:00:00,<function <lambda> at 0x7fa4962879f0>,<function <lambda> at 0x7fa496287a90>,<function <lambda> at 0x7fa496287b30>
730,2020-01-31 09:00:00,<function <lambda> at 0x7fa4962879f0>,<function <lambda> at 0x7fa496287a90>,<function <lambda> at 0x7fa496287b30>
731,2020-01-31 10:00:00,<function <lambda> at 0x7fa4962879f0>,<function <lambda> at 0x7fa496287a90>,<function <lambda> at 0x7fa496287b30>
732,2020-01-31 11:00:00,<function <lambda> at 0x7fa4962879f0>,<function <lambda> at 0x7fa496287a90>,<function <lambda> at 0x7fa496287b30>
733,2020-01-31 12:00:00,<function <lambda> at 0x7fa4962879f0>,<function <lambda> at 0x7fa496287a90>,<function <lambda> at 0x7fa496287b30>
734,2020-01-31 13:00:00,<function <lambda> at 0x7fa4962879f0>,<function <lambda> at 0x7fa496287a90>,<function <lambda> at 0x7fa496287b30>
735,2020-01-31 14:00:00,<function <lambda> at 0x7fa4962879f0>,<function <lambda> at 0x7fa496287a90>,<function <lambda> at 0x7fa496287b30>
736,2020-01-31 15:00:00,<function <lambda> at 0x7fa4962879f0>,<function <lambda> at 0x7fa496287a90>,<function <lambda> at 0x7fa496287b30>
737,2020-01-31 16:00:00,<function <lambda> at 0x7fa4962879f0>,<function <lambda> at 0x7fa496287a90>,<function <lambda> at 0x7fa496287b30>
738,2020-01-31 17:00:00,<function <lambda> at 0x7fa4962879f0>,<function <lambda> at 0x7fa496287a90>,<function <lambda> at 0x7fa496287b30>
739,2020-01-31 18:00:00,<function <lambda> at 0x7fa4962879f0>,<function <lambda> at 0x7fa496287a90>,<function <lambda> at 0x7fa496287b30>
740,2020-01-31 19:00:00,<function <lambda> at 0x7fa4962879f0>,<function <lambda> at 0x7fa496287a90>,<function <lambda> at 0x7fa496287b30>
741,2020-01-31 20:00:00,<function <lambda> at 0x7fa4962879f0>,<function <lambda> at 0x7fa496287a90>,<function <lambda> at 0x7fa496287b30>
742,2020-01-31 21:00:00,<function <lambda> at 0x7fa4962879f0>,<function <lambda> at 0x7fa496287a90>,<function <lambda> at 0x7fa496287b30>
743,2020-01-31 22:00:00,<function <lambda> at 0x7fa4962879f0>,<function <lambda> at 0x7fa496287a90>,<function <lambda> at 0x7fa496287b30>
744,2020-01-31 23:00:00,<function <lambda> at 0x7fa4962879f0>,<function <lambda> at 0x7fa496287a90>,<function <lambda> at 0x7fa496287b30>
745,2020-02-01 00:00:00,<function <lambda> at 0x7fa4962879f0>,<function <lambda> at 0x7fa496287a90>,<function <lambda> at 0x7fa496287b30>
746,2020-02-01 01:00:00,<function <lambda> at 0x7fa4962879f0>,<function <lambda> at 0x7fa496287a90>,<function <lambda> at 0x7fa496287b30>
747,2020-02-01 02:00:00,<function <lambda> at 0x7fa4962879f0>,<function <lambda> at 0x7fa496287a90>,<function <lambda> at 0x7fa496287b30>
748,2020-02-01 03:00:00,<function <lambda> at 0x7fa4962879f0>,<function <lambda> at 0x7fa496287a90>,<function <lambda> at 0x7fa496287b30>
749,2020-02-01 04:00:00,<function <lambda> at 0x7fa4962879f0>,<function <lambda> at 0x7fa496287a90>,<function <lambda> at 0x7fa496287b30>
750,2020-02-01 05:00:00,<function <lambda> at 0x7fa4962879f0>,<function <lambda> at 0x7fa496287a90>,<function <lambda> at 0x7fa496287b30>
751,2020-02-01 06:00:00,<function <lambda> at 0x7fa4962879f0>,<function <lambda> at 0x7fa496287a90>,<function <lambda> at 0x7fa496287b30>
752,2020-02-01 07:00:00,<function <lambda> at 0x7fa4962879f0>,<function <lambda> at 0x7fa496287a90>,<function <lambda> at 0x7fa496287b30>
753,2020-02-01 08:00:00,<function <lambda> at 0x7fa4962879f0>,<function <lambda> at 0x7fa496287a90>,<function <lambda> at 0x7fa496287b30>
754,2020-02-01 09:00:00,<function <lambda> at 0x7fa4962879f0>,<function <lambda> at 0x7fa496287a90>,<function <lambda> at 0x7fa496287b30>
755,2020-02-01 10:00:00,<function <lambda> at 0x7fa4962879f0>,<function <lambda> at 0x7fa496287a90>,<function <lambda> at 0x7fa496287b30>
756,2020-02-01 11:00:00,<function <lambda> at 0x7fa4962879f0>,<function <lambda> at 0x7fa496287a90>,<function <lambda> at 0x7fa496287b30>
757,2020-02-01 12:00:00,<function <lambda> at 0x7fa4962879f0>,<function <lambda> at 0x7fa496287a90>,<function <lambda> at 0x7fa496287b30>
758,2020-02-01 13:00:00,<function <lambda> at 0x7fa4962879f0>,<function <lambda> at 0x7fa496287a90>,<function <lambda> at 0x7fa496287b30>
759,2020-02-01 14:00:00,<function <lambda> at 0x7fa4962879f0>,<function <lambda> at 0x7fa496287a90>,<function <lambda> at 0x7fa496287b30>
760,2020-02-01 15:00:00,<function <lambda> at 0x7fa4962879f0>,<function <lambda> at 0x7fa496287a90>,<function <lambda> at 0x7fa496287b30>
761,2020-02-01 16:00:00,<function <lambda> at 0x7fa4962879f0>,<function <lambda> at 0x7fa496287a90>,<function <lambda> at 0x7fa496287b30>
762,2020-02-01 17:00:00,<function <lambda> at 0x7fa4962879f0>,<function <lambda> at 0x7fa496287a90>,<function <lambda> at 0x7fa496287b30>
763,2020-02-01 18:00:00,<function <lambda> at 0x7fa4962879f0>,<function <lambda> at 0x7fa496287a90>,<function <lambda> at 0x7fa496287b30>
764,2020-02-01 19:00:00,<function <lambda> at 0x7fa4962879f0>,<function <lambda> at 0x7fa496287a90>,<function <lambda> at 0x7fa496287b30>
765,2020-02-01 20:00:00,<function <lambda> at 0x7fa4962879f0>,<function <lambda> at 0x7fa496287a90>,<function <lambda> at 0x7fa496287b30>
766,2020-02-01 21:00:00,<function <lambda> at 0x7fa4962879f0>,<function <lambda> at 0x7fa496287a90>,<function <lambda> at 0x7fa496287b30>
767,2020-02-01 22:00:00,<function <lambda> at 0x7fa4962879f0>,<function <lambda> at 0x7fa496287a90>,<function <lambda> at 0x7fa496287b30>
768,2020-02-01 23:00:00,<function <lambda> at 0x7fa4962879f0>,<function <lambda> at 0x7fa496287a90>,<function <lambda> at 0x7fa496287b30>
769,2020-02-02 00:00:00,<function <lambda> at 0x7fa4962879f0>,<function <lambda> at 0x7fa496287a90>,<function <lambda> at 0x7fa496287b30>
770,2020-02-02 01:00:00,<function <lambda> at 0x7fa4962879f0>,<function <lambda> at 0x7fa496287a90>,<function <lambda> at 0x7fa496287b30>
771,2020-02-02 02:00:00,<function <lambda> at 0x7fa4962879f0>,<function <lambda> at 0x7fa496287a90>,<function <lambda> at 0x7fa496287b30>
772,2020-02-02 03:00:00,<function <lambda> at 0x7fa4962879f0>,<function <lambda> at 0x7fa496287a90>,<function <lambda> at 0x7fa496287b30>
773,2020-02-02 04:00:00,<function <lambda> at 0x7fa4962879f0>,<function <lambda> at 0x7fa496287a90>,<function <lambda> at 0x7fa496287b30>
774,2020-02-02 05:00:00,<function <lambda> at 0x7fa4962879f0>,<function <lambda> at 0x7fa496287a90>,<function <lambda> at 0x7fa496287b30>
775,2020-02-02 06:00:00,<function <lambda> at 0x7fa4962879f0>,<function <lambda> at 0x7fa496287a90>,<function <lambda> at 0x7fa496287b30>
776,2020-02-02 07:00:00,<function <lambda> at 0x7fa4962879f0>,<function <lambda> at 0x7fa496287a90>,<function <lambda> at 0x7fa496287b30>
777,2020-02-02 08:00:00,<function <lambda> at 0x7fa4962879f0>,<function <lambda> at 0x7fa496287a90>,<function <lambda> at 0x7fa496287b30>
778,2020-02-02 09:00:00,<function <lambda> at 0x7fa4962879f0>,<function <lambda> at 0x7fa496287a90>,<function <lambda> at 0x7fa496287b30>
779,2020-02-02 10:00:00,<function <lambda> at 0x7fa4962879f0>,<function <lambda> at 0x7fa496287a90>,<function <lambda> at 0x7fa496287b30>
780,2020-02-02 11:00:00,<function <lambda> at 0x7fa4962879f0>,<function <lambda> at 0x7fa496287a90>,<function <lambda> at 0x7fa496287b30>
781,2020-02-02 12:00:00,<function <lambda> at 0x7fa4962879f0>,<function <lambda> at 0x7fa496287a90>,<function <lambda> at 0x7fa496287b30>
782,2020-02-02 13:00:00,<function <lambda> at 0x7fa4962879f0>,<function <lambda> at 0x7fa496287a90>,<function <lambda> at 0x7fa496287b30>
783,2020-02-02 14:00:00,<function <lambda> at 0x7fa4962879f0>,<function <lambda> at 0x7fa496287a90>,<function <lambda> at 0x7fa496287b30>
784,2020-02-02 15:00:00,<function <lambda> at 0x7fa4962879f0>,<function <lambda> at 0x7fa496287a90>,<function <lambda> at 0x7fa496287b30>
785,2020-02-02 16:00:00,<function <lambda> at 0x7fa4962879f0>,<function <lambda> at 0x7fa496287a90>,<function <lambda> at 0x7fa496287b30>
786,2020-02-02 17:00:00,<function <lambda> at 0x7fa4962879f0>,<function <lambda> at 0x7fa496287a90>,<function <lambda> at 0x7fa496287b30>
787,2020-02-02 18:00:00,<function <lambda> at 0x7fa4962879f0>,<function <lambda> at 0x7fa496287a90>,<function <lambda> at 0x7fa496287b30>
788,2020-02-02 19:00:00,<function <lambda> at 0x7fa4962879f0>,<function <lambda> at 0x7fa496287a90>,<function <lambda> at 0x7fa496287b30>
789,2020-02-02 20:00:00,<function <lambda> at 0x7fa4962879f0>,<function <lambda> at 0x7fa496287a90>,<function <lambda> at 0x7fa496287b30>
790,2020-02-02 21:00:00,<function <lambda> at 0x7fa4962879f0>,<function <lambda> at 0x7fa496287a90>,<function <lambda> at 0x7fa496287b30>
791,2020-02-02 22:00:00,<function <lambda> at 0x7fa4962879f0>,<function <lambda> at 0x7fa496287a90>,<function <lambda> at 0x7fa496287b30>
792,2020-02-02 23:00:00,<function <lambda> at 0x7fa4962879f0>,<function <lambda> at 0x7fa496287a90>,<function <lambda> at 0x7fa496287b30>
793,2020-02-03 00:00:00,<function <lambda> at 0x7fa4962879f0>,<function <lambda> at 0x7fa496287a90>,<function <lambda> at 0x7fa496287b30>
794,2020-02-03 01:00:00,<function <lambda> at 0x7fa4962879f0>,<function <lambda> at 0x7fa496287a90>,<function <lambda> at 0x7fa496287b30>
795,2020-02-03 02:00:00,<function <lambda> at 0x7fa4962879f0>,<function <lambda> at 0x7fa496287a90>,<function <lambda> at 0x7fa496287b30>
796,2020-02-03 03:00:00,<function <lambda> at 0x7fa4962879f0>,<function <lambda> at 0x7fa496287a90>,<function <lambda> at 0x7fa496287b30>
797,2020-02-03 04:00:00,<function <lambda> at 0x7fa4962879f0>,<function <lambda> at 0x7fa496287a90>,<function <lambda> at 0x7fa496287b30>
798,2020-02-03 05:00:00,<function <lambda> at 0x7fa4962879f0>,<function <lambda> at 0x7fa496287a90>,<function <lambda> at 0x7fa496287b30>
799,2020-02-03 06:00:00,<function <lambda> at 0x7fa4962879f0>,<function <lambda> at 0x7fa496287a90>,<function <lambda> at 0x7fa496287b30>
800,2020-02-03 07:00:00,<function <lambda> at 0x7fa4962879f0>,<function <lambda> at 0x7fa496287a90>,<function <lambda> at 0x7fa496287b30>
801,2020-02-03 08:00:00,<function <lambda> at 0x7fa4962879f0>,<function <lambda> at 0x7fa496287a90>,<function <lambda> at 0x7fa496287b30>
802,2020-02-03 09:00:00,<function <lambda> at 0x7fa4962879f0>,<function <lambda> at 0x7fa496287a90>,<function <lambda> at 0x7fa496287b30>
803,2020-02-03 10:00:00,<function <lambda> at 0x7fa4962879f0>,<function <lambda> at 0x7fa496287a90>,<function <lambda> at 0x7fa496287b30>
804,2020-02-03 11:00:00,<function <lambda> at 0x7fa4962879f0>,<function <lambda> at 0x7fa496287a90>,<function <lambda> at 0x7fa496287b30>
805,2020-02-03 12:00:00,<function <lambda> at 0x7fa4962879f0>,<function <lambda> at 0x7fa496287a90>,<function <lambda> at 0x7fa496287b30>
806,2020-02-03 13:00:00,<function <lambda> at 0x7fa4962879f0>,<function <lambda> at 0x7fa496287a90>,<function <lambda> at 0x7fa496287b30>
807,2020-02-03 14:00:00,<function <lambda> at 0x7fa4962879f0>,<function <lambda> at 0x7fa496287a90>,<function <lambda> at 0x7fa496287b30>
808,2020-02-03 15:00:00,<function <lambda> at 0x7fa4962879f0>,<function <lambda> at 0x7fa496287a90>,<function <lambda> at 0x7fa496287b30>
809,2020-02-03 16:00:00,<function <lambda> at 0x7fa4962879f0>,<function <lambda> at 0x7fa496287a90>,<function <lambda> at 0x7fa496287b30>
810,2020-02-03 17:00:00,<function <lambda> at 0x7fa4962879f0>,<function <lambda> at 0x7fa496287a90>,<function <lambda> at 0x7fa496287b30>
811,2020-02-03 18:00:00,<function <lambda> at 0x7fa4962879f0>,<function <lambda> at 0x7fa496287a90>,<function <lambda> at 0x7fa496287b30>
812,2020-02-03 19:00:00,<function <lambda> at 0x7fa4962879f0>,<function <lambda> at 0x7fa496287a90>,<function <lambda> at 0x7fa496287b30>
813,2020-02-03 20:00:00,<function <lambda> at 0x7fa4962879f0>,<function <lambda> at 0x7fa496287a90>,<function <lambda> at 0x7fa496287b30>
814,2020-02-03 21:00:00,<function <lambda> at 0x7fa4962879f0>,<function <lambda> at 0x7fa496287a90>,<function <lambda> at 0x7fa496287b30>
815,2020-02-03 22:00:00,<function <lambda> at 0x7fa4962879f0>,<function <lambda> at 0x7fa496287a90>,<function <lambda> at 0x7fa496287b30>
816,2020-02-03 23:00:00,<function <lambda> at 0x7fa4962879f0>,<function <lambda> at 0x7fa496287a90>,<function <lambda> at 0x7fa496287b30>
817,2020-02-04 00:00:00,<function <lambda> at 0x7fa4962879f0>,<function <lambda> at 0x7fa496287a90>,<function <lambda> at 0x7fa496287b30>
818,2020-02-04 01:00:00,<function <lambda> at 0x7fa4962879f0>,<function <lambda> at 0x7fa496287a90>,<function <lambda> at 0x7fa496287b30>
819,2020-02-04 02:00:00,<function <lambda> at 0x7fa4962879f0>,<function <lambda> at 0x7fa496287a90>,<function <lambda> at 0x7fa496287b30>
820,2020-02-04 03:00:00,<function <lambda> at 0x7fa4962879f0>,<function <lambda> at 0x7fa496287a90>,<function <lambda> at 0x7fa496287b30>
821,2020-02-04 04:00:00,<function <lambda> at 0x7fa4962879f0>,<function <lambda> at 0x7fa496287a90>,<function <lambda> at 0x7fa496287b30>
822,2020-02-04 05:00:00,<function <lambda> at 0x7fa4962879f0>,<function <lambda> at 0x7fa496287a90>,<function <lambda> at 0x7fa496287b30>
823,2020-02-04 06:00:00,<function <lambda> at 0x7fa4962879f0>,<function <lambda> at 0x7fa496287a90>,<function <lambda> at 0x7fa496287b30>
824,2020-02-04 07:00:00,<function <lambda> at 0x7fa4962879f0>,<function <lambda> at 0x7fa496287a90>,<function <lambda> at 0x7fa496287b30>
825,2020-02-04 08:00:00,<function <lambda> at 0x7fa4962879f0>,<function <lambda> at 0x7fa496287a90>,<function <lambda> at 0x7fa496287b30>
826,2020-02-04 09:00:00,<function <lambda> at 0x7fa4962879f0>,<function <lambda> at 0x7fa496287a90>,<function <lambda> at 0x7fa496287b30>
827,2020-02-04 10:00:00,<function <lambda> at 0x7fa4962879f0>,<function <lambda> at 0x7fa496287a90>,<function <lambda> at 0x7fa496287b30>
828,2020-02-04 11:00:00,<function <lambda> at 0x7fa4962879f0>,<function <lambda> at 0x7fa496287a90>,<function <lambda> at 0x7fa496287b30>
829,2020-02-04 12:00:00,<function <lambda> at 0x7fa4962879f0>,<function <lambda> at 0x7fa496287a90>,<function <lambda> at 0x7fa496287b30>
830,2020-02-04 13:00:00,<function <lambda> at 0x7fa4962879f0>,<function <lambda> at 0x7fa496287a90>,<function <lambda> at 0x7fa496287b30>
831,2020-02-04 14:00:00,<function <lambda> at 0x7fa4962879f0>,<function <lambda> at 0x7fa496287a90>,<function <lambda> at 0x7fa496287b30>
832,2020-02-04 15:00:00,<function <lambda> at 0x7fa4962879f0>,<function <lambda> at 0x7fa496287a90>,<function <lambda> at 0x7fa496287b30>
833,2020-02-04 16:00:00,<function <lambda> at 0x7fa4962879f0>,<function <lambda> at 0x7fa496287a90>,<function <lambda> at 0x7fa496287b30>
834,2020-02-04 17:00:00,<function <lambda> at 0x7fa4962879f0>,<function <lambda> at 0x7fa496287a90>,<function <lambda> at 0x7fa496287b30>
835,2020-02-04 18:00:00,<function <lambda> at 0x7fa4962879f0>,<function <lambda> at 0x7fa496287a90>,<function <lambda> at 0x7fa496287b30>
836,2020-02-04 19:00:00,<function <lambda> at 0x7fa4962879f0>,<function <lambda> at 0x7fa496287a90>,<function <lambda> at 0x7fa496287b30>
837,2020-02-04 20:00:00,<function <lambda> at 0x7fa4962879f0>,<function <lambda> at 0x7fa496287a90>,<function <lambda> at 0x7fa496287b30>
838,2020-02-04 21:00:00,<function <lambda> at 0x7fa4962879f0>,<function <lambda> at 0x7fa496287a90>,<function <lambda> at 0x7fa496287b30>
839,2020-02-04 22:00:00,<function <lambda> at 0x7fa4962879f0>,<function <lambda> at 0x7fa496287a90>,<function <lambda> at 0x7fa496287b30>
840,2020-02-04 23:00:00,<function <lambda> at 0x7fa4962879f0>,<function <lambda> at 0x7fa496287a90>,<function <lambda> at 0x7fa496287b30>
841,2020-02-05 00:00:00,<function <lambda> at 0x7fa4962879f0>,<function <lambda> at 0x7fa496287a90>,<function <lambda> at 0x7fa496287b30>
842,2020-02-05 01:00:00,<function <lambda> at 0x7fa4962879f0>,<function <lambda> at 0x7fa496287a90>,<function <lambda> at 0x7fa496287b30>
843,2020-02-05 02:00:00,<function <lambda> at 0x7fa4962879f0>,<function <lambda> at 0x7fa496287a90>,<function <lambda> at 0x7fa496287b30>
844,2020-02-05 03:00:00,<function <lambda> at 0x7fa4962879f0>,<function <lambda> at 0x7fa496287a90>,<function <lambda> at 0x7fa496287b30>
845,2020-02-05 04:00:00,<function <lambda> at 0x7fa4962879f0>,<function <lambda> at 0x7fa496287a90>,<function <lambda> at 0x7fa496287b30>
846,2020-02-05 05:00:00,<function <lambda> at 0x7fa4962879f0>,<function <lambda> at 0x7fa496287a90>,<function <lambda> at 0x7fa496287b30>
847,2020-02-05 06:00:00,<function <lambda> at 0x7fa4962879f0>,<function <lambda> at 0x7fa496287a90>,<function <lambda> at 0x7fa496287b30>
848,2020-02-05 07:00:00,<function <lambda> at 0x7fa4962879f0>,<function <lambda> at 0x7fa496287a90>,<function <lambda> at 0x7fa496287b30>
849,2020-02-05 08:00:00,<function <lambda> at 0x7fa4962879f0>,<function <lambda> at 0x7fa496287a90>,<function <lambda> at 0x7fa496287b30>
850,2020-02-05 09:00:00,<function <lambda> at 0x7fa4962879f0>,<function <lambda> at 0x7fa496287a90>,<function <lambda> at 0x7fa496287b30>
851,2020-02-05 10:00:00,<function <lambda> at 0x7fa4962879f0>,<function <lambda> at 0x7fa496287a90>,<function <lambda> at 0x7fa496287b30>
852,2020-02-05 11:00:00,<function <lambda> at 0x7fa4962879f0>,<function <lambda> at 0x7fa496287a90>,<function <lambda> at 0x7fa496287b30>
853,2020-02-05 12:00:00,<function <lambda> at 0x7fa4962879f0>,<function <lambda> at 0x7fa496287a90>,<function <lambda> at 0x7fa496287b30>
854,2020-02-05 13:00:00,<function <lambda> at 0x7fa4962879f0>,<function <lambda> at 0x7fa496287a90>,<function <lambda> at 0x7fa496287b30>
855,2020-02-05 14:00:00,<function <lambda> at 0x7fa4962879f0>,<function <lambda> at 0x7fa496287a90>,<function <lambda> at 0x7fa496287b30>
856,2020-02-05 15:00:00,<function <lambda> at 0x7fa4962879f0>,<function <lambda> at 0x7fa496287a90>,<function <lambda> at 0x7fa496287b30>
857,2020-02-05 16:00:00,<function <lambda> at 0x7fa4962879f0>,<function <lambda> at 0x7fa496287a90>,<function <lambda> at 0x7fa496287b30>
858,2020-02-05 17:00:00,<function <lambda> at 0x7fa4962879f0>,<function <lambda> at 0x7fa496287a90>,<function <lambda> at 0x7fa496287b30>
859,2020-02-05 18:00:00,<function <lambda> at 0x7fa4962879f0>,<function <lambda> at 0x7fa496287a90>,<function <lambda> at 0x7fa496287b30>
860,2020-02-05 19:00:00,<function <lambda> at 0x7fa4962879f0>,<function <lambda> at 0x7fa496287a90>,<function <lambda> at 0x7fa496287b30>
861,2020-02-05 20:00:00,<function <lambda> at 0x7fa4962879f0>,<function <lambda> at 0x7fa496287a90>,<function <lambda> at 0x7fa496287b30>
862,2020-02-05 21:00:00,<function <lambda> at 0x7fa4962879f0>,<function <lambda> at 0x7fa496287a90>,<function <lambda> at 0x7fa496287b30>
863,2020-02-05 22:00:00,<function <lambda> at 0x7fa4962879f0>,<function <lambda> at 0x7fa496287a90>,<function <lambda> at 0x7fa496287b30>
864,2020-02-05 23:00:00,<function <lambda> at 0x7fa4962879f0>,<function <lambda> at 0x7fa496287a90>,<function <lambda> at 0x7fa496287b30>
865,2020-02-06 00:00:00,<function <lambda> at 0x7fa4962879f0>,<function <lambda> at 0x7fa496287a90>,<function <lambda> at 0x7fa496287b30>
866,2020-02-06 01:00:00,<function <lambda> at 0x7fa4962879f0>,<function <lambda> at 0x7fa496287a90>,<function <lambda> at 0x7fa496287b30>
867,2020-02-06 02:00:00,<function <lambda> at 0x7fa4962879f0>,<function <lambda> at 0x7fa496287a90>,<function <lambda> at 0x7fa496287b30>
868,2020-02-06 03:00:00,<function <lambda> at 0x7fa4962879f0>,<function <lambda> at 0x7fa496287a90>,<function <lambda> at 0x7fa496287b30>
869,2020-02-06 04:00:00,<function <lambda> at 0x7fa4962879f0>,<function <lambda> at 0x7fa496287a90>,<function <lambda> at 0x7fa496287b30>
870,2020-02-06 05:00:00,<function <lambda> at 0x7fa4962879f0>,<function <lambda> at 0x7fa496287a90>,<function <lambda> at 0x7fa496287b30>
871,2020-02-06 06:00:00,<function <lambda> at 0x7fa4962879f0>,<function <lambda> at 0x7fa496287a90>,<function <lambda> at 0x7fa496287b30>
872,2020-02-06 07:00:00,<function <lambda> at 0x7fa4962879f0>,<function <lambda> at 0x7fa496287a90>,<function <lambda> at 0x7fa496287b30>
873,2020-02-06 08:00:00,<function <lambda> at 0x7fa4962879f0>,<function <lambda> at 0x7fa496287a90>,<function <lambda> at 0x7fa496287b30>
874,2020-02-06 09:00:00,<function <lambda> at 0x7fa4962879f0>,<function <lambda> at 0x7fa496287a90>,<function <lambda> at 0x7fa496287b30>
875,2020-02-06 10:00:00,<function <lambda> at 0x7fa4962879f0>,<function <lambda> at 0x7fa496287a90>,<function <lambda> at 0x7fa496287b30>
876,2020-02-06 11:00:00,<function <lambda> at 0x7fa4962879f0>,<function <lambda> at 0x7fa496287a90>,<function <lambda> at 0x7fa496287b30>
877,2020-02-06 12:00:00,<function <lambda> at 0x7fa4962879f0>,<function <lambda> at 0x7fa496287a90>,<function <lambda> at 0x7fa496287b30>
878,2020-02-06 13:00:00,<function <lambda> at 0x7fa4962879f0>,<function <lambda> at 0x7fa496287a90>,<function <lambda> at 0x7fa496287b30>
879,2020-02-06 14:00:00,<function <lambda> at 0x7fa4962879f0>,<function <lambda> at 0x7fa496287a90>,<function <lambda> at 0x7fa496287b30>
880,2020-02-06 15:00:00,<function <lambda> at 0x7fa4962879f0>,<function <lambda> at 0x7fa496287a90>,<function <lambda> at 0x7fa496287b30>
881,2020-02-06 16:00:00,<function <lambda> at 0x7fa4962879f0>,<function <lambda> at 0x7fa496287a90>,<function <lambda> at 0x7fa496287b30>
882,2020-02-06 17:00:00,<function <lambda> at 0x7fa4962879f0>,<function <lambda> at 0x7fa496287a90>,<function <lambda> at 0x7fa496287b30>
883,2020-02-06 18:00:00,<function <lambda> at 0x7fa4962879f0>,<function <lambda> at 0x7fa496287a90>,<function <lambda> at 0x7fa496287b30>
884,2020-02-06 19:00:00,<function <lambda> at 0x7fa4962879f0>,<function <lambda> at 0x7fa496287a90>,<function <lambda> at 0x7fa496287b30>
885,2020-02-06 20:00:00,<function <lambda> at 0x7fa4962879f0>,<function <lambda> at 0x7fa496287a90>,<function <lambda> at 0x7fa496287b30>
886,2020-02-06 21:00:00,<function <lambda> at 0x7fa4962879f0>,<function <lambda> at 0x7fa496287a90>,<function <lambda> at 0x7fa496287b30>
887,2020-02-06 22:00:00,<function <lambda> at 0x7fa4962879f0>,<function <lambda> at 0x7fa496287a90>,<function <lambda> at 0x7fa496287b30>
888,2020-02-06 23:00:00,<function <lambda> at 0x7fa4962879f0>,<function <lambda> at 0x7fa496287a90>,<function <lambda> at 0x7fa496287b30>
889,2020-02-07 00:00:00,<function <lambda> at 0x7fa4962879f0>,<function <lambda> at 0x7fa496287a90>,<function <lambda> at 0x7fa496287b30>
890,2020-02-07 01:00:00,<function <lambda> at 0x7fa4962879f0>,<function <lambda> at 0x7fa496287a90>,<function <lambda> at 0x7fa496287b30>
891,2020-02-07 02:00:00,<function <lambda> at 0x7fa4962879f0>,<function <lambda> at 0x7fa496287a90>,<function <lambda> at 0x7fa496287b30>
892,2020-02-07 03:00:00,<function <lambda> at 0x7fa4962879f0>,<function <lambda> at 0x7fa496287a90>,<function <lambda> at 0x7fa496287b30>
893,2020-02-07 04:00:00,<function <lambda> at 0x7fa4962879f0>,<function <lambda> at 0x7fa496287a90>,<function <lambda> at 0x7fa496287b30>
894,2020-02-07 05:00:00,<function <lambda> at 0x7fa4962879f0>,<function <lambda> at 0x7fa496287a90>,<function <lambda> at 0x7fa496287b30>
895,2020-02-07 06:00:00,<function <lambda> at 0x7fa4962879f0>,<function <lambda> at 0x7fa496287a90>,<function <lambda> at 0x7fa496287b30>
896,2020-02-07 07:00:00,<function <lambda> at 0x7fa4962879f0>,<function <lambda> at 0x7fa496287a90>,<function <lambda> at 0x7fa496287b30>
897,2020-02-07 08:00:00,<function <lambda> at 0x7fa4962879f0>,<function <lambda> at 0x7fa496287a90>,<function <lambda> at 0x7fa496287b30>
898,2020-02-07 09:00:00,<function <lambda> at 0x7fa4962879f0>,<function <lambda> at 0x7fa496287a90>,<function <lambda> at 0x7fa496287b30>
899,2020-02-07 10:00:00,<function <lambda> at 0x7fa4962879f0>,<function <lambda> at 0x7fa496287a90>,<function <lambda> at 0x7fa496287b30>
900,2020-02-07 11:00:00,<function <lambda> at 0x7fa4962879f0>,<function <lambda> at 0x7fa496287a90>,<function <lambda> at 0x7fa496287b30>
901,2020-02-07 12:00:00,<function <lambda> at 0x7fa4962879f0>,<function <lambda> at 0x7fa496287a90>,<function <lambda> at 0x7fa496287b30>
902,2020-02-07 13:00:00,<function <lambda> at 0x7fa4962879f0>,<function <lambda> at 0x7fa496287a90>,<function <lambda> at 0x7fa496287b30>
903,2020-02-07 14:00:00,<function <lambda> at 0x7fa4962879f0>,<function <lambda> at 0x7fa496287a90>,<function <lambda> at 0x7fa496287b30>
904,2020-02-07 15:00:00,<function <lambda> at 0x7fa4962879f0>,<function <lambda> at 0x7fa496287a90>,<function <lambda> at 0x7fa496287b30>
905,2020-02-07 16:00:00,<function <lambda> at 0x7fa4962879f0>,<function <lambda> at 0x7fa496287a90>,<function <lambda> at 0x7fa496287b30>
906,2020-02-07 17:00:00,<function <lambda> at 0x7fa4962879f0>,<function <lambda> at 0x7fa496287a90>,<function <lambda> at 0x7fa496287b30>
907,2020-02-07 18:00:00,<function <lambda> at 0x7fa4962879f0>,<function <lambda> at 0x7fa496287a90>,<function <lambda> at 0x7fa496287b30>
908,2020-02-07 19:00:00,<function <lambda> at 0x7fa4962879f0>,<function <lambda> at 0x7fa496287a90>,<function <lambda> at 0x7fa496287b30>
909,2020-02-07 20:00:00,<function <lambda> at 0x7fa4962879f0>,<function <lambda> at 0x7fa496287a90>,<function <lambda> at 0x7fa496287b30>
910,2020-02-07 21:00:00,<function <lambda> at 0x7fa4962879f0>,<function <lambda> at 0x7fa496287a90>,<function <lambda> at 0x7fa496287b30>
911,2020-02-07 22:00:00,<function <lambda> at 0x7fa4962879f0>,<function <lambda> at 0x7fa496287a90>,<function <lambda> at 0x7fa496287b30>
912,2020-02-07 23:00:00,<function <lambda> at 0x7fa4962879f0>,<function <lambda> at 0x7fa496287a90>,<function <lambda> at 0x7fa496287b30>
913,2020-02-08 00:00:00,<function <lambda> at 0x7fa4962879f0>,<function <lambda> at 0x7fa496287a90>,<function <lambda> at 0x7fa496287b30>
914,2020-02-08 01:00:00,<function <lambda> at 0x7fa4962879f0>,<function <lambda> at 0x7fa496287a90>,<function <lambda> at 0x7fa496287b30>
915,2020-02-08 02:00:00,<function <lambda> at 0x7fa4962879f0>,<function <lambda> at 0x7fa496287a90>,<function <lambda> at 0x7fa496287b30>
916,2020-02-08 03:00:00,<function <lambda> at 0x7fa4962879f0>,<function <lambda> at 0x7fa496287a90>,<function <lambda> at 0x7fa496287b30>
917,2020-02-08 04:00:00,<function <lambda> at 0x7fa4962879f0>,<function <lambda> at 0x7fa496287a90>,<function <lambda> at 0x7fa496287b30>
918,2020-02-08 05:00:00,<function <lambda> at 0x7fa4962879f0>,<function <lambda> at 0x7fa496287a90>,<function <lambda> at 0x7fa496287b30>
919,2020-02-08 06:00:00,<function <lambda> at 0x7fa4962879f0>,<function <lambda> at 0x7fa496287a90>,<function <lambda> at 0x7fa496287b30>
920,2020-02-08 07:00:00,<function <lambda> at 0x7fa4962879f0>,<function <lambda> at 0x7fa496287a90>,<function <lambda> at 0x7fa496287b30>
921,2020-02-08 08:00:00,<function <lambda> at 0x7fa4962879f0>,<function <lambda> at 0x7fa496287a90>,<function <lambda> at 0x7fa496287b30>
922,2020-02-08 09:00:00,<function <lambda> at 0x7fa4962879f0>,<function <lambda> at 0x7fa496287a90>,<function <lambda> at 0x7fa496287b30>
923,2020-02-08 10:00:00,<function <lambda> at 0x7fa4962879f0>,<function <lambda> at 0x7fa496287a90>,<function <lambda> at 0x7fa496287b30>
924,2020-02-08 11:00:00,<function <lambda> at 0x7fa4962879f0>,<function <lambda> at 0x7fa496287a90>,<function <lambda> at 0x7fa496287b30>
925,2020-02-08 12:00:00,<function <lambda> at 0x7fa4962879f0>,<function <lambda> at 0x7fa496287a90>,<function <lambda> at 0x7fa496287b30>
926,2020-02-08 13:00:00,<function <lambda> at 0x7fa4962879f0>,<function <lambda> at 0x7fa496287a90>,<function <lambda> at 0x7fa496287b30>
927,2020-02-08 14:00:00,<function <lambda> at 0x7fa4962879f0>,<function <lambda> at 0x7fa496287a90>,<function <lambda> at 0x7fa496287b30>
928,2020-02-08 15:00:00,<function <lambda> at 0x7fa4962879f0>,<function <lambda> at 0x7fa496287a90>,<function <lambda> at 0x7fa496287b30>
929,2020-02-08 16:00:00,<function <lambda> at 0x7fa4962879f0>,<function <lambda> at 0x7fa496287a90>,<function <lambda> at 0x7fa496287b30>
930,2020-02-08 17:00:00,<function <lambda> at 0x7fa4962879f0>,<function <lambda> at 0x7fa496287a90>,<function <lambda> at 0x7fa496287b30>
931,2020-02-08 18:00:00,<function <lambda> at 0x7fa4962879f0>,<function <lambda> at 0x7fa496287a90>,<function <lambda> at 0x7fa496287b30>
932,2020-02-08 19:00:00,<function <lambda> at 0x7fa4962879f0>,<function <lambda> at 0x7fa496287a90>,<function <lambda> at 0x7fa496287b30>
933,2020-02-08 20:00:00,<function <lambda> at 0x7fa4962879f0>,<function <lambda> at 0x7fa496287a90>,<function <lambda> at 0x7fa496287b30>
934,2020-02-08 21:00:00,<function <lambda> at 0x7fa4962879f0>,<function <lambda> at 0x7fa496287a90>,<function <lambda> at 0x7fa496287b30>
935,2020-02-08 22:00:00,<function <lambda> at 0x7fa4962879f0>,<function <lambda> at 0x7fa496287a90>,<function <lambda> at 0x7fa496287b30>
936,2020-02-08 23:00:00,<function <lambda> at 0x7fa4962879f0>,<function <lambda> at 0x7fa496287a90>,<function <lambda> at 0x7fa496287b30>
937,2020-02-09 00:00:00,<function <lambda> at 0x7fa4962879f0>,<function <lambda> at 0x7fa496287a90>,<function <lambda> at 0x7fa496287b30>
938,2020-02-09 01:00:00,<function <lambda> at 0x7fa4962879f0>,<function <lambda> at 0x7fa496287a90>,<function <lambda> at 0x7fa496287b30>
939,2020-02-09 02:00:00,<function <lambda> at 0x7fa4962879f0>,<function <lambda> at 0x7fa496287a90>,<function <lambda> at 0x7fa496287b30>
940,2020-02-09 03:00:00,<function <lambda> at 0x7fa4962879f0>,<function <lambda> at 0x7fa496287a90>,<function <lambda> at 0x7fa496287b30>
941,2020-02-09 04:00:00,<function <lambda> at 0x7fa4962879f0>,<function <lambda> at 0x7fa496287a90>,<function <lambda> at 0x7fa496287b30>
942,2020-02-09 05:00:00,<function <lambda> at 0x7fa4962879f0>,<function <lambda> at 0x7fa496287a90>,<function <lambda> at 0x7fa496287b30>
943,2020-02-09 06:00:00,<function <lambda> at 0x7fa4962879f0>,<function <lambda> at 0x7fa496287a90>,<function <lambda> at 0x7fa496287b30>
944,2020-02-09 07:00:00,<function <lambda> at 0x7fa4962879f0>,<function <lambda> at 0x7fa496287a90>,<function <lambda> at 0x7fa496287b30>
945,2020-02-09 08:00:00,<function <lambda> at 0x7fa4962879f0>,<function <lambda> at 0x7fa496287a90>,<function <lambda> at 0x7fa496287b30>
946,2020-02-09 09:00:00,<function <lambda> at 0x7fa4962879f0>,<function <lambda> at 0x7fa496287a90>,<function <lambda> at 0x7fa496287b30>
947,2020-02-09 10:00:00,<function <lambda> at 0x7fa4962879f0>,<function <lambda> at 0x7fa496287a90>,<function <lambda> at 0x7fa496287b30>
948,2020-02-09 11:00:00,<function <lambda> at 0x7fa4962879f0>,<function <lambda> at 0x7fa496287a90>,<function <lambda> at 0x7fa496287b30>
949,2020-02-09 12:00:00,<function <lambda> at 0x7fa4962879f0>,<function <lambda> at 0x7fa496287a90>,<function <lambda> at 0x7fa496287b30>
950,2020-02-09 13:00:00,<function <lambda> at 0x7fa4962879f0>,<function <lambda> at 0x7fa496287a90>,<function <lambda> at 0x7fa496287b30>
951,2020-02-09 14:00:00,<function <lambda> at 0x7fa4962879f0>,<function <lambda> at 0x7fa496287a90>,<function <lambda> at 0x7fa496287b30>
952,2020-02-09 15:00:00,<function <lambda> at 0x7fa4962879f0>,<function <lambda> at 0x7fa496287a90>,<function <lambda> at 0x7fa496287b30>
953,2020-02-09 16:00:00,<function <lambda> at 0x7fa4962879f0>,<function <lambda> at 0x7fa496287a90>,<function <lambda> at 0x7fa496287b30>
954,2020-02-09 17:00:00,<function <lambda> at 0x7fa4962879f0>,<function <lambda> at 0x7fa496287a90>,<function <lambda> at 0x7fa496287b30>
955,2020-02-09 18:00:00,<function <lambda> at 0x7fa4962879f0>,<function <lambda> at 0x7fa496287a90>,<function <lambda> at 0x7fa496287b30>
956,2020-02-09 19:00:00,<function <lambda> at 0x7fa4962879f0>,<function <lambda> at 0x7fa496287a90>,<function <lambda> at 0x7fa496287b30>
957,2020-02-09 20:00:00,<function <lambda> at 0x7fa4962879f0>,<function <lambda> at 0x7fa496287a90>,<function <lambda> at 0x7fa496287b30>
958,2020-02-09 21:00:00,<function <lambda> at 0x7fa4962879f0>,<function <lambda> at 0x7fa496287a90>,<function <lambda> at 0x7fa496287b30>
959,2020-02-09 22:00:00,<function <lambda> at 0x7fa4962879f0>,<function <lambda> at 0x7fa496287a90>,<function <lambda> at 0x7fa496287b30>
960,2020-02-09 23:00:00,<function <lambda> at 0x7fa4962879f0>,<function <lambda> at 0x7fa496287a90>,<function <lambda> at 0x7fa496287b30>
961,2020-02-10 00:00:00,<function <lambda> at 0x7fa4962879f0>,<function <lambda> at 0x7fa496287a90>,<function <lambda> at 0x7fa496287b30>
962,2020-02-10 01:00:00,<function <lambda> at 0x7fa4962879f0>,<function <lambda> at 0x7fa496287a90>,<function <lambda> at 0x7fa496287b30>
963,2020-02-10 02:00:00,<function <lambda> at 0x7fa4962879f0>,<function <lambda> at 0x7fa496287a90>,<function <lambda> at 0x7fa496287b30>
964,2020-02-10 03:00:00,<function <lambda> at 0x7fa4962879f0>,<function <lambda> at 0x7fa496287a90>,<function <lambda> at 0x7fa496287b30>
965,2020-02-10 04:00:00,<function <lambda> at 0x7fa4962879f0>,<function <lambda> at 0x7fa496287a90>,<function <lambda> at 0x7fa496287b30>
966,2020-02-10 05:00:00,<function <lambda> at 0x7fa4962879f0>,<function <lambda> at 0x7fa496287a90>,<function <lambda> at 0x7fa496287b30>
967,2020-02-10 06:00:00,<function <lambda> at 0x7fa4962879f0>,<function <lambda> at 0x7fa496287a90>,<function <lambda> at 0x7fa496287b30>
968,2020-02-10 07:00:00,<function <lambda> at 0x7fa4962879f0>,<function <lambda> at 0x7fa496287a90>,<function <lambda> at 0x7fa496287b30>
969,2020-02-10 08:00:00,<function <lambda> at 0x7fa4962879f0>,<function <lambda> at 0x7fa496287a90>,<function <lambda> at 0x7fa496287b30>
970,2020-02-10 09:00:00,<function <lambda> at 0x7fa4962879f0>,<function <lambda> at 0x7fa496287a90>,<function <lambda> at 0x7fa496287b30>
971,2020-02-10 10:00:00,<function <lambda> at 0x7fa4962879f0>,<function <lambda> at 0x7fa496287a90>,<function <lambda> at 0x7fa496287b30>
972,2020-02-10 11:00:00,<function <lambda> at 0x7fa4962879f0>,<function <lambda> at 0x7fa496287a90>,<function <lambda> at 0x7fa496287b30>
973,2020-02-10 12:00:00,<function <lambda> at 0x7fa4962879f0>,<function <lambda> at 0x7fa496287a90>,<function <lambda> at 0x7fa496287b30>
974,2020-02-10 13:00:00,<function <lambda> at 0x7fa4962879f0>,<function <lambda> at 0x7fa496287a90>,<function <lambda> at 0x7fa496287b30>
975,2020-02-10 14:00:00,<function <lambda> at 0x7fa4962879f0>,<function <lambda> at 0x7fa496287a90>,<function <lambda> at 0x7fa496287b30>
976,2020-02-10 15:00:00,<function <lambda> at 0x7fa4962879f0>,<function <lambda> at 0x7fa496287a90>,<function <lambda> at 0x7fa496287b30>
977,2020-02-10 16:00:00,<function <lambda> at 0x7fa4962879f0>,<function <lambda> at 0x7fa496287a90>,<function <lambda> at 0x7fa496287b30>
978,2020-02-10 17:00:00,<function <lambda> at 0x7fa4962879f0>,<function <lambda> at 0x7fa496287a90>,<function <lambda> at 0x7fa496287b30>
979,2020-02-10 18:00:00,<function <lambda> at 0x7fa4962879f0>,<function <lambda> at 0x7fa496287a90>,<function <lambda> at 0x7fa496287b30>
980,2020-02-10 19:00:00,<function <lambda> at 0x7fa4962879f0>,<function <lambda> at 0x7fa496287a90>,<function <lambda> at 0x7fa496287b30>
981,2020-02-10 20:00:00,<function <lambda> at 0x7fa4962879f0>,<function <lambda> at 0x7fa496287a90>,<function <lambda> at 0x7fa496287b30>
982,2020-02-10 21:00:00,<function <lambda> at 0x7fa4962879f0>,<function <lambda> at 0x7fa496287a90>,<function <lambda> at 0x7fa496287b30>
983,2020-02-10 22:00:00,<function <lambda> at 0x7fa4962879f0>,<function <lambda> at 0x7fa496287a90>,<function <lambda> at 0x7fa496287b30>
984,2020-02-10 23:00:00,<function <lambda> at 0x7fa4962879f0>,<function <lambda> at 0x7fa496287a90>,<function <lambda> at 0x7fa496287b30>
985,2020-02-11 00:00:00,<function <lambda> at 0x7fa4962879f0>,<function <lambda> at 0x7fa496287a90>,<function <lambda> at 0x7fa496287b30>
986,2020-02-11 01:00:00,<function <lambda> at 0x7fa4962879f0>,<function <lambda> at 0x7fa496287a90>,<function <lambda> at 0x7fa496287b30>
987,2020-02-11 02:00:00,<function <lambda> at 0x7fa4962879f0>,<function <lambda> at 0x7fa496287a90>,<function <lambda> at 0x7fa496287b30>
988,2020-02-11 03:00:00,<function <lambda> at 0x7fa4962879f0>,<function <lambda> at 0x7fa496287a90>,<function <lambda> at 0x7fa496287b30>
989,2020-02-11 04:00:00,<function <lambda> at 0x7fa4962879f0>,<function <lambda> at 0x7fa496287a90>,<function <lambda> at 0x7fa496287b30>
990,2020-02-11 05:00:00,<function <lambda> at 0x7fa4962879f0>,<function <lambda> at 0x7fa496287a90>,<function <lambda> at 0x7fa496287b30>
991,2020-02-11 06:00:00,<function <lambda> at 0x7fa4962879f0>,<function <lambda> at 0x7fa496287a90>,<function <lambda> at 0x7fa496287b30>
992,2020-02-11 07:00:00,<function <lambda> at 0x7fa4962879f0>,<function <lambda> at 0x7fa496287a90>,<function <lambda> at 0x7fa496287b30>
993,2020-02-11 08:00:00,<function <lambda> at 0x7fa4962879f0>,<function <lambda> at 0x7fa496287a90>,<function <lambda> at 0x7fa496287b30>
994,2020-02-11 09:00:00,<function <lambda> at 0x7fa4962879f0>,<function <lambda> at 0x7fa496287a90>,<function <lambda> at 0x7fa496287b30>
995,2020-02-11 10:00:00,<function <lambda> at 0x7fa4962879f0>,<function <lambda> at 0x7fa496287a90>,<function <lambda> at 0x7fa496287b30>
996,2020-02-11 11:00:00,<function <lambda> at 0x7fa4962879f0>,<function <lambda> at 0x7fa496287a90>,<function <lambda> at 0x7fa496287b30>
997,2020-02-11 12:00:00,<function <lambda> at 0x7fa4962879f0>,<function <lambda> at 0x7fa496287a90>,<function <lambda> at 0x7fa496287b30>
998,2020-02-11 13:00:00,<function <lambda> at 0x7fa4962879f0>,<function <lambda> at 0x7fa496287a90>,<function <lambda> at 0x7fa496287b30>
999,2020-02-11 14:00:00,<function <lambda> at 0x7fa4962879f0>,<function <lambda> at 0x7fa496287a90>,<function <lambda> at 0x7fa496287b30>
1000,2020-02-11 15:00:00,<function <lambda> at 0x7fa4962879f0>,<function <lambda> at 0x7fa496287a90>,<function <lambda> at 0x7fa496287b30>
1001,2020-02-11 16:00:00,<function <lambda> at 0x7fa4962879f0>,<function <lambda> at 0x7fa496287a90>,<function <lambda> at 0x7fa496287b30>
1002,2020-02-11 17:00:00,<function <lambda> at 0x7fa4962879f0>,<function <lambda> at 0x7fa496287a90>,<function <lambda> at 0x7fa496287b30>
1003,2020-02-11 18:00:00,<function <lambda> at 0x7fa4962879f0>,<function <lambda> at 0x7fa496287a90>,<function <lambda> at 0x7fa496287b30>
1004,2020-02-11 19:00:00,<function <lambda> at 0x7fa4962879f0>,<function <lambda> at 0x7fa496287a90>,<function <lambda> at 0x7fa496287b30>
1005,2020-02-11 20:00:00,<function <lambda> at 0x7fa4962879f0>,<function <lambda> at 0x7fa496287a90>,<function <lambda> at 0x7fa496287b30>
1006,2020-02-11 21:00:00,<function <lambda> at 0x7fa4962879f0>,<function <lambda> at 0x7fa496287a90>,<function <lambda> at 0x7fa496287b30>
1007,2020-02-11 22:00:00,<function <lambda> at 0x7fa4962879f0>,<function <lambda> at 0x7fa496287a90>,<function <lambda> at 0x7fa496287b30>
1008,2020-02-11 23:00:00,<function <lambda> at 0x7fa4962879f0>,<function <lambda> at 0x7fa496287a90>,<function <lambda> at 0x7fa496287b30>
1009,2020-02-12 00:00:00,<function <lambda> at 0x7fa4962879f0>,<function <lambda> at 0x7fa496287a90>,<function <lambda> at 0x7fa496287b30>
1010,2020-02-12 01:00:00,<function <lambda> at 0x7fa4962879f0>,<function <lambda> at 0x7fa496287a90>,<function <lambda> at 0x7fa496287b30>
1011,2020-02-12 02:00:00,<function <lambda> at 0x7fa4962879f0>,<function <lambda> at 0x7fa496287a90>,<function <lambda> at 0x7fa496287b30>
1012,2020-02-12 03:00:00,<function <lambda> at 0x7fa4962879f0>,<function <lambda> at 0x7fa496287a90>,<function <lambda> at 0x7fa496287b30>
1013,2020-02-12 04:00:00,<function <lambda> at 0x7fa4962879f0>,<function <lambda> at 0x7fa496287a90>,<function <lambda> at 0x7fa496287b30>
1014,2020-02-12 05:00:00,<function <lambda> at 0x7fa4962879f0>,<function <lambda> at 0x7fa496287a90>,<function <lambda> at 0x7fa496287b30>
1015,2020-02-12 06:00:00,<function <lambda> at 0x7fa4962879f0>,<function <lambda> at 0x7fa496287a90>,<function <lambda> at 0x7fa496287b30>
1016,2020-02-12 07:00:00,<function <lambda> at 0x7fa4962879f0>,<function <lambda> at 0x7fa496287a90>,<function <lambda> at 0x7fa496287b30>
1017,2020-02-12 08:00:00,<function <lambda> at 0x7fa4962879f0>,<function <lambda> at 0x7fa496287a90>,<function <lambda> at 0x7fa496287b30>
1018,2020-02-12 09:00:00,<function <lambda> at 0x7fa4962879f0>,<function <lambda> at 0x7fa496287a90>,<function <lambda> at 0x7fa496287b30>
1019,2020-02-12 10:00:00,<function <lambda> at 0x7fa4962879f0>,<function <lambda> at 0x7fa496287a90>,<function <lambda> at 0x7fa496287b30>
1020,2020-02-12 11:00:00,<function <lambda> at 0x7fa4962879f0>,<function <lambda> at 0x7fa496287a90>,<function <lambda> at 0x7fa496287b30>
1021,2020-02-12 12:00:00,<function <lambda> at 0x7fa4962879f0>,<function <lambda> at 0x7fa496287a90>,<function <lambda> at 0x7fa496287b30>
1022,2020-02-12 13:00:00,<function <lambda> at 0x7fa4962879f0>,<function <lambda> at 0x7fa496287a90>,<function <lambda> at 0x7fa496287b30>
1023,2020-02-12 14:00:00,<function <lambda> at 0x7fa4962879f0>,<function <lambda> at 0x7fa496287a90>,<function <lambda> at 0x7fa496287b30>
1024,2020-02-12 15:00:00,<function <lambda> at 0x7fa4962879f0>,<function <lambda> at 0x7fa496287a90>,<function <lambda> at 0x7fa496287b30>
1025,2020-02-12 16:00:00,<function <lambda> at 0x7fa4962879f0>,<function <lambda> at 0x7fa496287a90>,<function <lambda> at 0x7fa496287b30>
1026,2020-02-12 17:00:00,<function <lambda> at 0x7fa4962879f0>,<function <lambda> at 0x7fa496287a90>,<function <lambda> at 0x7fa496287b30>
1027,2020-02-12 18:00:00,<function <lambda> at 0x7fa4962879f0>,<function <lambda> at 0x7fa496287a90>,<function <lambda> at 0x7fa496287b30>
1028,2020-02-12 19:00:00,<function <lambda> at 0x7fa4962879f0>,<function <lambda> at 0x7fa496287a90>,<function <lambda> at 0x7fa496287b30>
1029,2020-02-12 20:00:00,<function <lambda> at 0x7fa4962879f0>,<function <lambda> at 0x7fa496287a90>,<function <lambda> at 0x7fa496287b30>
1030,2020-02-12 21:00:00,<function <lambda> at 0x7fa4962879f0>,<function <lambda> at 0x7fa496287a90>,<function <lambda> at 0x7fa496287b30>
1031,2020-02-12 22:00:00,<function <lambda> at 0x7fa4962879f0>,<function <lambda> at 0x7fa496287a90>,<function <lambda> at 0x7fa496287b30>
1032,2020-02-12 23:00:00,<function <lambda> at 0x7fa4962879f0>,<function <lambda> at 0x7fa496287a90>,<function <lambda> at 0x7fa496287b30>
1033,2020-02-13 00:00:00,<function <lambda> at 0x7fa4962879f0>,<function <lambda> at 0x7fa496287a90>,<function <lambda> at 0x7fa496287b30>
1034,2020-02-13 01:00:00,<function <lambda> at 0x7fa4962879f0>,<function <lambda> at 0x7fa496287a90>,<function <lambda> at 0x7fa496287b30>
1035,2020-02-13 02:00:00,<function <lambda> at 0x7fa4962879f0>,<function <lambda> at 0x7fa496287a90>,<function <lambda> at 0x7fa496287b30>
1036,2020-02-13 03:00:00,<function <lambda> at 0x7fa4962879f0>,<function <lambda> at 0x7fa496287a90>,<function <lambda> at 0x7fa496287b30>
1037,2020-02-13 04:00:00,<function <lambda> at 0x7fa4962879f0>,<function <lambda> at 0x7fa496287a90>,<function <lambda> at 0x7fa496287b30>
1038,2020-02-13 05:00:00,<function <lambda> at 0x7fa4962879f0>,<function <lambda> at 0x7fa496287a90>,<function <lambda> at 0x7fa496287b30>
1039,2020-02-13 06:00:00,<function <lambda> at 0x7fa4962879f0>,<function <lambda> at 0x7fa496287a90>,<function <lambda> at 0x7fa496287b30>
1040,2020-02-13 07:00:00,<function <lambda> at 0x7fa4962879f0>,<function <lambda> at 0x7fa496287a90>,<function <lambda> at 0x7fa496287b30>
1041,2020-02-13 08:00:00,<function <lambda> at 0x7fa4962879f0>,<function <lambda> at 0x7fa496287a90>,<function <lambda> at 0x7fa496287b30>
1042,2020-02-13 09:00:00,<function <lambda> at 0x7fa4962879f0>,<function <lambda> at 0x7fa496287a90>,<function <lambda> at 0x7fa496287b30>
1043,2020-02-13 10:00:00,<function <lambda> at 0x7fa4962879f0>,<function <lambda> at 0x7fa496287a90>,<function <lambda> at 0x7fa496287b30>
1044,2020-02-13 11:00:00,<function <lambda> at 0x7fa4962879f0>,<function <lambda> at 0x7fa496287a90>,<function <lambda> at 0x7fa496287b30>
1045,2020-02-13 12:00:00,<function <lambda> at 0x7fa4962879f0>,<function <lambda> at 0x7fa496287a90>,<function <lambda> at 0x7fa496287b30>
1046,2020-02-13 13:00:00,<function <lambda> at 0x7fa4962879f0>,<function <lambda> at 0x7fa496287a90>,<function <lambda> at 0x7fa496287b30>
1047,2020-02-13 14:00:00,<function <lambda> at 0x7fa4962879f0>,<function <lambda> at 0x7fa496287a90>,<function <lambda> at 0x7fa496287b30>
1048,2020-02-13 15:00:00,<function <lambda> at 0x7fa4962879f0>,<function <lambda> at 0x7fa496287a90>,<function <lambda> at 0x7fa496287b30>
1049,2020-02-13 16:00:00,<function <lambda> at 0x7fa4962879f0>,<function <lambda> at 0x7fa496287a90>,<function <lambda> at 0x7fa496287b30>
1050,2020-02-13 17:00:00,<function <lambda> at 0x7fa4962879f0>,<function <lambda> at 0x7fa496287a90>,<function <lambda> at 0x7fa496287b30>
1051,2020-02-13 18:00:00,<function <lambda> at 0x7fa4962879f0>,<function <lambda> at 0x7fa496287a90>,<function <lambda> at 0x7fa496287b30>
1052,2020-02-13 19:00:00,<function <lambda> at 0x7fa4962879f0>,<function <lambda> at 0x7fa496287a90>,<function <lambda> at 0x7fa496287b30>
1053,2020-02-13 20:00:00,<function <lambda> at 0x7fa4962879f0>,<function <lambda> at 0x7fa496287a90>,<function <lambda> at 0x7fa496287b30>
1054,2020-02-13 21:00:00,<function <lambda> at 0x7fa4962879f0>,<function <lambda> at 0x7fa496287a90>,<function <lambda> at 0x7fa496287b30>
1055,2020-02-13 22:00:00,<function <lambda> at 0x7fa4962879f0>,<function <lambda> at 0x7fa496287a90>,<function <lambda> at 0x7fa496287b30>
1056,2020-02-13 23:00:00,<function <lambda> at 0x7fa4962879f0>,<function <lambda> at 0x7fa496287a90>,<function <lambda> at 0x7fa496287b30>
1057,2020-02-14 00:00:00,<function <lambda> at 0x7fa4962879f0>,<function <lambda> at 0x7fa496287a90>,<function <lambda> at 0x7fa496287b30>
1058,2020-02-14 01:00:00,<function <lambda> at 0x7fa4962879f0>,<function <lambda> at 0x7fa496287a90>,<function <lambda> at 0x7fa496287b30>
1059,2020-02-14 02:00:00,<function <lambda> at 0x7fa4962879f0>,<function <lambda> at 0x7fa496287a90>,<function <lambda> at 0x7fa496287b30>
1060,2020-02-14 03:00:00,<function <lambda> at 0x7fa4962879f0>,<function <lambda> at 0x7fa496287a90>,<function <lambda> at 0x7fa496287b30>
1061,2020-02-14 04:00:00,<function <lambda> at 0x7fa4962879f0>,<function <lambda> at 0x7fa496287a90>,<function <lambda> at 0x7fa496287b30>
1062,2020-02-14 05:00:00,<function <lambda> at 0x7fa4962879f0>,<function <lambda> at 0x7fa496287a90>,<function <lambda> at 0x7fa496287b30>
1063,2020-02-14 06:00:00,<function <lambda> at 0x7fa4962879f0>,<function <lambda> at 0x7fa496287a90>,<function <lambda> at 0x7fa496287b30>
1064,2020-02-14 07:00:00,<function <lambda> at 0x7fa4962879f0>,<function <lambda> at 0x7fa496287a90>,<function <lambda> at 0x7fa496287b30>
1065,2020-02-14 08:00:00,<function <lambda> at 0x7fa4962879f0>,<function <lambda> at 0x7fa496287a90>,<function <lambda> at 0x7fa496287b30>
1066,2020-02-14 09:00:00,<function <lambda> at 0x7fa4962879f0>,<function <lambda> at 0x7fa496287a90>,<function <lambda> at 0x7fa496287b30>
1067,2020-02-14 10:00:00,<function <lambda> at 0x7fa4962879f0>,<function <lambda> at 0x7fa496287a90>,<function <lambda> at 0x7fa496287b30>
1068,2020-02-14 11:00:00,<function <lambda> at 0x7fa4962879f0>,<function <lambda> at 0x7fa496287a90>,<function <lambda> at 0x7fa496287b30>
1069,2020-02-14 12:00:00,<function <lambda> at 0x7fa4962879f0>,<function <lambda> at 0x7fa496287a90>,<function <lambda> at 0x7fa496287b30>
1070,2020-02-14 13:00:00,<function <lambda> at 0x7fa4962879f0>,<function <lambda> at 0x7fa496287a90>,<function <lambda> at 0x7fa496287b30>
1071,2020-02-14 14:00:00,<function <lambda> at 0x7fa4962879f0>,<function <lambda> at 0x7fa496287a90>,<function <lambda> at 0x7fa496287b30>
1072,2020-02-14 15:00:00,<function <lambda> at 0x7fa4962879f0>,<function <lambda> at 0x7fa496287a90>,<function <lambda> at 0x7fa496287b30>
1073,2020-02-14 16:00:00,<function <lambda> at 0x7fa4962879f0>,<function <lambda> at 0x7fa496287a90>,<function <lambda> at 0x7fa496287b30>
1074,2020-02-14 17:00:00,<function <lambda> at 0x7fa4962879f0>,<function <lambda> at 0x7fa496287a90>,<function <lambda> at 0x7fa496287b30>
1075,2020-02-14 18:00:00,<function <lambda> at 0x7fa4962879f0>,<function <lambda> at 0x7fa496287a90>,<function <lambda> at 0x7fa496287b30>
1076,2020-02-14 19:00:00,<function <lambda> at 0x7fa4962879f0>,<function <lambda> at 0x7fa496287a90>,<function <lambda> at 0x7fa496287b30>
1077,2020-02-14 20:00:00,<function <lambda> at 0x7fa4962879f0>,<function <lambda> at 0x7fa496287a90>,<function <lambda> at 0x7fa496287b30>
1078,2020-02-14 21:00:00,<function <lambda> at 0x7fa4962879f0>,<function <lambda> at 0x7fa496287a90>,<function <lambda> at 0x7fa496287b30>
1079,2020-02-14 22:00:00,<function <lambda> at 0x7fa4962879f0>,<function <lambda> at 0x7fa496287a90>,<function <lambda> at 0x7fa496287b30>
1080,2020-02-14 23:00:00,<function <lambda> at 0x7fa4962879f0>,<function <lambda> at 0x7fa496287a90>,<function <lambda> at 0x7fa496287b30>
1081,2020-02-15 00:00:00,<function <lambda> at 0x7fa4962879f0>,<function <lambda> at 0x7fa496287a90>,<function <lambda> at 0x7fa496287b30>
1082,2020-02-15 01:00:00,<function <lambda> at 0x7fa4962879f0>,<function <lambda> at 0x7fa496287a90>,<function <lambda> at 0x7fa496287b30>
1083,2020-02-15 02:00:00,<function <lambda> at 0x7fa4962879f0>,<function <lambda> at 0x7fa496287a90>,<function <lambda> at 0x7fa496287b30>
1084,2020-02-15 03:00:00,<function <lambda> at 0x7fa4962879f0>,<function <lambda> at 0x7fa496287a90>,<function <lambda> at 0x7fa496287b30>
1085,2020-02-15 04:00:00,<function <lambda> at 0x7fa4962879f0>,<function <lambda> at 0x7fa496287a90>,<function <lambda> at 0x7fa496287b30>
1086,2020-02-15 05:00:00,<function <lambda> at 0x7fa4962879f0>,<function <lambda> at 0x7fa496287a90>,<function <lambda> at 0x7fa496287b30>
1087,2020-02-15 06:00:00,<function <lambda> at 0x7fa4962879f0>,<function <lambda> at 0x7fa496287a90>,<function <lambda> at 0x7fa496287b30>
1088,2020-02-15 07:00:00,<function <lambda> at 0x7fa4962879f0>,<function <lambda> at 0x7fa496287a90>,<function <lambda> at 0x7fa496287b30>
1089,2020-02-15 08:00:00,<function <lambda> at 0x7fa4962879f0>,<function <lambda> at 0x7fa496287a90>,<function <lambda> at 0x7fa496287b30>
1090,2020-02-15 09:00:00,<function <lambda> at 0x7fa4962879f0>,<function <lambda> at 0x7fa496287a90>,<function <lambda> at 0x7fa496287b30>
1091,2020-02-15 10:00:00,<function <lambda> at 0x7fa4962879f0>,<function <lambda> at 0x7fa496287a90>,<function <lambda> at 0x7fa496287b30>
1092,2020-02-15 11:00:00,<function <lambda> at 0x7fa4962879f0>,<function <lambda> at 0x7fa496287a90>,<function <lambda> at 0x7fa496287b30>
1093,2020-02-15 12:00:00,<function <lambda> at 0x7fa4962879f0>,<function <lambda> at 0x7fa496287a90>,<function <lambda> at 0x7fa496287b30>
1094,2020-02-15 13:00:00,<function <lambda> at 0x7fa4962879f0>,<function <lambda> at 0x7fa496287a90>,<function <lambda> at 0x7fa496287b30>
1095,2020-02-15 14:00:00,<function <lambda> at 0x7fa4962879f0>,<function <lambda> at 0x7fa496287a90>,<function <lambda> at 0x7fa496287b30>
1096,2020-02-15 15:00:00,<function <lambda> at 0x7fa4962879f0>,<function <lambda> at 0x7fa496287a90>,<function <lambda> at 0x7fa496287b30>
1097,2020-02-15 16:00:00,<function <lambda> at 0x7fa4962879f0>,<function <lambda> at 0x7fa496287a90>,<function <lambda> at 0x7fa496287b30>
1098,2020-02-15 17:00:00,<function <lambda> at 0x7fa4962879f0>,<function <lambda> at 0x7fa496287a90>,<function <lambda> at 0x7fa496287b30>
1099,2020-02-15 18:00:00,<function <lambda> at 0x7fa4962879f0>,<function <lambda> at 0x7fa496287a90>,<function <lambda> at 0x7fa496287b30>
1100,2020-02-15 19:00:00,<function <lambda> at 0x7fa4962879f0>,<function <lambda> at 0x7fa496287a90>,<function <lambda> at 0x7fa496287b30>
1101,2020-02-15 20:00:00,<function <lambda> at 0x7fa4962879f0>,<function <lambda> at 0x7fa496287a90>,<function <lambda> at 0x7fa496287b30>
1102,2020-02-15 21:00:00,<function <lambda> at 0x7fa4962879f0>,<function <lambda> at 0x7fa496287a90>,<function <lambda> at 0x7fa496287b30>
1103,2020-02-15 22:00:00,<function <lambda> at 0x7fa4962879f0>,<function <lambda> at 0x7fa496287a90>,<function <lambda> at 0x7fa496287b30>
1104,2020-02-15 23:00:00,<function <lambda> at 0x7fa4962879f0>,<function <lambda> at 0x7fa496287a90>,<function <lambda> at 0x7fa496287b30>
1105,2020-02-16 00:00:00,<function <lambda> at 0x7fa4962879f0>,<function <lambda> at 0x7fa496287a90>,<function <lambda> at 0x7fa496287b30>
1106,2020-02-16 01:00:00,<function <lambda> at 0x7fa4962879f0>,<function <lambda> at 0x7fa496287a90>,<function <lambda> at 0x7fa496287b30>
1107,2020-02-16 02:00:00,<function <lambda> at 0x7fa4962879f0>,<function <lambda> at 0x7fa496287a90>,<function <lambda> at 0x7fa496287b30>
1108,2020-02-16 03:00:00,<function <lambda> at 0x7fa4962879f0>,<function <lambda> at 0x7fa496287a90>,<function <lambda> at 0x7fa496287b30>
1109,2020-02-16 04:00:00,<function <lambda> at 0x7fa4962879f0>,<function <lambda> at 0x7fa496287a90>,<function <lambda> at 0x7fa496287b30>
1110,2020-02-16 05:00:00,<function <lambda> at 0x7fa4962879f0>,<function <lambda> at 0x7fa496287a90>,<function <lambda> at 0x7fa496287b30>
1111,2020-02-16 06:00:00,<function <lambda> at 0x7fa4962879f0>,<function <lambda> at 0x7fa496287a90>,<function <lambda> at 0x7fa496287b30>
1112,2020-02-16 07:00:00,<function <lambda> at 0x7fa4962879f0>,<function <lambda> at 0x7fa496287a90>,<function <lambda> at 0x7fa496287b30>
1113,2020-02-16 08:00:00,<function <lambda> at 0x7fa4962879f0>,<function <lambda> at 0x7fa496287a90>,<function <lambda> at 0x7fa496287b30>
1114,2020-02-16 09:00:00,<function <lambda> at 0x7fa4962879f0>,<function <lambda> at 0x7fa496287a90>,<function <lambda> at 0x7fa496287b30>
1115,2020-02-16 10:00:00,<function <lambda> at 0x7fa4962879f0>,<function <lambda> at 0x7fa496287a90>,<function <lambda> at 0x7fa496287b30>
1116,2020-02-16 11:00:00,<function <lambda> at 0x7fa4962879f0>,<function <lambda> at 0x7fa496287a90>,<function <lambda> at 0x7fa496287b30>
1117,2020-02-16 12:00:00,<function <lambda> at 0x7fa4962879f0>,<function <lambda> at 0x7fa496287a90>,<function <lambda> at 0x7fa496287b30>
1118,2020-02-16 13:00:00,<function <lambda> at 0x7fa4962879f0>,<function <lambda> at 0x7fa496287a90>,<function <lambda> at 0x7fa496287b30>
1119,2020-02-16 14:00:00,<function <lambda> at 0x7fa4962879f0>,<function <lambda> at 0x7fa496287a90>,<function <lambda> at 0x7fa496287b30>
1120,2020-02-16 15:00:00,<function <lambda> at 0x7fa4962879f0>,<function <lambda> at 0x7fa496287a90>,<function <lambda> at 0x7fa496287b30>
1121,2020-02-16 16:00:00,<function <lambda> at 0x7fa4962879f0>,<function <lambda> at 0x7fa496287a90>,<function <lambda> at 0x7fa496287b30>
1122,2020-02-16 17:00:00,<function <lambda> at 0x7fa4962879f0>,<function <lambda> at 0x7fa496287a90>,<function <lambda> at 0x7fa496287b30>
1123,2020-02-16 18:00:00,<function <lambda> at 0x7fa4962879f0>,<function <lambda> at 0x7fa496287a90>,<function <lambda> at 0x7fa496287b30>
1124,2020-02-16 19:00:00,<function <lambda> at 0x7fa4962879f0>,<function <lambda> at 0x7fa496287a90>,<function <lambda> at 0x7fa496287b30>
1125,2020-02-16 20:00:00,<function <lambda> at 0x7fa4962879f0>,<function <lambda> at 0x7fa496287a90>,<function <lambda> at 0x7fa496287b30>
1126,2020-02-16 21:00:00,<function <lambda> at 0x7fa4962879f0>,<function <lambda> at 0x7fa496287a90>,<function <lambda> at 0x7fa496287b30>
1127,2020-02-16 22:00:00,<function <lambda> at 0x7fa4962879f0>,<function <lambda> at 0x7fa496287a90>,<function <lambda> at 0x7fa496287b30>
1128,2020-02-16 23:00:00,<function <lambda> at 0x7fa4962879f0>,<function <lambda> at 0x7fa496287a90>,<function <lambda> at 0x7fa496287b30>
1129,2020-02-17 00:00:00,<function <lambda> at 0x7fa4962879f0>,<function <lambda> at 0x7fa496287a90>,<function <lambda> at 0x7fa496287b30>
1130,2020-02-17 01:00:00,<function <lambda> at 0x7fa4962879f0>,<function <lambda> at 0x7fa496287a90>,<function <lambda> at 0x7fa496287b30>
1131,2020-02-17 02:00:00,<function <lambda> at 0x7fa4962879f0>,<function <lambda> at 0x7fa496287a90>,<function <lambda> at 0x7fa496287b30>
1132,2020-02-17 03:00:00,<function <lambda> at 0x7fa4962879f0>,<function <lambda> at 0x7fa496287a90>,<function <lambda> at 0x7fa496287b30>
1133,2020-02-17 04:00:00,<function <lambda> at 0x7fa4962879f0>,<function <lambda> at 0x7fa496287a90>,<function <lambda> at 0x7fa496287b30>
1134,2020-02-17 05:00:00,<function <lambda> at 0x7fa4962879f0>,<function <lambda> at 0x7fa496287a90>,<function <lambda> at 0x7fa496287b30>
1135,2020-02-17 06:00:00,<function <lambda> at 0x7fa4962879f0>,<function <lambda> at 0x7fa496287a90>,<function <lambda> at 0x7fa496287b30>
1136,2020-02-17 07:00:00,<function <lambda> at 0x7fa4962879f0>,<function <lambda> at 0x7fa496287a90>,<function <lambda> at 0x7fa496287b30>
1137,2020-02-17 08:00:00,<function <lambda> at 0x7fa4962879f0>,<function <lambda> at 0x7fa496287a90>,<function <lambda> at 0x7fa496287b30>
1138,2020-02-17 09:00:00,<function <lambda> at 0x7fa4962879f0>,<function <lambda> at 0x7fa496287a90>,<function <lambda> at 0x7fa496287b30>
1139,2020-02-17 10:00:00,<function <lambda> at 0x7fa4962879f0>,<function <lambda> at 0x7fa496287a90>,<function <lambda> at 0x7fa496287b30>
1140,2020-02-17 11:00:00,<function <lambda> at 0x7fa4962879f0>,<function <lambda> at 0x7fa496287a90>,<function <lambda> at 0x7fa496287b30>
1141,2020-02-17 12:00:00,<function <lambda> at 0x7fa4962879f0>,<function <lambda> at 0x7fa496287a90>,<function <lambda> at 0x7fa496287b30>
1142,2020-02-17 13:00:00,<function <lambda> at 0x7fa4962879f0>,<function <lambda> at 0x7fa496287a90>,<function <lambda> at 0x7fa496287b30>
1143,2020-02-17 14:00:00,<function <lambda> at 0x7fa4962879f0>,<function <lambda> at 0x7fa496287a90>,<function <lambda> at 0x7fa496287b30>
1144,2020-02-17 15:00:00,<function <lambda> at 0x7fa4962879f0>,<function <lambda> at 0x7fa496287a90>,<function <lambda> at 0x7fa496287b30>
1145,2020-02-17 16:00:00,<function <lambda> at 0x7fa4962879f0>,<function <lambda> at 0x7fa496287a90>,<function <lambda> at 0x7fa496287b30>
1146,2020-02-17 17:00:00,<function <lambda> at 0x7fa4962879f0>,<function <lambda> at 0x7fa496287a90>,<function <lambda> at 0x7fa496287b30>
1147,2020-02-17 18:00:00,<function <lambda> at 0x7fa4962879f0>,<function <lambda> at 0x7fa496287a90>,<function <lambda> at 0x7fa496287b30>
1148,2020-02-17 19:00:00,<function <lambda> at 0x7fa4962879f0>,<function <lambda> at 0x7fa496287a90>,<function <lambda> at 0x7fa496287b30>
1149,2020-02-17 20:00:00,<function <lambda> at 0x7fa4962879f0>,<function <lambda> at 0x7fa496287a90>,<function <lambda> at 0x7fa496287b30>
1150,2020-02-17 21:00:00,<function <lambda> at 0x7fa4962879f0>,<function <lambda> at 0x7fa496287a90>,<function <lambda> at 0x7fa496287b30>
1151,2020-02-17 22:00:00,<function <lambda> at 0x7fa4962879f0>,<function <lambda> at 0x7fa496287a90>,<function <lambda> at 0x7fa496287b30>
1152,2020-02-17 23:00:00,<function <lambda> at 0x7fa4962879f0>,<function <lambda> at 0x7fa496287a90>,<function <lambda> at 0x7fa496287b30>
1153,2020-02-18 00:00:00,<function <lambda> at 0x7fa4962879f0>,<function <lambda> at 0x7fa496287a90>,<function <lambda> at 0x7fa496287b30>
1154,2020-02-18 01:00:00,<function <lambda> at 0x7fa4962879f0>,<function <lambda> at 0x7fa496287a90>,<function <lambda> at 0x7fa496287b30>
1155,2020-02-18 02:00:00,<function <lambda> at 0x7fa4962879f0>,<function <lambda> at 0x7fa496287a90>,<function <lambda> at 0x7fa496287b30>
1156,2020-02-18 03:00:00,<function <lambda> at 0x7fa4962879f0>,<function <lambda> at 0x7fa496287a90>,<function <lambda> at 0x7fa496287b30>
1157,2020-02-18 04:00:00,<function <lambda> at 0x7fa4962879f0>,<function <lambda> at 0x7fa496287a90>,<function <lambda> at 0x7fa496287b30>
1158,2020-02-18 05:00:00,<function <lambda> at 0x7fa4962879f0>,<function <lambda> at 0x7fa496287a90>,<function <lambda> at 0x7fa496287b30>
1159,2020-02-18 06:00:00,<function <lambda> at 0x7fa4962879f0>,<function <lambda> at 0x7fa496287a90>,<function <lambda> at 0x7fa496287b30>
1160,2020-02-18 07:00:00,<function <lambda> at 0x7fa4962879f0>,<function <lambda> at 0x7fa496287a90>,<function <lambda> at 0x7fa496287b30>
1161,2020-02-18 08:00:00,<function <lambda> at 0x7fa4962879f0>,<function <lambda> at 0x7fa496287a90>,<function <lambda> at 0x7fa496287b30>
1162,2020-02-18 09:00:00,<function <lambda> at 0x7fa4962879f0>,<function <lambda> at 0x7fa496287a90>,<function <lambda> at 0x7fa496287b30>
1163,2020-02-18 10:00:00,<function <lambda> at 0x7fa4962879f0>,<function <lambda> at 0x7fa496287a90>,<function <lambda> at 0x7fa496287b30>
1164,2020-02-18 11:00:00,<function <lambda> at 0x7fa4962879f0>,<function <lambda> at 0x7fa496287a90>,<function <lambda> at 0x7fa496287b30>
1165,2020-02-18 12:00:00,<function <lambda> at 0x7fa4962879f0>,<function <lambda> at 0x7fa496287a90>,<function <lambda> at 0x7fa496287b30>
1166,2020-02-18 13:00:00,<function <lambda> at 0x7fa4962879f0>,<function <lambda> at 0x7fa496287a90>,<function <lambda> at 0x7fa496287b30>
1167,2020-02-18 14:00:00,<function <lambda> at 0x7fa4962879f0>,<function <lambda> at 0x7fa496287a90>,<function <lambda> at 0x7fa496287b30>
1168,2020-02-18 15:00:00,<function <lambda> at 0x7fa4962879f0>,<function <lambda> at 0x7fa496287a90>,<function <lambda> at 0x7fa496287b30>
1169,2020-02-18 16:00:00,<function <lambda> at 0x7fa4962879f0>,<function <lambda> at 0x7fa496287a90>,<function <lambda> at 0x7fa496287b30>
1170,2020-02-18 17:00:00,<function <lambda> at 0x7fa4962879f0>,<function <lambda> at 0x7fa496287a90>,<function <lambda> at 0x7fa496287b30>
1171,2020-02-18 18:00:00,<function <lambda> at 0x7fa4962879f0>,<function <lambda> at 0x7fa496287a90>,<function <lambda> at 0x7fa496287b30>
1172,2020-02-18 19:00:00,<function <lambda> at 0x7fa4962879f0>,<function <lambda> at 0x7fa496287a90>,<function <lambda> at 0x7fa496287b30>
1173,2020-02-18 20:00:00,<function <lambda> at 0x7fa4962879f0>,<function <lambda> at 0x7fa496287a90>,<function <lambda> at 0x7fa496287b30>
1174,2020-02-18 21:00:00,<function <lambda> at 0x7fa4962879f0>,<function <lambda> at 0x7fa496287a90>,<function <lambda> at 0x7fa496287b30>
1175,2020-02-18 22:00:00,<function <lambda> at 0x7fa4962879f0>,<function <lambda> at 0x7fa496287a90>,<function <lambda> at 0x7fa496287b30>
1176,2020-02-18 23:00:00,<function <lambda> at 0x7fa4962879f0>,<function <lambda> at 0x7fa496287a90>,<function <lambda> at 0x7fa496287b30>
1177,2020-02-19 00:00:00,<function <lambda> at 0x7fa4962879f0>,<function <lambda> at 0x7fa496287a90>,<function <lambda> at 0x7fa496287b30>
1178,2020-02-19 01:00:00,<function <lambda> at 0x7fa4962879f0>,<function <lambda> at 0x7fa496287a90>,<function <lambda> at 0x7fa496287b30>
1179,2020-02-19 02:00:00,<function <lambda> at 0x7fa4962879f0>,<function <lambda> at 0x7fa496287a90>,<function <lambda> at 0x7fa496287b30>
1180,2020-02-19 03:00:00,<function <lambda> at 0x7fa4962879f0>,<function <lambda> at 0x7fa496287a90>,<function <lambda> at 0x7fa496287b30>
1181,2020-02-19 04:00:00,<function <lambda> at 0x7fa4962879f0>,<function <lambda> at 0x7fa496287a90>,<function <lambda> at 0x7fa496287b30>
1182,2020-02-19 05:00:00,<function <lambda> at 0x7fa4962879f0>,<function <lambda> at 0x7fa496287a90>,<function <lambda> at 0x7fa496287b30>
1183,2020-02-19 06:00:00,<function <lambda> at 0x7fa4962879f0>,<function <lambda> at 0x7fa496287a90>,<function <lambda> at 0x7fa496287b30>
1184,2020-02-19 07:00:00,<function <lambda> at 0x7fa4962879f0>,<function <lambda> at 0x7fa496287a90>,<function <lambda> at 0x7fa496287b30>
1185,2020-02-19 08:00:00,<function <lambda> at 0x7fa4962879f0>,<function <lambda> at 0x7fa496287a90>,<function <lambda> at 0x7fa496287b30>
1186,2020-02-19 09:00:00,<function <lambda> at 0x7fa4962879f0>,<function <lambda> at 0x7fa496287a90>,<function <lambda> at 0x7fa496287b30>
1187,2020-02-19 10:00:00,<function <lambda> at 0x7fa4962879f0>,<function <lambda> at 0x7fa496287a90>,<function <lambda> at 0x7fa496287b30>
1188,2020-02-19 11:00:00,<function <lambda> at 0x7fa4962879f0>,<function <lambda> at 0x7fa496287a90>,<function <lambda> at 0x7fa496287b30>
1189,2020-02-19 12:00:00,<function <lambda> at 0x7fa4962879f0>,<function <lambda> at 0x7fa496287a90>,<function <lambda> at 0x7fa496287b30>
1190,2020-02-19 13:00:00,<function <lambda> at 0x7fa4962879f0>,<function <lambda> at 0x7fa496287a90>,<function <lambda> at 0x7fa496287b30>
1191,2020-02-19 14:00:00,<function <lambda> at 0x7fa4962879f0>,<function <lambda> at 0x7fa496287a90>,<function <lambda> at 0x7fa496287b30>
1192,2020-02-19 15:00:00,<function <lambda> at 0x7fa4962879f0>,<function <lambda> at 0x7fa496287a90>,<function <lambda> at 0x7fa496287b30>
1193,2020-02-19 16:00:00,<function <lambda> at 0x7fa4962879f0>,<function <lambda> at 0x7fa496287a90>,<function <lambda> at 0x7fa496287b30>
1194,2020-02-19 17:00:00,<function <lambda> at 0x7fa4962879f0>,<function <lambda> at 0x7fa496287a90>,<function <lambda> at 0x7fa496287b30>
1195,2020-02-19 18:00:00,<function <lambda> at 0x7fa4962879f0>,<function <lambda> at 0x7fa496287a90>,<function <lambda> at 0x7fa496287b30>
1196,2020-02-19 19:00:00,<function <lambda> at 0x7fa4962879f0>,<function <lambda> at 0x7fa496287a90>,<function <lambda> at 0x7fa496287b30>
1197,2020-02-19 20:00:00,<function <lambda> at 0x7fa4962879f0>,<function <lambda> at 0x7fa496287a90>,<function <lambda> at 0x7fa496287b30>
1198,2020-02-19 21:00:00,<function <lambda> at 0x7fa4962879f0>,<function <lambda> at 0x7fa496287a90>,<function <lambda> at 0x7fa496287b30>
1199,2020-02-19 22:00:00,<function <lambda> at 0x7fa4962879f0>,<function <lambda> at 0x7fa496287a90>,<function <lambda> at 0x7fa496287b30>
1200,2020-02-19 23:00:00,<function <lambda> at 0x7fa4962879f0>,<function <lambda> at 0x7fa496287a90>,<function <lambda> at 0x7fa496287b30>
1201,2020-02-20 00:00:00,<function <lambda> at 0x7fa4962879f0>,<function <lambda> at 0x7fa496287a90>,<function <lambda> at 0x7fa496287b30>
1202,2020-02-20 01:00:00,<function <lambda> at 0x7fa4962879f0>,<function <lambda> at 0x7fa496287a90>,<function <lambda> at 0x7fa496287b30>
1203,2020-02-20 02:00:00,<function <lambda> at 0x7fa4962879f0>,<function <lambda> at 0x7fa496287a90>,<function <lambda> at 0x7fa496287b30>
1204,2020-02-20 03:00:00,<function <lambda> at 0x7fa4962879f0>,<function <lambda> at 0x7fa496287a90>,<function <lambda> at 0x7fa496287b30>
1205,2020-02-20 04:00:00,<function <lambda> at 0x7fa4962879f0>,<function <lambda> at 0x7fa496287a90>,<function <lambda> at 0x7fa496287b30>
1206,2020-02-20 05:00:00,<function <lambda> at 0x7fa4962879f0>,<function <lambda> at 0x7fa496287a90>,<function <lambda> at 0x7fa496287b30>
1207,2020-02-20 06:00:00,<function <lambda> at 0x7fa4962879f0>,<function <lambda> at 0x7fa496287a90>,<function <lambda> at 0x7fa496287b30>
1208,2020-02-20 07:00:00,<function <lambda> at 0x7fa4962879f0>,<function <lambda> at 0x7fa496287a90>,<function <lambda> at 0x7fa496287b30>
1209,2020-02-20 08:00:00,<function <lambda> at 0x7fa4962879f0>,<function <lambda> at 0x7fa496287a90>,<function <lambda> at 0x7fa496287b30>
1210,2020-02-20 09:00:00,<function <lambda> at 0x7fa4962879f0>,<function <lambda> at 0x7fa496287a90>,<function <lambda> at 0x7fa496287b30>
1211,2020-02-20 10:00:00,<function <lambda> at 0x7fa4962879f0>,<function <lambda> at 0x7fa496287a90>,<function <lambda> at 0x7fa496287b30>
1212,2020-02-20 11:00:00,<function <lambda> at 0x7fa4962879f0>,<function <lambda> at 0x7fa496287a90>,<function <lambda> at 0x7fa496287b30>
1213,2020-02-20 12:00:00,<function <lambda> at 0x7fa4962879f0>,<function <lambda> at 0x7fa496287a90>,<function <lambda> at 0x7fa496287b30>
1214,2020-02-20 13:00:00,<function <lambda> at 0x7fa4962879f0>,<function <lambda> at 0x7fa496287a90>,<function <lambda> at 0x7fa496287b30>
1215,2020-02-20 14:00:00,<function <lambda> at 0x7fa4962879f0>,<function <lambda> at 0x7fa496287a90>,<function <lambda> at 0x7fa496287b30>
1216,2020-02-20 15:00:00,<function <lambda> at 0x7fa4962879f0>,<function <lambda> at 0x7fa496287a90>,<function <lambda> at 0x7fa496287b30>
1217,2020-02-20 16:00:00,<function <lambda> at 0x7fa4962879f0>,<function <lambda> at 0x7fa496287a90>,<function <lambda> at 0x7fa496287b30>
1218,2020-02-20 17:00:00,<function <lambda> at 0x7fa4962879f0>,<function <lambda> at 0x7fa496287a90>,<function <lambda> at 0x7fa496287b30>
1219,2020-02-20 18:00:00,<function <lambda> at 0x7fa4962879f0>,<function <lambda> at 0x7fa496287a90>,<function <lambda> at 0x7fa496287b30>
1220,2020-02-20 19:00:00,<function <lambda> at 0x7fa4962879f0>,<function <lambda> at 0x7fa496287a90>,<function <lambda> at 0x7fa496287b30>
1221,2020-02-20 20:00:00,<function <lambda> at 0x7fa4962879f0>,<function <lambda> at 0x7fa496287a90>,<function <lambda> at 0x7fa496287b30>
1222,2020-02-20 21:00:00,<function <lambda> at 0x7fa4962879f0>,<function <lambda> at 0x7fa496287a90>,<function <lambda> at 0x7fa496287b30>
1223,2020-02-20 22:00:00,<function <lambda> at 0x7fa4962879f0>,<function <lambda> at 0x7fa496287a90>,<function <lambda> at 0x7fa496287b30>
1224,2020-02-20 23:00:00,<function <lambda> at 0x7fa4962879f0>,<function <lambda> at 0x7fa496287a90>,<function <lambda> at 0x7fa496287b30>
1225,2020-02-21 00:00:00,<function <lambda> at 0x7fa4962879f0>,<function <lambda> at 0x7fa496287a90>,<function <lambda> at 0x7fa496287b30>
1226,2020-02-21 01:00:00,<function <lambda> at 0x7fa4962879f0>,<function <lambda> at 0x7fa496287a90>,<function <lambda> at 0x7fa496287b30>
1227,2020-02-21 02:00:00,<function <lambda> at 0x7fa4962879f0>,<function <lambda> at 0x7fa496287a90>,<function <lambda> at 0x7fa496287b30>
1228,2020-02-21 03:00:00,<function <lambda> at 0x7fa4962879f0>,<function <lambda> at 0x7fa496287a90>,<function <lambda> at 0x7fa496287b30>
1229,2020-02-21 04:00:00,<function <lambda> at 0x7fa4962879f0>,<function <lambda> at 0x7fa496287a90>,<function <lambda> at 0x7fa496287b30>
1230,2020-02-21 05:00:00,<function <lambda> at 0x7fa4962879f0>,<function <lambda> at 0x7fa496287a90>,<function <lambda> at 0x7fa496287b30>
1231,2020-02-21 06:00:00,<function <lambda> at 0x7fa4962879f0>,<function <lambda> at 0x7fa496287a90>,<function <lambda> at 0x7fa496287b30>
1232,2020-02-21 07:00:00,<function <lambda> at 0x7fa4962879f0>,<function <lambda> at 0x7fa496287a90>,<function <lambda> at 0x7fa496287b30>
1233,2020-02-21 08:00:00,<function <lambda> at 0x7fa4962879f0>,<function <lambda> at 0x7fa496287a90>,<function <lambda> at 0x7fa496287b30>
1234,2020-02-21 09:00:00,<function <lambda> at 0x7fa4962879f0>,<function <lambda> at 0x7fa496287a90>,<function <lambda> at 0x7fa496287b30>
1235,2020-02-21 10:00:00,<function <lambda> at 0x7fa4962879f0>,<function <lambda> at 0x7fa496287a90>,<function <lambda> at 0x7fa496287b30>
1236,2020-02-21 11:00:00,<function <lambda> at 0x7fa4962879f0>,<function <lambda> at 0x7fa496287a90>,<function <lambda> at 0x7fa496287b30>
1237,2020-02-21 12:00:00,<function <lambda> at 0x7fa4962879f0>,<function <lambda> at 0x7fa496287a90>,<function <lambda> at 0x7fa496287b30>
1238,2020-02-21 13:00:00,<function <lambda> at 0x7fa4962879f0>,<function <lambda> at 0x7fa496287a90>,<function <lambda> at 0x7fa496287b30>
1239,2020-02-21 14:00:00,<function <lambda> at 0x7fa4962879f0>,<function <lambda> at 0x7fa496287a90>,<function <lambda> at 0x7fa496287b30>
1240,2020-02-21 15:00:00,<function <lambda> at 0x7fa4962879f0>,<function <lambda> at 0x7fa496287a90>,<function <lambda> at 0x7fa496287b30>
1241,2020-02-21 16:00:00,<function <lambda> at 0x7fa4962879f0>,<function <lambda> at 0x7fa496287a90>,<function <lambda> at 0x7fa496287b30>
1242,2020-02-21 17:00:00,<function <lambda> at 0x7fa4962879f0>,<function <lambda> at 0x7fa496287a90>,<function <lambda> at 0x7fa496287b30>
1243,2020-02-21 18:00:00,<function <lambda> at 0x7fa4962879f0>,<function <lambda> at 0x7fa496287a90>,<function <lambda> at 0x7fa496287b30>
1244,2020-02-21 19:00:00,<function <lambda> at 0x7fa4962879f0>,<function <lambda> at 0x7fa496287a90>,<function <lambda> at 0x7fa496287b30>
1245,2020-02-21 20:00:00,<function <lambda> at 0x7fa4962879f0>,<function <lambda> at 0x7fa496287a90>,<function <lambda> at 0x7fa496287b30>
1246,2020-02-21 21:00:00,<function <lambda> at 0x7fa4962879f0>,<function <lambda> at 0x7fa496287a90>,<function <lambda> at 0x7fa496287b30>
1247,2020-02-21 22:00:00,<function <lambda> at 0x7fa4962879f0>,<function <lambda> at 0x7fa496287a90>,<function <lambda> at 0x7fa496287b30>
1248,2020-02-21 23:00:00,<function <lambda> at 0x7fa4962879f0>,<function <lambda> at 0x7fa496287a90>,<function <lambda> at 0x7fa496287b30>
1249,2020-02-22 00:00:00,<function <lambda> at 0x7fa4962879f0>,<function <lambda> at 0x7fa496287a90>,<function <lambda> at 0x7fa496287b30>
1250,2020-02-22 01:00:00,<function <lambda> at 0x7fa4962879f0>,<function <lambda> at 0x7fa496287a90>,<function <lambda> at 0x7fa496287b30>
1251,2020-02-22 02:00:00,<function <lambda> at 0x7fa4962879f0>,<function <lambda> at 0x7fa496287a90>,<function <lambda> at 0x7fa496287b30>
1252,2020-02-22 03:00:00,<function <lambda> at 0x7fa4962879f0>,<function <lambda> at 0x7fa496287a90>,<function <lambda> at 0x7fa496287b30>
1253,2020-02-22 04:00:00,<function <lambda> at 0x7fa4962879f0>,<function <lambda> at 0x7fa496287a90>,<function <lambda> at 0x7fa496287b30>
1254,2020-02-22 05:00:00,<function <lambda> at 0x7fa4962879f0>,<function <lambda> at 0x7fa496287a90>,<function <lambda> at 0x7fa496287b30>
1255,2020-02-22 06:00:00,<function <lambda> at 0x7fa4962879f0>,<function <lambda> at 0x7fa496287a90>,<function <lambda> at 0x7fa496287b30>
1256,2020-02-22 07:00:00,<function <lambda> at 0x7fa4962879f0>,<function <lambda> at 0x7fa496287a90>,<function <lambda> at 0x7fa496287b30>
1257,2020-02-22 08:00:00,<function <lambda> at 0x7fa4962879f0>,<function <lambda> at 0x7fa496287a90>,<function <lambda> at 0x7fa496287b30>
1258,2020-02-22 09:00:00,<function <lambda> at 0x7fa4962879f0>,<function <lambda> at 0x7fa496287a90>,<function <lambda> at 0x7fa496287b30>
1259,2020-02-22 10:00:00,<function <lambda> at 0x7fa4962879f0>,<function <lambda> at 0x7fa496287a90>,<function <lambda> at 0x7fa496287b30>
1260,2020-02-22 11:00:00,<function <lambda> at 0x7fa4962879f0>,<function <lambda> at 0x7fa496287a90>,<function <lambda> at 0x7fa496287b30>
1261,2020-02-22 12:00:00,<function <lambda> at 0x7fa4962879f0>,<function <lambda> at 0x7fa496287a90>,<function <lambda> at 0x7fa496287b30>
1262,2020-02-22 13:00:00,<function <lambda> at 0x7fa4962879f0>,<function <lambda> at 0x7fa496287a90>,<function <lambda> at 0x7fa496287b30>
1263,2020-02-22 14:00:00,<function <lambda> at 0x7fa4962879f0>,<function <lambda> at 0x7fa496287a90>,<function <lambda> at 0x7fa496287b30>
1264,2020-02-22 15:00:00,<function <lambda> at 0x7fa4962879f0>,<function <lambda> at 0x7fa496287a90>,<function <lambda> at 0x7fa496287b30>
1265,2020-02-22 16:00:00,<function <lambda> at 0x7fa4962879f0>,<function <lambda> at 0x7fa496287a90>,<function <lambda> at 0x7fa496287b30>
1266,2020-02-22 17:00:00,<function <lambda> at 0x7fa4962879f0>,<function <lambda> at 0x7fa496287a90>,<function <lambda> at 0x7fa496287b30>
1267,2020-02-22 18:00:00,<function <lambda> at 0x7fa4962879f0>,<function <lambda> at 0x7fa496287a90>,<function <lambda> at 0x7fa496287b30>
1268,2020-02-22 19:00:00,<function <lambda> at 0x7fa4962879f0>,<function <lambda> at 0x7fa496287a90>,<function <lambda> at 0x7fa496287b30>
1269,2020-02-22 20:00:00,<function <lambda> at 0x7fa4962879f0>,<function <lambda> at 0x7fa496287a90>,<function <lambda> at 0x7fa496287b30>
1270,2020-02-22 21:00:00,<function <lambda> at 0x7fa4962879f0>,<function <lambda> at 0x7fa496287a90>,<function <lambda> at 0x7fa496287b30>
1271,2020-02-22 22:00:00,<function <lambda> at 0x7fa4962879f0>,<function <lambda> at 0x7fa496287a90>,<function <lambda> at 0x7fa496287b30>
1272,2020-02-22 23:00:00,<function <lambda> at 0x7fa4962879f0>,<function <lambda> at 0x7fa496287a90>,<function <lambda> at 0x7fa496287b30>
1273,2020-02-23 00:00:00,<function <lambda> at 0x7fa4962879f0>,<function <lambda> at 0x7fa496287a90>,<function <lambda> at 0x7fa496287b30>
1274,2020-02-23 01:00:00,<function <lambda> at 0x7fa4962879f0>,<function <lambda> at 0x7fa496287a90>,<function <lambda> at 0x7fa496287b30>
1275,2020-02-23 02:00:00,<function <lambda> at 0x7fa4962879f0>,<function <lambda> at 0x7fa496287a90>,<function <lambda> at 0x7fa496287b30>
1276,2020-02-23 03:00:00,<function <lambda> at 0x7fa4962879f0>,<function <lambda> at 0x7fa496287a90>,<function <lambda> at 0x7fa496287b30>
1277,2020-02-23 04:00:00,<function <lambda> at 0x7fa4962879f0>,<function <lambda> at 0x7fa496287a90>,<function <lambda> at 0x7fa496287b30>
1278,2020-02-23 05:00:00,<function <lambda> at 0x7fa4962879f0>,<function <lambda> at 0x7fa496287a90>,<function <lambda> at 0x7fa496287b30>
1279,2020-02-23 06:00:00,<function <lambda> at 0x7fa4962879f0>,<function <lambda> at 0x7fa496287a90>,<function <lambda> at 0x7fa496287b30>
1280,2020-02-23 07:00:00,<function <lambda> at 0x7fa4962879f0>,<function <lambda> at 0x7fa496287a90>,<function <lambda> at 0x7fa496287b30>
1281,2020-02-23 08:00:00,<function <lambda> at 0x7fa4962879f0>,<function <lambda> at 0x7fa496287a90>,<function <lambda> at 0x7fa496287b30>
1282,2020-02-23 09:00:00,<function <lambda> at 0x7fa4962879f0>,<function <lambda> at 0x7fa496287a90>,<function <lambda> at 0x7fa496287b30>
1283,2020-02-23 10:00:00,<function <lambda> at 0x7fa4962879f0>,<function <lambda> at 0x7fa496287a90>,<function <lambda> at 0x7fa496287b30>
1284,2020-02-23 11:00:00,<function <lambda> at 0x7fa4962879f0>,<function <lambda> at 0x7fa496287a90>,<function <lambda> at 0x7fa496287b30>
1285,2020-02-23 12:00:00,<function <lambda> at 0x7fa4962879f0>,<function <lambda> at 0x7fa496287a90>,<function <lambda> at 0x7fa496287b30>
1286,2020-02-23 13:00:00,<function <lambda> at 0x7fa4962879f0>,<function <lambda> at 0x7fa496287a90>,<function <lambda> at 0x7fa496287b30>
1287,2020-02-23 14:00:00,<function <lambda> at 0x7fa4962879f0>,<function <lambda> at 0x7fa496287a90>,<function <lambda> at 0x7fa496287b30>
1288,2020-02-23 15:00:00,<function <lambda> at 0x7fa4962879f0>,<function <lambda> at 0x7fa496287a90>,<function <lambda> at 0x7fa496287b30>
1289,2020-02-23 16:00:00,<function <lambda> at 0x7fa4962879f0>,<function <lambda> at 0x7fa496287a90>,<function <lambda> at 0x7fa496287b30>
1290,2020-02-23 17:00:00,<function <lambda> at 0x7fa4962879f0>,<function <lambda> at 0x7fa496287a90>,<function <lambda> at 0x7fa496287b30>
1291,2020-02-23 18:00:00,<function <lambda> at 0x7fa4962879f0>,<function <lambda> at 0x7fa496287a90>,<function <lambda> at 0x7fa496287b30>
1292,2020-02-23 19:00:00,<function <lambda> at 0x7fa4962879f0>,<function <lambda> at 0x7fa496287a90>,<function <lambda> at 0x7fa496287b30>
1293,2020-02-23 20:00:00,<function <lambda> at 0x7fa4962879f0>,<function <lambda> at 0x7fa496287a90>,<function <lambda> at 0x7fa496287b30>
1294,2020-02-23 21:00:00,<function <lambda> at 0x7fa4962879f0>,<function <lambda> at 0x7fa496287a90>,<function <lambda> at 0x7fa496287b30>
1295,2020-02-23 22:00:00,<function <lambda> at 0x7fa4962879f0>,<function <lambda> at 0x7fa496287a90>,<function <lambda> at 0x7fa496287b30>
1296,2020-02-23 23:00:00,<function <lambda> at 0x7fa4962879f0>,<function <lambda> at 0x7fa496287a90>,<function <lambda> at 0x7fa496287b30>
1297,2020-02-24 00:00:00,<function <lambda> at 0x7fa4962879f0>,<function <lambda> at 0x7fa496287a90>,<function <lambda> at 0x7fa496287b30>
1298,2020-02-24 01:00:00,<function <lambda> at 0x7fa4962879f0>,<function <lambda> at 0x7fa496287a90>,<function <lambda> at 0x7fa496287b30>
1299,2020-02-24 02:00:00,<function <lambda> at 0x7fa4962879f0>,<function <lambda> at 0x7fa496287a90>,<function <lambda> at 0x7fa496287b30>
1300,2020-02-24 03:00:00,<function <lambda> at 0x7fa4962879f0>,<function <lambda> at 0x7fa496287a90>,<function <lambda> at 0x7fa496287b30>
1301,2020-02-24 04:00:00,<function <lambda> at 0x7fa4962879f0>,<function <lambda> at 0x7fa496287a90>,<function <lambda> at 0x7fa496287b30>
1302,2020-02-24 05:00:00,<function <lambda> at 0x7fa4962879f0>,<function <lambda> at 0x7fa496287a90>,<function <lambda> at 0x7fa496287b30>
1303,2020-02-24 06:00:00,<function <lambda> at 0x7fa4962879f0>,<function <lambda> at 0x7fa496287a90>,<function <lambda> at 0x7fa496287b30>
1304,2020-02-24 07:00:00,<function <lambda> at 0x7fa4962879f0>,<function <lambda> at 0x7fa496287a90>,<function <lambda> at 0x7fa496287b30>
1305,2020-02-24 08:00:00,<function <lambda> at 0x7fa4962879f0>,<function <lambda> at 0x7fa496287a90>,<function <lambda> at 0x7fa496287b30>
1306,2020-02-24 09:00:00,<function <lambda> at 0x7fa4962879f0>,<function <lambda> at 0x7fa496287a90>,<function <lambda> at 0x7fa496287b30>
1307,2020-02-24 10:00:00,<function <lambda> at 0x7fa4962879f0>,<function <lambda> at 0x7fa496287a90>,<function <lambda> at 0x7fa496287b30>
1308,2020-02-24 11:00:00,<function <lambda> at 0x7fa4962879f0>,<function <lambda> at 0x7fa496287a90>,<function <lambda> at 0x7fa496287b30>
1309,2020-02-24 12:00:00,<function <lambda> at 0x7fa4962879f0>,<function <lambda> at 0x7fa496287a90>,<function <lambda> at 0x7fa496287b30>
1310,2020-02-24 13:00:00,<function <lambda> at 0x7fa4962879f0>,<function <lambda> at 0x7fa496287a90>,<function <lambda> at 0x7fa496287b30>
1311,2020-02-24 14:00:00,<function <lambda> at 0x7fa4962879f0>,<function <lambda> at 0x7fa496287a90>,<function <lambda> at 0x7fa496287b30>
1312,2020-02-24 15:00:00,<function <lambda> at 0x7fa4962879f0>,<function <lambda> at 0x7fa496287a90>,<function <lambda> at 0x7fa496287b30>
1313,2020-02-24 16:00:00,<function <lambda> at 0x7fa4962879f0>,<function <lambda> at 0x7fa496287a90>,<function <lambda> at 0x7fa496287b30>
1314,2020-02-24 17:00:00,<function <lambda> at 0x7fa4962879f0>,<function <lambda> at 0x7fa496287a90>,<function <lambda> at 0x7fa496287b30>
1315,2020-02-24 18:00:00,<function <lambda> at 0x7fa4962879f0>,<function <lambda> at 0x7fa496287a90>,<function <lambda> at 0x7fa496287b30>
1316,2020-02-24 19:00:00,<function <lambda> at 0x7fa4962879f0>,<function <lambda> at 0x7fa496287a90>,<function <lambda> at 0x7fa496287b30>
1317,2020-02-24 20:00:00,<function <lambda> at 0x7fa4962879f0>,<function <lambda> at 0x7fa496287a90>,<function <lambda> at 0x7fa496287b30>
1318,2020-02-24 21:00:00,<function <lambda> at 0x7fa4962879f0>,<function <lambda> at 0x7fa496287a90>,<function <lambda> at 0x7fa496287b30>
1319,2020-02-24 22:00:00,<function <lambda> at 0x7fa4962879f0>,<function <lambda> at 0x7fa496287a90>,<function <lambda> at 0x7fa496287b30>
1320,2020-02-24 23:00:00,<function <lambda> at 0x7fa4962879f0>,<function <lambda> at 0x7fa496287a90>,<function <lambda> at 0x7fa496287b30>
1321,2020-02-25 00:00:00,<function <lambda> at 0x7fa4962879f0>,<function <lambda> at 0x7fa496287a90>,<function <lambda> at 0x7fa496287b30>
1322,2020-02-25 01:00:00,<function <lambda> at 0x7fa4962879f0>,<function <lambda> at 0x7fa496287a90>,<function <lambda> at 0x7fa496287b30>
1323,2020-02-25 02:00:00,<function <lambda> at 0x7fa4962879f0>,<function <lambda> at 0x7fa496287a90>,<function <lambda> at 0x7fa496287b30>
1324,2020-02-25 03:00:00,<function <lambda> at 0x7fa4962879f0>,<function <lambda> at 0x7fa496287a90>,<function <lambda> at 0x7fa496287b30>
1325,2020-02-25 04:00:00,<function <lambda> at 0x7fa4962879f0>,<function <lambda> at 0x7fa496287a90>,<function <lambda> at 0x7fa496287b30>
1326,2020-02-25 05:00:00,<function <lambda> at 0x7fa4962879f0>,<function <lambda> at 0x7fa496287a90>,<function <lambda> at 0x7fa496287b30>
1327,2020-02-25 06:00:00,<function <lambda> at 0x7fa4962879f0>,<function <lambda> at 0x7fa496287a90>,<function <lambda> at 0x7fa496287b30>
1328,2020-02-25 07:00:00,<function <lambda> at 0x7fa4962879f0>,<function <lambda> at 0x7fa496287a90>,<function <lambda> at 0x7fa496287b30>
1329,2020-02-25 08:00:00,<function <lambda> at 0x7fa4962879f0>,<function <lambda> at 0x7fa496287a90>,<function <lambda> at 0x7fa496287b30>
1330,2020-02-25 09:00:00,<function <lambda> at 0x7fa4962879f0>,<function <lambda> at 0x7fa496287a90>,<function <lambda> at 0x7fa496287b30>
1331,2020-02-25 10:00:00,<function <lambda> at 0x7fa4962879f0>,<function <lambda> at 0x7fa496287a90>,<function <lambda> at 0x7fa496287b30>
1332,2020-02-25 11:00:00,<function <lambda> at 0x7fa4962879f0>,<function <lambda> at 0x7fa496287a90>,<function <lambda> at 0x7fa496287b30>
1333,2020-02-25 12:00:00,<function <lambda> at 0x7fa4962879f0>,<function <lambda> at 0x7fa496287a90>,<function <lambda> at 0x7fa496287b30>
1334,2020-02-25 13:00:00,<function <lambda> at 0x7fa4962879f0>,<function <lambda> at 0x7fa496287a90>,<function <lambda> at 0x7fa496287b30>
1335,2020-02-25 14:00:00,<function <lambda> at 0x7fa4962879f0>,<function <lambda> at 0x7fa496287a90>,<function <lambda> at 0x7fa496287b30>
1336,2020-02-25 15:00:00,<function <lambda> at 0x7fa4962879f0>,<function <lambda> at 0x7fa496287a90>,<function <lambda> at 0x7fa496287b30>
1337,2020-02-25 16:00:00,<function <lambda> at 0x7fa4962879f0>,<function <lambda> at 0x7fa496287a90>,<function <lambda> at 0x7fa496287b30>
1338,2020-02-25 17:00:00,<function <lambda> at 0x7fa4962879f0>,<function <lambda> at 0x7fa496287a90>,<function <lambda> at 0x7fa496287b30>
1339,2020-02-25 18:00:00,<function <lambda> at 0x7fa4962879f0>,<function <lambda> at 0x7fa496287a90>,<function <lambda> at 0x7fa496287b30>
1340,2020-02-25 19:00:00,<function <lambda> at 0x7fa4962879f0>,<function <lambda> at 0x7fa496287a90>,<function <lambda> at 0x7fa496287b30>
1341,2020-02-25 20:00:00,<function <lambda> at 0x7fa4962879f0>,<function <lambda> at 0x7fa496287a90>,<function <lambda> at 0x7fa496287b30>
1342,2020-02-25 21:00:00,<function <lambda> at 0x7fa4962879f0>,<function <lambda> at 0x7fa496287a90>,<function <lambda> at 0x7fa496287b30>
1343,2020-02-25 22:00:00,<function <lambda> at 0x7fa4962879f0>,<function <lambda> at 0x7fa496287a90>,<function <lambda> at 0x7fa496287b30>
1344,2020-02-25 23:00:00,<function <lambda> at 0x7fa4962879f0>,<function <lambda> at 0x7fa496287a90>,<function <lambda> at 0x7fa496287b30>
1345,2020-02-26 00:00:00,<function <lambda> at 0x7fa4962879f0>,<function <lambda> at 0x7fa496287a90>,<function <lambda> at 0x7fa496287b30>
1346,2020-02-26 01:00:00,<function <lambda> at 0x7fa4962879f0>,<function <lambda> at 0x7fa496287a90>,<function <lambda> at 0x7fa496287b30>
1347,2020-02-26 02:00:00,<function <lambda> at 0x7fa4962879f0>,<function <lambda> at 0x7fa496287a90>,<function <lambda> at 0x7fa496287b30>
1348,2020-02-26 03:00:00,<function <lambda> at 0x7fa4962879f0>,<function <lambda> at 0x7fa496287a90>,<function <lambda> at 0x7fa496287b30>
1349,2020-02-26 04:00:00,<function <lambda> at 0x7fa4962879f0>,<function <lambda> at 0x7fa496287a90>,<function <lambda> at 0x7fa496287b30>
1350,2020-02-26 05:00:00,<function <lambda> at 0x7fa4962879f0>,<function <lambda> at 0x7fa496287a90>,<function <lambda> at 0x7fa496287b30>
1351,2020-02-26 06:00:00,<function <lambda> at 0x7fa4962879f0>,<function <lambda> at 0x7fa496287a90>,<function <lambda> at 0x7fa496287b30>
1352,2020-02-26 07:00:00,<function <lambda> at 0x7fa4962879f0>,<function <lambda> at 0x7fa496287a90>,<function <lambda> at 0x7fa496287b30>
1353,2020-02-26 08:00:00,<function <lambda> at 0x7fa4962879f0>,<function <lambda> at 0x7fa496287a90>,<function <lambda> at 0x7fa496287b30>
1354,2020-02-26 09:00:00,<function <lambda> at 0x7fa4962879f0>,<function <lambda> at 0x7fa496287a90>,<function <lambda> at 0x7fa496287b30>
1355,2020-02-26 10:00:00,<function <lambda> at 0x7fa4962879f0>,<function <lambda> at 0x7fa496287a90>,<function <lambda> at 0x7fa496287b30>
1356,2020-02-26 11:00:00,<function <lambda> at 0x7fa4962879f0>,<function <lambda> at 0x7fa496287a90>,<function <lambda> at 0x7fa496287b30>
1357,2020-02-26 12:00:00,<function <lambda> at 0x7fa4962879f0>,<function <lambda> at 0x7fa496287a90>,<function <lambda> at 0x7fa496287b30>
1358,2020-02-26 13:00:00,<function <lambda> at 0x7fa4962879f0>,<function <lambda> at 0x7fa496287a90>,<function <lambda> at 0x7fa496287b30>
1359,2020-02-26 14:00:00,<function <lambda> at 0x7fa4962879f0>,<function <lambda> at 0x7fa496287a90>,<function <lambda> at 0x7fa496287b30>
1360,2020-02-26 15:00:00,<function <lambda> at 0x7fa4962879f0>,<function <lambda> at 0x7fa496287a90>,<function <lambda> at 0x7fa496287b30>
1361,2020-02-26 16:00:00,<function <lambda> at 0x7fa4962879f0>,<function <lambda> at 0x7fa496287a90>,<function <lambda> at 0x7fa496287b30>
1362,2020-02-26 17:00:00,<function <lambda> at 0x7fa4962879f0>,<function <lambda> at 0x7fa496287a90>,<function <lambda> at 0x7fa496287b30>
1363,2020-02-26 18:00:00,<function <lambda> at 0x7fa4962879f0>,<function <lambda> at 0x7fa496287a90>,<function <lambda> at 0x7fa496287b30>
1364,2020-02-26 19:00:00,<function <lambda> at 0x7fa4962879f0>,<function <lambda> at 0x7fa496287a90>,<function <lambda> at 0x7fa496287b30>
1365,2020-02-26 20:00:00,<function <lambda> at 0x7fa4962879f0>,<function <lambda> at 0x7fa496287a90>,<function <lambda> at 0x7fa496287b30>
1366,2020-02-26 21:00:00,<function <lambda> at 0x7fa4962879f0>,<function <lambda> at 0x7fa496287a90>,<function <lambda> at 0x7fa496287b30>
1367,2020-02-26 22:00:00,<function <lambda> at 0x7fa4962879f0>,<function <lambda> at 0x7fa496287a90>,<function <lambda> at 0x7fa496287b30>
1368,2020-02-26 23:00:00,<function <lambda> at 0x7fa4962879f0>,<function <lambda> at 0x7fa496287a90>,<function <lambda> at 0x7fa496287b30>
1369,2020-02-27 00:00:00,<function <lambda> at 0x7fa4962879f0>,<function <lambda> at 0x7fa496287a90>,<function <lambda> at 0x7fa496287b30>
1370,2020-02-27 01:00:00,<function <lambda> at 0x7fa4962879f0>,<function <lambda> at 0x7fa496287a90>,<function <lambda> at 0x7fa496287b30>
1371,2020-02-27 02:00:00,<function <lambda> at 0x7fa4962879f0>,<function <lambda> at 0x7fa496287a90>,<function <lambda> at 0x7fa496287b30>
1372,2020-02-27 03:00:00,<function <lambda> at 0x7fa4962879f0>,<function <lambda> at 0x7fa496287a90>,<function <lambda> at 0x7fa496287b30>
1373,2020-02-27 04:00:00,<function <lambda> at 0x7fa4962879f0>,<function <lambda> at 0x7fa496287a90>,<function <lambda> at 0x7fa496287b30>
1374,2020-02-27 05:00:00,<function <lambda> at 0x7fa4962879f0>,<function <lambda> at 0x7fa496287a90>,<function <lambda> at 0x7fa496287b30>
1375,2020-02-27 06:00:00,<function <lambda> at 0x7fa4962879f0>,<function <lambda> at 0x7fa496287a90>,<function <lambda> at 0x7fa496287b30>
1376,2020-02-27 07:00:00,<function <lambda> at 0x7fa4962879f0>,<function <lambda> at 0x7fa496287a90>,<function <lambda> at 0x7fa496287b30>
1377,2020-02-27 08:00:00,<function <lambda> at 0x7fa4962879f0>,<function <lambda> at 0x7fa496287a90>,<function <lambda> at 0x7fa496287b30>
1378,2020-02-27 09:00:00,<function <lambda> at 0x7fa4962879f0>,<function <lambda> at 0x7fa496287a90>,<function <lambda> at 0x7fa496287b30>
1379,2020-02-27 10:00:00,<function <lambda> at 0x7fa4962879f0>,<function <lambda> at 0x7fa496287a90>,<function <lambda> at 0x7fa496287b30>
1380,2020-02-27 11:00:00,<function <lambda> at 0x7fa4962879f0>,<function <lambda> at 0x7fa496287a90>,<function <lambda> at 0x7fa496287b30>
1381,2020-02-27 12:00:00,<function <lambda> at 0x7fa4962879f0>,<function <lambda> at 0x7fa496287a90>,<function <lambda> at 0x7fa496287b30>
1382,2020-02-27 13:00:00,<function <lambda> at 0x7fa4962879f0>,<function <lambda> at 0x7fa496287a90>,<function <lambda> at 0x7fa496287b30>
1383,2020-02-27 14:00:00,<function <lambda> at 0x7fa4962879f0>,<function <lambda> at 0x7fa496287a90>,<function <lambda> at 0x7fa496287b30>
1384,2020-02-27 15:00:00,<function <lambda> at 0x7fa4962879f0>,<function <lambda> at 0x7fa496287a90>,<function <lambda> at 0x7fa496287b30>
1385,2020-02-27 16:00:00,<function <lambda> at 0x7fa4962879f0>,<function <lambda> at 0x7fa496287a90>,<function <lambda> at 0x7fa496287b30>
1386,2020-02-27 17:00:00,<function <lambda> at 0x7fa4962879f0>,<function <lambda> at 0x7fa496287a90>,<function <lambda> at 0x7fa496287b30>
1387,2020-02-27 18:00:00,<function <lambda> at 0x7fa4962879f0>,<function <lambda> at 0x7fa496287a90>,<function <lambda> at 0x7fa496287b30>
1388,2020-02-27 19:00:00,<function <lambda> at 0x7fa4962879f0>,<function <lambda> at 0x7fa496287a90>,<function <lambda> at 0x7fa496287b30>
1389,2020-02-27 20:00:00,<function <lambda> at 0x7fa4962879f0>,<function <lambda> at 0x7fa496287a90>,<function <lambda> at 0x7fa496287b30>
1390,2020-02-27 21:00:00,<function <lambda> at 0x7fa4962879f0>,<function <lambda> at 0x7fa496287a90>,<function <lambda> at 0x7fa496287b30>
1391,2020-02-27 22:00:00,<function <lambda> at 0x7fa4962879f0>,<function <lambda> at 0x7fa496287a90>,<function <lambda> at 0x7fa496287b30>
1392,2020-02-27 23:00:00,<function <lambda> at 0x7fa4962879f0>,<function <lambda> at 0x7fa496287a90>,<function <lambda> at 0x7fa496287b30>
1393,2020-02-28 00:00:00,<function <lambda> at 0x7fa4962879f0>,<function <lambda> at 0x7fa496287a90>,<function <lambda> at 0x7fa496287b30>
1394,2020-02-28 01:00:00,<function <lambda> at 0x7fa4962879f0>,<function <lambda> at 0x7fa496287a90>,<function <lambda> at 0x7fa496287b30>
1395,2020-02-28 02:00:00,<function <lambda> at 0x7fa4962879f0>,<function <lambda> at 0x7fa496287a90>,<function <lambda> at 0x7fa496287b30>
1396,2020-02-28 03:00:00,<function <lambda> at 0x7fa4962879f0>,<function <lambda> at 0x7fa496287a90>,<function <lambda> at 0x7fa496287b30>
1397,2020-02-28 04:00:00,<function <lambda> at 0x7fa4962879f0>,<function <lambda> at 0x7fa496287a90>,<function <lambda> at 0x7fa496287b30>
1398,2020-02-28 05:00:00,<function <lambda> at 0x7fa4962879f0>,<function <lambda> at 0x7fa496287a90>,<function <lambda> at 0x7fa496287b30>
1399,2020-02-28 06:00:00,<function <lambda> at 0x7fa4962879f0>,<function <lambda> at 0x7fa496287a90>,<function <lambda> at 0x7fa496287b30>
1400,2020-02-28 07:00:00,<function <lambda> at 0x7fa4962879f0>,<function <lambda> at 0x7fa496287a90>,<function <lambda> at 0x7fa496287b30>
1401,2020-02-28 08:00:00,<function <lambda> at 0x7fa4962879f0>,<function <lambda> at 0x7fa496287a90>,<function <lambda> at 0x7fa496287b30>
1402,2020-02-28 09:00:00,<function <lambda> at 0x7fa4962879f0>,<function <lambda> at 0x7fa496287a90>,<function <lambda> at 0x7fa496287b30>
1403,2020-02-28 10:00:00,<function <lambda> at 0x7fa4962879f0>,<function <lambda> at 0x7fa496287a90>,<function <lambda> at 0x7fa496287b30>
1404,2020-02-28 11:00:00,<function <lambda> at 0x7fa4962879f0>,<function <lambda> at 0x7fa496287a90>,<function <lambda> at 0x7fa496287b30>
1405,2020-02-28 12:00:00,<function <lambda> at 0x7fa4962879f0>,<function <lambda> at 0x7fa496287a90>,<function <lambda> at 0x7fa496287b30>
1406,2020-02-28 13:00:00,<function <lambda> at 0x7fa4962879f0>,<function <lambda> at 0x7fa496287a90>,<function <lambda> at 0x7fa496287b30>
1407,2020-02-28 14:00:00,<function <lambda> at 0x7fa4962879f0>,<function <lambda> at 0x7fa496287a90>,<function <lambda> at 0x7fa496287b30>
1408,2020-02-28 15:00:00,<function <lambda> at 0x7fa4962879f0>,<function <lambda> at 0x7fa496287a90>,<function <lambda> at 0x7fa496287b30>
1409,2020-02-28 16:00:00,<function <lambda> at 0x7fa4962879f0>,<function <lambda> at 0x7fa496287a90>,<function <lambda> at 0x7fa496287b30>
1410,2020-02-28 17:00:00,<function <lambda> at 0x7fa4962879f0>,<function <lambda> at 0x7fa496287a90>,<function <lambda> at 0x7fa496287b30>
1411,2020-02-28 18:00:00,<function <lambda> at 0x7fa4962879f0>,<function <lambda> at 0x7fa496287a90>,<function <lambda> at 0x7fa496287b30>
1412,2020-02-28 19:00:00,<function <lambda> at 0x7fa4962879f0>,<function <lambda> at 0x7fa496287a90>,<function <lambda> at 0x7fa496287b30>
1413,2020-02-28 20:00:00,<function <lambda> at 0x7fa4962879f0>,<function <lambda> at 0x7fa496287a90>,<function <lambda> at 0x7fa496287b30>
1414,2020-02-28 21:00:00,<function <lambda> at 0x7fa4962879f0>,<function <lambda> at 0x7fa496287a90>,<function <lambda> at 0x7fa496287b30>
1415,2020-02-28 22:00:00,<function <lambda> at 0x7fa4962879f0>,<function <lambda> at 0x7fa496287a90>,<function <lambda> at 0x7fa496287b30>
1416,2020-02-28 23:00:00,<function <lambda> at 0x7fa4962879f0>,<function <lambda> at 0x7fa496287a90>,<function <lambda> at 0x7fa496287b30>
1417,2020-02-29 00:00:00,<function <lambda> at 0x7fa4962879f0>,<function <lambda> at 0x7fa496287a90>,<function <lambda> at 0x7fa496287b30>
1418,2020-02-29 01:00:00,<function <lambda> at 0x7fa4962879f0>,<function <lambda> at 0x7fa496287a90>,<function <lambda> at 0x7fa496287b30>
1419,2020-02-29 02:00:00,<function <lambda> at 0x7fa4962879f0>,<function <lambda> at 0x7fa496287a90>,<function <lambda> at 0x7fa496287b30>
1420,2020-02-29 03:00:00,<function <lambda> at 0x7fa4962879f0>,<function <lambda> at 0x7fa496287a90>,<function <lambda> at 0x7fa496287b30>
1421,2020-02-29 04:00:00,<function <lambda> at 0x7fa4962879f0>,<function <lambda> at 0x7fa496287a90>,<function <lambda> at 0x7fa496287b30>
1422,2020-02-29 05:00:00,<function <lambda> at 0x7fa4962879f0>,<function <lambda> at 0x7fa496287a90>,<function <lambda> at 0x7fa496287b30>
1423,2020-02-29 06:00:00,<function <lambda> at 0x7fa4962879f0>,<function <lambda> at 0x7fa496287a90>,<function <lambda> at 0x7fa496287b30>
1424,2020-02-29 07:00:00,<function <lambda> at 0x7fa4962879f0>,<function <lambda> at 0x7fa496287a90>,<function <lambda> at 0x7fa496287b30>
1425,2020-02-29 08:00:00,<function <lambda> at 0x7fa4962879f0>,<function <lambda> at 0x7fa496287a90>,<function <lambda> at 0x7fa496287b30>
1426,2020-02-29 09:00:00,<function <lambda> at 0x7fa4962879f0>,<function <lambda> at 0x7fa496287a90>,<function <lambda> at 0x7fa496287b30>
1427,2020-02-29 10:00:00,<function <lambda> at 0x7fa4962879f0>,<function <lambda> at 0x7fa496287a90>,<function <lambda> at 0x7fa496287b30>
1428,2020-02-29 11:00:00,<function <lambda> at 0x7fa4962879f0>,<function <lambda> at 0x7fa496287a90>,<function <lambda> at 0x7fa496287b30>
1429,2020-02-29 12:00:00,<function <lambda> at 0x7fa4962879f0>,<function <lambda> at 0x7fa496287a90>,<function <lambda> at 0x7fa496287b30>
1430,2020-02-29 13:00:00,<function <lambda> at 0x7fa4962879f0>,<function <lambda> at 0x7fa496287a90>,<function <lambda> at 0x7fa496287b30>
1431,2020-02-29 14:00:00,<function <lambda> at 0x7fa4962879f0>,<function <lambda> at 0x7fa496287a90>,<function <lambda> at 0x7fa496287b30>
1432,2020-02-29 15:00:00,<function <lambda> at 0x7fa4962879f0>,<function <lambda> at 0x7fa496287a90>,<function <lambda> at 0x7fa496287b30>
1433,2020-02-29 16:00:00,<function <lambda> at 0x7fa4962879f0>,<function <lambda> at 0x7fa496287a90>,<function <lambda> at 0x7fa496287b30>
1434,2020-02-29 17:00:00,<function <lambda> at 0x7fa4962879f0>,<function <lambda> at 0x7fa496287a90>,<function <lambda> at 0x7fa496287b30>
1435,2020-02-29 18:00:00,<function <lambda> at 0x7fa4962879f0>,<function <lambda> at 0x7fa496287a90>,<function <lambda> at 0x7fa496287b30>
1436,2020-02-29 19:00:00,<function <lambda> at 0x7fa4962879f0>,<function <lambda> at 0x7fa496287a90>,<function <lambda> at 0x7fa496287b30>
1437,2020-02-29 20:00:00,<function <lambda> at 0x7fa4962879f0>,<function <lambda> at 0x7fa496287a90>,<function <lambda> at 0x7fa496287b30>
1438,2020-02-29 21:00:00,<function <lambda> at 0x7fa4962879f0>,<function <lambda> at 0x7fa496287a90>,<function <lambda> at 0x7fa496287b30>
1439,2020-02-29 22:00:00,<function <lambda> at 0x7fa4962879f0>,<function <lambda> at 0x7fa496287a90>,<function <lambda> at 0x7fa496287b30>
1440,2020-02-29 23:00:00,<function <lambda> at 0x7fa4962879f0>,<function <lambda> at 0x7fa496287a90>,<function <lambda> at 0x7fa496287b30>
1441,2020-03-01 00:00:00,<function <lambda> at 0x7fa4962879f0>,<function <lambda> at 0x7fa496287a90>,<function <lambda> at 0x7fa496287b30>
1442,2020-03-01 01:00:00,<function <lambda> at 0x7fa4962879f0>,<function <lambda> at 0x7fa496287a90>,<function <lambda> at 0x7fa496287b30>
1443,2020-03-01 02:00:00,<function <lambda> at 0x7fa4962879f0>,<function <lambda> at 0x7fa496287a90>,<function <lambda> at 0x7fa496287b30>
1444,2020-03-01 03:00:00,<function <lambda> at 0x7fa4962879f0>,<function <lambda> at 0x7fa496287a90>,<function <lambda> at 0x7fa496287b30>
1445,2020-03-01 04:00:00,<function <lambda> at 0x7fa4962879f0>,<function <lambda> at 0x7fa496287a90>,<function <lambda> at 0x7fa496287b30>
1446,2020-03-01 05:00:00,<function <lambda> at 0x7fa4962879f0>,<function <lambda> at 0x7fa496287a90>,<function <lambda> at 0x7fa496287b30>
1447,2020-03-01 06:00:00,<function <lambda> at 0x7fa4962879f0>,<function <lambda> at 0x7fa496287a90>,<function <lambda> at 0x7fa496287b30>
1448,2020-03-01 07:00:00,<function <lambda> at 0x7fa4962879f0>,<function <lambda> at 0x7fa496287a90>,<function <lambda> at 0x7fa496287b30>
1449,2020-03-01 08:00:00,<function <lambda> at 0x7fa4962879f0>,<function <lambda> at 0x7fa496287a90>,<function <lambda> at 0x7fa496287b30>
1450,2020-03-01 09:00:00,<function <lambda> at 0x7fa4962879f0>,<function <lambda> at 0x7fa496287a90>,<function <lambda> at 0x7fa496287b30>
1451,2020-03-01 10:00:00,<function <lambda> at 0x7fa4962879f0>,<function <lambda> at 0x7fa496287a90>,<function <lambda> at 0x7fa496287b30>
1452,2020-03-01 11:00:00,<function <lambda> at 0x7fa4962879f0>,<function <lambda> at 0x7fa496287a90>,<function <lambda> at 0x7fa496287b30>
1453,2020-03-01 12:00:00,<function <lambda> at 0x7fa4962879f0>,<function <lambda> at 0x7fa496287a90>,<function <lambda> at 0x7fa496287b30>
1454,2020-03-01 13:00:00,<function <lambda> at 0x7fa4962879f0>,<function <lambda> at 0x7fa496287a90>,<function <lambda> at 0x7fa496287b30>
1455,2020-03-01 14:00:00,<function <lambda> at 0x7fa4962879f0>,<function <lambda> at 0x7fa496287a90>,<function <lambda> at 0x7fa496287b30>
1456,2020-03-01 15:00:00,<function <lambda> at 0x7fa4962879f0>,<function <lambda> at 0x7fa496287a90>,<function <lambda> at 0x7fa496287b30>
1457,2020-03-01 16:00:00,<function <lambda> at 0x7fa4962879f0>,<function <lambda> at 0x7fa496287a90>,<function <lambda> at 0x7fa496287b30>
1458,2020-03-01 17:00:00,<function <lambda> at 0x7fa4962879f0>,<function <lambda> at 0x7fa496287a90>,<function <lambda> at 0x7fa496287b30>
1459,2020-03-01 18:00:00,<function <lambda> at 0x7fa4962879f0>,<function <lambda> at 0x7fa496287a90>,<function <lambda> at 0x7fa496287b30>
1460,2020-03-01 19:00:00,<function <lambda> at 0x7fa4962879f0>,<function <lambda> at 0x7fa496287a90>,<function <lambda> at 0x7fa496287b30>
1461,2020-03-01 20:00:00,<function <lambda> at 0x7fa4962879f0>,<function <lambda> at 0x7fa496287a90>,<function <lambda> at 0x7fa496287b30>
1462,2020-03-01 21:00:00,<function <lambda> at 0x7fa4962879f0>,<function <lambda> at 0x7fa496287a90>,<function <lambda> at 0x7fa496287b30>
1463,2020-03-01 22:00:00,<function <lambda> at 0x7fa4962879f0>,<function <lambda> at 0x7fa496287a90>,<function <lambda> at 0x7fa496287b30>
1464,2020-03-01 23:00:00,<function <lambda> at 0x7fa4962879f0>,<function <lambda> at 0x7fa496287a90>,<function <lambda> at 0x7fa496287b30>
1465,2020-03-02 00:00:00,<function <lambda> at 0x7fa4962879f0>,<function <lambda> at 0x7fa496287a90>,<function <lambda> at 0x7fa496287b30>
1466,2020-03-02 01:00:00,<function <lambda> at 0x7fa4962879f0>,<function <lambda> at 0x7fa496287a90>,<function <lambda> at 0x7fa496287b30>
1467,2020-03-02 02:00:00,<function <lambda> at 0x7fa4962879f0>,<function <lambda> at 0x7fa496287a90>,<function <lambda> at 0x7fa496287b30>
1468,2020-03-02 03:00:00,<function <lambda> at 0x7fa4962879f0>,<function <lambda> at 0x7fa496287a90>,<function <lambda> at 0x7fa496287b30>
1469,2020-03-02 04:00:00,<function <lambda> at 0x7fa4962879f0>,<function <lambda> at 0x7fa496287a90>,<function <lambda> at 0x7fa496287b30>
1470,2020-03-02 05:00:00,<function <lambda> at 0x7fa4962879f0>,<function <lambda> at 0x7fa496287a90>,<function <lambda> at 0x7fa496287b30>
1471,2020-03-02 06:00:00,<function <lambda> at 0x7fa4962879f0>,<function <lambda> at 0x7fa496287a90>,<function <lambda> at 0x7fa496287b30>
1472,2020-03-02 07:00:00,<function <lambda> at 0x7fa4962879f0>,<function <lambda> at 0x7fa496287a90>,<function <lambda> at 0x7fa496287b30>
1473,2020-03-02 08:00:00,<function <lambda> at 0x7fa4962879f0>,<function <lambda> at 0x7fa496287a90>,<function <lambda> at 0x7fa496287b30>
1474,2020-03-02 09:00:00,<function <lambda> at 0x7fa4962879f0>,<function <lambda> at 0x7fa496287a90>,<function <lambda> at 0x7fa496287b30>
1475,2020-03-02 10:00:00,<function <lambda> at 0x7fa4962879f0>,<function <lambda> at 0x7fa496287a90>,<function <lambda> at 0x7fa496287b30>
1476,2020-03-02 11:00:00,<function <lambda> at 0x7fa4962879f0>,<function <lambda> at 0x7fa496287a90>,<function <lambda> at 0x7fa496287b30>
1477,2020-03-02 12:00:00,<function <lambda> at 0x7fa4962879f0>,<function <lambda> at 0x7fa496287a90>,<function <lambda> at 0x7fa496287b30>
1478,2020-03-02 13:00:00,<function <lambda> at 0x7fa4962879f0>,<function <lambda> at 0x7fa496287a90>,<function <lambda> at 0x7fa496287b30>
1479,2020-03-02 14:00:00,<function <lambda> at 0x7fa4962879f0>,<function <lambda> at 0x7fa496287a90>,<function <lambda> at 0x7fa496287b30>
1480,2020-03-02 15:00:00,<function <lambda> at 0x7fa4962879f0>,<function <lambda> at 0x7fa496287a90>,<function <lambda> at 0x7fa496287b30>
1481,2020-03-02 16:00:00,<function <lambda> at 0x7fa4962879f0>,<function <lambda> at 0x7fa496287a90>,<function <lambda> at 0x7fa496287b30>
1482,2020-03-02 17:00:00,<function <lambda> at 0x7fa4962879f0>,<function <lambda> at 0x7fa496287a90>,<function <lambda> at 0x7fa496287b30>
1483,2020-03-02 18:00:00,<function <lambda> at 0x7fa4962879f0>,<function <lambda> at 0x7fa496287a90>,<function <lambda> at 0x7fa496287b30>
1484,2020-03-02 19:00:00,<function <lambda> at 0x7fa4962879f0>,<function <lambda> at 0x7fa496287a90>,<function <lambda> at 0x7fa496287b30>
1485,2020-03-02 20:00:00,<function <lambda> at 0x7fa4962879f0>,<function <lambda> at 0x7fa496287a90>,<function <lambda> at 0x7fa496287b30>
1486,2020-03-02 21:00:00,<function <lambda> at 0x7fa4962879f0>,<function <lambda> at 0x7fa496287a90>,<function <lambda> at 0x7fa496287b30>
1487,2020-03-02 22:00:00,<function <lambda> at 0x7fa4962879f0>,<function <lambda> at 0x7fa496287a90>,<function <lambda> at 0x7fa496287b30>
1488,2020-03-02 23:00:00,<function <lambda> at 0x7fa4962879f0>,<function <lambda> at 0x7fa496287a90>,<function <lambda> at 0x7fa496287b30>
1489,2020-03-03 00:00:00,<function <lambda> at 0x7fa4962879f0>,<function <lambda> at 0x7fa496287a90>,<function <lambda> at 0x7fa496287b30>
1490,2020-03-03 01:00:00,<function <lambda> at 0x7fa4962879f0>,<function <lambda> at 0x7fa496287a90>,<function <lambda> at 0x7fa496287b30>
1491,2020-03-03 02:00:00,<function <lambda> at 0x7fa4962879f0>,<function <lambda> at 0x7fa496287a90>,<function <lambda> at 0x7fa496287b30>
1492,2020-03-03 03:00:00,<function <lambda> at 0x7fa4962879f0>,<function <lambda> at 0x7fa496287a90>,<function <lambda> at 0x7fa496287b30>
1493,2020-03-03 04:00:00,<function <lambda> at 0x7fa4962879f0>,<function <lambda> at 0x7fa496287a90>,<function <lambda> at 0x7fa496287b30>
1494,2020-03-03 05:00:00,<function <lambda> at 0x7fa4962879f0>,<function <lambda> at 0x7fa496287a90>,<function <lambda> at 0x7fa496287b30>
1495,2020-03-03 06:00:00,<function <lambda> at 0x7fa4962879f0>,<function <lambda> at 0x7fa496287a90>,<function <lambda> at 0x7fa496287b30>
1496,2020-03-03 07:00:00,<function <lambda> at 0x7fa4962879f0>,<function <lambda> at 0x7fa496287a90>,<function <lambda> at 0x7fa496287b30>
1497,2020-03-03 08:00:00,<function <lambda> at 0x7fa4962879f0>,<function <lambda> at 0x7fa496287a90>,<function <lambda> at 0x7fa496287b30>
1498,2020-03-03 09:00:00,<function <lambda> at 0x7fa4962879f0>,<function <lambda> at 0x7fa496287a90>,<function <lambda> at 0x7fa496287b30>
1499,2020-03-03 10:00:00,<function <lambda> at 0x7fa4962879f0>,<function <lambda> at 0x7fa496287a90>,<function <lambda> at 0x7fa496287b30>
1500,2020-03-03 11:00:00,<function <lambda> at 0x7fa4962879f0>,<function <lambda> at 0x7fa496287a90>,<function <lambda> at 0x7fa496287b30>
1501,2020-03-03 12:00:00,<function <lambda> at 0x7fa4962879f0>,<function <lambda> at 0x7fa496287a90>,<function <lambda> at 0x7fa496287b30>
1502,2020-03-03 13:00:00,<function <lambda> at 0x7fa4962879f0>,<function <lambda> at 0x7fa496287a90>,<function <lambda> at 0x7fa496287b30>
1503,2020-03-03 14:00:00,<function <lambda> at 0x7fa4962879f0>,<function <lambda> at 0x7fa496287a90>,<function <lambda> at 0x7fa496287b30>
1504,2020-03-03 15:00:00,<function <lambda> at 0x7fa4962879f0>,<function <lambda> at 0x7fa496287a90>,<function <lambda> at 0x7fa496287b30>
1505,2020-03-03 16:00:00,<function <lambda> at 0x7fa4962879f0>,<function <lambda> at 0x7fa496287a90>,<function <lambda> at 0x7fa496287b30>
1506,2020-03-03 17:00:00,<function <lambda> at 0x7fa4962879f0>,<function <lambda> at 0x7fa496287a90>,<function <lambda> at 0x7fa496287b30>
1507,2020-03-03 18:00:00,<function <lambda> at 0x7fa4962879f0>,<function <lambda> at 0x7fa496287a90>,<function <lambda> at 0x7fa496287b30>
1508,2020-03-03 19:00:00,<function <lambda> at 0x7fa4962879f0>,<function <lambda> at 0x7fa496287a90>,<function <lambda> at 0x7fa496287b30>
1509,2020-03-03 20:00:00,<function <lambda> at 0x7fa4962879f0>,<function <lambda> at 0x7fa496287a90>,<function <lambda> at 0x7fa496287b30>
1510,2020-03-03 21:00:00,<function <lambda> at 0x7fa4962879f0>,<function <lambda> at 0x7fa496287a90>,<function <lambda> at 0x7fa496287b30>
1511,2020-03-03 22:00:00,<function <lambda> at 0x7fa4962879f0>,<function <lambda> at 0x7fa496287a90>,<function <lambda> at 0x7fa496287b30>
1512,2020-03-03 23:00:00,<function <lambda> at 0x7fa4962879f0>,<function <lambda> at 0x7fa496287a90>,<function <lambda> at 0x7fa496287b30>
1513,2020-03-04 00:00:00,<function <lambda> at 0x7fa4962879f0>,<function <lambda> at 0x7fa496287a90>,<function <lambda> at 0x7fa496287b30>
1514,2020-03-04 01:00:00,<function <lambda> at 0x7fa4962879f0>,<function <lambda> at 0x7fa496287a90>,<function <lambda> at 0x7fa496287b30>
1515,2020-03-04 02:00:00,<function <lambda> at 0x7fa4962879f0>,<function <lambda> at 0x7fa496287a90>,<function <lambda> at 0x7fa496287b30>
1516,2020-03-04 03:00:00,<function <lambda> at 0x7fa4962879f0>,<function <lambda> at 0x7fa496287a90>,<function <lambda> at 0x7fa496287b30>
1517,2020-03-04 04:00:00,<function <lambda> at 0x7fa4962879f0>,<function <lambda> at 0x7fa496287a90>,<function <lambda> at 0x7fa496287b30>
1518,2020-03-04 05:00:00,<function <lambda> at 0x7fa4962879f0>,<function <lambda> at 0x7fa496287a90>,<function <lambda> at 0x7fa496287b30>
1519,2020-03-04 06:00:00,<function <lambda> at 0x7fa4962879f0>,<function <lambda> at 0x7fa496287a90>,<function <lambda> at 0x7fa496287b30>
1520,2020-03-04 07:00:00,<function <lambda> at 0x7fa4962879f0>,<function <lambda> at 0x7fa496287a90>,<function <lambda> at 0x7fa496287b30>
1521,2020-03-04 08:00:00,<function <lambda> at 0x7fa4962879f0>,<function <lambda> at 0x7fa496287a90>,<function <lambda> at 0x7fa496287b30>
1522,2020-03-04 09:00:00,<function <lambda> at 0x7fa4962879f0>,<function <lambda> at 0x7fa496287a90>,<function <lambda> at 0x7fa496287b30>
1523,2020-03-04 10:00:00,<function <lambda> at 0x7fa4962879f0>,<function <lambda> at 0x7fa496287a90>,<function <lambda> at 0x7fa496287b30>
1524,2020-03-04 11:00:00,<function <lambda> at 0x7fa4962879f0>,<function <lambda> at 0x7fa496287a90>,<function <lambda> at 0x7fa496287b30>
1525,2020-03-04 12:00:00,<function <lambda> at 0x7fa4962879f0>,<function <lambda> at 0x7fa496287a90>,<function <lambda> at 0x7fa496287b30>
1526,2020-03-04 13:00:00,<function <lambda> at 0x7fa4962879f0>,<function <lambda> at 0x7fa496287a90>,<function <lambda> at 0x7fa496287b30>
1527,2020-03-04 14:00:00,<function <lambda> at 0x7fa4962879f0>,<function <lambda> at 0x7fa496287a90>,<function <lambda> at 0x7fa496287b30>
1528,2020-03-04 15:00:00,<function <lambda> at 0x7fa4962879f0>,<function <lambda> at 0x7fa496287a90>,<function <lambda> at 0x7fa496287b30>
1529,2020-03-04 16:00:00,<function <lambda> at 0x7fa4962879f0>,<function <lambda> at 0x7fa496287a90>,<function <lambda> at 0x7fa496287b30>
1530,2020-03-04 17:00:00,<function <lambda> at 0x7fa4962879f0>,<function <lambda> at 0x7fa496287a90>,<function <lambda> at 0x7fa496287b30>
1531,2020-03-04 18:00:00,<function <lambda> at 0x7fa4962879f0>,<function <lambda> at 0x7fa496287a90>,<function <lambda> at 0x7fa496287b30>
1532,2020-03-04 19:00:00,<function <lambda> at 0x7fa4962879f0>,<function <lambda> at 0x7fa496287a90>,<function <lambda> at 0x7fa496287b30>
1533,2020-03-04 20:00:00,<function <lambda> at 0x7fa4962879f0>,<function <lambda> at 0x7fa496287a90>,<function <lambda> at 0x7fa496287b30>
1534,2020-03-04 21:00:00,<function <lambda> at 0x7fa4962879f0>,<function <lambda> at 0x7fa496287a90>,<function <lambda> at 0x7fa496287b30>
1535,2020-03-04 22:00:00,<function <lambda> at 0x7fa4962879f0>,<function <lambda> at 0x7fa496287a90>,<function <lambda> at 0x7fa496287b30>
1536,2020-03-04 23:00:00,<function <lambda> at 0x7fa4962879f0>,<function <lambda> at 0x7fa496287a90>,<function <lambda> at 0x7fa496287b30>
1537,2020-03-05 00:00:00,<function <lambda> at 0x7fa4962879f0>,<function <lambda> at 0x7fa496287a90>,<function <lambda> at 0x7fa496287b30>
1538,2020-03-05 01:00:00,<function <lambda> at 0x7fa4962879f0>,<function <lambda> at 0x7fa496287a90>,<function <lambda> at 0x7fa496287b30>
1539,2020-03-05 02:00:00,<function <lambda> at 0x7fa4962879f0>,<function <lambda> at 0x7fa496287a90>,<function <lambda> at 0x7fa496287b30>
1540,2020-03-05 03:00:00,<function <lambda> at 0x7fa4962879f0>,<function <lambda> at 0x7fa496287a90>,<function <lambda> at 0x7fa496287b30>
1541,2020-03-05 04:00:00,<function <lambda> at 0x7fa4962879f0>,<function <lambda> at 0x7fa496287a90>,<function <lambda> at 0x7fa496287b30>
1542,2020-03-05 05:00:00,<function <lambda> at 0x7fa4962879f0>,<function <lambda> at 0x7fa496287a90>,<function <lambda> at 0x7fa496287b30>
1543,2020-03-05 06:00:00,<function <lambda> at 0x7fa4962879f0>,<function <lambda> at 0x7fa496287a90>,<function <lambda> at 0x7fa496287b30>
1544,2020-03-05 07:00:00,<function <lambda> at 0x7fa4962879f0>,<function <lambda> at 0x7fa496287a90>,<function <lambda> at 0x7fa496287b30>
1545,2020-03-05 08:00:00,<function <lambda> at 0x7fa4962879f0>,<function <lambda> at 0x7fa496287a90>,<function <lambda> at 0x7fa496287b30>
1546,2020-03-05 09:00:00,<function <lambda> at 0x7fa4962879f0>,<function <lambda> at 0x7fa496287a90>,<function <lambda> at 0x7fa496287b30>
1547,2020-03-05 10:00:00,<function <lambda> at 0x7fa4962879f0>,<function <lambda> at 0x7fa496287a90>,<function <lambda> at 0x7fa496287b30>
1548,2020-03-05 11:00:00,<function <lambda> at 0x7fa4962879f0>,<function <lambda> at 0x7fa496287a90>,<function <lambda> at 0x7fa496287b30>
1549,2020-03-05 12:00:00,<function <lambda> at 0x7fa4962879f0>,<function <lambda> at 0x7fa496287a90>,<function <lambda> at 0x7fa496287b30>
1550,2020-03-05 13:00:00,<function <lambda> at 0x7fa4962879f0>,<function <lambda> at 0x7fa496287a90>,<function <lambda> at 0x7fa496287b30>
1551,2020-03-05 14:00:00,<function <lambda> at 0x7fa4962879f0>,<function <lambda> at 0x7fa496287a90>,<function <lambda> at 0x7fa496287b30>
1552,2020-03-05 15:00:00,<function <lambda> at 0x7fa4962879f0>,<function <lambda> at 0x7fa496287a90>,<function <lambda> at 0x7fa496287b30>
1553,2020-03-05 16:00:00,<function <lambda> at 0x7fa4962879f0>,<function <lambda> at 0x7fa496287a90>,<function <lambda> at 0x7fa496287b30>
1554,2020-03-05 17:00:00,<function <lambda> at 0x7fa4962879f0>,<function <lambda> at 0x7fa496287a90>,<function <lambda> at 0x7fa496287b30>
1555,2020-03-05 18:00:00,<function <lambda> at 0x7fa4962879f0>,<function <lambda> at 0x7fa496287a90>,<function <lambda> at 0x7fa496287b30>
1556,2020-03-05 19:00:00,<function <lambda> at 0x7fa4962879f0>,<function <lambda> at 0x7fa496287a90>,<function <lambda> at 0x7fa496287b30>
1557,2020-03-05 20:00:00,<function <lambda> at 0x7fa4962879f0>,<function <lambda> at 0x7fa496287a90>,<function <lambda> at 0x7fa496287b30>
1558,2020-03-05 21:00:00,<function <lambda> at 0x7fa4962879f0>,<function <lambda> at 0x7fa496287a90>,<function <lambda> at 0x7fa496287b30>
1559,2020-03-05 22:00:00,<function <lambda> at 0x7fa4962879f0>,<function <lambda> at 0x7fa496287a90>,<function <lambda> at 0x7fa496287b30>
1560,2020-03-05 23:00:00,<function <lambda> at 0x7fa4962879f0>,<function <lambda> at 0x7fa496287a90>,<function <lambda> at 0x7fa496287b30>
1561,2020-03-06 00:00:00,<function <lambda> at 0x7fa4962879f0>,<function <lambda> at 0x7fa496287a90>,<function <lambda> at 0x7fa496287b30>
1562,2020-03-06 01:00:00,<function <lambda> at 0x7fa4962879f0>,<function <lambda> at 0x7fa496287a90>,<function <lambda> at 0x7fa496287b30>
1563,2020-03-06 02:00:00,<function <lambda> at 0x7fa4962879f0>,<function <lambda> at 0x7fa496287a90>,<function <lambda> at 0x7fa496287b30>
1564,2020-03-06 03:00:00,<function <lambda> at 0x7fa4962879f0>,<function <lambda> at 0x7fa496287a90>,<function <lambda> at 0x7fa496287b30>
1565,2020-03-06 04:00:00,<function <lambda> at 0x7fa4962879f0>,<function <lambda> at 0x7fa496287a90>,<function <lambda> at 0x7fa496287b30>
1566,2020-03-06 05:00:00,<function <lambda> at 0x7fa4962879f0>,<function <lambda> at 0x7fa496287a90>,<function <lambda> at 0x7fa496287b30>
1567,2020-03-06 06:00:00,<function <lambda> at 0x7fa4962879f0>,<function <lambda> at 0x7fa496287a90>,<function <lambda> at 0x7fa496287b30>
1568,2020-03-06 07:00:00,<function <lambda> at 0x7fa4962879f0>,<function <lambda> at 0x7fa496287a90>,<function <lambda> at 0x7fa496287b30>
1569,2020-03-06 08:00:00,<function <lambda> at 0x7fa4962879f0>,<function <lambda> at 0x7fa496287a90>,<function <lambda> at 0x7fa496287b30>
1570,2020-03-06 09:00:00,<function <lambda> at 0x7fa4962879f0>,<function <lambda> at 0x7fa496287a90>,<function <lambda> at 0x7fa496287b30>
1571,2020-03-06 10:00:00,<function <lambda> at 0x7fa4962879f0>,<function <lambda> at 0x7fa496287a90>,<function <lambda> at 0x7fa496287b30>
1572,2020-03-06 11:00:00,<function <lambda> at 0x7fa4962879f0>,<function <lambda> at 0x7fa496287a90>,<function <lambda> at 0x7fa496287b30>
1573,2020-03-06 12:00:00,<function <lambda> at 0x7fa4962879f0>,<function <lambda> at 0x7fa496287a90>,<function <lambda> at 0x7fa496287b30>
1574,2020-03-06 13:00:00,<function <lambda> at 0x7fa4962879f0>,<function <lambda> at 0x7fa496287a90>,<function <lambda> at 0x7fa496287b30>
1575,2020-03-06 14:00:00,<function <lambda> at 0x7fa4962879f0>,<function <lambda> at 0x7fa496287a90>,<function <lambda> at 0x7fa496287b30>
1576,2020-03-06 15:00:00,<function <lambda> at 0x7fa4962879f0>,<function <lambda> at 0x7fa496287a90>,<function <lambda> at 0x7fa496287b30>
1577,2020-03-06 16:00:00,<function <lambda> at 0x7fa4962879f0>,<function <lambda> at 0x7fa496287a90>,<function <lambda> at 0x7fa496287b30>
1578,2020-03-06 17:00:00,<function <lambda> at 0x7fa4962879f0>,<function <lambda> at 0x7fa496287a90>,<function <lambda> at 0x7fa496287b30>
1579,2020-03-06 18:00:00,<function <lambda> at 0x7fa4962879f0>,<function <lambda> at 0x7fa496287a90>,<function <lambda> at 0x7fa496287b30>
1580,2020-03-06 19:00:00,<function <lambda> at 0x7fa4962879f0>,<function <lambda> at 0x7fa496287a90>,<function <lambda> at 0x7fa496287b30>
1581,2020-03-06 20:00:00,<function <lambda> at 0x7fa4962879f0>,<function <lambda> at 0x7fa496287a90>,<function <lambda> at 0x7fa496287b30>
1582,2020-03-06 21:00:00,<function <lambda> at 0x7fa4962879f0>,<function <lambda> at 0x7fa496287a90>,<function <lambda> at 0x7fa496287b30>
1583,2020-03-06 22:00:00,<function <lambda> at 0x7fa4962879f0>,<function <lambda> at 0x7fa496287a90>,<function <lambda> at 0x7fa496287b30>
1584,2020-03-06 23:00:00,<function <lambda> at 0x7fa4962879f0>,<function <lambda> at 0x7fa496287a90>,<function <lambda> at 0x7fa496287b30>
1585,2020-03-07 00:00:00,<function <lambda> at 0x7fa4962879f0>,<function <lambda> at 0x7fa496287a90>,<function <lambda> at 0x7fa496287b30>
1586,2020-03-07 01:00:00,<function <lambda> at 0x7fa4962879f0>,<function <lambda> at 0x7fa496287a90>,<function <lambda> at 0x7fa496287b30>
1587,2020-03-07 02:00:00,<function <lambda> at 0x7fa4962879f0>,<function <lambda> at 0x7fa496287a90>,<function <lambda> at 0x7fa496287b30>
1588,2020-03-07 03:00:00,<function <lambda> at 0x7fa4962879f0>,<function <lambda> at 0x7fa496287a90>,<function <lambda> at 0x7fa496287b30>
1589,2020-03-07 04:00:00,<function <lambda> at 0x7fa4962879f0>,<function <lambda> at 0x7fa496287a90>,<function <lambda> at 0x7fa496287b30>
1590,2020-03-07 05:00:00,<function <lambda> at 0x7fa4962879f0>,<function <lambda> at 0x7fa496287a90>,<function <lambda> at 0x7fa496287b30>
1591,2020-03-07 06:00:00,<function <lambda> at 0x7fa4962879f0>,<function <lambda> at 0x7fa496287a90>,<function <lambda> at 0x7fa496287b30>
1592,2020-03-07 07:00:00,<function <lambda> at 0x7fa4962879f0>,<function <lambda> at 0x7fa496287a90>,<function <lambda> at 0x7fa496287b30>
1593,2020-03-07 08:00:00,<function <lambda> at 0x7fa4962879f0>,<function <lambda> at 0x7fa496287a90>,<function <lambda> at 0x7fa496287b30>
1594,2020-03-07 09:00:00,<function <lambda> at 0x7fa4962879f0>,<function <lambda> at 0x7fa496287a90>,<function <lambda> at 0x7fa496287b30>
1595,2020-03-07 10:00:00,<function <lambda> at 0x7fa4962879f0>,<function <lambda> at 0x7fa496287a90>,<function <lambda> at 0x7fa496287b30>
1596,2020-03-07 11:00:00,<function <lambda> at 0x7fa4962879f0>,<function <lambda> at 0x7fa496287a90>,<function <lambda> at 0x7fa496287b30>
1597,2020-03-07 12:00:00,<function <lambda> at 0x7fa4962879f0>,<function <lambda> at 0x7fa496287a90>,<function <lambda> at 0x7fa496287b30>
1598,2020-03-07 13:00:00,<function <lambda> at 0x7fa4962879f0>,<function <lambda> at 0x7fa496287a90>,<function <lambda> at 0x7fa496287b30>
1599,2020-03-07 14:00:00,<function <lambda> at 0x7fa4962879f0>,<function <lambda> at 0x7fa496287a90>,<function <lambda> at 0x7fa496287b30>
1600,2020-03-07 15:00:00,<function <lambda> at 0x7fa4962879f0>,<function <lambda> at 0x7fa496287a90>,<function <lambda> at 0x7fa496287b30>
1601,2020-03-07 16:00:00,<function <lambda> at 0x7fa4962879f0>,<function <lambda> at 0x7fa496287a90>,<function <lambda> at 0x7fa496287b30>
1602,2020-03-07 17:00:00,<function <lambda> at 0x7fa4962879f0>,<function <lambda> at 0x7fa496287a90>,<function <lambda> at 0x7fa496287b30>
1603,2020-03-07 18:00:00,<function <lambda> at 0x7fa4962879f0>,<function <lambda> at 0x7fa496287a90>,<function <lambda> at 0x7fa496287b30>
1604,2020-03-07 19:00:00,<function <lambda> at 0x7fa4962879f0>,<function <lambda> at 0x7fa496287a90>,<function <lambda> at 0x7fa496287b30>
1605,2020-03-07 20:00:00,<function <lambda> at 0x7fa4962879f0>,<function <lambda> at 0x7fa496287a90>,<function <lambda> at 0x7fa496287b30>
1606,2020-03-07 21:00:00,<function <lambda> at 0x7fa4962879f0>,<function <lambda> at 0x7fa496287a90>,<function <lambda> at 0x7fa496287b30>
1607,2020-03-07 22:00:00,<function <lambda> at 0x7fa4962879f0>,<function <lambda> at 0x7fa496287a90>,<function <lambda> at 0x7fa496287b30>
1608,2020-03-07 23:00:00,<function <lambda> at 0x7fa4962879f0>,<function <lambda> at 0x7fa496287a90>,<function <lambda> at 0x7fa496287b30>
1609,2020-03-08 00:00:00,<function <lambda> at 0x7fa4962879f0>,<function <lambda> at 0x7fa496287a90>,<function <lambda> at 0x7fa496287b30>
1610,2020-03-08 01:00:00,<function <lambda> at 0x7fa4962879f0>,<function <lambda> at 0x7fa496287a90>,<function <lambda> at 0x7fa496287b30>
1611,2020-03-08 02:00:00,<function <lambda> at 0x7fa4962879f0>,<function <lambda> at 0x7fa496287a90>,<function <lambda> at 0x7fa496287b30>
1612,2020-03-08 03:00:00,<function <lambda> at 0x7fa4962879f0>,<function <lambda> at 0x7fa496287a90>,<function <lambda> at 0x7fa496287b30>
1613,2020-03-08 04:00:00,<function <lambda> at 0x7fa4962879f0>,<function <lambda> at 0x7fa496287a90>,<function <lambda> at 0x7fa496287b30>
1614,2020-03-08 05:00:00,<function <lambda> at 0x7fa4962879f0>,<function <lambda> at 0x7fa496287a90>,<function <lambda> at 0x7fa496287b30>
1615,2020-03-08 06:00:00,<function <lambda> at 0x7fa4962879f0>,<function <lambda> at 0x7fa496287a90>,<function <lambda> at 0x7fa496287b30>
1616,2020-03-08 07:00:00,<function <lambda> at 0x7fa4962879f0>,<function <lambda> at 0x7fa496287a90>,<function <lambda> at 0x7fa496287b30>
1617,2020-03-08 08:00:00,<function <lambda> at 0x7fa4962879f0>,<function <lambda> at 0x7fa496287a90>,<function <lambda> at 0x7fa496287b30>
1618,2020-03-08 09:00:00,<function <lambda> at 0x7fa4962879f0>,<function <lambda> at 0x7fa496287a90>,<function <lambda> at 0x7fa496287b30>
1619,2020-03-08 10:00:00,<function <lambda> at 0x7fa4962879f0>,<function <lambda> at 0x7fa496287a90>,<function <lambda> at 0x7fa496287b30>
1620,2020-03-08 11:00:00,<function <lambda> at 0x7fa4962879f0>,<function <lambda> at 0x7fa496287a90>,<function <lambda> at 0x7fa496287b30>
1621,2020-03-08 12:00:00,<function <lambda> at 0x7fa4962879f0>,<function <lambda> at 0x7fa496287a90>,<function <lambda> at 0x7fa496287b30>
1622,2020-03-08 13:00:00,<function <lambda> at 0x7fa4962879f0>,<function <lambda> at 0x7fa496287a90>,<function <lambda> at 0x7fa496287b30>
1623,2020-03-08 14:00:00,<function <lambda> at 0x7fa4962879f0>,<function <lambda> at 0x7fa496287a90>,<function <lambda> at 0x7fa496287b30>
1624,2020-03-08 15:00:00,<function <lambda> at 0x7fa4962879f0>,<function <lambda> at 0x7fa496287a90>,<function <lambda> at 0x7fa496287b30>
1625,2020-03-08 16:00:00,<function <lambda> at 0x7fa4962879f0>,<function <lambda> at 0x7fa496287a90>,<function <lambda> at 0x7fa496287b30>
1626,2020-03-08 17:00:00,<function <lambda> at 0x7fa4962879f0>,<function <lambda> at 0x7fa496287a90>,<function <lambda> at 0x7fa496287b30>
1627,2020-03-08 18:00:00,<function <lambda> at 0x7fa4962879f0>,<function <lambda> at 0x7fa496287a90>,<function <lambda> at 0x7fa496287b30>
1628,2020-03-08 19:00:00,<function <lambda> at 0x7fa4962879f0>,<function <lambda> at 0x7fa496287a90>,<function <lambda> at 0x7fa496287b30>
1629,2020-03-08 20:00:00,<function <lambda> at 0x7fa4962879f0>,<function <lambda> at 0x7fa496287a90>,<function <lambda> at 0x7fa496287b30>
1630,2020-03-08 21:00:00,<function <lambda> at 0x7fa4962879f0>,<function <lambda> at 0x7fa496287a90>,<function <lambda> at 0x7fa496287b30>
1631,2020-03-08 22:00:00,<function <lambda> at 0x7fa4962879f0>,<function <lambda> at 0x7fa496287a90>,<function <lambda> at 0x7fa496287b30>
1632,2020-03-08 23:00:00,<function <lambda> at 0x7fa4962879f0>,<function <lambda> at 0x7fa496287a90>,<function <lambda> at 0x7fa496287b30>
1633,2020-03-09 00:00:00,<function <lambda> at 0x7fa4962879f0>,<function <lambda> at 0x7fa496287a90>,<function <lambda> at 0x7fa496287b30>
1634,2020-03-09 01:00:00,<function <lambda> at 0x7fa4962879f0>,<function <lambda> at 0x7fa496287a90>,<function <lambda> at 0x7fa496287b30>
1635,2020-03-09 02:00:00,<function <lambda> at 0x7fa4962879f0>,<function <lambda> at 0x7fa496287a90>,<function <lambda> at 0x7fa496287b30>
1636,2020-03-09 03:00:00,<function <lambda> at 0x7fa4962879f0>,<function <lambda> at 0x7fa496287a90>,<function <lambda> at 0x7fa496287b30>
1637,2020-03-09 04:00:00,<function <lambda> at 0x7fa4962879f0>,<function <lambda> at 0x7fa496287a90>,<function <lambda> at 0x7fa496287b30>
1638,2020-03-09 05:00:00,<function <lambda> at 0x7fa4962879f0>,<function <lambda> at 0x7fa496287a90>,<function <lambda> at 0x7fa496287b30>
1639,2020-03-09 06:00:00,<function <lambda> at 0x7fa4962879f0>,<function <lambda> at 0x7fa496287a90>,<function <lambda> at 0x7fa496287b30>
1640,2020-03-09 07:00:00,<function <lambda> at 0x7fa4962879f0>,<function <lambda> at 0x7fa496287a90>,<function <lambda> at 0x7fa496287b30>
1641,2020-03-09 08:00:00,<function <lambda> at 0x7fa4962879f0>,<function <lambda> at 0x7fa496287a90>,<function <lambda> at 0x7fa496287b30>
1642,2020-03-09 09:00:00,<function <lambda> at 0x7fa4962879f0>,<function <lambda> at 0x7fa496287a90>,<function <lambda> at 0x7fa496287b30>
1643,2020-03-09 10:00:00,<function <lambda> at 0x7fa4962879f0>,<function <lambda> at 0x7fa496287a90>,<function <lambda> at 0x7fa496287b30>
1644,2020-03-09 11:00:00,<function <lambda> at 0x7fa4962879f0>,<function <lambda> at 0x7fa496287a90>,<function <lambda> at 0x7fa496287b30>
1645,2020-03-09 12:00:00,<function <lambda> at 0x7fa4962879f0>,<function <lambda> at 0x7fa496287a90>,<function <lambda> at 0x7fa496287b30>
1646,2020-03-09 13:00:00,<function <lambda> at 0x7fa4962879f0>,<function <lambda> at 0x7fa496287a90>,<function <lambda> at 0x7fa496287b30>
1647,2020-03-09 14:00:00,<function <lambda> at 0x7fa4962879f0>,<function <lambda> at 0x7fa496287a90>,<function <lambda> at 0x7fa496287b30>
1648,2020-03-09 15:00:00,<function <lambda> at 0x7fa4962879f0>,<function <lambda> at 0x7fa496287a90>,<function <lambda> at 0x7fa496287b30>
1649,2020-03-09 16:00:00,<function <lambda> at 0x7fa4962879f0>,<function <lambda> at 0x7fa496287a90>,<function <lambda> at 0x7fa496287b30>
1650,2020-03-09 17:00:00,<function <lambda> at 0x7fa4962879f0>,<function <lambda> at 0x7fa496287a90>,<function <lambda> at 0x7fa496287b30>
1651,2020-03-09 18:00:00,<function <lambda> at 0x7fa4962879f0>,<function <lambda> at 0x7fa496287a90>,<function <lambda> at 0x7fa496287b30>
1652,2020-03-09 19:00:00,<function <lambda> at 0x7fa4962879f0>,<function <lambda> at 0x7fa496287a90>,<function <lambda> at 0x7fa496287b30>
1653,2020-03-09 20:00:00,<function <lambda> at 0x7fa4962879f0>,<function <lambda> at 0x7fa496287a90>,<function <lambda> at 0x7fa496287b30>
1654,2020-03-09 21:00:00,<function <lambda> at 0x7fa4962879f0>,<function <lambda> at 0x7fa496287a90>,<function <lambda> at 0x7fa496287b30>
1655,2020-03-09 22:00:00,<function <lambda> at 0x7fa4962879f0>,<function <lambda> at 0x7fa496287a90>,<function <lambda> at 0x7fa496287b30>
1656,2020-03-09 23:00:00,<function <lambda> at 0x7fa4962879f0>,<function <lambda> at 0x7fa496287a90>,<function <lambda> at 0x7fa496287b30>
1657,2020-03-10 00:00:00,<function <lambda> at 0x7fa4962879f0>,<function <lambda> at 0x7fa496287a90>,<function <lambda> at 0x7fa496287b30>
1658,2020-03-10 01:00:00,<function <lambda> at 0x7fa4962879f0>,<function <lambda> at 0x7fa496287a90>,<function <lambda> at 0x7fa496287b30>
1659,2020-03-10 02:00:00,<function <lambda> at 0x7fa4962879f0>,<function <lambda> at 0x7fa496287a90>,<function <lambda> at 0x7fa496287b30>
1660,2020-03-10 03:00:00,<function <lambda> at 0x7fa4962879f0>,<function <lambda> at 0x7fa496287a90>,<function <lambda> at 0x7fa496287b30>
1661,2020-03-10 04:00:00,<function <lambda> at 0x7fa4962879f0>,<function <lambda> at 0x7fa496287a90>,<function <lambda> at 0x7fa496287b30>
1662,2020-03-10 05:00:00,<function <lambda> at 0x7fa4962879f0>,<function <lambda> at 0x7fa496287a90>,<function <lambda> at 0x7fa496287b30>
1663,2020-03-10 06:00:00,<function <lambda> at 0x7fa4962879f0>,<function <lambda> at 0x7fa496287a90>,<function <lambda> at 0x7fa496287b30>
1664,2020-03-10 07:00:00,<function <lambda> at 0x7fa4962879f0>,<function <lambda> at 0x7fa496287a90>,<function <lambda> at 0x7fa496287b30>
1665,2020-03-10 08:00:00,<function <lambda> at 0x7fa4962879f0>,<function <lambda> at 0x7fa496287a90>,<function <lambda> at 0x7fa496287b30>
1666,2020-03-10 09:00:00,<function <lambda> at 0x7fa4962879f0>,<function <lambda> at 0x7fa496287a90>,<function <lambda> at 0x7fa496287b30>
1667,2020-03-10 10:00:00,<function <lambda> at 0x7fa4962879f0>,<function <lambda> at 0x7fa496287a90>,<function <lambda> at 0x7fa496287b30>
1668,2020-03-10 11:00:00,<function <lambda> at 0x7fa4962879f0>,<function <lambda> at 0x7fa496287a90>,<function <lambda> at 0x7fa496287b30>
1669,2020-03-10 12:00:00,<function <lambda> at 0x7fa4962879f0>,<function <lambda> at 0x7fa496287a90>,<function <lambda> at 0x7fa496287b30>
1670,2020-03-10 13:00:00,<function <lambda> at 0x7fa4962879f0>,<function <lambda> at 0x7fa496287a90>,<function <lambda> at 0x7fa496287b30>
1671,2020-03-10 14:00:00,<function <lambda> at 0x7fa4962879f0>,<function <lambda> at 0x7fa496287a90>,<function <lambda> at 0x7fa496287b30>
1672,2020-03-10 15:00:00,<function <lambda> at 0x7fa4962879f0>,<function <lambda> at 0x7fa496287a90>,<function <lambda> at 0x7fa496287b30>
1673,2020-03-10 16:00:00,<function <lambda> at 0x7fa4962879f0>,<function <lambda> at 0x7fa496287a90>,<function <lambda> at 0x7fa496287b30>
1674,2020-03-10 17:00:00,<function <lambda> at 0x7fa4962879f0>,<function <lambda> at 0x7fa496287a90>,<function <lambda> at 0x7fa496287b30>
1675,2020-03-10 18:00:00,<function <lambda> at 0x7fa4962879f0>,<function <lambda> at 0x7fa496287a90>,<function <lambda> at 0x7fa496287b30>
1676,2020-03-10 19:00:00,<function <lambda> at 0x7fa4962879f0>,<function <lambda> at 0x7fa496287a90>,<function <lambda> at 0x7fa496287b30>
1677,2020-03-10 20:00:00,<function <lambda> at 0x7fa4962879f0>,<function <lambda> at 0x7fa496287a90>,<function <lambda> at 0x7fa496287b30>
1678,2020-03-10 21:00:00,<function <lambda> at 0x7fa4962879f0>,<function <lambda> at 0x7fa496287a90>,<function <lambda> at 0x7fa496287b30>
1679,2020-03-10 22:00:00,<function <lambda> at 0x7fa4962879f0>,<function <lambda> at 0x7fa496287a90>,<function <lambda> at 0x7fa496287b30>
1680,2020-03-10 23:00:00,<function <lambda> at 0x7fa4962879f0>,<function <lambda> at 0x7fa496287a90>,<function <lambda> at 0x7fa496287b30>
1681,2020-03-11 00:00:00,<function <lambda> at 0x7fa4962879f0>,<function <lambda> at 0x7fa496287a90>,<function <lambda> at 0x7fa496287b30>
1682,2020-03-11 01:00:00,<function <lambda> at 0x7fa4962879f0>,<function <lambda> at 0x7fa496287a90>,<function <lambda> at 0x7fa496287b30>
1683,2020-03-11 02:00:00,<function <lambda> at 0x7fa4962879f0>,<function <lambda> at 0x7fa496287a90>,<function <lambda> at 0x7fa496287b30>
1684,2020-03-11 03:00:00,<function <lambda> at 0x7fa4962879f0>,<function <lambda> at 0x7fa496287a90>,<function <lambda> at 0x7fa496287b30>
1685,2020-03-11 04:00:00,<function <lambda> at 0x7fa4962879f0>,<function <lambda> at 0x7fa496287a90>,<function <lambda> at 0x7fa496287b30>
1686,2020-03-11 05:00:00,<function <lambda> at 0x7fa4962879f0>,<function <lambda> at 0x7fa496287a90>,<function <lambda> at 0x7fa496287b30>
1687,2020-03-11 06:00:00,<function <lambda> at 0x7fa4962879f0>,<function <lambda> at 0x7fa496287a90>,<function <lambda> at 0x7fa496287b30>
1688,2020-03-11 07:00:00,<function <lambda> at 0x7fa4962879f0>,<function <lambda> at 0x7fa496287a90>,<function <lambda> at 0x7fa496287b30>
1689,2020-03-11 08:00:00,<function <lambda> at 0x7fa4962879f0>,<function <lambda> at 0x7fa496287a90>,<function <lambda> at 0x7fa496287b30>
1690,2020-03-11 09:00:00,<function <lambda> at 0x7fa4962879f0>,<function <lambda> at 0x7fa496287a90>,<function <lambda> at 0x7fa496287b30>
1691,2020-03-11 10:00:00,<function <lambda> at 0x7fa4962879f0>,<function <lambda> at 0x7fa496287a90>,<function <lambda> at 0x7fa496287b30>
1692,2020-03-11 11:00:00,<function <lambda> at 0x7fa4962879f0>,<function <lambda> at 0x7fa496287a90>,<function <lambda> at 0x7fa496287b30>
1693,2020-03-11 12:00:00,<function <lambda> at 0x7fa4962879f0>,<function <lambda> at 0x7fa496287a90>,<function <lambda> at 0x7fa496287b30>
1694,2020-03-11 13:00:00,<function <lambda> at 0x7fa4962879f0>,<function <lambda> at 0x7fa496287a90>,<function <lambda> at 0x7fa496287b30>
1695,2020-03-11 14:00:00,<function <lambda> at 0x7fa4962879f0>,<function <lambda> at 0x7fa496287a90>,<function <lambda> at 0x7fa496287b30>
1696,2020-03-11 15:00:00,<function <lambda> at 0x7fa4962879f0>,<function <lambda> at 0x7fa496287a90>,<function <lambda> at 0x7fa496287b30>
1697,2020-03-11 16:00:00,<function <lambda> at 0x7fa4962879f0>,<function <lambda> at 0x7fa496287a90>,<function <lambda> at 0x7fa496287b30>
1698,2020-03-11 17:00:00,<function <lambda> at 0x7fa4962879f0>,<function <lambda> at 0x7fa496287a90>,<function <lambda> at 0x7fa496287b30>
1699,2020-03-11 18:00:00,<function <lambda> at 0x7fa4962879f0>,<function <lambda> at 0x7fa496287a90>,<function <lambda> at 0x7fa496287b30>
1700,2020-03-11 19:00:00,<function <lambda> at 0x7fa4962879f0>,<function <lambda> at 0x7fa496287a90>,<function <lambda> at 0x7fa496287b30>
1701,2020-03-11 20:00:00,<function <lambda> at 0x7fa4962879f0>,<function <lambda> at 0x7fa496287a90>,<function <lambda> at 0x7fa496287b30>
1702,2020-03-11 21:00:00,<function <lambda> at 0x7fa4962879f0>,<function <lambda> at 0x7fa496287a90>,<function <lambda> at 0x7fa496287b30>
1703,2020-03-11 22:00:00,<function <lambda> at 0x7fa4962879f0>,<function <lambda> at 0x7fa496287a90>,<function <lambda> at 0x7fa496287b30>
1704,2020-03-11 23:00:00,<function <lambda> at 0x7fa4962879f0>,<function <lambda> at 0x7fa496287a90>,<function <lambda> at 0x7fa496287b30>
1705,2020-03-12 00:00:00,<function <lambda> at 0x7fa4962879f0>,<function <lambda> at 0x7fa496287a90>,<function <lambda> at 0x7fa496287b30>
1706,2020-03-12 01:00:00,<function <lambda> at 0x7fa4962879f0>,<function <lambda> at 0x7fa496287a90>,<function <lambda> at 0x7fa496287b30>
1707,2020-03-12 02:00:00,<function <lambda> at 0x7fa4962879f0>,<function <lambda> at 0x7fa496287a90>,<function <lambda> at 0x7fa496287b30>
1708,2020-03-12 03:00:00,<function <lambda> at 0x7fa4962879f0>,<function <lambda> at 0x7fa496287a90>,<function <lambda> at 0x7fa496287b30>
1709,2020-03-12 04:00:00,<function <lambda> at 0x7fa4962879f0>,<function <lambda> at 0x7fa496287a90>,<function <lambda> at 0x7fa496287b30>
1710,2020-03-12 05:00:00,<function <lambda> at 0x7fa4962879f0>,<function <lambda> at 0x7fa496287a90>,<function <lambda> at 0x7fa496287b30>
1711,2020-03-12 06:00:00,<function <lambda> at 0x7fa4962879f0>,<function <lambda> at 0x7fa496287a90>,<function <lambda> at 0x7fa496287b30>
1712,2020-03-12 07:00:00,<function <lambda> at 0x7fa4962879f0>,<function <lambda> at 0x7fa496287a90>,<function <lambda> at 0x7fa496287b30>
1713,2020-03-12 08:00:00,<function <lambda> at 0x7fa4962879f0>,<function <lambda> at 0x7fa496287a90>,<function <lambda> at 0x7fa496287b30>
1714,2020-03-12 09:00:00,<function <lambda> at 0x7fa4962879f0>,<function <lambda> at 0x7fa496287a90>,<function <lambda> at 0x7fa496287b30>
1715,2020-03-12 10:00:00,<function <lambda> at 0x7fa4962879f0>,<function <lambda> at 0x7fa496287a90>,<function <lambda> at 0x7fa496287b30>
1716,2020-03-12 11:00:00,<function <lambda> at 0x7fa4962879f0>,<function <lambda> at 0x7fa496287a90>,<function <lambda> at 0x7fa496287b30>
1717,2020-03-12 12:00:00,<function <lambda> at 0x7fa4962879f0>,<function <lambda> at 0x7fa496287a90>,<function <lambda> at 0x7fa496287b30>
1718,2020-03-12 13:00:00,<function <lambda> at 0x7fa4962879f0>,<function <lambda> at 0x7fa496287a90>,<function <lambda> at 0x7fa496287b30>
1719,2020-03-12 14:00:00,<function <lambda> at 0x7fa4962879f0>,<function <lambda> at 0x7fa496287a90>,<function <lambda> at 0x7fa496287b30>
1720,2020-03-12 15:00:00,<function <lambda> at 0x7fa4962879f0>,<function <lambda> at 0x7fa496287a90>,<function <lambda> at 0x7fa496287b30>
1721,2020-03-12 16:00:00,<function <lambda> at 0x7fa4962879f0>,<function <lambda> at 0x7fa496287a90>,<function <lambda> at 0x7fa496287b30>
1722,2020-03-12 17:00:00,<function <lambda> at 0x7fa4962879f0>,<function <lambda> at 0x7fa496287a90>,<function <lambda> at 0x7fa496287b30>
1723,2020-03-12 18:00:00,<function <lambda> at 0x7fa4962879f0>,<function <lambda> at 0x7fa496287a90>,<function <lambda> at 0x7fa496287b30>
1724,2020-03-12 19:00:00,<function <lambda> at 0x7fa4962879f0>,<function <lambda> at 0x7fa496287a90>,<function <lambda> at 0x7fa496287b30>
1725,2020-03-12 20:00:00,<function <lambda> at 0x7fa4962879f0>,<function <lambda> at 0x7fa496287a90>,<function <lambda> at 0x7fa496287b30>
1726,2020-03-12 21:00:00,<function <lambda> at 0x7fa4962879f0>,<function <lambda> at 0x7fa496287a90>,<function <lambda> at 0x7fa496287b30>
1727,2020-03-12 22:00:00,<function <lambda> at 0x7fa4962879f0>,<function <lambda> at 0x7fa496287a90>,<function <lambda> at 0x7fa496287b30>
1728,2020-03-12 23:00:00,<function <lambda> at 0x7fa4962879f0>,<function <lambda> at 0x7fa496287a90>,<function <lambda> at 0x7fa496287b30>
1729,2020-03-13 00:00:00,<function <lambda> at 0x7fa4962879f0>,<function <lambda> at 0x7fa496287a90>,<function <lambda> at 0x7fa496287b30>
1730,2020-03-13 01:00:00,<function <lambda> at 0x7fa4962879f0>,<function <lambda> at 0x7fa496287a90>,<function <lambda> at 0x7fa496287b30>
1731,2020-03-13 02:00:00,<function <lambda> at 0x7fa4962879f0>,<function <lambda> at 0x7fa496287a90>,<function <lambda> at 0x7fa496287b30>
1732,2020-03-13 03:00:00,<function <lambda> at 0x7fa4962879f0>,<function <lambda> at 0x7fa496287a90>,<function <lambda> at 0x7fa496287b30>
1733,2020-03-13 04:00:00,<function <lambda> at 0x7fa4962879f0>,<function <lambda> at 0x7fa496287a90>,<function <lambda> at 0x7fa496287b30>
1734,2020-03-13 05:00:00,<function <lambda> at 0x7fa4962879f0>,<function <lambda> at 0x7fa496287a90>,<function <lambda> at 0x7fa496287b30>
1735,2020-03-13 06:00:00,<function <lambda> at 0x7fa4962879f0>,<function <lambda> at 0x7fa496287a90>,<function <lambda> at 0x7fa496287b30>
1736,2020-03-13 07:00:00,<function <lambda> at 0x7fa4962879f0>,<function <lambda> at 0x7fa496287a90>,<function <lambda> at 0x7fa496287b30>
1737,2020-03-13 08:00:00,<function <lambda> at 0x7fa4962879f0>,<function <lambda> at 0x7fa496287a90>,<function <lambda> at 0x7fa496287b30>
1738,2020-03-13 09:00:00,<function <lambda> at 0x7fa4962879f0>,<function <lambda> at 0x7fa496287a90>,<function <lambda> at 0x7fa496287b30>
1739,2020-03-13 10:00:00,<function <lambda> at 0x7fa4962879f0>,<function <lambda> at 0x7fa496287a90>,<function <lambda> at 0x7fa496287b30>
1740,2020-03-13 11:00:00,<function <lambda> at 0x7fa4962879f0>,<function <lambda> at 0x7fa496287a90>,<function <lambda> at 0x7fa496287b30>
1741,2020-03-13 12:00:00,<function <lambda> at 0x7fa4962879f0>,<function <lambda> at 0x7fa496287a90>,<function <lambda> at 0x7fa496287b30>
1742,2020-03-13 13:00:00,<function <lambda> at 0x7fa4962879f0>,<function <lambda> at 0x7fa496287a90>,<function <lambda> at 0x7fa496287b30>
1743,2020-03-13 14:00:00,<function <lambda> at 0x7fa4962879f0>,<function <lambda> at 0x7fa496287a90>,<function <lambda> at 0x7fa496287b30>
1744,2020-03-13 15:00:00,<function <lambda> at 0x7fa4962879f0>,<function <lambda> at 0x7fa496287a90>,<function <lambda> at 0x7fa496287b30>
1745,2020-03-13 16:00:00,<function <lambda> at 0x7fa4962879f0>,<function <lambda> at 0x7fa496287a90>,<function <lambda> at 0x7fa496287b30>
1746,2020-03-13 17:00:00,<function <lambda> at 0x7fa4962879f0>,<function <lambda> at 0x7fa496287a90>,<function <lambda> at 0x7fa496287b30>
1747,2020-03-13 18:00:00,<function <lambda> at 0x7fa4962879f0>,<function <lambda> at 0x7fa496287a90>,<function <lambda> at 0x7fa496287b30>
1748,2020-03-13 19:00:00,<function <lambda> at 0x7fa4962879f0>,<function <lambda> at 0x7fa496287a90>,<function <lambda> at 0x7fa496287b30>
1749,2020-03-13 20:00:00,<function <lambda> at 0x7fa4962879f0>,<function <lambda> at 0x7fa496287a90>,<function <lambda> at 0x7fa496287b30>
1750,2020-03-13 21:00:00,<function <lambda> at 0x7fa4962879f0>,<function <lambda> at 0x7fa496287a90>,<function <lambda> at 0x7fa496287b30>
1751,2020-03-13 22:00:00,<function <lambda> at 0x7fa4962879f0>,<function <lambda> at 0x7fa496287a90>,<function <lambda> at 0x7fa496287b30>
1752,2020-03-13 23:00:00,<function <lambda> at 0x7fa4962879f0>,<function <lambda> at 0x7fa496287a90>,<function <lambda> at 0x7fa496287b30>
1753,2020-03-14 00:00:00,<function <lambda> at 0x7fa4962879f0>,<function <lambda> at 0x7fa496287a90>,<function <lambda> at 0x7fa496287b30>
1754,2020-03-14 01:00:00,<function <lambda> at 0x7fa4962879f0>,<function <lambda> at 0x7fa496287a90>,<function <lambda> at 0x7fa496287b30>
1755,2020-03-14 02:00:00,<function <lambda> at 0x7fa4962879f0>,<function <lambda> at 0x7fa496287a90>,<function <lambda> at 0x7fa496287b30>
1756,2020-03-14 03:00:00,<function <lambda> at 0x7fa4962879f0>,<function <lambda> at 0x7fa496287a90>,<function <lambda> at 0x7fa496287b30>
1757,2020-03-14 04:00:00,<function <lambda> at 0x7fa4962879f0>,<function <lambda> at 0x7fa496287a90>,<function <lambda> at 0x7fa496287b30>
1758,2020-03-14 05:00:00,<function <lambda> at 0x7fa4962879f0>,<function <lambda> at 0x7fa496287a90>,<function <lambda> at 0x7fa496287b30>
1759,2020-03-14 06:00:00,<function <lambda> at 0x7fa4962879f0>,<function <lambda> at 0x7fa496287a90>,<function <lambda> at 0x7fa496287b30>
1760,2020-03-14 07:00:00,<function <lambda> at 0x7fa4962879f0>,<function <lambda> at 0x7fa496287a90>,<function <lambda> at 0x7fa496287b30>
1761,2020-03-14 08:00:00,<function <lambda> at 0x7fa4962879f0>,<function <lambda> at 0x7fa496287a90>,<function <lambda> at 0x7fa496287b30>
1762,2020-03-14 09:00:00,<function <lambda> at 0x7fa4962879f0>,<function <lambda> at 0x7fa496287a90>,<function <lambda> at 0x7fa496287b30>
1763,2020-03-14 10:00:00,<function <lambda> at 0x7fa4962879f0>,<function <lambda> at 0x7fa496287a90>,<function <lambda> at 0x7fa496287b30>
1764,2020-03-14 11:00:00,<function <lambda> at 0x7fa4962879f0>,<function <lambda> at 0x7fa496287a90>,<function <lambda> at 0x7fa496287b30>
1765,2020-03-14 12:00:00,<function <lambda> at 0x7fa4962879f0>,<function <lambda> at 0x7fa496287a90>,<function <lambda> at 0x7fa496287b30>
1766,2020-03-14 13:00:00,<function <lambda> at 0x7fa4962879f0>,<function <lambda> at 0x7fa496287a90>,<function <lambda> at 0x7fa496287b30>
1767,2020-03-14 14:00:00,<function <lambda> at 0x7fa4962879f0>,<function <lambda> at 0x7fa496287a90>,<function <lambda> at 0x7fa496287b30>
1768,2020-03-14 15:00:00,<function <lambda> at 0x7fa4962879f0>,<function <lambda> at 0x7fa496287a90>,<function <lambda> at 0x7fa496287b30>
1769,2020-03-14 16:00:00,<function <lambda> at 0x7fa4962879f0>,<function <lambda> at 0x7fa496287a90>,<function <lambda> at 0x7fa496287b30>
1770,2020-03-14 17:00:00,<function <lambda> at 0x7fa4962879f0>,<function <lambda> at 0x7fa496287a90>,<function <lambda> at 0x7fa496287b30>
1771,2020-03-14 18:00:00,<function <lambda> at 0x7fa4962879f0>,<function <lambda> at 0x7fa496287a90>,<function <lambda> at 0x7fa496287b30>
1772,2020-03-14 19:00:00,<function <lambda> at 0x7fa4962879f0>,<function <lambda> at 0x7fa496287a90>,<function <lambda> at 0x7fa496287b30>
1773,2020-03-14 20:00:00,<function <lambda> at 0x7fa4962879f0>,<function <lambda> at 0x7fa496287a90>,<function <lambda> at 0x7fa496287b30>
1774,2020-03-14 21:00:00,<function <lambda> at 0x7fa4962879f0>,<function <lambda> at 0x7fa496287a90>,<function <lambda> at 0x7fa496287b30>
1775,2020-03-14 22:00:00,<function <lambda> at 0x7fa4962879f0>,<function <lambda> at 0x7fa496287a90>,<function <lambda> at 0x7fa496287b30>
1776,2020-03-14 23:00:00,<function <lambda> at 0x7fa4962879f0>,<function <lambda> at 0x7fa496287a90>,<function <lambda> at 0x7fa496287b30>
1777,2020-03-15 00:00:00,<function <lambda> at 0x7fa4962879f0>,<function <lambda> at 0x7fa496287a90>,<function <lambda> at 0x7fa496287b30>
1778,2020-03-15 01:00:00,<function <lambda> at 0x7fa4962879f0>,<function <lambda> at 0x7fa496287a90>,<function <lambda> at 0x7fa496287b30>
1779,2020-03-15 02:00:00,<function <lambda> at 0x7fa4962879f0>,<function <lambda> at 0x7fa496287a90>,<function <lambda> at 0x7fa496287b30>
1780,2020-03-15 03:00:00,<function <lambda> at 0x7fa4962879f0>,<function <lambda> at 0x7fa496287a90>,<function <lambda> at 0x7fa496287b30>
1781,2020-03-15 04:00:00,<function <lambda> at 0x7fa4962879f0>,<function <lambda> at 0x7fa496287a90>,<function <lambda> at 0x7fa496287b30>
1782,2020-03-15 05:00:00,<function <lambda> at 0x7fa4962879f0>,<function <lambda> at 0x7fa496287a90>,<function <lambda> at 0x7fa496287b30>
1783,2020-03-15 06:00:00,<function <lambda> at 0x7fa4962879f0>,<function <lambda> at 0x7fa496287a90>,<function <lambda> at 0x7fa496287b30>
1784,2020-03-15 07:00:00,<function <lambda> at 0x7fa4962879f0>,<function <lambda> at 0x7fa496287a90>,<function <lambda> at 0x7fa496287b30>
1785,2020-03-15 08:00:00,<function <lambda> at 0x7fa4962879f0>,<function <lambda> at 0x7fa496287a90>,<function <lambda> at 0x7fa496287b30>
1786,2020-03-15 09:00:00,<function <lambda> at 0x7fa4962879f0>,<function <lambda> at 0x7fa496287a90>,<function <lambda> at 0x7fa496287b30>
1787,2020-03-15 10:00:00,<function <lambda> at 0x7fa4962879f0>,<function <lambda> at 0x7fa496287a90>,<function <lambda> at 0x7fa496287b30>
1788,2020-03-15 11:00:00,<function <lambda> at 0x7fa4962879f0>,<function <lambda> at 0x7fa496287a90>,<function <lambda> at 0x7fa496287b30>
1789,2020-03-15 12:00:00,<function <lambda> at 0x7fa4962879f0>,<function <lambda> at 0x7fa496287a90>,<function <lambda> at 0x7fa496287b30>
1790,2020-03-15 13:00:00,<function <lambda> at 0x7fa4962879f0>,<function <lambda> at 0x7fa496287a90>,<function <lambda> at 0x7fa496287b30>
1791,2020-03-15 14:00:00,<function <lambda> at 0x7fa4962879f0>,<function <lambda> at 0x7fa496287a90>,<function <lambda> at 0x7fa496287b30>
1792,2020-03-15 15:00:00,<function <lambda> at 0x7fa4962879f0>,<function <lambda> at 0x7fa496287a90>,<function <lambda> at 0x7fa496287b30>
1793,2020-03-15 16:00:00,<function <lambda> at 0x7fa4962879f0>,<function <lambda> at 0x7fa496287a90>,<function <lambda> at 0x7fa496287b30>
1794,2020-03-15 17:00:00,<function <lambda> at 0x7fa4962879f0>,<function <lambda> at 0x7fa496287a90>,<function <lambda> at 0x7fa496287b30>
1795,2020-03-15 18:00:00,<function <lambda> at 0x7fa4962879f0>,<function <lambda> at 0x7fa496287a90>,<function <lambda> at 0x7fa496287b30>
1796,2020-03-15 19:00:00,<function <lambda> at 0x7fa4962879f0>,<function <lambda> at 0x7fa496287a90>,<function <lambda> at 0x7fa496287b30>
1797,2020-03-15 20:00:00,<function <lambda> at 0x7fa4962879f0>,<function <lambda> at 0x7fa496287a90>,<function <lambda> at 0x7fa496287b30>
1798,2020-03-15 21:00:00,<function <lambda> at 0x7fa4962879f0>,<function <lambda> at 0x7fa496287a90>,<function <lambda> at 0x7fa496287b30>
1799,2020-03-15 22:00:00,<function <lambda> at 0x7fa4962879f0>,<function <lambda> at 0x7fa496287a90>,<function <lambda> at 0x7fa496287b30>
1800,2020-03-15 23:00:00,<function <lambda> at 0x7fa4962879f0>,<function <lambda> at 0x7fa496287a90>,<function <lambda> at 0x7fa496287b30>
1801,2020-03-16 00:00:00,<function <lambda> at 0x7fa4962879f0>,<function <lambda> at 0x7fa496287a90>,<function <lambda> at 0x7fa496287b30>
1802,2020-03-16 01:00:00,<function <lambda> at 0x7fa4962879f0>,<function <lambda> at 0x7fa496287a90>,<function <lambda> at 0x7fa496287b30>
1803,2020-03-16 02:00:00,<function <lambda> at 0x7fa4962879f0>,<function <lambda> at 0x7fa496287a90>,<function <lambda> at 0x7fa496287b30>
1804,2020-03-16 03:00:00,<function <lambda> at 0x7fa4962879f0>,<function <lambda> at 0x7fa496287a90>,<function <lambda> at 0x7fa496287b30>
1805,2020-03-16 04:00:00,<function <lambda> at 0x7fa4962879f0>,<function <lambda> at 0x7fa496287a90>,<function <lambda> at 0x7fa496287b30>
1806,2020-03-16 05:00:00,<function <lambda> at 0x7fa4962879f0>,<function <lambda> at 0x7fa496287a90>,<function <lambda> at 0x7fa496287b30>
1807,2020-03-16 06:00:00,<function <lambda> at 0x7fa4962879f0>,<function <lambda> at 0x7fa496287a90>,<function <lambda> at 0x7fa496287b30>
1808,2020-03-16 07:00:00,<function <lambda> at 0x7fa4962879f0>,<function <lambda> at 0x7fa496287a90>,<function <lambda> at 0x7fa496287b30>
1809,2020-03-16 08:00:00,<function <lambda> at 0x7fa4962879f0>,<function <lambda> at 0x7fa496287a90>,<function <lambda> at 0x7fa496287b30>
1810,2020-03-16 09:00:00,<function <lambda> at 0x7fa4962879f0>,<function <lambda> at 0x7fa496287a90>,<function <lambda> at 0x7fa496287b30>
1811,2020-03-16 10:00:00,<function <lambda> at 0x7fa4962879f0>,<function <lambda> at 0x7fa496287a90>,<function <lambda> at 0x7fa496287b30>
1812,2020-03-16 11:00:00,<function <lambda> at 0x7fa4962879f0>,<function <lambda> at 0x7fa496287a90>,<function <lambda> at 0x7fa496287b30>
1813,2020-03-16 12:00:00,<function <lambda> at 0x7fa4962879f0>,<function <lambda> at 0x7fa496287a90>,<function <lambda> at 0x7fa496287b30>
1814,2020-03-16 13:00:00,<function <lambda> at 0x7fa4962879f0>,<function <lambda> at 0x7fa496287a90>,<function <lambda> at 0x7fa496287b30>
1815,2020-03-16 14:00:00,<function <lambda> at 0x7fa4962879f0>,<function <lambda> at 0x7fa496287a90>,<function <lambda> at 0x7fa496287b30>
1816,2020-03-16 15:00:00,<function <lambda> at 0x7fa4962879f0>,<function <lambda> at 0x7fa496287a90>,<function <lambda> at 0x7fa496287b30>
1817,2020-03-16 16:00:00,<function <lambda> at 0x7fa4962879f0>,<function <lambda> at 0x7fa496287a90>,<function <lambda> at 0x7fa496287b30>
1818,2020-03-16 17:00:00,<function <lambda> at 0x7fa4962879f0>,<function <lambda> at 0x7fa496287a90>,<function <lambda> at 0x7fa496287b30>
1819,2020-03-16 18:00:00,<function <lambda> at 0x7fa4962879f0>,<function <lambda> at 0x7fa496287a90>,<function <lambda> at 0x7fa496287b30>
1820,2020-03-16 19:00:00,<function <lambda> at 0x7fa4962879f0>,<function <lambda> at 0x7fa496287a90>,<function <lambda> at 0x7fa496287b30>
1821,2020-03-16 20:00:00,<function <lambda> at 0x7fa4962879f0>,<function <lambda> at 0x7fa496287a90>,<function <lambda> at 0x7fa496287b30>
1822,2020-03-16 21:00:00,<function <lambda> at 0x7fa4962879f0>,<function <lambda> at 0x7fa496287a90>,<function <lambda> at 0x7fa496287b30>
1823,2020-03-16 22:00:00,<function <lambda> at 0x7fa4962879f0>,<function <lambda> at 0x7fa496287a90>,<function <lambda> at 0x7fa496287b30>
1824,2020-03-16 23:00:00,<function <lambda> at 0x7fa4962879f0>,<function <lambda> at 0x7fa496287a90>,<function <lambda> at 0x7fa496287b30>
1825,2020-03-17 00:00:00,<function <lambda> at 0x7fa4962879f0>,<function <lambda> at 0x7fa496287a90>,<function <lambda> at 0x7fa496287b30>
1826,2020-03-17 01:00:00,<function <lambda> at 0x7fa4962879f0>,<function <lambda> at 0x7fa496287a90>,<function <lambda> at 0x7fa496287b30>
1827,2020-03-17 02:00:00,<function <lambda> at 0x7fa4962879f0>,<function <lambda> at 0x7fa496287a90>,<function <lambda> at 0x7fa496287b30>
1828,2020-03-17 03:00:00,<function <lambda> at 0x7fa4962879f0>,<function <lambda> at 0x7fa496287a90>,<function <lambda> at 0x7fa496287b30>
1829,2020-03-17 04:00:00,<function <lambda> at 0x7fa4962879f0>,<function <lambda> at 0x7fa496287a90>,<function <lambda> at 0x7fa496287b30>
1830,2020-03-17 05:00:00,<function <lambda> at 0x7fa4962879f0>,<function <lambda> at 0x7fa496287a90>,<function <lambda> at 0x7fa496287b30>
1831,2020-03-17 06:00:00,<function <lambda> at 0x7fa4962879f0>,<function <lambda> at 0x7fa496287a90>,<function <lambda> at 0x7fa496287b30>
1832,2020-03-17 07:00:00,<function <lambda> at 0x7fa4962879f0>,<function <lambda> at 0x7fa496287a90>,<function <lambda> at 0x7fa496287b30>
1833,2020-03-17 08:00:00,<function <lambda> at 0x7fa4962879f0>,<function <lambda> at 0x7fa496287a90>,<function <lambda> at 0x7fa496287b30>
1834,2020-03-17 09:00:00,<function <lambda> at 0x7fa4962879f0>,<function <lambda> at 0x7fa496287a90>,<function <lambda> at 0x7fa496287b30>
1835,2020-03-17 10:00:00,<function <lambda> at 0x7fa4962879f0>,<function <lambda> at 0x7fa496287a90>,<function <lambda> at 0x7fa496287b30>
1836,2020-03-17 11:00:00,<function <lambda> at 0x7fa4962879f0>,<function <lambda> at 0x7fa496287a90>,<function <lambda> at 0x7fa496287b30>
1837,2020-03-17 12:00:00,<function <lambda> at 0x7fa4962879f0>,<function <lambda> at 0x7fa496287a90>,<function <lambda> at 0x7fa496287b30>
1838,2020-03-17 13:00:00,<function <lambda> at 0x7fa4962879f0>,<function <lambda> at 0x7fa496287a90>,<function <lambda> at 0x7fa496287b30>
1839,2020-03-17 14:00:00,<function <lambda> at 0x7fa4962879f0>,<function <lambda> at 0x7fa496287a90>,<function <lambda> at 0x7fa496287b30>
1840,2020-03-17 15:00:00,<function <lambda> at 0x7fa4962879f0>,<function <lambda> at 0x7fa496287a90>,<function <lambda> at 0x7fa496287b30>
1841,2020-03-17 16:00:00,<function <lambda> at 0x7fa4962879f0>,<function <lambda> at 0x7fa496287a90>,<function <lambda> at 0x7fa496287b30>
1842,2020-03-17 17:00:00,<function <lambda> at 0x7fa4962879f0>,<function <lambda> at 0x7fa496287a90>,<function <lambda> at 0x7fa496287b30>
1843,2020-03-17 18:00:00,<function <lambda> at 0x7fa4962879f0>,<function <lambda> at 0x7fa496287a90>,<function <lambda> at 0x7fa496287b30>
1844,2020-03-17 19:00:00,<function <lambda> at 0x7fa4962879f0>,<function <lambda> at 0x7fa496287a90>,<function <lambda> at 0x7fa496287b30>
1845,2020-03-17 20:00:00,<function <lambda> at 0x7fa4962879f0>,<function <lambda> at 0x7fa496287a90>,<function <lambda> at 0x7fa496287b30>
1846,2020-03-17 21:00:00,<function <lambda> at 0x7fa4962879f0>,<function <lambda> at 0x7fa496287a90>,<function <lambda> at 0x7fa496287b30>
1847,2020-03-17 22:00:00,<function <lambda> at 0x7fa4962879f0>,<function <lambda> at 0x7fa496287a90>,<function <lambda> at 0x7fa496287b30>
1848,2020-03-17 23:00:00,<function <lambda> at 0x7fa4962879f0>,<function <lambda> at 0x7fa496287a90>,<function <lambda> at 0x7fa496287b30>
1849,2020-03-18 00:00:00,<function <lambda> at 0x7fa4962879f0>,<function <lambda> at 0x7fa496287a90>,<function <lambda> at 0x7fa496287b30>
1850,2020-03-18 01:00:00,<function <lambda> at 0x7fa4962879f0>,<function <lambda> at 0x7fa496287a90>,<function <lambda> at 0x7fa496287b30>
1851,2020-03-18 02:00:00,<function <lambda> at 0x7fa4962879f0>,<function <lambda> at 0x7fa496287a90>,<function <lambda> at 0x7fa496287b30>
1852,2020-03-18 03:00:00,<function <lambda> at 0x7fa4962879f0>,<function <lambda> at 0x7fa496287a90>,<function <lambda> at 0x7fa496287b30>
1853,2020-03-18 04:00:00,<function <lambda> at 0x7fa4962879f0>,<function <lambda> at 0x7fa496287a90>,<function <lambda> at 0x7fa496287b30>
1854,2020-03-18 05:00:00,<function <lambda> at 0x7fa4962879f0>,<function <lambda> at 0x7fa496287a90>,<function <lambda> at 0x7fa496287b30>
1855,2020-03-18 06:00:00,<function <lambda> at 0x7fa4962879f0>,<function <lambda> at 0x7fa496287a90>,<function <lambda> at 0x7fa496287b30>
1856,2020-03-18 07:00:00,<function <lambda> at 0x7fa4962879f0>,<function <lambda> at 0x7fa496287a90>,<function <lambda> at 0x7fa496287b30>
1857,2020-03-18 08:00:00,<function <lambda> at 0x7fa4962879f0>,<function <lambda> at 0x7fa496287a90>,<function <lambda> at 0x7fa496287b30>
1858,2020-03-18 09:00:00,<function <lambda> at 0x7fa4962879f0>,<function <lambda> at 0x7fa496287a90>,<function <lambda> at 0x7fa496287b30>
1859,2020-03-18 10:00:00,<function <lambda> at 0x7fa4962879f0>,<function <lambda> at 0x7fa496287a90>,<function <lambda> at 0x7fa496287b30>
1860,2020-03-18 11:00:00,<function <lambda> at 0x7fa4962879f0>,<function <lambda> at 0x7fa496287a90>,<function <lambda> at 0x7fa496287b30>
1861,2020-03-18 12:00:00,<function <lambda> at 0x7fa4962879f0>,<function <lambda> at 0x7fa496287a90>,<function <lambda> at 0x7fa496287b30>
1862,2020-03-18 13:00:00,<function <lambda> at 0x7fa4962879f0>,<function <lambda> at 0x7fa496287a90>,<function <lambda> at 0x7fa496287b30>
1863,2020-03-18 14:00:00,<function <lambda> at 0x7fa4962879f0>,<function <lambda> at 0x7fa496287a90>,<function <lambda> at 0x7fa496287b30>
1864,2020-03-18 15:00:00,<function <lambda> at 0x7fa4962879f0>,<function <lambda> at 0x7fa496287a90>,<function <lambda> at 0x7fa496287b30>
1865,2020-03-18 16:00:00,<function <lambda> at 0x7fa4962879f0>,<function <lambda> at 0x7fa496287a90>,<function <lambda> at 0x7fa496287b30>
1866,2020-03-18 17:00:00,<function <lambda> at 0x7fa4962879f0>,<function <lambda> at 0x7fa496287a90>,<function <lambda> at 0x7fa496287b30>
1867,2020-03-18 18:00:00,<function <lambda> at 0x7fa4962879f0>,<function <lambda> at 0x7fa496287a90>,<function <lambda> at 0x7fa496287b30>
1868,2020-03-18 19:00:00,<function <lambda> at 0x7fa4962879f0>,<function <lambda> at 0x7fa496287a90>,<function <lambda> at 0x7fa496287b30>
1869,2020-03-18 20:00:00,<function <lambda> at 0x7fa4962879f0>,<function <lambda> at 0x7fa496287a90>,<function <lambda> at 0x7fa496287b30>
1870,2020-03-18 21:00:00,<function <lambda> at 0x7fa4962879f0>,<function <lambda> at 0x7fa496287a90>,<function <lambda> at 0x7fa496287b30>
1871,2020-03-18 22:00:00,<function <lambda> at 0x7fa4962879f0>,<function <lambda> at 0x7fa496287a90>,<function <lambda> at 0x7fa496287b30>
1872,2020-03-18 23:00:00,<function <lambda> at 0x7fa4962879f0>,<function <lambda> at 0x7fa496287a90>,<function <lambda> at 0x7fa496287b30>
1873,2020-03-19 00:00:00,<function <lambda> at 0x7fa4962879f0>,<function <lambda> at 0x7fa496287a90>,<function <lambda> at 0x7fa496287b30>
1874,2020-03-19 01:00:00,<function <lambda> at 0x7fa4962879f0>,<function <lambda> at 0x7fa496287a90>,<function <lambda> at 0x7fa496287b30>
1875,2020-03-19 02:00:00,<function <lambda> at 0x7fa4962879f0>,<function <lambda> at 0x7fa496287a90>,<function <lambda> at 0x7fa496287b30>
1876,2020-03-19 03:00:00,<function <lambda> at 0x7fa4962879f0>,<function <lambda> at 0x7fa496287a90>,<function <lambda> at 0x7fa496287b30>
1877,2020-03-19 04:00:00,<function <lambda> at 0x7fa4962879f0>,<function <lambda> at 0x7fa496287a90>,<function <lambda> at 0x7fa496287b30>
1878,2020-03-19 05:00:00,<function <lambda> at 0x7fa4962879f0>,<function <lambda> at 0x7fa496287a90>,<function <lambda> at 0x7fa496287b30>
1879,2020-03-19 06:00:00,<function <lambda> at 0x7fa4962879f0>,<function <lambda> at 0x7fa496287a90>,<function <lambda> at 0x7fa496287b30>
1880,2020-03-19 07:00:00,<function <lambda> at 0x7fa4962879f0>,<function <lambda> at 0x7fa496287a90>,<function <lambda> at 0x7fa496287b30>
1881,2020-03-19 08:00:00,<function <lambda> at 0x7fa4962879f0>,<function <lambda> at 0x7fa496287a90>,<function <lambda> at 0x7fa496287b30>
1882,2020-03-19 09:00:00,<function <lambda> at 0x7fa4962879f0>,<function <lambda> at 0x7fa496287a90>,<function <lambda> at 0x7fa496287b30>
1883,2020-03-19 10:00:00,<function <lambda> at 0x7fa4962879f0>,<function <lambda> at 0x7fa496287a90>,<function <lambda> at 0x7fa496287b30>
1884,2020-03-19 11:00:00,<function <lambda> at 0x7fa4962879f0>,<function <lambda> at 0x7fa496287a90>,<function <lambda> at 0x7fa496287b30>
1885,2020-03-19 12:00:00,<function <lambda> at 0x7fa4962879f0>,<function <lambda> at 0x7fa496287a90>,<function <lambda> at 0x7fa496287b30>
1886,2020-03-19 13:00:00,<function <lambda> at 0x7fa4962879f0>,<function <lambda> at 0x7fa496287a90>,<function <lambda> at 0x7fa496287b30>
1887,2020-03-19 14:00:00,<function <lambda> at 0x7fa4962879f0>,<function <lambda> at 0x7fa496287a90>,<function <lambda> at 0x7fa496287b30>
1888,2020-03-19 15:00:00,<function <lambda> at 0x7fa4962879f0>,<function <lambda> at 0x7fa496287a90>,<function <lambda> at 0x7fa496287b30>
1889,2020-03-19 16:00:00,<function <lambda> at 0x7fa4962879f0>,<function <lambda> at 0x7fa496287a90>,<function <lambda> at 0x7fa496287b30>
1890,2020-03-19 17:00:00,<function <lambda> at 0x7fa4962879f0>,<function <lambda> at 0x7fa496287a90>,<function <lambda> at 0x7fa496287b30>
1891,2020-03-19 18:00:00,<function <lambda> at 0x7fa4962879f0>,<function <lambda> at 0x7fa496287a90>,<function <lambda> at 0x7fa496287b30>
1892,2020-03-19 19:00:00,<function <lambda> at 0x7fa4962879f0>,<function <lambda> at 0x7fa496287a90>,<function <lambda> at 0x7fa496287b30>
1893,2020-03-19 20:00:00,<function <lambda> at 0x7fa4962879f0>,<function <lambda> at 0x7fa496287a90>,<function <lambda> at 0x7fa496287b30>
1894,2020-03-19 21:00:00,<function <lambda> at 0x7fa4962879f0>,<function <lambda> at 0x7fa496287a90>,<function <lambda> at 0x7fa496287b30>
1895,2020-03-19 22:00:00,<function <lambda> at 0x7fa4962879f0>,<function <lambda> at 0x7fa496287a90>,<function <lambda> at 0x7fa496287b30>
1896,2020-03-19 23:00:00,<function <lambda> at 0x7fa4962879f0>,<function <lambda> at 0x7fa496287a90>,<function <lambda> at 0x7fa496287b30>
1897,2020-03-20 00:00:00,<function <lambda> at 0x7fa4962879f0>,<function <lambda> at 0x7fa496287a90>,<function <lambda> at 0x7fa496287b30>
1898,2020-03-20 01:00:00,<function <lambda> at 0x7fa4962879f0>,<function <lambda> at 0x7fa496287a90>,<function <lambda> at 0x7fa496287b30>
1899,2020-03-20 02:00:00,<function <lambda> at 0x7fa4962879f0>,<function <lambda> at 0x7fa496287a90>,<function <lambda> at 0x7fa496287b30>
1900,2020-03-20 03:00:00,<function <lambda> at 0x7fa4962879f0>,<function <lambda> at 0x7fa496287a90>,<function <lambda> at 0x7fa496287b30>
1901,2020-03-20 04:00:00,<function <lambda> at 0x7fa4962879f0>,<function <lambda> at 0x7fa496287a90>,<function <lambda> at 0x7fa496287b30>
1902,2020-03-20 05:00:00,<function <lambda> at 0x7fa4962879f0>,<function <lambda> at 0x7fa496287a90>,<function <lambda> at 0x7fa496287b30>
1903,2020-03-20 06:00:00,<function <lambda> at 0x7fa4962879f0>,<function <lambda> at 0x7fa496287a90>,<function <lambda> at 0x7fa496287b30>
1904,2020-03-20 07:00:00,<function <lambda> at 0x7fa4962879f0>,<function <lambda> at 0x7fa496287a90>,<function <lambda> at 0x7fa496287b30>
1905,2020-03-20 08:00:00,<function <lambda> at 0x7fa4962879f0>,<function <lambda> at 0x7fa496287a90>,<function <lambda> at 0x7fa496287b30>
1906,2020-03-20 09:00:00,<function <lambda> at 0x7fa4962879f0>,<function <lambda> at 0x7fa496287a90>,<function <lambda> at 0x7fa496287b30>
1907,2020-03-20 10:00:00,<function <lambda> at 0x7fa4962879f0>,<function <lambda> at 0x7fa496287a90>,<function <lambda> at 0x7fa496287b30>
1908,2020-03-20 11:00:00,<function <lambda> at 0x7fa4962879f0>,<function <lambda> at 0x7fa496287a90>,<function <lambda> at 0x7fa496287b30>
1909,2020-03-20 12:00:00,<function <lambda> at 0x7fa4962879f0>,<function <lambda> at 0x7fa496287a90>,<function <lambda> at 0x7fa496287b30>
1910,2020-03-20 13:00:00,<function <lambda> at 0x7fa4962879f0>,<function <lambda> at 0x7fa496287a90>,<function <lambda> at 0x7fa496287b30>
1911,2020-03-20 14:00:00,<function <lambda> at 0x7fa4962879f0>,<function <lambda> at 0x7fa496287a90>,<function <lambda> at 0x7fa496287b30>
1912,2020-03-20 15:00:00,<function <lambda> at 0x7fa4962879f0>,<function <lambda> at 0x7fa496287a90>,<function <lambda> at 0x7fa496287b30>
1913,2020-03-20 16:00:00,<function <lambda> at 0x7fa4962879f0>,<function <lambda> at 0x7fa496287a90>,<function <lambda> at 0x7fa496287b30>
1914,2020-03-20 17:00:00,<function <lambda> at 0x7fa4962879f0>,<function <lambda> at 0x7fa496287a90>,<function <lambda> at 0x7fa496287b30>
1915,2020-03-20 18:00:00,<function <lambda> at 0x7fa4962879f0>,<function <lambda> at 0x7fa496287a90>,<function <lambda> at 0x7fa496287b30>
1916,2020-03-20 19:00:00,<function <lambda> at 0x7fa4962879f0>,<function <lambda> at 0x7fa496287a90>,<function <lambda> at 0x7fa496287b30>
1917,2020-03-20 20:00:00,<function <lambda> at 0x7fa4962879f0>,<function <lambda> at 0x7fa496287a90>,<function <lambda> at 0x7fa496287b30>
1918,2020-03-20 21:00:00,<function <lambda> at 0x7fa4962879f0>,<function <lambda> at 0x7fa496287a90>,<function <lambda> at 0x7fa496287b30>
1919,2020-03-20 22:00:00,<function <lambda> at 0x7fa4962879f0>,<function <lambda> at 0x7fa496287a90>,<function <lambda> at 0x7fa496287b30>
1920,2020-03-20 23:00:00,<function <lambda> at 0x7fa4962879f0>,<function <lambda> at 0x7fa496287a90>,<function <lambda> at 0x7fa496287b30>
1921,2020-03-21 00:00:00,<function <lambda> at 0x7fa4962879f0>,<function <lambda> at 0x7fa496287a90>,<function <lambda> at 0x7fa496287b30>
1922,2020-03-21 01:00:00,<function <lambda> at 0x7fa4962879f0>,<function <lambda> at 0x7fa496287a90>,<function <lambda> at 0x7fa496287b30>
1923,2020-03-21 02:00:00,<function <lambda> at 0x7fa4962879f0>,<function <lambda> at 0x7fa496287a90>,<function <lambda> at 0x7fa496287b30>
1924,2020-03-21 03:00:00,<function <lambda> at 0x7fa4962879f0>,<function <lambda> at 0x7fa496287a90>,<function <lambda> at 0x7fa496287b30>
1925,2020-03-21 04:00:00,<function <lambda> at 0x7fa4962879f0>,<function <lambda> at 0x7fa496287a90>,<function <lambda> at 0x7fa496287b30>
1926,2020-03-21 05:00:00,<function <lambda> at 0x7fa4962879f0>,<function <lambda> at 0x7fa496287a90>,<function <lambda> at 0x7fa496287b30>
1927,2020-03-21 06:00:00,<function <lambda> at 0x7fa4962879f0>,<function <lambda> at 0x7fa496287a90>,<function <lambda> at 0x7fa496287b30>
1928,2020-03-21 07:00:00,<function <lambda> at 0x7fa4962879f0>,<function <lambda> at 0x7fa496287a90>,<function <lambda> at 0x7fa496287b30>
1929,2020-03-21 08:00:00,<function <lambda> at 0x7fa4962879f0>,<function <lambda> at 0x7fa496287a90>,<function <lambda> at 0x7fa496287b30>
1930,2020-03-21 09:00:00,<function <lambda> at 0x7fa4962879f0>,<function <lambda> at 0x7fa496287a90>,<function <lambda> at 0x7fa496287b30>
1931,2020-03-21 10:00:00,<function <lambda> at 0x7fa4962879f0>,<function <lambda> at 0x7fa496287a90>,<function <lambda> at 0x7fa496287b30>
1932,2020-03-21 11:00:00,<function <lambda> at 0x7fa4962879f0>,<function <lambda> at 0x7fa496287a90>,<function <lambda> at 0x7fa496287b30>
1933,2020-03-21 12:00:00,<function <lambda> at 0x7fa4962879f0>,<function <lambda> at 0x7fa496287a90>,<function <lambda> at 0x7fa496287b30>
1934,2020-03-21 13:00:00,<function <lambda> at 0x7fa4962879f0>,<function <lambda> at 0x7fa496287a90>,<function <lambda> at 0x7fa496287b30>
1935,2020-03-21 14:00:00,<function <lambda> at 0x7fa4962879f0>,<function <lambda> at 0x7fa496287a90>,<function <lambda> at 0x7fa496287b30>
1936,2020-03-21 15:00:00,<function <lambda> at 0x7fa4962879f0>,<function <lambda> at 0x7fa496287a90>,<function <lambda> at 0x7fa496287b30>
1937,2020-03-21 16:00:00,<function <lambda> at 0x7fa4962879f0>,<function <lambda> at 0x7fa496287a90>,<function <lambda> at 0x7fa496287b30>
1938,2020-03-21 17:00:00,<function <lambda> at 0x7fa4962879f0>,<function <lambda> at 0x7fa496287a90>,<function <lambda> at 0x7fa496287b30>
1939,2020-03-21 18:00:00,<function <lambda> at 0x7fa4962879f0>,<function <lambda> at 0x7fa496287a90>,<function <lambda> at 0x7fa496287b30>
1940,2020-03-21 19:00:00,<function <lambda> at 0x7fa4962879f0>,<function <lambda> at 0x7fa496287a90>,<function <lambda> at 0x7fa496287b30>
1941,2020-03-21 20:00:00,<function <lambda> at 0x7fa4962879f0>,<function <lambda> at 0x7fa496287a90>,<function <lambda> at 0x7fa496287b30>
1942,2020-03-21 21:00:00,<function <lambda> at 0x7fa4962879f0>,<function <lambda> at 0x7fa496287a90>,<function <lambda> at 0x7fa496287b30>
1943,2020-03-21 22:00:00,<function <lambda> at 0x7fa4962879f0>,<function <lambda> at 0x7fa496287a90>,<function <lambda> at 0x7fa496287b30>
1944,2020-03-21 23:00:00,<function <lambda> at 0x7fa4962879f0>,<function <lambda> at 0x7fa496287a90>,<function <lambda> at 0x7fa496287b30>
1945,2020-03-22 00:00:00,<function <lambda> at 0x7fa4962879f0>,<function <lambda> at 0x7fa496287a90>,<function <lambda> at 0x7fa496287b30>
1946,2020-03-22 01:00:00,<function <lambda> at 0x7fa4962879f0>,<function <lambda> at 0x7fa496287a90>,<function <lambda> at 0x7fa496287b30>
1947,2020-03-22 02:00:00,<function <lambda> at 0x7fa4962879f0>,<function <lambda> at 0x7fa496287a90>,<function <lambda> at 0x7fa496287b30>
1948,2020-03-22 03:00:00,<function <lambda> at 0x7fa4962879f0>,<function <lambda> at 0x7fa496287a90>,<function <lambda> at 0x7fa496287b30>
1949,2020-03-22 04:00:00,<function <lambda> at 0x7fa4962879f0>,<function <lambda> at 0x7fa496287a90>,<function <lambda> at 0x7fa496287b30>
1950,2020-03-22 05:00:00,<function <lambda> at 0x7fa4962879f0>,<function <lambda> at 0x7fa496287a90>,<function <lambda> at 0x7fa496287b30>
1951,2020-03-22 06:00:00,<function <lambda> at 0x7fa4962879f0>,<function <lambda> at 0x7fa496287a90>,<function <lambda> at 0x7fa496287b30>
1952,2020-03-22 07:00:00,<function <lambda> at 0x7fa4962879f0>,<function <lambda> at 0x7fa496287a90>,<function <lambda> at 0x7fa496287b30>
1953,2020-03-22 08:00:00,<function <lambda> at 0x7fa4962879f0>,<function <lambda> at 0x7fa496287a90>,<function <lambda> at 0x7fa496287b30>
1954,2020-03-22 09:00:00,<function <lambda> at 0x7fa4962879f0>,<function <lambda> at 0x7fa496287a90>,<function <lambda> at 0x7fa496287b30>
1955,2020-03-22 10:00:00,<function <lambda> at 0x7fa4962879f0>,<function <lambda> at 0x7fa496287a90>,<function <lambda> at 0x7fa496287b30>
1956,2020-03-22 11:00:00,<function <lambda> at 0x7fa4962879f0>,<function <lambda> at 0x7fa496287a90>,<function <lambda> at 0x7fa496287b30>
1957,2020-03-22 12:00:00,<function <lambda> at 0x7fa4962879f0>,<function <lambda> at 0x7fa496287a90>,<function <lambda> at 0x7fa496287b30>
1958,2020-03-22 13:00:00,<function <lambda> at 0x7fa4962879f0>,<function <lambda> at 0x7fa496287a90>,<function <lambda> at 0x7fa496287b30>
1959,2020-03-22 14:00:00,<function <lambda> at 0x7fa4962879f0>,<function <lambda> at 0x7fa496287a90>,<function <lambda> at 0x7fa496287b30>
1960,2020-03-22 15:00:00,<function <lambda> at 0x7fa4962879f0>,<function <lambda> at 0x7fa496287a90>,<function <lambda> at 0x7fa496287b30>
1961,2020-03-22 16:00:00,<function <lambda> at 0x7fa4962879f0>,<function <lambda> at 0x7fa496287a90>,<function <lambda> at 0x7fa496287b30>
1962,2020-03-22 17:00:00,<function <lambda> at 0x7fa4962879f0>,<function <lambda> at 0x7fa496287a90>,<function <lambda> at 0x7fa496287b30>
1963,2020-03-22 18:00:00,<function <lambda> at 0x7fa4962879f0>,<function <lambda> at 0x7fa496287a90>,<function <lambda> at 0x7fa496287b30>
1964,2020-03-22 19:00:00,<function <lambda> at 0x7fa4962879f0>,<function <lambda> at 0x7fa496287a90>,<function <lambda> at 0x7fa496287b30>
1965,2020-03-22 20:00:00,<function <lambda> at 0x7fa4962879f0>,<function <lambda> at 0x7fa496287a90>,<function <lambda> at 0x7fa496287b30>
1966,2020-03-22 21:00:00,<function <lambda> at 0x7fa4962879f0>,<function <lambda> at 0x7fa496287a90>,<function <lambda> at 0x7fa496287b30>
1967,2020-03-22 22:00:00,<function <lambda> at 0x7fa4962879f0>,<function <lambda> at 0x7fa496287a90>,<function <lambda> at 0x7fa496287b30>
1968,2020-03-22 23:00:00,<function <lambda> at 0x7fa4962879f0>,<function <lambda> at 0x7fa496287a90>,<function <lambda> at 0x7fa496287b30>
1969,2020-03-23 00:00:00,<function <lambda> at 0x7fa4962879f0>,<function <lambda> at 0x7fa496287a90>,<function <lambda> at 0x7fa496287b30>
1970,2020-03-23 01:00:00,<function <lambda> at 0x7fa4962879f0>,<function <lambda> at 0x7fa496287a90>,<function <lambda> at 0x7fa496287b30>
1971,2020-03-23 02:00:00,<function <lambda> at 0x7fa4962879f0>,<function <lambda> at 0x7fa496287a90>,<function <lambda> at 0x7fa496287b30>
1972,2020-03-23 03:00:00,<function <lambda> at 0x7fa4962879f0>,<function <lambda> at 0x7fa496287a90>,<function <lambda> at 0x7fa496287b30>
1973,2020-03-23 04:00:00,<function <lambda> at 0x7fa4962879f0>,<function <lambda> at 0x7fa496287a90>,<function <lambda> at 0x7fa496287b30>
1974,2020-03-23 05:00:00,<function <lambda> at 0x7fa4962879f0>,<function <lambda> at 0x7fa496287a90>,<function <lambda> at 0x7fa496287b30>
1975,2020-03-23 06:00:00,<function <lambda> at 0x7fa4962879f0>,<function <lambda> at 0x7fa496287a90>,<function <lambda> at 0x7fa496287b30>
1976,2020-03-23 07:00:00,<function <lambda> at 0x7fa4962879f0>,<function <lambda> at 0x7fa496287a90>,<function <lambda> at 0x7fa496287b30>
1977,2020-03-23 08:00:00,<function <lambda> at 0x7fa4962879f0>,<function <lambda> at 0x7fa496287a90>,<function <lambda> at 0x7fa496287b30>
1978,2020-03-23 09:00:00,<function <lambda> at 0x7fa4962879f0>,<function <lambda> at 0x7fa496287a90>,<function <lambda> at 0x7fa496287b30>
1979,2020-03-23 10:00:00,<function <lambda> at 0x7fa4962879f0>,<function <lambda> at 0x7fa496287a90>,<function <lambda> at 0x7fa496287b30>
1980,2020-03-23 11:00:00,<function <lambda> at 0x7fa4962879f0>,<function <lambda> at 0x7fa496287a90>,<function <lambda> at 0x7fa496287b30>
1981,2020-03-23 12:00:00,<function <lambda> at 0x7fa4962879f0>,<function <lambda> at 0x7fa496287a90>,<function <lambda> at 0x7fa496287b30>
1982,2020-03-23 13:00:00,<function <lambda> at 0x7fa4962879f0>,<function <lambda> at 0x7fa496287a90>,<function <lambda> at 0x7fa496287b30>
1983,2020-03-23 14:00:00,<function <lambda> at 0x7fa4962879f0>,<function <lambda> at 0x7fa496287a90>,<function <lambda> at 0x7fa496287b30>
1984,2020-03-23 15:00:00,<function <lambda> at 0x7fa4962879f0>,<function <lambda> at 0x7fa496287a90>,<function <lambda> at 0x7fa496287b30>
1985,2020-03-23 16:00:00,<function <lambda> at 0x7fa4962879f0>,<function <lambda> at 0x7fa496287a90>,<function <lambda> at 0x7fa496287b30>
1986,2020-03-23 17:00:00,<function <lambda> at 0x7fa4962879f0>,<function <lambda> at 0x7fa496287a90>,<function <lambda> at 0x7fa496287b30>
1987,2020-03-23 18:00:00,<function <lambda> at 0x7fa4962879f0>,<function <lambda> at 0x7fa496287a90>,<function <lambda> at 0x7fa496287b30>
1988,2020-03-23 19:00:00,<function <lambda> at 0x7fa4962879f0>,<function <lambda> at 0x7fa496287a90>,<function <lambda> at 0x7fa496287b30>
1989,2020-03-23 20:00:00,<function <lambda> at 0x7fa4962879f0>,<function <lambda> at 0x7fa496287a90>,<function <lambda> at 0x7fa496287b30>
1990,2020-03-23 21:00:00,<function <lambda> at 0x7fa4962879f0>,<function <lambda> at 0x7fa496287a90>,<function <lambda> at 0x7fa496287b30>
1991,2020-03-23 22:00:00,<function <lambda> at 0x7fa4962879f0>,<function <lambda> at 0x7fa496287a90>,<function <lambda> at 0x7fa496287b30>
1992,2020-03-23 23:00:00,<function <lambda> at 0x7fa4962879f0>,<function <lambda> at 0x7fa496287a90>,<function <lambda> at 0x7fa496287b30>
1993,2020-03-24 00:00:00,<function <lambda> at 0x7fa4962879f0>,<function <lambda> at 0x7fa496287a90>,<function <lambda> at 0x7fa496287b30>
1994,2020-03-24 01:00:00,<function <lambda> at 0x7fa4962879f0>,<function <lambda> at 0x7fa496287a90>,<function <lambda> at 0x7fa496287b30>
1995,2020-03-24 02:00:00,<function <lambda> at 0x7fa4962879f0>,<function <lambda> at 0x7fa496287a90>,<function <lambda> at 0x7fa496287b30>
1996,2020-03-24 03:00:00,<function <lambda> at 0x7fa4962879f0>,<function <lambda> at 0x7fa496287a90>,<function <lambda> at 0x7fa496287b30>
1997,2020-03-24 04:00:00,<function <lambda> at 0x7fa4962879f0>,<function <lambda> at 0x7fa496287a90>,<function <lambda> at 0x7fa496287b30>
1998,2020-03-24 05:00:00,<function <lambda> at 0x7fa4962879f0>,<function <lambda> at 0x7fa496287a90>,<function <lambda> at 0x7fa496287b30>
1999,2020-03-24 06:00:00,<function <lambda> at 0x7fa4962879f0>,<function <lambda> at 0x7fa496287a90>,<function <lambda> at 0x7fa496287b30>
2000,2020-03-24 07:00:00,<function <lambda> at 0x7fa4962879f0>,<function <lambda> at 0x7fa496287a90>,<function <lambda> at 0x7fa496287b30>
2001,2020-03-24 08:00:00,<function <lambda> at 0x7fa4962879f0>,<function <lambda> at 0x7fa496287a90>,<function <lambda> at 0x7fa496287b30>
2002,2020-03-24 09:00:00,<function <lambda> at 0x7fa4962879f0>,<function <lambda> at 0x7fa496287a90>,<function <lambda> at 0x7fa496287b30>
2003,2020-03-24 10:00:00,<function <lambda> at 0x7fa4962879f0>,<function <lambda> at 0x7fa496287a90>,<function <lambda> at 0x7fa496287b30>
2004,2020-03-24 11:00:00,<function <lambda> at 0x7fa4962879f0>,<function <lambda> at 0x7fa496287a90>,<function <lambda> at 0x7fa496287b30>
2005,2020-03-24 12:00:00,<function <lambda> at 0x7fa4962879f0>,<function <lambda> at 0x7fa496287a90>,<function <lambda> at 0x7fa496287b30>
2006,2020-03-24 13:00:00,<function <lambda> at 0x7fa4962879f0>,<function <lambda> at 0x7fa496287a90>,<function <lambda> at 0x7fa496287b30>
2007,2020-03-24 14:00:00,<function <lambda> at 0x7fa4962879f0>,<function <lambda> at 0x7fa496287a90>,<function <lambda> at 0x7fa496287b30>
2008,2020-03-24 15:00:00,<function <lambda> at 0x7fa4962879f0>,<function <lambda> at 0x7fa496287a90>,<function <lambda> at 0x7fa496287b30>
2009,2020-03-24 16:00:00,<function <lambda> at 0x7fa4962879f0>,<function <lambda> at 0x7fa496287a90>,<function <lambda> at 0x7fa496287b30>
2010,2020-03-24 17:00:00,<function <lambda> at 0x7fa4962879f0>,<function <lambda> at 0x7fa496287a90>,<function <lambda> at 0x7fa496287b30>
2011,2020-03-24 18:00:00,<function <lambda> at 0x7fa4962879f0>,<function <lambda> at 0x7fa496287a90>,<function <lambda> at 0x7fa496287b30>
2012,2020-03-24 19:00:00,<function <lambda> at 0x7fa4962879f0>,<function <lambda> at 0x7fa496287a90>,<function <lambda> at 0x7fa496287b30>
2013,2020-03-24 20:00:00,<function <lambda> at 0x7fa4962879f0>,<function <lambda> at 0x7fa496287a90>,<function <lambda> at 0x7fa496287b30>
2014,2020-03-24 21:00:00,<function <lambda> at 0x7fa4962879f0>,<function <lambda> at 0x7fa496287a90>,<function <lambda> at 0x7fa496287b30>
2015,2020-03-24 22:00:00,<function <lambda> at 0x7fa4962879f0>,<function <lambda> at 0x7fa496287a90>,<function <lambda> at 0x7fa496287b30>
2016,2020-03-24 23:00:00,<function <lambda> at 0x7fa4962879f0>,<function <lambda> at 0x7fa496287a90>,<function <lambda> at 0x7fa496287b30>
2017,2020-03-25 00:00:00,<function <lambda> at 0x7fa4962879f0>,<function <lambda> at 0x7fa496287a90>,<function <lambda> at 0x7fa496287b30>
2018,2020-03-25 01:00:00,<function <lambda> at 0x7fa4962879f0>,<function <lambda> at 0x7fa496287a90>,<function <lambda> at 0x7fa496287b30>
2019,2020-03-25 02:00:00,<function <lambda> at 0x7fa4962879f0>,<function <lambda> at 0x7fa496287a90>,<function <lambda> at 0x7fa496287b30>
2020,2020-03-25 03:00:00,<function <lambda> at 0x7fa4962879f0>,<function <lambda> at 0x7fa496287a90>,<function <lambda> at 0x7fa496287b30>
2021,2020-03-25 04:00:00,<function <lambda> at 0x7fa4962879f0>,<function <lambda> at 0x7fa496287a90>,<function <lambda> at 0x7fa496287b30>
2022,2020-03-25 05:00:00,<function <lambda> at 0x7fa4962879f0>,<function <lambda> at 0x7fa496287a90>,<function <lambda> at 0x7fa496287b30>
2023,2020-03-25 06:00:00,<function <lambda> at 0x7fa4962879f0>,<function <lambda> at 0x7fa496287a90>,<function <lambda> at 0x7fa496287b30>
2024,2020-03-25 07:00:00,<function <lambda> at 0x7fa4962879f0>,<function <lambda> at 0x7fa496287a90>,<function <lambda> at 0x7fa496287b30>
2025,2020-03-25 08:00:00,<function <lambda> at 0x7fa4962879f0>,<function <lambda> at 0x7fa496287a90>,<function <lambda> at 0x7fa496287b30>
2026,2020-03-25 09:00:00,<function <lambda> at 0x7fa4962879f0>,<function <lambda> at 0x7fa496287a90>,<function <lambda> at 0x7fa496287b30>
2027,2020-03-25 10:00:00,<function <lambda> at 0x7fa4962879f0>,<function <lambda> at 0x7fa496287a90>,<function <lambda> at 0x7fa496287b30>
2028,2020-03-25 11:00:00,<function <lambda> at 0x7fa4962879f0>,<function <lambda> at 0x7fa496287a90>,<function <lambda> at 0x7fa496287b30>
2029,2020-03-25 12:00:00,<function <lambda> at 0x7fa4962879f0>,<function <lambda> at 0x7fa496287a90>,<function <lambda> at 0x7fa496287b30>
2030,2020-03-25 13:00:00,<function <lambda> at 0x7fa4962879f0>,<function <lambda> at 0x7fa496287a90>,<function <lambda> at 0x7fa496287b30>
2031,2020-03-25 14:00:00,<function <lambda> at 0x7fa4962879f0>,<function <lambda> at 0x7fa496287a90>,<function <lambda> at 0x7fa496287b30>
2032,2020-03-25 15:00:00,<function <lambda> at 0x7fa4962879f0>,<function <lambda> at 0x7fa496287a90>,<function <lambda> at 0x7fa496287b30>
2033,2020-03-25 16:00:00,<function <lambda> at 0x7fa4962879f0>,<function <lambda> at 0x7fa496287a90>,<function <lambda> at 0x7fa496287b30>
2034,2020-03-25 17:00:00,<function <lambda> at 0x7fa4962879f0>,<function <lambda> at 0x7fa496287a90>,<function <lambda> at 0x7fa496287b30>
2035,2020-03-25 18:00:00,<function <lambda> at 0x7fa4962879f0>,<function <lambda> at 0x7fa496287a90>,<function <lambda> at 0x7fa496287b30>
2036,2020-03-25 19:00:00,<function <lambda> at 0x7fa4962879f0>,<function <lambda> at 0x7fa496287a90>,<function <lambda> at 0x7fa496287b30>
2037,2020-03-25 20:00:00,<function <lambda> at 0x7fa4962879f0>,<function <lambda> at 0x7fa496287a90>,<function <lambda> at 0x7fa496287b30>
2038,2020-03-25 21:00:00,<function <lambda> at 0x7fa4962879f0>,<function <lambda> at 0x7fa496287a90>,<function <lambda> at 0x7fa496287b30>
2039,2020-03-25 22:00:00,<function <lambda> at 0x7fa4962879f0>,<function <lambda> at 0x7fa496287a90>,<function <lambda> at 0x7fa496287b30>
2040,2020-03-25 23:00:00,<function <lambda> at 0x7fa4962879f0>,<function <lambda> at 0x7fa496287a90>,<function <lambda> at 0x7fa496287b30>
2041,2020-03-26 00:00:00,<function <lambda> at 0x7fa4962879f0>,<function <lambda> at 0x7fa496287a90>,<function <lambda> at 0x7fa496287b30>
2042,2020-03-26 01:00:00,<function <lambda> at 0x7fa4962879f0>,<function <lambda> at 0x7fa496287a90>,<function <lambda> at 0x7fa496287b30>
2043,2020-03-26 02:00:00,<function <lambda> at 0x7fa4962879f0>,<function <lambda> at 0x7fa496287a90>,<function <lambda> at 0x7fa496287b30>
2044,2020-03-26 03:00:00,<function <lambda> at 0x7fa4962879f0>,<function <lambda> at 0x7fa496287a90>,<function <lambda> at 0x7fa496287b30>
2045,2020-03-26 04:00:00,<function <lambda> at 0x7fa4962879f0>,<function <lambda> at 0x7fa496287a90>,<function <lambda> at 0x7fa496287b30>
2046,2020-03-26 05:00:00,<function <lambda> at 0x7fa4962879f0>,<function <lambda> at 0x7fa496287a90>,<function <lambda> at 0x7fa496287b30>
2047,2020-03-26 06:00:00,<function <lambda> at 0x7fa4962879f0>,<function <lambda> at 0x7fa496287a90>,<function <lambda> at 0x7fa496287b30>
2048,2020-03-26 07:00:00,<function <lambda> at 0x7fa4962879f0>,<function <lambda> at 0x7fa496287a90>,<function <lambda> at 0x7fa496287b30>
2049,2020-03-26 08:00:00,<function <lambda> at 0x7fa4962879f0>,<function <lambda> at 0x7fa496287a90>,<function <lambda> at 0x7fa496287b30>
2050,2020-03-26 09:00:00,<function <lambda> at 0x7fa4962879f0>,<function <lambda> at 0x7fa496287a90>,<function <lambda> at 0x7fa496287b30>
2051,2020-03-26 10:00:00,<function <lambda> at 0x7fa4962879f0>,<function <lambda> at 0x7fa496287a90>,<function <lambda> at 0x7fa496287b30>
2052,2020-03-26 11:00:00,<function <lambda> at 0x7fa4962879f0>,<function <lambda> at 0x7fa496287a90>,<function <lambda> at 0x7fa496287b30>
2053,2020-03-26 12:00:00,<function <lambda> at 0x7fa4962879f0>,<function <lambda> at 0x7fa496287a90>,<function <lambda> at 0x7fa496287b30>
2054,2020-03-26 13:00:00,<function <lambda> at 0x7fa4962879f0>,<function <lambda> at 0x7fa496287a90>,<function <lambda> at 0x7fa496287b30>
2055,2020-03-26 14:00:00,<function <lambda> at 0x7fa4962879f0>,<function <lambda> at 0x7fa496287a90>,<function <lambda> at 0x7fa496287b30>
2056,2020-03-26 15:00:00,<function <lambda> at 0x7fa4962879f0>,<function <lambda> at 0x7fa496287a90>,<function <lambda> at 0x7fa496287b30>
2057,2020-03-26 16:00:00,<function <lambda> at 0x7fa4962879f0>,<function <lambda> at 0x7fa496287a90>,<function <lambda> at 0x7fa496287b30>
2058,2020-03-26 17:00:00,<function <lambda> at 0x7fa4962879f0>,<function <lambda> at 0x7fa496287a90>,<function <lambda> at 0x7fa496287b30>
2059,2020-03-26 18:00:00,<function <lambda> at 0x7fa4962879f0>,<function <lambda> at 0x7fa496287a90>,<function <lambda> at 0x7fa496287b30>
2060,2020-03-26 19:00:00,<function <lambda> at 0x7fa4962879f0>,<function <lambda> at 0x7fa496287a90>,<function <lambda> at 0x7fa496287b30>
2061,2020-03-26 20:00:00,<function <lambda> at 0x7fa4962879f0>,<function <lambda> at 0x7fa496287a90>,<function <lambda> at 0x7fa496287b30>
2062,2020-03-26 21:00:00,<function <lambda> at 0x7fa4962879f0>,<function <lambda> at 0x7fa496287a90>,<function <lambda> at 0x7fa496287b30>
2063,2020-03-26 22:00:00,<function <lambda> at 0x7fa4962879f0>,<function <lambda> at 0x7fa496287a90>,<function <lambda> at 0x7fa496287b30>
2064,2020-03-26 23:00:00,<function <lambda> at 0x7fa4962879f0>,<function <lambda> at 0x7fa496287a90>,<function <lambda> at 0x7fa496287b30>
2065,2020-03-27 00:00:00,<function <lambda> at 0x7fa4962879f0>,<function <lambda> at 0x7fa496287a90>,<function <lambda> at 0x7fa496287b30>
2066,2020-03-27 01:00:00,<function <lambda> at 0x7fa4962879f0>,<function <lambda> at 0x7fa496287a90>,<function <lambda> at 0x7fa496287b30>
2067,2020-03-27 02:00:00,<function <lambda> at 0x7fa4962879f0>,<function <lambda> at 0x7fa496287a90>,<function <lambda> at 0x7fa496287b30>
2068,2020-03-27 03:00:00,<function <lambda> at 0x7fa4962879f0>,<function <lambda> at 0x7fa496287a90>,<function <lambda> at 0x7fa496287b30>
2069,2020-03-27 04:00:00,<function <lambda> at 0x7fa4962879f0>,<function <lambda> at 0x7fa496287a90>,<function <lambda> at 0x7fa496287b30>
2070,2020-03-27 05:00:00,<function <lambda> at 0x7fa4962879f0>,<function <lambda> at 0x7fa496287a90>,<function <lambda> at 0x7fa496287b30>
2071,2020-03-27 06:00:00,<function <lambda> at 0x7fa4962879f0>,<function <lambda> at 0x7fa496287a90>,<function <lambda> at 0x7fa496287b30>
2072,2020-03-27 07:00:00,<function <lambda> at 0x7fa4962879f0>,<function <lambda> at 0x7fa496287a90>,<function <lambda> at 0x7fa496287b30>
2073,2020-03-27 08:00:00,<function <lambda> at 0x7fa4962879f0>,<function <lambda> at 0x7fa496287a90>,<function <lambda> at 0x7fa496287b30>
2074,2020-03-27 09:00:00,<function <lambda> at 0x7fa4962879f0>,<function <lambda> at 0x7fa496287a90>,<function <lambda> at 0x7fa496287b30>
2075,2020-03-27 10:00:00,<function <lambda> at 0x7fa4962879f0>,<function <lambda> at 0x7fa496287a90>,<function <lambda> at 0x7fa496287b30>
2076,2020-03-27 11:00:00,<function <lambda> at 0x7fa4962879f0>,<function <lambda> at 0x7fa496287a90>,<function <lambda> at 0x7fa496287b30>
2077,2020-03-27 12:00:00,<function <lambda> at 0x7fa4962879f0>,<function <lambda> at 0x7fa496287a90>,<function <lambda> at 0x7fa496287b30>
2078,2020-03-27 13:00:00,<function <lambda> at 0x7fa4962879f0>,<function <lambda> at 0x7fa496287a90>,<function <lambda> at 0x7fa496287b30>
2079,2020-03-27 14:00:00,<function <lambda> at 0x7fa4962879f0>,<function <lambda> at 0x7fa496287a90>,<function <lambda> at 0x7fa496287b30>
2080,2020-03-27 15:00:00,<function <lambda> at 0x7fa4962879f0>,<function <lambda> at 0x7fa496287a90>,<function <lambda> at 0x7fa496287b30>
2081,2020-03-27 16:00:00,<function <lambda> at 0x7fa4962879f0>,<function <lambda> at 0x7fa496287a90>,<function <lambda> at 0x7fa496287b30>
2082,2020-03-27 17:00:00,<function <lambda> at 0x7fa4962879f0>,<function <lambda> at 0x7fa496287a90>,<function <lambda> at 0x7fa496287b30>
2083,2020-03-27 18:00:00,<function <lambda> at 0x7fa4962879f0>,<function <lambda> at 0x7fa496287a90>,<function <lambda> at 0x7fa496287b30>
2084,2020-03-27 19:00:00,<function <lambda> at 0x7fa4962879f0>,<function <lambda> at 0x7fa496287a90>,<function <lambda> at 0x7fa496287b30>
2085,2020-03-27 20:00:00,<function <lambda> at 0x7fa4962879f0>,<function <lambda> at 0x7fa496287a90>,<function <lambda> at 0x7fa496287b30>
2086,2020-03-27 21:00:00,<function <lambda> at 0x7fa4962879f0>,<function <lambda> at 0x7fa496287a90>,<function <lambda> at 0x7fa496287b30>
2087,2020-03-27 22:00:00,<function <lambda> at 0x7fa4962879f0>,<function <lambda> at 0x7fa496287a90>,<function <lambda> at 0x7fa496287b30>
2088,2020-03-27 23:00:00,<function <lambda> at 0x7fa4962879f0>,<function <lambda> at 0x7fa496287a90>,<function <lambda> at 0x7fa496287b30>
2089,2020-03-28 00:00:00,<function <lambda> at 0x7fa4962879f0>,<function <lambda> at 0x7fa496287a90>,<function <lambda> at 0x7fa496287b30>
2090,2020-03-28 01:00:00,<function <lambda> at 0x7fa4962879f0>,<function <lambda> at 0x7fa496287a90>,<function <lambda> at 0x7fa496287b30>
2091,2020-03-28 02:00:00,<function <lambda> at 0x7fa4962879f0>,<function <lambda> at 0x7fa496287a90>,<function <lambda> at 0x7fa496287b30>
2092,2020-03-28 03:00:00,<function <lambda> at 0x7fa4962879f0>,<function <lambda> at 0x7fa496287a90>,<function <lambda> at 0x7fa496287b30>
2093,2020-03-28 04:00:00,<function <lambda> at 0x7fa4962879f0>,<function <lambda> at 0x7fa496287a90>,<function <lambda> at 0x7fa496287b30>
2094,2020-03-28 05:00:00,<function <lambda> at 0x7fa4962879f0>,<function <lambda> at 0x7fa496287a90>,<function <lambda> at 0x7fa496287b30>
2095,2020-03-28 06:00:00,<function <lambda> at 0x7fa4962879f0>,<function <lambda> at 0x7fa496287a90>,<function <lambda> at 0x7fa496287b30>
2096,2020-03-28 07:00:00,<function <lambda> at 0x7fa4962879f0>,<function <lambda> at 0x7fa496287a90>,<function <lambda> at 0x7fa496287b30>
2097,2020-03-28 08:00:00,<function <lambda> at 0x7fa4962879f0>,<function <lambda> at 0x7fa496287a90>,<function <lambda> at 0x7fa496287b30>
2098,2020-03-28 09:00:00,<function <lambda> at 0x7fa4962879f0>,<function <lambda> at 0x7fa496287a90>,<function <lambda> at 0x7fa496287b30>
2099,2020-03-28 10:00:00,<function <lambda> at 0x7fa4962879f0>,<function <lambda> at 0x7fa496287a90>,<function <lambda> at 0x7fa496287b30>
2100,2020-03-28 11:00:00,<function <lambda> at 0x7fa4962879f0>,<function <lambda> at 0x7fa496287a90>,<function <lambda> at 0x7fa496287b30>
2101,2020-03-28 12:00:00,<function <lambda> at 0x7fa4962879f0>,<function <lambda> at 0x7fa496287a90>,<function <lambda> at 0x7fa496287b30>
2102,2020-03-28 13:00:00,<function <lambda> at 0x7fa4962879f0>,<function <lambda> at 0x7fa496287a90>,<function <lambda> at 0x7fa496287b30>
2103,2020-03-28 14:00:00,<function <lambda> at 0x7fa4962879f0>,<function <lambda> at 0x7fa496287a90>,<function <lambda> at 0x7fa496287b30>
2104,2020-03-28 15:00:00,<function <lambda> at 0x7fa4962879f0>,<function <lambda> at 0x7fa496287a90>,<function <lambda> at 0x7fa496287b30>
2105,2020-03-28 16:00:00,<function <lambda> at 0x7fa4962879f0>,<function <lambda> at 0x7fa496287a90>,<function <lambda> at 0x7fa496287b30>
2106,2020-03-28 17:00:00,<function <lambda> at 0x7fa4962879f0>,<function <lambda> at 0x7fa496287a90>,<function <lambda> at 0x7fa496287b30>
2107,2020-03-28 18:00:00,<function <lambda> at 0x7fa4962879f0>,<function <lambda> at 0x7fa496287a90>,<function <lambda> at 0x7fa496287b30>
2108,2020-03-28 19:00:00,<function <lambda> at 0x7fa4962879f0>,<function <lambda> at 0x7fa496287a90>,<function <lambda> at 0x7fa496287b30>
2109,2020-03-28 20:00:00,<function <lambda> at 0x7fa4962879f0>,<function <lambda> at 0x7fa496287a90>,<function <lambda> at 0x7fa496287b30>
2110,2020-03-28 21:00:00,<function <lambda> at 0x7fa4962879f0>,<function <lambda> at 0x7fa496287a90>,<function <lambda> at 0x7fa496287b30>
2111,2020-03-28 22:00:00,<function <lambda> at 0x7fa4962879f0>,<function <lambda> at 0x7fa496287a90>,<function <lambda> at 0x7fa496287b30>
2112,2020-03-28 23:00:00,<function <lambda> at 0x7fa4962879f0>,<function <lambda> at 0x7fa496287a90>,<function <lambda> at 0x7fa496287b30>
2113,2020-03-29 00:00:00,<function <lambda> at 0x7fa4962879f0>,<function <lambda> at 0x7fa496287a90>,<function <lambda> at 0x7fa496287b30>
2114,2020-03-29 01:00:00,<function <lambda> at 0x7fa4962879f0>,<function <lambda> at 0x7fa496287a90>,<function <lambda> at 0x7fa496287b30>
2115,2020-03-29 02:00:00,<function <lambda> at 0x7fa4962879f0>,<function <lambda> at 0x7fa496287a90>,<function <lambda> at 0x7fa496287b30>
2116,2020-03-29 03:00:00,<function <lambda> at 0x7fa4962879f0>,<function <lambda> at 0x7fa496287a90>,<function <lambda> at 0x7fa496287b30>
2117,2020-03-29 04:00:00,<function <lambda> at 0x7fa4962879f0>,<function <lambda> at 0x7fa496287a90>,<function <lambda> at 0x7fa496287b30>
2118,2020-03-29 05:00:00,<function <lambda> at 0x7fa4962879f0>,<function <lambda> at 0x7fa496287a90>,<function <lambda> at 0x7fa496287b30>
2119,2020-03-29 06:00:00,<function <lambda> at 0x7fa4962879f0>,<function <lambda> at 0x7fa496287a90>,<function <lambda> at 0x7fa496287b30>
2120,2020-03-29 07:00:00,<function <lambda> at 0x7fa4962879f0>,<function <lambda> at 0x7fa496287a90>,<function <lambda> at 0x7fa496287b30>
2121,2020-03-29 08:00:00,<function <lambda> at 0x7fa4962879f0>,<function <lambda> at 0x7fa496287a90>,<function <lambda> at 0x7fa496287b30>
2122,2020-03-29 09:00:00,<function <lambda> at 0x7fa4962879f0>,<function <lambda> at 0x7fa496287a90>,<function <lambda> at 0x7fa496287b30>
2123,2020-03-29 10:00:00,<function <lambda> at 0x7fa4962879f0>,<function <lambda> at 0x7fa496287a90>,<function <lambda> at 0x7fa496287b30>
2124,2020-03-29 11:00:00,<function <lambda> at 0x7fa4962879f0>,<function <lambda> at 0x7fa496287a90>,<function <lambda> at 0x7fa496287b30>
2125,2020-03-29 12:00:00,<function <lambda> at 0x7fa4962879f0>,<function <lambda> at 0x7fa496287a90>,<function <lambda> at 0x7fa496287b30>
2126,2020-03-29 13:00:00,<function <lambda> at 0x7fa4962879f0>,<function <lambda> at 0x7fa496287a90>,<function <lambda> at 0x7fa496287b30>
2127,2020-03-29 14:00:00,<function <lambda> at 0x7fa4962879f0>,<function <lambda> at 0x7fa496287a90>,<function <lambda> at 0x7fa496287b30>
2128,2020-03-29 15:00:00,<function <lambda> at 0x7fa4962879f0>,<function <lambda> at 0x7fa496287a90>,<function <lambda> at 0x7fa496287b30>
2129,2020-03-29 16:00:00,<function <lambda> at 0x7fa4962879f0>,<function <lambda> at 0x7fa496287a90>,<function <lambda> at 0x7fa496287b30>
2130,2020-03-29 17:00:00,<function <lambda> at 0x7fa4962879f0>,<function <lambda> at 0x7fa496287a90>,<function <lambda> at 0x7fa496287b30>
2131,2020-03-29 18:00:00,<function <lambda> at 0x7fa4962879f0>,<function <lambda> at 0x7fa496287a90>,<function <lambda> at 0x7fa496287b30>
2132,2020-03-29 19:00:00,<function <lambda> at 0x7fa4962879f0>,<function <lambda> at 0x7fa496287a90>,<function <lambda> at 0x7fa496287b30>
2133,2020-03-29 20:00:00,<function <lambda> at 0x7fa4962879f0>,<function <lambda> at 0x7fa496287a90>,<function <lambda> at 0x7fa496287b30>
2134,2020-03-29 21:00:00,<function <lambda> at 0x7fa4962879f0>,<function <lambda> at 0x7fa496287a90>,<function <lambda> at 0x7fa496287b30>
2135,2020-03-29 22:00:00,<function <lambda> at 0x7fa4962879f0>,<function <lambda> at 0x7fa496287a90>,<function <lambda> at 0x7fa496287b30>
2136,2020-03-29 23:00:00,<function <lambda> at 0x7fa4962879f0>,<function <lambda> at 0x7fa496287a90>,<function <lambda> at 0x7fa496287b30>
2137,2020-03-30 00:00:00,<function <lambda> at 0x7fa4962879f0>,<function <lambda> at 0x7fa496287a90>,<function <lambda> at 0x7fa496287b30>
2138,2020-03-30 01:00:00,<function <lambda> at 0x7fa4962879f0>,<function <lambda> at 0x7fa496287a90>,<function <lambda> at 0x7fa496287b30>
2139,2020-03-30 02:00:00,<function <lambda> at 0x7fa4962879f0>,<function <lambda> at 0x7fa496287a90>,<function <lambda> at 0x7fa496287b30>
2140,2020-03-30 03:00:00,<function <lambda> at 0x7fa4962879f0>,<function <lambda> at 0x7fa496287a90>,<function <lambda> at 0x7fa496287b30>
2141,2020-03-30 04:00:00,<function <lambda> at 0x7fa4962879f0>,<function <lambda> at 0x7fa496287a90>,<function <lambda> at 0x7fa496287b30>
2142,2020-03-30 05:00:00,<function <lambda> at 0x7fa4962879f0>,<function <lambda> at 0x7fa496287a90>,<function <lambda> at 0x7fa496287b30>
2143,2020-03-30 06:00:00,<function <lambda> at 0x7fa4962879f0>,<function <lambda> at 0x7fa496287a90>,<function <lambda> at 0x7fa496287b30>
2144,2020-03-30 07:00:00,<function <lambda> at 0x7fa4962879f0>,<function <lambda> at 0x7fa496287a90>,<function <lambda> at 0x7fa496287b30>
2145,2020-03-30 08:00:00,<function <lambda> at 0x7fa4962879f0>,<function <lambda> at 0x7fa496287a90>,<function <lambda> at 0x7fa496287b30>
2146,2020-03-30 09:00:00,<function <lambda> at 0x7fa4962879f0>,<function <lambda> at 0x7fa496287a90>,<function <lambda> at 0x7fa496287b30>
2147,2020-03-30 10:00:00,<function <lambda> at 0x7fa4962879f0>,<function <lambda> at 0x7fa496287a90>,<function <lambda> at 0x7fa496287b30>
2148,2020-03-30 11:00:00,<function <lambda> at 0x7fa4962879f0>,<function <lambda> at 0x7fa496287a90>,<function <lambda> at 0x7fa496287b30>
2149,2020-03-30 12:00:00,<function <lambda> at 0x7fa4962879f0>,<function <lambda> at 0x7fa496287a90>,<function <lambda> at 0x7fa496287b30>
2150,2020-03-30 13:00:00,<function <lambda> at 0x7fa4962879f0>,<function <lambda> at 0x7fa496287a90>,<function <lambda> at 0x7fa496287b30>
2151,2020-03-30 14:00:00,<function <lambda> at 0x7fa4962879f0>,<function <lambda> at 0x7fa496287a90>,<function <lambda> at 0x7fa496287b30>
2152,2020-03-30 15:00:00,<function <lambda> at 0x7fa4962879f0>,<function <lambda> at 0x7fa496287a90>,<function <lambda> at 0x7fa496287b30>
2153,2020-03-30 16:00:00,<function <lambda> at 0x7fa4962879f0>,<function <lambda> at 0x7fa496287a90>,<function <lambda> at 0x7fa496287b30>
2154,2020-03-30 17:00:00,<function <lambda> at 0x7fa4962879f0>,<function <lambda> at 0x7fa496287a90>,<function <lambda> at 0x7fa496287b30>
2155,2020-03-30 18:00:00,<function <lambda> at 0x7fa4962879f0>,<function <lambda> at 0x7fa496287a90>,<function <lambda> at 0x7fa496287b30>
2156,2020-03-30 19:00:00,<function <lambda> at 0x7fa4962879f0>,<function <lambda> at 0x7fa496287a90>,<function <lambda> at 0x7fa496287b30>
2157,2020-03-30 20:00:00,<function <lambda> at 0x7fa4962879f0>,<function <lambda> at 0x7fa496287a90>,<function <lambda> at 0x7fa496287b30>
2158,2020-03-30 21:00:00,<function <lambda> at 0x7fa4962879f0>,<function <lambda> at 0x7fa496287a90>,<function <lambda> at 0x7fa496287b30>
2159,2020-03-30 22:00:00,<function <lambda> at 0x7fa4962879f0>,<function <lambda> at 0x7fa496287a90>,<function <lambda> at 0x7fa496287b30>
2160,2020-03-30 23:00:00,<function <lambda> at 0x7fa4962879f0>,<function <lambda> at 0x7fa496287a90>,<function <lambda> at 0x7fa496287b30>
2161,2020-03-31 00:00:00,<function <lambda> at 0x7fa4962879f0>,<function <lambda> at 0x7fa496287a90>,<function <lambda> at 0x7fa496287b30>
2162,2020-03-31 01:00:00,<function <lambda> at 0x7fa4962879f0>,<function <lambda> at 0x7fa496287a90>,<function <lambda> at 0x7fa496287b30>
2163,2020-03-31 02:00:00,<function <lambda> at 0x7fa4962879f0>,<function <lambda> at 0x7fa496287a90>,<function <lambda> at 0x7fa496287b30>
2164,2020-03-31 03:00:00,<function <lambda> at 0x7fa4962879f0>,<function <lambda> at 0x7fa496287a90>,<function <lambda> at 0x7fa496287b30>
2165,2020-03-31 04:00:00,<function <lambda> at 0x7fa4962879f0>,<function <lambda> at 0x7fa496287a90>,<function <lambda> at 0x7fa496287b30>
2166,2020-03-31 05:00:00,<function <lambda> at 0x7fa4962879f0>,<function <lambda> at 0x7fa496287a90>,<function <lambda> at 0x7fa496287b30>
2167,2020-03-31 06:00:00,<function <lambda> at 0x7fa4962879f0>,<function <lambda> at 0x7fa496287a90>,<function <lambda> at 0x7fa496287b30>
2168,2020-03-31 07:00:00,<function <lambda> at 0x7fa4962879f0>,<function <lambda> at 0x7fa496287a90>,<function <lambda> at 0x7fa496287b30>
2169,2020-03-31 08:00:00,<function <lambda> at 0x7fa4962879f0>,<function <lambda> at 0x7fa496287a90>,<function <lambda> at 0x7fa496287b30>
2170,2020-03-31 09:00:00,<function <lambda> at 0x7fa4962879f0>,<function <lambda> at 0x7fa496287a90>,<function <lambda> at 0x7fa496287b30>
2171,2020-03-31 10:00:00,<function <lambda> at 0x7fa4962879f0>,<function <lambda> at 0x7fa496287a90>,<function <lambda> at 0x7fa496287b30>
2172,2020-03-31 11:00:00,<function <lambda> at 0x7fa4962879f0>,<function <lambda> at 0x7fa496287a90>,<function <lambda> at 0x7fa496287b30>
2173,2020-03-31 12:00:00,<function <lambda> at 0x7fa4962879f0>,<function <lambda> at 0x7fa496287a90>,<function <lambda> at 0x7fa496287b30>
2174,2020-03-31 13:00:00,<function <lambda> at 0x7fa4962879f0>,<function <lambda> at 0x7fa496287a90>,<function <lambda> at 0x7fa496287b30>
2175,2020-03-31 14:00:00,<function <lambda> at 0x7fa4962879f0>,<function <lambda> at 0x7fa496287a90>,<function <lambda> at 0x7fa496287b30>
2176,2020-03-31 15:00:00,<function <lambda> at 0x7fa4962879f0>,<function <lambda> at 0x7fa496287a90>,<function <lambda> at 0x7fa496287b30>
2177,2020-03-31 16:00:00,<function <lambda> at 0x7fa4962879f0>,<function <lambda> at 0x7fa496287a90>,<function <lambda> at 0x7fa496287b30>
2178,2020-03-31 17:00:00,<function <lambda> at 0x7fa4962879f0>,<function <lambda> at 0x7fa496287a90>,<function <lambda> at 0x7fa496287b30>
2179,2020-03-31 18:00:00,<function <lambda> at 0x7fa4962879f0>,<function <lambda> at 0x7fa496287a90>,<function <lambda> at 0x7fa496287b30>
2180,2020-03-31 19:00:00,<function <lambda> at 0x7fa4962879f0>,<function <lambda> at 0x7fa496287a90>,<function <lambda> at 0x7fa496287b30>
2181,2020-03-31 20:00:00,<function <lambda> at 0x7fa4962879f0>,<function <lambda> at 0x7fa496287a90>,<function <lambda> at 0x7fa496287b30>
2182,2020-03-31 21:00:00,<function <lambda> at 0x7fa4962879f0>,<function <lambda> at 0x7fa496287a90>,<function <lambda> at 0x7fa496287b30>
2183,2020-03-31 22:00:00,<function <lambda> at 0x7fa4962879f0>,<function <lambda> at 0x7fa496287a90>,<function <lambda> at 0x7fa496287b30>
2184,2020-03-31 23:00:00,<function <lambda> at 0x7fa4962879f0>,<function <lambda> at 0x7fa496287a90>,<function <lambda> at 0x7fa496287b30>
2185,2020-04-01 00:00:00,<function <lambda> at 0x7fa4962879f0>,<function <lambda> at 0x7fa496287a90>,<function <lambda> at 0x7fa496287b30>
2186,2020-04-01 01:00:00,<function <lambda> at 0x7fa4962879f0>,<function <lambda> at 0x7fa496287a90>,<function <lambda> at 0x7fa496287b30>
2187,2020-04-01 02:00:00,<function <lambda> at 0x7fa4962879f0>,<function <lambda> at 0x7fa496287a90>,<function <lambda> at 0x7fa496287b30>
2188,2020-04-01 03:00:00,<function <lambda> at 0x7fa4962879f0>,<function <lambda> at 0x7fa496287a90>,<function <lambda> at 0x7fa496287b30>
2189,2020-04-01 04:00:00,<function <lambda> at 0x7fa4962879f0>,<function <lambda> at 0x7fa496287a90>,<function <lambda> at 0x7fa496287b30>
2190,2020-04-01 05:00:00,<function <lambda> at 0x7fa4962879f0>,<function <lambda> at 0x7fa496287a90>,<function <lambda> at 0x7fa496287b30>
2191,2020-04-01 06:00:00,<function <lambda> at 0x7fa4962879f0>,<function <lambda> at 0x7fa496287a90>,<function <lambda> at 0x7fa496287b30>
2192,2020-04-01 07:00:00,<function <lambda> at 0x7fa4962879f0>,<function <lambda> at 0x7fa496287a90>,<function <lambda> at 0x7fa496287b30>
2193,2020-04-01 08:00:00,<function <lambda> at 0x7fa4962879f0>,<function <lambda> at 0x7fa496287a90>,<function <lambda> at 0x7fa496287b30>
2194,2020-04-01 09:00:00,<function <lambda> at 0x7fa4962879f0>,<function <lambda> at 0x7fa496287a90>,<function <lambda> at 0x7fa496287b30>
2195,2020-04-01 10:00:00,<function <lambda> at 0x7fa4962879f0>,<function <lambda> at 0x7fa496287a90>,<function <lambda> at 0x7fa496287b30>
2196,2020-04-01 11:00:00,<function <lambda> at 0x7fa4962879f0>,<function <lambda> at 0x7fa496287a90>,<function <lambda> at 0x7fa496287b30>
2197,2020-04-01 12:00:00,<function <lambda> at 0x7fa4962879f0>,<function <lambda> at 0x7fa496287a90>,<function <lambda> at 0x7fa496287b30>
2198,2020-04-01 13:00:00,<function <lambda> at 0x7fa4962879f0>,<function <lambda> at 0x7fa496287a90>,<function <lambda> at 0x7fa496287b30>
2199,2020-04-01 14:00:00,<function <lambda> at 0x7fa4962879f0>,<function <lambda> at 0x7fa496287a90>,<function <lambda> at 0x7fa496287b30>
2200,2020-04-01 15:00:00,<function <lambda> at 0x7fa4962879f0>,<function <lambda> at 0x7fa496287a90>,<function <lambda> at 0x7fa496287b30>
2201,2020-04-01 16:00:00,<function <lambda> at 0x7fa4962879f0>,<function <lambda> at 0x7fa496287a90>,<function <lambda> at 0x7fa496287b30>
2202,2020-04-01 17:00:00,<function <lambda> at 0x7fa4962879f0>,<function <lambda> at 0x7fa496287a90>,<function <lambda> at 0x7fa496287b30>
2203,2020-04-01 18:00:00,<function <lambda> at 0x7fa4962879f0>,<function <lambda> at 0x7fa496287a90>,<function <lambda> at 0x7fa496287b30>
2204,2020-04-01 19:00:00,<function <lambda> at 0x7fa4962879f0>,<function <lambda> at 0x7fa496287a90>,<function <lambda> at 0x7fa496287b30>
2205,2020-04-01 20:00:00,<function <lambda> at 0x7fa4962879f0>,<function <lambda> at 0x7fa496287a90>,<function <lambda> at 0x7fa496287b30>
2206,2020-04-01 21:00:00,<function <lambda> at 0x7fa4962879f0>,<function <lambda> at 0x7fa496287a90>,<function <lambda> at 0x7fa496287b30>
2207,2020-04-01 22:00:00,<function <lambda> at 0x7fa4962879f0>,<function <lambda> at 0x7fa496287a90>,<function <lambda> at 0x7fa496287b30>
2208,2020-04-01 23:00:00,<function <lambda> at 0x7fa4962879f0>,<function <lambda> at 0x7fa496287a90>,<function <lambda> at 0x7fa496287b30>
2209,2020-04-02 00:00:00,<function <lambda> at 0x7fa4962879f0>,<function <lambda> at 0x7fa496287a90>,<function <lambda> at 0x7fa496287b30>
2210,2020-04-02 01:00:00,<function <lambda> at 0x7fa4962879f0>,<function <lambda> at 0x7fa496287a90>,<function <lambda> at 0x7fa496287b30>
2211,2020-04-02 02:00:00,<function <lambda> at 0x7fa4962879f0>,<function <lambda> at 0x7fa496287a90>,<function <lambda> at 0x7fa496287b30>
2212,2020-04-02 03:00:00,<function <lambda> at 0x7fa4962879f0>,<function <lambda> at 0x7fa496287a90>,<function <lambda> at 0x7fa496287b30>
2213,2020-04-02 04:00:00,<function <lambda> at 0x7fa4962879f0>,<function <lambda> at 0x7fa496287a90>,<function <lambda> at 0x7fa496287b30>
2214,2020-04-02 05:00:00,<function <lambda> at 0x7fa4962879f0>,<function <lambda> at 0x7fa496287a90>,<function <lambda> at 0x7fa496287b30>
2215,2020-04-02 06:00:00,<function <lambda> at 0x7fa4962879f0>,<function <lambda> at 0x7fa496287a90>,<function <lambda> at 0x7fa496287b30>
2216,2020-04-02 07:00:00,<function <lambda> at 0x7fa4962879f0>,<function <lambda> at 0x7fa496287a90>,<function <lambda> at 0x7fa496287b30>
2217,2020-04-02 08:00:00,<function <lambda> at 0x7fa4962879f0>,<function <lambda> at 0x7fa496287a90>,<function <lambda> at 0x7fa496287b30>
2218,2020-04-02 09:00:00,<function <lambda> at 0x7fa4962879f0>,<function <lambda> at 0x7fa496287a90>,<function <lambda> at 0x7fa496287b30>
2219,2020-04-02 10:00:00,<function <lambda> at 0x7fa4962879f0>,<function <lambda> at 0x7fa496287a90>,<function <lambda> at 0x7fa496287b30>
2220,2020-04-02 11:00:00,<function <lambda> at 0x7fa4962879f0>,<function <lambda> at 0x7fa496287a90>,<function <lambda> at 0x7fa496287b30>
2221,2020-04-02 12:00:00,<function <lambda> at 0x7fa4962879f0>,<function <lambda> at 0x7fa496287a90>,<function <lambda> at 0x7fa496287b30>
2222,2020-04-02 13:00:00,<function <lambda> at 0x7fa4962879f0>,<function <lambda> at 0x7fa496287a90>,<function <lambda> at 0x7fa496287b30>
2223,2020-04-02 14:00:00,<function <lambda> at 0x7fa4962879f0>,<function <lambda> at 0x7fa496287a90>,<function <lambda> at 0x7fa496287b30>
2224,2020-04-02 15:00:00,<function <lambda> at 0x7fa4962879f0>,<function <lambda> at 0x7fa496287a90>,<function <lambda> at 0x7fa496287b30>
2225,2020-04-02 16:00:00,<function <lambda> at 0x7fa4962879f0>,<function <lambda> at 0x7fa496287a90>,<function <lambda> at 0x7fa496287b30>
2226,2020-04-02 17:00:00,<function <lambda> at 0x7fa4962879f0>,<function <lambda> at 0x7fa496287a90>,<function <lambda> at 0x7fa496287b30>
2227,2020-04-02 18:00:00,<function <lambda> at 0x7fa4962879f0>,<function <lambda> at 0x7fa496287a90>,<function <lambda> at 0x7fa496287b30>
2228,2020-04-02 19:00:00,<function <lambda> at 0x7fa4962879f0>,<function <lambda> at 0x7fa496287a90>,<function <lambda> at 0x7fa496287b30>
2229,2020-04-02 20:00:00,<function <lambda> at 0x7fa4962879f0>,<function <lambda> at 0x7fa496287a90>,<function <lambda> at 0x7fa496287b30>
2230,2020-04-02 21:00:00,<function <lambda> at 0x7fa4962879f0>,<function <lambda> at 0x7fa496287a90>,<function <lambda> at 0x7fa496287b30>
2231,2020-04-02 22:00:00,<function <lambda> at 0x7fa4962879f0>,<function <lambda> at 0x7fa496287a90>,<function <lambda> at 0x7fa496287b30>
2232,2020-04-02 23:00:00,<function <lambda> at 0x7fa4962879f0>,<function <lambda> at 0x7fa496287a90>,<function <lambda> at 0x7fa496287b30>
2233,2020-04-03 00:00:00,<function <lambda> at 0x7fa4962879f0>,<function <lambda> at 0x7fa496287a90>,<function <lambda> at 0x7fa496287b30>
2234,2020-04-03 01:00:00,<function <lambda> at 0x7fa4962879f0>,<function <lambda> at 0x7fa496287a90>,<function <lambda> at 0x7fa496287b30>
2235,2020-04-03 02:00:00,<function <lambda> at 0x7fa4962879f0>,<function <lambda> at 0x7fa496287a90>,<function <lambda> at 0x7fa496287b30>
2236,2020-04-03 03:00:00,<function <lambda> at 0x7fa4962879f0>,<function <lambda> at 0x7fa496287a90>,<function <lambda> at 0x7fa496287b30>
2237,2020-04-03 04:00:00,<function <lambda> at 0x7fa4962879f0>,<function <lambda> at 0x7fa496287a90>,<function <lambda> at 0x7fa496287b30>
2238,2020-04-03 05:00:00,<function <lambda> at 0x7fa4962879f0>,<function <lambda> at 0x7fa496287a90>,<function <lambda> at 0x7fa496287b30>
2239,2020-04-03 06:00:00,<function <lambda> at 0x7fa4962879f0>,<function <lambda> at 0x7fa496287a90>,<function <lambda> at 0x7fa496287b30>
2240,2020-04-03 07:00:00,<function <lambda> at 0x7fa4962879f0>,<function <lambda> at 0x7fa496287a90>,<function <lambda> at 0x7fa496287b30>
2241,2020-04-03 08:00:00,<function <lambda> at 0x7fa4962879f0>,<function <lambda> at 0x7fa496287a90>,<function <lambda> at 0x7fa496287b30>
2242,2020-04-03 09:00:00,<function <lambda> at 0x7fa4962879f0>,<function <lambda> at 0x7fa496287a90>,<function <lambda> at 0x7fa496287b30>
2243,2020-04-03 10:00:00,<function <lambda> at 0x7fa4962879f0>,<function <lambda> at 0x7fa496287a90>,<function <lambda> at 0x7fa496287b30>
2244,2020-04-03 11:00:00,<function <lambda> at 0x7fa4962879f0>,<function <lambda> at 0x7fa496287a90>,<function <lambda> at 0x7fa496287b30>
2245,2020-04-03 12:00:00,<function <lambda> at 0x7fa4962879f0>,<function <lambda> at 0x7fa496287a90>,<function <lambda> at 0x7fa496287b30>
2246,2020-04-03 13:00:00,<function <lambda> at 0x7fa4962879f0>,<function <lambda> at 0x7fa496287a90>,<function <lambda> at 0x7fa496287b30>
2247,2020-04-03 14:00:00,<function <lambda> at 0x7fa4962879f0>,<function <lambda> at 0x7fa496287a90>,<function <lambda> at 0x7fa496287b30>
2248,2020-04-03 15:00:00,<function <lambda> at 0x7fa4962879f0>,<function <lambda> at 0x7fa496287a90>,<function <lambda> at 0x7fa496287b30>
2249,2020-04-03 16:00:00,<function <lambda> at 0x7fa4962879f0>,<function <lambda> at 0x7fa496287a90>,<function <lambda> at 0x7fa496287b30>
2250,2020-04-03 17:00:00,<function <lambda> at 0x7fa4962879f0>,<function <lambda> at 0x7fa496287a90>,<function <lambda> at 0x7fa496287b30>
2251,2020-04-03 18:00:00,<function <lambda> at 0x7fa4962879f0>,<function <lambda> at 0x7fa496287a90>,<function <lambda> at 0x7fa496287b30>
2252,2020-04-03 19:00:00,<function <lambda> at 0x7fa4962879f0>,<function <lambda> at 0x7fa496287a90>,<function <lambda> at 0x7fa496287b30>
2253,2020-04-03 20:00:00,<function <lambda> at 0x7fa4962879f0>,<function <lambda> at 0x7fa496287a90>,<function <lambda> at 0x7fa496287b30>
2254,2020-04-03 21:00:00,<function <lambda> at 0x7fa4962879f0>,<function <lambda> at 0x7fa496287a90>,<function <lambda> at 0x7fa496287b30>
2255,2020-04-03 22:00:00,<function <lambda> at 0x7fa4962879f0>,<function <lambda> at 0x7fa496287a90>,<function <lambda> at 0x7fa496287b30>
2256,2020-04-03 23:00:00,<function <lambda> at 0x7fa4962879f0>,<function <lambda> at 0x7fa496287a90>,<function <lambda> at 0x7fa496287b30>
2257,2020-04-04 00:00:00,<function <lambda> at 0x7fa4962879f0>,<function <lambda> at 0x7fa496287a90>,<function <lambda> at 0x7fa496287b30>
2258,2020-04-04 01:00:00,<function <lambda> at 0x7fa4962879f0>,<function <lambda> at 0x7fa496287a90>,<function <lambda> at 0x7fa496287b30>
2259,2020-04-04 02:00:00,<function <lambda> at 0x7fa4962879f0>,<function <lambda> at 0x7fa496287a90>,<function <lambda> at 0x7fa496287b30>
2260,2020-04-04 03:00:00,<function <lambda> at 0x7fa4962879f0>,<function <lambda> at 0x7fa496287a90>,<function <lambda> at 0x7fa496287b30>
2261,2020-04-04 04:00:00,<function <lambda> at 0x7fa4962879f0>,<function <lambda> at 0x7fa496287a90>,<function <lambda> at 0x7fa496287b30>
2262,2020-04-04 05:00:00,<function <lambda> at 0x7fa4962879f0>,<function <lambda> at 0x7fa496287a90>,<function <lambda> at 0x7fa496287b30>
2263,2020-04-04 06:00:00,<function <lambda> at 0x7fa4962879f0>,<function <lambda> at 0x7fa496287a90>,<function <lambda> at 0x7fa496287b30>
2264,2020-04-04 07:00:00,<function <lambda> at 0x7fa4962879f0>,<function <lambda> at 0x7fa496287a90>,<function <lambda> at 0x7fa496287b30>
2265,2020-04-04 08:00:00,<function <lambda> at 0x7fa4962879f0>,<function <lambda> at 0x7fa496287a90>,<function <lambda> at 0x7fa496287b30>
2266,2020-04-04 09:00:00,<function <lambda> at 0x7fa4962879f0>,<function <lambda> at 0x7fa496287a90>,<function <lambda> at 0x7fa496287b30>
2267,2020-04-04 10:00:00,<function <lambda> at 0x7fa4962879f0>,<function <lambda> at 0x7fa496287a90>,<function <lambda> at 0x7fa496287b30>
2268,2020-04-04 11:00:00,<function <lambda> at 0x7fa4962879f0>,<function <lambda> at 0x7fa496287a90>,<function <lambda> at 0x7fa496287b30>
2269,2020-04-04 12:00:00,<function <lambda> at 0x7fa4962879f0>,<function <lambda> at 0x7fa496287a90>,<function <lambda> at 0x7fa496287b30>
2270,2020-04-04 13:00:00,<function <lambda> at 0x7fa4962879f0>,<function <lambda> at 0x7fa496287a90>,<function <lambda> at 0x7fa496287b30>
2271,2020-04-04 14:00:00,<function <lambda> at 0x7fa4962879f0>,<function <lambda> at 0x7fa496287a90>,<function <lambda> at 0x7fa496287b30>
2272,2020-04-04 15:00:00,<function <lambda> at 0x7fa4962879f0>,<function <lambda> at 0x7fa496287a90>,<function <lambda> at 0x7fa496287b30>
2273,2020-04-04 16:00:00,<function <lambda> at 0x7fa4962879f0>,<function <lambda> at 0x7fa496287a90>,<function <lambda> at 0x7fa496287b30>
2274,2020-04-04 17:00:00,<function <lambda> at 0x7fa4962879f0>,<function <lambda> at 0x7fa496287a90>,<function <lambda> at 0x7fa496287b30>
2275,2020-04-04 18:00:00,<function <lambda> at 0x7fa4962879f0>,<function <lambda> at 0x7fa496287a90>,<function <lambda> at 0x7fa496287b30>
2276,2020-04-04 19:00:00,<function <lambda> at 0x7fa4962879f0>,<function <lambda> at 0x7fa496287a90>,<function <lambda> at 0x7fa496287b30>
2277,2020-04-04 20:00:00,<function <lambda> at 0x7fa4962879f0>,<function <lambda> at 0x7fa496287a90>,<function <lambda> at 0x7fa496287b30>
2278,2020-04-04 21:00:00,<function <lambda> at 0x7fa4962879f0>,<function <lambda> at 0x7fa496287a90>,<function <lambda> at 0x7fa496287b30>
2279,2020-04-04 22:00:00,<function <lambda> at 0x7fa4962879f0>,<function <lambda> at 0x7fa496287a90>,<function <lambda> at 0x7fa496287b30>
2280,2020-04-04 23:00:00,<function <lambda> at 0x7fa4962879f0>,<function <lambda> at 0x7fa496287a90>,<function <lambda> at 0x7fa496287b30>
2281,2020-04-05 00:00:00,<function <lambda> at 0x7fa4962879f0>,<function <lambda> at 0x7fa496287a90>,<function <lambda> at 0x7fa496287b30>
2282,2020-04-05 01:00:00,<function <lambda> at 0x7fa4962879f0>,<function <lambda> at 0x7fa496287a90>,<function <lambda> at 0x7fa496287b30>
2283,2020-04-05 02:00:00,<function <lambda> at 0x7fa4962879f0>,<function <lambda> at 0x7fa496287a90>,<function <lambda> at 0x7fa496287b30>
2284,2020-04-05 03:00:00,<function <lambda> at 0x7fa4962879f0>,<function <lambda> at 0x7fa496287a90>,<function <lambda> at 0x7fa496287b30>
2285,2020-04-05 04:00:00,<function <lambda> at 0x7fa4962879f0>,<function <lambda> at 0x7fa496287a90>,<function <lambda> at 0x7fa496287b30>
2286,2020-04-05 05:00:00,<function <lambda> at 0x7fa4962879f0>,<function <lambda> at 0x7fa496287a90>,<function <lambda> at 0x7fa496287b30>
2287,2020-04-05 06:00:00,<function <lambda> at 0x7fa4962879f0>,<function <lambda> at 0x7fa496287a90>,<function <lambda> at 0x7fa496287b30>
2288,2020-04-05 07:00:00,<function <lambda> at 0x7fa4962879f0>,<function <lambda> at 0x7fa496287a90>,<function <lambda> at 0x7fa496287b30>
2289,2020-04-05 08:00:00,<function <lambda> at 0x7fa4962879f0>,<function <lambda> at 0x7fa496287a90>,<function <lambda> at 0x7fa496287b30>
2290,2020-04-05 09:00:00,<function <lambda> at 0x7fa4962879f0>,<function <lambda> at 0x7fa496287a90>,<function <lambda> at 0x7fa496287b30>
2291,2020-04-05 10:00:00,<function <lambda> at 0x7fa4962879f0>,<function <lambda> at 0x7fa496287a90>,<function <lambda> at 0x7fa496287b30>
2292,2020-04-05 11:00:00,<function <lambda> at 0x7fa4962879f0>,<function <lambda> at 0x7fa496287a90>,<function <lambda> at 0x7fa496287b30>
2293,2020-04-05 12:00:00,<function <lambda> at 0x7fa4962879f0>,<function <lambda> at 0x7fa496287a90>,<function <lambda> at 0x7fa496287b30>
2294,2020-04-05 13:00:00,<function <lambda> at 0x7fa4962879f0>,<function <lambda> at 0x7fa496287a90>,<function <lambda> at 0x7fa496287b30>
2295,2020-04-05 14:00:00,<function <lambda> at 0x7fa4962879f0>,<function <lambda> at 0x7fa496287a90>,<function <lambda> at 0x7fa496287b30>
2296,2020-04-05 15:00:00,<function <lambda> at 0x7fa4962879f0>,<function <lambda> at 0x7fa496287a90>,<function <lambda> at 0x7fa496287b30>
2297,2020-04-05 16:00:00,<function <lambda> at 0x7fa4962879f0>,<function <lambda> at 0x7fa496287a90>,<function <lambda> at 0x7fa496287b30>
2298,2020-04-05 17:00:00,<function <lambda> at 0x7fa4962879f0>,<function <lambda> at 0x7fa496287a90>,<function <lambda> at 0x7fa496287b30>
2299,2020-04-05 18:00:00,<function <lambda> at 0x7fa4962879f0>,<function <lambda> at 0x7fa496287a90>,<function <lambda> at 0x7fa496287b30>
2300,2020-04-05 19:00:00,<function <lambda> at 0x7fa4962879f0>,<function <lambda> at 0x7fa496287a90>,<function <lambda> at 0x7fa496287b30>
2301,2020-04-05 20:00:00,<function <lambda> at 0x7fa4962879f0>,<function <lambda> at 0x7fa496287a90>,<function <lambda> at 0x7fa496287b30>
2302,2020-04-05 21:00:00,<function <lambda> at 0x7fa4962879f0>,<function <lambda> at 0x7fa496287a90>,<function <lambda> at 0x7fa496287b30>
2303,2020-04-05 22:00:00,<function <lambda> at 0x7fa4962879f0>,<function <lambda> at 0x7fa496287a90>,<function <lambda> at 0x7fa496287b30>
2304,2020-04-05 23:00:00,<function <lambda> at 0x7fa4962879f0>,<function <lambda> at 0x7fa496287a90>,<function <lambda> at 0x7fa496287b30>
2305,2020-04-06 00:00:00,<function <lambda> at 0x7fa4962879f0>,<function <lambda> at 0x7fa496287a90>,<function <lambda> at 0x7fa496287b30>
2306,2020-04-06 01:00:00,<function <lambda> at 0x7fa4962879f0>,<function <lambda> at 0x7fa496287a90>,<function <lambda> at 0x7fa496287b30>
2307,2020-04-06 02:00:00,<function <lambda> at 0x7fa4962879f0>,<function <lambda> at 0x7fa496287a90>,<function <lambda> at 0x7fa496287b30>
2308,2020-04-06 03:00:00,<function <lambda> at 0x7fa4962879f0>,<function <lambda> at 0x7fa496287a90>,<function <lambda> at 0x7fa496287b30>
2309,2020-04-06 04:00:00,<function <lambda> at 0x7fa4962879f0>,<function <lambda> at 0x7fa496287a90>,<function <lambda> at 0x7fa496287b30>
2310,2020-04-06 05:00:00,<function <lambda> at 0x7fa4962879f0>,<function <lambda> at 0x7fa496287a90>,<function <lambda> at 0x7fa496287b30>
2311,2020-04-06 06:00:00,<function <lambda> at 0x7fa4962879f0>,<function <lambda> at 0x7fa496287a90>,<function <lambda> at 0x7fa496287b30>
2312,2020-04-06 07:00:00,<function <lambda> at 0x7fa4962879f0>,<function <lambda> at 0x7fa496287a90>,<function <lambda> at 0x7fa496287b30>
2313,2020-04-06 08:00:00,<function <lambda> at 0x7fa4962879f0>,<function <lambda> at 0x7fa496287a90>,<function <lambda> at 0x7fa496287b30>
2314,2020-04-06 09:00:00,<function <lambda> at 0x7fa4962879f0>,<function <lambda> at 0x7fa496287a90>,<function <lambda> at 0x7fa496287b30>
2315,2020-04-06 10:00:00,<function <lambda> at 0x7fa4962879f0>,<function <lambda> at 0x7fa496287a90>,<function <lambda> at 0x7fa496287b30>
2316,2020-04-06 11:00:00,<function <lambda> at 0x7fa4962879f0>,<function <lambda> at 0x7fa496287a90>,<function <lambda> at 0x7fa496287b30>
2317,2020-04-06 12:00:00,<function <lambda> at 0x7fa4962879f0>,<function <lambda> at 0x7fa496287a90>,<function <lambda> at 0x7fa496287b30>
2318,2020-04-06 13:00:00,<function <lambda> at 0x7fa4962879f0>,<function <lambda> at 0x7fa496287a90>,<function <lambda> at 0x7fa496287b30>
2319,2020-04-06 14:00:00,<function <lambda> at 0x7fa4962879f0>,<function <lambda> at 0x7fa496287a90>,<function <lambda> at 0x7fa496287b30>
2320,2020-04-06 15:00:00,<function <lambda> at 0x7fa4962879f0>,<function <lambda> at 0x7fa496287a90>,<function <lambda> at 0x7fa496287b30>
2321,2020-04-06 16:00:00,<function <lambda> at 0x7fa4962879f0>,<function <lambda> at 0x7fa496287a90>,<function <lambda> at 0x7fa496287b30>
2322,2020-04-06 17:00:00,<function <lambda> at 0x7fa4962879f0>,<function <lambda> at 0x7fa496287a90>,<function <lambda> at 0x7fa496287b30>
2323,2020-04-06 18:00:00,<function <lambda> at 0x7fa4962879f0>,<function <lambda> at 0x7fa496287a90>,<function <lambda> at 0x7fa496287b30>
2324,2020-04-06 19:00:00,<function <lambda> at 0x7fa4962879f0>,<function <lambda> at 0x7fa496287a90>,<function <lambda> at 0x7fa496287b30>
2325,2020-04-06 20:00:00,<function <lambda> at 0x7fa4962879f0>,<function <lambda> at 0x7fa496287a90>,<function <lambda> at 0x7fa496287b30>
2326,2020-04-06 21:00:00,<function <lambda> at 0x7fa4962879f0>,<function <lambda> at 0x7fa496287a90>,<function <lambda> at 0x7fa496287b30>
2327,2020-04-06 22:00:00,<function <lambda> at 0x7fa4962879f0>,<function <lambda> at 0x7fa496287a90>,<function <lambda> at 0x7fa496287b30>
2328,2020-04-06 23:00:00,<function <lambda> at 0x7fa4962879f0>,<function <lambda> at 0x7fa496287a90>,<function <lambda> at 0x7fa496287b30>
2329,2020-04-07 00:00:00,<function <lambda> at 0x7fa4962879f0>,<function <lambda> at 0x7fa496287a90>,<function <lambda> at 0x7fa496287b30>
2330,2020-04-07 01:00:00,<function <lambda> at 0x7fa4962879f0>,<function <lambda> at 0x7fa496287a90>,<function <lambda> at 0x7fa496287b30>
2331,2020-04-07 02:00:00,<function <lambda> at 0x7fa4962879f0>,<function <lambda> at 0x7fa496287a90>,<function <lambda> at 0x7fa496287b30>
2332,2020-04-07 03:00:00,<function <lambda> at 0x7fa4962879f0>,<function <lambda> at 0x7fa496287a90>,<function <lambda> at 0x7fa496287b30>
2333,2020-04-07 04:00:00,<function <lambda> at 0x7fa4962879f0>,<function <lambda> at 0x7fa496287a90>,<function <lambda> at 0x7fa496287b30>
2334,2020-04-07 05:00:00,<function <lambda> at 0x7fa4962879f0>,<function <lambda> at 0x7fa496287a90>,<function <lambda> at 0x7fa496287b30>
2335,2020-04-07 06:00:00,<function <lambda> at 0x7fa4962879f0>,<function <lambda> at 0x7fa496287a90>,<function <lambda> at 0x7fa496287b30>
2336,2020-04-07 07:00:00,<function <lambda> at 0x7fa4962879f0>,<function <lambda> at 0x7fa496287a90>,<function <lambda> at 0x7fa496287b30>
2337,2020-04-07 08:00:00,<function <lambda> at 0x7fa4962879f0>,<function <lambda> at 0x7fa496287a90>,<function <lambda> at 0x7fa496287b30>
2338,2020-04-07 09:00:00,<function <lambda> at 0x7fa4962879f0>,<function <lambda> at 0x7fa496287a90>,<function <lambda> at 0x7fa496287b30>
2339,2020-04-07 10:00:00,<function <lambda> at 0x7fa4962879f0>,<function <lambda> at 0x7fa496287a90>,<function <lambda> at 0x7fa496287b30>
2340,2020-04-07 11:00:00,<function <lambda> at 0x7fa4962879f0>,<function <lambda> at 0x7fa496287a90>,<function <lambda> at 0x7fa496287b30>
2341,2020-04-07 12:00:00,<function <lambda> at 0x7fa4962879f0>,<function <lambda> at 0x7fa496287a90>,<function <lambda> at 0x7fa496287b30>
2342,2020-04-07 13:00:00,<function <lambda> at 0x7fa4962879f0>,<function <lambda> at 0x7fa496287a90>,<function <lambda> at 0x7fa496287b30>
2343,2020-04-07 14:00:00,<function <lambda> at 0x7fa4962879f0>,<function <lambda> at 0x7fa496287a90>,<function <lambda> at 0x7fa496287b30>
2344,2020-04-07 15:00:00,<function <lambda> at 0x7fa4962879f0>,<function <lambda> at 0x7fa496287a90>,<function <lambda> at 0x7fa496287b30>
2345,2020-04-07 16:00:00,<function <lambda> at 0x7fa4962879f0>,<function <lambda> at 0x7fa496287a90>,<function <lambda> at 0x7fa496287b30>
2346,2020-04-07 17:00:00,<function <lambda> at 0x7fa4962879f0>,<function <lambda> at 0x7fa496287a90>,<function <lambda> at 0x7fa496287b30>
2347,2020-04-07 18:00:00,<function <lambda> at 0x7fa4962879f0>,<function <lambda> at 0x7fa496287a90>,<function <lambda> at 0x7fa496287b30>
2348,2020-04-07 19:00:00,<function <lambda> at 0x7fa4962879f0>,<function <lambda> at 0x7fa496287a90>,<function <lambda> at 0x7fa496287b30>
2349,2020-04-07 20:00:00,<function <lambda> at 0x7fa4962879f0>,<function <lambda> at 0x7fa496287a90>,<function <lambda> at 0x7fa496287b30>
2350,2020-04-07 21:00:00,<function <lambda> at 0x7fa4962879f0>,<function <lambda> at 0x7fa496287a90>,<function <lambda> at 0x7fa496287b30>
2351,2020-04-07 22:00:00,<function <lambda> at 0x7fa4962879f0>,<function <lambda> at 0x7fa496287a90>,<function <lambda> at 0x7fa496287b30>
2352,2020-04-07 23:00:00,<function <lambda> at 0x7fa4962879f0>,<function <lambda> at 0x7fa496287a90>,<function <lambda> at 0x7fa496287b30>
2353,2020-04-08 00:00:00,<function <lambda> at 0x7fa4962879f0>,<function <lambda> at 0x7fa496287a90>,<function <lambda> at 0x7fa496287b30>
2354,2020-04-08 01:00:00,<function <lambda> at 0x7fa4962879f0>,<function <lambda> at 0x7fa496287a90>,<function <lambda> at 0x7fa496287b30>
2355,2020-04-08 02:00:00,<function <lambda> at 0x7fa4962879f0>,<function <lambda> at 0x7fa496287a90>,<function <lambda> at 0x7fa496287b30>
2356,2020-04-08 03:00:00,<function <lambda> at 0x7fa4962879f0>,<function <lambda> at 0x7fa496287a90>,<function <lambda> at 0x7fa496287b30>
2357,2020-04-08 04:00:00,<function <lambda> at 0x7fa4962879f0>,<function <lambda> at 0x7fa496287a90>,<function <lambda> at 0x7fa496287b30>
2358,2020-04-08 05:00:00,<function <lambda> at 0x7fa4962879f0>,<function <lambda> at 0x7fa496287a90>,<function <lambda> at 0x7fa496287b30>
2359,2020-04-08 06:00:00,<function <lambda> at 0x7fa4962879f0>,<function <lambda> at 0x7fa496287a90>,<function <lambda> at 0x7fa496287b30>
2360,2020-04-08 07:00:00,<function <lambda> at 0x7fa4962879f0>,<function <lambda> at 0x7fa496287a90>,<function <lambda> at 0x7fa496287b30>
2361,2020-04-08 08:00:00,<function <lambda> at 0x7fa4962879f0>,<function <lambda> at 0x7fa496287a90>,<function <lambda> at 0x7fa496287b30>
2362,2020-04-08 09:00:00,<function <lambda> at 0x7fa4962879f0>,<function <lambda> at 0x7fa496287a90>,<function <lambda> at 0x7fa496287b30>
2363,2020-04-08 10:00:00,<function <lambda> at 0x7fa4962879f0>,<function <lambda> at 0x7fa496287a90>,<function <lambda> at 0x7fa496287b30>
2364,2020-04-08 11:00:00,<function <lambda> at 0x7fa4962879f0>,<function <lambda> at 0x7fa496287a90>,<function <lambda> at 0x7fa496287b30>
2365,2020-04-08 12:00:00,<function <lambda> at 0x7fa4962879f0>,<function <lambda> at 0x7fa496287a90>,<function <lambda> at 0x7fa496287b30>
2366,2020-04-08 13:00:00,<function <lambda> at 0x7fa4962879f0>,<function <lambda> at 0x7fa496287a90>,<function <lambda> at 0x7fa496287b30>
2367,2020-04-08 14:00:00,<function <lambda> at 0x7fa4962879f0>,<function <lambda> at 0x7fa496287a90>,<function <lambda> at 0x7fa496287b30>
2368,2020-04-08 15:00:00,<function <lambda> at 0x7fa4962879f0>,<function <lambda> at 0x7fa496287a90>,<function <lambda> at 0x7fa496287b30>
2369,2020-04-08 16:00:00,<function <lambda> at 0x7fa4962879f0>,<function <lambda> at 0x7fa496287a90>,<function <lambda> at 0x7fa496287b30>
2370,2020-04-08 17:00:00,<function <lambda> at 0x7fa4962879f0>,<function <lambda> at 0x7fa496287a90>,<function <lambda> at 0x7fa496287b30>
2371,2020-04-08 18:00:00,<function <lambda> at 0x7fa4962879f0>,<function <lambda> at 0x7fa496287a90>,<function <lambda> at 0x7fa496287b30>
2372,2020-04-08 19:00:00,<function <lambda> at 0x7fa4962879f0>,<function <lambda> at 0x7fa496287a90>,<function <lambda> at 0x7fa496287b30>
2373,2020-04-08 20:00:00,<function <lambda> at 0x7fa4962879f0>,<function <lambda> at 0x7fa496287a90>,<function <lambda> at 0x7fa496287b30>
2374,2020-04-08 21:00:00,<function <lambda> at 0x7fa4962879f0>,<function <lambda> at 0x7fa496287a90>,<function <lambda> at 0x7fa496287b30>
2375,2020-04-08 22:00:00,<function <lambda> at 0x7fa4962879f0>,<function <lambda> at 0x7fa496287a90>,<function <lambda> at 0x7fa496287b30>
2376,2020-04-08 23:00:00,<function <lambda> at 0x7fa4962879f0>,<function <lambda> at 0x7fa496287a90>,<function <lambda> at 0x7fa496287b30>
2377,2020-04-09 00:00:00,<function <lambda> at 0x7fa4962879f0>,<function <lambda> at 0x7fa496287a90>,<function <lambda> at 0x7fa496287b30>
2378,2020-04-09 01:00:00,<function <lambda> at 0x7fa4962879f0>,<function <lambda> at 0x7fa496287a90>,<function <lambda> at 0x7fa496287b30>
2379,2020-04-09 02:00:00,<function <lambda> at 0x7fa4962879f0>,<function <lambda> at 0x7fa496287a90>,<function <lambda> at 0x7fa496287b30>
2380,2020-04-09 03:00:00,<function <lambda> at 0x7fa4962879f0>,<function <lambda> at 0x7fa496287a90>,<function <lambda> at 0x7fa496287b30>
2381,2020-04-09 04:00:00,<function <lambda> at 0x7fa4962879f0>,<function <lambda> at 0x7fa496287a90>,<function <lambda> at 0x7fa496287b30>
2382,2020-04-09 05:00:00,<function <lambda> at 0x7fa4962879f0>,<function <lambda> at 0x7fa496287a90>,<function <lambda> at 0x7fa496287b30>
2383,2020-04-09 06:00:00,<function <lambda> at 0x7fa4962879f0>,<function <lambda> at 0x7fa496287a90>,<function <lambda> at 0x7fa496287b30>
2384,2020-04-09 07:00:00,<function <lambda> at 0x7fa4962879f0>,<function <lambda> at 0x7fa496287a90>,<function <lambda> at 0x7fa496287b30>
2385,2020-04-09 08:00:00,<function <lambda> at 0x7fa4962879f0>,<function <lambda> at 0x7fa496287a90>,<function <lambda> at 0x7fa496287b30>
2386,2020-04-09 09:00:00,<function <lambda> at 0x7fa4962879f0>,<function <lambda> at 0x7fa496287a90>,<function <lambda> at 0x7fa496287b30>
2387,2020-04-09 10:00:00,<function <lambda> at 0x7fa4962879f0>,<function <lambda> at 0x7fa496287a90>,<function <lambda> at 0x7fa496287b30>
2388,2020-04-09 11:00:00,<function <lambda> at 0x7fa4962879f0>,<function <lambda> at 0x7fa496287a90>,<function <lambda> at 0x7fa496287b30>
2389,2020-04-09 12:00:00,<function <lambda> at 0x7fa4962879f0>,<function <lambda> at 0x7fa496287a90>,<function <lambda> at 0x7fa496287b30>
2390,2020-04-09 13:00:00,<function <lambda> at 0x7fa4962879f0>,<function <lambda> at 0x7fa496287a90>,<function <lambda> at 0x7fa496287b30>
2391,2020-04-09 14:00:00,<function <lambda> at 0x7fa4962879f0>,<function <lambda> at 0x7fa496287a90>,<function <lambda> at 0x7fa496287b30>
2392,2020-04-09 15:00:00,<function <lambda> at 0x7fa4962879f0>,<function <lambda> at 0x7fa496287a90>,<function <lambda> at 0x7fa496287b30>
2393,2020-04-09 16:00:00,<function <lambda> at 0x7fa4962879f0>,<function <lambda> at 0x7fa496287a90>,<function <lambda> at 0x7fa496287b30>
2394,2020-04-09 17:00:00,<function <lambda> at 0x7fa4962879f0>,<function <lambda> at 0x7fa496287a90>,<function <lambda> at 0x7fa496287b30>
2395,2020-04-09 18:00:00,<function <lambda> at 0x7fa4962879f0>,<function <lambda> at 0x7fa496287a90>,<function <lambda> at 0x7fa496287b30>
2396,2020-04-09 19:00:00,<function <lambda> at 0x7fa4962879f0>,<function <lambda> at 0x7fa496287a90>,<function <lambda> at 0x7fa496287b30>
2397,2020-04-09 20:00:00,<function <lambda> at 0x7fa4962879f0>,<function <lambda> at 0x7fa496287a90>,<function <lambda> at 0x7fa496287b30>
2398,2020-04-09 21:00:00,<function <lambda> at 0x7fa4962879f0>,<function <lambda> at 0x7fa496287a90>,<function <lambda> at 0x7fa496287b30>
2399,2020-04-09 22:00:00,<function <lambda> at 0x7fa4962879f0>,<function <lambda> at 0x7fa496287a90>,<function <lambda> at 0x7fa496287b30>
2400,2020-04-09 23:00:00,<function <lambda> at 0x7fa4962879f0>,<function <lambda> at 0x7fa496287a90>,<function <lambda> at 0x7fa496287b30>
2401,2020-04-10 00:00:00,<function <lambda> at 0x7fa4962879f0>,<function <lambda> at 0x7fa496287a90>,<function <lambda> at 0x7fa496287b30>
2402,2020-04-10 01:00:00,<function <lambda> at 0x7fa4962879f0>,<function <lambda> at 0x7fa496287a90>,<function <lambda> at 0x7fa496287b30>
2403,2020-04-10 02:00:00,<function <lambda> at 0x7fa4962879f0>,<function <lambda> at 0x7fa496287a90>,<function <lambda> at 0x7fa496287b30>
2404,2020-04-10 03:00:00,<function <lambda> at 0x7fa4962879f0>,<function <lambda> at 0x7fa496287a90>,<function <lambda> at 0x7fa496287b30>
2405,2020-04-10 04:00:00,<function <lambda> at 0x7fa4962879f0>,<function <lambda> at 0x7fa496287a90>,<function <lambda> at 0x7fa496287b30>
2406,2020-04-10 05:00:00,<function <lambda> at 0x7fa4962879f0>,<function <lambda> at 0x7fa496287a90>,<function <lambda> at 0x7fa496287b30>
2407,2020-04-10 06:00:00,<function <lambda> at 0x7fa4962879f0>,<function <lambda> at 0x7fa496287a90>,<function <lambda> at 0x7fa496287b30>
2408,2020-04-10 07:00:00,<function <lambda> at 0x7fa4962879f0>,<function <lambda> at 0x7fa496287a90>,<function <lambda> at 0x7fa496287b30>
2409,2020-04-10 08:00:00,<function <lambda> at 0x7fa4962879f0>,<function <lambda> at 0x7fa496287a90>,<function <lambda> at 0x7fa496287b30>
2410,2020-04-10 09:00:00,<function <lambda> at 0x7fa4962879f0>,<function <lambda> at 0x7fa496287a90>,<function <lambda> at 0x7fa496287b30>
2411,2020-04-10 10:00:00,<function <lambda> at 0x7fa4962879f0>,<function <lambda> at 0x7fa496287a90>,<function <lambda> at 0x7fa496287b30>
2412,2020-04-10 11:00:00,<function <lambda> at 0x7fa4962879f0>,<function <lambda> at 0x7fa496287a90>,<function <lambda> at 0x7fa496287b30>
2413,2020-04-10 12:00:00,<function <lambda> at 0x7fa4962879f0>,<function <lambda> at 0x7fa496287a90>,<function <lambda> at 0x7fa496287b30>
2414,2020-04-10 13:00:00,<function <lambda> at 0x7fa4962879f0>,<function <lambda> at 0x7fa496287a90>,<function <lambda> at 0x7fa496287b30>
2415,2020-04-10 14:00:00,<function <lambda> at 0x7fa4962879f0>,<function <lambda> at 0x7fa496287a90>,<function <lambda> at 0x7fa496287b30>
2416,2020-04-10 15:00:00,<function <lambda> at 0x7fa4962879f0>,<function <lambda> at 0x7fa496287a90>,<function <lambda> at 0x7fa496287b30>
2417,2020-04-10 16:00:00,<function <lambda> at 0x7fa4962879f0>,<function <lambda> at 0x7fa496287a90>,<function <lambda> at 0x7fa496287b30>
2418,2020-04-10 17:00:00,<function <lambda> at 0x7fa4962879f0>,<function <lambda> at 0x7fa496287a90>,<function <lambda> at 0x7fa496287b30>
2419,2020-04-10 18:00:00,<function <lambda> at 0x7fa4962879f0>,<function <lambda> at 0x7fa496287a90>,<function <lambda> at 0x7fa496287b30>
2420,2020-04-10 19:00:00,<function <lambda> at 0x7fa4962879f0>,<function <lambda> at 0x7fa496287a90>,<function <lambda> at 0x7fa496287b30>
2421,2020-04-10 20:00:00,<function <lambda> at 0x7fa4962879f0>,<function <lambda> at 0x7fa496287a90>,<function <lambda> at 0x7fa496287b30>
2422,2020-04-10 21:00:00,<function <lambda> at 0x7fa4962879f0>,<function <lambda> at 0x7fa496287a90>,<function <lambda> at 0x7fa496287b30>
2423,2020-04-10 22:00:00,<function <lambda> at 0x7fa4962879f0>,<function <lambda> at 0x7fa496287a90>,<function <lambda> at 0x7fa496287b30>
2424,2020-04-10 23:00:00,<function <lambda> at 0x7fa4962879f0>,<function <lambda> at 0x7fa496287a90>,<function <lambda> at 0x7fa496287b30>
2425,2020-04-11 00:00:00,<function <lambda> at 0x7fa4962879f0>,<function <lambda> at 0x7fa496287a90>,<function <lambda> at 0x7fa496287b30>
2426,2020-04-11 01:00:00,<function <lambda> at 0x7fa4962879f0>,<function <lambda> at 0x7fa496287a90>,<function <lambda> at 0x7fa496287b30>
2427,2020-04-11 02:00:00,<function <lambda> at 0x7fa4962879f0>,<function <lambda> at 0x7fa496287a90>,<function <lambda> at 0x7fa496287b30>
2428,2020-04-11 03:00:00,<function <lambda> at 0x7fa4962879f0>,<function <lambda> at 0x7fa496287a90>,<function <lambda> at 0x7fa496287b30>
2429,2020-04-11 04:00:00,<function <lambda> at 0x7fa4962879f0>,<function <lambda> at 0x7fa496287a90>,<function <lambda> at 0x7fa496287b30>
2430,2020-04-11 05:00:00,<function <lambda> at 0x7fa4962879f0>,<function <lambda> at 0x7fa496287a90>,<function <lambda> at 0x7fa496287b30>
2431,2020-04-11 06:00:00,<function <lambda> at 0x7fa4962879f0>,<function <lambda> at 0x7fa496287a90>,<function <lambda> at 0x7fa496287b30>
2432,2020-04-11 07:00:00,<function <lambda> at 0x7fa4962879f0>,<function <lambda> at 0x7fa496287a90>,<function <lambda> at 0x7fa496287b30>
2433,2020-04-11 08:00:00,<function <lambda> at 0x7fa4962879f0>,<function <lambda> at 0x7fa496287a90>,<function <lambda> at 0x7fa496287b30>
2434,2020-04-11 09:00:00,<function <lambda> at 0x7fa4962879f0>,<function <lambda> at 0x7fa496287a90>,<function <lambda> at 0x7fa496287b30>
2435,2020-04-11 10:00:00,<function <lambda> at 0x7fa4962879f0>,<function <lambda> at 0x7fa496287a90>,<function <lambda> at 0x7fa496287b30>
2436,2020-04-11 11:00:00,<function <lambda> at 0x7fa4962879f0>,<function <lambda> at 0x7fa496287a90>,<function <lambda> at 0x7fa496287b30>
2437,2020-04-11 12:00:00,<function <lambda> at 0x7fa4962879f0>,<function <lambda> at 0x7fa496287a90>,<function <lambda> at 0x7fa496287b30>
2438,2020-04-11 13:00:00,<function <lambda> at 0x7fa4962879f0>,<function <lambda> at 0x7fa496287a90>,<function <lambda> at 0x7fa496287b30>
2439,2020-04-11 14:00:00,<function <lambda> at 0x7fa4962879f0>,<function <lambda> at 0x7fa496287a90>,<function <lambda> at 0x7fa496287b30>
2440,2020-04-11 15:00:00,<function <lambda> at 0x7fa4962879f0>,<function <lambda> at 0x7fa496287a90>,<function <lambda> at 0x7fa496287b30>
2441,2020-04-11 16:00:00,<function <lambda> at 0x7fa4962879f0>,<function <lambda> at 0x7fa496287a90>,<function <lambda> at 0x7fa496287b30>
2442,2020-04-11 17:00:00,<function <lambda> at 0x7fa4962879f0>,<function <lambda> at 0x7fa496287a90>,<function <lambda> at 0x7fa496287b30>
2443,2020-04-11 18:00:00,<function <lambda> at 0x7fa4962879f0>,<function <lambda> at 0x7fa496287a90>,<function <lambda> at 0x7fa496287b30>
2444,2020-04-11 19:00:00,<function <lambda> at 0x7fa4962879f0>,<function <lambda> at 0x7fa496287a90>,<function <lambda> at 0x7fa496287b30>
2445,2020-04-11 20:00:00,<function <lambda> at 0x7fa4962879f0>,<function <lambda> at 0x7fa496287a90>,<function <lambda> at 0x7fa496287b30>
2446,2020-04-11 21:00:00,<function <lambda> at 0x7fa4962879f0>,<function <lambda> at 0x7fa496287a90>,<function <lambda> at 0x7fa496287b30>
2447,2020-04-11 22:00:00,<function <lambda> at 0x7fa4962879f0>,<function <lambda> at 0x7fa496287a90>,<function <lambda> at 0x7fa496287b30>
2448,2020-04-11 23:00:00,<function <lambda> at 0x7fa4962879f0>,<function <lambda> at 0x7fa496287a90>,<function <lambda> at 0x7fa496287b30>
2449,2020-04-12 00:00:00,<function <lambda> at 0x7fa4962879f0>,<function <lambda> at 0x7fa496287a90>,<function <lambda> at 0x7fa496287b30>
2450,2020-04-12 01:00:00,<function <lambda> at 0x7fa4962879f0>,<function <lambda> at 0x7fa496287a90>,<function <lambda> at 0x7fa496287b30>
2451,2020-04-12 02:00:00,<function <lambda> at 0x7fa4962879f0>,<function <lambda> at 0x7fa496287a90>,<function <lambda> at 0x7fa496287b30>
2452,2020-04-12 03:00:00,<function <lambda> at 0x7fa4962879f0>,<function <lambda> at 0x7fa496287a90>,<function <lambda> at 0x7fa496287b30>
2453,2020-04-12 04:00:00,<function <lambda> at 0x7fa4962879f0>,<function <lambda> at 0x7fa496287a90>,<function <lambda> at 0x7fa496287b30>
2454,2020-04-12 05:00:00,<function <lambda> at 0x7fa4962879f0>,<function <lambda> at 0x7fa496287a90>,<function <lambda> at 0x7fa496287b30>
2455,2020-04-12 06:00:00,<function <lambda> at 0x7fa4962879f0>,<function <lambda> at 0x7fa496287a90>,<function <lambda> at 0x7fa496287b30>
2456,2020-04-12 07:00:00,<function <lambda> at 0x7fa4962879f0>,<function <lambda> at 0x7fa496287a90>,<function <lambda> at 0x7fa496287b30>
2457,2020-04-12 08:00:00,<function <lambda> at 0x7fa4962879f0>,<function <lambda> at 0x7fa496287a90>,<function <lambda> at 0x7fa496287b30>
2458,2020-04-12 09:00:00,<function <lambda> at 0x7fa4962879f0>,<function <lambda> at 0x7fa496287a90>,<function <lambda> at 0x7fa496287b30>
2459,2020-04-12 10:00:00,<function <lambda> at 0x7fa4962879f0>,<function <lambda> at 0x7fa496287a90>,<function <lambda> at 0x7fa496287b30>
2460,2020-04-12 11:00:00,<function <lambda> at 0x7fa4962879f0>,<function <lambda> at 0x7fa496287a90>,<function <lambda> at 0x7fa496287b30>
2461,2020-04-12 12:00:00,<function <lambda> at 0x7fa4962879f0>,<function <lambda> at 0x7fa496287a90>,<function <lambda> at 0x7fa496287b30>
2462,2020-04-12 13:00:00,<function <lambda> at 0x7fa4962879f0>,<function <lambda> at 0x7fa496287a90>,<function <lambda> at 0x7fa496287b30>
2463,2020-04-12 14:00:00,<function <lambda> at 0x7fa4962879f0>,<function <lambda> at 0x7fa496287a90>,<function <lambda> at 0x7fa496287b30>
2464,2020-04-12 15:00:00,<function <lambda> at 0x7fa4962879f0>,<function <lambda> at 0x7fa496287a90>,<function <lambda> at 0x7fa496287b30>
2465,2020-04-12 16:00:00,<function <lambda> at 0x7fa4962879f0>,<function <lambda> at 0x7fa496287a90>,<function <lambda> at 0x7fa496287b30>
2466,2020-04-12 17:00:00,<function <lambda> at 0x7fa4962879f0>,<function <lambda> at 0x7fa496287a90>,<function <lambda> at 0x7fa496287b30>
2467,2020-04-12 18:00:00,<function <lambda> at 0x7fa4962879f0>,<function <lambda> at 0x7fa496287a90>,<function <lambda> at 0x7fa496287b30>
2468,2020-04-12 19:00:00,<function <lambda> at 0x7fa4962879f0>,<function <lambda> at 0x7fa496287a90>,<function <lambda> at 0x7fa496287b30>
2469,2020-04-12 20:00:00,<function <lambda> at 0x7fa4962879f0>,<function <lambda> at 0x7fa496287a90>,<function <lambda> at 0x7fa496287b30>
2470,2020-04-12 21:00:00,<function <lambda> at 0x7fa4962879f0>,<function <lambda> at 0x7fa496287a90>,<function <lambda> at 0x7fa496287b30>
2471,2020-04-12 22:00:00,<function <lambda> at 0x7fa4962879f0>,<function <lambda> at 0x7fa496287a90>,<function <lambda> at 0x7fa496287b30>
2472,2020-04-12 23:00:00,<function <lambda> at 0x7fa4962879f0>,<function <lambda> at 0x7fa496287a90>,<function <lambda> at 0x7fa496287b30>
2473,2020-04-13 00:00:00,<function <lambda> at 0x7fa4962879f0>,<function <lambda> at 0x7fa496287a90>,<function <lambda> at 0x7fa496287b30>
2474,2020-04-13 01:00:00,<function <lambda> at 0x7fa4962879f0>,<function <lambda> at 0x7fa496287a90>,<function <lambda> at 0x7fa496287b30>
2475,2020-04-13 02:00:00,<function <lambda> at 0x7fa4962879f0>,<function <lambda> at 0x7fa496287a90>,<function <lambda> at 0x7fa496287b30>
2476,2020-04-13 03:00:00,<function <lambda> at 0x7fa4962879f0>,<function <lambda> at 0x7fa496287a90>,<function <lambda> at 0x7fa496287b30>
2477,2020-04-13 04:00:00,<function <lambda> at 0x7fa4962879f0>,<function <lambda> at 0x7fa496287a90>,<function <lambda> at 0x7fa496287b30>
2478,2020-04-13 05:00:00,<function <lambda> at 0x7fa4962879f0>,<function <lambda> at 0x7fa496287a90>,<function <lambda> at 0x7fa496287b30>
2479,2020-04-13 06:00:00,<function <lambda> at 0x7fa4962879f0>,<function <lambda> at 0x7fa496287a90>,<function <lambda> at 0x7fa496287b30>
2480,2020-04-13 07:00:00,<function <lambda> at 0x7fa4962879f0>,<function <lambda> at 0x7fa496287a90>,<function <lambda> at 0x7fa496287b30>
2481,2020-04-13 08:00:00,<function <lambda> at 0x7fa4962879f0>,<function <lambda> at 0x7fa496287a90>,<function <lambda> at 0x7fa496287b30>
2482,2020-04-13 09:00:00,<function <lambda> at 0x7fa4962879f0>,<function <lambda> at 0x7fa496287a90>,<function <lambda> at 0x7fa496287b30>
2483,2020-04-13 10:00:00,<function <lambda> at 0x7fa4962879f0>,<function <lambda> at 0x7fa496287a90>,<function <lambda> at 0x7fa496287b30>
2484,2020-04-13 11:00:00,<function <lambda> at 0x7fa4962879f0>,<function <lambda> at 0x7fa496287a90>,<function <lambda> at 0x7fa496287b30>
2485,2020-04-13 12:00:00,<function <lambda> at 0x7fa4962879f0>,<function <lambda> at 0x7fa496287a90>,<function <lambda> at 0x7fa496287b30>
2486,2020-04-13 13:00:00,<function <lambda> at 0x7fa4962879f0>,<function <lambda> at 0x7fa496287a90>,<function <lambda> at 0x7fa496287b30>
2487,2020-04-13 14:00:00,<function <lambda> at 0x7fa4962879f0>,<function <lambda> at 0x7fa496287a90>,<function <lambda> at 0x7fa496287b30>
2488,2020-04-13 15:00:00,<function <lambda> at 0x7fa4962879f0>,<function <lambda> at 0x7fa496287a90>,<function <lambda> at 0x7fa496287b30>
2489,2020-04-13 16:00:00,<function <lambda> at 0x7fa4962879f0>,<function <lambda> at 0x7fa496287a90>,<function <lambda> at 0x7fa496287b30>
2490,2020-04-13 17:00:00,<function <lambda> at 0x7fa4962879f0>,<function <lambda> at 0x7fa496287a90>,<function <lambda> at 0x7fa496287b30>
2491,2020-04-13 18:00:00,<function <lambda> at 0x7fa4962879f0>,<function <lambda> at 0x7fa496287a90>,<function <lambda> at 0x7fa496287b30>
2492,2020-04-13 19:00:00,<function <lambda> at 0x7fa4962879f0>,<function <lambda> at 0x7fa496287a90>,<function <lambda> at 0x7fa496287b30>
2493,2020-04-13 20:00:00,<function <lambda> at 0x7fa4962879f0>,<function <lambda> at 0x7fa496287a90>,<function <lambda> at 0x7fa496287b30>
2494,2020-04-13 21:00:00,<function <lambda> at 0x7fa4962879f0>,<function <lambda> at 0x7fa496287a90>,<function <lambda> at 0x7fa496287b30>
2495,2020-04-13 22:00:00,<function <lambda> at 0x7fa4962879f0>,<function <lambda> at 0x7fa496287a90>,<function <lambda> at 0x7fa496287b30>
2496,2020-04-13 23:00:00,<function <lambda> at 0x7fa4962879f0>,<function <lambda> at 0x7fa496287a90>,<function <lambda> at 0x7fa496287b30>
2497,2020-04-14 00:00:00,<function <lambda> at 0x7fa4962879f0>,<function <lambda> at 0x7fa496287a90>,<function <lambda> at 0x7fa496287b30>
2498,2020-04-14 01:00:00,<function <lambda> at 0x7fa4962879f0>,<function <lambda> at 0x7fa496287a90>,<function <lambda> at 0x7fa496287b30>
2499,2020-04-14 02:00:00,<function <lambda> at 0x7fa4962879f0>,<function <lambda> at 0x7fa496287a90>,<function <lambda> at 0x7fa496287b30>
2500,2020-04-14 03:00:00,<function <lambda> at 0x7fa4962879f0>,<function <lambda> at 0x7fa496287a90>,<function <lambda> at 0x7fa496287b30>
2501,2020-04-14 04:00:00,<function <lambda> at 0x7fa4962879f0>,<function <lambda> at 0x7fa496287a90>,<function <lambda> at 0x7fa496287b30>
2502,2020-04-14 05:00:00,<function <lambda> at 0x7fa4962879f0>,<function <lambda> at 0x7fa496287a90>,<function <lambda> at 0x7fa496287b30>
2503,2020-04-14 06:00:00,<function <lambda> at 0x7fa4962879f0>,<function <lambda> at 0x7fa496287a90>,<function <lambda> at 0x7fa496287b30>
2504,2020-04-14 07:00:00,<function <lambda> at 0x7fa4962879f0>,<function <lambda> at 0x7fa496287a90>,<function <lambda> at 0x7fa496287b30>
2505,2020-04-14 08:00:00,<function <lambda> at 0x7fa4962879f0>,<function <lambda> at 0x7fa496287a90>,<function <lambda> at 0x7fa496287b30>
2506,2020-04-14 09:00:00,<function <lambda> at 0x7fa4962879f0>,<function <lambda> at 0x7fa496287a90>,<function <lambda> at 0x7fa496287b30>
2507,2020-04-14 10:00:00,<function <lambda> at 0x7fa4962879f0>,<function <lambda> at 0x7fa496287a90>,<function <lambda> at 0x7fa496287b30>
2508,2020-04-14 11:00:00,<function <lambda> at 0x7fa4962879f0>,<function <lambda> at 0x7fa496287a90>,<function <lambda> at 0x7fa496287b30>
2509,2020-04-14 12:00:00,<function <lambda> at 0x7fa4962879f0>,<function <lambda> at 0x7fa496287a90>,<function <lambda> at 0x7fa496287b30>
2510,2020-04-14 13:00:00,<function <lambda> at 0x7fa4962879f0>,<function <lambda> at 0x7fa496287a90>,<function <lambda> at 0x7fa496287b30>
2511,2020-04-14 14:00:00,<function <lambda> at 0x7fa4962879f0>,<function <lambda> at 0x7fa496287a90>,<function <lambda> at 0x7fa496287b30>
2512,2020-04-14 15:00:00,<function <lambda> at 0x7fa4962879f0>,<function <lambda> at 0x7fa496287a90>,<function <lambda> at 0x7fa496287b30>
2513,2020-04-14 16:00:00,<function <lambda> at 0x7fa4962879f0>,<function <lambda> at 0x7fa496287a90>,<function <lambda> at 0x7fa496287b30>
2514,2020-04-14 17:00:00,<function <lambda> at 0x7fa4962879f0>,<function <lambda> at 0x7fa496287a90>,<function <lambda> at 0x7fa496287b30>
2515,2020-04-14 18:00:00,<function <lambda> at 0x7fa4962879f0>,<function <lambda> at 0x7fa496287a90>,<function <lambda> at 0x7fa496287b30>
2516,2020-04-14 19:00:00,<function <lambda> at 0x7fa4962879f0>,<function <lambda> at 0x7fa496287a90>,<function <lambda> at 0x7fa496287b30>
2517,2020-04-14 20:00:00,<function <lambda> at 0x7fa4962879f0>,<function <lambda> at 0x7fa496287a90>,<function <lambda> at 0x7fa496287b30>
2518,2020-04-14 21:00:00,<function <lambda> at 0x7fa4962879f0>,<function <lambda> at 0x7fa496287a90>,<function <lambda> at 0x7fa496287b30>
2519,2020-04-14 22:00:00,<function <lambda> at 0x7fa4962879f0>,<function <lambda> at 0x7fa496287a90>,<function <lambda> at 0x7fa496287b30>
2520,2020-04-14 23:00:00,<function <lambda> at 0x7fa4962879f0>,<function <lambda> at 0x7fa496287a90>,<function <lambda> at 0x7fa496287b30>
2521,2020-04-15 00:00:00,<function <lambda> at 0x7fa4962879f0>,<function <lambda> at 0x7fa496287a90>,<function <lambda> at 0x7fa496287b30>
2522,2020-04-15 01:00:00,<function <lambda> at 0x7fa4962879f0>,<function <lambda> at 0x7fa496287a90>,<function <lambda> at 0x7fa496287b30>
2523,2020-04-15 02:00:00,<function <lambda> at 0x7fa4962879f0>,<function <lambda> at 0x7fa496287a90>,<function <lambda> at 0x7fa496287b30>
2524,2020-04-15 03:00:00,<function <lambda> at 0x7fa4962879f0>,<function <lambda> at 0x7fa496287a90>,<function <lambda> at 0x7fa496287b30>
2525,2020-04-15 04:00:00,<function <lambda> at 0x7fa4962879f0>,<function <lambda> at 0x7fa496287a90>,<function <lambda> at 0x7fa496287b30>
2526,2020-04-15 05:00:00,<function <lambda> at 0x7fa4962879f0>,<function <lambda> at 0x7fa496287a90>,<function <lambda> at 0x7fa496287b30>
2527,2020-04-15 06:00:00,<function <lambda> at 0x7fa4962879f0>,<function <lambda> at 0x7fa496287a90>,<function <lambda> at 0x7fa496287b30>
2528,2020-04-15 07:00:00,<function <lambda> at 0x7fa4962879f0>,<function <lambda> at 0x7fa496287a90>,<function <lambda> at 0x7fa496287b30>
2529,2020-04-15 08:00:00,<function <lambda> at 0x7fa4962879f0>,<function <lambda> at 0x7fa496287a90>,<function <lambda> at 0x7fa496287b30>
2530,2020-04-15 09:00:00,<function <lambda> at 0x7fa4962879f0>,<function <lambda> at 0x7fa496287a90>,<function <lambda> at 0x7fa496287b30>
2531,2020-04-15 10:00:00,<function <lambda> at 0x7fa4962879f0>,<function <lambda> at 0x7fa496287a90>,<function <lambda> at 0x7fa496287b30>
2532,2020-04-15 11:00:00,<function <lambda> at 0x7fa4962879f0>,<function <lambda> at 0x7fa496287a90>,<function <lambda> at 0x7fa496287b30>
2533,2020-04-15 12:00:00,<function <lambda> at 0x7fa4962879f0>,<function <lambda> at 0x7fa496287a90>,<function <lambda> at 0x7fa496287b30>
2534,2020-04-15 13:00:00,<function <lambda> at 0x7fa4962879f0>,<function <lambda> at 0x7fa496287a90>,<function <lambda> at 0x7fa496287b30>
2535,2020-04-15 14:00:00,<function <lambda> at 0x7fa4962879f0>,<function <lambda> at 0x7fa496287a90>,<function <lambda> at 0x7fa496287b30>
2536,2020-04-15 15:00:00,<function <lambda> at 0x7fa4962879f0>,<function <lambda> at 0x7fa496287a90>,<function <lambda> at 0x7fa496287b30>
2537,2020-04-15 16:00:00,<function <lambda> at 0x7fa4962879f0>,<function <lambda> at 0x7fa496287a90>,<function <lambda> at 0x7fa496287b30>
2538,2020-04-15 17:00:00,<function <lambda> at 0x7fa4962879f0>,<function <lambda> at 0x7fa496287a90>,<function <lambda> at 0x7fa496287b30>
2539,2020-04-15 18:00:00,<function <lambda> at 0x7fa4962879f0>,<function <lambda> at 0x7fa496287a90>,<function <lambda> at 0x7fa496287b30>
2540,2020-04-15 19:00:00,<function <lambda> at 0x7fa4962879f0>,<function <lambda> at 0x7fa496287a90>,<function <lambda> at 0x7fa496287b30>
2541,2020-04-15 20:00:00,<function <lambda> at 0x7fa4962879f0>,<function <lambda> at 0x7fa496287a90>,<function <lambda> at 0x7fa496287b30>
2542,2020-04-15 21:00:00,<function <lambda> at 0x7fa4962879f0>,<function <lambda> at 0x7fa496287a90>,<function <lambda> at 0x7fa496287b30>
2543,2020-04-15 22:00:00,<function <lambda> at 0x7fa4962879f0>,<function <lambda> at 0x7fa496287a90>,<function <lambda> at 0x7fa496287b30>
2544,2020-04-15 23:00:00,<function <lambda> at 0x7fa4962879f0>,<function <lambda> at 0x7fa496287a90>,<function <lambda> at 0x7fa496287b30>
2545,2020-04-16 00:00:00,<function <lambda> at 0x7fa4962879f0>,<function <lambda> at 0x7fa496287a90>,<function <lambda> at 0x7fa496287b30>
2546,2020-04-16 01:00:00,<function <lambda> at 0x7fa4962879f0>,<function <lambda> at 0x7fa496287a90>,<function <lambda> at 0x7fa496287b30>
2547,2020-04-16 02:00:00,<function <lambda> at 0x7fa4962879f0>,<function <lambda> at 0x7fa496287a90>,<function <lambda> at 0x7fa496287b30>
2548,2020-04-16 03:00:00,<function <lambda> at 0x7fa4962879f0>,<function <lambda> at 0x7fa496287a90>,<function <lambda> at 0x7fa496287b30>
2549,2020-04-16 04:00:00,<function <lambda> at 0x7fa4962879f0>,<function <lambda> at 0x7fa496287a90>,<function <lambda> at 0x7fa496287b30>
2550,2020-04-16 05:00:00,<function <lambda> at 0x7fa4962879f0>,<function <lambda> at 0x7fa496287a90>,<function <lambda> at 0x7fa496287b30>
2551,2020-04-16 06:00:00,<function <lambda> at 0x7fa4962879f0>,<function <lambda> at 0x7fa496287a90>,<function <lambda> at 0x7fa496287b30>
2552,2020-04-16 07:00:00,<function <lambda> at 0x7fa4962879f0>,<function <lambda> at 0x7fa496287a90>,<function <lambda> at 0x7fa496287b30>
2553,2020-04-16 08:00:00,<function <lambda> at 0x7fa4962879f0>,<function <lambda> at 0x7fa496287a90>,<function <lambda> at 0x7fa496287b30>
2554,2020-04-16 09:00:00,<function <lambda> at 0x7fa4962879f0>,<function <lambda> at 0x7fa496287a90>,<function <lambda> at 0x7fa496287b30>
2555,2020-04-16 10:00:00,<function <lambda> at 0x7fa4962879f0>,<function <lambda> at 0x7fa496287a90>,<function <lambda> at 0x7fa496287b30>
2556,2020-04-16 11:00:00,<function <lambda> at 0x7fa4962879f0>,<function <lambda> at 0x7fa496287a90>,<function <lambda> at 0x7fa496287b30>
2557,2020-04-16 12:00:00,<function <lambda> at 0x7fa4962879f0>,<function <lambda> at 0x7fa496287a90>,<function <lambda> at 0x7fa496287b30>
2558,2020-04-16 13:00:00,<function <lambda> at 0x7fa4962879f0>,<function <lambda> at 0x7fa496287a90>,<function <lambda> at 0x7fa496287b30>
2559,2020-04-16 14:00:00,<function <lambda> at 0x7fa4962879f0>,<function <lambda> at 0x7fa496287a90>,<function <lambda> at 0x7fa496287b30>
2560,2020-04-16 15:00:00,<function <lambda> at 0x7fa4962879f0>,<function <lambda> at 0x7fa496287a90>,<function <lambda> at 0x7fa496287b30>
2561,2020-04-16 16:00:00,<function <lambda> at 0x7fa4962879f0>,<function <lambda> at 0x7fa496287a90>,<function <lambda> at 0x7fa496287b30>
2562,2020-04-16 17:00:00,<function <lambda> at 0x7fa4962879f0>,<function <lambda> at 0x7fa496287a90>,<function <lambda> at 0x7fa496287b30>
2563,2020-04-16 18:00:00,<function <lambda> at 0x7fa4962879f0>,<function <lambda> at 0x7fa496287a90>,<function <lambda> at 0x7fa496287b30>
2564,2020-04-16 19:00:00,<function <lambda> at 0x7fa4962879f0>,<function <lambda> at 0x7fa496287a90>,<function <lambda> at 0x7fa496287b30>
2565,2020-04-16 20:00:00,<function <lambda> at 0x7fa4962879f0>,<function <lambda> at 0x7fa496287a90>,<function <lambda> at 0x7fa496287b30>
2566,2020-04-16 21:00:00,<function <lambda> at 0x7fa4962879f0>,<function <lambda> at 0x7fa496287a90>,<function <lambda> at 0x7fa496287b30>
2567,2020-04-16 22:00:00,<function <lambda> at 0x7fa4962879f0>,<function <lambda> at 0x7fa496287a90>,<function <lambda> at 0x7fa496287b30>
2568,2020-04-16 23:00:00,<function <lambda> at 0x7fa4962879f0>,<function <lambda> at 0x7fa496287a90>,<function <lambda> at 0x7fa496287b30>
2569,2020-04-17 00:00:00,<function <lambda> at 0x7fa4962879f0>,<function <lambda> at 0x7fa496287a90>,<function <lambda> at 0x7fa496287b30>
2570,2020-04-17 01:00:00,<function <lambda> at 0x7fa4962879f0>,<function <lambda> at 0x7fa496287a90>,<function <lambda> at 0x7fa496287b30>
2571,2020-04-17 02:00:00,<function <lambda> at 0x7fa4962879f0>,<function <lambda> at 0x7fa496287a90>,<function <lambda> at 0x7fa496287b30>
2572,2020-04-17 03:00:00,<function <lambda> at 0x7fa4962879f0>,<function <lambda> at 0x7fa496287a90>,<function <lambda> at 0x7fa496287b30>
2573,2020-04-17 04:00:00,<function <lambda> at 0x7fa4962879f0>,<function <lambda> at 0x7fa496287a90>,<function <lambda> at 0x7fa496287b30>
2574,2020-04-17 05:00:00,<function <lambda> at 0x7fa4962879f0>,<function <lambda> at 0x7fa496287a90>,<function <lambda> at 0x7fa496287b30>
2575,2020-04-17 06:00:00,<function <lambda> at 0x7fa4962879f0>,<function <lambda> at 0x7fa496287a90>,<function <lambda> at 0x7fa496287b30>
2576,2020-04-17 07:00:00,<function <lambda> at 0x7fa4962879f0>,<function <lambda> at 0x7fa496287a90>,<function <lambda> at 0x7fa496287b30>
2577,2020-04-17 08:00:00,<function <lambda> at 0x7fa4962879f0>,<function <lambda> at 0x7fa496287a90>,<function <lambda> at 0x7fa496287b30>
2578,2020-04-17 09:00:00,<function <lambda> at 0x7fa4962879f0>,<function <lambda> at 0x7fa496287a90>,<function <lambda> at 0x7fa496287b30>
2579,2020-04-17 10:00:00,<function <lambda> at 0x7fa4962879f0>,<function <lambda> at 0x7fa496287a90>,<function <lambda> at 0x7fa496287b30>
2580,2020-04-17 11:00:00,<function <lambda> at 0x7fa4962879f0>,<function <lambda> at 0x7fa496287a90>,<function <lambda> at 0x7fa496287b30>
2581,2020-04-17 12:00:00,<function <lambda> at 0x7fa4962879f0>,<function <lambda> at 0x7fa496287a90>,<function <lambda> at 0x7fa496287b30>
2582,2020-04-17 13:00:00,<function <lambda> at 0x7fa4962879f0>,<function <lambda> at 0x7fa496287a90>,<function <lambda> at 0x7fa496287b30>
2583,2020-04-17 14:00:00,<function <lambda> at 0x7fa4962879f0>,<function <lambda> at 0x7fa496287a90>,<function <lambda> at 0x7fa496287b30>
2584,2020-04-17 15:00:00,<function <lambda> at 0x7fa4962879f0>,<function <lambda> at 0x7fa496287a90>,<function <lambda> at 0x7fa496287b30>
2585,2020-04-17 16:00:00,<function <lambda> at 0x7fa4962879f0>,<function <lambda> at 0x7fa496287a90>,<function <lambda> at 0x7fa496287b30>
2586,2020-04-17 17:00:00,<function <lambda> at 0x7fa4962879f0>,<function <lambda> at 0x7fa496287a90>,<function <lambda> at 0x7fa496287b30>
2587,2020-04-17 18:00:00,<function <lambda> at 0x7fa4962879f0>,<function <lambda> at 0x7fa496287a90>,<function <lambda> at 0x7fa496287b30>
2588,2020-04-17 19:00:00,<function <lambda> at 0x7fa4962879f0>,<function <lambda> at 0x7fa496287a90>,<function <lambda> at 0x7fa496287b30>
2589,2020-04-17 20:00:00,<function <lambda> at 0x7fa4962879f0>,<function <lambda> at 0x7fa496287a90>,<function <lambda> at 0x7fa496287b30>
2590,2020-04-17 21:00:00,<function <lambda> at 0x7fa4962879f0>,<function <lambda> at 0x7fa496287a90>,<function <lambda> at 0x7fa496287b30>
2591,2020-04-17 22:00:00,<function <lambda> at 0x7fa4962879f0>,<function <lambda> at 0x7fa496287a90>,<function <lambda> at 0x7fa496287b30>
2592,2020-04-17 23:00:00,<function <lambda> at 0x7fa4962879f0>,<function <lambda> at 0x7fa496287a90>,<function <lambda> at 0x7fa496287b30>
2593,2020-04-18 00:00:00,<function <lambda> at 0x7fa4962879f0>,<function <lambda> at 0x7fa496287a90>,<function <lambda> at 0x7fa496287b30>
2594,2020-04-18 01:00:00,<function <lambda> at 0x7fa4962879f0>,<function <lambda> at 0x7fa496287a90>,<function <lambda> at 0x7fa496287b30>
2595,2020-04-18 02:00:00,<function <lambda> at 0x7fa4962879f0>,<function <lambda> at 0x7fa496287a90>,<function <lambda> at 0x7fa496287b30>
2596,2020-04-18 03:00:00,<function <lambda> at 0x7fa4962879f0>,<function <lambda> at 0x7fa496287a90>,<function <lambda> at 0x7fa496287b30>
2597,2020-04-18 04:00:00,<function <lambda> at 0x7fa4962879f0>,<function <lambda> at 0x7fa496287a90>,<function <lambda> at 0x7fa496287b30>
2598,2020-04-18 05:00:00,<function <lambda> at 0x7fa4962879f0>,<function <lambda> at 0x7fa496287a90>,<function <lambda> at 0x7fa496287b30>
2599,2020-04-18 06:00:00,<function <lambda> at 0x7fa4962879f0>,<function <lambda> at 0x7fa496287a90>,<function <lambda> at 0x7fa496287b30>
2600,2020-04-18 07:00:00,<function <lambda> at 0x7fa4962879f0>,<function <lambda> at 0x7fa496287a90>,<function <lambda> at 0x7fa496287b30>
2601,2020-04-18 08:00:00,<function <lambda> at 0x7fa4962879f0>,<function <lambda> at 0x7fa496287a90>,<function <lambda> at 0x7fa496287b30>
2602,2020-04-18 09:00:00,<function <lambda> at 0x7fa4962879f0>,<function <lambda> at 0x7fa496287a90>,<function <lambda> at 0x7fa496287b30>
2603,2020-04-18 10:00:00,<function <lambda> at 0x7fa4962879f0>,<function <lambda> at 0x7fa496287a90>,<function <lambda> at 0x7fa496287b30>
2604,2020-04-18 11:00:00,<function <lambda> at 0x7fa4962879f0>,<function <lambda> at 0x7fa496287a90>,<function <lambda> at 0x7fa496287b30>
2605,2020-04-18 12:00:00,<function <lambda> at 0x7fa4962879f0>,<function <lambda> at 0x7fa496287a90>,<function <lambda> at 0x7fa496287b30>
2606,2020-04-18 13:00:00,<function <lambda> at 0x7fa4962879f0>,<function <lambda> at 0x7fa496287a90>,<function <lambda> at 0x7fa496287b30>
2607,2020-04-18 14:00:00,<function <lambda> at 0x7fa4962879f0>,<function <lambda> at 0x7fa496287a90>,<function <lambda> at 0x7fa496287b30>
2608,2020-04-18 15:00:00,<function <lambda> at 0x7fa4962879f0>,<function <lambda> at 0x7fa496287a90>,<function <lambda> at 0x7fa496287b30>
2609,2020-04-18 16:00:00,<function <lambda> at 0x7fa4962879f0>,<function <lambda> at 0x7fa496287a90>,<function <lambda> at 0x7fa496287b30>
2610,2020-04-18 17:00:00,<function <lambda> at 0x7fa4962879f0>,<function <lambda> at 0x7fa496287a90>,<function <lambda> at 0x7fa496287b30>
2611,2020-04-18 18:00:00,<function <lambda> at 0x7fa4962879f0>,<function <lambda> at 0x7fa496287a90>,<function <lambda> at 0x7fa496287b30>
2612,2020-04-18 19:00:00,<function <lambda> at 0x7fa4962879f0>,<function <lambda> at 0x7fa496287a90>,<function <lambda> at 0x7fa496287b30>
2613,2020-04-18 20:00:00,<function <lambda> at 0x7fa4962879f0>,<function <lambda> at 0x7fa496287a90>,<function <lambda> at 0x7fa496287b30>
2614,2020-04-18 21:00:00,<function <lambda> at 0x7fa4962879f0>,<function <lambda> at 0x7fa496287a90>,<function <lambda> at 0x7fa496287b30>
2615,2020-04-18 22:00:00,<function <lambda> at 0x7fa4962879f0>,<function <lambda> at 0x7fa496287a90>,<function <lambda> at 0x7fa496287b30>
2616,2020-04-18 23:00:00,<function <lambda> at 0x7fa4962879f0>,<function <lambda> at 0x7fa496287a90>,<function <lambda> at 0x7fa496287b30>
2617,2020-04-19 00:00:00,<function <lambda> at 0x7fa4962879f0>,<function <lambda> at 0x7fa496287a90>,<function <lambda> at 0x7fa496287b30>
2618,2020-04-19 01:00:00,<function <lambda> at 0x7fa4962879f0>,<function <lambda> at 0x7fa496287a90>,<function <lambda> at 0x7fa496287b30>
2619,2020-04-19 02:00:00,<function <lambda> at 0x7fa4962879f0>,<function <lambda> at 0x7fa496287a90>,<function <lambda> at 0x7fa496287b30>
2620,2020-04-19 03:00:00,<function <lambda> at 0x7fa4962879f0>,<function <lambda> at 0x7fa496287a90>,<function <lambda> at 0x7fa496287b30>
2621,2020-04-19 04:00:00,<function <lambda> at 0x7fa4962879f0>,<function <lambda> at 0x7fa496287a90>,<function <lambda> at 0x7fa496287b30>
2622,2020-04-19 05:00:00,<function <lambda> at 0x7fa4962879f0>,<function <lambda> at 0x7fa496287a90>,<function <lambda> at 0x7fa496287b30>
2623,2020-04-19 06:00:00,<function <lambda> at 0x7fa4962879f0>,<function <lambda> at 0x7fa496287a90>,<function <lambda> at 0x7fa496287b30>
2624,2020-04-19 07:00:00,<function <lambda> at 0x7fa4962879f0>,<function <lambda> at 0x7fa496287a90>,<function <lambda> at 0x7fa496287b30>
2625,2020-04-19 08:00:00,<function <lambda> at 0x7fa4962879f0>,<function <lambda> at 0x7fa496287a90>,<function <lambda> at 0x7fa496287b30>
2626,2020-04-19 09:00:00,<function <lambda> at 0x7fa4962879f0>,<function <lambda> at 0x7fa496287a90>,<function <lambda> at 0x7fa496287b30>
2627,2020-04-19 10:00:00,<function <lambda> at 0x7fa4962879f0>,<function <lambda> at 0x7fa496287a90>,<function <lambda> at 0x7fa496287b30>
2628,2020-04-19 11:00:00,<function <lambda> at 0x7fa4962879f0>,<function <lambda> at 0x7fa496287a90>,<function <lambda> at 0x7fa496287b30>
2629,2020-04-19 12:00:00,<function <lambda> at 0x7fa4962879f0>,<function <lambda> at 0x7fa496287a90>,<function <lambda> at 0x7fa496287b30>
2630,2020-04-19 13:00:00,<function <lambda> at 0x7fa4962879f0>,<function <lambda> at 0x7fa496287a90>,<function <lambda> at 0x7fa496287b30>
2631,2020-04-19 14:00:00,<function <lambda> at 0x7fa4962879f0>,<function <lambda> at 0x7fa496287a90>,<function <lambda> at 0x7fa496287b30>
2632,2020-04-19 15:00:00,<function <lambda> at 0x7fa4962879f0>,<function <lambda> at 0x7fa496287a90>,<function <lambda> at 0x7fa496287b30>
2633,2020-04-19 16:00:00,<function <lambda> at 0x7fa4962879f0>,<function <lambda> at 0x7fa496287a90>,<function <lambda> at 0x7fa496287b30>
2634,2020-04-19 17:00:00,<function <lambda> at 0x7fa4962879f0>,<function <lambda> at 0x7fa496287a90>,<function <lambda> at 0x7fa496287b30>
2635,2020-04-19 18:00:00,<function <lambda> at 0x7fa4962879f0>,<function <lambda> at 0x7fa496287a90>,<function <lambda> at 0x7fa496287b30>
2636,2020-04-19 19:00:00,<function <lambda> at 0x7fa4962879f0>,<function <lambda> at 0x7fa496287a90>,<function <lambda> at 0x7fa496287b30>
2637,2020-04-19 20:00:00,<function <lambda> at 0x7fa4962879f0>,<function <lambda> at 0x7fa496287a90>,<function <lambda> at 0x7fa496287b30>
2638,2020-04-19 21:00:00,<function <lambda> at 0x7fa4962879f0>,<function <lambda> at 0x7fa496287a90>,<function <lambda> at 0x7fa496287b30>
2639,2020-04-19 22:00:00,<function <lambda> at 0x7fa4962879f0>,<function <lambda> at 0x7fa496287a90>,<function <lambda> at 0x7fa496287b30>
2640,2020-04-19 23:00:00,<function <lambda> at 0x7fa4962879f0>,<function <lambda> at 0x7fa496287a90>,<function <lambda> at 0x7fa496287b30>
2641,2020-04-20 00:00:00,<function <lambda> at 0x7fa4962879f0>,<function <lambda> at 0x7fa496287a90>,<function <lambda> at 0x7fa496287b30>
2642,2020-04-20 01:00:00,<function <lambda> at 0x7fa4962879f0>,<function <lambda> at 0x7fa496287a90>,<function <lambda> at 0x7fa496287b30>
2643,2020-04-20 02:00:00,<function <lambda> at 0x7fa4962879f0>,<function <lambda> at 0x7fa496287a90>,<function <lambda> at 0x7fa496287b30>
2644,2020-04-20 03:00:00,<function <lambda> at 0x7fa4962879f0>,<function <lambda> at 0x7fa496287a90>,<function <lambda> at 0x7fa496287b30>
2645,2020-04-20 04:00:00,<function <lambda> at 0x7fa4962879f0>,<function <lambda> at 0x7fa496287a90>,<function <lambda> at 0x7fa496287b30>
2646,2020-04-20 05:00:00,<function <lambda> at 0x7fa4962879f0>,<function <lambda> at 0x7fa496287a90>,<function <lambda> at 0x7fa496287b30>
2647,2020-04-20 06:00:00,<function <lambda> at 0x7fa4962879f0>,<function <lambda> at 0x7fa496287a90>,<function <lambda> at 0x7fa496287b30>
2648,2020-04-20 07:00:00,<function <lambda> at 0x7fa4962879f0>,<function <lambda> at 0x7fa496287a90>,<function <lambda> at 0x7fa496287b30>
2649,2020-04-20 08:00:00,<function <lambda> at 0x7fa4962879f0>,<function <lambda> at 0x7fa496287a90>,<function <lambda> at 0x7fa496287b30>
2650,2020-04-20 09:00:00,<function <lambda> at 0x7fa4962879f0>,<function <lambda> at 0x7fa496287a90>,<function <lambda> at 0x7fa496287b30>
2651,2020-04-20 10:00:00,<function <lambda> at 0x7fa4962879f0>,<function <lambda> at 0x7fa496287a90>,<function <lambda> at 0x7fa496287b30>
2652,2020-04-20 11:00:00,<function <lambda> at 0x7fa4962879f0>,<function <lambda> at 0x7fa496287a90>,<function <lambda> at 0x7fa496287b30>
2653,2020-04-20 12:00:00,<function <lambda> at 0x7fa4962879f0>,<function <lambda> at 0x7fa496287a90>,<function <lambda> at 0x7fa496287b30>
2654,2020-04-20 13:00:00,<function <lambda> at 0x7fa4962879f0>,<function <lambda> at 0x7fa496287a90>,<function <lambda> at 0x7fa496287b30>
2655,2020-04-20 14:00:00,<function <lambda> at 0x7fa4962879f0>,<function <lambda> at 0x7fa496287a90>,<function <lambda> at 0x7fa496287b30>
2656,2020-04-20 15:00:00,<function <lambda> at 0x7fa4962879f0>,<function <lambda> at 0x7fa496287a90>,<function <lambda> at 0x7fa496287b30>
2657,2020-04-20 16:00:00,<function <lambda> at 0x7fa4962879f0>,<function <lambda> at 0x7fa496287a90>,<function <lambda> at 0x7fa496287b30>
2658,2020-04-20 17:00:00,<function <lambda> at 0x7fa4962879f0>,<function <lambda> at 0x7fa496287a90>,<function <lambda> at 0x7fa496287b30>
2659,2020-04-20 18:00:00,<function <lambda> at 0x7fa4962879f0>,<function <lambda> at 0x7fa496287a90>,<function <lambda> at 0x7fa496287b30>
2660,2020-04-20 19:00:00,<function <lambda> at 0x7fa4962879f0>,<function <lambda> at 0x7fa496287a90>,<function <lambda> at 0x7fa496287b30>
2661,2020-04-20 20:00:00,<function <lambda> at 0x7fa4962879f0>,<function <lambda> at 0x7fa496287a90>,<function <lambda> at 0x7fa496287b30>
2662,2020-04-20 21:00:00,<function <lambda> at 0x7fa4962879f0>,<function <lambda> at 0x7fa496287a90>,<function <lambda> at 0x7fa496287b30>
2663,2020-04-20 22:00:00,<function <lambda> at 0x7fa4962879f0>,<function <lambda> at 0x7fa496287a90>,<function <lambda> at 0x7fa496287b30>
2664,2020-04-20 23:00:00,<function <lambda> at 0x7fa4962879f0>,<function <lambda> at 0x7fa496287a90>,<function <lambda> at 0x7fa496287b30>
2665,2020-04-21 00:00:00,<function <lambda> at 0x7fa4962879f0>,<function <lambda> at 0x7fa496287a90>,<function <lambda> at 0x7fa496287b30>
2666,2020-04-21 01:00:00,<function <lambda> at 0x7fa4962879f0>,<function <lambda> at 0x7fa496287a90>,<function <lambda> at 0x7fa496287b30>
2667,2020-04-21 02:00:00,<function <lambda> at 0x7fa4962879f0>,<function <lambda> at 0x7fa496287a90>,<function <lambda> at 0x7fa496287b30>
2668,2020-04-21 03:00:00,<function <lambda> at 0x7fa4962879f0>,<function <lambda> at 0x7fa496287a90>,<function <lambda> at 0x7fa496287b30>
2669,2020-04-21 04:00:00,<function <lambda> at 0x7fa4962879f0>,<function <lambda> at 0x7fa496287a90>,<function <lambda> at 0x7fa496287b30>
2670,2020-04-21 05:00:00,<function <lambda> at 0x7fa4962879f0>,<function <lambda> at 0x7fa496287a90>,<function <lambda> at 0x7fa496287b30>
2671,2020-04-21 06:00:00,<function <lambda> at 0x7fa4962879f0>,<function <lambda> at 0x7fa496287a90>,<function <lambda> at 0x7fa496287b30>
2672,2020-04-21 07:00:00,<function <lambda> at 0x7fa4962879f0>,<function <lambda> at 0x7fa496287a90>,<function <lambda> at 0x7fa496287b30>
2673,2020-04-21 08:00:00,<function <lambda> at 0x7fa4962879f0>,<function <lambda> at 0x7fa496287a90>,<function <lambda> at 0x7fa496287b30>
2674,2020-04-21 09:00:00,<function <lambda> at 0x7fa4962879f0>,<function <lambda> at 0x7fa496287a90>,<function <lambda> at 0x7fa496287b30>
2675,2020-04-21 10:00:00,<function <lambda> at 0x7fa4962879f0>,<function <lambda> at 0x7fa496287a90>,<function <lambda> at 0x7fa496287b30>
2676,2020-04-21 11:00:00,<function <lambda> at 0x7fa4962879f0>,<function <lambda> at 0x7fa496287a90>,<function <lambda> at 0x7fa496287b30>
2677,2020-04-21 12:00:00,<function <lambda> at 0x7fa4962879f0>,<function <lambda> at 0x7fa496287a90>,<function <lambda> at 0x7fa496287b30>
2678,2020-04-21 13:00:00,<function <lambda> at 0x7fa4962879f0>,<function <lambda> at 0x7fa496287a90>,<function <lambda> at 0x7fa496287b30>
2679,2020-04-21 14:00:00,<function <lambda> at 0x7fa4962879f0>,<function <lambda> at 0x7fa496287a90>,<function <lambda> at 0x7fa496287b30>
2680,2020-04-21 15:00:00,<function <lambda> at 0x7fa4962879f0>,<function <lambda> at 0x7fa496287a90>,<function <lambda> at 0x7fa496287b30>
2681,2020-04-21 16:00:00,<function <lambda> at 0x7fa4962879f0>,<function <lambda> at 0x7fa496287a90>,<function <lambda> at 0x7fa496287b30>
2682,2020-04-21 17:00:00,<function <lambda> at 0x7fa4962879f0>,<function <lambda> at 0x7fa496287a90>,<function <lambda> at 0x7fa496287b30>
2683,2020-04-21 18:00:00,<function <lambda> at 0x7fa4962879f0>,<function <lambda> at 0x7fa496287a90>,<function <lambda> at 0x7fa496287b30>
2684,2020-04-21 19:00:00,<function <lambda> at 0x7fa4962879f0>,<function <lambda> at 0x7fa496287a90>,<function <lambda> at 0x7fa496287b30>
2685,2020-04-21 20:00:00,<function <lambda> at 0x7fa4962879f0>,<function <lambda> at 0x7fa496287a90>,<function <lambda> at 0x7fa496287b30>
2686,2020-04-21 21:00:00,<function <lambda> at 0x7fa4962879f0>,<function <lambda> at 0x7fa496287a90>,<function <lambda> at 0x7fa496287b30>
2687,2020-04-21 22:00:00,<function <lambda> at 0x7fa4962879f0>,<function <lambda> at 0x7fa496287a90>,<function <lambda> at 0x7fa496287b30>
2688,2020-04-21 23:00:00,<function <lambda> at 0x7fa4962879f0>,<function <lambda> at 0x7fa496287a90>,<function <lambda> at 0x7fa496287b30>
2689,2020-04-22 00:00:00,<function <lambda> at 0x7fa4962879f0>,<function <lambda> at 0x7fa496287a90>,<function <lambda> at 0x7fa496287b30>
2690,2020-04-22 01:00:00,<function <lambda> at 0x7fa4962879f0>,<function <lambda> at 0x7fa496287a90>,<function <lambda> at 0x7fa496287b30>
2691,2020-04-22 02:00:00,<function <lambda> at 0x7fa4962879f0>,<function <lambda> at 0x7fa496287a90>,<function <lambda> at 0x7fa496287b30>
2692,2020-04-22 03:00:00,<function <lambda> at 0x7fa4962879f0>,<function <lambda> at 0x7fa496287a90>,<function <lambda> at 0x7fa496287b30>
2693,2020-04-22 04:00:00,<function <lambda> at 0x7fa4962879f0>,<function <lambda> at 0x7fa496287a90>,<function <lambda> at 0x7fa496287b30>
2694,2020-04-22 05:00:00,<function <lambda> at 0x7fa4962879f0>,<function <lambda> at 0x7fa496287a90>,<function <lambda> at 0x7fa496287b30>
2695,2020-04-22 06:00:00,<function <lambda> at 0x7fa4962879f0>,<function <lambda> at 0x7fa496287a90>,<function <lambda> at 0x7fa496287b30>
2696,2020-04-22 07:00:00,<function <lambda> at 0x7fa4962879f0>,<function <lambda> at 0x7fa496287a90>,<function <lambda> at 0x7fa496287b30>
2697,2020-04-22 08:00:00,<function <lambda> at 0x7fa4962879f0>,<function <lambda> at 0x7fa496287a90>,<function <lambda> at 0x7fa496287b30>
2698,2020-04-22 09:00:00,<function <lambda> at 0x7fa4962879f0>,<function <lambda> at 0x7fa496287a90>,<function <lambda> at 0x7fa496287b30>
2699,2020-04-22 10:00:00,<function <lambda> at 0x7fa4962879f0>,<function <lambda> at 0x7fa496287a90>,<function <lambda> at 0x7fa496287b30>
2700,2020-04-22 11:00:00,<function <lambda> at 0x7fa4962879f0>,<function <lambda> at 0x7fa496287a90>,<function <lambda> at 0x7fa496287b30>
2701,2020-04-22 12:00:00,<function <lambda> at 0x7fa4962879f0>,<function <lambda> at 0x7fa496287a90>,<function <lambda> at 0x7fa496287b30>
2702,2020-04-22 13:00:00,<function <lambda> at 0x7fa4962879f0>,<function <lambda> at 0x7fa496287a90>,<function <lambda> at 0x7fa496287b30>
2703,2020-04-22 14:00:00,<function <lambda> at 0x7fa4962879f0>,<function <lambda> at 0x7fa496287a90>,<function <lambda> at 0x7fa496287b30>
2704,2020-04-22 15:00:00,<function <lambda> at 0x7fa4962879f0>,<function <lambda> at 0x7fa496287a90>,<function <lambda> at 0x7fa496287b30>
2705,2020-04-22 16:00:00,<function <lambda> at 0x7fa4962879f0>,<function <lambda> at 0x7fa496287a90>,<function <lambda> at 0x7fa496287b30>
2706,2020-04-22 17:00:00,<function <lambda> at 0x7fa4962879f0>,<function <lambda> at 0x7fa496287a90>,<function <lambda> at 0x7fa496287b30>
2707,2020-04-22 18:00:00,<function <lambda> at 0x7fa4962879f0>,<function <lambda> at 0x7fa496287a90>,<function <lambda> at 0x7fa496287b30>
2708,2020-04-22 19:00:00,<function <lambda> at 0x7fa4962879f0>,<function <lambda> at 0x7fa496287a90>,<function <lambda> at 0x7fa496287b30>
2709,2020-04-22 20:00:00,<function <lambda> at 0x7fa4962879f0>,<function <lambda> at 0x7fa496287a90>,<function <lambda> at 0x7fa496287b30>
2710,2020-04-22 21:00:00,<function <lambda> at 0x7fa4962879f0>,<function <lambda> at 0x7fa496287a90>,<function <lambda> at 0x7fa496287b30>
2711,2020-04-22 22:00:00,<function <lambda> at 0x7fa4962879f0>,<function <lambda> at 0x7fa496287a90>,<function <lambda> at 0x7fa496287b30>
2712,2020-04-22 23:00:00,<function <lambda> at 0x7fa4962879f0>,<function <lambda> at 0x7fa496287a90>,<function <lambda> at 0x7fa496287b30>
2713,2020-04-23 00:00:00,<function <lambda> at 0x7fa4962879f0>,<function <lambda> at 0x7fa496287a90>,<function <lambda> at 0x7fa496287b30>
2714,2020-04-23 01:00:00,<function <lambda> at 0x7fa4962879f0>,<function <lambda> at 0x7fa496287a90>,<function <lambda> at 0x7fa496287b30>
2715,2020-04-23 02:00:00,<function <lambda> at 0x7fa4962879f0>,<function <lambda> at 0x7fa496287a90>,<function <lambda> at 0x7fa496287b30>
2716,2020-04-23 03:00:00,<function <lambda> at 0x7fa4962879f0>,<function <lambda> at 0x7fa496287a90>,<function <lambda> at 0x7fa496287b30>
2717,2020-04-23 04:00:00,<function <lambda> at 0x7fa4962879f0>,<function <lambda> at 0x7fa496287a90>,<function <lambda> at 0x7fa496287b30>
2718,2020-04-23 05:00:00,<function <lambda> at 0x7fa4962879f0>,<function <lambda> at 0x7fa496287a90>,<function <lambda> at 0x7fa496287b30>
2719,2020-04-23 06:00:00,<function <lambda> at 0x7fa4962879f0>,<function <lambda> at 0x7fa496287a90>,<function <lambda> at 0x7fa496287b30>
2720,2020-04-23 07:00:00,<function <lambda> at 0x7fa4962879f0>,<function <lambda> at 0x7fa496287a90>,<function <lambda> at 0x7fa496287b30>
2721,2020-04-23 08:00:00,<function <lambda> at 0x7fa4962879f0>,<function <lambda> at 0x7fa496287a90>,<function <lambda> at 0x7fa496287b30>
2722,2020-04-23 09:00:00,<function <lambda> at 0x7fa4962879f0>,<function <lambda> at 0x7fa496287a90>,<function <lambda> at 0x7fa496287b30>
2723,2020-04-23 10:00:00,<function <lambda> at 0x7fa4962879f0>,<function <lambda> at 0x7fa496287a90>,<function <lambda> at 0x7fa496287b30>
2724,2020-04-23 11:00:00,<function <lambda> at 0x7fa4962879f0>,<function <lambda> at 0x7fa496287a90>,<function <lambda> at 0x7fa496287b30>
2725,2020-04-23 12:00:00,<function <lambda> at 0x7fa4962879f0>,<function <lambda> at 0x7fa496287a90>,<function <lambda> at 0x7fa496287b30>
2726,2020-04-23 13:00:00,<function <lambda> at 0x7fa4962879f0>,<function <lambda> at 0x7fa496287a90>,<function <lambda> at 0x7fa496287b30>
2727,2020-04-23 14:00:00,<function <lambda> at 0x7fa4962879f0>,<function <lambda> at 0x7fa496287a90>,<function <lambda> at 0x7fa496287b30>
2728,2020-04-23 15:00:00,<function <lambda> at 0x7fa4962879f0>,<function <lambda> at 0x7fa496287a90>,<function <lambda> at 0x7fa496287b30>
2729,2020-04-23 16:00:00,<function <lambda> at 0x7fa4962879f0>,<function <lambda> at 0x7fa496287a90>,<function <lambda> at 0x7fa496287b30>
2730,2020-04-23 17:00:00,<function <lambda> at 0x7fa4962879f0>,<function <lambda> at 0x7fa496287a90>,<function <lambda> at 0x7fa496287b30>
2731,2020-04-23 18:00:00,<function <lambda> at 0x7fa4962879f0>,<function <lambda> at 0x7fa496287a90>,<function <lambda> at 0x7fa496287b30>
2732,2020-04-23 19:00:00,<function <lambda> at 0x7fa4962879f0>,<function <lambda> at 0x7fa496287a90>,<function <lambda> at 0x7fa496287b30>
2733,2020-04-23 20:00:00,<function <lambda> at 0x7fa4962879f0>,<function <lambda> at 0x7fa496287a90>,<function <lambda> at 0x7fa496287b30>
2734,2020-04-23 21:00:00,<function <lambda> at 0x7fa4962879f0>,<function <lambda> at 0x7fa496287a90>,<function <lambda> at 0x7fa496287b30>
2735,2020-04-23 22:00:00,<function <lambda> at 0x7fa4962879f0>,<function <lambda> at 0x7fa496287a90>,<function <lambda> at 0x7fa496287b30>
2736,2020-04-23 23:00:00,<function <lambda> at 0x7fa4962879f0>,<function <lambda> at 0x7fa496287a90>,<function <lambda> at 0x7fa496287b30>
2737,2020-04-24 00:00:00,<function <lambda> at 0x7fa4962879f0>,<function <lambda> at 0x7fa496287a90>,<function <lambda> at 0x7fa496287b30>
2738,2020-04-24 01:00:00,<function <lambda> at 0x7fa4962879f0>,<function <lambda> at 0x7fa496287a90>,<function <lambda> at 0x7fa496287b30>
2739,2020-04-24 02:00:00,<function <lambda> at 0x7fa4962879f0>,<function <lambda> at 0x7fa496287a90>,<function <lambda> at 0x7fa496287b30>
2740,2020-04-24 03:00:00,<function <lambda> at 0x7fa4962879f0>,<function <lambda> at 0x7fa496287a90>,<function <lambda> at 0x7fa496287b30>
2741,2020-04-24 04:00:00,<function <lambda> at 0x7fa4962879f0>,<function <lambda> at 0x7fa496287a90>,<function <lambda> at 0x7fa496287b30>
2742,2020-04-24 05:00:00,<function <lambda> at 0x7fa4962879f0>,<function <lambda> at 0x7fa496287a90>,<function <lambda> at 0x7fa496287b30>
2743,2020-04-24 06:00:00,<function <lambda> at 0x7fa4962879f0>,<function <lambda> at 0x7fa496287a90>,<function <lambda> at 0x7fa496287b30>
2744,2020-04-24 07:00:00,<function <lambda> at 0x7fa4962879f0>,<function <lambda> at 0x7fa496287a90>,<function <lambda> at 0x7fa496287b30>
2745,2020-04-24 08:00:00,<function <lambda> at 0x7fa4962879f0>,<function <lambda> at 0x7fa496287a90>,<function <lambda> at 0x7fa496287b30>
2746,2020-04-24 09:00:00,<function <lambda> at 0x7fa4962879f0>,<function <lambda> at 0x7fa496287a90>,<function <lambda> at 0x7fa496287b30>
2747,2020-04-24 10:00:00,<function <lambda> at 0x7fa4962879f0>,<function <lambda> at 0x7fa496287a90>,<function <lambda> at 0x7fa496287b30>
2748,2020-04-24 11:00:00,<function <lambda> at 0x7fa4962879f0>,<function <lambda> at 0x7fa496287a90>,<function <lambda> at 0x7fa496287b30>
2749,2020-04-24 12:00:00,<function <lambda> at 0x7fa4962879f0>,<function <lambda> at 0x7fa496287a90>,<function <lambda> at 0x7fa496287b30>
2750,2020-04-24 13:00:00,<function <lambda> at 0x7fa4962879f0>,<function <lambda> at 0x7fa496287a90>,<function <lambda> at 0x7fa496287b30>
2751,2020-04-24 14:00:00,<function <lambda> at 0x7fa4962879f0>,<function <lambda> at 0x7fa496287a90>,<function <lambda> at 0x7fa496287b30>
2752,2020-04-24 15:00:00,<function <lambda> at 0x7fa4962879f0>,<function <lambda> at 0x7fa496287a90>,<function <lambda> at 0x7fa496287b30>
2753,2020-04-24 16:00:00,<function <lambda> at 0x7fa4962879f0>,<function <lambda> at 0x7fa496287a90>,<function <lambda> at 0x7fa496287b30>
2754,2020-04-24 17:00:00,<function <lambda> at 0x7fa4962879f0>,<function <lambda> at 0x7fa496287a90>,<function <lambda> at 0x7fa496287b30>
2755,2020-04-24 18:00:00,<function <lambda> at 0x7fa4962879f0>,<function <lambda> at 0x7fa496287a90>,<function <lambda> at 0x7fa496287b30>
2756,2020-04-24 19:00:00,<function <lambda> at 0x7fa4962879f0>,<function <lambda> at 0x7fa496287a90>,<function <lambda> at 0x7fa496287b30>
2757,2020-04-24 20:00:00,<function <lambda> at 0x7fa4962879f0>,<function <lambda> at 0x7fa496287a90>,<function <lambda> at 0x7fa496287b30>
2758,2020-04-24 21:00:00,<function <lambda> at 0x7fa4962879f0>,<function <lambda> at 0x7fa496287a90>,<function <lambda> at 0x7fa496287b30>
2759,2020-04-24 22:00:00,<function <lambda> at 0x7fa4962879f0>,<function <lambda> at 0x7fa496287a90>,<function <lambda> at 0x7fa496287b30>
2760,2020-04-24 23:00:00,<function <lambda> at 0x7fa4962879f0>,<function <lambda> at 0x7fa496287a90>,<function <lambda> at 0x7fa496287b30>
2761,2020-04-25 00:00:00,<function <lambda> at 0x7fa4962879f0>,<function <lambda> at 0x7fa496287a90>,<function <lambda> at 0x7fa496287b30>
2762,2020-04-25 01:00:00,<function <lambda> at 0x7fa4962879f0>,<function <lambda> at 0x7fa496287a90>,<function <lambda> at 0x7fa496287b30>
2763,2020-04-25 02:00:00,<function <lambda> at 0x7fa4962879f0>,<function <lambda> at 0x7fa496287a90>,<function <lambda> at 0x7fa496287b30>
2764,2020-04-25 03:00:00,<function <lambda> at 0x7fa4962879f0>,<function <lambda> at 0x7fa496287a90>,<function <lambda> at 0x7fa496287b30>
2765,2020-04-25 04:00:00,<function <lambda> at 0x7fa4962879f0>,<function <lambda> at 0x7fa496287a90>,<function <lambda> at 0x7fa496287b30>
2766,2020-04-25 05:00:00,<function <lambda> at 0x7fa4962879f0>,<function <lambda> at 0x7fa496287a90>,<function <lambda> at 0x7fa496287b30>
2767,2020-04-25 06:00:00,<function <lambda> at 0x7fa4962879f0>,<function <lambda> at 0x7fa496287a90>,<function <lambda> at 0x7fa496287b30>
2768,2020-04-25 07:00:00,<function <lambda> at 0x7fa4962879f0>,<function <lambda> at 0x7fa496287a90>,<function <lambda> at 0x7fa496287b30>
2769,2020-04-25 08:00:00,<function <lambda> at 0x7fa4962879f0>,<function <lambda> at 0x7fa496287a90>,<function <lambda> at 0x7fa496287b30>
2770,2020-04-25 09:00:00,<function <lambda> at 0x7fa4962879f0>,<function <lambda> at 0x7fa496287a90>,<function <lambda> at 0x7fa496287b30>
2771,2020-04-25 10:00:00,<function <lambda> at 0x7fa4962879f0>,<function <lambda> at 0x7fa496287a90>,<function <lambda> at 0x7fa496287b30>
2772,2020-04-25 11:00:00,<function <lambda> at 0x7fa4962879f0>,<function <lambda> at 0x7fa496287a90>,<function <lambda> at 0x7fa496287b30>
2773,2020-04-25 12:00:00,<function <lambda> at 0x7fa4962879f0>,<function <lambda> at 0x7fa496287a90>,<function <lambda> at 0x7fa496287b30>
2774,2020-04-25 13:00:00,<function <lambda> at 0x7fa4962879f0>,<function <lambda> at 0x7fa496287a90>,<function <lambda> at 0x7fa496287b30>
2775,2020-04-25 14:00:00,<function <lambda> at 0x7fa4962879f0>,<function <lambda> at 0x7fa496287a90>,<function <lambda> at 0x7fa496287b30>
2776,2020-04-25 15:00:00,<function <lambda> at 0x7fa4962879f0>,<function <lambda> at 0x7fa496287a90>,<function <lambda> at 0x7fa496287b30>
2777,2020-04-25 16:00:00,<function <lambda> at 0x7fa4962879f0>,<function <lambda> at 0x7fa496287a90>,<function <lambda> at 0x7fa496287b30>
2778,2020-04-25 17:00:00,<function <lambda> at 0x7fa4962879f0>,<function <lambda> at 0x7fa496287a90>,<function <lambda> at 0x7fa496287b30>
2779,2020-04-25 18:00:00,<function <lambda> at 0x7fa4962879f0>,<function <lambda> at 0x7fa496287a90>,<function <lambda> at 0x7fa496287b30>
2780,2020-04-25 19:00:00,<function <lambda> at 0x7fa4962879f0>,<function <lambda> at 0x7fa496287a90>,<function <lambda> at 0x7fa496287b30>
2781,2020-04-25 20:00:00,<function <lambda> at 0x7fa4962879f0>,<function <lambda> at 0x7fa496287a90>,<function <lambda> at 0x7fa496287b30>
2782,2020-04-25 21:00:00,<function <lambda> at 0x7fa4962879f0>,<function <lambda> at 0x7fa496287a90>,<function <lambda> at 0x7fa496287b30>
2783,2020-04-25 22:00:00,<function <lambda> at 0x7fa4962879f0>,<function <lambda> at 0x7fa496287a90>,<function <lambda> at 0x7fa496287b30>
2784,2020-04-25 23:00:00,<function <lambda> at 0x7fa4962879f0>,<function <lambda> at 0x7fa496287a90>,<function <lambda> at 0x7fa496287b30>
2785,2020-04-26 00:00:00,<function <lambda> at 0x7fa4962879f0>,<function <lambda> at 0x7fa496287a90>,<function <lambda> at 0x7fa496287b30>
2786,2020-04-26 01:00:00,<function <lambda> at 0x7fa4962879f0>,<function <lambda> at 0x7fa496287a90>,<function <lambda> at 0x7fa496287b30>
2787,2020-04-26 02:00:00,<function <lambda> at 0x7fa4962879f0>,<function <lambda> at 0x7fa496287a90>,<function <lambda> at 0x7fa496287b30>
2788,2020-04-26 03:00:00,<function <lambda> at 0x7fa4962879f0>,<function <lambda> at 0x7fa496287a90>,<function <lambda> at 0x7fa496287b30>
2789,2020-04-26 04:00:00,<function <lambda> at 0x7fa4962879f0>,<function <lambda> at 0x7fa496287a90>,<function <lambda> at 0x7fa496287b30>
2790,2020-04-26 05:00:00,<function <lambda> at 0x7fa4962879f0>,<function <lambda> at 0x7fa496287a90>,<function <lambda> at 0x7fa496287b30>
2791,2020-04-26 06:00:00,<function <lambda> at 0x7fa4962879f0>,<function <lambda> at 0x7fa496287a90>,<function <lambda> at 0x7fa496287b30>
2792,2020-04-26 07:00:00,<function <lambda> at 0x7fa4962879f0>,<function <lambda> at 0x7fa496287a90>,<function <lambda> at 0x7fa496287b30>
2793,2020-04-26 08:00:00,<function <lambda> at 0x7fa4962879f0>,<function <lambda> at 0x7fa496287a90>,<function <lambda> at 0x7fa496287b30>
2794,2020-04-26 09:00:00,<function <lambda> at 0x7fa4962879f0>,<function <lambda> at 0x7fa496287a90>,<function <lambda> at 0x7fa496287b30>
2795,2020-04-26 10:00:00,<function <lambda> at 0x7fa4962879f0>,<function <lambda> at 0x7fa496287a90>,<function <lambda> at 0x7fa496287b30>
2796,2020-04-26 11:00:00,<function <lambda> at 0x7fa4962879f0>,<function <lambda> at 0x7fa496287a90>,<function <lambda> at 0x7fa496287b30>
2797,2020-04-26 12:00:00,<function <lambda> at 0x7fa4962879f0>,<function <lambda> at 0x7fa496287a90>,<function <lambda> at 0x7fa496287b30>
2798,2020-04-26 13:00:00,<function <lambda> at 0x7fa4962879f0>,<function <lambda> at 0x7fa496287a90>,<function <lambda> at 0x7fa496287b30>
2799,2020-04-26 14:00:00,<function <lambda> at 0x7fa4962879f0>,<function <lambda> at 0x7fa496287a90>,<function <lambda> at 0x7fa496287b30>
2800,2020-04-26 15:00:00,<function <lambda> at 0x7fa4962879f0>,<function <lambda> at 0x7fa496287a90>,<function <lambda> at 0x7fa496287b30>
2801,2020-04-26 16:00:00,<function <lambda> at 0x7fa4962879f0>,<function <lambda> at 0x7fa496287a90>,<function <lambda> at 0x7fa496287b30>
2802,2020-04-26 17:00:00,<function <lambda> at 0x7fa4962879f0>,<function <lambda> at 0x7fa496287a90>,<function <lambda> at 0x7fa496287b30>
2803,2020-04-26 18:00:00,<function <lambda> at 0x7fa4962879f0>,<function <lambda> at 0x7fa496287a90>,<function <lambda> at 0x7fa496287b30>
2804,2020-04-26 19:00:00,<function <lambda> at 0x7fa4962879f0>,<function <lambda> at 0x7fa496287a90>,<function <lambda> at 0x7fa496287b30>
2805,2020-04-26 20:00:00,<function <lambda> at 0x7fa4962879f0>,<function <lambda> at 0x7fa496287a90>,<function <lambda> at 0x7fa496287b30>
2806,2020-04-26 21:00:00,<function <lambda> at 0x7fa4962879f0>,<function <lambda> at 0x7fa496287a90>,<function <lambda> at 0x7fa496287b30>
2807,2020-04-26 22:00:00,<function <lambda> at 0x7fa4962879f0>,<function <lambda> at 0x7fa496287a90>,<function <lambda> at 0x7fa496287b30>
2808,2020-04-26 23:00:00,<function <lambda> at 0x7fa4962879f0>,<function <lambda> at 0x7fa496287a90>,<function <lambda> at 0x7fa496287b30>
2809,2020-04-27 00:00:00,<function <lambda> at 0x7fa4962879f0>,<function <lambda> at 0x7fa496287a90>,<function <lambda> at 0x7fa496287b30>
2810,2020-04-27 01:00:00,<function <lambda> at 0x7fa4962879f0>,<function <lambda> at 0x7fa496287a90>,<function <lambda> at 0x7fa496287b30>
2811,2020-04-27 02:00:00,<function <lambda> at 0x7fa4962879f0>,<function <lambda> at 0x7fa496287a90>,<function <lambda> at 0x7fa496287b30>
2812,2020-04-27 03:00:00,<function <lambda> at 0x7fa4962879f0>,<function <lambda> at 0x7fa496287a90>,<function <lambda> at 0x7fa496287b30>
2813,2020-04-27 04:00:00,<function <lambda> at 0x7fa4962879f0>,<function <lambda> at 0x7fa496287a90>,<function <lambda> at 0x7fa496287b30>
2814,2020-04-27 05:00:00,<function <lambda> at 0x7fa4962879f0>,<function <lambda> at 0x7fa496287a90>,<function <lambda> at 0x7fa496287b30>
2815,2020-04-27 06:00:00,<function <lambda> at 0x7fa4962879f0>,<function <lambda> at 0x7fa496287a90>,<function <lambda> at 0x7fa496287b30>
2816,2020-04-27 07:00:00,<function <lambda> at 0x7fa4962879f0>,<function <lambda> at 0x7fa496287a90>,<function <lambda> at 0x7fa496287b30>
2817,2020-04-27 08:00:00,<function <lambda> at 0x7fa4962879f0>,<function <lambda> at 0x7fa496287a90>,<function <lambda> at 0x7fa496287b30>
2818,2020-04-27 09:00:00,<function <lambda> at 0x7fa4962879f0>,<function <lambda> at 0x7fa496287a90>,<function <lambda> at 0x7fa496287b30>
2819,2020-04-27 10:00:00,<function <lambda> at 0x7fa4962879f0>,<function <lambda> at 0x7fa496287a90>,<function <lambda> at 0x7fa496287b30>
2820,2020-04-27 11:00:00,<function <lambda> at 0x7fa4962879f0>,<function <lambda> at 0x7fa496287a90>,<function <lambda> at 0x7fa496287b30>
2821,2020-04-27 12:00:00,<function <lambda> at 0x7fa4962879f0>,<function <lambda> at 0x7fa496287a90>,<function <lambda> at 0x7fa496287b30>
2822,2020-04-27 13:00:00,<function <lambda> at 0x7fa4962879f0>,<function <lambda> at 0x7fa496287a90>,<function <lambda> at 0x7fa496287b30>
2823,2020-04-27 14:00:00,<function <lambda> at 0x7fa4962879f0>,<function <lambda> at 0x7fa496287a90>,<function <lambda> at 0x7fa496287b30>
2824,2020-04-27 15:00:00,<function <lambda> at 0x7fa4962879f0>,<function <lambda> at 0x7fa496287a90>,<function <lambda> at 0x7fa496287b30>
2825,2020-04-27 16:00:00,<function <lambda> at 0x7fa4962879f0>,<function <lambda> at 0x7fa496287a90>,<function <lambda> at 0x7fa496287b30>
2826,2020-04-27 17:00:00,<function <lambda> at 0x7fa4962879f0>,<function <lambda> at 0x7fa496287a90>,<function <lambda> at 0x7fa496287b30>
2827,2020-04-27 18:00:00,<function <lambda> at 0x7fa4962879f0>,<function <lambda> at 0x7fa496287a90>,<function <lambda> at 0x7fa496287b30>
2828,2020-04-27 19:00:00,<function <lambda> at 0x7fa4962879f0>,<function <lambda> at 0x7fa496287a90>,<function <lambda> at 0x7fa496287b30>
2829,2020-04-27 20:00:00,<function <lambda> at 0x7fa4962879f0>,<function <lambda> at 0x7fa496287a90>,<function <lambda> at 0x7fa496287b30>
2830,2020-04-27 21:00:00,<function <lambda> at 0x7fa4962879f0>,<function <lambda> at 0x7fa496287a90>,<function <lambda> at 0x7fa496287b30>
2831,2020-04-27 22:00:00,<function <lambda> at 0x7fa4962879f0>,<function <lambda> at 0x7fa496287a90>,<function <lambda> at 0x7fa496287b30>
2832,2020-04-27 23:00:00,<function <lambda> at 0x7fa4962879f0>,<function <lambda> at 0x7fa496287a90>,<function <lambda> at 0x7fa496287b30>
2833,2020-04-28 00:00:00,<function <lambda> at 0x7fa4962879f0>,<function <lambda> at 0x7fa496287a90>,<function <lambda> at 0x7fa496287b30>
2834,2020-04-28 01:00:00,<function <lambda> at 0x7fa4962879f0>,<function <lambda> at 0x7fa496287a90>,<function <lambda> at 0x7fa496287b30>
2835,2020-04-28 02:00:00,<function <lambda> at 0x7fa4962879f0>,<function <lambda> at 0x7fa496287a90>,<function <lambda> at 0x7fa496287b30>
2836,2020-04-28 03:00:00,<function <lambda> at 0x7fa4962879f0>,<function <lambda> at 0x7fa496287a90>,<function <lambda> at 0x7fa496287b30>
2837,2020-04-28 04:00:00,<function <lambda> at 0x7fa4962879f0>,<function <lambda> at 0x7fa496287a90>,<function <lambda> at 0x7fa496287b30>
2838,2020-04-28 05:00:00,<function <lambda> at 0x7fa4962879f0>,<function <lambda> at 0x7fa496287a90>,<function <lambda> at 0x7fa496287b30>
2839,2020-04-28 06:00:00,<function <lambda> at 0x7fa4962879f0>,<function <lambda> at 0x7fa496287a90>,<function <lambda> at 0x7fa496287b30>
2840,2020-04-28 07:00:00,<function <lambda> at 0x7fa4962879f0>,<function <lambda> at 0x7fa496287a90>,<function <lambda> at 0x7fa496287b30>
2841,2020-04-28 08:00:00,<function <lambda> at 0x7fa4962879f0>,<function <lambda> at 0x7fa496287a90>,<function <lambda> at 0x7fa496287b30>
2842,2020-04-28 09:00:00,<function <lambda> at 0x7fa4962879f0>,<function <lambda> at 0x7fa496287a90>,<function <lambda> at 0x7fa496287b30>
2843,2020-04-28 10:00:00,<function <lambda> at 0x7fa4962879f0>,<function <lambda> at 0x7fa496287a90>,<function <lambda> at 0x7fa496287b30>
2844,2020-04-28 11:00:00,<function <lambda> at 0x7fa4962879f0>,<function <lambda> at 0x7fa496287a90>,<function <lambda> at 0x7fa496287b30>
2845,2020-04-28 12:00:00,<function <lambda> at 0x7fa4962879f0>,<function <lambda> at 0x7fa496287a90>,<function <lambda> at 0x7fa496287b30>
2846,2020-04-28 13:00:00,<function <lambda> at 0x7fa4962879f0>,<function <lambda> at 0x7fa496287a90>,<function <lambda> at 0x7fa496287b30>
2847,2020-04-28 14:00:00,<function <lambda> at 0x7fa4962879f0>,<function <lambda> at 0x7fa496287a90>,<function <lambda> at 0x7fa496287b30>
2848,2020-04-28 15:00:00,<function <lambda> at 0x7fa4962879f0>,<function <lambda> at 0x7fa496287a90>,<function <lambda> at 0x7fa496287b30>
2849,2020-04-28 16:00:00,<function <lambda> at 0x7fa4962879f0>,<function <lambda> at 0x7fa496287a90>,<function <lambda> at 0x7fa496287b30>
2850,2020-04-28 17:00:00,<function <lambda> at 0x7fa4962879f0>,<function <lambda> at 0x7fa496287a90>,<function <lambda> at 0x7fa496287b30>
2851,2020-04-28 18:00:00,<function <lambda> at 0x7fa4962879f0>,<function <lambda> at 0x7fa496287a90>,<function <lambda> at 0x7fa496287b30>
2852,2020-04-28 19:00:00,<function <lambda> at 0x7fa4962879f0>,<function <lambda> at 0x7fa496287a90>,<function <lambda> at 0x7fa496287b30>
2853,2020-04-28 20:00:00,<function <lambda> at 0x7fa4962879f0>,<function <lambda> at 0x7fa496287a90>,<function <lambda> at 0x7fa496287b30>
2854,2020-04-28 21:00:00,<function <lambda> at 0x7fa4962879f0>,<function <lambda> at 0x7fa496287a90>,<function <lambda> at 0x7fa496287b30>
2855,2020-04-28 22:00:00,<function <lambda> at 0x7fa4962879f0>,<function <lambda> at 0x7fa496287a90>,<function <lambda> at 0x7fa496287b30>
2856,2020-04-28 23:00:00,<function <lambda> at 0x7fa4962879f0>,<function <lambda> at 0x7fa496287a90>,<function <lambda> at 0x7fa496287b30>
2857,2020-04-29 00:00:00,<function <lambda> at 0x7fa4962879f0>,<function <lambda> at 0x7fa496287a90>,<function <lambda> at 0x7fa496287b30>
2858,2020-04-29 01:00:00,<function <lambda> at 0x7fa4962879f0>,<function <lambda> at 0x7fa496287a90>,<function <lambda> at 0x7fa496287b30>
2859,2020-04-29 02:00:00,<function <lambda> at 0x7fa4962879f0>,<function <lambda> at 0x7fa496287a90>,<function <lambda> at 0x7fa496287b30>
2860,2020-04-29 03:00:00,<function <lambda> at 0x7fa4962879f0>,<function <lambda> at 0x7fa496287a90>,<function <lambda> at 0x7fa496287b30>
2861,2020-04-29 04:00:00,<function <lambda> at 0x7fa4962879f0>,<function <lambda> at 0x7fa496287a90>,<function <lambda> at 0x7fa496287b30>
2862,2020-04-29 05:00:00,<function <lambda> at 0x7fa4962879f0>,<function <lambda> at 0x7fa496287a90>,<function <lambda> at 0x7fa496287b30>
2863,2020-04-29 06:00:00,<function <lambda> at 0x7fa4962879f0>,<function <lambda> at 0x7fa496287a90>,<function <lambda> at 0x7fa496287b30>
2864,2020-04-29 07:00:00,<function <lambda> at 0x7fa4962879f0>,<function <lambda> at 0x7fa496287a90>,<function <lambda> at 0x7fa496287b30>
2865,2020-04-29 08:00:00,<function <lambda> at 0x7fa4962879f0>,<function <lambda> at 0x7fa496287a90>,<function <lambda> at 0x7fa496287b30>
2866,2020-04-29 09:00:00,<function <lambda> at 0x7fa4962879f0>,<function <lambda> at 0x7fa496287a90>,<function <lambda> at 0x7fa496287b30>
2867,2020-04-29 10:00:00,<function <lambda> at 0x7fa4962879f0>,<function <lambda> at 0x7fa496287a90>,<function <lambda> at 0x7fa496287b30>
2868,2020-04-29 11:00:00,<function <lambda> at 0x7fa4962879f0>,<function <lambda> at 0x7fa496287a90>,<function <lambda> at 0x7fa496287b30>
2869,2020-04-29 12:00:00,<function <lambda> at 0x7fa4962879f0>,<function <lambda> at 0x7fa496287a90>,<function <lambda> at 0x7fa496287b30>
2870,2020-04-29 13:00:00,<function <lambda> at 0x7fa4962879f0>,<function <lambda> at 0x7fa496287a90>,<function <lambda> at 0x7fa496287b30>
2871,2020-04-29 14:00:00,<function <lambda> at 0x7fa4962879f0>,<function <lambda> at 0x7fa496287a90>,<function <lambda> at 0x7fa496287b30>
2872,2020-04-29 15:00:00,<function <lambda> at 0x7fa4962879f0>,<function <lambda> at 0x7fa496287a90>,<function <lambda> at 0x7fa496287b30>
2873,2020-04-29 16:00:00,<function <lambda> at 0x7fa4962879f0>,<function <lambda> at 0x7fa496287a90>,<function <lambda> at 0x7fa496287b30>
2874,2020-04-29 17:00:00,<function <lambda> at 0x7fa4962879f0>,<function <lambda> at 0x7fa496287a90>,<function <lambda> at 0x7fa496287b30>
2875,2020-04-29 18:00:00,<function <lambda> at 0x7fa4962879f0>,<function <lambda> at 0x7fa496287a90>,<function <lambda> at 0x7fa496287b30>
2876,2020-04-29 19:00:00,<function <lambda> at 0x7fa4962879f0>,<function <lambda> at 0x7fa496287a90>,<function <lambda> at 0x7fa496287b30>
2877,2020-04-29 20:00:00,<function <lambda> at 0x7fa4962879f0>,<function <lambda> at 0x7fa496287a90>,<function <lambda> at 0x7fa496287b30>
2878,2020-04-29 21:00:00,<function <lambda> at 0x7fa4962879f0>,<function <lambda> at 0x7fa496287a90>,<function <lambda> at 0x7fa496287b30>
2879,2020-04-29 22:00:00,<function <lambda> at 0x7fa4962879f0>,<function <lambda> at 0x7fa496287a90>,<function <lambda> at 0x7fa496287b30>
2880,2020-04-29 23:00:00,<function <lambda> at 0x7fa4962879f0>,<function <lambda> at 0x7fa496287a90>,<function <lambda> at 0x7fa496287b30>
2881,2020-04-30 00:00:00,<function <lambda> at 0x7fa4962879f0>,<function <lambda> at 0x7fa496287a90>,<function <lambda> at 0x7fa496287b30>
2882,2020-04-30 01:00:00,<function <lambda> at 0x7fa4962879f0>,<function <lambda> at 0x7fa496287a90>,<function <lambda> at 0x7fa496287b30>
2883,2020-04-30 02:00:00,<function <lambda> at 0x7fa4962879f0>,<function <lambda> at 0x7fa496287a90>,<function <lambda> at 0x7fa496287b30>
2884,2020-04-30 03:00:00,<function <lambda> at 0x7fa4962879f0>,<function <lambda> at 0x7fa496287a90>,<function <lambda> at 0x7fa496287b30>
2885,2020-04-30 04:00:00,<function <lambda> at 0x7fa4962879f0>,<function <lambda> at 0x7fa496287a90>,<function <lambda> at 0x7fa496287b30>
2886,2020-04-30 05:00:00,<function <lambda> at 0x7fa4962879f0>,<function <lambda> at 0x7fa496287a90>,<function <lambda> at 0x7fa496287b30>
2887,2020-04-30 06:00:00,<function <lambda> at 0x7fa4962879f0>,<function <lambda> at 0x7fa496287a90>,<function <lambda> at 0x7fa496287b30>
2888,2020-04-30 07:00:00,<function <lambda> at 0x7fa4962879f0>,<function <lambda> at 0x7fa496287a90>,<function <lambda> at 0x7fa496287b30>
2889,2020-04-30 08:00:00,<function <lambda> at 0x7fa4962879f0>,<function <lambda> at 0x7fa496287a90>,<function <lambda> at 0x7fa496287b30>
2890,2020-04-30 09:00:00,<function <lambda> at 0x7fa4962879f0>,<function <lambda> at 0x7fa496287a90>,<function <lambda> at 0x7fa496287b30>
2891,2020-04-30 10:00:00,<function <lambda> at 0x7fa4962879f0>,<function <lambda> at 0x7fa496287a90>,<function <lambda> at 0x7fa496287b30>
2892,2020-04-30 11:00:00,<function <lambda> at 0x7fa4962879f0>,<function <lambda> at 0x7fa496287a90>,<function <lambda> at 0x7fa496287b30>
2893,2020-04-30 12:00:00,<function <lambda> at 0x7fa4962879f0>,<function <lambda> at 0x7fa496287a90>,<function <lambda> at 0x7fa496287b30>
2894,2020-04-30 13:00:00,<function <lambda> at 0x7fa4962879f0>,<function <lambda> at 0x7fa496287a90>,<function <lambda> at 0x7fa496287b30>
2895,2020-04-30 14:00:00,<function <lambda> at 0x7fa4962879f0>,<function <lambda> at 0x7fa496287a90>,<function <lambda> at 0x7fa496287b30>
2896,2020-04-30 15:00:00,<function <lambda> at 0x7fa4962879f0>,<function <lambda> at 0x7fa496287a90>,<function <lambda> at 0x7fa496287b30>
2897,2020-04-30 16:00:00,<function <lambda> at 0x7fa4962879f0>,<function <lambda> at 0x7fa496287a90>,<function <lambda> at 0x7fa496287b30>
2898,2020-04-30 17:00:00,<function <lambda> at 0x7fa4962879f0>,<function <lambda> at 0x7fa496287a90>,<function <lambda> at 0x7fa496287b30>
2899,2020-04-30 18:00:00,<function <lambda> at 0x7fa4962879f0>,<function <lambda> at 0x7fa496287a90>,<function <lambda> at 0x7fa496287b30>
2900,2020-04-30 19:00:00,<function <lambda> at 0x7fa4962879f0>,<function <lambda> at 0x7fa496287a90>,<function <lambda> at 0x7fa496287b30>
2901,2020-04-30 20:00:00,<function <lambda> at 0x7fa4962879f0>,<function <lambda> at 0x7fa496287a90>,<function <lambda> at 0x7fa496287b30>
2902,2020-04-30 21:00:00,<function <lambda> at 0x7fa4962879f0>,<function <lambda> at 0x7fa496287a90>,<function <lambda> at 0x7fa496287b30>
2903,2020-04-30 22:00:00,<function <lambda> at 0x7fa4962879f0>,<function <lambda> at 0x7fa496287a90>,<function <lambda> at 0x7fa496287b30>
2904,2020-04-30 23:00:00,<function <lambda> at 0x7fa4962879f0>,<function <lambda> at 0x7fa496287a90>,<function <lambda> at 0x7fa496287b30>
2905,2020-05-01 00:00:00,<function <lambda> at 0x7fa4962879f0>,<function <lambda> at 0x7fa496287a90>,<function <lambda> at 0x7fa496287b30>
2906,2020-05-01 01:00:00,<function <lambda> at 0x7fa4962879f0>,<function <lambda> at 0x7fa496287a90>,<function <lambda> at 0x7fa496287b30>
2907,2020-05-01 02:00:00,<function <lambda> at 0x7fa4962879f0>,<function <lambda> at 0x7fa496287a90>,<function <lambda> at 0x7fa496287b30>
2908,2020-05-01 03:00:00,<function <lambda> at 0x7fa4962879f0>,<function <lambda> at 0x7fa496287a90>,<function <lambda> at 0x7fa496287b30>
2909,2020-05-01 04:00:00,<function <lambda> at 0x7fa4962879f0>,<function <lambda> at 0x7fa496287a90>,<function <lambda> at 0x7fa496287b30>
2910,2020-05-01 05:00:00,<function <lambda> at 0x7fa4962879f0>,<function <lambda> at 0x7fa496287a90>,<function <lambda> at 0x7fa496287b30>
2911,2020-05-01 06:00:00,<function <lambda> at 0x7fa4962879f0>,<function <lambda> at 0x7fa496287a90>,<function <lambda> at 0x7fa496287b30>
2912,2020-05-01 07:00:00,<function <lambda> at 0x7fa4962879f0>,<function <lambda> at 0x7fa496287a90>,<function <lambda> at 0x7fa496287b30>
2913,2020-05-01 08:00:00,<function <lambda> at 0x7fa4962879f0>,<function <lambda> at 0x7fa496287a90>,<function <lambda> at 0x7fa496287b30>
2914,2020-05-01 09:00:00,<function <lambda> at 0x7fa4962879f0>,<function <lambda> at 0x7fa496287a90>,<function <lambda> at 0x7fa496287b30>
2915,2020-05-01 10:00:00,<function <lambda> at 0x7fa4962879f0>,<function <lambda> at 0x7fa496287a90>,<function <lambda> at 0x7fa496287b30>
2916,2020-05-01 11:00:00,<function <lambda> at 0x7fa4962879f0>,<function <lambda> at 0x7fa496287a90>,<function <lambda> at 0x7fa496287b30>
2917,2020-05-01 12:00:00,<function <lambda> at 0x7fa4962879f0>,<function <lambda> at 0x7fa496287a90>,<function <lambda> at 0x7fa496287b30>
2918,2020-05-01 13:00:00,<function <lambda> at 0x7fa4962879f0>,<function <lambda> at 0x7fa496287a90>,<function <lambda> at 0x7fa496287b30>
2919,2020-05-01 14:00:00,<function <lambda> at 0x7fa4962879f0>,<function <lambda> at 0x7fa496287a90>,<function <lambda> at 0x7fa496287b30>
2920,2020-05-01 15:00:00,<function <lambda> at 0x7fa4962879f0>,<function <lambda> at 0x7fa496287a90>,<function <lambda> at 0x7fa496287b30>
2921,2020-05-01 16:00:00,<function <lambda> at 0x7fa4962879f0>,<function <lambda> at 0x7fa496287a90>,<function <lambda> at 0x7fa496287b30>
2922,2020-05-01 17:00:00,<function <lambda> at 0x7fa4962879f0>,<function <lambda> at 0x7fa496287a90>,<function <lambda> at 0x7fa496287b30>
2923,2020-05-01 18:00:00,<function <lambda> at 0x7fa4962879f0>,<function <lambda> at 0x7fa496287a90>,<function <lambda> at 0x7fa496287b30>
2924,2020-05-01 19:00:00,<function <lambda> at 0x7fa4962879f0>,<function <lambda> at 0x7fa496287a90>,<function <lambda> at 0x7fa496287b30>
2925,2020-05-01 20:00:00,<function <lambda> at 0x7fa4962879f0>,<function <lambda> at 0x7fa496287a90>,<function <lambda> at 0x7fa496287b30>
2926,2020-05-01 21:00:00,<function <lambda> at 0x7fa4962879f0>,<function <lambda> at 0x7fa496287a90>,<function <lambda> at 0x7fa496287b30>
2927,2020-05-01 22:00:00,<function <lambda> at 0x7fa4962879f0>,<function <lambda> at 0x7fa496287a90>,<function <lambda> at 0x7fa496287b30>
2928,2020-05-01 23:00:00,<function <lambda> at 0x7fa4962879f0>,<function <lambda> at 0x7fa496287a90>,<function <lambda> at 0x7fa496287b30>
2929,2020-05-02 00:00:00,<function <lambda> at 0x7fa4962879f0>,<function <lambda> at 0x7fa496287a90>,<function <lambda> at 0x7fa496287b30>
2930,2020-05-02 01:00:00,<function <lambda> at 0x7fa4962879f0>,<function <lambda> at 0x7fa496287a90>,<function <lambda> at 0x7fa496287b30>
2931,2020-05-02 02:00:00,<function <lambda> at 0x7fa4962879f0>,<function <lambda> at 0x7fa496287a90>,<function <lambda> at 0x7fa496287b30>
2932,2020-05-02 03:00:00,<function <lambda> at 0x7fa4962879f0>,<function <lambda> at 0x7fa496287a90>,<function <lambda> at 0x7fa496287b30>
2933,2020-05-02 04:00:00,<function <lambda> at 0x7fa4962879f0>,<function <lambda> at 0x7fa496287a90>,<function <lambda> at 0x7fa496287b30>
2934,2020-05-02 05:00:00,<function <lambda> at 0x7fa4962879f0>,<function <lambda> at 0x7fa496287a90>,<function <lambda> at 0x7fa496287b30>
2935,2020-05-02 06:00:00,<function <lambda> at 0x7fa4962879f0>,<function <lambda> at 0x7fa496287a90>,<function <lambda> at 0x7fa496287b30>
2936,2020-05-02 07:00:00,<function <lambda> at 0x7fa4962879f0>,<function <lambda> at 0x7fa496287a90>,<function <lambda> at 0x7fa496287b30>
2937,2020-05-02 08:00:00,<function <lambda> at 0x7fa4962879f0>,<function <lambda> at 0x7fa496287a90>,<function <lambda> at 0x7fa496287b30>
2938,2020-05-02 09:00:00,<function <lambda> at 0x7fa4962879f0>,<function <lambda> at 0x7fa496287a90>,<function <lambda> at 0x7fa496287b30>
2939,2020-05-02 10:00:00,<function <lambda> at 0x7fa4962879f0>,<function <lambda> at 0x7fa496287a90>,<function <lambda> at 0x7fa496287b30>
2940,2020-05-02 11:00:00,<function <lambda> at 0x7fa4962879f0>,<function <lambda> at 0x7fa496287a90>,<function <lambda> at 0x7fa496287b30>
2941,2020-05-02 12:00:00,<function <lambda> at 0x7fa4962879f0>,<function <lambda> at 0x7fa496287a90>,<function <lambda> at 0x7fa496287b30>
2942,2020-05-02 13:00:00,<function <lambda> at 0x7fa4962879f0>,<function <lambda> at 0x7fa496287a90>,<function <lambda> at 0x7fa496287b30>
2943,2020-05-02 14:00:00,<function <lambda> at 0x7fa4962879f0>,<function <lambda> at 0x7fa496287a90>,<function <lambda> at 0x7fa496287b30>
2944,2020-05-02 15:00:00,<function <lambda> at 0x7fa4962879f0>,<function <lambda> at 0x7fa496287a90>,<function <lambda> at 0x7fa496287b30>
2945,2020-05-02 16:00:00,<function <lambda> at 0x7fa4962879f0>,<function <lambda> at 0x7fa496287a90>,<function <lambda> at 0x7fa496287b30>
2946,2020-05-02 17:00:00,<function <lambda> at 0x7fa4962879f0>,<function <lambda> at 0x7fa496287a90>,<function <lambda> at 0x7fa496287b30>
2947,2020-05-02 18:00:00,<function <lambda> at 0x7fa4962879f0>,<function <lambda> at 0x7fa496287a90>,<function <lambda> at 0x7fa496287b30>
2948,2020-05-02 19:00:00,<function <lambda> at 0x7fa4962879f0>,<function <lambda> at 0x7fa496287a90>,<function <lambda> at 0x7fa496287b30>
2949,2020-05-02 20:00:00,<function <lambda> at 0x7fa4962879f0>,<function <lambda> at 0x7fa496287a90>,<function <lambda> at 0x7fa496287b30>
2950,2020-05-02 21:00:00,<function <lambda> at 0x7fa4962879f0>,<function <lambda> at 0x7fa496287a90>,<function <lambda> at 0x7fa496287b30>
2951,2020-05-02 22:00:00,<function <lambda> at 0x7fa4962879f0>,<function <lambda> at 0x7fa496287a90>,<function <lambda> at 0x7fa496287b30>
2952,2020-05-02 23:00:00,<function <lambda> at 0x7fa4962879f0>,<function <lambda> at 0x7fa496287a90>,<function <lambda> at 0x7fa496287b30>
2953,2020-05-03 00:00:00,<function <lambda> at 0x7fa4962879f0>,<function <lambda> at 0x7fa496287a90>,<function <lambda> at 0x7fa496287b30>
2954,2020-05-03 01:00:00,<function <lambda> at 0x7fa4962879f0>,<function <lambda> at 0x7fa496287a90>,<function <lambda> at 0x7fa496287b30>
2955,2020-05-03 02:00:00,<function <lambda> at 0x7fa4962879f0>,<function <lambda> at 0x7fa496287a90>,<function <lambda> at 0x7fa496287b30>
2956,2020-05-03 03:00:00,<function <lambda> at 0x7fa4962879f0>,<function <lambda> at 0x7fa496287a90>,<function <lambda> at 0x7fa496287b30>
2957,2020-05-03 04:00:00,<function <lambda> at 0x7fa4962879f0>,<function <lambda> at 0x7fa496287a90>,<function <lambda> at 0x7fa496287b30>
2958,2020-05-03 05:00:00,<function <lambda> at 0x7fa4962879f0>,<function <lambda> at 0x7fa496287a90>,<function <lambda> at 0x7fa496287b30>
2959,2020-05-03 06:00:00,<function <lambda> at 0x7fa4962879f0>,<function <lambda> at 0x7fa496287a90>,<function <lambda> at 0x7fa496287b30>
2960,2020-05-03 07:00:00,<function <lambda> at 0x7fa4962879f0>,<function <lambda> at 0x7fa496287a90>,<function <lambda> at 0x7fa496287b30>
2961,2020-05-03 08:00:00,<function <lambda> at 0x7fa4962879f0>,<function <lambda> at 0x7fa496287a90>,<function <lambda> at 0x7fa496287b30>
2962,2020-05-03 09:00:00,<function <lambda> at 0x7fa4962879f0>,<function <lambda> at 0x7fa496287a90>,<function <lambda> at 0x7fa496287b30>
2963,2020-05-03 10:00:00,<function <lambda> at 0x7fa4962879f0>,<function <lambda> at 0x7fa496287a90>,<function <lambda> at 0x7fa496287b30>
2964,2020-05-03 11:00:00,<function <lambda> at 0x7fa4962879f0>,<function <lambda> at 0x7fa496287a90>,<function <lambda> at 0x7fa496287b30>
2965,2020-05-03 12:00:00,<function <lambda> at 0x7fa4962879f0>,<function <lambda> at 0x7fa496287a90>,<function <lambda> at 0x7fa496287b30>
2966,2020-05-03 13:00:00,<function <lambda> at 0x7fa4962879f0>,<function <lambda> at 0x7fa496287a90>,<function <lambda> at 0x7fa496287b30>
2967,2020-05-03 14:00:00,<function <lambda> at 0x7fa4962879f0>,<function <lambda> at 0x7fa496287a90>,<function <lambda> at 0x7fa496287b30>
2968,2020-05-03 15:00:00,<function <lambda> at 0x7fa4962879f0>,<function <lambda> at 0x7fa496287a90>,<function <lambda> at 0x7fa496287b30>
2969,2020-05-03 16:00:00,<function <lambda> at 0x7fa4962879f0>,<function <lambda> at 0x7fa496287a90>,<function <lambda> at 0x7fa496287b30>
2970,2020-05-03 17:00:00,<function <lambda> at 0x7fa4962879f0>,<function <lambda> at 0x7fa496287a90>,<function <lambda> at 0x7fa496287b30>
2971,2020-05-03 18:00:00,<function <lambda> at 0x7fa4962879f0>,<function <lambda> at 0x7fa496287a90>,<function <lambda> at 0x7fa496287b30>
2972,2020-05-03 19:00:00,<function <lambda> at 0x7fa4962879f0>,<function <lambda> at 0x7fa496287a90>,<function <lambda> at 0x7fa496287b30>
2973,2020-05-03 20:00:00,<function <lambda> at 0x7fa4962879f0>,<function <lambda> at 0x7fa496287a90>,<function <lambda> at 0x7fa496287b30>
2974,2020-05-03 21:00:00,<function <lambda> at 0x7fa4962879f0>,<function <lambda> at 0x7fa496287a90>,<function <lambda> at 0x7fa496287b30>
2975,2020-05-03 22:00:00,<function <lambda> at 0x7fa4962879f0>,<function <lambda> at 0x7fa496287a90>,<function <lambda> at 0x7fa496287b30>
2976,2020-05-03 23:00:00,<function <lambda> at 0x7fa4962879f0>,<function <lambda> at 0x7fa496287a90>,<function <lambda> at 0x7fa496287b30>
2977,2020-05-04 00:00:00,<function <lambda> at 0x7fa4962879f0>,<function <lambda> at 0x7fa496287a90>,<function <lambda> at 0x7fa496287b30>
2978,2020-05-04 01:00:00,<function <lambda> at 0x7fa4962879f0>,<function <lambda> at 0x7fa496287a90>,<function <lambda> at 0x7fa496287b30>
2979,2020-05-04 02:00:00,<function <lambda> at 0x7fa4962879f0>,<function <lambda> at 0x7fa496287a90>,<function <lambda> at 0x7fa496287b30>
2980,2020-05-04 03:00:00,<function <lambda> at 0x7fa4962879f0>,<function <lambda> at 0x7fa496287a90>,<function <lambda> at 0x7fa496287b30>
2981,2020-05-04 04:00:00,<function <lambda> at 0x7fa4962879f0>,<function <lambda> at 0x7fa496287a90>,<function <lambda> at 0x7fa496287b30>
2982,2020-05-04 05:00:00,<function <lambda> at 0x7fa4962879f0>,<function <lambda> at 0x7fa496287a90>,<function <lambda> at 0x7fa496287b30>
2983,2020-05-04 06:00:00,<function <lambda> at 0x7fa4962879f0>,<function <lambda> at 0x7fa496287a90>,<function <lambda> at 0x7fa496287b30>
2984,2020-05-04 07:00:00,<function <lambda> at 0x7fa4962879f0>,<function <lambda> at 0x7fa496287a90>,<function <lambda> at 0x7fa496287b30>
2985,2020-05-04 08:00:00,<function <lambda> at 0x7fa4962879f0>,<function <lambda> at 0x7fa496287a90>,<function <lambda> at 0x7fa496287b30>
2986,2020-05-04 09:00:00,<function <lambda> at 0x7fa4962879f0>,<function <lambda> at 0x7fa496287a90>,<function <lambda> at 0x7fa496287b30>
2987,2020-05-04 10:00:00,<function <lambda> at 0x7fa4962879f0>,<function <lambda> at 0x7fa496287a90>,<function <lambda> at 0x7fa496287b30>
2988,2020-05-04 11:00:00,<function <lambda> at 0x7fa4962879f0>,<function <lambda> at 0x7fa496287a90>,<function <lambda> at 0x7fa496287b30>
2989,2020-05-04 12:00:00,<function <lambda> at 0x7fa4962879f0>,<function <lambda> at 0x7fa496287a90>,<function <lambda> at 0x7fa496287b30>
2990,2020-05-04 13:00:00,<function <lambda> at 0x7fa4962879f0>,<function <lambda> at 0x7fa496287a90>,<function <lambda> at 0x7fa496287b30>
2991,2020-05-04 14:00:00,<function <lambda> at 0x7fa4962879f0>,<function <lambda> at 0x7fa496287a90>,<function <lambda> at 0x7fa496287b30>
2992,2020-05-04 15:00:00,<function <lambda> at 0x7fa4962879f0>,<function <lambda> at 0x7fa496287a90>,<function <lambda> at 0x7fa496287b30>
2993,2020-05-04 16:00:00,<function <lambda> at 0x7fa4962879f0>,<function <lambda> at 0x7fa496287a90>,<function <lambda> at 0x7fa496287b30>
2994,2020-05-04 17:00:00,<function <lambda> at 0x7fa4962879f0>,<function <lambda> at 0x7fa496287a90>,<function <lambda> at 0x7fa496287b30>
2995,2020-05-04 18:00:00,<function <lambda> at 0x7fa4962879f0>,<function <lambda> at 0x7fa496287a90>,<function <lambda> at 0x7fa496287b30>
2996,2020-05-04 19:00:00,<function <lambda> at 0x7fa4962879f0>,<function <lambda> at 0x7fa496287a90>,<function <lambda> at 0x7fa496287b30>
2997,2020-05-04 20:00:00,<function <lambda> at 0x7fa4962879f0>,<function <lambda> at 0x7fa496287a90>,<function <lambda> at 0x7fa496287b30>
2998,2020-05-04 21:00:00,<function <lambda> at 0x7fa4962879f0>,<function <lambda> at 0x7fa496287a90>,<function <lambda> at 0x7fa496287b30>
2999,2020-05-04 22:00:00,<function <lambda> at 0x7fa4962879f0>,<function <lambda> at 0x7fa496287a90>,<function <lambda> at 0x7fa496287b30>
3000,2020-05-04 23:00:00,<function <lambda> at 0x7fa4962879f0>,<function <lambda> at 0x7fa496287a90>,<function <lambda> at 0x7fa496287b30>
3001,2020-05-05 00:00:00,<function <lambda> at 0x7fa4962879f0>,<function <lambda> at 0x7fa496287a90>,<function <lambda> at 0x7fa496287b30>
3002,2020-05-05 01:00:00,<function <lambda> at 0x7fa4962879f0>,<function <lambda> at 0x7fa496287a90>,<function <lambda> at 0x7fa496287b30>
3003,2020-05-05 02:00:00,<function <lambda> at 0x7fa4962879f0>,<function <lambda> at 0x7fa496287a90>,<function <lambda> at 0x7fa496287b30>
3004,2020-05-05 03:00:00,<function <lambda> at 0x7fa4962879f0>,<function <lambda> at 0x7fa496287a90>,<function <lambda> at 0x7fa496287b30>
3005,2020-05-05 04:00:00,<function <lambda> at 0x7fa4962879f0>,<function <lambda> at 0x7fa496287a90>,<function <lambda> at 0x7fa496287b30>
3006,2020-05-05 05:00:00,<function <lambda> at 0x7fa4962879f0>,<function <lambda> at 0x7fa496287a90>,<function <lambda> at 0x7fa496287b30>
3007,2020-05-05 06:00:00,<function <lambda> at 0x7fa4962879f0>,<function <lambda> at 0x7fa496287a90>,<function <lambda> at 0x7fa496287b30>
3008,2020-05-05 07:00:00,<function <lambda> at 0x7fa4962879f0>,<function <lambda> at 0x7fa496287a90>,<function <lambda> at 0x7fa496287b30>
3009,2020-05-05 08:00:00,<function <lambda> at 0x7fa4962879f0>,<function <lambda> at 0x7fa496287a90>,<function <lambda> at 0x7fa496287b30>
3010,2020-05-05 09:00:00,<function <lambda> at 0x7fa4962879f0>,<function <lambda> at 0x7fa496287a90>,<function <lambda> at 0x7fa496287b30>
3011,2020-05-05 10:00:00,<function <lambda> at 0x7fa4962879f0>,<function <lambda> at 0x7fa496287a90>,<function <lambda> at 0x7fa496287b30>
3012,2020-05-05 11:00:00,<function <lambda> at 0x7fa4962879f0>,<function <lambda> at 0x7fa496287a90>,<function <lambda> at 0x7fa496287b30>
3013,2020-05-05 12:00:00,<function <lambda> at 0x7fa4962879f0>,<function <lambda> at 0x7fa496287a90>,<function <lambda> at 0x7fa496287b30>
3014,2020-05-05 13:00:00,<function <lambda> at 0x7fa4962879f0>,<function <lambda> at 0x7fa496287a90>,<function <lambda> at 0x7fa496287b30>
3015,2020-05-05 14:00:00,<function <lambda> at 0x7fa4962879f0>,<function <lambda> at 0x7fa496287a90>,<function <lambda> at 0x7fa496287b30>
3016,2020-05-05 15:00:00,<function <lambda> at 0x7fa4962879f0>,<function <lambda> at 0x7fa496287a90>,<function <lambda> at 0x7fa496287b30>
3017,2020-05-05 16:00:00,<function <lambda> at 0x7fa4962879f0>,<function <lambda> at 0x7fa496287a90>,<function <lambda> at 0x7fa496287b30>
3018,2020-05-05 17:00:00,<function <lambda> at 0x7fa4962879f0>,<function <lambda> at 0x7fa496287a90>,<function <lambda> at 0x7fa496287b30>
3019,2020-05-05 18:00:00,<function <lambda> at 0x7fa4962879f0>,<function <lambda> at 0x7fa496287a90>,<function <lambda> at 0x7fa496287b30>
3020,2020-05-05 19:00:00,<function <lambda> at 0x7fa4962879f0>,<function <lambda> at 0x7fa496287a90>,<function <lambda> at 0x7fa496287b30>
3021,2020-05-05 20:00:00,<function <lambda> at 0x7fa4962879f0>,<function <lambda> at 0x7fa496287a90>,<function <lambda> at 0x7fa496287b30>
3022,2020-05-05 21:00:00,<function <lambda> at 0x7fa4962879f0>,<function <lambda> at 0x7fa496287a90>,<function <lambda> at 0x7fa496287b30>
3023,2020-05-05 22:00:00,<function <lambda> at 0x7fa4962879f0>,<function <lambda> at 0x7fa496287a90>,<function <lambda> at 0x7fa496287b30>
3024,2020-05-05 23:00:00,<function <lambda> at 0x7fa4962879f0>,<function <lambda> at 0x7fa496287a90>,<function <lambda> at 0x7fa496287b30>
3025,2020-05-06 00:00:00,<function <lambda> at 0x7fa4962879f0>,<function <lambda> at 0x7fa496287a90>,<function <lambda> at 0x7fa496287b30>
3026,2020-05-06 01:00:00,<function <lambda> at 0x7fa4962879f0>,<function <lambda> at 0x7fa496287a90>,<function <lambda> at 0x7fa496287b30>
3027,2020-05-06 02:00:00,<function <lambda> at 0x7fa4962879f0>,<function <lambda> at 0x7fa496287a90>,<function <lambda> at 0x7fa496287b30>
3028,2020-05-06 03:00:00,<function <lambda> at 0x7fa4962879f0>,<function <lambda> at 0x7fa496287a90>,<function <lambda> at 0x7fa496287b30>
3029,2020-05-06 04:00:00,<function <lambda> at 0x7fa4962879f0>,<function <lambda> at 0x7fa496287a90>,<function <lambda> at 0x7fa496287b30>
3030,2020-05-06 05:00:00,<function <lambda> at 0x7fa4962879f0>,<function <lambda> at 0x7fa496287a90>,<function <lambda> at 0x7fa496287b30>
3031,2020-05-06 06:00:00,<function <lambda> at 0x7fa4962879f0>,<function <lambda> at 0x7fa496287a90>,<function <lambda> at 0x7fa496287b30>
3032,2020-05-06 07:00:00,<function <lambda> at 0x7fa4962879f0>,<function <lambda> at 0x7fa496287a90>,<function <lambda> at 0x7fa496287b30>
3033,2020-05-06 08:00:00,<function <lambda> at 0x7fa4962879f0>,<function <lambda> at 0x7fa496287a90>,<function <lambda> at 0x7fa496287b30>
3034,2020-05-06 09:00:00,<function <lambda> at 0x7fa4962879f0>,<function <lambda> at 0x7fa496287a90>,<function <lambda> at 0x7fa496287b30>
3035,2020-05-06 10:00:00,<function <lambda> at 0x7fa4962879f0>,<function <lambda> at 0x7fa496287a90>,<function <lambda> at 0x7fa496287b30>
3036,2020-05-06 11:00:00,<function <lambda> at 0x7fa4962879f0>,<function <lambda> at 0x7fa496287a90>,<function <lambda> at 0x7fa496287b30>
3037,2020-05-06 12:00:00,<function <lambda> at 0x7fa4962879f0>,<function <lambda> at 0x7fa496287a90>,<function <lambda> at 0x7fa496287b30>
3038,2020-05-06 13:00:00,<function <lambda> at 0x7fa4962879f0>,<function <lambda> at 0x7fa496287a90>,<function <lambda> at 0x7fa496287b30>
3039,2020-05-06 14:00:00,<function <lambda> at 0x7fa4962879f0>,<function <lambda> at 0x7fa496287a90>,<function <lambda> at 0x7fa496287b30>
3040,2020-05-06 15:00:00,<function <lambda> at 0x7fa4962879f0>,<function <lambda> at 0x7fa496287a90>,<function <lambda> at 0x7fa496287b30>
3041,2020-05-06 16:00:00,<function <lambda> at 0x7fa4962879f0>,<function <lambda> at 0x7fa496287a90>,<function <lambda> at 0x7fa496287b30>
3042,2020-05-06 17:00:00,<function <lambda> at 0x7fa4962879f0>,<function <lambda> at 0x7fa496287a90>,<function <lambda> at 0x7fa496287b30>
3043,2020-05-06 18:00:00,<function <lambda> at 0x7fa4962879f0>,<function <lambda> at 0x7fa496287a90>,<function <lambda> at 0x7fa496287b30>
3044,2020-05-06 19:00:00,<function <lambda> at 0x7fa4962879f0>,<function <lambda> at 0x7fa496287a90>,<function <lambda> at 0x7fa496287b30>
3045,2020-05-06 20:00:00,<function <lambda> at 0x7fa4962879f0>,<function <lambda> at 0x7fa496287a90>,<function <lambda> at 0x7fa496287b30>
3046,2020-05-06 21:00:00,<function <lambda> at 0x7fa4962879f0>,<function <lambda> at 0x7fa496287a90>,<function <lambda> at 0x7fa496287b30>
3047,2020-05-06 22:00:00,<function <lambda> at 0x7fa4962879f0>,<function <lambda> at 0x7fa496287a90>,<function <lambda> at 0x7fa496287b30>
3048,2020-05-06 23:00:00,<function <lambda> at 0x7fa4962879f0>,<function <lambda> at 0x7fa496287a90>,<function <lambda> at 0x7fa496287b30>
3049,2020-05-07 00:00:00,<function <lambda> at 0x7fa4962879f0>,<function <lambda> at 0x7fa496287a90>,<function <lambda> at 0x7fa496287b30>
3050,2020-05-07 01:00:00,<function <lambda> at 0x7fa4962879f0>,<function <lambda> at 0x7fa496287a90>,<function <lambda> at 0x7fa496287b30>
3051,2020-05-07 02:00:00,<function <lambda> at 0x7fa4962879f0>,<function <lambda> at 0x7fa496287a90>,<function <lambda> at 0x7fa496287b30>
3052,2020-05-07 03:00:00,<function <lambda> at 0x7fa4962879f0>,<function <lambda> at 0x7fa496287a90>,<function <lambda> at 0x7fa496287b30>
3053,2020-05-07 04:00:00,<function <lambda> at 0x7fa4962879f0>,<function <lambda> at 0x7fa496287a90>,<function <lambda> at 0x7fa496287b30>
3054,2020-05-07 05:00:00,<function <lambda> at 0x7fa4962879f0>,<function <lambda> at 0x7fa496287a90>,<function <lambda> at 0x7fa496287b30>
3055,2020-05-07 06:00:00,<function <lambda> at 0x7fa4962879f0>,<function <lambda> at 0x7fa496287a90>,<function <lambda> at 0x7fa496287b30>
3056,2020-05-07 07:00:00,<function <lambda> at 0x7fa4962879f0>,<function <lambda> at 0x7fa496287a90>,<function <lambda> at 0x7fa496287b30>
3057,2020-05-07 08:00:00,<function <lambda> at 0x7fa4962879f0>,<function <lambda> at 0x7fa496287a90>,<function <lambda> at 0x7fa496287b30>
3058,2020-05-07 09:00:00,<function <lambda> at 0x7fa4962879f0>,<function <lambda> at 0x7fa496287a90>,<function <lambda> at 0x7fa496287b30>
3059,2020-05-07 10:00:00,<function <lambda> at 0x7fa4962879f0>,<function <lambda> at 0x7fa496287a90>,<function <lambda> at 0x7fa496287b30>
3060,2020-05-07 11:00:00,<function <lambda> at 0x7fa4962879f0>,<function <lambda> at 0x7fa496287a90>,<function <lambda> at 0x7fa496287b30>
3061,2020-05-07 12:00:00,<function <lambda> at 0x7fa4962879f0>,<function <lambda> at 0x7fa496287a90>,<function <lambda> at 0x7fa496287b30>
3062,2020-05-07 13:00:00,<function <lambda> at 0x7fa4962879f0>,<function <lambda> at 0x7fa496287a90>,<function <lambda> at 0x7fa496287b30>
3063,2020-05-07 14:00:00,<function <lambda> at 0x7fa4962879f0>,<function <lambda> at 0x7fa496287a90>,<function <lambda> at 0x7fa496287b30>
3064,2020-05-07 15:00:00,<function <lambda> at 0x7fa4962879f0>,<function <lambda> at 0x7fa496287a90>,<function <lambda> at 0x7fa496287b30>
3065,2020-05-07 16:00:00,<function <lambda> at 0x7fa4962879f0>,<function <lambda> at 0x7fa496287a90>,<function <lambda> at 0x7fa496287b30>
3066,2020-05-07 17:00:00,<function <lambda> at 0x7fa4962879f0>,<function <lambda> at 0x7fa496287a90>,<function <lambda> at 0x7fa496287b30>
3067,2020-05-07 18:00:00,<function <lambda> at 0x7fa4962879f0>,<function <lambda> at 0x7fa496287a90>,<function <lambda> at 0x7fa496287b30>
3068,2020-05-07 19:00:00,<function <lambda> at 0x7fa4962879f0>,<function <lambda> at 0x7fa496287a90>,<function <lambda> at 0x7fa496287b30>
3069,2020-05-07 20:00:00,<function <lambda> at 0x7fa4962879f0>,<function <lambda> at 0x7fa496287a90>,<function <lambda> at 0x7fa496287b30>
3070,2020-05-07 21:00:00,<function <lambda> at 0x7fa4962879f0>,<function <lambda> at 0x7fa496287a90>,<function <lambda> at 0x7fa496287b30>
3071,2020-05-07 22:00:00,<function <lambda> at 0x7fa4962879f0>,<function <lambda> at 0x7fa496287a90>,<function <lambda> at 0x7fa496287b30>
3072,2020-05-07 23:00:00,<function <lambda> at 0x7fa4962879f0>,<function <lambda> at 0x7fa496287a90>,<function <lambda> at 0x7fa496287b30>
3073,2020-05-08 00:00:00,<function <lambda> at 0x7fa4962879f0>,<function <lambda> at 0x7fa496287a90>,<function <lambda> at 0x7fa496287b30>
3074,2020-05-08 01:00:00,<function <lambda> at 0x7fa4962879f0>,<function <lambda> at 0x7fa496287a90>,<function <lambda> at 0x7fa496287b30>
3075,2020-05-08 02:00:00,<function <lambda> at 0x7fa4962879f0>,<function <lambda> at 0x7fa496287a90>,<function <lambda> at 0x7fa496287b30>
3076,2020-05-08 03:00:00,<function <lambda> at 0x7fa4962879f0>,<function <lambda> at 0x7fa496287a90>,<function <lambda> at 0x7fa496287b30>
3077,2020-05-08 04:00:00,<function <lambda> at 0x7fa4962879f0>,<function <lambda> at 0x7fa496287a90>,<function <lambda> at 0x7fa496287b30>
3078,2020-05-08 05:00:00,<function <lambda> at 0x7fa4962879f0>,<function <lambda> at 0x7fa496287a90>,<function <lambda> at 0x7fa496287b30>
3079,2020-05-08 06:00:00,<function <lambda> at 0x7fa4962879f0>,<function <lambda> at 0x7fa496287a90>,<function <lambda> at 0x7fa496287b30>
3080,2020-05-08 07:00:00,<function <lambda> at 0x7fa4962879f0>,<function <lambda> at 0x7fa496287a90>,<function <lambda> at 0x7fa496287b30>
3081,2020-05-08 08:00:00,<function <lambda> at 0x7fa4962879f0>,<function <lambda> at 0x7fa496287a90>,<function <lambda> at 0x7fa496287b30>
3082,2020-05-08 09:00:00,<function <lambda> at 0x7fa4962879f0>,<function <lambda> at 0x7fa496287a90>,<function <lambda> at 0x7fa496287b30>
3083,2020-05-08 10:00:00,<function <lambda> at 0x7fa4962879f0>,<function <lambda> at 0x7fa496287a90>,<function <lambda> at 0x7fa496287b30>
3084,2020-05-08 11:00:00,<function <lambda> at 0x7fa4962879f0>,<function <lambda> at 0x7fa496287a90>,<function <lambda> at 0x7fa496287b30>
3085,2020-05-08 12:00:00,<function <lambda> at 0x7fa4962879f0>,<function <lambda> at 0x7fa496287a90>,<function <lambda> at 0x7fa496287b30>
3086,2020-05-08 13:00:00,<function <lambda> at 0x7fa4962879f0>,<function <lambda> at 0x7fa496287a90>,<function <lambda> at 0x7fa496287b30>
3087,2020-05-08 14:00:00,<function <lambda> at 0x7fa4962879f0>,<function <lambda> at 0x7fa496287a90>,<function <lambda> at 0x7fa496287b30>
3088,2020-05-08 15:00:00,<function <lambda> at 0x7fa4962879f0>,<function <lambda> at 0x7fa496287a90>,<function <lambda> at 0x7fa496287b30>
3089,2020-05-08 16:00:00,<function <lambda> at 0x7fa4962879f0>,<function <lambda> at 0x7fa496287a90>,<function <lambda> at 0x7fa496287b30>
3090,2020-05-08 17:00:00,<function <lambda> at 0x7fa4962879f0>,<function <lambda> at 0x7fa496287a90>,<function <lambda> at 0x7fa496287b30>
3091,2020-05-08 18:00:00,<function <lambda> at 0x7fa4962879f0>,<function <lambda> at 0x7fa496287a90>,<function <lambda> at 0x7fa496287b30>
3092,2020-05-08 19:00:00,<function <lambda> at 0x7fa4962879f0>,<function <lambda> at 0x7fa496287a90>,<function <lambda> at 0x7fa496287b30>
3093,2020-05-08 20:00:00,<function <lambda> at 0x7fa4962879f0>,<function <lambda> at 0x7fa496287a90>,<function <lambda> at 0x7fa496287b30>
3094,2020-05-08 21:00:00,<function <lambda> at 0x7fa4962879f0>,<function <lambda> at 0x7fa496287a90>,<function <lambda> at 0x7fa496287b30>
3095,2020-05-08 22:00:00,<function <lambda> at 0x7fa4962879f0>,<function <lambda> at 0x7fa496287a90>,<function <lambda> at 0x7fa496287b30>
3096,2020-05-08 23:00:00,<function <lambda> at 0x7fa4962879f0>,<function <lambda> at 0x7fa496287a90>,<function <lambda> at 0x7fa496287b30>
3097,2020-05-09 00:00:00,<function <lambda> at 0x7fa4962879f0>,<function <lambda> at 0x7fa496287a90>,<function <lambda> at 0x7fa496287b30>
3098,2020-05-09 01:00:00,<function <lambda> at 0x7fa4962879f0>,<function <lambda> at 0x7fa496287a90>,<function <lambda> at 0x7fa496287b30>
3099,2020-05-09 02:00:00,<function <lambda> at 0x7fa4962879f0>,<function <lambda> at 0x7fa496287a90>,<function <lambda> at 0x7fa496287b30>
3100,2020-05-09 03:00:00,<function <lambda> at 0x7fa4962879f0>,<function <lambda> at 0x7fa496287a90>,<function <lambda> at 0x7fa496287b30>
3101,2020-05-09 04:00:00,<function <lambda> at 0x7fa4962879f0>,<function <lambda> at 0x7fa496287a90>,<function <lambda> at 0x7fa496287b30>
3102,2020-05-09 05:00:00,<function <lambda> at 0x7fa4962879f0>,<function <lambda> at 0x7fa496287a90>,<function <lambda> at 0x7fa496287b30>
3103,2020-05-09 06:00:00,<function <lambda> at 0x7fa4962879f0>,<function <lambda> at 0x7fa496287a90>,<function <lambda> at 0x7fa496287b30>
3104,2020-05-09 07:00:00,<function <lambda> at 0x7fa4962879f0>,<function <lambda> at 0x7fa496287a90>,<function <lambda> at 0x7fa496287b30>
3105,2020-05-09 08:00:00,<function <lambda> at 0x7fa4962879f0>,<function <lambda> at 0x7fa496287a90>,<function <lambda> at 0x7fa496287b30>
3106,2020-05-09 09:00:00,<function <lambda> at 0x7fa4962879f0>,<function <lambda> at 0x7fa496287a90>,<function <lambda> at 0x7fa496287b30>
3107,2020-05-09 10:00:00,<function <lambda> at 0x7fa4962879f0>,<function <lambda> at 0x7fa496287a90>,<function <lambda> at 0x7fa496287b30>
3108,2020-05-09 11:00:00,<function <lambda> at 0x7fa4962879f0>,<function <lambda> at 0x7fa496287a90>,<function <lambda> at 0x7fa496287b30>
3109,2020-05-09 12:00:00,<function <lambda> at 0x7fa4962879f0>,<function <lambda> at 0x7fa496287a90>,<function <lambda> at 0x7fa496287b30>
3110,2020-05-09 13:00:00,<function <lambda> at 0x7fa4962879f0>,<function <lambda> at 0x7fa496287a90>,<function <lambda> at 0x7fa496287b30>
3111,2020-05-09 14:00:00,<function <lambda> at 0x7fa4962879f0>,<function <lambda> at 0x7fa496287a90>,<function <lambda> at 0x7fa496287b30>
3112,2020-05-09 15:00:00,<function <lambda> at 0x7fa4962879f0>,<function <lambda> at 0x7fa496287a90>,<function <lambda> at 0x7fa496287b30>
3113,2020-05-09 16:00:00,<function <lambda> at 0x7fa4962879f0>,<function <lambda> at 0x7fa496287a90>,<function <lambda> at 0x7fa496287b30>
3114,2020-05-09 17:00:00,<function <lambda> at 0x7fa4962879f0>,<function <lambda> at 0x7fa496287a90>,<function <lambda> at 0x7fa496287b30>
3115,2020-05-09 18:00:00,<function <lambda> at 0x7fa4962879f0>,<function <lambda> at 0x7fa496287a90>,<function <lambda> at 0x7fa496287b30>
3116,2020-05-09 19:00:00,<function <lambda> at 0x7fa4962879f0>,<function <lambda> at 0x7fa496287a90>,<function <lambda> at 0x7fa496287b30>
3117,2020-05-09 20:00:00,<function <lambda> at 0x7fa4962879f0>,<function <lambda> at 0x7fa496287a90>,<function <lambda> at 0x7fa496287b30>
3118,2020-05-09 21:00:00,<function <lambda> at 0x7fa4962879f0>,<function <lambda> at 0x7fa496287a90>,<function <lambda> at 0x7fa496287b30>
3119,2020-05-09 22:00:00,<function <lambda> at 0x7fa4962879f0>,<function <lambda> at 0x7fa496287a90>,<function <lambda> at 0x7fa496287b30>
3120,2020-05-09 23:00:00,<function <lambda> at 0x7fa4962879f0>,<function <lambda> at 0x7fa496287a90>,<function <lambda> at 0x7fa496287b30>
3121,2020-05-10 00:00:00,<function <lambda> at 0x7fa4962879f0>,<function <lambda> at 0x7fa496287a90>,<function <lambda> at 0x7fa496287b30>
3122,2020-05-10 01:00:00,<function <lambda> at 0x7fa4962879f0>,<function <lambda> at 0x7fa496287a90>,<function <lambda> at 0x7fa496287b30>
3123,2020-05-10 02:00:00,<function <lambda> at 0x7fa4962879f0>,<function <lambda> at 0x7fa496287a90>,<function <lambda> at 0x7fa496287b30>
3124,2020-05-10 03:00:00,<function <lambda> at 0x7fa4962879f0>,<function <lambda> at 0x7fa496287a90>,<function <lambda> at 0x7fa496287b30>
3125,2020-05-10 04:00:00,<function <lambda> at 0x7fa4962879f0>,<function <lambda> at 0x7fa496287a90>,<function <lambda> at 0x7fa496287b30>
3126,2020-05-10 05:00:00,<function <lambda> at 0x7fa4962879f0>,<function <lambda> at 0x7fa496287a90>,<function <lambda> at 0x7fa496287b30>
3127,2020-05-10 06:00:00,<function <lambda> at 0x7fa4962879f0>,<function <lambda> at 0x7fa496287a90>,<function <lambda> at 0x7fa496287b30>
3128,2020-05-10 07:00:00,<function <lambda> at 0x7fa4962879f0>,<function <lambda> at 0x7fa496287a90>,<function <lambda> at 0x7fa496287b30>
3129,2020-05-10 08:00:00,<function <lambda> at 0x7fa4962879f0>,<function <lambda> at 0x7fa496287a90>,<function <lambda> at 0x7fa496287b30>
3130,2020-05-10 09:00:00,<function <lambda> at 0x7fa4962879f0>,<function <lambda> at 0x7fa496287a90>,<function <lambda> at 0x7fa496287b30>
3131,2020-05-10 10:00:00,<function <lambda> at 0x7fa4962879f0>,<function <lambda> at 0x7fa496287a90>,<function <lambda> at 0x7fa496287b30>
3132,2020-05-10 11:00:00,<function <lambda> at 0x7fa4962879f0>,<function <lambda> at 0x7fa496287a90>,<function <lambda> at 0x7fa496287b30>
3133,2020-05-10 12:00:00,<function <lambda> at 0x7fa4962879f0>,<function <lambda> at 0x7fa496287a90>,<function <lambda> at 0x7fa496287b30>
3134,2020-05-10 13:00:00,<function <lambda> at 0x7fa4962879f0>,<function <lambda> at 0x7fa496287a90>,<function <lambda> at 0x7fa496287b30>
3135,2020-05-10 14:00:00,<function <lambda> at 0x7fa4962879f0>,<function <lambda> at 0x7fa496287a90>,<function <lambda> at 0x7fa496287b30>
3136,2020-05-10 15:00:00,<function <lambda> at 0x7fa4962879f0>,<function <lambda> at 0x7fa496287a90>,<function <lambda> at 0x7fa496287b30>
3137,2020-05-10 16:00:00,<function <lambda> at 0x7fa4962879f0>,<function <lambda> at 0x7fa496287a90>,<function <lambda> at 0x7fa496287b30>
3138,2020-05-10 17:00:00,<function <lambda> at 0x7fa4962879f0>,<function <lambda> at 0x7fa496287a90>,<function <lambda> at 0x7fa496287b30>
3139,2020-05-10 18:00:00,<function <lambda> at 0x7fa4962879f0>,<function <lambda> at 0x7fa496287a90>,<function <lambda> at 0x7fa496287b30>
3140,2020-05-10 19:00:00,<function <lambda> at 0x7fa4962879f0>,<function <lambda> at 0x7fa496287a90>,<function <lambda> at 0x7fa496287b30>
3141,2020-05-10 20:00:00,<function <lambda> at 0x7fa4962879f0>,<function <lambda> at 0x7fa496287a90>,<function <lambda> at 0x7fa496287b30>
3142,2020-05-10 21:00:00,<function <lambda> at 0x7fa4962879f0>,<function <lambda> at 0x7fa496287a90>,<function <lambda> at 0x7fa496287b30>
3143,2020-05-10 22:00:00,<function <lambda> at 0x7fa4962879f0>,<function <lambda> at 0x7fa496287a90>,<function <lambda> at 0x7fa496287b30>
3144,2020-05-10 23:00:00,<function <lambda> at 0x7fa4962879f0>,<function <lambda> at 0x7fa496287a90>,<function <lambda> at 0x7fa496287b30>
3145,2020-05-11 00:00:00,<function <lambda> at 0x7fa4962879f0>,<function <lambda> at 0x7fa496287a90>,<function <lambda> at 0x7fa496287b30>
3146,2020-05-11 01:00:00,<function <lambda> at 0x7fa4962879f0>,<function <lambda> at 0x7fa496287a90>,<function <lambda> at 0x7fa496287b30>
3147,2020-05-11 02:00:00,<function <lambda> at 0x7fa4962879f0>,<function <lambda> at 0x7fa496287a90>,<function <lambda> at 0x7fa496287b30>
3148,2020-05-11 03:00:00,<function <lambda> at 0x7fa4962879f0>,<function <lambda> at 0x7fa496287a90>,<function <lambda> at 0x7fa496287b30>
3149,2020-05-11 04:00:00,<function <lambda> at 0x7fa4962879f0>,<function <lambda> at 0x7fa496287a90>,<function <lambda> at 0x7fa496287b30>
3150,2020-05-11 05:00:00,<function <lambda> at 0x7fa4962879f0>,<function <lambda> at 0x7fa496287a90>,<function <lambda> at 0x7fa496287b30>
3151,2020-05-11 06:00:00,<function <lambda> at 0x7fa4962879f0>,<function <lambda> at 0x7fa496287a90>,<function <lambda> at 0x7fa496287b30>
3152,2020-05-11 07:00:00,<function <lambda> at 0x7fa4962879f0>,<function <lambda> at 0x7fa496287a90>,<function <lambda> at 0x7fa496287b30>
3153,2020-05-11 08:00:00,<function <lambda> at 0x7fa4962879f0>,<function <lambda> at 0x7fa496287a90>,<function <lambda> at 0x7fa496287b30>
3154,2020-05-11 09:00:00,<function <lambda> at 0x7fa4962879f0>,<function <lambda> at 0x7fa496287a90>,<function <lambda> at 0x7fa496287b30>
3155,2020-05-11 10:00:00,<function <lambda> at 0x7fa4962879f0>,<function <lambda> at 0x7fa496287a90>,<function <lambda> at 0x7fa496287b30>
3156,2020-05-11 11:00:00,<function <lambda> at 0x7fa4962879f0>,<function <lambda> at 0x7fa496287a90>,<function <lambda> at 0x7fa496287b30>
3157,2020-05-11 12:00:00,<function <lambda> at 0x7fa4962879f0>,<function <lambda> at 0x7fa496287a90>,<function <lambda> at 0x7fa496287b30>
3158,2020-05-11 13:00:00,<function <lambda> at 0x7fa4962879f0>,<function <lambda> at 0x7fa496287a90>,<function <lambda> at 0x7fa496287b30>
3159,2020-05-11 14:00:00,<function <lambda> at 0x7fa4962879f0>,<function <lambda> at 0x7fa496287a90>,<function <lambda> at 0x7fa496287b30>
3160,2020-05-11 15:00:00,<function <lambda> at 0x7fa4962879f0>,<function <lambda> at 0x7fa496287a90>,<function <lambda> at 0x7fa496287b30>
3161,2020-05-11 16:00:00,<function <lambda> at 0x7fa4962879f0>,<function <lambda> at 0x7fa496287a90>,<function <lambda> at 0x7fa496287b30>
3162,2020-05-11 17:00:00,<function <lambda> at 0x7fa4962879f0>,<function <lambda> at 0x7fa496287a90>,<function <lambda> at 0x7fa496287b30>
3163,2020-05-11 18:00:00,<function <lambda> at 0x7fa4962879f0>,<function <lambda> at 0x7fa496287a90>,<function <lambda> at 0x7fa496287b30>
3164,2020-05-11 19:00:00,<function <lambda> at 0x7fa4962879f0>,<function <lambda> at 0x7fa496287a90>,<function <lambda> at 0x7fa496287b30>
3165,2020-05-11 20:00:00,<function <lambda> at 0x7fa4962879f0>,<function <lambda> at 0x7fa496287a90>,<function <lambda> at 0x7fa496287b30>
3166,2020-05-11 21:00:00,<function <lambda> at 0x7fa4962879f0>,<function <lambda> at 0x7fa496287a90>,<function <lambda> at 0x7fa496287b30>
3167,2020-05-11 22:00:00,<function <lambda> at 0x7fa4962879f0>,<function <lambda> at 0x7fa496287a90>,<function <lambda> at 0x7fa496287b30>
3168,2020-05-11 23:00:00,<function <lambda> at 0x7fa4962879f0>,<function <lambda> at 0x7fa496287a90>,<function <lambda> at 0x7fa496287b30>
3169,2020-05-12 00:00:00,<function <lambda> at 0x7fa4962879f0>,<function <lambda> at 0x7fa496287a90>,<function <lambda> at 0x7fa496287b30>
3170,2020-05-12 01:00:00,<function <lambda> at 0x7fa4962879f0>,<function <lambda> at 0x7fa496287a90>,<function <lambda> at 0x7fa496287b30>
3171,2020-05-12 02:00:00,<function <lambda> at 0x7fa4962879f0>,<function <lambda> at 0x7fa496287a90>,<function <lambda> at 0x7fa496287b30>
3172,2020-05-12 03:00:00,<function <lambda> at 0x7fa4962879f0>,<function <lambda> at 0x7fa496287a90>,<function <lambda> at 0x7fa496287b30>
3173,2020-05-12 04:00:00,<function <lambda> at 0x7fa4962879f0>,<function <lambda> at 0x7fa496287a90>,<function <lambda> at 0x7fa496287b30>
3174,2020-05-12 05:00:00,<function <lambda> at 0x7fa4962879f0>,<function <lambda> at 0x7fa496287a90>,<function <lambda> at 0x7fa496287b30>
3175,2020-05-12 06:00:00,<function <lambda> at 0x7fa4962879f0>,<function <lambda> at 0x7fa496287a90>,<function <lambda> at 0x7fa496287b30>
3176,2020-05-12 07:00:00,<function <lambda> at 0x7fa4962879f0>,<function <lambda> at 0x7fa496287a90>,<function <lambda> at 0x7fa496287b30>
3177,2020-05-12 08:00:00,<function <lambda> at 0x7fa4962879f0>,<function <lambda> at 0x7fa496287a90>,<function <lambda> at 0x7fa496287b30>
3178,2020-05-12 09:00:00,<function <lambda> at 0x7fa4962879f0>,<function <lambda> at 0x7fa496287a90>,<function <lambda> at 0x7fa496287b30>
3179,2020-05-12 10:00:00,<function <lambda> at 0x7fa4962879f0>,<function <lambda> at 0x7fa496287a90>,<function <lambda> at 0x7fa496287b30>
3180,2020-05-12 11:00:00,<function <lambda> at 0x7fa4962879f0>,<function <lambda> at 0x7fa496287a90>,<function <lambda> at 0x7fa496287b30>
3181,2020-05-12 12:00:00,<function <lambda> at 0x7fa4962879f0>,<function <lambda> at 0x7fa496287a90>,<function <lambda> at 0x7fa496287b30>
3182,2020-05-12 13:00:00,<function <lambda> at 0x7fa4962879f0>,<function <lambda> at 0x7fa496287a90>,<function <lambda> at 0x7fa496287b30>
3183,2020-05-12 14:00:00,<function <lambda> at 0x7fa4962879f0>,<function <lambda> at 0x7fa496287a90>,<function <lambda> at 0x7fa496287b30>
3184,2020-05-12 15:00:00,<function <lambda> at 0x7fa4962879f0>,<function <lambda> at 0x7fa496287a90>,<function <lambda> at 0x7fa496287b30>
3185,2020-05-12 16:00:00,<function <lambda> at 0x7fa4962879f0>,<function <lambda> at 0x7fa496287a90>,<function <lambda> at 0x7fa496287b30>
3186,2020-05-12 17:00:00,<function <lambda> at 0x7fa4962879f0>,<function <lambda> at 0x7fa496287a90>,<function <lambda> at 0x7fa496287b30>
3187,2020-05-12 18:00:00,<function <lambda> at 0x7fa4962879f0>,<function <lambda> at 0x7fa496287a90>,<function <lambda> at 0x7fa496287b30>
3188,2020-05-12 19:00:00,<function <lambda> at 0x7fa4962879f0>,<function <lambda> at 0x7fa496287a90>,<function <lambda> at 0x7fa496287b30>
3189,2020-05-12 20:00:00,<function <lambda> at 0x7fa4962879f0>,<function <lambda> at 0x7fa496287a90>,<function <lambda> at 0x7fa496287b30>
3190,2020-05-12 21:00:00,<function <lambda> at 0x7fa4962879f0>,<function <lambda> at 0x7fa496287a90>,<function <lambda> at 0x7fa496287b30>
3191,2020-05-12 22:00:00,<function <lambda> at 0x7fa4962879f0>,<function <lambda> at 0x7fa496287a90>,<function <lambda> at 0x7fa496287b30>
3192,2020-05-12 23:00:00,<function <lambda> at 0x7fa4962879f0>,<function <lambda> at 0x7fa496287a90>,<function <lambda> at 0x7fa496287b30>
3193,2020-05-13 00:00:00,<function <lambda> at 0x7fa4962879f0>,<function <lambda> at 0x7fa496287a90>,<function <lambda> at 0x7fa496287b30>
3194,2020-05-13 01:00:00,<function <lambda> at 0x7fa4962879f0>,<function <lambda> at 0x7fa496287a90>,<function <lambda> at 0x7fa496287b30>
3195,2020-05-13 02:00:00,<function <lambda> at 0x7fa4962879f0>,<function <lambda> at 0x7fa496287a90>,<function <lambda> at 0x7fa496287b30>
3196,2020-05-13 03:00:00,<function <lambda> at 0x7fa4962879f0>,<function <lambda> at 0x7fa496287a90>,<function <lambda> at 0x7fa496287b30>
3197,2020-05-13 04:00:00,<function <lambda> at 0x7fa4962879f0>,<function <lambda> at 0x7fa496287a90>,<function <lambda> at 0x7fa496287b30>
3198,2020-05-13 05:00:00,<function <lambda> at 0x7fa4962879f0>,<function <lambda> at 0x7fa496287a90>,<function <lambda> at 0x7fa496287b30>
3199,2020-05-13 06:00:00,<function <lambda> at 0x7fa4962879f0>,<function <lambda> at 0x7fa496287a90>,<function <lambda> at 0x7fa496287b30>
3200,2020-05-13 07:00:00,<function <lambda> at 0x7fa4962879f0>,<function <lambda> at 0x7fa496287a90>,<function <lambda> at 0x7fa496287b30>
3201,2020-05-13 08:00:00,<function <lambda> at 0x7fa4962879f0>,<function <lambda> at 0x7fa496287a90>,<function <lambda> at 0x7fa496287b30>
3202,2020-05-13 09:00:00,<function <lambda> at 0x7fa4962879f0>,<function <lambda> at 0x7fa496287a90>,<function <lambda> at 0x7fa496287b30>
3203,2020-05-13 10:00:00,<function <lambda> at 0x7fa4962879f0>,<function <lambda> at 0x7fa496287a90>,<function <lambda> at 0x7fa496287b30>
3204,2020-05-13 11:00:00,<function <lambda> at 0x7fa4962879f0>,<function <lambda> at 0x7fa496287a90>,<function <lambda> at 0x7fa496287b30>
3205,2020-05-13 12:00:00,<function <lambda> at 0x7fa4962879f0>,<function <lambda> at 0x7fa496287a90>,<function <lambda> at 0x7fa496287b30>
3206,2020-05-13 13:00:00,<function <lambda> at 0x7fa4962879f0>,<function <lambda> at 0x7fa496287a90>,<function <lambda> at 0x7fa496287b30>
3207,2020-05-13 14:00:00,<function <lambda> at 0x7fa4962879f0>,<function <lambda> at 0x7fa496287a90>,<function <lambda> at 0x7fa496287b30>
3208,2020-05-13 15:00:00,<function <lambda> at 0x7fa4962879f0>,<function <lambda> at 0x7fa496287a90>,<function <lambda> at 0x7fa496287b30>
3209,2020-05-13 16:00:00,<function <lambda> at 0x7fa4962879f0>,<function <lambda> at 0x7fa496287a90>,<function <lambda> at 0x7fa496287b30>
3210,2020-05-13 17:00:00,<function <lambda> at 0x7fa4962879f0>,<function <lambda> at 0x7fa496287a90>,<function <lambda> at 0x7fa496287b30>
3211,2020-05-13 18:00:00,<function <lambda> at 0x7fa4962879f0>,<function <lambda> at 0x7fa496287a90>,<function <lambda> at 0x7fa496287b30>
3212,2020-05-13 19:00:00,<function <lambda> at 0x7fa4962879f0>,<function <lambda> at 0x7fa496287a90>,<function <lambda> at 0x7fa496287b30>
3213,2020-05-13 20:00:00,<function <lambda> at 0x7fa4962879f0>,<function <lambda> at 0x7fa496287a90>,<function <lambda> at 0x7fa496287b30>
3214,2020-05-13 21:00:00,<function <lambda> at 0x7fa4962879f0>,<function <lambda> at 0x7fa496287a90>,<function <lambda> at 0x7fa496287b30>
3215,2020-05-13 22:00:00,<function <lambda> at 0x7fa4962879f0>,<function <lambda> at 0x7fa496287a90>,<function <lambda> at 0x7fa496287b30>
3216,2020-05-13 23:00:00,<function <lambda> at 0x7fa4962879f0>,<function <lambda> at 0x7fa496287a90>,<function <lambda> at 0x7fa496287b30>
3217,2020-05-14 00:00:00,<function <lambda> at 0x7fa4962879f0>,<function <lambda> at 0x7fa496287a90>,<function <lambda> at 0x7fa496287b30>
3218,2020-05-14 01:00:00,<function <lambda> at 0x7fa4962879f0>,<function <lambda> at 0x7fa496287a90>,<function <lambda> at 0x7fa496287b30>
3219,2020-05-14 02:00:00,<function <lambda> at 0x7fa4962879f0>,<function <lambda> at 0x7fa496287a90>,<function <lambda> at 0x7fa496287b30>
3220,2020-05-14 03:00:00,<function <lambda> at 0x7fa4962879f0>,<function <lambda> at 0x7fa496287a90>,<function <lambda> at 0x7fa496287b30>
3221,2020-05-14 04:00:00,<function <lambda> at 0x7fa4962879f0>,<function <lambda> at 0x7fa496287a90>,<function <lambda> at 0x7fa496287b30>
3222,2020-05-14 05:00:00,<function <lambda> at 0x7fa4962879f0>,<function <lambda> at 0x7fa496287a90>,<function <lambda> at 0x7fa496287b30>
3223,2020-05-14 06:00:00,<function <lambda> at 0x7fa4962879f0>,<function <lambda> at 0x7fa496287a90>,<function <lambda> at 0x7fa496287b30>
3224,2020-05-14 07:00:00,<function <lambda> at 0x7fa4962879f0>,<function <lambda> at 0x7fa496287a90>,<function <lambda> at 0x7fa496287b30>
3225,2020-05-14 08:00:00,<function <lambda> at 0x7fa4962879f0>,<function <lambda> at 0x7fa496287a90>,<function <lambda> at 0x7fa496287b30>
3226,2020-05-14 09:00:00,<function <lambda> at 0x7fa4962879f0>,<function <lambda> at 0x7fa496287a90>,<function <lambda> at 0x7fa496287b30>
3227,2020-05-14 10:00:00,<function <lambda> at 0x7fa4962879f0>,<function <lambda> at 0x7fa496287a90>,<function <lambda> at 0x7fa496287b30>
3228,2020-05-14 11:00:00,<function <lambda> at 0x7fa4962879f0>,<function <lambda> at 0x7fa496287a90>,<function <lambda> at 0x7fa496287b30>
3229,2020-05-14 12:00:00,<function <lambda> at 0x7fa4962879f0>,<function <lambda> at 0x7fa496287a90>,<function <lambda> at 0x7fa496287b30>
3230,2020-05-14 13:00:00,<function <lambda> at 0x7fa4962879f0>,<function <lambda> at 0x7fa496287a90>,<function <lambda> at 0x7fa496287b30>
3231,2020-05-14 14:00:00,<function <lambda> at 0x7fa4962879f0>,<function <lambda> at 0x7fa496287a90>,<function <lambda> at 0x7fa496287b30>
3232,2020-05-14 15:00:00,<function <lambda> at 0x7fa4962879f0>,<function <lambda> at 0x7fa496287a90>,<function <lambda> at 0x7fa496287b30>
3233,2020-05-14 16:00:00,<function <lambda> at 0x7fa4962879f0>,<function <lambda> at 0x7fa496287a90>,<function <lambda> at 0x7fa496287b30>
3234,2020-05-14 17:00:00,<function <lambda> at 0x7fa4962879f0>,<function <lambda> at 0x7fa496287a90>,<function <lambda> at 0x7fa496287b30>
3235,2020-05-14 18:00:00,<function <lambda> at 0x7fa4962879f0>,<function <lambda> at 0x7fa496287a90>,<function <lambda> at 0x7fa496287b30>
3236,2020-05-14 19:00:00,<function <lambda> at 0x7fa4962879f0>,<function <lambda> at 0x7fa496287a90>,<function <lambda> at 0x7fa496287b30>
3237,2020-05-14 20:00:00,<function <lambda> at 0x7fa4962879f0>,<function <lambda> at 0x7fa496287a90>,<function <lambda> at 0x7fa496287b30>
3238,2020-05-14 21:00:00,<function <lambda> at 0x7fa4962879f0>,<function <lambda> at 0x7fa496287a90>,<function <lambda> at 0x7fa496287b30>
3239,2020-05-14 22:00:00,<function <lambda> at 0x7fa4962879f0>,<function <lambda> at 0x7fa496287a90>,<function <lambda> at 0x7fa496287b30>
3240,2020-05-14 23:00:00,<function <lambda> at 0x7fa4962879f0>,<function <lambda> at 0x7fa496287a90>,<function <lambda> at 0x7fa496287b30>
3241,2020-05-15 00:00:00,<function <lambda> at 0x7fa4962879f0>,<function <lambda> at 0x7fa496287a90>,<function <lambda> at 0x7fa496287b30>
3242,2020-05-15 01:00:00,<function <lambda> at 0x7fa4962879f0>,<function <lambda> at 0x7fa496287a90>,<function <lambda> at 0x7fa496287b30>
3243,2020-05-15 02:00:00,<function <lambda> at 0x7fa4962879f0>,<function <lambda> at 0x7fa496287a90>,<function <lambda> at 0x7fa496287b30>
3244,2020-05-15 03:00:00,<function <lambda> at 0x7fa4962879f0>,<function <lambda> at 0x7fa496287a90>,<function <lambda> at 0x7fa496287b30>
3245,2020-05-15 04:00:00,<function <lambda> at 0x7fa4962879f0>,<function <lambda> at 0x7fa496287a90>,<function <lambda> at 0x7fa496287b30>
3246,2020-05-15 05:00:00,<function <lambda> at 0x7fa4962879f0>,<function <lambda> at 0x7fa496287a90>,<function <lambda> at 0x7fa496287b30>
3247,2020-05-15 06:00:00,<function <lambda> at 0x7fa4962879f0>,<function <lambda> at 0x7fa496287a90>,<function <lambda> at 0x7fa496287b30>
3248,2020-05-15 07:00:00,<function <lambda> at 0x7fa4962879f0>,<function <lambda> at 0x7fa496287a90>,<function <lambda> at 0x7fa496287b30>
3249,2020-05-15 08:00:00,<function <lambda> at 0x7fa4962879f0>,<function <lambda> at 0x7fa496287a90>,<function <lambda> at 0x7fa496287b30>
3250,2020-05-15 09:00:00,<function <lambda> at 0x7fa4962879f0>,<function <lambda> at 0x7fa496287a90>,<function <lambda> at 0x7fa496287b30>
3251,2020-05-15 10:00:00,<function <lambda> at 0x7fa4962879f0>,<function <lambda> at 0x7fa496287a90>,<function <lambda> at 0x7fa496287b30>
3252,2020-05-15 11:00:00,<function <lambda> at 0x7fa4962879f0>,<function <lambda> at 0x7fa496287a90>,<function <lambda> at 0x7fa496287b30>
3253,2020-05-15 12:00:00,<function <lambda> at 0x7fa4962879f0>,<function <lambda> at 0x7fa496287a90>,<function <lambda> at 0x7fa496287b30>
3254,2020-05-15 13:00:00,<function <lambda> at 0x7fa4962879f0>,<function <lambda> at 0x7fa496287a90>,<function <lambda> at 0x7fa496287b30>
3255,2020-05-15 14:00:00,<function <lambda> at 0x7fa4962879f0>,<function <lambda> at 0x7fa496287a90>,<function <lambda> at 0x7fa496287b30>
3256,2020-05-15 15:00:00,<function <lambda> at 0x7fa4962879f0>,<function <lambda> at 0x7fa496287a90>,<function <lambda> at 0x7fa496287b30>
3257,2020-05-15 16:00:00,<function <lambda> at 0x7fa4962879f0>,<function <lambda> at 0x7fa496287a90>,<function <lambda> at 0x7fa496287b30>
3258,2020-05-15 17:00:00,<function <lambda> at 0x7fa4962879f0>,<function <lambda> at 0x7fa496287a90>,<function <lambda> at 0x7fa496287b30>
3259,2020-05-15 18:00:00,<function <lambda> at 0x7fa4962879f0>,<function <lambda> at 0x7fa496287a90>,<function <lambda> at 0x7fa496287b30>
3260,2020-05-15 19:00:00,<function <lambda> at 0x7fa4962879f0>,<function <lambda> at 0x7fa496287a90>,<function <lambda> at 0x7fa496287b30>
3261,2020-05-15 20:00:00,<function <lambda> at 0x7fa4962879f0>,<function <lambda> at 0x7fa496287a90>,<function <lambda> at 0x7fa496287b30>
3262,2020-05-15 21:00:00,<function <lambda> at 0x7fa4962879f0>,<function <lambda> at 0x7fa496287a90>,<function <lambda> at 0x7fa496287b30>
3263,2020-05-15 22:00:00,<function <lambda> at 0x7fa4962879f0>,<function <lambda> at 0x7fa496287a90>,<function <lambda> at 0x7fa496287b30>
3264,2020-05-15 23:00:00,<function <lambda> at 0x7fa4962879f0>,<function <lambda> at 0x7fa496287a90>,<function <lambda> at 0x7fa496287b30>
3265,2020-05-16 00:00:00,<function <lambda> at 0x7fa4962879f0>,<function <lambda> at 0x7fa496287a90>,<function <lambda> at 0x7fa496287b30>
3266,2020-05-16 01:00:00,<function <lambda> at 0x7fa4962879f0>,<function <lambda> at 0x7fa496287a90>,<function <lambda> at 0x7fa496287b30>
3267,2020-05-16 02:00:00,<function <lambda> at 0x7fa4962879f0>,<function <lambda> at 0x7fa496287a90>,<function <lambda> at 0x7fa496287b30>
3268,2020-05-16 03:00:00,<function <lambda> at 0x7fa4962879f0>,<function <lambda> at 0x7fa496287a90>,<function <lambda> at 0x7fa496287b30>
3269,2020-05-16 04:00:00,<function <lambda> at 0x7fa4962879f0>,<function <lambda> at 0x7fa496287a90>,<function <lambda> at 0x7fa496287b30>
3270,2020-05-16 05:00:00,<function <lambda> at 0x7fa4962879f0>,<function <lambda> at 0x7fa496287a90>,<function <lambda> at 0x7fa496287b30>
3271,2020-05-16 06:00:00,<function <lambda> at 0x7fa4962879f0>,<function <lambda> at 0x7fa496287a90>,<function <lambda> at 0x7fa496287b30>
3272,2020-05-16 07:00:00,<function <lambda> at 0x7fa4962879f0>,<function <lambda> at 0x7fa496287a90>,<function <lambda> at 0x7fa496287b30>
3273,2020-05-16 08:00:00,<function <lambda> at 0x7fa4962879f0>,<function <lambda> at 0x7fa496287a90>,<function <lambda> at 0x7fa496287b30>
3274,2020-05-16 09:00:00,<function <lambda> at 0x7fa4962879f0>,<function <lambda> at 0x7fa496287a90>,<function <lambda> at 0x7fa496287b30>
3275,2020-05-16 10:00:00,<function <lambda> at 0x7fa4962879f0>,<function <lambda> at 0x7fa496287a90>,<function <lambda> at 0x7fa496287b30>
3276,2020-05-16 11:00:00,<function <lambda> at 0x7fa4962879f0>,<function <lambda> at 0x7fa496287a90>,<function <lambda> at 0x7fa496287b30>
3277,2020-05-16 12:00:00,<function <lambda> at 0x7fa4962879f0>,<function <lambda> at 0x7fa496287a90>,<function <lambda> at 0x7fa496287b30>
3278,2020-05-16 13:00:00,<function <lambda> at 0x7fa4962879f0>,<function <lambda> at 0x7fa496287a90>,<function <lambda> at 0x7fa496287b30>
3279,2020-05-16 14:00:00,<function <lambda> at 0x7fa4962879f0>,<function <lambda> at 0x7fa496287a90>,<function <lambda> at 0x7fa496287b30>
3280,2020-05-16 15:00:00,<function <lambda> at 0x7fa4962879f0>,<function <lambda> at 0x7fa496287a90>,<function <lambda> at 0x7fa496287b30>
3281,2020-05-16 16:00:00,<function <lambda> at 0x7fa4962879f0>,<function <lambda> at 0x7fa496287a90>,<function <lambda> at 0x7fa496287b30>
3282,2020-05-16 17:00:00,<function <lambda> at 0x7fa4962879f0>,<function <lambda> at 0x7fa496287a90>,<function <lambda> at 0x7fa496287b30>
3283,2020-05-16 18:00:00,<function <lambda> at 0x7fa4962879f0>,<function <lambda> at 0x7fa496287a90>,<function <lambda> at 0x7fa496287b30>
3284,2020-05-16 19:00:00,<function <lambda> at 0x7fa4962879f0>,<function <lambda> at 0x7fa496287a90>,<function <lambda> at 0x7fa496287b30>
3285,2020-05-16 20:00:00,<function <lambda> at 0x7fa4962879f0>,<function <lambda> at 0x7fa496287a90>,<function <lambda> at 0x7fa496287b30>
3286,2020-05-16 21:00:00,<function <lambda> at 0x7fa4962879f0>,<function <lambda> at 0x7fa496287a90>,<function <lambda> at 0x7fa496287b30>
3287,2020-05-16 22:00:00,<function <lambda> at 0x7fa4962879f0>,<function <lambda> at 0x7fa496287a90>,<function <lambda> at 0x7fa496287b30>
3288,2020-05-16 23:00:00,<function <lambda> at 0x7fa4962879f0>,<function <lambda> at 0x7fa496287a90>,<function <lambda> at 0x7fa496287b30>
3289,2020-05-17 00:00:00,<function <lambda> at 0x7fa4962879f0>,<function <lambda> at 0x7fa496287a90>,<function <lambda> at 0x7fa496287b30>
3290,2020-05-17 01:00:00,<function <lambda> at 0x7fa4962879f0>,<function <lambda> at 0x7fa496287a90>,<function <lambda> at 0x7fa496287b30>
3291,2020-05-17 02:00:00,<function <lambda> at 0x7fa4962879f0>,<function <lambda> at 0x7fa496287a90>,<function <lambda> at 0x7fa496287b30>
3292,2020-05-17 03:00:00,<function <lambda> at 0x7fa4962879f0>,<function <lambda> at 0x7fa496287a90>,<function <lambda> at 0x7fa496287b30>
3293,2020-05-17 04:00:00,<function <lambda> at 0x7fa4962879f0>,<function <lambda> at 0x7fa496287a90>,<function <lambda> at 0x7fa496287b30>
3294,2020-05-17 05:00:00,<function <lambda> at 0x7fa4962879f0>,<function <lambda> at 0x7fa496287a90>,<function <lambda> at 0x7fa496287b30>
3295,2020-05-17 06:00:00,<function <lambda> at 0x7fa4962879f0>,<function <lambda> at 0x7fa496287a90>,<function <lambda> at 0x7fa496287b30>
3296,2020-05-17 07:00:00,<function <lambda> at 0x7fa4962879f0>,<function <lambda> at 0x7fa496287a90>,<function <lambda> at 0x7fa496287b30>
3297,2020-05-17 08:00:00,<function <lambda> at 0x7fa4962879f0>,<function <lambda> at 0x7fa496287a90>,<function <lambda> at 0x7fa496287b30>
3298,2020-05-17 09:00:00,<function <lambda> at 0x7fa4962879f0>,<function <lambda> at 0x7fa496287a90>,<function <lambda> at 0x7fa496287b30>
3299,2020-05-17 10:00:00,<function <lambda> at 0x7fa4962879f0>,<function <lambda> at 0x7fa496287a90>,<function <lambda> at 0x7fa496287b30>
3300,2020-05-17 11:00:00,<function <lambda> at 0x7fa4962879f0>,<function <lambda> at 0x7fa496287a90>,<function <lambda> at 0x7fa496287b30>
3301,2020-05-17 12:00:00,<function <lambda> at 0x7fa4962879f0>,<function <lambda> at 0x7fa496287a90>,<function <lambda> at 0x7fa496287b30>
3302,2020-05-17 13:00:00,<function <lambda> at 0x7fa4962879f0>,<function <lambda> at 0x7fa496287a90>,<function <lambda> at 0x7fa496287b30>
3303,2020-05-17 14:00:00,<function <lambda> at 0x7fa4962879f0>,<function <lambda> at 0x7fa496287a90>,<function <lambda> at 0x7fa496287b30>
3304,2020-05-17 15:00:00,<function <lambda> at 0x7fa4962879f0>,<function <lambda> at 0x7fa496287a90>,<function <lambda> at 0x7fa496287b30>
3305,2020-05-17 16:00:00,<function <lambda> at 0x7fa4962879f0>,<function <lambda> at 0x7fa496287a90>,<function <lambda> at 0x7fa496287b30>
3306,2020-05-17 17:00:00,<function <lambda> at 0x7fa4962879f0>,<function <lambda> at 0x7fa496287a90>,<function <lambda> at 0x7fa496287b30>
3307,2020-05-17 18:00:00,<function <lambda> at 0x7fa4962879f0>,<function <lambda> at 0x7fa496287a90>,<function <lambda> at 0x7fa496287b30>
3308,2020-05-17 19:00:00,<function <lambda> at 0x7fa4962879f0>,<function <lambda> at 0x7fa496287a90>,<function <lambda> at 0x7fa496287b30>
3309,2020-05-17 20:00:00,<function <lambda> at 0x7fa4962879f0>,<function <lambda> at 0x7fa496287a90>,<function <lambda> at 0x7fa496287b30>
3310,2020-05-17 21:00:00,<function <lambda> at 0x7fa4962879f0>,<function <lambda> at 0x7fa496287a90>,<function <lambda> at 0x7fa496287b30>
3311,2020-05-17 22:00:00,<function <lambda> at 0x7fa4962879f0>,<function <lambda> at 0x7fa496287a90>,<function <lambda> at 0x7fa496287b30>
3312,2020-05-17 23:00:00,<function <lambda> at 0x7fa4962879f0>,<function <lambda> at 0x7fa496287a90>,<function <lambda> at 0x7fa496287b30>
3313,2020-05-18 00:00:00,<function <lambda> at 0x7fa4962879f0>,<function <lambda> at 0x7fa496287a90>,<function <lambda> at 0x7fa496287b30>
3314,2020-05-18 01:00:00,<function <lambda> at 0x7fa4962879f0>,<function <lambda> at 0x7fa496287a90>,<function <lambda> at 0x7fa496287b30>
3315,2020-05-18 02:00:00,<function <lambda> at 0x7fa4962879f0>,<function <lambda> at 0x7fa496287a90>,<function <lambda> at 0x7fa496287b30>
3316,2020-05-18 03:00:00,<function <lambda> at 0x7fa4962879f0>,<function <lambda> at 0x7fa496287a90>,<function <lambda> at 0x7fa496287b30>
3317,2020-05-18 04:00:00,<function <lambda> at 0x7fa4962879f0>,<function <lambda> at 0x7fa496287a90>,<function <lambda> at 0x7fa496287b30>
3318,2020-05-18 05:00:00,<function <lambda> at 0x7fa4962879f0>,<function <lambda> at 0x7fa496287a90>,<function <lambda> at 0x7fa496287b30>
3319,2020-05-18 06:00:00,<function <lambda> at 0x7fa4962879f0>,<function <lambda> at 0x7fa496287a90>,<function <lambda> at 0x7fa496287b30>
3320,2020-05-18 07:00:00,<function <lambda> at 0x7fa4962879f0>,<function <lambda> at 0x7fa496287a90>,<function <lambda> at 0x7fa496287b30>
3321,2020-05-18 08:00:00,<function <lambda> at 0x7fa4962879f0>,<function <lambda> at 0x7fa496287a90>,<function <lambda> at 0x7fa496287b30>
3322,2020-05-18 09:00:00,<function <lambda> at 0x7fa4962879f0>,<function <lambda> at 0x7fa496287a90>,<function <lambda> at 0x7fa496287b30>
3323,2020-05-18 10:00:00,<function <lambda> at 0x7fa4962879f0>,<function <lambda> at 0x7fa496287a90>,<function <lambda> at 0x7fa496287b30>
3324,2020-05-18 11:00:00,<function <lambda> at 0x7fa4962879f0>,<function <lambda> at 0x7fa496287a90>,<function <lambda> at 0x7fa496287b30>
3325,2020-05-18 12:00:00,<function <lambda> at 0x7fa4962879f0>,<function <lambda> at 0x7fa496287a90>,<function <lambda> at 0x7fa496287b30>
3326,2020-05-18 13:00:00,<function <lambda> at 0x7fa4962879f0>,<function <lambda> at 0x7fa496287a90>,<function <lambda> at 0x7fa496287b30>
3327,2020-05-18 14:00:00,<function <lambda> at 0x7fa4962879f0>,<function <lambda> at 0x7fa496287a90>,<function <lambda> at 0x7fa496287b30>
3328,2020-05-18 15:00:00,<function <lambda> at 0x7fa4962879f0>,<function <lambda> at 0x7fa496287a90>,<function <lambda> at 0x7fa496287b30>
3329,2020-05-18 16:00:00,<function <lambda> at 0x7fa4962879f0>,<function <lambda> at 0x7fa496287a90>,<function <lambda> at 0x7fa496287b30>
3330,2020-05-18 17:00:00,<function <lambda> at 0x7fa4962879f0>,<function <lambda> at 0x7fa496287a90>,<function <lambda> at 0x7fa496287b30>
3331,2020-05-18 18:00:00,<function <lambda> at 0x7fa4962879f0>,<function <lambda> at 0x7fa496287a90>,<function <lambda> at 0x7fa496287b30>
3332,2020-05-18 19:00:00,<function <lambda> at 0x7fa4962879f0>,<function <lambda> at 0x7fa496287a90>,<function <lambda> at 0x7fa496287b30>
3333,2020-05-18 20:00:00,<function <lambda> at 0x7fa4962879f0>,<function <lambda> at 0x7fa496287a90>,<function <lambda> at 0x7fa496287b30>
3334,2020-05-18 21:00:00,<function <lambda> at 0x7fa4962879f0>,<function <lambda> at 0x7fa496287a90>,<function <lambda> at 0x7fa496287b30>
3335,2020-05-18 22:00:00,<function <lambda> at 0x7fa4962879f0>,<function <lambda> at 0x7fa496287a90>,<function <lambda> at 0x7fa496287b30>
3336,2020-05-18 23:00:00,<function <lambda> at 0x7fa4962879f0>,<function <lambda> at 0x7fa496287a90>,<function <lambda> at 0x7fa496287b30>
3337,2020-05-19 00:00:00,<function <lambda> at 0x7fa4962879f0>,<function <lambda> at 0x7fa496287a90>,<function <lambda> at 0x7fa496287b30>
3338,2020-05-19 01:00:00,<function <lambda> at 0x7fa4962879f0>,<function <lambda> at 0x7fa496287a90>,<function <lambda> at 0x7fa496287b30>
3339,2020-05-19 02:00:00,<function <lambda> at 0x7fa4962879f0>,<function <lambda> at 0x7fa496287a90>,<function <lambda> at 0x7fa496287b30>
3340,2020-05-19 03:00:00,<function <lambda> at 0x7fa4962879f0>,<function <lambda> at 0x7fa496287a90>,<function <lambda> at 0x7fa496287b30>
3341,2020-05-19 04:00:00,<function <lambda> at 0x7fa4962879f0>,<function <lambda> at 0x7fa496287a90>,<function <lambda> at 0x7fa496287b30>
3342,2020-05-19 05:00:00,<function <lambda> at 0x7fa4962879f0>,<function <lambda> at 0x7fa496287a90>,<function <lambda> at 0x7fa496287b30>
3343,2020-05-19 06:00:00,<function <lambda> at 0x7fa4962879f0>,<function <lambda> at 0x7fa496287a90>,<function <lambda> at 0x7fa496287b30>
3344,2020-05-19 07:00:00,<function <lambda> at 0x7fa4962879f0>,<function <lambda> at 0x7fa496287a90>,<function <lambda> at 0x7fa496287b30>
3345,2020-05-19 08:00:00,<function <lambda> at 0x7fa4962879f0>,<function <lambda> at 0x7fa496287a90>,<function <lambda> at 0x7fa496287b30>
3346,2020-05-19 09:00:00,<function <lambda> at 0x7fa4962879f0>,<function <lambda> at 0x7fa496287a90>,<function <lambda> at 0x7fa496287b30>
3347,2020-05-19 10:00:00,<function <lambda> at 0x7fa4962879f0>,<function <lambda> at 0x7fa496287a90>,<function <lambda> at 0x7fa496287b30>
3348,2020-05-19 11:00:00,<function <lambda> at 0x7fa4962879f0>,<function <lambda> at 0x7fa496287a90>,<function <lambda> at 0x7fa496287b30>
3349,2020-05-19 12:00:00,<function <lambda> at 0x7fa4962879f0>,<function <lambda> at 0x7fa496287a90>,<function <lambda> at 0x7fa496287b30>
3350,2020-05-19 13:00:00,<function <lambda> at 0x7fa4962879f0>,<function <lambda> at 0x7fa496287a90>,<function <lambda> at 0x7fa496287b30>
3351,2020-05-19 14:00:00,<function <lambda> at 0x7fa4962879f0>,<function <lambda> at 0x7fa496287a90>,<function <lambda> at 0x7fa496287b30>
3352,2020-05-19 15:00:00,<function <lambda> at 0x7fa4962879f0>,<function <lambda> at 0x7fa496287a90>,<function <lambda> at 0x7fa496287b30>
3353,2020-05-19 16:00:00,<function <lambda> at 0x7fa4962879f0>,<function <lambda> at 0x7fa496287a90>,<function <lambda> at 0x7fa496287b30>
3354,2020-05-19 17:00:00,<function <lambda> at 0x7fa4962879f0>,<function <lambda> at 0x7fa496287a90>,<function <lambda> at 0x7fa496287b30>
3355,2020-05-19 18:00:00,<function <lambda> at 0x7fa4962879f0>,<function <lambda> at 0x7fa496287a90>,<function <lambda> at 0x7fa496287b30>
3356,2020-05-19 19:00:00,<function <lambda> at 0x7fa4962879f0>,<function <lambda> at 0x7fa496287a90>,<function <lambda> at 0x7fa496287b30>
3357,2020-05-19 20:00:00,<function <lambda> at 0x7fa4962879f0>,<function <lambda> at 0x7fa496287a90>,<function <lambda> at 0x7fa496287b30>
3358,2020-05-19 21:00:00,<function <lambda> at 0x7fa4962879f0>,<function <lambda> at 0x7fa496287a90>,<function <lambda> at 0x7fa496287b30>
3359,2020-05-19 22:00:00,<function <lambda> at 0x7fa4962879f0>,<function <lambda> at 0x7fa496287a90>,<function <lambda> at 0x7fa496287b30>
3360,2020-05-19 23:00:00,<function <lambda> at 0x7fa4962879f0>,<function <lambda> at 0x7fa496287a90>,<function <lambda> at 0x7fa496287b30>
3361,2020-05-20 00:00:00,<function <lambda> at 0x7fa4962879f0>,<function <lambda> at 0x7fa496287a90>,<function <lambda> at 0x7fa496287b30>
3362,2020-05-20 01:00:00,<function <lambda> at 0x7fa4962879f0>,<function <lambda> at 0x7fa496287a90>,<function <lambda> at 0x7fa496287b30>
3363,2020-05-20 02:00:00,<function <lambda> at 0x7fa4962879f0>,<function <lambda> at 0x7fa496287a90>,<function <lambda> at 0x7fa496287b30>
3364,2020-05-20 03:00:00,<function <lambda> at 0x7fa4962879f0>,<function <lambda> at 0x7fa496287a90>,<function <lambda> at 0x7fa496287b30>
3365,2020-05-20 04:00:00,<function <lambda> at 0x7fa4962879f0>,<function <lambda> at 0x7fa496287a90>,<function <lambda> at 0x7fa496287b30>
3366,2020-05-20 05:00:00,<function <lambda> at 0x7fa4962879f0>,<function <lambda> at 0x7fa496287a90>,<function <lambda> at 0x7fa496287b30>
3367,2020-05-20 06:00:00,<function <lambda> at 0x7fa4962879f0>,<function <lambda> at 0x7fa496287a90>,<function <lambda> at 0x7fa496287b30>
3368,2020-05-20 07:00:00,<function <lambda> at 0x7fa4962879f0>,<function <lambda> at 0x7fa496287a90>,<function <lambda> at 0x7fa496287b30>
3369,2020-05-20 08:00:00,<function <lambda> at 0x7fa4962879f0>,<function <lambda> at 0x7fa496287a90>,<function <lambda> at 0x7fa496287b30>
3370,2020-05-20 09:00:00,<function <lambda> at 0x7fa4962879f0>,<function <lambda> at 0x7fa496287a90>,<function <lambda> at 0x7fa496287b30>
3371,2020-05-20 10:00:00,<function <lambda> at 0x7fa4962879f0>,<function <lambda> at 0x7fa496287a90>,<function <lambda> at 0x7fa496287b30>
3372,2020-05-20 11:00:00,<function <lambda> at 0x7fa4962879f0>,<function <lambda> at 0x7fa496287a90>,<function <lambda> at 0x7fa496287b30>
3373,2020-05-20 12:00:00,<function <lambda> at 0x7fa4962879f0>,<function <lambda> at 0x7fa496287a90>,<function <lambda> at 0x7fa496287b30>
3374,2020-05-20 13:00:00,<function <lambda> at 0x7fa4962879f0>,<function <lambda> at 0x7fa496287a90>,<function <lambda> at 0x7fa496287b30>
3375,2020-05-20 14:00:00,<function <lambda> at 0x7fa4962879f0>,<function <lambda> at 0x7fa496287a90>,<function <lambda> at 0x7fa496287b30>
3376,2020-05-20 15:00:00,<function <lambda> at 0x7fa4962879f0>,<function <lambda> at 0x7fa496287a90>,<function <lambda> at 0x7fa496287b30>
3377,2020-05-20 16:00:00,<function <lambda> at 0x7fa4962879f0>,<function <lambda> at 0x7fa496287a90>,<function <lambda> at 0x7fa496287b30>
3378,2020-05-20 17:00:00,<function <lambda> at 0x7fa4962879f0>,<function <lambda> at 0x7fa496287a90>,<function <lambda> at 0x7fa496287b30>
3379,2020-05-20 18:00:00,<function <lambda> at 0x7fa4962879f0>,<function <lambda> at 0x7fa496287a90>,<function <lambda> at 0x7fa496287b30>
3380,2020-05-20 19:00:00,<function <lambda> at 0x7fa4962879f0>,<function <lambda> at 0x7fa496287a90>,<function <lambda> at 0x7fa496287b30>
3381,2020-05-20 20:00:00,<function <lambda> at 0x7fa4962879f0>,<function <lambda> at 0x7fa496287a90>,<function <lambda> at 0x7fa496287b30>
3382,2020-05-20 21:00:00,<function <lambda> at 0x7fa4962879f0>,<function <lambda> at 0x7fa496287a90>,<function <lambda> at 0x7fa496287b30>
3383,2020-05-20 22:00:00,<function <lambda> at 0x7fa4962879f0>,<function <lambda> at 0x7fa496287a90>,<function <lambda> at 0x7fa496287b30>
3384,2020-05-20 23:00:00,<function <lambda> at 0x7fa4962879f0>,<function <lambda> at 0x7fa496287a90>,<function <lambda> at 0x7fa496287b30>
3385,2020-05-21 00:00:00,<function <lambda> at 0x7fa4962879f0>,<function <lambda> at 0x7fa496287a90>,<function <lambda> at 0x7fa496287b30>
3386,2020-05-21 01:00:00,<function <lambda> at 0x7fa4962879f0>,<function <lambda> at 0x7fa496287a90>,<function <lambda> at 0x7fa496287b30>
3387,2020-05-21 02:00:00,<function <lambda> at 0x7fa4962879f0>,<function <lambda> at 0x7fa496287a90>,<function <lambda> at 0x7fa496287b30>
3388,2020-05-21 03:00:00,<function <lambda> at 0x7fa4962879f0>,<function <lambda> at 0x7fa496287a90>,<function <lambda> at 0x7fa496287b30>
3389,2020-05-21 04:00:00,<function <lambda> at 0x7fa4962879f0>,<function <lambda> at 0x7fa496287a90>,<function <lambda> at 0x7fa496287b30>
3390,2020-05-21 05:00:00,<function <lambda> at 0x7fa4962879f0>,<function <lambda> at 0x7fa496287a90>,<function <lambda> at 0x7fa496287b30>
3391,2020-05-21 06:00:00,<function <lambda> at 0x7fa4962879f0>,<function <lambda> at 0x7fa496287a90>,<function <lambda> at 0x7fa496287b30>
3392,2020-05-21 07:00:00,<function <lambda> at 0x7fa4962879f0>,<function <lambda> at 0x7fa496287a90>,<function <lambda> at 0x7fa496287b30>
3393,2020-05-21 08:00:00,<function <lambda> at 0x7fa4962879f0>,<function <lambda> at 0x7fa496287a90>,<function <lambda> at 0x7fa496287b30>
3394,2020-05-21 09:00:00,<function <lambda> at 0x7fa4962879f0>,<function <lambda> at 0x7fa496287a90>,<function <lambda> at 0x7fa496287b30>
3395,2020-05-21 10:00:00,<function <lambda> at 0x7fa4962879f0>,<function <lambda> at 0x7fa496287a90>,<function <lambda> at 0x7fa496287b30>
3396,2020-05-21 11:00:00,<function <lambda> at 0x7fa4962879f0>,<function <lambda> at 0x7fa496287a90>,<function <lambda> at 0x7fa496287b30>
3397,2020-05-21 12:00:00,<function <lambda> at 0x7fa4962879f0>,<function <lambda> at 0x7fa496287a90>,<function <lambda> at 0x7fa496287b30>
3398,2020-05-21 13:00:00,<function <lambda> at 0x7fa4962879f0>,<function <lambda> at 0x7fa496287a90>,<function <lambda> at 0x7fa496287b30>
3399,2020-05-21 14:00:00,<function <lambda> at 0x7fa4962879f0>,<function <lambda> at 0x7fa496287a90>,<function <lambda> at 0x7fa496287b30>
3400,2020-05-21 15:00:00,<function <lambda> at 0x7fa4962879f0>,<function <lambda> at 0x7fa496287a90>,<function <lambda> at 0x7fa496287b30>
3401,2020-05-21 16:00:00,<function <lambda> at 0x7fa4962879f0>,<function <lambda> at 0x7fa496287a90>,<function <lambda> at 0x7fa496287b30>
3402,2020-05-21 17:00:00,<function <lambda> at 0x7fa4962879f0>,<function <lambda> at 0x7fa496287a90>,<function <lambda> at 0x7fa496287b30>
3403,2020-05-21 18:00:00,<function <lambda> at 0x7fa4962879f0>,<function <lambda> at 0x7fa496287a90>,<function <lambda> at 0x7fa496287b30>
3404,2020-05-21 19:00:00,<function <lambda> at 0x7fa4962879f0>,<function <lambda> at 0x7fa496287a90>,<function <lambda> at 0x7fa496287b30>
3405,2020-05-21 20:00:00,<function <lambda> at 0x7fa4962879f0>,<function <lambda> at 0x7fa496287a90>,<function <lambda> at 0x7fa496287b30>
3406,2020-05-21 21:00:00,<function <lambda> at 0x7fa4962879f0>,<function <lambda> at 0x7fa496287a90>,<function <lambda> at 0x7fa496287b30>
3407,2020-05-21 22:00:00,<function <lambda> at 0x7fa4962879f0>,<function <lambda> at 0x7fa496287a90>,<function <lambda> at 0x7fa496287b30>
3408,2020-05-21 23:00:00,<function <lambda> at 0x7fa4962879f0>,<function <lambda> at 0x7fa496287a90>,<function <lambda> at 0x7fa496287b30>
3409,2020-05-22 00:00:00,<function <lambda> at 0x7fa4962879f0>,<function <lambda> at 0x7fa496287a90>,<function <lambda> at 0x7fa496287b30>
3410,2020-05-22 01:00:00,<function <lambda> at 0x7fa4962879f0>,<function <lambda> at 0x7fa496287a90>,<function <lambda> at 0x7fa496287b30>
3411,2020-05-22 02:00:00,<function <lambda> at 0x7fa4962879f0>,<function <lambda> at 0x7fa496287a90>,<function <lambda> at 0x7fa496287b30>
3412,2020-05-22 03:00:00,<function <lambda> at 0x7fa4962879f0>,<function <lambda> at 0x7fa496287a90>,<function <lambda> at 0x7fa496287b30>
3413,2020-05-22 04:00:00,<function <lambda> at 0x7fa4962879f0>,<function <lambda> at 0x7fa496287a90>,<function <lambda> at 0x7fa496287b30>
3414,2020-05-22 05:00:00,<function <lambda> at 0x7fa4962879f0>,<function <lambda> at 0x7fa496287a90>,<function <lambda> at 0x7fa496287b30>
3415,2020-05-22 06:00:00,<function <lambda> at 0x7fa4962879f0>,<function <lambda> at 0x7fa496287a90>,<function <lambda> at 0x7fa496287b30>
3416,2020-05-22 07:00:00,<function <lambda> at 0x7fa4962879f0>,<function <lambda> at 0x7fa496287a90>,<function <lambda> at 0x7fa496287b30>
3417,2020-05-22 08:00:00,<function <lambda> at 0x7fa4962879f0>,<function <lambda> at 0x7fa496287a90>,<function <lambda> at 0x7fa496287b30>
3418,2020-05-22 09:00:00,<function <lambda> at 0x7fa4962879f0>,<function <lambda> at 0x7fa496287a90>,<function <lambda> at 0x7fa496287b30>
3419,2020-05-22 10:00:00,<function <lambda> at 0x7fa4962879f0>,<function <lambda> at 0x7fa496287a90>,<function <lambda> at 0x7fa496287b30>
3420,2020-05-22 11:00:00,<function <lambda> at 0x7fa4962879f0>,<function <lambda> at 0x7fa496287a90>,<function <lambda> at 0x7fa496287b30>
3421,2020-05-22 12:00:00,<function <lambda> at 0x7fa4962879f0>,<function <lambda> at 0x7fa496287a90>,<function <lambda> at 0x7fa496287b30>
3422,2020-05-22 13:00:00,<function <lambda> at 0x7fa4962879f0>,<function <lambda> at 0x7fa496287a90>,<function <lambda> at 0x7fa496287b30>
3423,2020-05-22 14:00:00,<function <lambda> at 0x7fa4962879f0>,<function <lambda> at 0x7fa496287a90>,<function <lambda> at 0x7fa496287b30>
3424,2020-05-22 15:00:00,<function <lambda> at 0x7fa4962879f0>,<function <lambda> at 0x7fa496287a90>,<function <lambda> at 0x7fa496287b30>
3425,2020-05-22 16:00:00,<function <lambda> at 0x7fa4962879f0>,<function <lambda> at 0x7fa496287a90>,<function <lambda> at 0x7fa496287b30>
3426,2020-05-22 17:00:00,<function <lambda> at 0x7fa4962879f0>,<function <lambda> at 0x7fa496287a90>,<function <lambda> at 0x7fa496287b30>
3427,2020-05-22 18:00:00,<function <lambda> at 0x7fa4962879f0>,<function <lambda> at 0x7fa496287a90>,<function <lambda> at 0x7fa496287b30>
3428,2020-05-22 19:00:00,<function <lambda> at 0x7fa4962879f0>,<function <lambda> at 0x7fa496287a90>,<function <lambda> at 0x7fa496287b30>
3429,2020-05-22 20:00:00,<function <lambda> at 0x7fa4962879f0>,<function <lambda> at 0x7fa496287a90>,<function <lambda> at 0x7fa496287b30>
3430,2020-05-22 21:00:00,<function <lambda> at 0x7fa4962879f0>,<function <lambda> at 0x7fa496287a90>,<function <lambda> at 0x7fa496287b30>
3431,2020-05-22 22:00:00,<function <lambda> at 0x7fa4962879f0>,<function <lambda> at 0x7fa496287a90>,<function <lambda> at 0x7fa496287b30>
3432,2020-05-22 23:00:00,<function <lambda> at 0x7fa4962879f0>,<function <lambda> at 0x7fa496287a90>,<function <lambda> at 0x7fa496287b30>
3433,2020-05-23 00:00:00,<function <lambda> at 0x7fa4962879f0>,<function <lambda> at 0x7fa496287a90>,<function <lambda> at 0x7fa496287b30>
3434,2020-05-23 01:00:00,<function <lambda> at 0x7fa4962879f0>,<function <lambda> at 0x7fa496287a90>,<function <lambda> at 0x7fa496287b30>
3435,2020-05-23 02:00:00,<function <lambda> at 0x7fa4962879f0>,<function <lambda> at 0x7fa496287a90>,<function <lambda> at 0x7fa496287b30>
3436,2020-05-23 03:00:00,<function <lambda> at 0x7fa4962879f0>,<function <lambda> at 0x7fa496287a90>,<function <lambda> at 0x7fa496287b30>
3437,2020-05-23 04:00:00,<function <lambda> at 0x7fa4962879f0>,<function <lambda> at 0x7fa496287a90>,<function <lambda> at 0x7fa496287b30>
3438,2020-05-23 05:00:00,<function <lambda> at 0x7fa4962879f0>,<function <lambda> at 0x7fa496287a90>,<function <lambda> at 0x7fa496287b30>
3439,2020-05-23 06:00:00,<function <lambda> at 0x7fa4962879f0>,<function <lambda> at 0x7fa496287a90>,<function <lambda> at 0x7fa496287b30>
3440,2020-05-23 07:00:00,<function <lambda> at 0x7fa4962879f0>,<function <lambda> at 0x7fa496287a90>,<function <lambda> at 0x7fa496287b30>
3441,2020-05-23 08:00:00,<function <lambda> at 0x7fa4962879f0>,<function <lambda> at 0x7fa496287a90>,<function <lambda> at 0x7fa496287b30>
3442,2020-05-23 09:00:00,<function <lambda> at 0x7fa4962879f0>,<function <lambda> at 0x7fa496287a90>,<function <lambda> at 0x7fa496287b30>
3443,2020-05-23 10:00:00,<function <lambda> at 0x7fa4962879f0>,<function <lambda> at 0x7fa496287a90>,<function <lambda> at 0x7fa496287b30>
3444,2020-05-23 11:00:00,<function <lambda> at 0x7fa4962879f0>,<function <lambda> at 0x7fa496287a90>,<function <lambda> at 0x7fa496287b30>
3445,2020-05-23 12:00:00,<function <lambda> at 0x7fa4962879f0>,<function <lambda> at 0x7fa496287a90>,<function <lambda> at 0x7fa496287b30>
3446,2020-05-23 13:00:00,<function <lambda> at 0x7fa4962879f0>,<function <lambda> at 0x7fa496287a90>,<function <lambda> at 0x7fa496287b30>
3447,2020-05-23 14:00:00,<function <lambda> at 0x7fa4962879f0>,<function <lambda> at 0x7fa496287a90>,<function <lambda> at 0x7fa496287b30>
3448,2020-05-23 15:00:00,<function <lambda> at 0x7fa4962879f0>,<function <lambda> at 0x7fa496287a90>,<function <lambda> at 0x7fa496287b30>
3449,2020-05-23 16:00:00,<function <lambda> at 0x7fa4962879f0>,<function <lambda> at 0x7fa496287a90>,<function <lambda> at 0x7fa496287b30>
3450,2020-05-23 17:00:00,<function <lambda> at 0x7fa4962879f0>,<function <lambda> at 0x7fa496287a90>,<function <lambda> at 0x7fa496287b30>
3451,2020-05-23 18:00:00,<function <lambda> at 0x7fa4962879f0>,<function <lambda> at 0x7fa496287a90>,<function <lambda> at 0x7fa496287b30>
3452,2020-05-23 19:00:00,<function <lambda> at 0x7fa4962879f0>,<function <lambda> at 0x7fa496287a90>,<function <lambda> at 0x7fa496287b30>
3453,2020-05-23 20:00:00,<function <lambda> at 0x7fa4962879f0>,<function <lambda> at 0x7fa496287a90>,<function <lambda> at 0x7fa496287b30>
3454,2020-05-23 21:00:00,<function <lambda> at 0x7fa4962879f0>,<function <lambda> at 0x7fa496287a90>,<function <lambda> at 0x7fa496287b30>
3455,2020-05-23 22:00:00,<function <lambda> at 0x7fa4962879f0>,<function <lambda> at 0x7fa496287a90>,<function <lambda> at 0x7fa496287b30>
3456,2020-05-23 23:00:00,<function <lambda> at 0x7fa4962879f0>,<function <lambda> at 0x7fa496287a90>,<function <lambda> at 0x7fa496287b30>
3457,2020-05-24 00:00:00,<function <lambda> at 0x7fa4962879f0>,<function <lambda> at 0x7fa496287a90>,<function <lambda> at 0x7fa496287b30>
3458,2020-05-24 01:00:00,<function <lambda> at 0x7fa4962879f0>,<function <lambda> at 0x7fa496287a90>,<function <lambda> at 0x7fa496287b30>
3459,2020-05-24 02:00:00,<function <lambda> at 0x7fa4962879f0>,<function <lambda> at 0x7fa496287a90>,<function <lambda> at 0x7fa496287b30>
3460,2020-05-24 03:00:00,<function <lambda> at 0x7fa4962879f0>,<function <lambda> at 0x7fa496287a90>,<function <lambda> at 0x7fa496287b30>
3461,2020-05-24 04:00:00,<function <lambda> at 0x7fa4962879f0>,<function <lambda> at 0x7fa496287a90>,<function <lambda> at 0x7fa496287b30>
3462,2020-05-24 05:00:00,<function <lambda> at 0x7fa4962879f0>,<function <lambda> at 0x7fa496287a90>,<function <lambda> at 0x7fa496287b30>
3463,2020-05-24 06:00:00,<function <lambda> at 0x7fa4962879f0>,<function <lambda> at 0x7fa496287a90>,<function <lambda> at 0x7fa496287b30>
3464,2020-05-24 07:00:00,<function <lambda> at 0x7fa4962879f0>,<function <lambda> at 0x7fa496287a90>,<function <lambda> at 0x7fa496287b30>
3465,2020-05-24 08:00:00,<function <lambda> at 0x7fa4962879f0>,<function <lambda> at 0x7fa496287a90>,<function <lambda> at 0x7fa496287b30>
3466,2020-05-24 09:00:00,<function <lambda> at 0x7fa4962879f0>,<function <lambda> at 0x7fa496287a90>,<function <lambda> at 0x7fa496287b30>
3467,2020-05-24 10:00:00,<function <lambda> at 0x7fa4962879f0>,<function <lambda> at 0x7fa496287a90>,<function <lambda> at 0x7fa496287b30>
3468,2020-05-24 11:00:00,<function <lambda> at 0x7fa4962879f0>,<function <lambda> at 0x7fa496287a90>,<function <lambda> at 0x7fa496287b30>
3469,2020-05-24 12:00:00,<function <lambda> at 0x7fa4962879f0>,<function <lambda> at 0x7fa496287a90>,<function <lambda> at 0x7fa496287b30>
3470,2020-05-24 13:00:00,<function <lambda> at 0x7fa4962879f0>,<function <lambda> at 0x7fa496287a90>,<function <lambda> at 0x7fa496287b30>
3471,2020-05-24 14:00:00,<function <lambda> at 0x7fa4962879f0>,<function <lambda> at 0x7fa496287a90>,<function <lambda> at 0x7fa496287b30>
3472,2020-05-24 15:00:00,<function <lambda> at 0x7fa4962879f0>,<function <lambda> at 0x7fa496287a90>,<function <lambda> at 0x7fa496287b30>
3473,2020-05-24 16:00:00,<function <lambda> at 0x7fa4962879f0>,<function <lambda> at 0x7fa496287a90>,<function <lambda> at 0x7fa496287b30>
3474,2020-05-24 17:00:00,<function <lambda> at 0x7fa4962879f0>,<function <lambda> at 0x7fa496287a90>,<function <lambda> at 0x7fa496287b30>
3475,2020-05-24 18:00:00,<function <lambda> at 0x7fa4962879f0>,<function <lambda> at 0x7fa496287a90>,<function <lambda> at 0x7fa496287b30>
3476,2020-05-24 19:00:00,<function <lambda> at 0x7fa4962879f0>,<function <lambda> at 0x7fa496287a90>,<function <lambda> at 0x7fa496287b30>
3477,2020-05-24 20:00:00,<function <lambda> at 0x7fa4962879f0>,<function <lambda> at 0x7fa496287a90>,<function <lambda> at 0x7fa496287b30>
3478,2020-05-24 21:00:00,<function <lambda> at 0x7fa4962879f0>,<function <lambda> at 0x7fa496287a90>,<function <lambda> at 0x7fa496287b30>
3479,2020-05-24 22:00:00,<function <lambda> at 0x7fa4962879f0>,<function <lambda> at 0x7fa496287a90>,<function <lambda> at 0x7fa496287b30>
3480,2020-05-24 23:00:00,<function <lambda> at 0x7fa4962879f0>,<function <lambda> at 0x7fa496287a90>,<function <lambda> at 0x7fa496287b30>
3481,2020-05-25 00:00:00,<function <lambda> at 0x7fa4962879f0>,<function <lambda> at 0x7fa496287a90>,<function <lambda> at 0x7fa496287b30>
3482,2020-05-25 01:00:00,<function <lambda> at 0x7fa4962879f0>,<function <lambda> at 0x7fa496287a90>,<function <lambda> at 0x7fa496287b30>
3483,2020-05-25 02:00:00,<function <lambda> at 0x7fa4962879f0>,<function <lambda> at 0x7fa496287a90>,<function <lambda> at 0x7fa496287b30>
3484,2020-05-25 03:00:00,<function <lambda> at 0x7fa4962879f0>,<function <lambda> at 0x7fa496287a90>,<function <lambda> at 0x7fa496287b30>
3485,2020-05-25 04:00:00,<function <lambda> at 0x7fa4962879f0>,<function <lambda> at 0x7fa496287a90>,<function <lambda> at 0x7fa496287b30>
3486,2020-05-25 05:00:00,<function <lambda> at 0x7fa4962879f0>,<function <lambda> at 0x7fa496287a90>,<function <lambda> at 0x7fa496287b30>
3487,2020-05-25 06:00:00,<function <lambda> at 0x7fa4962879f0>,<function <lambda> at 0x7fa496287a90>,<function <lambda> at 0x7fa496287b30>
3488,2020-05-25 07:00:00,<function <lambda> at 0x7fa4962879f0>,<function <lambda> at 0x7fa496287a90>,<function <lambda> at 0x7fa496287b30>
3489,2020-05-25 08:00:00,<function <lambda> at 0x7fa4962879f0>,<function <lambda> at 0x7fa496287a90>,<function <lambda> at 0x7fa496287b30>
3490,2020-05-25 09:00:00,<function <lambda> at 0x7fa4962879f0>,<function <lambda> at 0x7fa496287a90>,<function <lambda> at 0x7fa496287b30>
3491,2020-05-25 10:00:00,<function <lambda> at 0x7fa4962879f0>,<function <lambda> at 0x7fa496287a90>,<function <lambda> at 0x7fa496287b30>
3492,2020-05-25 11:00:00,<function <lambda> at 0x7fa4962879f0>,<function <lambda> at 0x7fa496287a90>,<function <lambda> at 0x7fa496287b30>
3493,2020-05-25 12:00:00,<function <lambda> at 0x7fa4962879f0>,<function <lambda> at 0x7fa496287a90>,<function <lambda> at 0x7fa496287b30>
3494,2020-05-25 13:00:00,<function <lambda> at 0x7fa4962879f0>,<function <lambda> at 0x7fa496287a90>,<function <lambda> at 0x7fa496287b30>
3495,2020-05-25 14:00:00,<function <lambda> at 0x7fa4962879f0>,<function <lambda> at 0x7fa496287a90>,<function <lambda> at 0x7fa496287b30>
3496,2020-05-25 15:00:00,<function <lambda> at 0x7fa4962879f0>,<function <lambda> at 0x7fa496287a90>,<function <lambda> at 0x7fa496287b30>
3497,2020-05-25 16:00:00,<function <lambda> at 0x7fa4962879f0>,<function <lambda> at 0x7fa496287a90>,<function <lambda> at 0x7fa496287b30>
3498,2020-05-25 17:00:00,<function <lambda> at 0x7fa4962879f0>,<function <lambda> at 0x7fa496287a90>,<function <lambda> at 0x7fa496287b30>
3499,2020-05-25 18:00:00,<function <lambda> at 0x7fa4962879f0>,<function <lambda> at 0x7fa496287a90>,<function <lambda> at 0x7fa496287b30>
3500,2020-05-25 19:00:00,<function <lambda> at 0x7fa4962879f0>,<function <lambda> at 0x7fa496287a90>,<function <lambda> at 0x7fa496287b30>
3501,2020-05-25 20:00:00,<function <lambda> at 0x7fa4962879f0>,<function <lambda> at 0x7fa496287a90>,<function <lambda> at 0x7fa496287b30>
3502,2020-05-25 21:00:00,<function <lambda> at 0x7fa4962879f0>,<function <lambda> at 0x7fa496287a90>,<function <lambda> at 0x7fa496287b30>
3503,2020-05-25 22:00:00,<function <lambda> at 0x7fa4962879f0>,<function <lambda> at 0x7fa496287a90>,<function <lambda> at 0x7fa496287b30>
3504,2020-05-25 23:00:00,<function <lambda> at 0x7fa4962879f0>,<function <lambda> at 0x7fa496287a90>,<function <lambda> at 0x7fa496287b30>
3505,2020-05-26 00:00:00,<function <lambda> at 0x7fa4962879f0>,<function <lambda> at 0x7fa496287a90>,<function <lambda> at 0x7fa496287b30>
3506,2020-05-26 01:00:00,<function <lambda> at 0x7fa4962879f0>,<function <lambda> at 0x7fa496287a90>,<function <lambda> at 0x7fa496287b30>
3507,2020-05-26 02:00:00,<function <lambda> at 0x7fa4962879f0>,<function <lambda> at 0x7fa496287a90>,<function <lambda> at 0x7fa496287b30>
3508,2020-05-26 03:00:00,<function <lambda> at 0x7fa4962879f0>,<function <lambda> at 0x7fa496287a90>,<function <lambda> at 0x7fa496287b30>
3509,2020-05-26 04:00:00,<function <lambda> at 0x7fa4962879f0>,<function <lambda> at 0x7fa496287a90>,<function <lambda> at 0x7fa496287b30>
3510,2020-05-26 05:00:00,<function <lambda> at 0x7fa4962879f0>,<function <lambda> at 0x7fa496287a90>,<function <lambda> at 0x7fa496287b30>
3511,2020-05-26 06:00:00,<function <lambda> at 0x7fa4962879f0>,<function <lambda> at 0x7fa496287a90>,<function <lambda> at 0x7fa496287b30>
3512,2020-05-26 07:00:00,<function <lambda> at 0x7fa4962879f0>,<function <lambda> at 0x7fa496287a90>,<function <lambda> at 0x7fa496287b30>
3513,2020-05-26 08:00:00,<function <lambda> at 0x7fa4962879f0>,<function <lambda> at 0x7fa496287a90>,<function <lambda> at 0x7fa496287b30>
3514,2020-05-26 09:00:00,<function <lambda> at 0x7fa4962879f0>,<function <lambda> at 0x7fa496287a90>,<function <lambda> at 0x7fa496287b30>
3515,2020-05-26 10:00:00,<function <lambda> at 0x7fa4962879f0>,<function <lambda> at 0x7fa496287a90>,<function <lambda> at 0x7fa496287b30>
3516,2020-05-26 11:00:00,<function <lambda> at 0x7fa4962879f0>,<function <lambda> at 0x7fa496287a90>,<function <lambda> at 0x7fa496287b30>
3517,2020-05-26 12:00:00,<function <lambda> at 0x7fa4962879f0>,<function <lambda> at 0x7fa496287a90>,<function <lambda> at 0x7fa496287b30>
3518,2020-05-26 13:00:00,<function <lambda> at 0x7fa4962879f0>,<function <lambda> at 0x7fa496287a90>,<function <lambda> at 0x7fa496287b30>
3519,2020-05-26 14:00:00,<function <lambda> at 0x7fa4962879f0>,<function <lambda> at 0x7fa496287a90>,<function <lambda> at 0x7fa496287b30>
3520,2020-05-26 15:00:00,<function <lambda> at 0x7fa4962879f0>,<function <lambda> at 0x7fa496287a90>,<function <lambda> at 0x7fa496287b30>
3521,2020-05-26 16:00:00,<function <lambda> at 0x7fa4962879f0>,<function <lambda> at 0x7fa496287a90>,<function <lambda> at 0x7fa496287b30>
3522,2020-05-26 17:00:00,<function <lambda> at 0x7fa4962879f0>,<function <lambda> at 0x7fa496287a90>,<function <lambda> at 0x7fa496287b30>
3523,2020-05-26 18:00:00,<function <lambda> at 0x7fa4962879f0>,<function <lambda> at 0x7fa496287a90>,<function <lambda> at 0x7fa496287b30>
3524,2020-05-26 19:00:00,<function <lambda> at 0x7fa4962879f0>,<function <lambda> at 0x7fa496287a90>,<function <lambda> at 0x7fa496287b30>
3525,2020-05-26 20:00:00,<function <lambda> at 0x7fa4962879f0>,<function <lambda> at 0x7fa496287a90>,<function <lambda> at 0x7fa496287b30>
3526,2020-05-26 21:00:00,<function <lambda> at 0x7fa4962879f0>,<function <lambda> at 0x7fa496287a90>,<function <lambda> at 0x7fa496287b30>
3527,2020-05-26 22:00:00,<function <lambda> at 0x7fa4962879f0>,<function <lambda> at 0x7fa496287a90>,<function <lambda> at 0x7fa496287b30>
3528,2020-05-26 23:00:00,<function <lambda> at 0x7fa4962879f0>,<function <lambda> at 0x7fa496287a90>,<function <lambda> at 0x7fa496287b30>
3529,2020-05-27 00:00:00,<function <lambda> at 0x7fa4962879f0>,<function <lambda> at 0x7fa496287a90>,<function <lambda> at 0x7fa496287b30>
3530,2020-05-27 01:00:00,<function <lambda> at 0x7fa4962879f0>,<function <lambda> at 0x7fa496287a90>,<function <lambda> at 0x7fa496287b30>
3531,2020-05-27 02:00:00,<function <lambda> at 0x7fa4962879f0>,<function <lambda> at 0x7fa496287a90>,<function <lambda> at 0x7fa496287b30>
3532,2020-05-27 03:00:00,<function <lambda> at 0x7fa4962879f0>,<function <lambda> at 0x7fa496287a90>,<function <lambda> at 0x7fa496287b30>
3533,2020-05-27 04:00:00,<function <lambda> at 0x7fa4962879f0>,<function <lambda> at 0x7fa496287a90>,<function <lambda> at 0x7fa496287b30>
3534,2020-05-27 05:00:00,<function <lambda> at 0x7fa4962879f0>,<function <lambda> at 0x7fa496287a90>,<function <lambda> at 0x7fa496287b30>
3535,2020-05-27 06:00:00,<function <lambda> at 0x7fa4962879f0>,<function <lambda> at 0x7fa496287a90>,<function <lambda> at 0x7fa496287b30>
3536,2020-05-27 07:00:00,<function <lambda> at 0x7fa4962879f0>,<function <lambda> at 0x7fa496287a90>,<function <lambda> at 0x7fa496287b30>
3537,2020-05-27 08:00:00,<function <lambda> at 0x7fa4962879f0>,<function <lambda> at 0x7fa496287a90>,<function <lambda> at 0x7fa496287b30>
3538,2020-05-27 09:00:00,<function <lambda> at 0x7fa4962879f0>,<function <lambda> at 0x7fa496287a90>,<function <lambda> at 0x7fa496287b30>
3539,2020-05-27 10:00:00,<function <lambda> at 0x7fa4962879f0>,<function <lambda> at 0x7fa496287a90>,<function <lambda> at 0x7fa496287b30>
3540,2020-05-27 11:00:00,<function <lambda> at 0x7fa4962879f0>,<function <lambda> at 0x7fa496287a90>,<function <lambda> at 0x7fa496287b30>
3541,2020-05-27 12:00:00,<function <lambda> at 0x7fa4962879f0>,<function <lambda> at 0x7fa496287a90>,<function <lambda> at 0x7fa496287b30>
3542,2020-05-27 13:00:00,<function <lambda> at 0x7fa4962879f0>,<function <lambda> at 0x7fa496287a90>,<function <lambda> at 0x7fa496287b30>
3543,2020-05-27 14:00:00,<function <lambda> at 0x7fa4962879f0>,<function <lambda> at 0x7fa496287a90>,<function <lambda> at 0x7fa496287b30>
3544,2020-05-27 15:00:00,<function <lambda> at 0x7fa4962879f0>,<function <lambda> at 0x7fa496287a90>,<function <lambda> at 0x7fa496287b30>
3545,2020-05-27 16:00:00,<function <lambda> at 0x7fa4962879f0>,<function <lambda> at 0x7fa496287a90>,<function <lambda> at 0x7fa496287b30>
3546,2020-05-27 17:00:00,<function <lambda> at 0x7fa4962879f0>,<function <lambda> at 0x7fa496287a90>,<function <lambda> at 0x7fa496287b30>
3547,2020-05-27 18:00:00,<function <lambda> at 0x7fa4962879f0>,<function <lambda> at 0x7fa496287a90>,<function <lambda> at 0x7fa496287b30>
3548,2020-05-27 19:00:00,<function <lambda> at 0x7fa4962879f0>,<function <lambda> at 0x7fa496287a90>,<function <lambda> at 0x7fa496287b30>
3549,2020-05-27 20:00:00,<function <lambda> at 0x7fa4962879f0>,<function <lambda> at 0x7fa496287a90>,<function <lambda> at 0x7fa496287b30>
3550,2020-05-27 21:00:00,<function <lambda> at 0x7fa4962879f0>,<function <lambda> at 0x7fa496287a90>,<function <lambda> at 0x7fa496287b30>
3551,2020-05-27 22:00:00,<function <lambda> at 0x7fa4962879f0>,<function <lambda> at 0x7fa496287a90>,<function <lambda> at 0x7fa496287b30>
3552,2020-05-27 23:00:00,<function <lambda> at 0x7fa4962879f0>,<function <lambda> at 0x7fa496287a90>,<function <lambda> at 0x7fa496287b30>
3553,2020-05-28 00:00:00,<function <lambda> at 0x7fa4962879f0>,<function <lambda> at 0x7fa496287a90>,<function <lambda> at 0x7fa496287b30>
3554,2020-05-28 01:00:00,<function <lambda> at 0x7fa4962879f0>,<function <lambda> at 0x7fa496287a90>,<function <lambda> at 0x7fa496287b30>
3555,2020-05-28 02:00:00,<function <lambda> at 0x7fa4962879f0>,<function <lambda> at 0x7fa496287a90>,<function <lambda> at 0x7fa496287b30>
3556,2020-05-28 03:00:00,<function <lambda> at 0x7fa4962879f0>,<function <lambda> at 0x7fa496287a90>,<function <lambda> at 0x7fa496287b30>
3557,2020-05-28 04:00:00,<function <lambda> at 0x7fa4962879f0>,<function <lambda> at 0x7fa496287a90>,<function <lambda> at 0x7fa496287b30>
3558,2020-05-28 05:00:00,<function <lambda> at 0x7fa4962879f0>,<function <lambda> at 0x7fa496287a90>,<function <lambda> at 0x7fa496287b30>
3559,2020-05-28 06:00:00,<function <lambda> at 0x7fa4962879f0>,<function <lambda> at 0x7fa496287a90>,<function <lambda> at 0x7fa496287b30>
3560,2020-05-28 07:00:00,<function <lambda> at 0x7fa4962879f0>,<function <lambda> at 0x7fa496287a90>,<function <lambda> at 0x7fa496287b30>
3561,2020-05-28 08:00:00,<function <lambda> at 0x7fa4962879f0>,<function <lambda> at 0x7fa496287a90>,<function <lambda> at 0x7fa496287b30>
3562,2020-05-28 09:00:00,<function <lambda> at 0x7fa4962879f0>,<function <lambda> at 0x7fa496287a90>,<function <lambda> at 0x7fa496287b30>
3563,2020-05-28 10:00:00,<function <lambda> at 0x7fa4962879f0>,<function <lambda> at 0x7fa496287a90>,<function <lambda> at 0x7fa496287b30>
3564,2020-05-28 11:00:00,<function <lambda> at 0x7fa4962879f0>,<function <lambda> at 0x7fa496287a90>,<function <lambda> at 0x7fa496287b30>
3565,2020-05-28 12:00:00,<function <lambda> at 0x7fa4962879f0>,<function <lambda> at 0x7fa496287a90>,<function <lambda> at 0x7fa496287b30>
3566,2020-05-28 13:00:00,<function <lambda> at 0x7fa4962879f0>,<function <lambda> at 0x7fa496287a90>,<function <lambda> at 0x7fa496287b30>
3567,2020-05-28 14:00:00,<function <lambda> at 0x7fa4962879f0>,<function <lambda> at 0x7fa496287a90>,<function <lambda> at 0x7fa496287b30>
3568,2020-05-28 15:00:00,<function <lambda> at 0x7fa4962879f0>,<function <lambda> at 0x7fa496287a90>,<function <lambda> at 0x7fa496287b30>
3569,2020-05-28 16:00:00,<function <lambda> at 0x7fa4962879f0>,<function <lambda> at 0x7fa496287a90>,<function <lambda> at 0x7fa496287b30>
3570,2020-05-28 17:00:00,<function <lambda> at 0x7fa4962879f0>,<function <lambda> at 0x7fa496287a90>,<function <lambda> at 0x7fa496287b30>
3571,2020-05-28 18:00:00,<function <lambda> at 0x7fa4962879f0>,<function <lambda> at 0x7fa496287a90>,<function <lambda> at 0x7fa496287b30>
3572,2020-05-28 19:00:00,<function <lambda> at 0x7fa4962879f0>,<function <lambda> at 0x7fa496287a90>,<function <lambda> at 0x7fa496287b30>
3573,2020-05-28 20:00:00,<function <lambda> at 0x7fa4962879f0>,<function <lambda> at 0x7fa496287a90>,<function <lambda> at 0x7fa496287b30>
3574,2020-05-28 21:00:00,<function <lambda> at 0x7fa4962879f0>,<function <lambda> at 0x7fa496287a90>,<function <lambda> at 0x7fa496287b30>
3575,2020-05-28 22:00:00,<function <lambda> at 0x7fa4962879f0>,<function <lambda> at 0x7fa496287a90>,<function <lambda> at 0x7fa496287b30>
3576,2020-05-28 23:00:00,<function <lambda> at 0x7fa4962879f0>,<function <lambda> at 0x7fa496287a90>,<function <lambda> at 0x7fa496287b30>
3577,2020-05-29 00:00:00,<function <lambda> at 0x7fa4962879f0>,<function <lambda> at 0x7fa496287a90>,<function <lambda> at 0x7fa496287b30>
3578,2020-05-29 01:00:00,<function <lambda> at 0x7fa4962879f0>,<function <lambda> at 0x7fa496287a90>,<function <lambda> at 0x7fa496287b30>
3579,2020-05-29 02:00:00,<function <lambda> at 0x7fa4962879f0>,<function <lambda> at 0x7fa496287a90>,<function <lambda> at 0x7fa496287b30>
3580,2020-05-29 03:00:00,<function <lambda> at 0x7fa4962879f0>,<function <lambda> at 0x7fa496287a90>,<function <lambda> at 0x7fa496287b30>
3581,2020-05-29 04:00:00,<function <lambda> at 0x7fa4962879f0>,<function <lambda> at 0x7fa496287a90>,<function <lambda> at 0x7fa496287b30>
3582,2020-05-29 05:00:00,<function <lambda> at 0x7fa4962879f0>,<function <lambda> at 0x7fa496287a90>,<function <lambda> at 0x7fa496287b30>
3583,2020-05-29 06:00:00,<function <lambda> at 0x7fa4962879f0>,<function <lambda> at 0x7fa496287a90>,<function <lambda> at 0x7fa496287b30>
3584,2020-05-29 07:00:00,<function <lambda> at 0x7fa4962879f0>,<function <lambda> at 0x7fa496287a90>,<function <lambda> at 0x7fa496287b30>
3585,2020-05-29 08:00:00,<function <lambda> at 0x7fa4962879f0>,<function <lambda> at 0x7fa496287a90>,<function <lambda> at 0x7fa496287b30>
3586,2020-05-29 09:00:00,<function <lambda> at 0x7fa4962879f0>,<function <lambda> at 0x7fa496287a90>,<function <lambda> at 0x7fa496287b30>
3587,2020-05-29 10:00:00,<function <lambda> at 0x7fa4962879f0>,<function <lambda> at 0x7fa496287a90>,<function <lambda> at 0x7fa496287b30>
3588,2020-05-29 11:00:00,<function <lambda> at 0x7fa4962879f0>,<function <lambda> at 0x7fa496287a90>,<function <lambda> at 0x7fa496287b30>
3589,2020-05-29 12:00:00,<function <lambda> at 0x7fa4962879f0>,<function <lambda> at 0x7fa496287a90>,<function <lambda> at 0x7fa496287b30>
3590,2020-05-29 13:00:00,<function <lambda> at 0x7fa4962879f0>,<function <lambda> at 0x7fa496287a90>,<function <lambda> at 0x7fa496287b30>
3591,2020-05-29 14:00:00,<function <lambda> at 0x7fa4962879f0>,<function <lambda> at 0x7fa496287a90>,<function <lambda> at 0x7fa496287b30>
3592,2020-05-29 15:00:00,<function <lambda> at 0x7fa4962879f0>,<function <lambda> at 0x7fa496287a90>,<function <lambda> at 0x7fa496287b30>
3593,2020-05-29 16:00:00,<function <lambda> at 0x7fa4962879f0>,<function <lambda> at 0x7fa496287a90>,<function <lambda> at 0x7fa496287b30>
3594,2020-05-29 17:00:00,<function <lambda> at 0x7fa4962879f0>,<function <lambda> at 0x7fa496287a90>,<function <lambda> at 0x7fa496287b30>
3595,2020-05-29 18:00:00,<function <lambda> at 0x7fa4962879f0>,<function <lambda> at 0x7fa496287a90>,<function <lambda> at 0x7fa496287b30>
3596,2020-05-29 19:00:00,<function <lambda> at 0x7fa4962879f0>,<function <lambda> at 0x7fa496287a90>,<function <lambda> at 0x7fa496287b30>
3597,2020-05-29 20:00:00,<function <lambda> at 0x7fa4962879f0>,<function <lambda> at 0x7fa496287a90>,<function <lambda> at 0x7fa496287b30>
3598,2020-05-29 21:00:00,<function <lambda> at 0x7fa4962879f0>,<function <lambda> at 0x7fa496287a90>,<function <lambda> at 0x7fa496287b30>
3599,2020-05-29 22:00:00,<function <lambda> at 0x7fa4962879f0>,<function <lambda> at 0x7fa496287a90>,<function <lambda> at 0x7fa496287b30>
3600,2020-05-29 23:00:00,<function <lambda> at 0x7fa4962879f0>,<function <lambda> at 0x7fa496287a90>,<function <lambda> at 0x7fa496287b30>
3601,2020-05-30 00:00:00,<function <lambda> at 0x7fa4962879f0>,<function <lambda> at 0x7fa496287a90>,<function <lambda> at 0x7fa496287b30>
3602,2020-05-30 01:00:00,<function <lambda> at 0x7fa4962879f0>,<function <lambda> at 0x7fa496287a90>,<function <lambda> at 0x7fa496287b30>
3603,2020-05-30 02:00:00,<function <lambda> at 0x7fa4962879f0>,<function <lambda> at 0x7fa496287a90>,<function <lambda> at 0x7fa496287b30>
3604,2020-05-30 03:00:00,<function <lambda> at 0x7fa4962879f0>,<function <lambda> at 0x7fa496287a90>,<function <lambda> at 0x7fa496287b30>
3605,2020-05-30 04:00:00,<function <lambda> at 0x7fa4962879f0>,<function <lambda> at 0x7fa496287a90>,<function <lambda> at 0x7fa496287b30>
3606,2020-05-30 05:00:00,<function <lambda> at 0x7fa4962879f0>,<function <lambda> at 0x7fa496287a90>,<function <lambda> at 0x7fa496287b30>
3607,2020-05-30 06:00:00,<function <lambda> at 0x7fa4962879f0>,<function <lambda> at 0x7fa496287a90>,<function <lambda> at 0x7fa496287b30>
3608,2020-05-30 07:00:00,<function <lambda> at 0x7fa4962879f0>,<function <lambda> at 0x7fa496287a90>,<function <lambda> at 0x7fa496287b30>
3609,2020-05-30 08:00:00,<function <lambda> at 0x7fa4962879f0>,<function <lambda> at 0x7fa496287a90>,<function <lambda> at 0x7fa496287b30>
3610,2020-05-30 09:00:00,<function <lambda> at 0x7fa4962879f0>,<function <lambda> at 0x7fa496287a90>,<function <lambda> at 0x7fa496287b30>
3611,2020-05-30 10:00:00,<function <lambda> at 0x7fa4962879f0>,<function <lambda> at 0x7fa496287a90>,<function <lambda> at 0x7fa496287b30>
3612,2020-05-30 11:00:00,<function <lambda> at 0x7fa4962879f0>,<function <lambda> at 0x7fa496287a90>,<function <lambda> at 0x7fa496287b30>
3613,2020-05-30 12:00:00,<function <lambda> at 0x7fa4962879f0>,<function <lambda> at 0x7fa496287a90>,<function <lambda> at 0x7fa496287b30>
3614,2020-05-30 13:00:00,<function <lambda> at 0x7fa4962879f0>,<function <lambda> at 0x7fa496287a90>,<function <lambda> at 0x7fa496287b30>
3615,2020-05-30 14:00:00,<function <lambda> at 0x7fa4962879f0>,<function <lambda> at 0x7fa496287a90>,<function <lambda> at 0x7fa496287b30>
3616,2020-05-30 15:00:00,<function <lambda> at 0x7fa4962879f0>,<function <lambda> at 0x7fa496287a90>,<function <lambda> at 0x7fa496287b30>
3617,2020-05-30 16:00:00,<function <lambda> at 0x7fa4962879f0>,<function <lambda> at 0x7fa496287a90>,<function <lambda> at 0x7fa496287b30>
3618,2020-05-30 17:00:00,<function <lambda> at 0x7fa4962879f0>,<function <lambda> at 0x7fa496287a90>,<function <lambda> at 0x7fa496287b30>
3619,2020-05-30 18:00:00,<function <lambda> at 0x7fa4962879f0>,<function <lambda> at 0x7fa496287a90>,<function <lambda> at 0x7fa496287b30>
3620,2020-05-30 19:00:00,<function <lambda> at 0x7fa4962879f0>,<function <lambda> at 0x7fa496287a90>,<function <lambda> at 0x7fa496287b30>
3621,2020-05-30 20:00:00,<function <lambda> at 0x7fa4962879f0>,<function <lambda> at 0x7fa496287a90>,<function <lambda> at 0x7fa496287b30>
3622,2020-05-30 21:00:00,<function <lambda> at 0x7fa4962879f0>,<function <lambda> at 0x7fa496287a90>,<function <lambda> at 0x7fa496287b30>
3623,2020-05-30 22:00:00,<function <lambda> at 0x7fa4962879f0>,<function <lambda> at 0x7fa496287a90>,<function <lambda> at 0x7fa496287b30>
3624,2020-05-30 23:00:00,<function <lambda> at 0x7fa4962879f0>,<function <lambda> at 0x7fa496287a90>,<function <lambda> at 0x7fa496287b30>
3625,2020-05-31 00:00:00,<function <lambda> at 0x7fa4962879f0>,<function <lambda> at 0x7fa496287a90>,<function <lambda> at 0x7fa496287b30>
3626,2020-05-31 01:00:00,<function <lambda> at 0x7fa4962879f0>,<function <lambda> at 0x7fa496287a90>,<function <lambda> at 0x7fa496287b30>
3627,2020-05-31 02:00:00,<function <lambda> at 0x7fa4962879f0>,<function <lambda> at 0x7fa496287a90>,<function <lambda> at 0x7fa496287b30>
3628,2020-05-31 03:00:00,<function <lambda> at 0x7fa4962879f0>,<function <lambda> at 0x7fa496287a90>,<function <lambda> at 0x7fa496287b30>
3629,2020-05-31 04:00:00,<function <lambda> at 0x7fa4962879f0>,<function <lambda> at 0x7fa496287a90>,<function <lambda> at 0x7fa496287b30>
3630,2020-05-31 05:00:00,<function <lambda> at 0x7fa4962879f0>,<function <lambda> at 0x7fa496287a90>,<function <lambda> at 0x7fa496287b30>
3631,2020-05-31 06:00:00,<function <lambda> at 0x7fa4962879f0>,<function <lambda> at 0x7fa496287a90>,<function <lambda> at 0x7fa496287b30>
3632,2020-05-31 07:00:00,<function <lambda> at 0x7fa4962879f0>,<function <lambda> at 0x7fa496287a90>,<function <lambda> at 0x7fa496287b30>
3633,2020-05-31 08:00:00,<function <lambda> at 0x7fa4962879f0>,<function <lambda> at 0x7fa496287a90>,<function <lambda> at 0x7fa496287b30>
3634,2020-05-31 09:00:00,<function <lambda> at 0x7fa4962879f0>,<function <lambda> at 0x7fa496287a90>,<function <lambda> at 0x7fa496287b30>
3635,2020-05-31 10:00:00,<function <lambda> at 0x7fa4962879f0>,<function <lambda> at 0x7fa496287a90>,<function <lambda> at 0x7fa496287b30>
3636,2020-05-31 11:00:00,<function <lambda> at 0x7fa4962879f0>,<function <lambda> at 0x7fa496287a90>,<function <lambda> at 0x7fa496287b30>
3637,2020-05-31 12:00:00,<function <lambda> at 0x7fa4962879f0>,<function <lambda> at 0x7fa496287a90>,<function <lambda> at 0x7fa496287b30>
3638,2020-05-31 13:00:00,<function <lambda> at 0x7fa4962879f0>,<function <lambda> at 0x7fa496287a90>,<function <lambda> at 0x7fa496287b30>
3639,2020-05-31 14:00:00,<function <lambda> at 0x7fa4962879f0>,<function <lambda> at 0x7fa496287a90>,<function <lambda> at 0x7fa496287b30>
3640,2020-05-31 15:00:00,<function <lambda> at 0x7fa4962879f0>,<function <lambda> at 0x7fa496287a90>,<function <lambda> at 0x7fa496287b30>
3641,2020-05-31 16:00:00,<function <lambda> at 0x7fa4962879f0>,<function <lambda> at 0x7fa496287a90>,<function <lambda> at 0x7fa496287b30>
3642,2020-05-31 17:00:00,<function <lambda> at 0x7fa4962879f0>,<function <lambda> at 0x7fa496287a90>,<function <lambda> at 0x7fa496287b30>
3643,2020-05-31 18:00:00,<function <lambda> at 0x7fa4962879f0>,<function <lambda> at 0x7fa496287a90>,<function <lambda> at 0x7fa496287b30>
3644,2020-05-31 19:00:00,<function <lambda> at 0x7fa4962879f0>,<function <lambda> at 0x7fa496287a90>,<function <lambda> at 0x7fa496287b30>
3645,2020-05-31 20:00:00,<function <lambda> at 0x7fa4962879f0>,<function <lambda> at 0x7fa496287a90>,<function <lambda> at 0x7fa496287b30>
3646,2020-05-31 21:00:00,<function <lambda> at 0x7fa4962879f0>,<function <lambda> at 0x7fa496287a90>,<function <lambda> at 0x7fa496287b30>
3647,2020-05-31 22:00:00,<function <lambda> at 0x7fa4962879f0>,<function <lambda> at 0x7fa496287a90>,<function <lambda> at 0x7fa496287b30>
3648,2020-05-31 23:00:00,<function <lambda> at 0x7fa4962879f0>,<function <lambda> at 0x7fa496287a90>,<function <lambda> at 0x7fa496287b30>
3649,2020-06-01 00:00:00,<function <lambda> at 0x7fa4962879f0>,<function <lambda> at 0x7fa496287a90>,<function <lambda> at 0x7fa496287b30>
3650,2020-06-01 01:00:00,<function <lambda> at 0x7fa4962879f0>,<function <lambda> at 0x7fa496287a90>,<function <lambda> at 0x7fa496287b30>
3651,2020-06-01 02:00:00,<function <lambda> at 0x7fa4962879f0>,<function <lambda> at 0x7fa496287a90>,<function <lambda> at 0x7fa496287b30>
3652,2020-06-01 03:00:00,<function <lambda> at 0x7fa4962879f0>,<function <lambda> at 0x7fa496287a90>,<function <lambda> at 0x7fa496287b30>
3653,2020-06-01 04:00:00,<function <lambda> at 0x7fa4962879f0>,<function <lambda> at 0x7fa496287a90>,<function <lambda> at 0x7fa496287b30>
3654,2020-06-01 05:00:00,<function <lambda> at 0x7fa4962879f0>,<function <lambda> at 0x7fa496287a90>,<function <lambda> at 0x7fa496287b30>
3655,2020-06-01 06:00:00,<function <lambda> at 0x7fa4962879f0>,<function <lambda> at 0x7fa496287a90>,<function <lambda> at 0x7fa496287b30>
3656,2020-06-01 07:00:00,<function <lambda> at 0x7fa4962879f0>,<function <lambda> at 0x7fa496287a90>,<function <lambda> at 0x7fa496287b30>
3657,2020-06-01 08:00:00,<function <lambda> at 0x7fa4962879f0>,<function <lambda> at 0x7fa496287a90>,<function <lambda> at 0x7fa496287b30>
3658,2020-06-01 09:00:00,<function <lambda> at 0x7fa4962879f0>,<function <lambda> at 0x7fa496287a90>,<function <lambda> at 0x7fa496287b30>
3659,2020-06-01 10:00:00,<function <lambda> at 0x7fa4962879f0>,<function <lambda> at 0x7fa496287a90>,<function <lambda> at 0x7fa496287b30>
3660,2020-06-01 11:00:00,<function <lambda> at 0x7fa4962879f0>,<function <lambda> at 0x7fa496287a90>,<function <lambda> at 0x7fa496287b30>
3661,2020-06-01 12:00:00,<function <lambda> at 0x7fa4962879f0>,<function <lambda> at 0x7fa496287a90>,<function <lambda> at 0x7fa496287b30>
3662,2020-06-01 13:00:00,<function <lambda> at 0x7fa4962879f0>,<function <lambda> at 0x7fa496287a90>,<function <lambda> at 0x7fa496287b30>
3663,2020-06-01 14:00:00,<function <lambda> at 0x7fa4962879f0>,<function <lambda> at 0x7fa496287a90>,<function <lambda> at 0x7fa496287b30>
3664,2020-06-01 15:00:00,<function <lambda> at 0x7fa4962879f0>,<function <lambda> at 0x7fa496287a90>,<function <lambda> at 0x7fa496287b30>
3665,2020-06-01 16:00:00,<function <lambda> at 0x7fa4962879f0>,<function <lambda> at 0x7fa496287a90>,<function <lambda> at 0x7fa496287b30>
3666,2020-06-01 17:00:00,<function <lambda> at 0x7fa4962879f0>,<function <lambda> at 0x7fa496287a90>,<function <lambda> at 0x7fa496287b30>
3667,2020-06-01 18:00:00,<function <lambda> at 0x7fa4962879f0>,<function <lambda> at 0x7fa496287a90>,<function <lambda> at 0x7fa496287b30>
3668,2020-06-01 19:00:00,<function <lambda> at 0x7fa4962879f0>,<function <lambda> at 0x7fa496287a90>,<function <lambda> at 0x7fa496287b30>
3669,2020-06-01 20:00:00,<function <lambda> at 0x7fa4962879f0>,<function <lambda> at 0x7fa496287a90>,<function <lambda> at 0x7fa496287b30>
3670,2020-06-01 21:00:00,<function <lambda> at 0x7fa4962879f0>,<function <lambda> at 0x7fa496287a90>,<function <lambda> at 0x7fa496287b30>
3671,2020-06-01 22:00:00,<function <lambda> at 0x7fa4962879f0>,<function <lambda> at 0x7fa496287a90>,<function <lambda> at 0x7fa496287b30>
3672,2020-06-01 23:00:00,<function <lambda> at 0x7fa4962879f0>,<function <lambda> at 0x7fa496287a90>,<function <lambda> at 0x7fa496287b30>
3673,2020-06-02 00:00:00,<function <lambda> at 0x7fa4962879f0>,<function <lambda> at 0x7fa496287a90>,<function <lambda> at 0x7fa496287b30>
3674,2020-06-02 01:00:00,<function <lambda> at 0x7fa4962879f0>,<function <lambda> at 0x7fa496287a90>,<function <lambda> at 0x7fa496287b30>
3675,2020-06-02 02:00:00,<function <lambda> at 0x7fa4962879f0>,<function <lambda> at 0x7fa496287a90>,<function <lambda> at 0x7fa496287b30>
3676,2020-06-02 03:00:00,<function <lambda> at 0x7fa4962879f0>,<function <lambda> at 0x7fa496287a90>,<function <lambda> at 0x7fa496287b30>
3677,2020-06-02 04:00:00,<function <lambda> at 0x7fa4962879f0>,<function <lambda> at 0x7fa496287a90>,<function <lambda> at 0x7fa496287b30>
3678,2020-06-02 05:00:00,<function <lambda> at 0x7fa4962879f0>,<function <lambda> at 0x7fa496287a90>,<function <lambda> at 0x7fa496287b30>
3679,2020-06-02 06:00:00,<function <lambda> at 0x7fa4962879f0>,<function <lambda> at 0x7fa496287a90>,<function <lambda> at 0x7fa496287b30>
3680,2020-06-02 07:00:00,<function <lambda> at 0x7fa4962879f0>,<function <lambda> at 0x7fa496287a90>,<function <lambda> at 0x7fa496287b30>
3681,2020-06-02 08:00:00,<function <lambda> at 0x7fa4962879f0>,<function <lambda> at 0x7fa496287a90>,<function <lambda> at 0x7fa496287b30>
3682,2020-06-02 09:00:00,<function <lambda> at 0x7fa4962879f0>,<function <lambda> at 0x7fa496287a90>,<function <lambda> at 0x7fa496287b30>
3683,2020-06-02 10:00:00,<function <lambda> at 0x7fa4962879f0>,<function <lambda> at 0x7fa496287a90>,<function <lambda> at 0x7fa496287b30>
3684,2020-06-02 11:00:00,<function <lambda> at 0x7fa4962879f0>,<function <lambda> at 0x7fa496287a90>,<function <lambda> at 0x7fa496287b30>
3685,2020-06-02 12:00:00,<function <lambda> at 0x7fa4962879f0>,<function <lambda> at 0x7fa496287a90>,<function <lambda> at 0x7fa496287b30>
3686,2020-06-02 13:00:00,<function <lambda> at 0x7fa4962879f0>,<function <lambda> at 0x7fa496287a90>,<function <lambda> at 0x7fa496287b30>
3687,2020-06-02 14:00:00,<function <lambda> at 0x7fa4962879f0>,<function <lambda> at 0x7fa496287a90>,<function <lambda> at 0x7fa496287b30>
3688,2020-06-02 15:00:00,<function <lambda> at 0x7fa4962879f0>,<function <lambda> at 0x7fa496287a90>,<function <lambda> at 0x7fa496287b30>
3689,2020-06-02 16:00:00,<function <lambda> at 0x7fa4962879f0>,<function <lambda> at 0x7fa496287a90>,<function <lambda> at 0x7fa496287b30>
3690,2020-06-02 17:00:00,<function <lambda> at 0x7fa4962879f0>,<function <lambda> at 0x7fa496287a90>,<function <lambda> at 0x7fa496287b30>
3691,2020-06-02 18:00:00,<function <lambda> at 0x7fa4962879f0>,<function <lambda> at 0x7fa496287a90>,<function <lambda> at 0x7fa496287b30>
3692,2020-06-02 19:00:00,<function <lambda> at 0x7fa4962879f0>,<function <lambda> at 0x7fa496287a90>,<function <lambda> at 0x7fa496287b30>
3693,2020-06-02 20:00:00,<function <lambda> at 0x7fa4962879f0>,<function <lambda> at 0x7fa496287a90>,<function <lambda> at 0x7fa496287b30>
3694,2020-06-02 21:00:00,<function <lambda> at 0x7fa4962879f0>,<function <lambda> at 0x7fa496287a90>,<function <lambda> at 0x7fa496287b30>
3695,2020-06-02 22:00:00,<function <lambda> at 0x7fa4962879f0>,<function <lambda> at 0x7fa496287a90>,<function <lambda> at 0x7fa496287b30>
3696,2020-06-02 23:00:00,<function <lambda> at 0x7fa4962879f0>,<function <lambda> at 0x7fa496287a90>,<function <lambda> at 0x7fa496287b30>
3697,2020-06-03 00:00:00,<function <lambda> at 0x7fa4962879f0>,<function <lambda> at 0x7fa496287a90>,<function <lambda> at 0x7fa496287b30>
3698,2020-06-03 01:00:00,<function <lambda> at 0x7fa4962879f0>,<function <lambda> at 0x7fa496287a90>,<function <lambda> at 0x7fa496287b30>
3699,2020-06-03 02:00:00,<function <lambda> at 0x7fa4962879f0>,<function <lambda> at 0x7fa496287a90>,<function <lambda> at 0x7fa496287b30>
3700,2020-06-03 03:00:00,<function <lambda> at 0x7fa4962879f0>,<function <lambda> at 0x7fa496287a90>,<function <lambda> at 0x7fa496287b30>
3701,2020-06-03 04:00:00,<function <lambda> at 0x7fa4962879f0>,<function <lambda> at 0x7fa496287a90>,<function <lambda> at 0x7fa496287b30>
3702,2020-06-03 05:00:00,<function <lambda> at 0x7fa4962879f0>,<function <lambda> at 0x7fa496287a90>,<function <lambda> at 0x7fa496287b30>
3703,2020-06-03 06:00:00,<function <lambda> at 0x7fa4962879f0>,<function <lambda> at 0x7fa496287a90>,<function <lambda> at 0x7fa496287b30>
3704,2020-06-03 07:00:00,<function <lambda> at 0x7fa4962879f0>,<function <lambda> at 0x7fa496287a90>,<function <lambda> at 0x7fa496287b30>
3705,2020-06-03 08:00:00,<function <lambda> at 0x7fa4962879f0>,<function <lambda> at 0x7fa496287a90>,<function <lambda> at 0x7fa496287b30>
3706,2020-06-03 09:00:00,<function <lambda> at 0x7fa4962879f0>,<function <lambda> at 0x7fa496287a90>,<function <lambda> at 0x7fa496287b30>
3707,2020-06-03 10:00:00,<function <lambda> at 0x7fa4962879f0>,<function <lambda> at 0x7fa496287a90>,<function <lambda> at 0x7fa496287b30>
3708,2020-06-03 11:00:00,<function <lambda> at 0x7fa4962879f0>,<function <lambda> at 0x7fa496287a90>,<function <lambda> at 0x7fa496287b30>
3709,2020-06-03 12:00:00,<function <lambda> at 0x7fa4962879f0>,<function <lambda> at 0x7fa496287a90>,<function <lambda> at 0x7fa496287b30>
3710,2020-06-03 13:00:00,<function <lambda> at 0x7fa4962879f0>,<function <lambda> at 0x7fa496287a90>,<function <lambda> at 0x7fa496287b30>
3711,2020-06-03 14:00:00,<function <lambda> at 0x7fa4962879f0>,<function <lambda> at 0x7fa496287a90>,<function <lambda> at 0x7fa496287b30>
3712,2020-06-03 15:00:00,<function <lambda> at 0x7fa4962879f0>,<function <lambda> at 0x7fa496287a90>,<function <lambda> at 0x7fa496287b30>
3713,2020-06-03 16:00:00,<function <lambda> at 0x7fa4962879f0>,<function <lambda> at 0x7fa496287a90>,<function <lambda> at 0x7fa496287b30>
3714,2020-06-03 17:00:00,<function <lambda> at 0x7fa4962879f0>,<function <lambda> at 0x7fa496287a90>,<function <lambda> at 0x7fa496287b30>
3715,2020-06-03 18:00:00,<function <lambda> at 0x7fa4962879f0>,<function <lambda> at 0x7fa496287a90>,<function <lambda> at 0x7fa496287b30>
3716,2020-06-03 19:00:00,<function <lambda> at 0x7fa4962879f0>,<function <lambda> at 0x7fa496287a90>,<function <lambda> at 0x7fa496287b30>
3717,2020-06-03 20:00:00,<function <lambda> at 0x7fa4962879f0>,<function <lambda> at 0x7fa496287a90>,<function <lambda> at 0x7fa496287b30>
3718,2020-06-03 21:00:00,<function <lambda> at 0x7fa4962879f0>,<function <lambda> at 0x7fa496287a90>,<function <lambda> at 0x7fa496287b30>
3719,2020-06-03 22:00:00,<function <lambda> at 0x7fa4962879f0>,<function <lambda> at 0x7fa496287a90>,<function <lambda> at 0x7fa496287b30>
3720,2020-06-03 23:00:00,<function <lambda> at 0x7fa4962879f0>,<function <lambda> at 0x7fa496287a90>,<function <lambda> at 0x7fa496287b30>
3721,2020-06-04 00:00:00,<function <lambda> at 0x7fa4962879f0>,<function <lambda> at 0x7fa496287a90>,<function <lambda> at 0x7fa496287b30>
3722,2020-06-04 01:00:00,<function <lambda> at 0x7fa4962879f0>,<function <lambda> at 0x7fa496287a90>,<function <lambda> at 0x7fa496287b30>
3723,2020-06-04 02:00:00,<function <lambda> at 0x7fa4962879f0>,<function <lambda> at 0x7fa496287a90>,<function <lambda> at 0x7fa496287b30>
3724,2020-06-04 03:00:00,<function <lambda> at 0x7fa4962879f0>,<function <lambda> at 0x7fa496287a90>,<function <lambda> at 0x7fa496287b30>
3725,2020-06-04 04:00:00,<function <lambda> at 0x7fa4962879f0>,<function <lambda> at 0x7fa496287a90>,<function <lambda> at 0x7fa496287b30>
3726,2020-06-04 05:00:00,<function <lambda> at 0x7fa4962879f0>,<function <lambda> at 0x7fa496287a90>,<function <lambda> at 0x7fa496287b30>
3727,2020-06-04 06:00:00,<function <lambda> at 0x7fa4962879f0>,<function <lambda> at 0x7fa496287a90>,<function <lambda> at 0x7fa496287b30>
3728,2020-06-04 07:00:00,<function <lambda> at 0x7fa4962879f0>,<function <lambda> at 0x7fa496287a90>,<function <lambda> at 0x7fa496287b30>
3729,2020-06-04 08:00:00,<function <lambda> at 0x7fa4962879f0>,<function <lambda> at 0x7fa496287a90>,<function <lambda> at 0x7fa496287b30>
3730,2020-06-04 09:00:00,<function <lambda> at 0x7fa4962879f0>,<function <lambda> at 0x7fa496287a90>,<function <lambda> at 0x7fa496287b30>
3731,2020-06-04 10:00:00,<function <lambda> at 0x7fa4962879f0>,<function <lambda> at 0x7fa496287a90>,<function <lambda> at 0x7fa496287b30>
3732,2020-06-04 11:00:00,<function <lambda> at 0x7fa4962879f0>,<function <lambda> at 0x7fa496287a90>,<function <lambda> at 0x7fa496287b30>
3733,2020-06-04 12:00:00,<function <lambda> at 0x7fa4962879f0>,<function <lambda> at 0x7fa496287a90>,<function <lambda> at 0x7fa496287b30>
3734,2020-06-04 13:00:00,<function <lambda> at 0x7fa4962879f0>,<function <lambda> at 0x7fa496287a90>,<function <lambda> at 0x7fa496287b30>
3735,2020-06-04 14:00:00,<function <lambda> at 0x7fa4962879f0>,<function <lambda> at 0x7fa496287a90>,<function <lambda> at 0x7fa496287b30>
3736,2020-06-04 15:00:00,<function <lambda> at 0x7fa4962879f0>,<function <lambda> at 0x7fa496287a90>,<function <lambda> at 0x7fa496287b30>
3737,2020-06-04 16:00:00,<function <lambda> at 0x7fa4962879f0>,<function <lambda> at 0x7fa496287a90>,<function <lambda> at 0x7fa496287b30>
3738,2020-06-04 17:00:00,<function <lambda> at 0x7fa4962879f0>,<function <lambda> at 0x7fa496287a90>,<function <lambda> at 0x7fa496287b30>
3739,2020-06-04 18:00:00,<function <lambda> at 0x7fa4962879f0>,<function <lambda> at 0x7fa496287a90>,<function <lambda> at 0x7fa496287b30>
3740,2020-06-04 19:00:00,<function <lambda> at 0x7fa4962879f0>,<function <lambda> at 0x7fa496287a90>,<function <lambda> at 0x7fa496287b30>
3741,2020-06-04 20:00:00,<function <lambda> at 0x7fa4962879f0>,<function <lambda> at 0x7fa496287a90>,<function <lambda> at 0x7fa496287b30>
3742,2020-06-04 21:00:00,<function <lambda> at 0x7fa4962879f0>,<function <lambda> at 0x7fa496287a90>,<function <lambda> at 0x7fa496287b30>
3743,2020-06-04 22:00:00,<function <lambda> at 0x7fa4962879f0>,<function <lambda> at 0x7fa496287a90>,<function <lambda> at 0x7fa496287b30>
3744,2020-06-04 23:00:00,<function <lambda> at 0x7fa4962879f0>,<function <lambda> at 0x7fa496287a90>,<function <lambda> at 0x7fa496287b30>
3745,2020-06-05 00:00:00,<function <lambda> at 0x7fa4962879f0>,<function <lambda> at 0x7fa496287a90>,<function <lambda> at 0x7fa496287b30>
3746,2020-06-05 01:00:00,<function <lambda> at 0x7fa4962879f0>,<function <lambda> at 0x7fa496287a90>,<function <lambda> at 0x7fa496287b30>
3747,2020-06-05 02:00:00,<function <lambda> at 0x7fa4962879f0>,<function <lambda> at 0x7fa496287a90>,<function <lambda> at 0x7fa496287b30>
3748,2020-06-05 03:00:00,<function <lambda> at 0x7fa4962879f0>,<function <lambda> at 0x7fa496287a90>,<function <lambda> at 0x7fa496287b30>
3749,2020-06-05 04:00:00,<function <lambda> at 0x7fa4962879f0>,<function <lambda> at 0x7fa496287a90>,<function <lambda> at 0x7fa496287b30>
3750,2020-06-05 05:00:00,<function <lambda> at 0x7fa4962879f0>,<function <lambda> at 0x7fa496287a90>,<function <lambda> at 0x7fa496287b30>
3751,2020-06-05 06:00:00,<function <lambda> at 0x7fa4962879f0>,<function <lambda> at 0x7fa496287a90>,<function <lambda> at 0x7fa496287b30>
3752,2020-06-05 07:00:00,<function <lambda> at 0x7fa4962879f0>,<function <lambda> at 0x7fa496287a90>,<function <lambda> at 0x7fa496287b30>
3753,2020-06-05 08:00:00,<function <lambda> at 0x7fa4962879f0>,<function <lambda> at 0x7fa496287a90>,<function <lambda> at 0x7fa496287b30>
3754,2020-06-05 09:00:00,<function <lambda> at 0x7fa4962879f0>,<function <lambda> at 0x7fa496287a90>,<function <lambda> at 0x7fa496287b30>
3755,2020-06-05 10:00:00,<function <lambda> at 0x7fa4962879f0>,<function <lambda> at 0x7fa496287a90>,<function <lambda> at 0x7fa496287b30>
3756,2020-06-05 11:00:00,<function <lambda> at 0x7fa4962879f0>,<function <lambda> at 0x7fa496287a90>,<function <lambda> at 0x7fa496287b30>
3757,2020-06-05 12:00:00,<function <lambda> at 0x7fa4962879f0>,<function <lambda> at 0x7fa496287a90>,<function <lambda> at 0x7fa496287b30>
3758,2020-06-05 13:00:00,<function <lambda> at 0x7fa4962879f0>,<function <lambda> at 0x7fa496287a90>,<function <lambda> at 0x7fa496287b30>
3759,2020-06-05 14:00:00,<function <lambda> at 0x7fa4962879f0>,<function <lambda> at 0x7fa496287a90>,<function <lambda> at 0x7fa496287b30>
3760,2020-06-05 15:00:00,<function <lambda> at 0x7fa4962879f0>,<function <lambda> at 0x7fa496287a90>,<function <lambda> at 0x7fa496287b30>
3761,2020-06-05 16:00:00,<function <lambda> at 0x7fa4962879f0>,<function <lambda> at 0x7fa496287a90>,<function <lambda> at 0x7fa496287b30>
3762,2020-06-05 17:00:00,<function <lambda> at 0x7fa4962879f0>,<function <lambda> at 0x7fa496287a90>,<function <lambda> at 0x7fa496287b30>
3763,2020-06-05 18:00:00,<function <lambda> at 0x7fa4962879f0>,<function <lambda> at 0x7fa496287a90>,<function <lambda> at 0x7fa496287b30>
3764,2020-06-05 19:00:00,<function <lambda> at 0x7fa4962879f0>,<function <lambda> at 0x7fa496287a90>,<function <lambda> at 0x7fa496287b30>
3765,2020-06-05 20:00:00,<function <lambda> at 0x7fa4962879f0>,<function <lambda> at 0x7fa496287a90>,<function <lambda> at 0x7fa496287b30>
3766,2020-06-05 21:00:00,<function <lambda> at 0x7fa4962879f0>,<function <lambda> at 0x7fa496287a90>,<function <lambda> at 0x7fa496287b30>
3767,2020-06-05 22:00:00,<function <lambda> at 0x7fa4962879f0>,<function <lambda> at 0x7fa496287a90>,<function <lambda> at 0x7fa496287b30>
3768,2020-06-05 23:00:00,<function <lambda> at 0x7fa4962879f0>,<function <lambda> at 0x7fa496287a90>,<function <lambda> at 0x7fa496287b30>
3769,2020-06-06 00:00:00,<function <lambda> at 0x7fa4962879f0>,<function <lambda> at 0x7fa496287a90>,<function <lambda> at 0x7fa496287b30>
3770,2020-06-06 01:00:00,<function <lambda> at 0x7fa4962879f0>,<function <lambda> at 0x7fa496287a90>,<function <lambda> at 0x7fa496287b30>
3771,2020-06-06 02:00:00,<function <lambda> at 0x7fa4962879f0>,<function <lambda> at 0x7fa496287a90>,<function <lambda> at 0x7fa496287b30>
3772,2020-06-06 03:00:00,<function <lambda> at 0x7fa4962879f0>,<function <lambda> at 0x7fa496287a90>,<function <lambda> at 0x7fa496287b30>
3773,2020-06-06 04:00:00,<function <lambda> at 0x7fa4962879f0>,<function <lambda> at 0x7fa496287a90>,<function <lambda> at 0x7fa496287b30>
3774,2020-06-06 05:00:00,<function <lambda> at 0x7fa4962879f0>,<function <lambda> at 0x7fa496287a90>,<function <lambda> at 0x7fa496287b30>
3775,2020-06-06 06:00:00,<function <lambda> at 0x7fa4962879f0>,<function <lambda> at 0x7fa496287a90>,<function <lambda> at 0x7fa496287b30>
3776,2020-06-06 07:00:00,<function <lambda> at 0x7fa4962879f0>,<function <lambda> at 0x7fa496287a90>,<function <lambda> at 0x7fa496287b30>
3777,2020-06-06 08:00:00,<function <lambda> at 0x7fa4962879f0>,<function <lambda> at 0x7fa496287a90>,<function <lambda> at 0x7fa496287b30>
3778,2020-06-06 09:00:00,<function <lambda> at 0x7fa4962879f0>,<function <lambda> at 0x7fa496287a90>,<function <lambda> at 0x7fa496287b30>
3779,2020-06-06 10:00:00,<function <lambda> at 0x7fa4962879f0>,<function <lambda> at 0x7fa496287a90>,<function <lambda> at 0x7fa496287b30>
3780,2020-06-06 11:00:00,<function <lambda> at 0x7fa4962879f0>,<function <lambda> at 0x7fa496287a90>,<function <lambda> at 0x7fa496287b30>
3781,2020-06-06 12:00:00,<function <lambda> at 0x7fa4962879f0>,<function <lambda> at 0x7fa496287a90>,<function <lambda> at 0x7fa496287b30>
3782,2020-06-06 13:00:00,<function <lambda> at 0x7fa4962879f0>,<function <lambda> at 0x7fa496287a90>,<function <lambda> at 0x7fa496287b30>
3783,2020-06-06 14:00:00,<function <lambda> at 0x7fa4962879f0>,<function <lambda> at 0x7fa496287a90>,<function <lambda> at 0x7fa496287b30>
3784,2020-06-06 15:00:00,<function <lambda> at 0x7fa4962879f0>,<function <lambda> at 0x7fa496287a90>,<function <lambda> at 0x7fa496287b30>
3785,2020-06-06 16:00:00,<function <lambda> at 0x7fa4962879f0>,<function <lambda> at 0x7fa496287a90>,<function <lambda> at 0x7fa496287b30>
3786,2020-06-06 17:00:00,<function <lambda> at 0x7fa4962879f0>,<function <lambda> at 0x7fa496287a90>,<function <lambda> at 0x7fa496287b30>
3787,2020-06-06 18:00:00,<function <lambda> at 0x7fa4962879f0>,<function <lambda> at 0x7fa496287a90>,<function <lambda> at 0x7fa496287b30>
3788,2020-06-06 19:00:00,<function <lambda> at 0x7fa4962879f0>,<function <lambda> at 0x7fa496287a90>,<function <lambda> at 0x7fa496287b30>
3789,2020-06-06 20:00:00,<function <lambda> at 0x7fa4962879f0>,<function <lambda> at 0x7fa496287a90>,<function <lambda> at 0x7fa496287b30>
3790,2020-06-06 21:00:00,<function <lambda> at 0x7fa4962879f0>,<function <lambda> at 0x7fa496287a90>,<function <lambda> at 0x7fa496287b30>
3791,2020-06-06 22:00:00,<function <lambda> at 0x7fa4962879f0>,<function <lambda> at 0x7fa496287a90>,<function <lambda> at 0x7fa496287b30>
3792,2020-06-06 23:00:00,<function <lambda> at 0x7fa4962879f0>,<function <lambda> at 0x7fa496287a90>,<function <lambda> at 0x7fa496287b30>
3793,2020-06-07 00:00:00,<function <lambda> at 0x7fa4962879f0>,<function <lambda> at 0x7fa496287a90>,<function <lambda> at 0x7fa496287b30>
3794,2020-06-07 01:00:00,<function <lambda> at 0x7fa4962879f0>,<function <lambda> at 0x7fa496287a90>,<function <lambda> at 0x7fa496287b30>
3795,2020-06-07 02:00:00,<function <lambda> at 0x7fa4962879f0>,<function <lambda> at 0x7fa496287a90>,<function <lambda> at 0x7fa496287b30>
3796,2020-06-07 03:00:00,<function <lambda> at 0x7fa4962879f0>,<function <lambda> at 0x7fa496287a90>,<function <lambda> at 0x7fa496287b30>
3797,2020-06-07 04:00:00,<function <lambda> at 0x7fa4962879f0>,<function <lambda> at 0x7fa496287a90>,<function <lambda> at 0x7fa496287b30>
3798,2020-06-07 05:00:00,<function <lambda> at 0x7fa4962879f0>,<function <lambda> at 0x7fa496287a90>,<function <lambda> at 0x7fa496287b30>
3799,2020-06-07 06:00:00,<function <lambda> at 0x7fa4962879f0>,<function <lambda> at 0x7fa496287a90>,<function <lambda> at 0x7fa496287b30>
3800,2020-06-07 07:00:00,<function <lambda> at 0x7fa4962879f0>,<function <lambda> at 0x7fa496287a90>,<function <lambda> at 0x7fa496287b30>
3801,2020-06-07 08:00:00,<function <lambda> at 0x7fa4962879f0>,<function <lambda> at 0x7fa496287a90>,<function <lambda> at 0x7fa496287b30>
3802,2020-06-07 09:00:00,<function <lambda> at 0x7fa4962879f0>,<function <lambda> at 0x7fa496287a90>,<function <lambda> at 0x7fa496287b30>
3803,2020-06-07 10:00:00,<function <lambda> at 0x7fa4962879f0>,<function <lambda> at 0x7fa496287a90>,<function <lambda> at 0x7fa496287b30>
3804,2020-06-07 11:00:00,<function <lambda> at 0x7fa4962879f0>,<function <lambda> at 0x7fa496287a90>,<function <lambda> at 0x7fa496287b30>
3805,2020-06-07 12:00:00,<function <lambda> at 0x7fa4962879f0>,<function <lambda> at 0x7fa496287a90>,<function <lambda> at 0x7fa496287b30>
3806,2020-06-07 13:00:00,<function <lambda> at 0x7fa4962879f0>,<function <lambda> at 0x7fa496287a90>,<function <lambda> at 0x7fa496287b30>
3807,2020-06-07 14:00:00,<function <lambda> at 0x7fa4962879f0>,<function <lambda> at 0x7fa496287a90>,<function <lambda> at 0x7fa496287b30>
3808,2020-06-07 15:00:00,<function <lambda> at 0x7fa4962879f0>,<function <lambda> at 0x7fa496287a90>,<function <lambda> at 0x7fa496287b30>
3809,2020-06-07 16:00:00,<function <lambda> at 0x7fa4962879f0>,<function <lambda> at 0x7fa496287a90>,<function <lambda> at 0x7fa496287b30>
3810,2020-06-07 17:00:00,<function <lambda> at 0x7fa4962879f0>,<function <lambda> at 0x7fa496287a90>,<function <lambda> at 0x7fa496287b30>
3811,2020-06-07 18:00:00,<function <lambda> at 0x7fa4962879f0>,<function <lambda> at 0x7fa496287a90>,<function <lambda> at 0x7fa496287b30>
3812,2020-06-07 19:00:00,<function <lambda> at 0x7fa4962879f0>,<function <lambda> at 0x7fa496287a90>,<function <lambda> at 0x7fa496287b30>
3813,2020-06-07 20:00:00,<function <lambda> at 0x7fa4962879f0>,<function <lambda> at 0x7fa496287a90>,<function <lambda> at 0x7fa496287b30>
3814,2020-06-07 21:00:00,<function <lambda> at 0x7fa4962879f0>,<function <lambda> at 0x7fa496287a90>,<function <lambda> at 0x7fa496287b30>
3815,2020-06-07 22:00:00,<function <lambda> at 0x7fa4962879f0>,<function <lambda> at 0x7fa496287a90>,<function <lambda> at 0x7fa496287b30>
3816,2020-06-07 23:00:00,<function <lambda> at 0x7fa4962879f0>,<function <lambda> at 0x7fa496287a90>,<function <lambda> at 0x7fa496287b30>
3817,2020-06-08 00:00:00,<function <lambda> at 0x7fa4962879f0>,<function <lambda> at 0x7fa496287a90>,<function <lambda> at 0x7fa496287b30>
3818,2020-06-08 01:00:00,<function <lambda> at 0x7fa4962879f0>,<function <lambda> at 0x7fa496287a90>,<function <lambda> at 0x7fa496287b30>
3819,2020-06-08 02:00:00,<function <lambda> at 0x7fa4962879f0>,<function <lambda> at 0x7fa496287a90>,<function <lambda> at 0x7fa496287b30>
3820,2020-06-08 03:00:00,<function <lambda> at 0x7fa4962879f0>,<function <lambda> at 0x7fa496287a90>,<function <lambda> at 0x7fa496287b30>
3821,2020-06-08 04:00:00,<function <lambda> at 0x7fa4962879f0>,<function <lambda> at 0x7fa496287a90>,<function <lambda> at 0x7fa496287b30>
3822,2020-06-08 05:00:00,<function <lambda> at 0x7fa4962879f0>,<function <lambda> at 0x7fa496287a90>,<function <lambda> at 0x7fa496287b30>
3823,2020-06-08 06:00:00,<function <lambda> at 0x7fa4962879f0>,<function <lambda> at 0x7fa496287a90>,<function <lambda> at 0x7fa496287b30>
3824,2020-06-08 07:00:00,<function <lambda> at 0x7fa4962879f0>,<function <lambda> at 0x7fa496287a90>,<function <lambda> at 0x7fa496287b30>
3825,2020-06-08 08:00:00,<function <lambda> at 0x7fa4962879f0>,<function <lambda> at 0x7fa496287a90>,<function <lambda> at 0x7fa496287b30>
3826,2020-06-08 09:00:00,<function <lambda> at 0x7fa4962879f0>,<function <lambda> at 0x7fa496287a90>,<function <lambda> at 0x7fa496287b30>
3827,2020-06-08 10:00:00,<function <lambda> at 0x7fa4962879f0>,<function <lambda> at 0x7fa496287a90>,<function <lambda> at 0x7fa496287b30>
3828,2020-06-08 11:00:00,<function <lambda> at 0x7fa4962879f0>,<function <lambda> at 0x7fa496287a90>,<function <lambda> at 0x7fa496287b30>
3829,2020-06-08 12:00:00,<function <lambda> at 0x7fa4962879f0>,<function <lambda> at 0x7fa496287a90>,<function <lambda> at 0x7fa496287b30>
3830,2020-06-08 13:00:00,<function <lambda> at 0x7fa4962879f0>,<function <lambda> at 0x7fa496287a90>,<function <lambda> at 0x7fa496287b30>
3831,2020-06-08 14:00:00,<function <lambda> at 0x7fa4962879f0>,<function <lambda> at 0x7fa496287a90>,<function <lambda> at 0x7fa496287b30>
3832,2020-06-08 15:00:00,<function <lambda> at 0x7fa4962879f0>,<function <lambda> at 0x7fa496287a90>,<function <lambda> at 0x7fa496287b30>
3833,2020-06-08 16:00:00,<function <lambda> at 0x7fa4962879f0>,<function <lambda> at 0x7fa496287a90>,<function <lambda> at 0x7fa496287b30>
3834,2020-06-08 17:00:00,<function <lambda> at 0x7fa4962879f0>,<function <lambda> at 0x7fa496287a90>,<function <lambda> at 0x7fa496287b30>
3835,2020-06-08 18:00:00,<function <lambda> at 0x7fa4962879f0>,<function <lambda> at 0x7fa496287a90>,<function <lambda> at 0x7fa496287b30>
3836,2020-06-08 19:00:00,<function <lambda> at 0x7fa4962879f0>,<function <lambda> at 0x7fa496287a90>,<function <lambda> at 0x7fa496287b30>
3837,2020-06-08 20:00:00,<function <lambda> at 0x7fa4962879f0>,<function <lambda> at 0x7fa496287a90>,<function <lambda> at 0x7fa496287b30>
3838,2020-06-08 21:00:00,<function <lambda> at 0x7fa4962879f0>,<function <lambda> at 0x7fa496287a90>,<function <lambda> at 0x7fa496287b30>
3839,2020-06-08 22:00:00,<function <lambda> at 0x7fa4962879f0>,<function <lambda> at 0x7fa496287a90>,<function <lambda> at 0x7fa496287b30>
3840,2020-06-08 23:00:00,<function <lambda> at 0x7fa4962879f0>,<function <lambda> at 0x7fa496287a90>,<function <lambda> at 0x7fa496287b30>
3841,2020-06-09 00:00:00,<function <lambda> at 0x7fa4962879f0>,<function <lambda> at 0x7fa496287a90>,<function <lambda> at 0x7fa496287b30>
3842,2020-06-09 01:00:00,<function <lambda> at 0x7fa4962879f0>,<function <lambda> at 0x7fa496287a90>,<function <lambda> at 0x7fa496287b30>
3843,2020-06-09 02:00:00,<function <lambda> at 0x7fa4962879f0>,<function <lambda> at 0x7fa496287a90>,<function <lambda> at 0x7fa496287b30>
3844,2020-06-09 03:00:00,<function <lambda> at 0x7fa4962879f0>,<function <lambda> at 0x7fa496287a90>,<function <lambda> at 0x7fa496287b30>
3845,2020-06-09 04:00:00,<function <lambda> at 0x7fa4962879f0>,<function <lambda> at 0x7fa496287a90>,<function <lambda> at 0x7fa496287b30>
3846,2020-06-09 05:00:00,<function <lambda> at 0x7fa4962879f0>,<function <lambda> at 0x7fa496287a90>,<function <lambda> at 0x7fa496287b30>
3847,2020-06-09 06:00:00,<function <lambda> at 0x7fa4962879f0>,<function <lambda> at 0x7fa496287a90>,<function <lambda> at 0x7fa496287b30>
3848,2020-06-09 07:00:00,<function <lambda> at 0x7fa4962879f0>,<function <lambda> at 0x7fa496287a90>,<function <lambda> at 0x7fa496287b30>
3849,2020-06-09 08:00:00,<function <lambda> at 0x7fa4962879f0>,<function <lambda> at 0x7fa496287a90>,<function <lambda> at 0x7fa496287b30>
3850,2020-06-09 09:00:00,<function <lambda> at 0x7fa4962879f0>,<function <lambda> at 0x7fa496287a90>,<function <lambda> at 0x7fa496287b30>
3851,2020-06-09 10:00:00,<function <lambda> at 0x7fa4962879f0>,<function <lambda> at 0x7fa496287a90>,<function <lambda> at 0x7fa496287b30>
3852,2020-06-09 11:00:00,<function <lambda> at 0x7fa4962879f0>,<function <lambda> at 0x7fa496287a90>,<function <lambda> at 0x7fa496287b30>
3853,2020-06-09 12:00:00,<function <lambda> at 0x7fa4962879f0>,<function <lambda> at 0x7fa496287a90>,<function <lambda> at 0x7fa496287b30>
3854,2020-06-09 13:00:00,<function <lambda> at 0x7fa4962879f0>,<function <lambda> at 0x7fa496287a90>,<function <lambda> at 0x7fa496287b30>
3855,2020-06-09 14:00:00,<function <lambda> at 0x7fa4962879f0>,<function <lambda> at 0x7fa496287a90>,<function <lambda> at 0x7fa496287b30>
3856,2020-06-09 15:00:00,<function <lambda> at 0x7fa4962879f0>,<function <lambda> at 0x7fa496287a90>,<function <lambda> at 0x7fa496287b30>
3857,2020-06-09 16:00:00,<function <lambda> at 0x7fa4962879f0>,<function <lambda> at 0x7fa496287a90>,<function <lambda> at 0x7fa496287b30>
3858,2020-06-09 17:00:00,<function <lambda> at 0x7fa4962879f0>,<function <lambda> at 0x7fa496287a90>,<function <lambda> at 0x7fa496287b30>
3859,2020-06-09 18:00:00,<function <lambda> at 0x7fa4962879f0>,<function <lambda> at 0x7fa496287a90>,<function <lambda> at 0x7fa496287b30>
3860,2020-06-09 19:00:00,<function <lambda> at 0x7fa4962879f0>,<function <lambda> at 0x7fa496287a90>,<function <lambda> at 0x7fa496287b30>
3861,2020-06-09 20:00:00,<function <lambda> at 0x7fa4962879f0>,<function <lambda> at 0x7fa496287a90>,<function <lambda> at 0x7fa496287b30>
3862,2020-06-09 21:00:00,<function <lambda> at 0x7fa4962879f0>,<function <lambda> at 0x7fa496287a90>,<function <lambda> at 0x7fa496287b30>
3863,2020-06-09 22:00:00,<function <lambda> at 0x7fa4962879f0>,<function <lambda> at 0x7fa496287a90>,<function <lambda> at 0x7fa496287b30>
3864,2020-06-09 23:00:00,<function <lambda> at 0x7fa4962879f0>,<function <lambda> at 0x7fa496287a90>,<function <lambda> at 0x7fa496287b30>
3865,2020-06-10 00:00:00,<function <lambda> at 0x7fa4962879f0>,<function <lambda> at 0x7fa496287a90>,<function <lambda> at 0x7fa496287b30>
3866,2020-06-10 01:00:00,<function <lambda> at 0x7fa4962879f0>,<function <lambda> at 0x7fa496287a90>,<function <lambda> at 0x7fa496287b30>
3867,2020-06-10 02:00:00,<function <lambda> at 0x7fa4962879f0>,<function <lambda> at 0x7fa496287a90>,<function <lambda> at 0x7fa496287b30>
3868,2020-06-10 03:00:00,<function <lambda> at 0x7fa4962879f0>,<function <lambda> at 0x7fa496287a90>,<function <lambda> at 0x7fa496287b30>
3869,2020-06-10 04:00:00,<function <lambda> at 0x7fa4962879f0>,<function <lambda> at 0x7fa496287a90>,<function <lambda> at 0x7fa496287b30>
3870,2020-06-10 05:00:00,<function <lambda> at 0x7fa4962879f0>,<function <lambda> at 0x7fa496287a90>,<function <lambda> at 0x7fa496287b30>
3871,2020-06-10 06:00:00,<function <lambda> at 0x7fa4962879f0>,<function <lambda> at 0x7fa496287a90>,<function <lambda> at 0x7fa496287b30>
3872,2020-06-10 07:00:00,<function <lambda> at 0x7fa4962879f0>,<function <lambda> at 0x7fa496287a90>,<function <lambda> at 0x7fa496287b30>
3873,2020-06-10 08:00:00,<function <lambda> at 0x7fa4962879f0>,<function <lambda> at 0x7fa496287a90>,<function <lambda> at 0x7fa496287b30>
3874,2020-06-10 09:00:00,<function <lambda> at 0x7fa4962879f0>,<function <lambda> at 0x7fa496287a90>,<function <lambda> at 0x7fa496287b30>
3875,2020-06-10 10:00:00,<function <lambda> at 0x7fa4962879f0>,<function <lambda> at 0x7fa496287a90>,<function <lambda> at 0x7fa496287b30>
3876,2020-06-10 11:00:00,<function <lambda> at 0x7fa4962879f0>,<function <lambda> at 0x7fa496287a90>,<function <lambda> at 0x7fa496287b30>
3877,2020-06-10 12:00:00,<function <lambda> at 0x7fa4962879f0>,<function <lambda> at 0x7fa496287a90>,<function <lambda> at 0x7fa496287b30>
3878,2020-06-10 13:00:00,<function <lambda> at 0x7fa4962879f0>,<function <lambda> at 0x7fa496287a90>,<function <lambda> at 0x7fa496287b30>
3879,2020-06-10 14:00:00,<function <lambda> at 0x7fa4962879f0>,<function <lambda> at 0x7fa496287a90>,<function <lambda> at 0x7fa496287b30>
3880,2020-06-10 15:00:00,<function <lambda> at 0x7fa4962879f0>,<function <lambda> at 0x7fa496287a90>,<function <lambda> at 0x7fa496287b30>
3881,2020-06-10 16:00:00,<function <lambda> at 0x7fa4962879f0>,<function <lambda> at 0x7fa496287a90>,<function <lambda> at 0x7fa496287b30>
3882,2020-06-10 17:00:00,<function <lambda> at 0x7fa4962879f0>,<function <lambda> at 0x7fa496287a90>,<function <lambda> at 0x7fa496287b30>
3883,2020-06-10 18:00:00,<function <lambda> at 0x7fa4962879f0>,<function <lambda> at 0x7fa496287a90>,<function <lambda> at 0x7fa496287b30>
3884,2020-06-10 19:00:00,<function <lambda> at 0x7fa4962879f0>,<function <lambda> at 0x7fa496287a90>,<function <lambda> at 0x7fa496287b30>
3885,2020-06-10 20:00:00,<function <lambda> at 0x7fa4962879f0>,<function <lambda> at 0x7fa496287a90>,<function <lambda> at 0x7fa496287b30>
3886,2020-06-10 21:00:00,<function <lambda> at 0x7fa4962879f0>,<function <lambda> at 0x7fa496287a90>,<function <lambda> at 0x7fa496287b30>
3887,2020-06-10 22:00:00,<function <lambda> at 0x7fa4962879f0>,<function <lambda> at 0x7fa496287a90>,<function <lambda> at 0x7fa496287b30>
3888,2020-06-10 23:00:00,<function <lambda> at 0x7fa4962879f0>,<function <lambda> at 0x7fa496287a90>,<function <lambda> at 0x7fa496287b30>
3889,2020-06-11 00:00:00,<function <lambda> at 0x7fa4962879f0>,<function <lambda> at 0x7fa496287a90>,<function <lambda> at 0x7fa496287b30>
3890,2020-06-11 01:00:00,<function <lambda> at 0x7fa4962879f0>,<function <lambda> at 0x7fa496287a90>,<function <lambda> at 0x7fa496287b30>
3891,2020-06-11 02:00:00,<function <lambda> at 0x7fa4962879f0>,<function <lambda> at 0x7fa496287a90>,<function <lambda> at 0x7fa496287b30>
3892,2020-06-11 03:00:00,<function <lambda> at 0x7fa4962879f0>,<function <lambda> at 0x7fa496287a90>,<function <lambda> at 0x7fa496287b30>
3893,2020-06-11 04:00:00,<function <lambda> at 0x7fa4962879f0>,<function <lambda> at 0x7fa496287a90>,<function <lambda> at 0x7fa496287b30>
3894,2020-06-11 05:00:00,<function <lambda> at 0x7fa4962879f0>,<function <lambda> at 0x7fa496287a90>,<function <lambda> at 0x7fa496287b30>
3895,2020-06-11 06:00:00,<function <lambda> at 0x7fa4962879f0>,<function <lambda> at 0x7fa496287a90>,<function <lambda> at 0x7fa496287b30>
3896,2020-06-11 07:00:00,<function <lambda> at 0x7fa4962879f0>,<function <lambda> at 0x7fa496287a90>,<function <lambda> at 0x7fa496287b30>
3897,2020-06-11 08:00:00,<function <lambda> at 0x7fa4962879f0>,<function <lambda> at 0x7fa496287a90>,<function <lambda> at 0x7fa496287b30>
3898,2020-06-11 09:00:00,<function <lambda> at 0x7fa4962879f0>,<function <lambda> at 0x7fa496287a90>,<function <lambda> at 0x7fa496287b30>
3899,2020-06-11 10:00:00,<function <lambda> at 0x7fa4962879f0>,<function <lambda> at 0x7fa496287a90>,<function <lambda> at 0x7fa496287b30>
3900,2020-06-11 11:00:00,<function <lambda> at 0x7fa4962879f0>,<function <lambda> at 0x7fa496287a90>,<function <lambda> at 0x7fa496287b30>
3901,2020-06-11 12:00:00,<function <lambda> at 0x7fa4962879f0>,<function <lambda> at 0x7fa496287a90>,<function <lambda> at 0x7fa496287b30>
3902,2020-06-11 13:00:00,<function <lambda> at 0x7fa4962879f0>,<function <lambda> at 0x7fa496287a90>,<function <lambda> at 0x7fa496287b30>
3903,2020-06-11 14:00:00,<function <lambda> at 0x7fa4962879f0>,<function <lambda> at 0x7fa496287a90>,<function <lambda> at 0x7fa496287b30>
3904,2020-06-11 15:00:00,<function <lambda> at 0x7fa4962879f0>,<function <lambda> at 0x7fa496287a90>,<function <lambda> at 0x7fa496287b30>
3905,2020-06-11 16:00:00,<function <lambda> at 0x7fa4962879f0>,<function <lambda> at 0x7fa496287a90>,<function <lambda> at 0x7fa496287b30>
3906,2020-06-11 17:00:00,<function <lambda> at 0x7fa4962879f0>,<function <lambda> at 0x7fa496287a90>,<function <lambda> at 0x7fa496287b30>
3907,2020-06-11 18:00:00,<function <lambda> at 0x7fa4962879f0>,<function <lambda> at 0x7fa496287a90>,<function <lambda> at 0x7fa496287b30>
3908,2020-06-11 19:00:00,<function <lambda> at 0x7fa4962879f0>,<function <lambda> at 0x7fa496287a90>,<function <lambda> at 0x7fa496287b30>
3909,2020-06-11 20:00:00,<function <lambda> at 0x7fa4962879f0>,<function <lambda> at 0x7fa496287a90>,<function <lambda> at 0x7fa496287b30>
3910,2020-06-11 21:00:00,<function <lambda> at 0x7fa4962879f0>,<function <lambda> at 0x7fa496287a90>,<function <lambda> at 0x7fa496287b30>
3911,2020-06-11 22:00:00,<function <lambda> at 0x7fa4962879f0>,<function <lambda> at 0x7fa496287a90>,<function <lambda> at 0x7fa496287b30>
3912,2020-06-11 23:00:00,<function <lambda> at 0x7fa4962879f0>,<function <lambda> at 0x7fa496287a90>,<function <lambda> at 0x7fa496287b30>
3913,2020-06-12 00:00:00,<function <lambda> at 0x7fa4962879f0>,<function <lambda> at 0x7fa496287a90>,<function <lambda> at 0x7fa496287b30>
3914,2020-06-12 01:00:00,<function <lambda> at 0x7fa4962879f0>,<function <lambda> at 0x7fa496287a90>,<function <lambda> at 0x7fa496287b30>
3915,2020-06-12 02:00:00,<function <lambda> at 0x7fa4962879f0>,<function <lambda> at 0x7fa496287a90>,<function <lambda> at 0x7fa496287b30>
3916,2020-06-12 03:00:00,<function <lambda> at 0x7fa4962879f0>,<function <lambda> at 0x7fa496287a90>,<function <lambda> at 0x7fa496287b30>
3917,2020-06-12 04:00:00,<function <lambda> at 0x7fa4962879f0>,<function <lambda> at 0x7fa496287a90>,<function <lambda> at 0x7fa496287b30>
3918,2020-06-12 05:00:00,<function <lambda> at 0x7fa4962879f0>,<function <lambda> at 0x7fa496287a90>,<function <lambda> at 0x7fa496287b30>
3919,2020-06-12 06:00:00,<function <lambda> at 0x7fa4962879f0>,<function <lambda> at 0x7fa496287a90>,<function <lambda> at 0x7fa496287b30>
3920,2020-06-12 07:00:00,<function <lambda> at 0x7fa4962879f0>,<function <lambda> at 0x7fa496287a90>,<function <lambda> at 0x7fa496287b30>
3921,2020-06-12 08:00:00,<function <lambda> at 0x7fa4962879f0>,<function <lambda> at 0x7fa496287a90>,<function <lambda> at 0x7fa496287b30>
3922,2020-06-12 09:00:00,<function <lambda> at 0x7fa4962879f0>,<function <lambda> at 0x7fa496287a90>,<function <lambda> at 0x7fa496287b30>
3923,2020-06-12 10:00:00,<function <lambda> at 0x7fa4962879f0>,<function <lambda> at 0x7fa496287a90>,<function <lambda> at 0x7fa496287b30>
3924,2020-06-12 11:00:00,<function <lambda> at 0x7fa4962879f0>,<function <lambda> at 0x7fa496287a90>,<function <lambda> at 0x7fa496287b30>
3925,2020-06-12 12:00:00,<function <lambda> at 0x7fa4962879f0>,<function <lambda> at 0x7fa496287a90>,<function <lambda> at 0x7fa496287b30>
3926,2020-06-12 13:00:00,<function <lambda> at 0x7fa4962879f0>,<function <lambda> at 0x7fa496287a90>,<function <lambda> at 0x7fa496287b30>
3927,2020-06-12 14:00:00,<function <lambda> at 0x7fa4962879f0>,<function <lambda> at 0x7fa496287a90>,<function <lambda> at 0x7fa496287b30>
3928,2020-06-12 15:00:00,<function <lambda> at 0x7fa4962879f0>,<function <lambda> at 0x7fa496287a90>,<function <lambda> at 0x7fa496287b30>
3929,2020-06-12 16:00:00,<function <lambda> at 0x7fa4962879f0>,<function <lambda> at 0x7fa496287a90>,<function <lambda> at 0x7fa496287b30>
3930,2020-06-12 17:00:00,<function <lambda> at 0x7fa4962879f0>,<function <lambda> at 0x7fa496287a90>,<function <lambda> at 0x7fa496287b30>
3931,2020-06-12 18:00:00,<function <lambda> at 0x7fa4962879f0>,<function <lambda> at 0x7fa496287a90>,<function <lambda> at 0x7fa496287b30>
3932,2020-06-12 19:00:00,<function <lambda> at 0x7fa4962879f0>,<function <lambda> at 0x7fa496287a90>,<function <lambda> at 0x7fa496287b30>
3933,2020-06-12 20:00:00,<function <lambda> at 0x7fa4962879f0>,<function <lambda> at 0x7fa496287a90>,<function <lambda> at 0x7fa496287b30>
3934,2020-06-12 21:00:00,<function <lambda> at 0x7fa4962879f0>,<function <lambda> at 0x7fa496287a90>,<function <lambda> at 0x7fa496287b30>
3935,2020-06-12 22:00:00,<function <lambda> at 0x7fa4962879f0>,<function <lambda> at 0x7fa496287a90>,<function <lambda> at 0x7fa496287b30>
3936,2020-06-12 23:00:00,<function <lambda> at 0x7fa4962879f0>,<function <lambda> at 0x7fa496287a90>,<function <lambda> at 0x7fa496287b30>
3937,2020-06-13 00:00:00,<function <lambda> at 0x7fa4962879f0>,<function <lambda> at 0x7fa496287a90>,<function <lambda> at 0x7fa496287b30>
3938,2020-06-13 01:00:00,<function <lambda> at 0x7fa4962879f0>,<function <lambda> at 0x7fa496287a90>,<function <lambda> at 0x7fa496287b30>
3939,2020-06-13 02:00:00,<function <lambda> at 0x7fa4962879f0>,<function <lambda> at 0x7fa496287a90>,<function <lambda> at 0x7fa496287b30>
3940,2020-06-13 03:00:00,<function <lambda> at 0x7fa4962879f0>,<function <lambda> at 0x7fa496287a90>,<function <lambda> at 0x7fa496287b30>
3941,2020-06-13 04:00:00,<function <lambda> at 0x7fa4962879f0>,<function <lambda> at 0x7fa496287a90>,<function <lambda> at 0x7fa496287b30>
3942,2020-06-13 05:00:00,<function <lambda> at 0x7fa4962879f0>,<function <lambda> at 0x7fa496287a90>,<function <lambda> at 0x7fa496287b30>
3943,2020-06-13 06:00:00,<function <lambda> at 0x7fa4962879f0>,<function <lambda> at 0x7fa496287a90>,<function <lambda> at 0x7fa496287b30>
3944,2020-06-13 07:00:00,<function <lambda> at 0x7fa4962879f0>,<function <lambda> at 0x7fa496287a90>,<function <lambda> at 0x7fa496287b30>
3945,2020-06-13 08:00:00,<function <lambda> at 0x7fa4962879f0>,<function <lambda> at 0x7fa496287a90>,<function <lambda> at 0x7fa496287b30>
3946,2020-06-13 09:00:00,<function <lambda> at 0x7fa4962879f0>,<function <lambda> at 0x7fa496287a90>,<function <lambda> at 0x7fa496287b30>
3947,2020-06-13 10:00:00,<function <lambda> at 0x7fa4962879f0>,<function <lambda> at 0x7fa496287a90>,<function <lambda> at 0x7fa496287b30>
3948,2020-06-13 11:00:00,<function <lambda> at 0x7fa4962879f0>,<function <lambda> at 0x7fa496287a90>,<function <lambda> at 0x7fa496287b30>
3949,2020-06-13 12:00:00,<function <lambda> at 0x7fa4962879f0>,<function <lambda> at 0x7fa496287a90>,<function <lambda> at 0x7fa496287b30>
3950,2020-06-13 13:00:00,<function <lambda> at 0x7fa4962879f0>,<function <lambda> at 0x7fa496287a90>,<function <lambda> at 0x7fa496287b30>
3951,2020-06-13 14:00:00,<function <lambda> at 0x7fa4962879f0>,<function <lambda> at 0x7fa496287a90>,<function <lambda> at 0x7fa496287b30>
3952,2020-06-13 15:00:00,<function <lambda> at 0x7fa4962879f0>,<function <lambda> at 0x7fa496287a90>,<function <lambda> at 0x7fa496287b30>
3953,2020-06-13 16:00:00,<function <lambda> at 0x7fa4962879f0>,<function <lambda> at 0x7fa496287a90>,<function <lambda> at 0x7fa496287b30>
3954,2020-06-13 17:00:00,<function <lambda> at 0x7fa4962879f0>,<function <lambda> at 0x7fa496287a90>,<function <lambda> at 0x7fa496287b30>
3955,2020-06-13 18:00:00,<function <lambda> at 0x7fa4962879f0>,<function <lambda> at 0x7fa496287a90>,<function <lambda> at 0x7fa496287b30>
3956,2020-06-13 19:00:00,<function <lambda> at 0x7fa4962879f0>,<function <lambda> at 0x7fa496287a90>,<function <lambda> at 0x7fa496287b30>
3957,2020-06-13 20:00:00,<function <lambda> at 0x7fa4962879f0>,<function <lambda> at 0x7fa496287a90>,<function <lambda> at 0x7fa496287b30>
3958,2020-06-13 21:00:00,<function <lambda> at 0x7fa4962879f0>,<function <lambda> at 0x7fa496287a90>,<function <lambda> at 0x7fa496287b30>
3959,2020-06-13 22:00:00,<function <lambda> at 0x7fa4962879f0>,<function <lambda> at 0x7fa496287a90>,<function <lambda> at 0x7fa496287b30>
3960,2020-06-13 23:00:00,<function <lambda> at 0x7fa4962879f0>,<function <lambda> at 0x7fa496287a90>,<function <lambda> at 0x7fa496287b30>
3961,2020-06-14 00:00:00,<function <lambda> at 0x7fa4962879f0>,<function <lambda> at 0x7fa496287a90>,<function <lambda> at 0x7fa496287b30>
3962,2020-06-14 01:00:00,<function <lambda> at 0x7fa4962879f0>,<function <lambda> at 0x7fa496287a90>,<function <lambda> at 0x7fa496287b30>
3963,2020-06-14 02:00:00,<function <lambda> at 0x7fa4962879f0>,<function <lambda> at 0x7fa496287a90>,<function <lambda> at 0x7fa496287b30>
3964,2020-06-14 03:00:00,<function <lambda> at 0x7fa4962879f0>,<function <lambda> at 0x7fa496287a90>,<function <lambda> at 0x7fa496287b30>
3965,2020-06-14 04:00:00,<function <lambda> at 0x7fa4962879f0>,<function <lambda> at 0x7fa496287a90>,<function <lambda> at 0x7fa496287b30>
3966,2020-06-14 05:00:00,<function <lambda> at 0x7fa4962879f0>,<function <lambda> at 0x7fa496287a90>,<function <lambda> at 0x7fa496287b30>
3967,2020-06-14 06:00:00,<function <lambda> at 0x7fa4962879f0>,<function <lambda> at 0x7fa496287a90>,<function <lambda> at 0x7fa496287b30>
3968,2020-06-14 07:00:00,<function <lambda> at 0x7fa4962879f0>,<function <lambda> at 0x7fa496287a90>,<function <lambda> at 0x7fa496287b30>
3969,2020-06-14 08:00:00,<function <lambda> at 0x7fa4962879f0>,<function <lambda> at 0x7fa496287a90>,<function <lambda> at 0x7fa496287b30>
3970,2020-06-14 09:00:00,<function <lambda> at 0x7fa4962879f0>,<function <lambda> at 0x7fa496287a90>,<function <lambda> at 0x7fa496287b30>
3971,2020-06-14 10:00:00,<function <lambda> at 0x7fa4962879f0>,<function <lambda> at 0x7fa496287a90>,<function <lambda> at 0x7fa496287b30>
3972,2020-06-14 11:00:00,<function <lambda> at 0x7fa4962879f0>,<function <lambda> at 0x7fa496287a90>,<function <lambda> at 0x7fa496287b30>
3973,2020-06-14 12:00:00,<function <lambda> at 0x7fa4962879f0>,<function <lambda> at 0x7fa496287a90>,<function <lambda> at 0x7fa496287b30>
3974,2020-06-14 13:00:00,<function <lambda> at 0x7fa4962879f0>,<function <lambda> at 0x7fa496287a90>,<function <lambda> at 0x7fa496287b30>
3975,2020-06-14 14:00:00,<function <lambda> at 0x7fa4962879f0>,<function <lambda> at 0x7fa496287a90>,<function <lambda> at 0x7fa496287b30>
3976,2020-06-14 15:00:00,<function <lambda> at 0x7fa4962879f0>,<function <lambda> at 0x7fa496287a90>,<function <lambda> at 0x7fa496287b30>
3977,2020-06-14 16:00:00,<function <lambda> at 0x7fa4962879f0>,<function <lambda> at 0x7fa496287a90>,<function <lambda> at 0x7fa496287b30>
3978,2020-06-14 17:00:00,<function <lambda> at 0x7fa4962879f0>,<function <lambda> at 0x7fa496287a90>,<function <lambda> at 0x7fa496287b30>
3979,2020-06-14 18:00:00,<function <lambda> at 0x7fa4962879f0>,<function <lambda> at 0x7fa496287a90>,<function <lambda> at 0x7fa496287b30>
3980,2020-06-14 19:00:00,<function <lambda> at 0x7fa4962879f0>,<function <lambda> at 0x7fa496287a90>,<function <lambda> at 0x7fa496287b30>
3981,2020-06-14 20:00:00,<function <lambda> at 0x7fa4962879f0>,<function <lambda> at 0x7fa496287a90>,<function <lambda> at 0x7fa496287b30>
3982,2020-06-14 21:00:00,<function <lambda> at 0x7fa4962879f0>,<function <lambda> at 0x7fa496287a90>,<function <lambda> at 0x7fa496287b30>
3983,2020-06-14 22:00:00,<function <lambda> at 0x7fa4962879f0>,<function <lambda> at 0x7fa496287a90>,<function <lambda> at 0x7fa496287b30>
3984,2020-06-14 23:00:00,<function <lambda> at 0x7fa4962879f0>,<function <lambda> at 0x7fa496287a90>,<function <lambda> at 0x7fa496287b30>
3985,2020-06-15 00:00:00,<function <lambda> at 0x7fa4962879f0>,<function <lambda> at 0x7fa496287a90>,<function <lambda> at 0x7fa496287b30>
3986,2020-06-15 01:00:00,<function <lambda> at 0x7fa4962879f0>,<function <lambda> at 0x7fa496287a90>,<function <lambda> at 0x7fa496287b30>
3987,2020-06-15 02:00:00,<function <lambda> at 0x7fa4962879f0>,<function <lambda> at 0x7fa496287a90>,<function <lambda> at 0x7fa496287b30>
3988,2020-06-15 03:00:00,<function <lambda> at 0x7fa4962879f0>,<function <lambda> at 0x7fa496287a90>,<function <lambda> at 0x7fa496287b30>
3989,2020-06-15 04:00:00,<function <lambda> at 0x7fa4962879f0>,<function <lambda> at 0x7fa496287a90>,<function <lambda> at 0x7fa496287b30>
3990,2020-06-15 05:00:00,<function <lambda> at 0x7fa4962879f0>,<function <lambda> at 0x7fa496287a90>,<function <lambda> at 0x7fa496287b30>
3991,2020-06-15 06:00:00,<function <lambda> at 0x7fa4962879f0>,<function <lambda> at 0x7fa496287a90>,<function <lambda> at 0x7fa496287b30>
3992,2020-06-15 07:00:00,<function <lambda> at 0x7fa4962879f0>,<function <lambda> at 0x7fa496287a90>,<function <lambda> at 0x7fa496287b30>
3993,2020-06-15 08:00:00,<function <lambda> at 0x7fa4962879f0>,<function <lambda> at 0x7fa496287a90>,<function <lambda> at 0x7fa496287b30>
3994,2020-06-15 09:00:00,<function <lambda> at 0x7fa4962879f0>,<function <lambda> at 0x7fa496287a90>,<function <lambda> at 0x7fa496287b30>
3995,2020-06-15 10:00:00,<function <lambda> at 0x7fa4962879f0>,<function <lambda> at 0x7fa496287a90>,<function <lambda> at 0x7fa496287b30>
3996,2020-06-15 11:00:00,<function <lambda> at 0x7fa4962879f0>,<function <lambda> at 0x7fa496287a90>,<function <lambda> at 0x7fa496287b30>
3997,2020-06-15 12:00:00,<function <lambda> at 0x7fa4962879f0>,<function <lambda> at 0x7fa496287a90>,<function <lambda> at 0x7fa496287b30>
3998,2020-06-15 13:00:00,<function <lambda> at 0x7fa4962879f0>,<function <lambda> at 0x7fa496287a90>,<function <lambda> at 0x7fa496287b30>
3999,2020-06-15 14:00:00,<function <lambda> at 0x7fa4962879f0>,<function <lambda> at 0x7fa496287a90>,<function <lambda> at 0x7fa496287b30>
4000,2020-06-15 15:00:00,<function <lambda> at 0x7fa4962879f0>,<function <lambda> at 0x7fa496287a90>,<function <lambda> at 0x7fa496287b30>
4001,2020-06-15 16:00:00,<function <lambda> at 0x7fa4962879f0>,<function <lambda> at 0x7fa496287a90>,<function <lambda> at 0x7fa496287b30>
4002,2020-06-15 17:00:00,<function <lambda> at 0x7fa4962879f0>,<function <lambda> at 0x7fa496287a90>,<function <lambda> at 0x7fa496287b30>
4003,2020-06-15 18:00:00,<function <lambda> at 0x7fa4962879f0>,<function <lambda> at 0x7fa496287a90>,<function <lambda> at 0x7fa496287b30>
4004,2020-06-15 19:00:00,<function <lambda> at 0x7fa4962879f0>,<function <lambda> at 0x7fa496287a90>,<function <lambda> at 0x7fa496287b30>
4005,2020-06-15 20:00:00,<function <lambda> at 0x7fa4962879f0>,<function <lambda> at 0x7fa496287a90>,<function <lambda> at 0x7fa496287b30>
4006,2020-06-15 21:00:00,<function <lambda> at 0x7fa4962879f0>,<function <lambda> at 0x7fa496287a90>,<function <lambda> at 0x7fa496287b30>
4007,2020-06-15 22:00:00,<function <lambda> at 0x7fa4962879f0>,<function <lambda> at 0x7fa496287a90>,<function <lambda> at 0x7fa496287b30>
4008,2020-06-15 23:00:00,<function <lambda> at 0x7fa4962879f0>,<function <lambda> at 0x7fa496287a90>,<function <lambda> at 0x7fa496287b30>
4009,2020-06-16 00:00:00,<function <lambda> at 0x7fa4962879f0>,<function <lambda> at 0x7fa496287a90>,<function <lambda> at 0x7fa496287b30>
4010,2020-06-16 01:00:00,<function <lambda> at 0x7fa4962879f0>,<function <lambda> at 0x7fa496287a90>,<function <lambda> at 0x7fa496287b30>
4011,2020-06-16 02:00:00,<function <lambda> at 0x7fa4962879f0>,<function <lambda> at 0x7fa496287a90>,<function <lambda> at 0x7fa496287b30>
4012,2020-06-16 03:00:00,<function <lambda> at 0x7fa4962879f0>,<function <lambda> at 0x7fa496287a90>,<function <lambda> at 0x7fa496287b30>
4013,2020-06-16 04:00:00,<function <lambda> at 0x7fa4962879f0>,<function <lambda> at 0x7fa496287a90>,<function <lambda> at 0x7fa496287b30>
4014,2020-06-16 05:00:00,<function <lambda> at 0x7fa4962879f0>,<function <lambda> at 0x7fa496287a90>,<function <lambda> at 0x7fa496287b30>
4015,2020-06-16 06:00:00,<function <lambda> at 0x7fa4962879f0>,<function <lambda> at 0x7fa496287a90>,<function <lambda> at 0x7fa496287b30>
4016,2020-06-16 07:00:00,<function <lambda> at 0x7fa4962879f0>,<function <lambda> at 0x7fa496287a90>,<function <lambda> at 0x7fa496287b30>
4017,2020-06-16 08:00:00,<function <lambda> at 0x7fa4962879f0>,<function <lambda> at 0x7fa496287a90>,<function <lambda> at 0x7fa496287b30>
4018,2020-06-16 09:00:00,<function <lambda> at 0x7fa4962879f0>,<function <lambda> at 0x7fa496287a90>,<function <lambda> at 0x7fa496287b30>
4019,2020-06-16 10:00:00,<function <lambda> at 0x7fa4962879f0>,<function <lambda> at 0x7fa496287a90>,<function <lambda> at 0x7fa496287b30>
4020,2020-06-16 11:00:00,<function <lambda> at 0x7fa4962879f0>,<function <lambda> at 0x7fa496287a90>,<function <lambda> at 0x7fa496287b30>
4021,2020-06-16 12:00:00,<function <lambda> at 0x7fa4962879f0>,<function <lambda> at 0x7fa496287a90>,<function <lambda> at 0x7fa496287b30>
4022,2020-06-16 13:00:00,<function <lambda> at 0x7fa4962879f0>,<function <lambda> at 0x7fa496287a90>,<function <lambda> at 0x7fa496287b30>
4023,2020-06-16 14:00:00,<function <lambda> at 0x7fa4962879f0>,<function <lambda> at 0x7fa496287a90>,<function <lambda> at 0x7fa496287b30>
4024,2020-06-16 15:00:00,<function <lambda> at 0x7fa4962879f0>,<function <lambda> at 0x7fa496287a90>,<function <lambda> at 0x7fa496287b30>
4025,2020-06-16 16:00:00,<function <lambda> at 0x7fa4962879f0>,<function <lambda> at 0x7fa496287a90>,<function <lambda> at 0x7fa496287b30>
4026,2020-06-16 17:00:00,<function <lambda> at 0x7fa4962879f0>,<function <lambda> at 0x7fa496287a90>,<function <lambda> at 0x7fa496287b30>
4027,2020-06-16 18:00:00,<function <lambda> at 0x7fa4962879f0>,<function <lambda> at 0x7fa496287a90>,<function <lambda> at 0x7fa496287b30>
4028,2020-06-16 19:00:00,<function <lambda> at 0x7fa4962879f0>,<function <lambda> at 0x7fa496287a90>,<function <lambda> at 0x7fa496287b30>
4029,2020-06-16 20:00:00,<function <lambda> at 0x7fa4962879f0>,<function <lambda> at 0x7fa496287a90>,<function <lambda> at 0x7fa496287b30>
4030,2020-06-16 21:00:00,<function <lambda> at 0x7fa4962879f0>,<function <lambda> at 0x7fa496287a90>,<function <lambda> at 0x7fa496287b30>
4031,2020-06-16 22:00:00,<function <lambda> at 0x7fa4962879f0>,<function <lambda> at 0x7fa496287a90>,<function <lambda> at 0x7fa496287b30>
4032,2020-06-16 23:00:00,<function <lambda> at 0x7fa4962879f0>,<function <lambda> at 0x7fa496287a90>,<function <lambda> at 0x7fa496287b30>
4033,2020-06-17 00:00:00,<function <lambda> at 0x7fa4962879f0>,<function <lambda> at 0x7fa496287a90>,<function <lambda> at 0x7fa496287b30>
4034,2020-06-17 01:00:00,<function <lambda> at 0x7fa4962879f0>,<function <lambda> at 0x7fa496287a90>,<function <lambda> at 0x7fa496287b30>
4035,2020-06-17 02:00:00,<function <lambda> at 0x7fa4962879f0>,<function <lambda> at 0x7fa496287a90>,<function <lambda> at 0x7fa496287b30>
4036,2020-06-17 03:00:00,<function <lambda> at 0x7fa4962879f0>,<function <lambda> at 0x7fa496287a90>,<function <lambda> at 0x7fa496287b30>
4037,2020-06-17 04:00:00,<function <lambda> at 0x7fa4962879f0>,<function <lambda> at 0x7fa496287a90>,<function <lambda> at 0x7fa496287b30>
4038,2020-06-17 05:00:00,<function <lambda> at 0x7fa4962879f0>,<function <lambda> at 0x7fa496287a90>,<function <lambda> at 0x7fa496287b30>
4039,2020-06-17 06:00:00,<function <lambda> at 0x7fa4962879f0>,<function <lambda> at 0x7fa496287a90>,<function <lambda> at 0x7fa496287b30>
4040,2020-06-17 07:00:00,<function <lambda> at 0x7fa4962879f0>,<function <lambda> at 0x7fa496287a90>,<function <lambda> at 0x7fa496287b30>
4041,2020-06-17 08:00:00,<function <lambda> at 0x7fa4962879f0>,<function <lambda> at 0x7fa496287a90>,<function <lambda> at 0x7fa496287b30>
4042,2020-06-17 09:00:00,<function <lambda> at 0x7fa4962879f0>,<function <lambda> at 0x7fa496287a90>,<function <lambda> at 0x7fa496287b30>
4043,2020-06-17 10:00:00,<function <lambda> at 0x7fa4962879f0>,<function <lambda> at 0x7fa496287a90>,<function <lambda> at 0x7fa496287b30>
4044,2020-06-17 11:00:00,<function <lambda> at 0x7fa4962879f0>,<function <lambda> at 0x7fa496287a90>,<function <lambda> at 0x7fa496287b30>
4045,2020-06-17 12:00:00,<function <lambda> at 0x7fa4962879f0>,<function <lambda> at 0x7fa496287a90>,<function <lambda> at 0x7fa496287b30>
4046,2020-06-17 13:00:00,<function <lambda> at 0x7fa4962879f0>,<function <lambda> at 0x7fa496287a90>,<function <lambda> at 0x7fa496287b30>
4047,2020-06-17 14:00:00,<function <lambda> at 0x7fa4962879f0>,<function <lambda> at 0x7fa496287a90>,<function <lambda> at 0x7fa496287b30>
4048,2020-06-17 15:00:00,<function <lambda> at 0x7fa4962879f0>,<function <lambda> at 0x7fa496287a90>,<function <lambda> at 0x7fa496287b30>
4049,2020-06-17 16:00:00,<function <lambda> at 0x7fa4962879f0>,<function <lambda> at 0x7fa496287a90>,<function <lambda> at 0x7fa496287b30>
4050,2020-06-17 17:00:00,<function <lambda> at 0x7fa4962879f0>,<function <lambda> at 0x7fa496287a90>,<function <lambda> at 0x7fa496287b30>
4051,2020-06-17 18:00:00,<function <lambda> at 0x7fa4962879f0>,<function <lambda> at 0x7fa496287a90>,<function <lambda> at 0x7fa496287b30>
4052,2020-06-17 19:00:00,<function <lambda> at 0x7fa4962879f0>,<function <lambda> at 0x7fa496287a90>,<function <lambda> at 0x7fa496287b30>
4053,2020-06-17 20:00:00,<function <lambda> at 0x7fa4962879f0>,<function <lambda> at 0x7fa496287a90>,<function <lambda> at 0x7fa496287b30>
4054,2020-06-17 21:00:00,<function <lambda> at 0x7fa4962879f0>,<function <lambda> at 0x7fa496287a90>,<function <lambda> at 0x7fa496287b30>
4055,2020-06-17 22:00:00,<function <lambda> at 0x7fa4962879f0>,<function <lambda> at 0x7fa496287a90>,<function <lambda> at 0x7fa496287b30>
4056,2020-06-17 23:00:00,<function <lambda> at 0x7fa4962879f0>,<function <lambda> at 0x7fa496287a90>,<function <lambda> at 0x7fa496287b30>
4057,2020-06-18 00:00:00,<function <lambda> at 0x7fa4962879f0>,<function <lambda> at 0x7fa496287a90>,<function <lambda> at 0x7fa496287b30>
4058,2020-06-18 01:00:00,<function <lambda> at 0x7fa4962879f0>,<function <lambda> at 0x7fa496287a90>,<function <lambda> at 0x7fa496287b30>
4059,2020-06-18 02:00:00,<function <lambda> at 0x7fa4962879f0>,<function <lambda> at 0x7fa496287a90>,<function <lambda> at 0x7fa496287b30>
4060,2020-06-18 03:00:00,<function <lambda> at 0x7fa4962879f0>,<function <lambda> at 0x7fa496287a90>,<function <lambda> at 0x7fa496287b30>
4061,2020-06-18 04:00:00,<function <lambda> at 0x7fa4962879f0>,<function <lambda> at 0x7fa496287a90>,<function <lambda> at 0x7fa496287b30>
4062,2020-06-18 05:00:00,<function <lambda> at 0x7fa4962879f0>,<function <lambda> at 0x7fa496287a90>,<function <lambda> at 0x7fa496287b30>
4063,2020-06-18 06:00:00,<function <lambda> at 0x7fa4962879f0>,<function <lambda> at 0x7fa496287a90>,<function <lambda> at 0x7fa496287b30>
4064,2020-06-18 07:00:00,<function <lambda> at 0x7fa4962879f0>,<function <lambda> at 0x7fa496287a90>,<function <lambda> at 0x7fa496287b30>
4065,2020-06-18 08:00:00,<function <lambda> at 0x7fa4962879f0>,<function <lambda> at 0x7fa496287a90>,<function <lambda> at 0x7fa496287b30>
4066,2020-06-18 09:00:00,<function <lambda> at 0x7fa4962879f0>,<function <lambda> at 0x7fa496287a90>,<function <lambda> at 0x7fa496287b30>
4067,2020-06-18 10:00:00,<function <lambda> at 0x7fa4962879f0>,<function <lambda> at 0x7fa496287a90>,<function <lambda> at 0x7fa496287b30>
4068,2020-06-18 11:00:00,<function <lambda> at 0x7fa4962879f0>,<function <lambda> at 0x7fa496287a90>,<function <lambda> at 0x7fa496287b30>
4069,2020-06-18 12:00:00,<function <lambda> at 0x7fa4962879f0>,<function <lambda> at 0x7fa496287a90>,<function <lambda> at 0x7fa496287b30>
4070,2020-06-18 13:00:00,<function <lambda> at 0x7fa4962879f0>,<function <lambda> at 0x7fa496287a90>,<function <lambda> at 0x7fa496287b30>
4071,2020-06-18 14:00:00,<function <lambda> at 0x7fa4962879f0>,<function <lambda> at 0x7fa496287a90>,<function <lambda> at 0x7fa496287b30>
4072,2020-06-18 15:00:00,<function <lambda> at 0x7fa4962879f0>,<function <lambda> at 0x7fa496287a90>,<function <lambda> at 0x7fa496287b30>
4073,2020-06-18 16:00:00,<function <lambda> at 0x7fa4962879f0>,<function <lambda> at 0x7fa496287a90>,<function <lambda> at 0x7fa496287b30>
4074,2020-06-18 17:00:00,<function <lambda> at 0x7fa4962879f0>,<function <lambda> at 0x7fa496287a90>,<function <lambda> at 0x7fa496287b30>
4075,2020-06-18 18:00:00,<function <lambda> at 0x7fa4962879f0>,<function <lambda> at 0x7fa496287a90>,<function <lambda> at 0x7fa496287b30>
4076,2020-06-18 19:00:00,<function <lambda> at 0x7fa4962879f0>,<function <lambda> at 0x7fa496287a90>,<function <lambda> at 0x7fa496287b30>
4077,2020-06-18 20:00:00,<function <lambda> at 0x7fa4962879f0>,<function <lambda> at 0x7fa496287a90>,<function <lambda> at 0x7fa496287b30>
4078,2020-06-18 21:00:00,<function <lambda> at 0x7fa4962879f0>,<function <lambda> at 0x7fa496287a90>,<function <lambda> at 0x7fa496287b30>
4079,2020-06-18 22:00:00,<function <lambda> at 0x7fa4962879f0>,<function <lambda> at 0x7fa496287a90>,<function <lambda> at 0x7fa496287b30>
4080,2020-06-18 23:00:00,<function <lambda> at 0x7fa4962879f0>,<function <lambda> at 0x7fa496287a90>,<function <lambda> at 0x7fa496287b30>
4081,2020-06-19 00:00:00,<function <lambda> at 0x7fa4962879f0>,<function <lambda> at 0x7fa496287a90>,<function <lambda> at 0x7fa496287b30>
4082,2020-06-19 01:00:00,<function <lambda> at 0x7fa4962879f0>,<function <lambda> at 0x7fa496287a90>,<function <lambda> at 0x7fa496287b30>
4083,2020-06-19 02:00:00,<function <lambda> at 0x7fa4962879f0>,<function <lambda> at 0x7fa496287a90>,<function <lambda> at 0x7fa496287b30>
4084,2020-06-19 03:00:00,<function <lambda> at 0x7fa4962879f0>,<function <lambda> at 0x7fa496287a90>,<function <lambda> at 0x7fa496287b30>
4085,2020-06-19 04:00:00,<function <lambda> at 0x7fa4962879f0>,<function <lambda> at 0x7fa496287a90>,<function <lambda> at 0x7fa496287b30>
4086,2020-06-19 05:00:00,<function <lambda> at 0x7fa4962879f0>,<function <lambda> at 0x7fa496287a90>,<function <lambda> at 0x7fa496287b30>
4087,2020-06-19 06:00:00,<function <lambda> at 0x7fa4962879f0>,<function <lambda> at 0x7fa496287a90>,<function <lambda> at 0x7fa496287b30>
4088,2020-06-19 07:00:00,<function <lambda> at 0x7fa4962879f0>,<function <lambda> at 0x7fa496287a90>,<function <lambda> at 0x7fa496287b30>
4089,2020-06-19 08:00:00,<function <lambda> at 0x7fa4962879f0>,<function <lambda> at 0x7fa496287a90>,<function <lambda> at 0x7fa496287b30>
4090,2020-06-19 09:00:00,<function <lambda> at 0x7fa4962879f0>,<function <lambda> at 0x7fa496287a90>,<function <lambda> at 0x7fa496287b30>
4091,2020-06-19 10:00:00,<function <lambda> at 0x7fa4962879f0>,<function <lambda> at 0x7fa496287a90>,<function <lambda> at 0x7fa496287b30>
4092,2020-06-19 11:00:00,<function <lambda> at 0x7fa4962879f0>,<function <lambda> at 0x7fa496287a90>,<function <lambda> at 0x7fa496287b30>
4093,2020-06-19 12:00:00,<function <lambda> at 0x7fa4962879f0>,<function <lambda> at 0x7fa496287a90>,<function <lambda> at 0x7fa496287b30>
4094,2020-06-19 13:00:00,<function <lambda> at 0x7fa4962879f0>,<function <lambda> at 0x7fa496287a90>,<function <lambda> at 0x7fa496287b30>
4095,2020-06-19 14:00:00,<function <lambda> at 0x7fa4962879f0>,<function <lambda> at 0x7fa496287a90>,<function <lambda> at 0x7fa496287b30>
4096,2020-06-19 15:00:00,<function <lambda> at 0x7fa4962879f0>,<function <lambda> at 0x7fa496287a90>,<function <lambda> at 0x7fa496287b30>
4097,2020-06-19 16:00:00,<function <lambda> at 0x7fa4962879f0>,<function <lambda> at 0x7fa496287a90>,<function <lambda> at 0x7fa496287b30>
4098,2020-06-19 17:00:00,<function <lambda> at 0x7fa4962879f0>,<function <lambda> at 0x7fa496287a90>,<function <lambda> at 0x7fa496287b30>
4099,2020-06-19 18:00:00,<function <lambda> at 0x7fa4962879f0>,<function <lambda> at 0x7fa496287a90>,<function <lambda> at 0x7fa496287b30>
4100,2020-06-19 19:00:00,<function <lambda> at 0x7fa4962879f0>,<function <lambda> at 0x7fa496287a90>,<function <lambda> at 0x7fa496287b30>
4101,2020-06-19 20:00:00,<function <lambda> at 0x7fa4962879f0>,<function <lambda> at 0x7fa496287a90>,<function <lambda> at 0x7fa496287b30>
4102,2020-06-19 21:00:00,<function <lambda> at 0x7fa4962879f0>,<function <lambda> at 0x7fa496287a90>,<function <lambda> at 0x7fa496287b30>
4103,2020-06-19 22:00:00,<function <lambda> at 0x7fa4962879f0>,<function <lambda> at 0x7fa496287a90>,<function <lambda> at 0x7fa496287b30>
4104,2020-06-19 23:00:00,<function <lambda> at 0x7fa4962879f0>,<function <lambda> at 0x7fa496287a90>,<function <lambda> at 0x7fa496287b30>
4105,2020-06-20 00:00:00,<function <lambda> at 0x7fa4962879f0>,<function <lambda> at 0x7fa496287a90>,<function <lambda> at 0x7fa496287b30>
4106,2020-06-20 01:00:00,<function <lambda> at 0x7fa4962879f0>,<function <lambda> at 0x7fa496287a90>,<function <lambda> at 0x7fa496287b30>
4107,2020-06-20 02:00:00,<function <lambda> at 0x7fa4962879f0>,<function <lambda> at 0x7fa496287a90>,<function <lambda> at 0x7fa496287b30>
4108,2020-06-20 03:00:00,<function <lambda> at 0x7fa4962879f0>,<function <lambda> at 0x7fa496287a90>,<function <lambda> at 0x7fa496287b30>
4109,2020-06-20 04:00:00,<function <lambda> at 0x7fa4962879f0>,<function <lambda> at 0x7fa496287a90>,<function <lambda> at 0x7fa496287b30>
4110,2020-06-20 05:00:00,<function <lambda> at 0x7fa4962879f0>,<function <lambda> at 0x7fa496287a90>,<function <lambda> at 0x7fa496287b30>
4111,2020-06-20 06:00:00,<function <lambda> at 0x7fa4962879f0>,<function <lambda> at 0x7fa496287a90>,<function <lambda> at 0x7fa496287b30>
4112,2020-06-20 07:00:00,<function <lambda> at 0x7fa4962879f0>,<function <lambda> at 0x7fa496287a90>,<function <lambda> at 0x7fa496287b30>
4113,2020-06-20 08:00:00,<function <lambda> at 0x7fa4962879f0>,<function <lambda> at 0x7fa496287a90>,<function <lambda> at 0x7fa496287b30>
4114,2020-06-20 09:00:00,<function <lambda> at 0x7fa4962879f0>,<function <lambda> at 0x7fa496287a90>,<function <lambda> at 0x7fa496287b30>
4115,2020-06-20 10:00:00,<function <lambda> at 0x7fa4962879f0>,<function <lambda> at 0x7fa496287a90>,<function <lambda> at 0x7fa496287b30>
4116,2020-06-20 11:00:00,<function <lambda> at 0x7fa4962879f0>,<function <lambda> at 0x7fa496287a90>,<function <lambda> at 0x7fa496287b30>
4117,2020-06-20 12:00:00,<function <lambda> at 0x7fa4962879f0>,<function <lambda> at 0x7fa496287a90>,<function <lambda> at 0x7fa496287b30>
4118,2020-06-20 13:00:00,<function <lambda> at 0x7fa4962879f0>,<function <lambda> at 0x7fa496287a90>,<function <lambda> at 0x7fa496287b30>
4119,2020-06-20 14:00:00,<function <lambda> at 0x7fa4962879f0>,<function <lambda> at 0x7fa496287a90>,<function <lambda> at 0x7fa496287b30>
4120,2020-06-20 15:00:00,<function <lambda> at 0x7fa4962879f0>,<function <lambda> at 0x7fa496287a90>,<function <lambda> at 0x7fa496287b30>
4121,2020-06-20 16:00:00,<function <lambda> at 0x7fa4962879f0>,<function <lambda> at 0x7fa496287a90>,<function <lambda> at 0x7fa496287b30>
4122,2020-06-20 17:00:00,<function <lambda> at 0x7fa4962879f0>,<function <lambda> at 0x7fa496287a90>,<function <lambda> at 0x7fa496287b30>
4123,2020-06-20 18:00:00,<function <lambda> at 0x7fa4962879f0>,<function <lambda> at 0x7fa496287a90>,<function <lambda> at 0x7fa496287b30>
4124,2020-06-20 19:00:00,<function <lambda> at 0x7fa4962879f0>,<function <lambda> at 0x7fa496287a90>,<function <lambda> at 0x7fa496287b30>
4125,2020-06-20 20:00:00,<function <lambda> at 0x7fa4962879f0>,<function <lambda> at 0x7fa496287a90>,<function <lambda> at 0x7fa496287b30>
4126,2020-06-20 21:00:00,<function <lambda> at 0x7fa4962879f0>,<function <lambda> at 0x7fa496287a90>,<function <lambda> at 0x7fa496287b30>
4127,2020-06-20 22:00:00,<function <lambda> at 0x7fa4962879f0>,<function <lambda> at 0x7fa496287a90>,<function <lambda> at 0x7fa496287b30>
4128,2020-06-20 23:00:00,<function <lambda> at 0x7fa4962879f0>,<function <lambda> at 0x7fa496287a90>,<function <lambda> at 0x7fa496287b30>
4129,2020-06-21 00:00:00,<function <lambda> at 0x7fa4962879f0>,<function <lambda> at 0x7fa496287a90>,<function <lambda> at 0x7fa496287b30>
4130,2020-06-21 01:00:00,<function <lambda> at 0x7fa4962879f0>,<function <lambda> at 0x7fa496287a90>,<function <lambda> at 0x7fa496287b30>
4131,2020-06-21 02:00:00,<function <lambda> at 0x7fa4962879f0>,<function <lambda> at 0x7fa496287a90>,<function <lambda> at 0x7fa496287b30>
4132,2020-06-21 03:00:00,<function <lambda> at 0x7fa4962879f0>,<function <lambda> at 0x7fa496287a90>,<function <lambda> at 0x7fa496287b30>
4133,2020-06-21 04:00:00,<function <lambda> at 0x7fa4962879f0>,<function <lambda> at 0x7fa496287a90>,<function <lambda> at 0x7fa496287b30>
4134,2020-06-21 05:00:00,<function <lambda> at 0x7fa4962879f0>,<function <lambda> at 0x7fa496287a90>,<function <lambda> at 0x7fa496287b30>
4135,2020-06-21 06:00:00,<function <lambda> at 0x7fa4962879f0>,<function <lambda> at 0x7fa496287a90>,<function <lambda> at 0x7fa496287b30>
4136,2020-06-21 07:00:00,<function <lambda> at 0x7fa4962879f0>,<function <lambda> at 0x7fa496287a90>,<function <lambda> at 0x7fa496287b30>
4137,2020-06-21 08:00:00,<function <lambda> at 0x7fa4962879f0>,<function <lambda> at 0x7fa496287a90>,<function <lambda> at 0x7fa496287b30>
4138,2020-06-21 09:00:00,<function <lambda> at 0x7fa4962879f0>,<function <lambda> at 0x7fa496287a90>,<function <lambda> at 0x7fa496287b30>
4139,2020-06-21 10:00:00,<function <lambda> at 0x7fa4962879f0>,<function <lambda> at 0x7fa496287a90>,<function <lambda> at 0x7fa496287b30>
4140,2020-06-21 11:00:00,<function <lambda> at 0x7fa4962879f0>,<function <lambda> at 0x7fa496287a90>,<function <lambda> at 0x7fa496287b30>
4141,2020-06-21 12:00:00,<function <lambda> at 0x7fa4962879f0>,<function <lambda> at 0x7fa496287a90>,<function <lambda> at 0x7fa496287b30>
4142,2020-06-21 13:00:00,<function <lambda> at 0x7fa4962879f0>,<function <lambda> at 0x7fa496287a90>,<function <lambda> at 0x7fa496287b30>
4143,2020-06-21 14:00:00,<function <lambda> at 0x7fa4962879f0>,<function <lambda> at 0x7fa496287a90>,<function <lambda> at 0x7fa496287b30>
4144,2020-06-21 15:00:00,<function <lambda> at 0x7fa4962879f0>,<function <lambda> at 0x7fa496287a90>,<function <lambda> at 0x7fa496287b30>
4145,2020-06-21 16:00:00,<function <lambda> at 0x7fa4962879f0>,<function <lambda> at 0x7fa496287a90>,<function <lambda> at 0x7fa496287b30>
4146,2020-06-21 17:00:00,<function <lambda> at 0x7fa4962879f0>,<function <lambda> at 0x7fa496287a90>,<function <lambda> at 0x7fa496287b30>
4147,2020-06-21 18:00:00,<function <lambda> at 0x7fa4962879f0>,<function <lambda> at 0x7fa496287a90>,<function <lambda> at 0x7fa496287b30>
4148,2020-06-21 19:00:00,<function <lambda> at 0x7fa4962879f0>,<function <lambda> at 0x7fa496287a90>,<function <lambda> at 0x7fa496287b30>
4149,2020-06-21 20:00:00,<function <lambda> at 0x7fa4962879f0>,<function <lambda> at 0x7fa496287a90>,<function <lambda> at 0x7fa496287b30>
4150,2020-06-21 21:00:00,<function <lambda> at 0x7fa4962879f0>,<function <lambda> at 0x7fa496287a90>,<function <lambda> at 0x7fa496287b30>
4151,2020-06-21 22:00:00,<function <lambda> at 0x7fa4962879f0>,<function <lambda> at 0x7fa496287a90>,<function <lambda> at 0x7fa496287b30>
4152,2020-06-21 23:00:00,<function <lambda> at 0x7fa4962879f0>,<function <lambda> at 0x7fa496287a90>,<function <lambda> at 0x7fa496287b30>
4153,2020-06-22 00:00:00,<function <lambda> at 0x7fa4962879f0>,<function <lambda> at 0x7fa496287a90>,<function <lambda> at 0x7fa496287b30>
4154,2020-06-22 01:00:00,<function <lambda> at 0x7fa4962879f0>,<function <lambda> at 0x7fa496287a90>,<function <lambda> at 0x7fa496287b30>
4155,2020-06-22 02:00:00,<function <lambda> at 0x7fa4962879f0>,<function <lambda> at 0x7fa496287a90>,<function <lambda> at 0x7fa496287b30>
4156,2020-06-22 03:00:00,<function <lambda> at 0x7fa4962879f0>,<function <lambda> at 0x7fa496287a90>,<function <lambda> at 0x7fa496287b30>
4157,2020-06-22 04:00:00,<function <lambda> at 0x7fa4962879f0>,<function <lambda> at 0x7fa496287a90>,<function <lambda> at 0x7fa496287b30>
4158,2020-06-22 05:00:00,<function <lambda> at 0x7fa4962879f0>,<function <lambda> at 0x7fa496287a90>,<function <lambda> at 0x7fa496287b30>
4159,2020-06-22 06:00:00,<function <lambda> at 0x7fa4962879f0>,<function <lambda> at 0x7fa496287a90>,<function <lambda> at 0x7fa496287b30>
4160,2020-06-22 07:00:00,<function <lambda> at 0x7fa4962879f0>,<function <lambda> at 0x7fa496287a90>,<function <lambda> at 0x7fa496287b30>
4161,2020-06-22 08:00:00,<function <lambda> at 0x7fa4962879f0>,<function <lambda> at 0x7fa496287a90>,<function <lambda> at 0x7fa496287b30>
4162,2020-06-22 09:00:00,<function <lambda> at 0x7fa4962879f0>,<function <lambda> at 0x7fa496287a90>,<function <lambda> at 0x7fa496287b30>
4163,2020-06-22 10:00:00,<function <lambda> at 0x7fa4962879f0>,<function <lambda> at 0x7fa496287a90>,<function <lambda> at 0x7fa496287b30>
4164,2020-06-22 11:00:00,<function <lambda> at 0x7fa4962879f0>,<function <lambda> at 0x7fa496287a90>,<function <lambda> at 0x7fa496287b30>
4165,2020-06-22 12:00:00,<function <lambda> at 0x7fa4962879f0>,<function <lambda> at 0x7fa496287a90>,<function <lambda> at 0x7fa496287b30>
4166,2020-06-22 13:00:00,<function <lambda> at 0x7fa4962879f0>,<function <lambda> at 0x7fa496287a90>,<function <lambda> at 0x7fa496287b30>
4167,2020-06-22 14:00:00,<function <lambda> at 0x7fa4962879f0>,<function <lambda> at 0x7fa496287a90>,<function <lambda> at 0x7fa496287b30>
4168,2020-06-22 15:00:00,<function <lambda> at 0x7fa4962879f0>,<function <lambda> at 0x7fa496287a90>,<function <lambda> at 0x7fa496287b30>
4169,2020-06-22 16:00:00,<function <lambda> at 0x7fa4962879f0>,<function <lambda> at 0x7fa496287a90>,<function <lambda> at 0x7fa496287b30>
4170,2020-06-22 17:00:00,<function <lambda> at 0x7fa4962879f0>,<function <lambda> at 0x7fa496287a90>,<function <lambda> at 0x7fa496287b30>
4171,2020-06-22 18:00:00,<function <lambda> at 0x7fa4962879f0>,<function <lambda> at 0x7fa496287a90>,<function <lambda> at 0x7fa496287b30>
4172,2020-06-22 19:00:00,<function <lambda> at 0x7fa4962879f0>,<function <lambda> at 0x7fa496287a90>,<function <lambda> at 0x7fa496287b30>
4173,2020-06-22 20:00:00,<function <lambda> at 0x7fa4962879f0>,<function <lambda> at 0x7fa496287a90>,<function <lambda> at 0x7fa496287b30>
4174,2020-06-22 21:00:00,<function <lambda> at 0x7fa4962879f0>,<function <lambda> at 0x7fa496287a90>,<function <lambda> at 0x7fa496287b30>
4175,2020-06-22 22:00:00,<function <lambda> at 0x7fa4962879f0>,<function <lambda> at 0x7fa496287a90>,<function <lambda> at 0x7fa496287b30>
4176,2020-06-22 23:00:00,<function <lambda> at 0x7fa4962879f0>,<function <lambda> at 0x7fa496287a90>,<function <lambda> at 0x7fa496287b30>
4177,2020-06-23 00:00:00,<function <lambda> at 0x7fa4962879f0>,<function <lambda> at 0x7fa496287a90>,<function <lambda> at 0x7fa496287b30>
4178,2020-06-23 01:00:00,<function <lambda> at 0x7fa4962879f0>,<function <lambda> at 0x7fa496287a90>,<function <lambda> at 0x7fa496287b30>
4179,2020-06-23 02:00:00,<function <lambda> at 0x7fa4962879f0>,<function <lambda> at 0x7fa496287a90>,<function <lambda> at 0x7fa496287b30>
4180,2020-06-23 03:00:00,<function <lambda> at 0x7fa4962879f0>,<function <lambda> at 0x7fa496287a90>,<function <lambda> at 0x7fa496287b30>
4181,2020-06-23 04:00:00,<function <lambda> at 0x7fa4962879f0>,<function <lambda> at 0x7fa496287a90>,<function <lambda> at 0x7fa496287b30>
4182,2020-06-23 05:00:00,<function <lambda> at 0x7fa4962879f0>,<function <lambda> at 0x7fa496287a90>,<function <lambda> at 0x7fa496287b30>
4183,2020-06-23 06:00:00,<function <lambda> at 0x7fa4962879f0>,<function <lambda> at 0x7fa496287a90>,<function <lambda> at 0x7fa496287b30>
4184,2020-06-23 07:00:00,<function <lambda> at 0x7fa4962879f0>,<function <lambda> at 0x7fa496287a90>,<function <lambda> at 0x7fa496287b30>
4185,2020-06-23 08:00:00,<function <lambda> at 0x7fa4962879f0>,<function <lambda> at 0x7fa496287a90>,<function <lambda> at 0x7fa496287b30>
4186,2020-06-23 09:00:00,<function <lambda> at 0x7fa4962879f0>,<function <lambda> at 0x7fa496287a90>,<function <lambda> at 0x7fa496287b30>
4187,2020-06-23 10:00:00,<function <lambda> at 0x7fa4962879f0>,<function <lambda> at 0x7fa496287a90>,<function <lambda> at 0x7fa496287b30>
4188,2020-06-23 11:00:00,<function <lambda> at 0x7fa4962879f0>,<function <lambda> at 0x7fa496287a90>,<function <lambda> at 0x7fa496287b30>
4189,2020-06-23 12:00:00,<function <lambda> at 0x7fa4962879f0>,<function <lambda> at 0x7fa496287a90>,<function <lambda> at 0x7fa496287b30>
4190,2020-06-23 13:00:00,<function <lambda> at 0x7fa4962879f0>,<function <lambda> at 0x7fa496287a90>,<function <lambda> at 0x7fa496287b30>
4191,2020-06-23 14:00:00,<function <lambda> at 0x7fa4962879f0>,<function <lambda> at 0x7fa496287a90>,<function <lambda> at 0x7fa496287b30>
4192,2020-06-23 15:00:00,<function <lambda> at 0x7fa4962879f0>,<function <lambda> at 0x7fa496287a90>,<function <lambda> at 0x7fa496287b30>
4193,2020-06-23 16:00:00,<function <lambda> at 0x7fa4962879f0>,<function <lambda> at 0x7fa496287a90>,<function <lambda> at 0x7fa496287b30>
4194,2020-06-23 17:00:00,<function <lambda> at 0x7fa4962879f0>,<function <lambda> at 0x7fa496287a90>,<function <lambda> at 0x7fa496287b30>
4195,2020-06-23 18:00:00,<function <lambda> at 0x7fa4962879f0>,<function <lambda> at 0x7fa496287a90>,<function <lambda> at 0x7fa496287b30>
4196,2020-06-23 19:00:00,<function <lambda> at 0x7fa4962879f0>,<function <lambda> at 0x7fa496287a90>,<function <lambda> at 0x7fa496287b30>
4197,2020-06-23 20:00:00,<function <lambda> at 0x7fa4962879f0>,<function <lambda> at 0x7fa496287a90>,<function <lambda> at 0x7fa496287b30>
4198,2020-06-23 21:00:00,<function <lambda> at 0x7fa4962879f0>,<function <lambda> at 0x7fa496287a90>,<function <lambda> at 0x7fa496287b30>
4199,2020-06-23 22:00:00,<function <lambda> at 0x7fa4962879f0>,<function <lambda> at 0x7fa496287a90>,<function <lambda> at 0x7fa496287b30>
4200,2020-06-23 23:00:00,<function <lambda> at 0x7fa4962879f0>,<function <lambda> at 0x7fa496287a90>,<function <lambda> at 0x7fa496287b30>
4201,2020-06-24 00:00:00,<function <lambda> at 0x7fa4962879f0>,<function <lambda> at 0x7fa496287a90>,<function <lambda> at 0x7fa496287b30>
4202,2020-06-24 01:00:00,<function <lambda> at 0x7fa4962879f0>,<function <lambda> at 0x7fa496287a90>,<function <lambda> at 0x7fa496287b30>
4203,2020-06-24 02:00:00,<function <lambda> at 0x7fa4962879f0>,<function <lambda> at 0x7fa496287a90>,<function <lambda> at 0x7fa496287b30>
4204,2020-06-24 03:00:00,<function <lambda> at 0x7fa4962879f0>,<function <lambda> at 0x7fa496287a90>,<function <lambda> at 0x7fa496287b30>
4205,2020-06-24 04:00:00,<function <lambda> at 0x7fa4962879f0>,<function <lambda> at 0x7fa496287a90>,<function <lambda> at 0x7fa496287b30>
4206,2020-06-24 05:00:00,<function <lambda> at 0x7fa4962879f0>,<function <lambda> at 0x7fa496287a90>,<function <lambda> at 0x7fa496287b30>
4207,2020-06-24 06:00:00,<function <lambda> at 0x7fa4962879f0>,<function <lambda> at 0x7fa496287a90>,<function <lambda> at 0x7fa496287b30>
4208,2020-06-24 07:00:00,<function <lambda> at 0x7fa4962879f0>,<function <lambda> at 0x7fa496287a90>,<function <lambda> at 0x7fa496287b30>
4209,2020-06-24 08:00:00,<function <lambda> at 0x7fa4962879f0>,<function <lambda> at 0x7fa496287a90>,<function <lambda> at 0x7fa496287b30>
4210,2020-06-24 09:00:00,<function <lambda> at 0x7fa4962879f0>,<function <lambda> at 0x7fa496287a90>,<function <lambda> at 0x7fa496287b30>
4211,2020-06-24 10:00:00,<function <lambda> at 0x7fa4962879f0>,<function <lambda> at 0x7fa496287a90>,<function <lambda> at 0x7fa496287b30>
4212,2020-06-24 11:00:00,<function <lambda> at 0x7fa4962879f0>,<function <lambda> at 0x7fa496287a90>,<function <lambda> at 0x7fa496287b30>
4213,2020-06-24 12:00:00,<function <lambda> at 0x7fa4962879f0>,<function <lambda> at 0x7fa496287a90>,<function <lambda> at 0x7fa496287b30>
4214,2020-06-24 13:00:00,<function <lambda> at 0x7fa4962879f0>,<function <lambda> at 0x7fa496287a90>,<function <lambda> at 0x7fa496287b30>
4215,2020-06-24 14:00:00,<function <lambda> at 0x7fa4962879f0>,<function <lambda> at 0x7fa496287a90>,<function <lambda> at 0x7fa496287b30>
4216,2020-06-24 15:00:00,<function <lambda> at 0x7fa4962879f0>,<function <lambda> at 0x7fa496287a90>,<function <lambda> at 0x7fa496287b30>
4217,2020-06-24 16:00:00,<function <lambda> at 0x7fa4962879f0>,<function <lambda> at 0x7fa496287a90>,<function <lambda> at 0x7fa496287b30>
4218,2020-06-24 17:00:00,<function <lambda> at 0x7fa4962879f0>,<function <lambda> at 0x7fa496287a90>,<function <lambda> at 0x7fa496287b30>
4219,2020-06-24 18:00:00,<function <lambda> at 0x7fa4962879f0>,<function <lambda> at 0x7fa496287a90>,<function <lambda> at 0x7fa496287b30>
4220,2020-06-24 19:00:00,<function <lambda> at 0x7fa4962879f0>,<function <lambda> at 0x7fa496287a90>,<function <lambda> at 0x7fa496287b30>
4221,2020-06-24 20:00:00,<function <lambda> at 0x7fa4962879f0>,<function <lambda> at 0x7fa496287a90>,<function <lambda> at 0x7fa496287b30>
4222,2020-06-24 21:00:00,<function <lambda> at 0x7fa4962879f0>,<function <lambda> at 0x7fa496287a90>,<function <lambda> at 0x7fa496287b30>
4223,2020-06-24 22:00:00,<function <lambda> at 0x7fa4962879f0>,<function <lambda> at 0x7fa496287a90>,<function <lambda> at 0x7fa496287b30>
4224,2020-06-24 23:00:00,<function <lambda> at 0x7fa4962879f0>,<function <lambda> at 0x7fa496287a90>,<function <lambda> at 0x7fa496287b30>
4225,2020-06-25 00:00:00,<function <lambda> at 0x7fa4962879f0>,<function <lambda> at 0x7fa496287a90>,<function <lambda> at 0x7fa496287b30>
4226,2020-06-25 01:00:00,<function <lambda> at 0x7fa4962879f0>,<function <lambda> at 0x7fa496287a90>,<function <lambda> at 0x7fa496287b30>
4227,2020-06-25 02:00:00,<function <lambda> at 0x7fa4962879f0>,<function <lambda> at 0x7fa496287a90>,<function <lambda> at 0x7fa496287b30>
4228,2020-06-25 03:00:00,<function <lambda> at 0x7fa4962879f0>,<function <lambda> at 0x7fa496287a90>,<function <lambda> at 0x7fa496287b30>
4229,2020-06-25 04:00:00,<function <lambda> at 0x7fa4962879f0>,<function <lambda> at 0x7fa496287a90>,<function <lambda> at 0x7fa496287b30>
4230,2020-06-25 05:00:00,<function <lambda> at 0x7fa4962879f0>,<function <lambda> at 0x7fa496287a90>,<function <lambda> at 0x7fa496287b30>
4231,2020-06-25 06:00:00,<function <lambda> at 0x7fa4962879f0>,<function <lambda> at 0x7fa496287a90>,<function <lambda> at 0x7fa496287b30>
4232,2020-06-25 07:00:00,<function <lambda> at 0x7fa4962879f0>,<function <lambda> at 0x7fa496287a90>,<function <lambda> at 0x7fa496287b30>
4233,2020-06-25 08:00:00,<function <lambda> at 0x7fa4962879f0>,<function <lambda> at 0x7fa496287a90>,<function <lambda> at 0x7fa496287b30>
4234,2020-06-25 09:00:00,<function <lambda> at 0x7fa4962879f0>,<function <lambda> at 0x7fa496287a90>,<function <lambda> at 0x7fa496287b30>
4235,2020-06-25 10:00:00,<function <lambda> at 0x7fa4962879f0>,<function <lambda> at 0x7fa496287a90>,<function <lambda> at 0x7fa496287b30>
4236,2020-06-25 11:00:00,<function <lambda> at 0x7fa4962879f0>,<function <lambda> at 0x7fa496287a90>,<function <lambda> at 0x7fa496287b30>
4237,2020-06-25 12:00:00,<function <lambda> at 0x7fa4962879f0>,<function <lambda> at 0x7fa496287a90>,<function <lambda> at 0x7fa496287b30>
4238,2020-06-25 13:00:00,<function <lambda> at 0x7fa4962879f0>,<function <lambda> at 0x7fa496287a90>,<function <lambda> at 0x7fa496287b30>
4239,2020-06-25 14:00:00,<function <lambda> at 0x7fa4962879f0>,<function <lambda> at 0x7fa496287a90>,<function <lambda> at 0x7fa496287b30>
4240,2020-06-25 15:00:00,<function <lambda> at 0x7fa4962879f0>,<function <lambda> at 0x7fa496287a90>,<function <lambda> at 0x7fa496287b30>
4241,2020-06-25 16:00:00,<function <lambda> at 0x7fa4962879f0>,<function <lambda> at 0x7fa496287a90>,<function <lambda> at 0x7fa496287b30>
4242,2020-06-25 17:00:00,<function <lambda> at 0x7fa4962879f0>,<function <lambda> at 0x7fa496287a90>,<function <lambda> at 0x7fa496287b30>
4243,2020-06-25 18:00:00,<function <lambda> at 0x7fa4962879f0>,<function <lambda> at 0x7fa496287a90>,<function <lambda> at 0x7fa496287b30>
4244,2020-06-25 19:00:00,<function <lambda> at 0x7fa4962879f0>,<function <lambda> at 0x7fa496287a90>,<function <lambda> at 0x7fa496287b30>
4245,2020-06-25 20:00:00,<function <lambda> at 0x7fa4962879f0>,<function <lambda> at 0x7fa496287a90>,<function <lambda> at 0x7fa496287b30>
4246,2020-06-25 21:00:00,<function <lambda> at 0x7fa4962879f0>,<function <lambda> at 0x7fa496287a90>,<function <lambda> at 0x7fa496287b30>
4247,2020-06-25 22:00:00,<function <lambda> at 0x7fa4962879f0>,<function <lambda> at 0x7fa496287a90>,<function <lambda> at 0x7fa496287b30>
4248,2020-06-25 23:00:00,<function <lambda> at 0x7fa4962879f0>,<function <lambda> at 0x7fa496287a90>,<function <lambda> at 0x7fa496287b30>
4249,2020-06-26 00:00:00,<function <lambda> at 0x7fa4962879f0>,<function <lambda> at 0x7fa496287a90>,<function <lambda> at 0x7fa496287b30>
4250,2020-06-26 01:00:00,<function <lambda> at 0x7fa4962879f0>,<function <lambda> at 0x7fa496287a90>,<function <lambda> at 0x7fa496287b30>
4251,2020-06-26 02:00:00,<function <lambda> at 0x7fa4962879f0>,<function <lambda> at 0x7fa496287a90>,<function <lambda> at 0x7fa496287b30>
4252,2020-06-26 03:00:00,<function <lambda> at 0x7fa4962879f0>,<function <lambda> at 0x7fa496287a90>,<function <lambda> at 0x7fa496287b30>
4253,2020-06-26 04:00:00,<function <lambda> at 0x7fa4962879f0>,<function <lambda> at 0x7fa496287a90>,<function <lambda> at 0x7fa496287b30>
4254,2020-06-26 05:00:00,<function <lambda> at 0x7fa4962879f0>,<function <lambda> at 0x7fa496287a90>,<function <lambda> at 0x7fa496287b30>
4255,2020-06-26 06:00:00,<function <lambda> at 0x7fa4962879f0>,<function <lambda> at 0x7fa496287a90>,<function <lambda> at 0x7fa496287b30>
4256,2020-06-26 07:00:00,<function <lambda> at 0x7fa4962879f0>,<function <lambda> at 0x7fa496287a90>,<function <lambda> at 0x7fa496287b30>
4257,2020-06-26 08:00:00,<function <lambda> at 0x7fa4962879f0>,<function <lambda> at 0x7fa496287a90>,<function <lambda> at 0x7fa496287b30>
4258,2020-06-26 09:00:00,<function <lambda> at 0x7fa4962879f0>,<function <lambda> at 0x7fa496287a90>,<function <lambda> at 0x7fa496287b30>
4259,2020-06-26 10:00:00,<function <lambda> at 0x7fa4962879f0>,<function <lambda> at 0x7fa496287a90>,<function <lambda> at 0x7fa496287b30>
4260,2020-06-26 11:00:00,<function <lambda> at 0x7fa4962879f0>,<function <lambda> at 0x7fa496287a90>,<function <lambda> at 0x7fa496287b30>
4261,2020-06-26 12:00:00,<function <lambda> at 0x7fa4962879f0>,<function <lambda> at 0x7fa496287a90>,<function <lambda> at 0x7fa496287b30>
4262,2020-06-26 13:00:00,<function <lambda> at 0x7fa4962879f0>,<function <lambda> at 0x7fa496287a90>,<function <lambda> at 0x7fa496287b30>
4263,2020-06-26 14:00:00,<function <lambda> at 0x7fa4962879f0>,<function <lambda> at 0x7fa496287a90>,<function <lambda> at 0x7fa496287b30>
4264,2020-06-26 15:00:00,<function <lambda> at 0x7fa4962879f0>,<function <lambda> at 0x7fa496287a90>,<function <lambda> at 0x7fa496287b30>
4265,2020-06-26 16:00:00,<function <lambda> at 0x7fa4962879f0>,<function <lambda> at 0x7fa496287a90>,<function <lambda> at 0x7fa496287b30>
4266,2020-06-26 17:00:00,<function <lambda> at 0x7fa4962879f0>,<function <lambda> at 0x7fa496287a90>,<function <lambda> at 0x7fa496287b30>
4267,2020-06-26 18:00:00,<function <lambda> at 0x7fa4962879f0>,<function <lambda> at 0x7fa496287a90>,<function <lambda> at 0x7fa496287b30>
4268,2020-06-26 19:00:00,<function <lambda> at 0x7fa4962879f0>,<function <lambda> at 0x7fa496287a90>,<function <lambda> at 0x7fa496287b30>
4269,2020-06-26 20:00:00,<function <lambda> at 0x7fa4962879f0>,<function <lambda> at 0x7fa496287a90>,<function <lambda> at 0x7fa496287b30>
4270,2020-06-26 21:00:00,<function <lambda> at 0x7fa4962879f0>,<function <lambda> at 0x7fa496287a90>,<function <lambda> at 0x7fa496287b30>
4271,2020-06-26 22:00:00,<function <lambda> at 0x7fa4962879f0>,<function <lambda> at 0x7fa496287a90>,<function <lambda> at 0x7fa496287b30>
4272,2020-06-26 23:00:00,<function <lambda> at 0x7fa4962879f0>,<function <lambda> at 0x7fa496287a90>,<function <lambda> at 0x7fa496287b30>
4273,2020-06-27 00:00:00,<function <lambda> at 0x7fa4962879f0>,<function <lambda> at 0x7fa496287a90>,<function <lambda> at 0x7fa496287b30>
4274,2020-06-27 01:00:00,<function <lambda> at 0x7fa4962879f0>,<function <lambda> at 0x7fa496287a90>,<function <lambda> at 0x7fa496287b30>
4275,2020-06-27 02:00:00,<function <lambda> at 0x7fa4962879f0>,<function <lambda> at 0x7fa496287a90>,<function <lambda> at 0x7fa496287b30>
4276,2020-06-27 03:00:00,<function <lambda> at 0x7fa4962879f0>,<function <lambda> at 0x7fa496287a90>,<function <lambda> at 0x7fa496287b30>
4277,2020-06-27 04:00:00,<function <lambda> at 0x7fa4962879f0>,<function <lambda> at 0x7fa496287a90>,<function <lambda> at 0x7fa496287b30>
4278,2020-06-27 05:00:00,<function <lambda> at 0x7fa4962879f0>,<function <lambda> at 0x7fa496287a90>,<function <lambda> at 0x7fa496287b30>
4279,2020-06-27 06:00:00,<function <lambda> at 0x7fa4962879f0>,<function <lambda> at 0x7fa496287a90>,<function <lambda> at 0x7fa496287b30>
4280,2020-06-27 07:00:00,<function <lambda> at 0x7fa4962879f0>,<function <lambda> at 0x7fa496287a90>,<function <lambda> at 0x7fa496287b30>
4281,2020-06-27 08:00:00,<function <lambda> at 0x7fa4962879f0>,<function <lambda> at 0x7fa496287a90>,<function <lambda> at 0x7fa496287b30>
4282,2020-06-27 09:00:00,<function <lambda> at 0x7fa4962879f0>,<function <lambda> at 0x7fa496287a90>,<function <lambda> at 0x7fa496287b30>
4283,2020-06-27 10:00:00,<function <lambda> at 0x7fa4962879f0>,<function <lambda> at 0x7fa496287a90>,<function <lambda> at 0x7fa496287b30>
4284,2020-06-27 11:00:00,<function <lambda> at 0x7fa4962879f0>,<function <lambda> at 0x7fa496287a90>,<function <lambda> at 0x7fa496287b30>
4285,2020-06-27 12:00:00,<function <lambda> at 0x7fa4962879f0>,<function <lambda> at 0x7fa496287a90>,<function <lambda> at 0x7fa496287b30>
4286,2020-06-27 13:00:00,<function <lambda> at 0x7fa4962879f0>,<function <lambda> at 0x7fa496287a90>,<function <lambda> at 0x7fa496287b30>
4287,2020-06-27 14:00:00,<function <lambda> at 0x7fa4962879f0>,<function <lambda> at 0x7fa496287a90>,<function <lambda> at 0x7fa496287b30>
4288,2020-06-27 15:00:00,<function <lambda> at 0x7fa4962879f0>,<function <lambda> at 0x7fa496287a90>,<function <lambda> at 0x7fa496287b30>
4289,2020-06-27 16:00:00,<function <lambda> at 0x7fa4962879f0>,<function <lambda> at 0x7fa496287a90>,<function <lambda> at 0x7fa496287b30>
4290,2020-06-27 17:00:00,<function <lambda> at 0x7fa4962879f0>,<function <lambda> at 0x7fa496287a90>,<function <lambda> at 0x7fa496287b30>
4291,2020-06-27 18:00:00,<function <lambda> at 0x7fa4962879f0>,<function <lambda> at 0x7fa496287a90>,<function <lambda> at 0x7fa496287b30>
4292,2020-06-27 19:00:00,<function <lambda> at 0x7fa4962879f0>,<function <lambda> at 0x7fa496287a90>,<function <lambda> at 0x7fa496287b30>
4293,2020-06-27 20:00:00,<function <lambda> at 0x7fa4962879f0>,<function <lambda> at 0x7fa496287a90>,<function <lambda> at 0x7fa496287b30>
4294,2020-06-27 21:00:00,<function <lambda> at 0x7fa4962879f0>,<function <lambda> at 0x7fa496287a90>,<function <lambda> at 0x7fa496287b30>
4295,2020-06-27 22:00:00,<function <lambda> at 0x7fa4962879f0>,<function <lambda> at 0x7fa496287a90>,<function <lambda> at 0x7fa496287b30>
4296,2020-06-27 23:00:00,<function <lambda> at 0x7fa4962879f0>,<function <lambda> at 0x7fa496287a90>,<function <lambda> at 0x7fa496287b30>
4297,2020-06-28 00:00:00,<function <lambda> at 0x7fa4962879f0>,<function <lambda> at 0x7fa496287a90>,<function <lambda> at 0x7fa496287b30>
4298,2020-06-28 01:00:00,<function <lambda> at 0x7fa4962879f0>,<function <lambda> at 0x7fa496287a90>,<function <lambda> at 0x7fa496287b30>
4299,2020-06-28 02:00:00,<function <lambda> at 0x7fa4962879f0>,<function <lambda> at 0x7fa496287a90>,<function <lambda> at 0x7fa496287b30>
4300,2020-06-28 03:00:00,<function <lambda> at 0x7fa4962879f0>,<function <lambda> at 0x7fa496287a90>,<function <lambda> at 0x7fa496287b30>
4301,2020-06-28 04:00:00,<function <lambda> at 0x7fa4962879f0>,<function <lambda> at 0x7fa496287a90>,<function <lambda> at 0x7fa496287b30>
4302,2020-06-28 05:00:00,<function <lambda> at 0x7fa4962879f0>,<function <lambda> at 0x7fa496287a90>,<function <lambda> at 0x7fa496287b30>
4303,2020-06-28 06:00:00,<function <lambda> at 0x7fa4962879f0>,<function <lambda> at 0x7fa496287a90>,<function <lambda> at 0x7fa496287b30>
4304,2020-06-28 07:00:00,<function <lambda> at 0x7fa4962879f0>,<function <lambda> at 0x7fa496287a90>,<function <lambda> at 0x7fa496287b30>
4305,2020-06-28 08:00:00,<function <lambda> at 0x7fa4962879f0>,<function <lambda> at 0x7fa496287a90>,<function <lambda> at 0x7fa496287b30>
4306,2020-06-28 09:00:00,<function <lambda> at 0x7fa4962879f0>,<function <lambda> at 0x7fa496287a90>,<function <lambda> at 0x7fa496287b30>
4307,2020-06-28 10:00:00,<function <lambda> at 0x7fa4962879f0>,<function <lambda> at 0x7fa496287a90>,<function <lambda> at 0x7fa496287b30>
4308,2020-06-28 11:00:00,<function <lambda> at 0x7fa4962879f0>,<function <lambda> at 0x7fa496287a90>,<function <lambda> at 0x7fa496287b30>
4309,2020-06-28 12:00:00,<function <lambda> at 0x7fa4962879f0>,<function <lambda> at 0x7fa496287a90>,<function <lambda> at 0x7fa496287b30>
4310,2020-06-28 13:00:00,<function <lambda> at 0x7fa4962879f0>,<function <lambda> at 0x7fa496287a90>,<function <lambda> at 0x7fa496287b30>
4311,2020-06-28 14:00:00,<function <lambda> at 0x7fa4962879f0>,<function <lambda> at 0x7fa496287a90>,<function <lambda> at 0x7fa496287b30>
4312,2020-06-28 15:00:00,<function <lambda> at 0x7fa4962879f0>,<function <lambda> at 0x7fa496287a90>,<function <lambda> at 0x7fa496287b30>
4313,2020-06-28 16:00:00,<function <lambda> at 0x7fa4962879f0>,<function <lambda> at 0x7fa496287a90>,<function <lambda> at 0x7fa496287b30>
4314,2020-06-28 17:00:00,<function <lambda> at 0x7fa4962879f0>,<function <lambda> at 0x7fa496287a90>,<function <lambda> at 0x7fa496287b30>
4315,2020-06-28 18:00:00,<function <lambda> at 0x7fa4962879f0>,<function <lambda> at 0x7fa496287a90>,<function <lambda> at 0x7fa496287b30>
4316,2020-06-28 19:00:00,<function <lambda> at 0x7fa4962879f0>,<function <lambda> at 0x7fa496287a90>,<function <lambda> at 0x7fa496287b30>
4317,2020-06-28 20:00:00,<function <lambda> at 0x7fa4962879f0>,<function <lambda> at 0x7fa496287a90>,<function <lambda> at 0x7fa496287b30>
4318,2020-06-28 21:00:00,<function <lambda> at 0x7fa4962879f0>,<function <lambda> at 0x7fa496287a90>,<function <lambda> at 0x7fa496287b30>
4319,2020-06-28 22:00:00,<function <lambda> at 0x7fa4962879f0>,<function <lambda> at 0x7fa496287a90>,<function <lambda> at 0x7fa496287b30>
4320,2020-06-28 23:00:00,<function <lambda> at 0x7fa4962879f0>,<function <lambda> at 0x7fa496287a90>,<function <lambda> at 0x7fa496287b30>
4321,2020-06-29 00:00:00,<function <lambda> at 0x7fa4962879f0>,<function <lambda> at 0x7fa496287a90>,<function <lambda> at 0x7fa496287b30>
4322,2020-06-29 01:00:00,<function <lambda> at 0x7fa4962879f0>,<function <lambda> at 0x7fa496287a90>,<function <lambda> at 0x7fa496287b30>
4323,2020-06-29 02:00:00,<function <lambda> at 0x7fa4962879f0>,<function <lambda> at 0x7fa496287a90>,<function <lambda> at 0x7fa496287b30>
4324,2020-06-29 03:00:00,<function <lambda> at 0x7fa4962879f0>,<function <lambda> at 0x7fa496287a90>,<function <lambda> at 0x7fa496287b30>
4325,2020-06-29 04:00:00,<function <lambda> at 0x7fa4962879f0>,<function <lambda> at 0x7fa496287a90>,<function <lambda> at 0x7fa496287b30>
4326,2020-06-29 05:00:00,<function <lambda> at 0x7fa4962879f0>,<function <lambda> at 0x7fa496287a90>,<function <lambda> at 0x7fa496287b30>
4327,2020-06-29 06:00:00,<function <lambda> at 0x7fa4962879f0>,<function <lambda> at 0x7fa496287a90>,<function <lambda> at 0x7fa496287b30>
4328,2020-06-29 07:00:00,<function <lambda> at 0x7fa4962879f0>,<function <lambda> at 0x7fa496287a90>,<function <lambda> at 0x7fa496287b30>
4329,2020-06-29 08:00:00,<function <lambda> at 0x7fa4962879f0>,<function <lambda> at 0x7fa496287a90>,<function <lambda> at 0x7fa496287b30>
4330,2020-06-29 09:00:00,<function <lambda> at 0x7fa4962879f0>,<function <lambda> at 0x7fa496287a90>,<function <lambda> at 0x7fa496287b30>
4331,2020-06-29 10:00:00,<function <lambda> at 0x7fa4962879f0>,<function <lambda> at 0x7fa496287a90>,<function <lambda> at 0x7fa496287b30>
4332,2020-06-29 11:00:00,<function <lambda> at 0x7fa4962879f0>,<function <lambda> at 0x7fa496287a90>,<function <lambda> at 0x7fa496287b30>
4333,2020-06-29 12:00:00,<function <lambda> at 0x7fa4962879f0>,<function <lambda> at 0x7fa496287a90>,<function <lambda> at 0x7fa496287b30>
4334,2020-06-29 13:00:00,<function <lambda> at 0x7fa4962879f0>,<function <lambda> at 0x7fa496287a90>,<function <lambda> at 0x7fa496287b30>
4335,2020-06-29 14:00:00,<function <lambda> at 0x7fa4962879f0>,<function <lambda> at 0x7fa496287a90>,<function <lambda> at 0x7fa496287b30>
4336,2020-06-29 15:00:00,<function <lambda> at 0x7fa4962879f0>,<function <lambda> at 0x7fa496287a90>,<function <lambda> at 0x7fa496287b30>
4337,2020-06-29 16:00:00,<function <lambda> at 0x7fa4962879f0>,<function <lambda> at 0x7fa496287a90>,<function <lambda> at 0x7fa496287b30>
4338,2020-06-29 17:00:00,<function <lambda> at 0x7fa4962879f0>,<function <lambda> at 0x7fa496287a90>,<function <lambda> at 0x7fa496287b30>
4339,2020-06-29 18:00:00,<function <lambda> at 0x7fa4962879f0>,<function <lambda> at 0x7fa496287a90>,<function <lambda> at 0x7fa496287b30>
4340,2020-06-29 19:00:00,<function <lambda> at 0x7fa4962879f0>,<function <lambda> at 0x7fa496287a90>,<function <lambda> at 0x7fa496287b30>
4341,2020-06-29 20:00:00,<function <lambda> at 0x7fa4962879f0>,<function <lambda> at 0x7fa496287a90>,<function <lambda> at 0x7fa496287b30>
4342,2020-06-29 21:00:00,<function <lambda> at 0x7fa4962879f0>,<function <lambda> at 0x7fa496287a90>,<function <lambda> at 0x7fa496287b30>
4343,2020-06-29 22:00:00,<function <lambda> at 0x7fa4962879f0>,<function <lambda> at 0x7fa496287a90>,<function <lambda> at 0x7fa496287b30>
4344,2020-06-29 23:00:00,<function <lambda> at 0x7fa4962879f0>,<function <lambda> at 0x7fa496287a90>,<function <lambda> at 0x7fa496287b30>
4345,2020-06-30 00:00:00,<function <lambda> at 0x7fa4962879f0>,<function <lambda> at 0x7fa496287a90>,<function <lambda> at 0x7fa496287b30>
4346,2020-06-30 01:00:00,<function <lambda> at 0x7fa4962879f0>,<function <lambda> at 0x7fa496287a90>,<function <lambda> at 0x7fa496287b30>
4347,2020-06-30 02:00:00,<function <lambda> at 0x7fa4962879f0>,<function <lambda> at 0x7fa496287a90>,<function <lambda> at 0x7fa496287b30>
4348,2020-06-30 03:00:00,<function <lambda> at 0x7fa4962879f0>,<function <lambda> at 0x7fa496287a90>,<function <lambda> at 0x7fa496287b30>
4349,2020-06-30 04:00:00,<function <lambda> at 0x7fa4962879f0>,<function <lambda> at 0x7fa496287a90>,<function <lambda> at 0x7fa496287b30>
4350,2020-06-30 05:00:00,<function <lambda> at 0x7fa4962879f0>,<function <lambda> at 0x7fa496287a90>,<function <lambda> at 0x7fa496287b30>
4351,2020-06-30 06:00:00,<function <lambda> at 0x7fa4962879f0>,<function <lambda> at 0x7fa496287a90>,<function <lambda> at 0x7fa496287b30>
4352,2020-06-30 07:00:00,<function <lambda> at 0x7fa4962879f0>,<function <lambda> at 0x7fa496287a90>,<function <lambda> at 0x7fa496287b30>
4353,2020-06-30 08:00:00,<function <lambda> at 0x7fa4962879f0>,<function <lambda> at 0x7fa496287a90>,<function <lambda> at 0x7fa496287b30>
4354,2020-06-30 09:00:00,<function <lambda> at 0x7fa4962879f0>,<function <lambda> at 0x7fa496287a90>,<function <lambda> at 0x7fa496287b30>
4355,2020-06-30 10:00:00,<function <lambda> at 0x7fa4962879f0>,<function <lambda> at 0x7fa496287a90>,<function <lambda> at 0x7fa496287b30>
4356,2020-06-30 11:00:00,<function <lambda> at 0x7fa4962879f0>,<function <lambda> at 0x7fa496287a90>,<function <lambda> at 0x7fa496287b30>
4357,2020-06-30 12:00:00,<function <lambda> at 0x7fa4962879f0>,<function <lambda> at 0x7fa496287a90>,<function <lambda> at 0x7fa496287b30>
4358,2020-06-30 13:00:00,<function <lambda> at 0x7fa4962879f0>,<function <lambda> at 0x7fa496287a90>,<function <lambda> at 0x7fa496287b30>
4359,2020-06-30 14:00:00,<function <lambda> at 0x7fa4962879f0>,<function <lambda> at 0x7fa496287a90>,<function <lambda> at 0x7fa496287b30>
4360,2020-06-30 15:00:00,<function <lambda> at 0x7fa4962879f0>,<function <lambda> at 0x7fa496287a90>,<function <lambda> at 0x7fa496287b30>
4361,2020-06-30 16:00:00,<function <lambda> at 0x7fa4962879f0>,<function <lambda> at 0x7fa496287a90>,<function <lambda> at 0x7fa496287b30>
4362,2020-06-30 17:00:00,<function <lambda> at 0x7fa4962879f0>,<function <lambda> at 0x7fa496287a90>,<function <lambda> at 0x7fa496287b30>
4363,2020-06-30 18:00:00,<function <lambda> at 0x7fa4962879f0>,<function <lambda> at 0x7fa496287a90>,<function <lambda> at 0x7fa496287b30>
4364,2020-06-30 19:00:00,<function <lambda> at 0x7fa4962879f0>,<function <lambda> at 0x7fa496287a90>,<function <lambda> at 0x7fa496287b30>
4365,2020-06-30 20:00:00,<function <lambda> at 0x7fa4962879f0>,<function <lambda> at 0x7fa496287a90>,<function <lambda> at 0x7fa496287b30>
4366,2020-06-30 21:00:00,<function <lambda> at 0x7fa4962879f0>,<function <lambda> at 0x7fa496287a90>,<function <lambda> at 0x7fa496287b30>
4367,2020-06-30 22:00:00,<function <lambda> at 0x7fa4962879f0>,<function <lambda> at 0x7fa496287a90>,<function <lambda> at 0x7fa496287b30>
4368,2020-06-30 23:00:00,<function <lambda> at 0x7fa4962879f0>,<function <lambda> at 0x7fa496287a90>,<function <lambda> at 0x7fa496287b30>
4369,2020-07-01 00:00:00,<function <lambda> at 0x7fa4962879f0>,<function <lambda> at 0x7fa496287a90>,<function <lambda> at 0x7fa496287b30>
4370,2020-07-01 01:00:00,<function <lambda> at 0x7fa4962879f0>,<function <lambda> at 0x7fa496287a90>,<function <lambda> at 0x7fa496287b30>
4371,2020-07-01 02:00:00,<function <lambda> at 0x7fa4962879f0>,<function <lambda> at 0x7fa496287a90>,<function <lambda> at 0x7fa496287b30>
4372,2020-07-01 03:00:00,<function <lambda> at 0x7fa4962879f0>,<function <lambda> at 0x7fa496287a90>,<function <lambda> at 0x7fa496287b30>
4373,2020-07-01 04:00:00,<function <lambda> at 0x7fa4962879f0>,<function <lambda> at 0x7fa496287a90>,<function <lambda> at 0x7fa496287b30>
4374,2020-07-01 05:00:00,<function <lambda> at 0x7fa4962879f0>,<function <lambda> at 0x7fa496287a90>,<function <lambda> at 0x7fa496287b30>
4375,2020-07-01 06:00:00,<function <lambda> at 0x7fa4962879f0>,<function <lambda> at 0x7fa496287a90>,<function <lambda> at 0x7fa496287b30>
4376,2020-07-01 07:00:00,<function <lambda> at 0x7fa4962879f0>,<function <lambda> at 0x7fa496287a90>,<function <lambda> at 0x7fa496287b30>
4377,2020-07-01 08:00:00,<function <lambda> at 0x7fa4962879f0>,<function <lambda> at 0x7fa496287a90>,<function <lambda> at 0x7fa496287b30>
4378,2020-07-01 09:00:00,<function <lambda> at 0x7fa4962879f0>,<function <lambda> at 0x7fa496287a90>,<function <lambda> at 0x7fa496287b30>
4379,2020-07-01 10:00:00,<function <lambda> at 0x7fa4962879f0>,<function <lambda> at 0x7fa496287a90>,<function <lambda> at 0x7fa496287b30>
4380,2020-07-01 11:00:00,<function <lambda> at 0x7fa4962879f0>,<function <lambda> at 0x7fa496287a90>,<function <lambda> at 0x7fa496287b30>
4381,2020-07-01 12:00:00,<function <lambda> at 0x7fa4962879f0>,<function <lambda> at 0x7fa496287a90>,<function <lambda> at 0x7fa496287b30>
4382,2020-07-01 13:00:00,<function <lambda> at 0x7fa4962879f0>,<function <lambda> at 0x7fa496287a90>,<function <lambda> at 0x7fa496287b30>
4383,2020-07-01 14:00:00,<function <lambda> at 0x7fa4962879f0>,<function <lambda> at 0x7fa496287a90>,<function <lambda> at 0x7fa496287b30>
4384,2020-07-01 15:00:00,<function <lambda> at 0x7fa4962879f0>,<function <lambda> at 0x7fa496287a90>,<function <lambda> at 0x7fa496287b30>
4385,2020-07-01 16:00:00,<function <lambda> at 0x7fa4962879f0>,<function <lambda> at 0x7fa496287a90>,<function <lambda> at 0x7fa496287b30>
4386,2020-07-01 17:00:00,<function <lambda> at 0x7fa4962879f0>,<function <lambda> at 0x7fa496287a90>,<function <lambda> at 0x7fa496287b30>
4387,2020-07-01 18:00:00,<function <lambda> at 0x7fa4962879f0>,<function <lambda> at 0x7fa496287a90>,<function <lambda> at 0x7fa496287b30>
4388,2020-07-01 19:00:00,<function <lambda> at 0x7fa4962879f0>,<function <lambda> at 0x7fa496287a90>,<function <lambda> at 0x7fa496287b30>
4389,2020-07-01 20:00:00,<function <lambda> at 0x7fa4962879f0>,<function <lambda> at 0x7fa496287a90>,<function <lambda> at 0x7fa496287b30>
4390,2020-07-01 21:00:00,<function <lambda> at 0x7fa4962879f0>,<function <lambda> at 0x7fa496287a90>,<function <lambda> at 0x7fa496287b30>
4391,2020-07-01 22:00:00,<function <lambda> at 0x7fa4962879f0>,<function <lambda> at 0x7fa496287a90>,<function <lambda> at 0x7fa496287b30>
4392,2020-07-01 23:00:00,<function <lambda> at 0x7fa4962879f0>,<function <lambda> at 0x7fa496287a90>,<function <lambda> at 0x7fa496287b30>
4393,2020-07-02 00:00:00,<function <lambda> at 0x7fa4962879f0>,<function <lambda> at 0x7fa496287a90>,<function <lambda> at 0x7fa496287b30>
4394,2020-07-02 01:00:00,<function <lambda> at 0x7fa4962879f0>,<function <lambda> at 0x7fa496287a90>,<function <lambda> at 0x7fa496287b30>
4395,2020-07-02 02:00:00,<function <lambda> at 0x7fa4962879f0>,<function <lambda> at 0x7fa496287a90>,<function <lambda> at 0x7fa496287b30>
4396,2020-07-02 03:00:00,<function <lambda> at 0x7fa4962879f0>,<function <lambda> at 0x7fa496287a90>,<function <lambda> at 0x7fa496287b30>
4397,2020-07-02 04:00:00,<function <lambda> at 0x7fa4962879f0>,<function <lambda> at 0x7fa496287a90>,<function <lambda> at 0x7fa496287b30>
4398,2020-07-02 05:00:00,<function <lambda> at 0x7fa4962879f0>,<function <lambda> at 0x7fa496287a90>,<function <lambda> at 0x7fa496287b30>
4399,2020-07-02 06:00:00,<function <lambda> at 0x7fa4962879f0>,<function <lambda> at 0x7fa496287a90>,<function <lambda> at 0x7fa496287b30>
4400,2020-07-02 07:00:00,<function <lambda> at 0x7fa4962879f0>,<function <lambda> at 0x7fa496287a90>,<function <lambda> at 0x7fa496287b30>
4401,2020-07-02 08:00:00,<function <lambda> at 0x7fa4962879f0>,<function <lambda> at 0x7fa496287a90>,<function <lambda> at 0x7fa496287b30>
4402,2020-07-02 09:00:00,<function <lambda> at 0x7fa4962879f0>,<function <lambda> at 0x7fa496287a90>,<function <lambda> at 0x7fa496287b30>
4403,2020-07-02 10:00:00,<function <lambda> at 0x7fa4962879f0>,<function <lambda> at 0x7fa496287a90>,<function <lambda> at 0x7fa496287b30>
4404,2020-07-02 11:00:00,<function <lambda> at 0x7fa4962879f0>,<function <lambda> at 0x7fa496287a90>,<function <lambda> at 0x7fa496287b30>
4405,2020-07-02 12:00:00,<function <lambda> at 0x7fa4962879f0>,<function <lambda> at 0x7fa496287a90>,<function <lambda> at 0x7fa496287b30>
4406,2020-07-02 13:00:00,<function <lambda> at 0x7fa4962879f0>,<function <lambda> at 0x7fa496287a90>,<function <lambda> at 0x7fa496287b30>
4407,2020-07-02 14:00:00,<function <lambda> at 0x7fa4962879f0>,<function <lambda> at 0x7fa496287a90>,<function <lambda> at 0x7fa496287b30>
4408,2020-07-02 15:00:00,<function <lambda> at 0x7fa4962879f0>,<function <lambda> at 0x7fa496287a90>,<function <lambda> at 0x7fa496287b30>
4409,2020-07-02 16:00:00,<function <lambda> at 0x7fa4962879f0>,<function <lambda> at 0x7fa496287a90>,<function <lambda> at 0x7fa496287b30>
4410,2020-07-02 17:00:00,<function <lambda> at 0x7fa4962879f0>,<function <lambda> at 0x7fa496287a90>,<function <lambda> at 0x7fa496287b30>
4411,2020-07-02 18:00:00,<function <lambda> at 0x7fa4962879f0>,<function <lambda> at 0x7fa496287a90>,<function <lambda> at 0x7fa496287b30>
4412,2020-07-02 19:00:00,<function <lambda> at 0x7fa4962879f0>,<function <lambda> at 0x7fa496287a90>,<function <lambda> at 0x7fa496287b30>
4413,2020-07-02 20:00:00,<function <lambda> at 0x7fa4962879f0>,<function <lambda> at 0x7fa496287a90>,<function <lambda> at 0x7fa496287b30>
4414,2020-07-02 21:00:00,<function <lambda> at 0x7fa4962879f0>,<function <lambda> at 0x7fa496287a90>,<function <lambda> at 0x7fa496287b30>
4415,2020-07-02 22:00:00,<function <lambda> at 0x7fa4962879f0>,<function <lambda> at 0x7fa496287a90>,<function <lambda> at 0x7fa496287b30>
4416,2020-07-02 23:00:00,<function <lambda> at 0x7fa4962879f0>,<function <lambda> at 0x7fa496287a90>,<function <lambda> at 0x7fa496287b30>
4417,2020-07-03 00:00:00,<function <lambda> at 0x7fa4962879f0>,<function <lambda> at 0x7fa496287a90>,<function <lambda> at 0x7fa496287b30>
4418,2020-07-03 01:00:00,<function <lambda> at 0x7fa4962879f0>,<function <lambda> at 0x7fa496287a90>,<function <lambda> at 0x7fa496287b30>
4419,2020-07-03 02:00:00,<function <lambda> at 0x7fa4962879f0>,<function <lambda> at 0x7fa496287a90>,<function <lambda> at 0x7fa496287b30>
4420,2020-07-03 03:00:00,<function <lambda> at 0x7fa4962879f0>,<function <lambda> at 0x7fa496287a90>,<function <lambda> at 0x7fa496287b30>
4421,2020-07-03 04:00:00,<function <lambda> at 0x7fa4962879f0>,<function <lambda> at 0x7fa496287a90>,<function <lambda> at 0x7fa496287b30>
4422,2020-07-03 05:00:00,<function <lambda> at 0x7fa4962879f0>,<function <lambda> at 0x7fa496287a90>,<function <lambda> at 0x7fa496287b30>
4423,2020-07-03 06:00:00,<function <lambda> at 0x7fa4962879f0>,<function <lambda> at 0x7fa496287a90>,<function <lambda> at 0x7fa496287b30>
4424,2020-07-03 07:00:00,<function <lambda> at 0x7fa4962879f0>,<function <lambda> at 0x7fa496287a90>,<function <lambda> at 0x7fa496287b30>
4425,2020-07-03 08:00:00,<function <lambda> at 0x7fa4962879f0>,<function <lambda> at 0x7fa496287a90>,<function <lambda> at 0x7fa496287b30>
4426,2020-07-03 09:00:00,<function <lambda> at 0x7fa4962879f0>,<function <lambda> at 0x7fa496287a90>,<function <lambda> at 0x7fa496287b30>
4427,2020-07-03 10:00:00,<function <lambda> at 0x7fa4962879f0>,<function <lambda> at 0x7fa496287a90>,<function <lambda> at 0x7fa496287b30>
4428,2020-07-03 11:00:00,<function <lambda> at 0x7fa4962879f0>,<function <lambda> at 0x7fa496287a90>,<function <lambda> at 0x7fa496287b30>
4429,2020-07-03 12:00:00,<function <lambda> at 0x7fa4962879f0>,<function <lambda> at 0x7fa496287a90>,<function <lambda> at 0x7fa496287b30>
4430,2020-07-03 13:00:00,<function <lambda> at 0x7fa4962879f0>,<function <lambda> at 0x7fa496287a90>,<function <lambda> at 0x7fa496287b30>
4431,2020-07-03 14:00:00,<function <lambda> at 0x7fa4962879f0>,<function <lambda> at 0x7fa496287a90>,<function <lambda> at 0x7fa496287b30>
4432,2020-07-03 15:00:00,<function <lambda> at 0x7fa4962879f0>,<function <lambda> at 0x7fa496287a90>,<function <lambda> at 0x7fa496287b30>
4433,2020-07-03 16:00:00,<function <lambda> at 0x7fa4962879f0>,<function <lambda> at 0x7fa496287a90>,<function <lambda> at 0x7fa496287b30>
4434,2020-07-03 17:00:00,<function <lambda> at 0x7fa4962879f0>,<function <lambda> at 0x7fa496287a90>,<function <lambda> at 0x7fa496287b30>
4435,2020-07-03 18:00:00,<function <lambda> at 0x7fa4962879f0>,<function <lambda> at 0x7fa496287a90>,<function <lambda> at 0x7fa496287b30>
4436,2020-07-03 19:00:00,<function <lambda> at 0x7fa4962879f0>,<function <lambda> at 0x7fa496287a90>,<function <lambda> at 0x7fa496287b30>
4437,2020-07-03 20:00:00,<function <lambda> at 0x7fa4962879f0>,<function <lambda> at 0x7fa496287a90>,<function <lambda> at 0x7fa496287b30>
4438,2020-07-03 21:00:00,<function <lambda> at 0x7fa4962879f0>,<function <lambda> at 0x7fa496287a90>,<function <lambda> at 0x7fa496287b30>
4439,2020-07-03 22:00:00,<function <lambda> at 0x7fa4962879f0>,<function <lambda> at 0x7fa496287a90>,<function <lambda> at 0x7fa496287b30>
4440,2020-07-03 23:00:00,<function <lambda> at 0x7fa4962879f0>,<function <lambda> at 0x7fa496287a90>,<function <lambda> at 0x7fa496287b30>
4441,2020-07-04 00:00:00,<function <lambda> at 0x7fa4962879f0>,<function <lambda> at 0x7fa496287a90>,<function <lambda> at 0x7fa496287b30>
4442,2020-07-04 01:00:00,<function <lambda> at 0x7fa4962879f0>,<function <lambda> at 0x7fa496287a90>,<function <lambda> at 0x7fa496287b30>
4443,2020-07-04 02:00:00,<function <lambda> at 0x7fa4962879f0>,<function <lambda> at 0x7fa496287a90>,<function <lambda> at 0x7fa496287b30>
4444,2020-07-04 03:00:00,<function <lambda> at 0x7fa4962879f0>,<function <lambda> at 0x7fa496287a90>,<function <lambda> at 0x7fa496287b30>
4445,2020-07-04 04:00:00,<function <lambda> at 0x7fa4962879f0>,<function <lambda> at 0x7fa496287a90>,<function <lambda> at 0x7fa496287b30>
4446,2020-07-04 05:00:00,<function <lambda> at 0x7fa4962879f0>,<function <lambda> at 0x7fa496287a90>,<function <lambda> at 0x7fa496287b30>
4447,2020-07-04 06:00:00,<function <lambda> at 0x7fa4962879f0>,<function <lambda> at 0x7fa496287a90>,<function <lambda> at 0x7fa496287b30>
4448,2020-07-04 07:00:00,<function <lambda> at 0x7fa4962879f0>,<function <lambda> at 0x7fa496287a90>,<function <lambda> at 0x7fa496287b30>
4449,2020-07-04 08:00:00,<function <lambda> at 0x7fa4962879f0>,<function <lambda> at 0x7fa496287a90>,<function <lambda> at 0x7fa496287b30>
4450,2020-07-04 09:00:00,<function <lambda> at 0x7fa4962879f0>,<function <lambda> at 0x7fa496287a90>,<function <lambda> at 0x7fa496287b30>
4451,2020-07-04 10:00:00,<function <lambda> at 0x7fa4962879f0>,<function <lambda> at 0x7fa496287a90>,<function <lambda> at 0x7fa496287b30>
4452,2020-07-04 11:00:00,<function <lambda> at 0x7fa4962879f0>,<function <lambda> at 0x7fa496287a90>,<function <lambda> at 0x7fa496287b30>
4453,2020-07-04 12:00:00,<function <lambda> at 0x7fa4962879f0>,<function <lambda> at 0x7fa496287a90>,<function <lambda> at 0x7fa496287b30>
4454,2020-07-04 13:00:00,<function <lambda> at 0x7fa4962879f0>,<function <lambda> at 0x7fa496287a90>,<function <lambda> at 0x7fa496287b30>
4455,2020-07-04 14:00:00,<function <lambda> at 0x7fa4962879f0>,<function <lambda> at 0x7fa496287a90>,<function <lambda> at 0x7fa496287b30>
4456,2020-07-04 15:00:00,<function <lambda> at 0x7fa4962879f0>,<function <lambda> at 0x7fa496287a90>,<function <lambda> at 0x7fa496287b30>
4457,2020-07-04 16:00:00,<function <lambda> at 0x7fa4962879f0>,<function <lambda> at 0x7fa496287a90>,<function <lambda> at 0x7fa496287b30>
4458,2020-07-04 17:00:00,<function <lambda> at 0x7fa4962879f0>,<function <lambda> at 0x7fa496287a90>,<function <lambda> at 0x7fa496287b30>
4459,2020-07-04 18:00:00,<function <lambda> at 0x7fa4962879f0>,<function <lambda> at 0x7fa496287a90>,<function <lambda> at 0x7fa496287b30>
4460,2020-07-04 19:00:00,<function <lambda> at 0x7fa4962879f0>,<function <lambda> at 0x7fa496287a90>,<function <lambda> at 0x7fa496287b30>
4461,2020-07-04 20:00:00,<function <lambda> at 0x7fa4962879f0>,<function <lambda> at 0x7fa496287a90>,<function <lambda> at 0x7fa496287b30>
4462,2020-07-04 21:00:00,<function <lambda> at 0x7fa4962879f0>,<function <lambda> at 0x7fa496287a90>,<function <lambda> at 0x7fa496287b30>
4463,2020-07-04 22:00:00,<function <lambda> at 0x7fa4962879f0>,<function <lambda> at 0x7fa496287a90>,<function <lambda> at 0x7fa496287b30>
4464,2020-07-04 23:00:00,<function <lambda> at 0x7fa4962879f0>,<function <lambda> at 0x7fa496287a90>,<function <lambda> at 0x7fa496287b30>
4465,2020-07-05 00:00:00,<function <lambda> at 0x7fa4962879f0>,<function <lambda> at 0x7fa496287a90>,<function <lambda> at 0x7fa496287b30>
4466,2020-07-05 01:00:00,<function <lambda> at 0x7fa4962879f0>,<function <lambda> at 0x7fa496287a90>,<function <lambda> at 0x7fa496287b30>
4467,2020-07-05 02:00:00,<function <lambda> at 0x7fa4962879f0>,<function <lambda> at 0x7fa496287a90>,<function <lambda> at 0x7fa496287b30>
4468,2020-07-05 03:00:00,<function <lambda> at 0x7fa4962879f0>,<function <lambda> at 0x7fa496287a90>,<function <lambda> at 0x7fa496287b30>
4469,2020-07-05 04:00:00,<function <lambda> at 0x7fa4962879f0>,<function <lambda> at 0x7fa496287a90>,<function <lambda> at 0x7fa496287b30>
4470,2020-07-05 05:00:00,<function <lambda> at 0x7fa4962879f0>,<function <lambda> at 0x7fa496287a90>,<function <lambda> at 0x7fa496287b30>
4471,2020-07-05 06:00:00,<function <lambda> at 0x7fa4962879f0>,<function <lambda> at 0x7fa496287a90>,<function <lambda> at 0x7fa496287b30>
4472,2020-07-05 07:00:00,<function <lambda> at 0x7fa4962879f0>,<function <lambda> at 0x7fa496287a90>,<function <lambda> at 0x7fa496287b30>
4473,2020-07-05 08:00:00,<function <lambda> at 0x7fa4962879f0>,<function <lambda> at 0x7fa496287a90>,<function <lambda> at 0x7fa496287b30>
4474,2020-07-05 09:00:00,<function <lambda> at 0x7fa4962879f0>,<function <lambda> at 0x7fa496287a90>,<function <lambda> at 0x7fa496287b30>
4475,2020-07-05 10:00:00,<function <lambda> at 0x7fa4962879f0>,<function <lambda> at 0x7fa496287a90>,<function <lambda> at 0x7fa496287b30>
4476,2020-07-05 11:00:00,<function <lambda> at 0x7fa4962879f0>,<function <lambda> at 0x7fa496287a90>,<function <lambda> at 0x7fa496287b30>
4477,2020-07-05 12:00:00,<function <lambda> at 0x7fa4962879f0>,<function <lambda> at 0x7fa496287a90>,<function <lambda> at 0x7fa496287b30>
4478,2020-07-05 13:00:00,<function <lambda> at 0x7fa4962879f0>,<function <lambda> at 0x7fa496287a90>,<function <lambda> at 0x7fa496287b30>
4479,2020-07-05 14:00:00,<function <lambda> at 0x7fa4962879f0>,<function <lambda> at 0x7fa496287a90>,<function <lambda> at 0x7fa496287b30>
4480,2020-07-05 15:00:00,<function <lambda> at 0x7fa4962879f0>,<function <lambda> at 0x7fa496287a90>,<function <lambda> at 0x7fa496287b30>
4481,2020-07-05 16:00:00,<function <lambda> at 0x7fa4962879f0>,<function <lambda> at 0x7fa496287a90>,<function <lambda> at 0x7fa496287b30>
4482,2020-07-05 17:00:00,<function <lambda> at 0x7fa4962879f0>,<function <lambda> at 0x7fa496287a90>,<function <lambda> at 0x7fa496287b30>
4483,2020-07-05 18:00:00,<function <lambda> at 0x7fa4962879f0>,<function <lambda> at 0x7fa496287a90>,<function <lambda> at 0x7fa496287b30>
4484,2020-07-05 19:00:00,<function <lambda> at 0x7fa4962879f0>,<function <lambda> at 0x7fa496287a90>,<function <lambda> at 0x7fa496287b30>
4485,2020-07-05 20:00:00,<function <lambda> at 0x7fa4962879f0>,<function <lambda> at 0x7fa496287a90>,<function <lambda> at 0x7fa496287b30>
4486,2020-07-05 21:00:00,<function <lambda> at 0x7fa4962879f0>,<function <lambda> at 0x7fa496287a90>,<function <lambda> at 0x7fa496287b30>
4487,2020-07-05 22:00:00,<function <lambda> at 0x7fa4962879f0>,<function <lambda> at 0x7fa496287a90>,<function <lambda> at 0x7fa496287b30>
4488,2020-07-05 23:00:00,<function <lambda> at 0x7fa4962879f0>,<function <lambda> at 0x7fa496287a90>,<function <lambda> at 0x7fa496287b30>
4489,2020-07-06 00:00:00,<function <lambda> at 0x7fa4962879f0>,<function <lambda> at 0x7fa496287a90>,<function <lambda> at 0x7fa496287b30>
4490,2020-07-06 01:00:00,<function <lambda> at 0x7fa4962879f0>,<function <lambda> at 0x7fa496287a90>,<function <lambda> at 0x7fa496287b30>
4491,2020-07-06 02:00:00,<function <lambda> at 0x7fa4962879f0>,<function <lambda> at 0x7fa496287a90>,<function <lambda> at 0x7fa496287b30>
4492,2020-07-06 03:00:00,<function <lambda> at 0x7fa4962879f0>,<function <lambda> at 0x7fa496287a90>,<function <lambda> at 0x7fa496287b30>
4493,2020-07-06 04:00:00,<function <lambda> at 0x7fa4962879f0>,<function <lambda> at 0x7fa496287a90>,<function <lambda> at 0x7fa496287b30>
4494,2020-07-06 05:00:00,<function <lambda> at 0x7fa4962879f0>,<function <lambda> at 0x7fa496287a90>,<function <lambda> at 0x7fa496287b30>
4495,2020-07-06 06:00:00,<function <lambda> at 0x7fa4962879f0>,<function <lambda> at 0x7fa496287a90>,<function <lambda> at 0x7fa496287b30>
4496,2020-07-06 07:00:00,<function <lambda> at 0x7fa4962879f0>,<function <lambda> at 0x7fa496287a90>,<function <lambda> at 0x7fa496287b30>
4497,2020-07-06 08:00:00,<function <lambda> at 0x7fa4962879f0>,<function <lambda> at 0x7fa496287a90>,<function <lambda> at 0x7fa496287b30>
4498,2020-07-06 09:00:00,<function <lambda> at 0x7fa4962879f0>,<function <lambda> at 0x7fa496287a90>,<function <lambda> at 0x7fa496287b30>
4499,2020-07-06 10:00:00,<function <lambda> at 0x7fa4962879f0>,<function <lambda> at 0x7fa496287a90>,<function <lambda> at 0x7fa496287b30>
4500,2020-07-06 11:00:00,<function <lambda> at 0x7fa4962879f0>,<function <lambda> at 0x7fa496287a90>,<function <lambda> at 0x7fa496287b30>
4501,2020-07-06 12:00:00,<function <lambda> at 0x7fa4962879f0>,<function <lambda> at 0x7fa496287a90>,<function <lambda> at 0x7fa496287b30>
4502,2020-07-06 13:00:00,<function <lambda> at 0x7fa4962879f0>,<function <lambda> at 0x7fa496287a90>,<function <lambda> at 0x7fa496287b30>
4503,2020-07-06 14:00:00,<function <lambda> at 0x7fa4962879f0>,<function <lambda> at 0x7fa496287a90>,<function <lambda> at 0x7fa496287b30>
4504,2020-07-06 15:00:00,<function <lambda> at 0x7fa4962879f0>,<function <lambda> at 0x7fa496287a90>,<function <lambda> at 0x7fa496287b30>
4505,2020-07-06 16:00:00,<function <lambda> at 0x7fa4962879f0>,<function <lambda> at 0x7fa496287a90>,<function <lambda> at 0x7fa496287b30>
4506,2020-07-06 17:00:00,<function <lambda> at 0x7fa4962879f0>,<function <lambda> at 0x7fa496287a90>,<function <lambda> at 0x7fa496287b30>
4507,2020-07-06 18:00:00,<function <lambda> at 0x7fa4962879f0>,<function <lambda> at 0x7fa496287a90>,<function <lambda> at 0x7fa496287b30>
4508,2020-07-06 19:00:00,<function <lambda> at 0x7fa4962879f0>,<function <lambda> at 0x7fa496287a90>,<function <lambda> at 0x7fa496287b30>
4509,2020-07-06 20:00:00,<function <lambda> at 0x7fa4962879f0>,<function <lambda> at 0x7fa496287a90>,<function <lambda> at 0x7fa496287b30>
4510,2020-07-06 21:00:00,<function <lambda> at 0x7fa4962879f0>,<function <lambda> at 0x7fa496287a90>,<function <lambda> at 0x7fa496287b30>
4511,2020-07-06 22:00:00,<function <lambda> at 0x7fa4962879f0>,<function <lambda> at 0x7fa496287a90>,<function <lambda> at 0x7fa496287b30>
4512,2020-07-06 23:00:00,<function <lambda> at 0x7fa4962879f0>,<function <lambda> at 0x7fa496287a90>,<function <lambda> at 0x7fa496287b30>
4513,2020-07-07 00:00:00,<function <lambda> at 0x7fa4962879f0>,<function <lambda> at 0x7fa496287a90>,<function <lambda> at 0x7fa496287b30>
4514,2020-07-07 01:00:00,<function <lambda> at 0x7fa4962879f0>,<function <lambda> at 0x7fa496287a90>,<function <lambda> at 0x7fa496287b30>
4515,2020-07-07 02:00:00,<function <lambda> at 0x7fa4962879f0>,<function <lambda> at 0x7fa496287a90>,<function <lambda> at 0x7fa496287b30>
4516,2020-07-07 03:00:00,<function <lambda> at 0x7fa4962879f0>,<function <lambda> at 0x7fa496287a90>,<function <lambda> at 0x7fa496287b30>
4517,2020-07-07 04:00:00,<function <lambda> at 0x7fa4962879f0>,<function <lambda> at 0x7fa496287a90>,<function <lambda> at 0x7fa496287b30>
4518,2020-07-07 05:00:00,<function <lambda> at 0x7fa4962879f0>,<function <lambda> at 0x7fa496287a90>,<function <lambda> at 0x7fa496287b30>
4519,2020-07-07 06:00:00,<function <lambda> at 0x7fa4962879f0>,<function <lambda> at 0x7fa496287a90>,<function <lambda> at 0x7fa496287b30>
4520,2020-07-07 07:00:00,<function <lambda> at 0x7fa4962879f0>,<function <lambda> at 0x7fa496287a90>,<function <lambda> at 0x7fa496287b30>
4521,2020-07-07 08:00:00,<function <lambda> at 0x7fa4962879f0>,<function <lambda> at 0x7fa496287a90>,<function <lambda> at 0x7fa496287b30>
4522,2020-07-07 09:00:00,<function <lambda> at 0x7fa4962879f0>,<function <lambda> at 0x7fa496287a90>,<function <lambda> at 0x7fa496287b30>
4523,2020-07-07 10:00:00,<function <lambda> at 0x7fa4962879f0>,<function <lambda> at 0x7fa496287a90>,<function <lambda> at 0x7fa496287b30>
4524,2020-07-07 11:00:00,<function <lambda> at 0x7fa4962879f0>,<function <lambda> at 0x7fa496287a90>,<function <lambda> at 0x7fa496287b30>
4525,2020-07-07 12:00:00,<function <lambda> at 0x7fa4962879f0>,<function <lambda> at 0x7fa496287a90>,<function <lambda> at 0x7fa496287b30>
4526,2020-07-07 13:00:00,<function <lambda> at 0x7fa4962879f0>,<function <lambda> at 0x7fa496287a90>,<function <lambda> at 0x7fa496287b30>
4527,2020-07-07 14:00:00,<function <lambda> at 0x7fa4962879f0>,<function <lambda> at 0x7fa496287a90>,<function <lambda> at 0x7fa496287b30>
4528,2020-07-07 15:00:00,<function <lambda> at 0x7fa4962879f0>,<function <lambda> at 0x7fa496287a90>,<function <lambda> at 0x7fa496287b30>
4529,2020-07-07 16:00:00,<function <lambda> at 0x7fa4962879f0>,<function <lambda> at 0x7fa496287a90>,<function <lambda> at 0x7fa496287b30>
4530,2020-07-07 17:00:00,<function <lambda> at 0x7fa4962879f0>,<function <lambda> at 0x7fa496287a90>,<function <lambda> at 0x7fa496287b30>
4531,2020-07-07 18:00:00,<function <lambda> at 0x7fa4962879f0>,<function <lambda> at 0x7fa496287a90>,<function <lambda> at 0x7fa496287b30>
4532,2020-07-07 19:00:00,<function <lambda> at 0x7fa4962879f0>,<function <lambda> at 0x7fa496287a90>,<function <lambda> at 0x7fa496287b30>
4533,2020-07-07 20:00:00,<function <lambda> at 0x7fa4962879f0>,<function <lambda> at 0x7fa496287a90>,<function <lambda> at 0x7fa496287b30>
4534,2020-07-07 21:00:00,<function <lambda> at 0x7fa4962879f0>,<function <lambda> at 0x7fa496287a90>,<function <lambda> at 0x7fa496287b30>
4535,2020-07-07 22:00:00,<function <lambda> at 0x7fa4962879f0>,<function <lambda> at 0x7fa496287a90>,<function <lambda> at 0x7fa496287b30>
4536,2020-07-07 23:00:00,<function <lambda> at 0x7fa4962879f0>,<function <lambda> at 0x7fa496287a90>,<function <lambda> at 0x7fa496287b30>
4537,2020-07-08 00:00:00,<function <lambda> at 0x7fa4962879f0>,<function <lambda> at 0x7fa496287a90>,<function <lambda> at 0x7fa496287b30>
4538,2020-07-08 01:00:00,<function <lambda> at 0x7fa4962879f0>,<function <lambda> at 0x7fa496287a90>,<function <lambda> at 0x7fa496287b30>
4539,2020-07-08 02:00:00,<function <lambda> at 0x7fa4962879f0>,<function <lambda> at 0x7fa496287a90>,<function <lambda> at 0x7fa496287b30>
4540,2020-07-08 03:00:00,<function <lambda> at 0x7fa4962879f0>,<function <lambda> at 0x7fa496287a90>,<function <lambda> at 0x7fa496287b30>
4541,2020-07-08 04:00:00,<function <lambda> at 0x7fa4962879f0>,<function <lambda> at 0x7fa496287a90>,<function <lambda> at 0x7fa496287b30>
4542,2020-07-08 05:00:00,<function <lambda> at 0x7fa4962879f0>,<function <lambda> at 0x7fa496287a90>,<function <lambda> at 0x7fa496287b30>
4543,2020-07-08 06:00:00,<function <lambda> at 0x7fa4962879f0>,<function <lambda> at 0x7fa496287a90>,<function <lambda> at 0x7fa496287b30>
4544,2020-07-08 07:00:00,<function <lambda> at 0x7fa4962879f0>,<function <lambda> at 0x7fa496287a90>,<function <lambda> at 0x7fa496287b30>
4545,2020-07-08 08:00:00,<function <lambda> at 0x7fa4962879f0>,<function <lambda> at 0x7fa496287a90>,<function <lambda> at 0x7fa496287b30>
4546,2020-07-08 09:00:00,<function <lambda> at 0x7fa4962879f0>,<function <lambda> at 0x7fa496287a90>,<function <lambda> at 0x7fa496287b30>
4547,2020-07-08 10:00:00,<function <lambda> at 0x7fa4962879f0>,<function <lambda> at 0x7fa496287a90>,<function <lambda> at 0x7fa496287b30>
4548,2020-07-08 11:00:00,<function <lambda> at 0x7fa4962879f0>,<function <lambda> at 0x7fa496287a90>,<function <lambda> at 0x7fa496287b30>
4549,2020-07-08 12:00:00,<function <lambda> at 0x7fa4962879f0>,<function <lambda> at 0x7fa496287a90>,<function <lambda> at 0x7fa496287b30>
4550,2020-07-08 13:00:00,<function <lambda> at 0x7fa4962879f0>,<function <lambda> at 0x7fa496287a90>,<function <lambda> at 0x7fa496287b30>
4551,2020-07-08 14:00:00,<function <lambda> at 0x7fa4962879f0>,<function <lambda> at 0x7fa496287a90>,<function <lambda> at 0x7fa496287b30>
4552,2020-07-08 15:00:00,<function <lambda> at 0x7fa4962879f0>,<function <lambda> at 0x7fa496287a90>,<function <lambda> at 0x7fa496287b30>
4553,2020-07-08 16:00:00,<function <lambda> at 0x7fa4962879f0>,<function <lambda> at 0x7fa496287a90>,<function <lambda> at 0x7fa496287b30>
4554,2020-07-08 17:00:00,<function <lambda> at 0x7fa4962879f0>,<function <lambda> at 0x7fa496287a90>,<function <lambda> at 0x7fa496287b30>
4555,2020-07-08 18:00:00,<function <lambda> at 0x7fa4962879f0>,<function <lambda> at 0x7fa496287a90>,<function <lambda> at 0x7fa496287b30>
4556,2020-07-08 19:00:00,<function <lambda> at 0x7fa4962879f0>,<function <lambda> at 0x7fa496287a90>,<function <lambda> at 0x7fa496287b30>
4557,2020-07-08 20:00:00,<function <lambda> at 0x7fa4962879f0>,<function <lambda> at 0x7fa496287a90>,<function <lambda> at 0x7fa496287b30>
4558,2020-07-08 21:00:00,<function <lambda> at 0x7fa4962879f0>,<function <lambda> at 0x7fa496287a90>,<function <lambda> at 0x7fa496287b30>
4559,2020-07-08 22:00:00,<function <lambda> at 0x7fa4962879f0>,<function <lambda> at 0x7fa496287a90>,<function <lambda> at 0x7fa496287b30>
4560,2020-07-08 23:00:00,<function <lambda> at 0x7fa4962879f0>,<function <lambda> at 0x7fa496287a90>,<function <lambda> at 0x7fa496287b30>
4561,2020-07-09 00:00:00,<function <lambda> at 0x7fa4962879f0>,<function <lambda> at 0x7fa496287a90>,<function <lambda> at 0x7fa496287b30>
4562,2020-07-09 01:00:00,<function <lambda> at 0x7fa4962879f0>,<function <lambda> at 0x7fa496287a90>,<function <lambda> at 0x7fa496287b30>
4563,2020-07-09 02:00:00,<function <lambda> at 0x7fa4962879f0>,<function <lambda> at 0x7fa496287a90>,<function <lambda> at 0x7fa496287b30>
4564,2020-07-09 03:00:00,<function <lambda> at 0x7fa4962879f0>,<function <lambda> at 0x7fa496287a90>,<function <lambda> at 0x7fa496287b30>
4565,2020-07-09 04:00:00,<function <lambda> at 0x7fa4962879f0>,<function <lambda> at 0x7fa496287a90>,<function <lambda> at 0x7fa496287b30>
4566,2020-07-09 05:00:00,<function <lambda> at 0x7fa4962879f0>,<function <lambda> at 0x7fa496287a90>,<function <lambda> at 0x7fa496287b30>
4567,2020-07-09 06:00:00,<function <lambda> at 0x7fa4962879f0>,<function <lambda> at 0x7fa496287a90>,<function <lambda> at 0x7fa496287b30>
4568,2020-07-09 07:00:00,<function <lambda> at 0x7fa4962879f0>,<function <lambda> at 0x7fa496287a90>,<function <lambda> at 0x7fa496287b30>
4569,2020-07-09 08:00:00,<function <lambda> at 0x7fa4962879f0>,<function <lambda> at 0x7fa496287a90>,<function <lambda> at 0x7fa496287b30>
4570,2020-07-09 09:00:00,<function <lambda> at 0x7fa4962879f0>,<function <lambda> at 0x7fa496287a90>,<function <lambda> at 0x7fa496287b30>
4571,2020-07-09 10:00:00,<function <lambda> at 0x7fa4962879f0>,<function <lambda> at 0x7fa496287a90>,<function <lambda> at 0x7fa496287b30>
4572,2020-07-09 11:00:00,<function <lambda> at 0x7fa4962879f0>,<function <lambda> at 0x7fa496287a90>,<function <lambda> at 0x7fa496287b30>
4573,2020-07-09 12:00:00,<function <lambda> at 0x7fa4962879f0>,<function <lambda> at 0x7fa496287a90>,<function <lambda> at 0x7fa496287b30>
4574,2020-07-09 13:00:00,<function <lambda> at 0x7fa4962879f0>,<function <lambda> at 0x7fa496287a90>,<function <lambda> at 0x7fa496287b30>
4575,2020-07-09 14:00:00,<function <lambda> at 0x7fa4962879f0>,<function <lambda> at 0x7fa496287a90>,<function <lambda> at 0x7fa496287b30>
4576,2020-07-09 15:00:00,<function <lambda> at 0x7fa4962879f0>,<function <lambda> at 0x7fa496287a90>,<function <lambda> at 0x7fa496287b30>
4577,2020-07-09 16:00:00,<function <lambda> at 0x7fa4962879f0>,<function <lambda> at 0x7fa496287a90>,<function <lambda> at 0x7fa496287b30>
4578,2020-07-09 17:00:00,<function <lambda> at 0x7fa4962879f0>,<function <lambda> at 0x7fa496287a90>,<function <lambda> at 0x7fa496287b30>
4579,2020-07-09 18:00:00,<function <lambda> at 0x7fa4962879f0>,<function <lambda> at 0x7fa496287a90>,<function <lambda> at 0x7fa496287b30>
4580,2020-07-09 19:00:00,<function <lambda> at 0x7fa4962879f0>,<function <lambda> at 0x7fa496287a90>,<function <lambda> at 0x7fa496287b30>
4581,2020-07-09 20:00:00,<function <lambda> at 0x7fa4962879f0>,<function <lambda> at 0x7fa496287a90>,<function <lambda> at 0x7fa496287b30>
4582,2020-07-09 21:00:00,<function <lambda> at 0x7fa4962879f0>,<function <lambda> at 0x7fa496287a90>,<function <lambda> at 0x7fa496287b30>
4583,2020-07-09 22:00:00,<function <lambda> at 0x7fa4962879f0>,<function <lambda> at 0x7fa496287a90>,<function <lambda> at 0x7fa496287b30>
4584,2020-07-09 23:00:00,<function <lambda> at 0x7fa4962879f0>,<function <lambda> at 0x7fa496287a90>,<function <lambda> at 0x7fa496287b30>
4585,2020-07-10 00:00:00,<function <lambda> at 0x7fa4962879f0>,<function <lambda> at 0x7fa496287a90>,<function <lambda> at 0x7fa496287b30>
4586,2020-07-10 01:00:00,<function <lambda> at 0x7fa4962879f0>,<function <lambda> at 0x7fa496287a90>,<function <lambda> at 0x7fa496287b30>
4587,2020-07-10 02:00:00,<function <lambda> at 0x7fa4962879f0>,<function <lambda> at 0x7fa496287a90>,<function <lambda> at 0x7fa496287b30>
4588,2020-07-10 03:00:00,<function <lambda> at 0x7fa4962879f0>,<function <lambda> at 0x7fa496287a90>,<function <lambda> at 0x7fa496287b30>
4589,2020-07-10 04:00:00,<function <lambda> at 0x7fa4962879f0>,<function <lambda> at 0x7fa496287a90>,<function <lambda> at 0x7fa496287b30>
4590,2020-07-10 05:00:00,<function <lambda> at 0x7fa4962879f0>,<function <lambda> at 0x7fa496287a90>,<function <lambda> at 0x7fa496287b30>
4591,2020-07-10 06:00:00,<function <lambda> at 0x7fa4962879f0>,<function <lambda> at 0x7fa496287a90>,<function <lambda> at 0x7fa496287b30>
4592,2020-07-10 07:00:00,<function <lambda> at 0x7fa4962879f0>,<function <lambda> at 0x7fa496287a90>,<function <lambda> at 0x7fa496287b30>
4593,2020-07-10 08:00:00,<function <lambda> at 0x7fa4962879f0>,<function <lambda> at 0x7fa496287a90>,<function <lambda> at 0x7fa496287b30>
4594,2020-07-10 09:00:00,<function <lambda> at 0x7fa4962879f0>,<function <lambda> at 0x7fa496287a90>,<function <lambda> at 0x7fa496287b30>
4595,2020-07-10 10:00:00,<function <lambda> at 0x7fa4962879f0>,<function <lambda> at 0x7fa496287a90>,<function <lambda> at 0x7fa496287b30>
4596,2020-07-10 11:00:00,<function <lambda> at 0x7fa4962879f0>,<function <lambda> at 0x7fa496287a90>,<function <lambda> at 0x7fa496287b30>
4597,2020-07-10 12:00:00,<function <lambda> at 0x7fa4962879f0>,<function <lambda> at 0x7fa496287a90>,<function <lambda> at 0x7fa496287b30>
4598,2020-07-10 13:00:00,<function <lambda> at 0x7fa4962879f0>,<function <lambda> at 0x7fa496287a90>,<function <lambda> at 0x7fa496287b30>
4599,2020-07-10 14:00:00,<function <lambda> at 0x7fa4962879f0>,<function <lambda> at 0x7fa496287a90>,<function <lambda> at 0x7fa496287b30>
4600,2020-07-10 15:00:00,<function <lambda> at 0x7fa4962879f0>,<function <lambda> at 0x7fa496287a90>,<function <lambda> at 0x7fa496287b30>
4601,2020-07-10 16:00:00,<function <lambda> at 0x7fa4962879f0>,<function <lambda> at 0x7fa496287a90>,<function <lambda> at 0x7fa496287b30>
4602,2020-07-10 17:00:00,<function <lambda> at 0x7fa4962879f0>,<function <lambda> at 0x7fa496287a90>,<function <lambda> at 0x7fa496287b30>
4603,2020-07-10 18:00:00,<function <lambda> at 0x7fa4962879f0>,<function <lambda> at 0x7fa496287a90>,<function <lambda> at 0x7fa496287b30>
4604,2020-07-10 19:00:00,<function <lambda> at 0x7fa4962879f0>,<function <lambda> at 0x7fa496287a90>,<function <lambda> at 0x7fa496287b30>
4605,2020-07-10 20:00:00,<function <lambda> at 0x7fa4962879f0>,<function <lambda> at 0x7fa496287a90>,<function <lambda> at 0x7fa496287b30>
4606,2020-07-10 21:00:00,<function <lambda> at 0x7fa4962879f0>,<function <lambda> at 0x7fa496287a90>,<function <lambda> at 0x7fa496287b30>
4607,2020-07-10 22:00:00,<function <lambda> at 0x7fa4962879f0>,<function <lambda> at 0x7fa496287a90>,<function <lambda> at 0x7fa496287b30>
4608,2020-07-10 23:00:00,<function <lambda> at 0x7fa4962879f0>,<function <lambda> at 0x7fa496287a90>,<function <lambda> at 0x7fa496287b30>
4609,2020-07-11 00:00:00,<function <lambda> at 0x7fa4962879f0>,<function <lambda> at 0x7fa496287a90>,<function <lambda> at 0x7fa496287b30>
4610,2020-07-11 01:00:00,<function <lambda> at 0x7fa4962879f0>,<function <lambda> at 0x7fa496287a90>,<function <lambda> at 0x7fa496287b30>
4611,2020-07-11 02:00:00,<function <lambda> at 0x7fa4962879f0>,<function <lambda> at 0x7fa496287a90>,<function <lambda> at 0x7fa496287b30>
4612,2020-07-11 03:00:00,<function <lambda> at 0x7fa4962879f0>,<function <lambda> at 0x7fa496287a90>,<function <lambda> at 0x7fa496287b30>
4613,2020-07-11 04:00:00,<function <lambda> at 0x7fa4962879f0>,<function <lambda> at 0x7fa496287a90>,<function <lambda> at 0x7fa496287b30>
4614,2020-07-11 05:00:00,<function <lambda> at 0x7fa4962879f0>,<function <lambda> at 0x7fa496287a90>,<function <lambda> at 0x7fa496287b30>
4615,2020-07-11 06:00:00,<function <lambda> at 0x7fa4962879f0>,<function <lambda> at 0x7fa496287a90>,<function <lambda> at 0x7fa496287b30>
4616,2020-07-11 07:00:00,<function <lambda> at 0x7fa4962879f0>,<function <lambda> at 0x7fa496287a90>,<function <lambda> at 0x7fa496287b30>
4617,2020-07-11 08:00:00,<function <lambda> at 0x7fa4962879f0>,<function <lambda> at 0x7fa496287a90>,<function <lambda> at 0x7fa496287b30>
4618,2020-07-11 09:00:00,<function <lambda> at 0x7fa4962879f0>,<function <lambda> at 0x7fa496287a90>,<function <lambda> at 0x7fa496287b30>
4619,2020-07-11 10:00:00,<function <lambda> at 0x7fa4962879f0>,<function <lambda> at 0x7fa496287a90>,<function <lambda> at 0x7fa496287b30>
4620,2020-07-11 11:00:00,<function <lambda> at 0x7fa4962879f0>,<function <lambda> at 0x7fa496287a90>,<function <lambda> at 0x7fa496287b30>
4621,2020-07-11 12:00:00,<function <lambda> at 0x7fa4962879f0>,<function <lambda> at 0x7fa496287a90>,<function <lambda> at 0x7fa496287b30>
4622,2020-07-11 13:00:00,<function <lambda> at 0x7fa4962879f0>,<function <lambda> at 0x7fa496287a90>,<function <lambda> at 0x7fa496287b30>
4623,2020-07-11 14:00:00,<function <lambda> at 0x7fa4962879f0>,<function <lambda> at 0x7fa496287a90>,<function <lambda> at 0x7fa496287b30>
4624,2020-07-11 15:00:00,<function <lambda> at 0x7fa4962879f0>,<function <lambda> at 0x7fa496287a90>,<function <lambda> at 0x7fa496287b30>
4625,2020-07-11 16:00:00,<function <lambda> at 0x7fa4962879f0>,<function <lambda> at 0x7fa496287a90>,<function <lambda> at 0x7fa496287b30>
4626,2020-07-11 17:00:00,<function <lambda> at 0x7fa4962879f0>,<function <lambda> at 0x7fa496287a90>,<function <lambda> at 0x7fa496287b30>
4627,2020-07-11 18:00:00,<function <lambda> at 0x7fa4962879f0>,<function <lambda> at 0x7fa496287a90>,<function <lambda> at 0x7fa496287b30>
4628,2020-07-11 19:00:00,<function <lambda> at 0x7fa4962879f0>,<function <lambda> at 0x7fa496287a90>,<function <lambda> at 0x7fa496287b30>
4629,2020-07-11 20:00:00,<function <lambda> at 0x7fa4962879f0>,<function <lambda> at 0x7fa496287a90>,<function <lambda> at 0x7fa496287b30>
4630,2020-07-11 21:00:00,<function <lambda> at 0x7fa4962879f0>,<function <lambda> at 0x7fa496287a90>,<function <lambda> at 0x7fa496287b30>
4631,2020-07-11 22:00:00,<function <lambda> at 0x7fa4962879f0>,<function <lambda> at 0x7fa496287a90>,<function <lambda> at 0x7fa496287b30>
4632,2020-07-11 23:00:00,<function <lambda> at 0x7fa4962879f0>,<function <lambda> at 0x7fa496287a90>,<function <lambda> at 0x7fa496287b30>
4633,2020-07-12 00:00:00,<function <lambda> at 0x7fa4962879f0>,<function <lambda> at 0x7fa496287a90>,<function <lambda> at 0x7fa496287b30>
4634,2020-07-12 01:00:00,<function <lambda> at 0x7fa4962879f0>,<function <lambda> at 0x7fa496287a90>,<function <lambda> at 0x7fa496287b30>
4635,2020-07-12 02:00:00,<function <lambda> at 0x7fa4962879f0>,<function <lambda> at 0x7fa496287a90>,<function <lambda> at 0x7fa496287b30>
4636,2020-07-12 03:00:00,<function <lambda> at 0x7fa4962879f0>,<function <lambda> at 0x7fa496287a90>,<function <lambda> at 0x7fa496287b30>
4637,2020-07-12 04:00:00,<function <lambda> at 0x7fa4962879f0>,<function <lambda> at 0x7fa496287a90>,<function <lambda> at 0x7fa496287b30>
4638,2020-07-12 05:00:00,<function <lambda> at 0x7fa4962879f0>,<function <lambda> at 0x7fa496287a90>,<function <lambda> at 0x7fa496287b30>
4639,2020-07-12 06:00:00,<function <lambda> at 0x7fa4962879f0>,<function <lambda> at 0x7fa496287a90>,<function <lambda> at 0x7fa496287b30>
4640,2020-07-12 07:00:00,<function <lambda> at 0x7fa4962879f0>,<function <lambda> at 0x7fa496287a90>,<function <lambda> at 0x7fa496287b30>
4641,2020-07-12 08:00:00,<function <lambda> at 0x7fa4962879f0>,<function <lambda> at 0x7fa496287a90>,<function <lambda> at 0x7fa496287b30>
4642,2020-07-12 09:00:00,<function <lambda> at 0x7fa4962879f0>,<function <lambda> at 0x7fa496287a90>,<function <lambda> at 0x7fa496287b30>
4643,2020-07-12 10:00:00,<function <lambda> at 0x7fa4962879f0>,<function <lambda> at 0x7fa496287a90>,<function <lambda> at 0x7fa496287b30>
4644,2020-07-12 11:00:00,<function <lambda> at 0x7fa4962879f0>,<function <lambda> at 0x7fa496287a90>,<function <lambda> at 0x7fa496287b30>
4645,2020-07-12 12:00:00,<function <lambda> at 0x7fa4962879f0>,<function <lambda> at 0x7fa496287a90>,<function <lambda> at 0x7fa496287b30>
4646,2020-07-12 13:00:00,<function <lambda> at 0x7fa4962879f0>,<function <lambda> at 0x7fa496287a90>,<function <lambda> at 0x7fa496287b30>
4647,2020-07-12 14:00:00,<function <lambda> at 0x7fa4962879f0>,<function <lambda> at 0x7fa496287a90>,<function <lambda> at 0x7fa496287b30>
4648,2020-07-12 15:00:00,<function <lambda> at 0x7fa4962879f0>,<function <lambda> at 0x7fa496287a90>,<function <lambda> at 0x7fa496287b30>
4649,2020-07-12 16:00:00,<function <lambda> at 0x7fa4962879f0>,<function <lambda> at 0x7fa496287a90>,<function <lambda> at 0x7fa496287b30>
4650,2020-07-12 17:00:00,<function <lambda> at 0x7fa4962879f0>,<function <lambda> at 0x7fa496287a90>,<function <lambda> at 0x7fa496287b30>
4651,2020-07-12 18:00:00,<function <lambda> at 0x7fa4962879f0>,<function <lambda> at 0x7fa496287a90>,<function <lambda> at 0x7fa496287b30>
4652,2020-07-12 19:00:00,<function <lambda> at 0x7fa4962879f0>,<function <lambda> at 0x7fa496287a90>,<function <lambda> at 0x7fa496287b30>
4653,2020-07-12 20:00:00,<function <lambda> at 0x7fa4962879f0>,<function <lambda> at 0x7fa496287a90>,<function <lambda> at 0x7fa496287b30>
4654,2020-07-12 21:00:00,<function <lambda> at 0x7fa4962879f0>,<function <lambda> at 0x7fa496287a90>,<function <lambda> at 0x7fa496287b30>
4655,2020-07-12 22:00:00,<function <lambda> at 0x7fa4962879f0>,<function <lambda> at 0x7fa496287a90>,<function <lambda> at 0x7fa496287b30>
4656,2020-07-12 23:00:00,<function <lambda> at 0x7fa4962879f0>,<function <lambda> at 0x7fa496287a90>,<function <lambda> at 0x7fa496287b30>
4657,2020-07-13 00:00:00,<function <lambda> at 0x7fa4962879f0>,<function <lambda> at 0x7fa496287a90>,<function <lambda> at 0x7fa496287b30>
4658,2020-07-13 01:00:00,<function <lambda> at 0x7fa4962879f0>,<function <lambda> at 0x7fa496287a90>,<function <lambda> at 0x7fa496287b30>
4659,2020-07-13 02:00:00,<function <lambda> at 0x7fa4962879f0>,<function <lambda> at 0x7fa496287a90>,<function <lambda> at 0x7fa496287b30>
4660,2020-07-13 03:00:00,<function <lambda> at 0x7fa4962879f0>,<function <lambda> at 0x7fa496287a90>,<function <lambda> at 0x7fa496287b30>
4661,2020-07-13 04:00:00,<function <lambda> at 0x7fa4962879f0>,<function <lambda> at 0x7fa496287a90>,<function <lambda> at 0x7fa496287b30>
4662,2020-07-13 05:00:00,<function <lambda> at 0x7fa4962879f0>,<function <lambda> at 0x7fa496287a90>,<function <lambda> at 0x7fa496287b30>
4663,2020-07-13 06:00:00,<function <lambda> at 0x7fa4962879f0>,<function <lambda> at 0x7fa496287a90>,<function <lambda> at 0x7fa496287b30>
4664,2020-07-13 07:00:00,<function <lambda> at 0x7fa4962879f0>,<function <lambda> at 0x7fa496287a90>,<function <lambda> at 0x7fa496287b30>
4665,2020-07-13 08:00:00,<function <lambda> at 0x7fa4962879f0>,<function <lambda> at 0x7fa496287a90>,<function <lambda> at 0x7fa496287b30>
4666,2020-07-13 09:00:00,<function <lambda> at 0x7fa4962879f0>,<function <lambda> at 0x7fa496287a90>,<function <lambda> at 0x7fa496287b30>
4667,2020-07-13 10:00:00,<function <lambda> at 0x7fa4962879f0>,<function <lambda> at 0x7fa496287a90>,<function <lambda> at 0x7fa496287b30>
4668,2020-07-13 11:00:00,<function <lambda> at 0x7fa4962879f0>,<function <lambda> at 0x7fa496287a90>,<function <lambda> at 0x7fa496287b30>
4669,2020-07-13 12:00:00,<function <lambda> at 0x7fa4962879f0>,<function <lambda> at 0x7fa496287a90>,<function <lambda> at 0x7fa496287b30>
4670,2020-07-13 13:00:00,<function <lambda> at 0x7fa4962879f0>,<function <lambda> at 0x7fa496287a90>,<function <lambda> at 0x7fa496287b30>
4671,2020-07-13 14:00:00,<function <lambda> at 0x7fa4962879f0>,<function <lambda> at 0x7fa496287a90>,<function <lambda> at 0x7fa496287b30>
4672,2020-07-13 15:00:00,<function <lambda> at 0x7fa4962879f0>,<function <lambda> at 0x7fa496287a90>,<function <lambda> at 0x7fa496287b30>
4673,2020-07-13 16:00:00,<function <lambda> at 0x7fa4962879f0>,<function <lambda> at 0x7fa496287a90>,<function <lambda> at 0x7fa496287b30>
4674,2020-07-13 17:00:00,<function <lambda> at 0x7fa4962879f0>,<function <lambda> at 0x7fa496287a90>,<function <lambda> at 0x7fa496287b30>
4675,2020-07-13 18:00:00,<function <lambda> at 0x7fa4962879f0>,<function <lambda> at 0x7fa496287a90>,<function <lambda> at 0x7fa496287b30>
4676,2020-07-13 19:00:00,<function <lambda> at 0x7fa4962879f0>,<function <lambda> at 0x7fa496287a90>,<function <lambda> at 0x7fa496287b30>
4677,2020-07-13 20:00:00,<function <lambda> at 0x7fa4962879f0>,<function <lambda> at 0x7fa496287a90>,<function <lambda> at 0x7fa496287b30>
4678,2020-07-13 21:00:00,<function <lambda> at 0x7fa4962879f0>,<function <lambda> at 0x7fa496287a90>,<function <lambda> at 0x7fa496287b30>
4679,2020-07-13 22:00:00,<function <lambda> at 0x7fa4962879f0>,<function <lambda> at 0x7fa496287a90>,<function <lambda> at 0x7fa496287b30>
4680,2020-07-13 23:00:00,<function <lambda> at 0x7fa4962879f0>,<function <lambda> at 0x7fa496287a90>,<function <lambda> at 0x7fa496287b30>
4681,2020-07-14 00:00:00,<function <lambda> at 0x7fa4962879f0>,<function <lambda> at 0x7fa496287a90>,<function <lambda> at 0x7fa496287b30>
4682,2020-07-14 01:00:00,<function <lambda> at 0x7fa4962879f0>,<function <lambda> at 0x7fa496287a90>,<function <lambda> at 0x7fa496287b30>
4683,2020-07-14 02:00:00,<function <lambda> at 0x7fa4962879f0>,<function <lambda> at 0x7fa496287a90>,<function <lambda> at 0x7fa496287b30>
4684,2020-07-14 03:00:00,<function <lambda> at 0x7fa4962879f0>,<function <lambda> at 0x7fa496287a90>,<function <lambda> at 0x7fa496287b30>
4685,2020-07-14 04:00:00,<function <lambda> at 0x7fa4962879f0>,<function <lambda> at 0x7fa496287a90>,<function <lambda> at 0x7fa496287b30>
4686,2020-07-14 05:00:00,<function <lambda> at 0x7fa4962879f0>,<function <lambda> at 0x7fa496287a90>,<function <lambda> at 0x7fa496287b30>
4687,2020-07-14 06:00:00,<function <lambda> at 0x7fa4962879f0>,<function <lambda> at 0x7fa496287a90>,<function <lambda> at 0x7fa496287b30>
4688,2020-07-14 07:00:00,<function <lambda> at 0x7fa4962879f0>,<function <lambda> at 0x7fa496287a90>,<function <lambda> at 0x7fa496287b30>
4689,2020-07-14 08:00:00,<function <lambda> at 0x7fa4962879f0>,<function <lambda> at 0x7fa496287a90>,<function <lambda> at 0x7fa496287b30>
4690,2020-07-14 09:00:00,<function <lambda> at 0x7fa4962879f0>,<function <lambda> at 0x7fa496287a90>,<function <lambda> at 0x7fa496287b30>
4691,2020-07-14 10:00:00,<function <lambda> at 0x7fa4962879f0>,<function <lambda> at 0x7fa496287a90>,<function <lambda> at 0x7fa496287b30>
4692,2020-07-14 11:00:00,<function <lambda> at 0x7fa4962879f0>,<function <lambda> at 0x7fa496287a90>,<function <lambda> at 0x7fa496287b30>
4693,2020-07-14 12:00:00,<function <lambda> at 0x7fa4962879f0>,<function <lambda> at 0x7fa496287a90>,<function <lambda> at 0x7fa496287b30>
4694,2020-07-14 13:00:00,<function <lambda> at 0x7fa4962879f0>,<function <lambda> at 0x7fa496287a90>,<function <lambda> at 0x7fa496287b30>
4695,2020-07-14 14:00:00,<function <lambda> at 0x7fa4962879f0>,<function <lambda> at 0x7fa496287a90>,<function <lambda> at 0x7fa496287b30>
4696,2020-07-14 15:00:00,<function <lambda> at 0x7fa4962879f0>,<function <lambda> at 0x7fa496287a90>,<function <lambda> at 0x7fa496287b30>
4697,2020-07-14 16:00:00,<function <lambda> at 0x7fa4962879f0>,<function <lambda> at 0x7fa496287a90>,<function <lambda> at 0x7fa496287b30>
4698,2020-07-14 17:00:00,<function <lambda> at 0x7fa4962879f0>,<function <lambda> at 0x7fa496287a90>,<function <lambda> at 0x7fa496287b30>
4699,2020-07-14 18:00:00,<function <lambda> at 0x7fa4962879f0>,<function <lambda> at 0x7fa496287a90>,<function <lambda> at 0x7fa496287b30>
4700,2020-07-14 19:00:00,<function <lambda> at 0x7fa4962879f0>,<function <lambda> at 0x7fa496287a90>,<function <lambda> at 0x7fa496287b30>
4701,2020-07-14 20:00:00,<function <lambda> at 0x7fa4962879f0>,<function <lambda> at 0x7fa496287a90>,<function <lambda> at 0x7fa496287b30>
4702,2020-07-14 21:00:00,<function <lambda> at 0x7fa4962879f0>,<function <lambda> at 0x7fa496287a90>,<function <lambda> at 0x7fa496287b30>
4703,2020-07-14 22:00:00,<function <lambda> at 0x7fa4962879f0>,<function <lambda> at 0x7fa496287a90>,<function <lambda> at 0x7fa496287b30>
4704,2020-07-14 23:00:00,<function <lambda> at 0x7fa4962879f0>,<function <lambda> at 0x7fa496287a90>,<function <lambda> at 0x7fa496287b30>
4705,2020-07-15 00:00:00,<function <lambda> at 0x7fa4962879f0>,<function <lambda> at 0x7fa496287a90>,<function <lambda> at 0x7fa496287b30>
4706,2020-07-15 01:00:00,<function <lambda> at 0x7fa4962879f0>,<function <lambda> at 0x7fa496287a90>,<function <lambda> at 0x7fa496287b30>
4707,2020-07-15 02:00:00,<function <lambda> at 0x7fa4962879f0>,<function <lambda> at 0x7fa496287a90>,<function <lambda> at 0x7fa496287b30>
4708,2020-07-15 03:00:00,<function <lambda> at 0x7fa4962879f0>,<function <lambda> at 0x7fa496287a90>,<function <lambda> at 0x7fa496287b30>
4709,2020-07-15 04:00:00,<function <lambda> at 0x7fa4962879f0>,<function <lambda> at 0x7fa496287a90>,<function <lambda> at 0x7fa496287b30>
4710,2020-07-15 05:00:00,<function <lambda> at 0x7fa4962879f0>,<function <lambda> at 0x7fa496287a90>,<function <lambda> at 0x7fa496287b30>
4711,2020-07-15 06:00:00,<function <lambda> at 0x7fa4962879f0>,<function <lambda> at 0x7fa496287a90>,<function <lambda> at 0x7fa496287b30>
4712,2020-07-15 07:00:00,<function <lambda> at 0x7fa4962879f0>,<function <lambda> at 0x7fa496287a90>,<function <lambda> at 0x7fa496287b30>
4713,2020-07-15 08:00:00,<function <lambda> at 0x7fa4962879f0>,<function <lambda> at 0x7fa496287a90>,<function <lambda> at 0x7fa496287b30>
4714,2020-07-15 09:00:00,<function <lambda> at 0x7fa4962879f0>,<function <lambda> at 0x7fa496287a90>,<function <lambda> at 0x7fa496287b30>
4715,2020-07-15 10:00:00,<function <lambda> at 0x7fa4962879f0>,<function <lambda> at 0x7fa496287a90>,<function <lambda> at 0x7fa496287b30>
4716,2020-07-15 11:00:00,<function <lambda> at 0x7fa4962879f0>,<function <lambda> at 0x7fa496287a90>,<function <lambda> at 0x7fa496287b30>
4717,2020-07-15 12:00:00,<function <lambda> at 0x7fa4962879f0>,<function <lambda> at 0x7fa496287a90>,<function <lambda> at 0x7fa496287b30>
4718,2020-07-15 13:00:00,<function <lambda> at 0x7fa4962879f0>,<function <lambda> at 0x7fa496287a90>,<function <lambda> at 0x7fa496287b30>
4719,2020-07-15 14:00:00,<function <lambda> at 0x7fa4962879f0>,<function <lambda> at 0x7fa496287a90>,<function <lambda> at 0x7fa496287b30>
4720,2020-07-15 15:00:00,<function <lambda> at 0x7fa4962879f0>,<function <lambda> at 0x7fa496287a90>,<function <lambda> at 0x7fa496287b30>
4721,2020-07-15 16:00:00,<function <lambda> at 0x7fa4962879f0>,<function <lambda> at 0x7fa496287a90>,<function <lambda> at 0x7fa496287b30>
4722,2020-07-15 17:00:00,<function <lambda> at 0x7fa4962879f0>,<function <lambda> at 0x7fa496287a90>,<function <lambda> at 0x7fa496287b30>
4723,2020-07-15 18:00:00,<function <lambda> at 0x7fa4962879f0>,<function <lambda> at 0x7fa496287a90>,<function <lambda> at 0x7fa496287b30>
4724,2020-07-15 19:00:00,<function <lambda> at 0x7fa4962879f0>,<function <lambda> at 0x7fa496287a90>,<function <lambda> at 0x7fa496287b30>
4725,2020-07-15 20:00:00,<function <lambda> at 0x7fa4962879f0>,<function <lambda> at 0x7fa496287a90>,<function <lambda> at 0x7fa496287b30>
4726,2020-07-15 21:00:00,<function <lambda> at 0x7fa4962879f0>,<function <lambda> at 0x7fa496287a90>,<function <lambda> at 0x7fa496287b30>
4727,2020-07-15 22:00:00,<function <lambda> at 0x7fa4962879f0>,<function <lambda> at 0x7fa496287a90>,<function <lambda> at 0x7fa496287b30>
4728,2020-07-15 23:00:00,<function <lambda> at 0x7fa4962879f0>,<function <lambda> at 0x7fa496287a90>,<function <lambda> at 0x7fa496287b30>
4729,2020-07-16 00:00:00,<function <lambda> at 0x7fa4962879f0>,<function <lambda> at 0x7fa496287a90>,<function <lambda> at 0x7fa496287b30>
4730,2020-07-16 01:00:00,<function <lambda> at 0x7fa4962879f0>,<function <lambda> at 0x7fa496287a90>,<function <lambda> at 0x7fa496287b30>
4731,2020-07-16 02:00:00,<function <lambda> at 0x7fa4962879f0>,<function <lambda> at 0x7fa496287a90>,<function <lambda> at 0x7fa496287b30>
4732,2020-07-16 03:00:00,<function <lambda> at 0x7fa4962879f0>,<function <lambda> at 0x7fa496287a90>,<function <lambda> at 0x7fa496287b30>
4733,2020-07-16 04:00:00,<function <lambda> at 0x7fa4962879f0>,<function <lambda> at 0x7fa496287a90>,<function <lambda> at 0x7fa496287b30>
4734,2020-07-16 05:00:00,<function <lambda> at 0x7fa4962879f0>,<function <lambda> at 0x7fa496287a90>,<function <lambda> at 0x7fa496287b30>
4735,2020-07-16 06:00:00,<function <lambda> at 0x7fa4962879f0>,<function <lambda> at 0x7fa496287a90>,<function <lambda> at 0x7fa496287b30>
4736,2020-07-16 07:00:00,<function <lambda> at 0x7fa4962879f0>,<function <lambda> at 0x7fa496287a90>,<function <lambda> at 0x7fa496287b30>
4737,2020-07-16 08:00:00,<function <lambda> at 0x7fa4962879f0>,<function <lambda> at 0x7fa496287a90>,<function <lambda> at 0x7fa496287b30>
4738,2020-07-16 09:00:00,<function <lambda> at 0x7fa4962879f0>,<function <lambda> at 0x7fa496287a90>,<function <lambda> at 0x7fa496287b30>
4739,2020-07-16 10:00:00,<function <lambda> at 0x7fa4962879f0>,<function <lambda> at 0x7fa496287a90>,<function <lambda> at 0x7fa496287b30>
4740,2020-07-16 11:00:00,<function <lambda> at 0x7fa4962879f0>,<function <lambda> at 0x7fa496287a90>,<function <lambda> at 0x7fa496287b30>
4741,2020-07-16 12:00:00,<function <lambda> at 0x7fa4962879f0>,<function <lambda> at 0x7fa496287a90>,<function <lambda> at 0x7fa496287b30>
4742,2020-07-16 13:00:00,<function <lambda> at 0x7fa4962879f0>,<function <lambda> at 0x7fa496287a90>,<function <lambda> at 0x7fa496287b30>
4743,2020-07-16 14:00:00,<function <lambda> at 0x7fa4962879f0>,<function <lambda> at 0x7fa496287a90>,<function <lambda> at 0x7fa496287b30>
4744,2020-07-16 15:00:00,<function <lambda> at 0x7fa4962879f0>,<function <lambda> at 0x7fa496287a90>,<function <lambda> at 0x7fa496287b30>
4745,2020-07-16 16:00:00,<function <lambda> at 0x7fa4962879f0>,<function <lambda> at 0x7fa496287a90>,<function <lambda> at 0x7fa496287b30>
4746,2020-07-16 17:00:00,<function <lambda> at 0x7fa4962879f0>,<function <lambda> at 0x7fa496287a90>,<function <lambda> at 0x7fa496287b30>
4747,2020-07-16 18:00:00,<function <lambda> at 0x7fa4962879f0>,<function <lambda> at 0x7fa496287a90>,<function <lambda> at 0x7fa496287b30>
4748,2020-07-16 19:00:00,<function <lambda> at 0x7fa4962879f0>,<function <lambda> at 0x7fa496287a90>,<function <lambda> at 0x7fa496287b30>
4749,2020-07-16 20:00:00,<function <lambda> at 0x7fa4962879f0>,<function <lambda> at 0x7fa496287a90>,<function <lambda> at 0x7fa496287b30>
4750,2020-07-16 21:00:00,<function <lambda> at 0x7fa4962879f0>,<function <lambda> at 0x7fa496287a90>,<function <lambda> at 0x7fa496287b30>
4751,2020-07-16 22:00:00,<function <lambda> at 0x7fa4962879f0>,<function <lambda> at 0x7fa496287a90>,<function <lambda> at 0x7fa496287b30>
4752,2020-07-16 23:00:00,<function <lambda> at 0x7fa4962879f0>,<function <lambda> at 0x7fa496287a90>,<function <lambda> at 0x7fa496287b30>
4753,2020-07-17 00:00:00,<function <lambda> at 0x7fa4962879f0>,<function <lambda> at 0x7fa496287a90>,<function <lambda> at 0x7fa496287b30>
4754,2020-07-17 01:00:00,<function <lambda> at 0x7fa4962879f0>,<function <lambda> at 0x7fa496287a90>,<function <lambda> at 0x7fa496287b30>
4755,2020-07-17 02:00:00,<function <lambda> at 0x7fa4962879f0>,<function <lambda> at 0x7fa496287a90>,<function <lambda> at 0x7fa496287b30>
4756,2020-07-17 03:00:00,<function <lambda> at 0x7fa4962879f0>,<function <lambda> at 0x7fa496287a90>,<function <lambda> at 0x7fa496287b30>
4757,2020-07-17 04:00:00,<function <lambda> at 0x7fa4962879f0>,<function <lambda> at 0x7fa496287a90>,<function <lambda> at 0x7fa496287b30>
4758,2020-07-17 05:00:00,<function <lambda> at 0x7fa4962879f0>,<function <lambda> at 0x7fa496287a90>,<function <lambda> at 0x7fa496287b30>
4759,2020-07-17 06:00:00,<function <lambda> at 0x7fa4962879f0>,<function <lambda> at 0x7fa496287a90>,<function <lambda> at 0x7fa496287b30>
4760,2020-07-17 07:00:00,<function <lambda> at 0x7fa4962879f0>,<function <lambda> at 0x7fa496287a90>,<function <lambda> at 0x7fa496287b30>
4761,2020-07-17 08:00:00,<function <lambda> at 0x7fa4962879f0>,<function <lambda> at 0x7fa496287a90>,<function <lambda> at 0x7fa496287b30>
4762,2020-07-17 09:00:00,<function <lambda> at 0x7fa4962879f0>,<function <lambda> at 0x7fa496287a90>,<function <lambda> at 0x7fa496287b30>
4763,2020-07-17 10:00:00,<function <lambda> at 0x7fa4962879f0>,<function <lambda> at 0x7fa496287a90>,<function <lambda> at 0x7fa496287b30>
4764,2020-07-17 11:00:00,<function <lambda> at 0x7fa4962879f0>,<function <lambda> at 0x7fa496287a90>,<function <lambda> at 0x7fa496287b30>
4765,2020-07-17 12:00:00,<function <lambda> at 0x7fa4962879f0>,<function <lambda> at 0x7fa496287a90>,<function <lambda> at 0x7fa496287b30>
4766,2020-07-17 13:00:00,<function <lambda> at 0x7fa4962879f0>,<function <lambda> at 0x7fa496287a90>,<function <lambda> at 0x7fa496287b30>
4767,2020-07-17 14:00:00,<function <lambda> at 0x7fa4962879f0>,<function <lambda> at 0x7fa496287a90>,<function <lambda> at 0x7fa496287b30>
4768,2020-07-17 15:00:00,<function <lambda> at 0x7fa4962879f0>,<function <lambda> at 0x7fa496287a90>,<function <lambda> at 0x7fa496287b30>
4769,2020-07-17 16:00:00,<function <lambda> at 0x7fa4962879f0>,<function <lambda> at 0x7fa496287a90>,<function <lambda> at 0x7fa496287b30>
4770,2020-07-17 17:00:00,<function <lambda> at 0x7fa4962879f0>,<function <lambda> at 0x7fa496287a90>,<function <lambda> at 0x7fa496287b30>
4771,2020-07-17 18:00:00,<function <lambda> at 0x7fa4962879f0>,<function <lambda> at 0x7fa496287a90>,<function <lambda> at 0x7fa496287b30>
4772,2020-07-17 19:00:00,<function <lambda> at 0x7fa4962879f0>,<function <lambda> at 0x7fa496287a90>,<function <lambda> at 0x7fa496287b30>
4773,2020-07-17 20:00:00,<function <lambda> at 0x7fa4962879f0>,<function <lambda> at 0x7fa496287a90>,<function <lambda> at 0x7fa496287b30>
4774,2020-07-17 21:00:00,<function <lambda> at 0x7fa4962879f0>,<function <lambda> at 0x7fa496287a90>,<function <lambda> at 0x7fa496287b30>
4775,2020-07-17 22:00:00,<function <lambda> at 0x7fa4962879f0>,<function <lambda> at 0x7fa496287a90>,<function <lambda> at 0x7fa496287b30>
4776,2020-07-17 23:00:00,<function <lambda> at 0x7fa4962879f0>,<function <lambda> at 0x7fa496287a90>,<function <lambda> at 0x7fa496287b30>
4777,2020-07-18 00:00:00,<function <lambda> at 0x7fa4962879f0>,<function <lambda> at 0x7fa496287a90>,<function <lambda> at 0x7fa496287b30>
4778,2020-07-18 01:00:00,<function <lambda> at 0x7fa4962879f0>,<function <lambda> at 0x7fa496287a90>,<function <lambda> at 0x7fa496287b30>
4779,2020-07-18 02:00:00,<function <lambda> at 0x7fa4962879f0>,<function <lambda> at 0x7fa496287a90>,<function <lambda> at 0x7fa496287b30>
4780,2020-07-18 03:00:00,<function <lambda> at 0x7fa4962879f0>,<function <lambda> at 0x7fa496287a90>,<function <lambda> at 0x7fa496287b30>
4781,2020-07-18 04:00:00,<function <lambda> at 0x7fa4962879f0>,<function <lambda> at 0x7fa496287a90>,<function <lambda> at 0x7fa496287b30>
4782,2020-07-18 05:00:00,<function <lambda> at 0x7fa4962879f0>,<function <lambda> at 0x7fa496287a90>,<function <lambda> at 0x7fa496287b30>
4783,2020-07-18 06:00:00,<function <lambda> at 0x7fa4962879f0>,<function <lambda> at 0x7fa496287a90>,<function <lambda> at 0x7fa496287b30>
4784,2020-07-18 07:00:00,<function <lambda> at 0x7fa4962879f0>,<function <lambda> at 0x7fa496287a90>,<function <lambda> at 0x7fa496287b30>
4785,2020-07-18 08:00:00,<function <lambda> at 0x7fa4962879f0>,<function <lambda> at 0x7fa496287a90>,<function <lambda> at 0x7fa496287b30>
4786,2020-07-18 09:00:00,<function <lambda> at 0x7fa4962879f0>,<function <lambda> at 0x7fa496287a90>,<function <lambda> at 0x7fa496287b30>
4787,2020-07-18 10:00:00,<function <lambda> at 0x7fa4962879f0>,<function <lambda> at 0x7fa496287a90>,<function <lambda> at 0x7fa496287b30>
4788,2020-07-18 11:00:00,<function <lambda> at 0x7fa4962879f0>,<function <lambda> at 0x7fa496287a90>,<function <lambda> at 0x7fa496287b30>
4789,2020-07-18 12:00:00,<function <lambda> at 0x7fa4962879f0>,<function <lambda> at 0x7fa496287a90>,<function <lambda> at 0x7fa496287b30>
4790,2020-07-18 13:00:00,<function <lambda> at 0x7fa4962879f0>,<function <lambda> at 0x7fa496287a90>,<function <lambda> at 0x7fa496287b30>
4791,2020-07-18 14:00:00,<function <lambda> at 0x7fa4962879f0>,<function <lambda> at 0x7fa496287a90>,<function <lambda> at 0x7fa496287b30>
4792,2020-07-18 15:00:00,<function <lambda> at 0x7fa4962879f0>,<function <lambda> at 0x7fa496287a90>,<function <lambda> at 0x7fa496287b30>
4793,2020-07-18 16:00:00,<function <lambda> at 0x7fa4962879f0>,<function <lambda> at 0x7fa496287a90>,<function <lambda> at 0x7fa496287b30>
4794,2020-07-18 17:00:00,<function <lambda> at 0x7fa4962879f0>,<function <lambda> at 0x7fa496287a90>,<function <lambda> at 0x7fa496287b30>
4795,2020-07-18 18:00:00,<function <lambda> at 0x7fa4962879f0>,<function <lambda> at 0x7fa496287a90>,<function <lambda> at 0x7fa496287b30>
4796,2020-07-18 19:00:00,<function <lambda> at 0x7fa4962879f0>,<function <lambda> at 0x7fa496287a90>,<function <lambda> at 0x7fa496287b30>
4797,2020-07-18 20:00:00,<function <lambda> at 0x7fa4962879f0>,<function <lambda> at 0x7fa496287a90>,<function <lambda> at 0x7fa496287b30>
4798,2020-07-18 21:00:00,<function <lambda> at 0x7fa4962879f0>,<function <lambda> at 0x7fa496287a90>,<function <lambda> at 0x7fa496287b30>
4799,2020-07-18 22:00:00,<function <lambda> at 0x7fa4962879f0>,<function <lambda> at 0x7fa496287a90>,<function <lambda> at 0x7fa496287b30>
4800,2020-07-18 23:00:00,<function <lambda> at 0x7fa4962879f0>,<function <lambda> at 0x7fa496287a90>,<function <lambda> at 0x7fa496287b30>
4801,2020-07-19 00:00:00,<function <lambda> at 0x7fa4962879f0>,<function <lambda> at 0x7fa496287a90>,<function <lambda> at 0x7fa496287b30>
4802,2020-07-19 01:00:00,<function <lambda> at 0x7fa4962879f0>,<function <lambda> at 0x7fa496287a90>,<function <lambda> at 0x7fa496287b30>
4803,2020-07-19 02:00:00,<function <lambda> at 0x7fa4962879f0>,<function <lambda> at 0x7fa496287a90>,<function <lambda> at 0x7fa496287b30>
4804,2020-07-19 03:00:00,<function <lambda> at 0x7fa4962879f0>,<function <lambda> at 0x7fa496287a90>,<function <lambda> at 0x7fa496287b30>
4805,2020-07-19 04:00:00,<function <lambda> at 0x7fa4962879f0>,<function <lambda> at 0x7fa496287a90>,<function <lambda> at 0x7fa496287b30>
4806,2020-07-19 05:00:00,<function <lambda> at 0x7fa4962879f0>,<function <lambda> at 0x7fa496287a90>,<function <lambda> at 0x7fa496287b30>
4807,2020-07-19 06:00:00,<function <lambda> at 0x7fa4962879f0>,<function <lambda> at 0x7fa496287a90>,<function <lambda> at 0x7fa496287b30>
4808,2020-07-19 07:00:00,<function <lambda> at 0x7fa4962879f0>,<function <lambda> at 0x7fa496287a90>,<function <lambda> at 0x7fa496287b30>
4809,2020-07-19 08:00:00,<function <lambda> at 0x7fa4962879f0>,<function <lambda> at 0x7fa496287a90>,<function <lambda> at 0x7fa496287b30>
4810,2020-07-19 09:00:00,<function <lambda> at 0x7fa4962879f0>,<function <lambda> at 0x7fa496287a90>,<function <lambda> at 0x7fa496287b30>
4811,2020-07-19 10:00:00,<function <lambda> at 0x7fa4962879f0>,<function <lambda> at 0x7fa496287a90>,<function <lambda> at 0x7fa496287b30>
4812,2020-07-19 11:00:00,<function <lambda> at 0x7fa4962879f0>,<function <lambda> at 0x7fa496287a90>,<function <lambda> at 0x7fa496287b30>
4813,2020-07-19 12:00:00,<function <lambda> at 0x7fa4962879f0>,<function <lambda> at 0x7fa496287a90>,<function <lambda> at 0x7fa496287b30>
4814,2020-07-19 13:00:00,<function <lambda> at 0x7fa4962879f0>,<function <lambda> at 0x7fa496287a90>,<function <lambda> at 0x7fa496287b30>
4815,2020-07-19 14:00:00,<function <lambda> at 0x7fa4962879f0>,<function <lambda> at 0x7fa496287a90>,<function <lambda> at 0x7fa496287b30>
4816,2020-07-19 15:00:00,<function <lambda> at 0x7fa4962879f0>,<function <lambda> at 0x7fa496287a90>,<function <lambda> at 0x7fa496287b30>
4817,2020-07-19 16:00:00,<function <lambda> at 0x7fa4962879f0>,<function <lambda> at 0x7fa496287a90>,<function <lambda> at 0x7fa496287b30>
4818,2020-07-19 17:00:00,<function <lambda> at 0x7fa4962879f0>,<function <lambda> at 0x7fa496287a90>,<function <lambda> at 0x7fa496287b30>
4819,2020-07-19 18:00:00,<function <lambda> at 0x7fa4962879f0>,<function <lambda> at 0x7fa496287a90>,<function <lambda> at 0x7fa496287b30>
4820,2020-07-19 19:00:00,<function <lambda> at 0x7fa4962879f0>,<function <lambda> at 0x7fa496287a90>,<function <lambda> at 0x7fa496287b30>
4821,2020-07-19 20:00:00,<function <lambda> at 0x7fa4962879f0>,<function <lambda> at 0x7fa496287a90>,<function <lambda> at 0x7fa496287b30>
4822,2020-07-19 21:00:00,<function <lambda> at 0x7fa4962879f0>,<function <lambda> at 0x7fa496287a90>,<function <lambda> at 0x7fa496287b30>
4823,2020-07-19 22:00:00,<function <lambda> at 0x7fa4962879f0>,<function <lambda> at 0x7fa496287a90>,<function <lambda> at 0x7fa496287b30>
4824,2020-07-19 23:00:00,<function <lambda> at 0x7fa4962879f0>,<function <lambda> at 0x7fa496287a90>,<function <lambda> at 0x7fa496287b30>
4825,2020-07-20 00:00:00,<function <lambda> at 0x7fa4962879f0>,<function <lambda> at 0x7fa496287a90>,<function <lambda> at 0x7fa496287b30>
4826,2020-07-20 01:00:00,<function <lambda> at 0x7fa4962879f0>,<function <lambda> at 0x7fa496287a90>,<function <lambda> at 0x7fa496287b30>
4827,2020-07-20 02:00:00,<function <lambda> at 0x7fa4962879f0>,<function <lambda> at 0x7fa496287a90>,<function <lambda> at 0x7fa496287b30>
4828,2020-07-20 03:00:00,<function <lambda> at 0x7fa4962879f0>,<function <lambda> at 0x7fa496287a90>,<function <lambda> at 0x7fa496287b30>
4829,2020-07-20 04:00:00,<function <lambda> at 0x7fa4962879f0>,<function <lambda> at 0x7fa496287a90>,<function <lambda> at 0x7fa496287b30>
4830,2020-07-20 05:00:00,<function <lambda> at 0x7fa4962879f0>,<function <lambda> at 0x7fa496287a90>,<function <lambda> at 0x7fa496287b30>
4831,2020-07-20 06:00:00,<function <lambda> at 0x7fa4962879f0>,<function <lambda> at 0x7fa496287a90>,<function <lambda> at 0x7fa496287b30>
4832,2020-07-20 07:00:00,<function <lambda> at 0x7fa4962879f0>,<function <lambda> at 0x7fa496287a90>,<function <lambda> at 0x7fa496287b30>
4833,2020-07-20 08:00:00,<function <lambda> at 0x7fa4962879f0>,<function <lambda> at 0x7fa496287a90>,<function <lambda> at 0x7fa496287b30>
4834,2020-07-20 09:00:00,<function <lambda> at 0x7fa4962879f0>,<function <lambda> at 0x7fa496287a90>,<function <lambda> at 0x7fa496287b30>
4835,2020-07-20 10:00:00,<function <lambda> at 0x7fa4962879f0>,<function <lambda> at 0x7fa496287a90>,<function <lambda> at 0x7fa496287b30>
4836,2020-07-20 11:00:00,<function <lambda> at 0x7fa4962879f0>,<function <lambda> at 0x7fa496287a90>,<function <lambda> at 0x7fa496287b30>
4837,2020-07-20 12:00:00,<function <lambda> at 0x7fa4962879f0>,<function <lambda> at 0x7fa496287a90>,<function <lambda> at 0x7fa496287b30>
4838,2020-07-20 13:00:00,<function <lambda> at 0x7fa4962879f0>,<function <lambda> at 0x7fa496287a90>,<function <lambda> at 0x7fa496287b30>
4839,2020-07-20 14:00:00,<function <lambda> at 0x7fa4962879f0>,<function <lambda> at 0x7fa496287a90>,<function <lambda> at 0x7fa496287b30>
4840,2020-07-20 15:00:00,<function <lambda> at 0x7fa4962879f0>,<function <lambda> at 0x7fa496287a90>,<function <lambda> at 0x7fa496287b30>
4841,2020-07-20 16:00:00,<function <lambda> at 0x7fa4962879f0>,<function <lambda> at 0x7fa496287a90>,<function <lambda> at 0x7fa496287b30>
4842,2020-07-20 17:00:00,<function <lambda> at 0x7fa4962879f0>,<function <lambda> at 0x7fa496287a90>,<function <lambda> at 0x7fa496287b30>
4843,2020-07-20 18:00:00,<function <lambda> at 0x7fa4962879f0>,<function <lambda> at 0x7fa496287a90>,<function <lambda> at 0x7fa496287b30>
4844,2020-07-20 19:00:00,<function <lambda> at 0x7fa4962879f0>,<function <lambda> at 0x7fa496287a90>,<function <lambda> at 0x7fa496287b30>
4845,2020-07-20 20:00:00,<function <lambda> at 0x7fa4962879f0>,<function <lambda> at 0x7fa496287a90>,<function <lambda> at 0x7fa496287b30>
4846,2020-07-20 21:00:00,<function <lambda> at 0x7fa4962879f0>,<function <lambda> at 0x7fa496287a90>,<function <lambda> at 0x7fa496287b30>
4847,2020-07-20 22:00:00,<function <lambda> at 0x7fa4962879f0>,<function <lambda> at 0x7fa496287a90>,<function <lambda> at 0x7fa496287b30>
4848,2020-07-20 23:00:00,<function <lambda> at 0x7fa4962879f0>,<function <lambda> at 0x7fa496287a90>,<function <lambda> at 0x7fa496287b30>
4849,2020-07-21 00:00:00,<function <lambda> at 0x7fa4962879f0>,<function <lambda> at 0x7fa496287a90>,<function <lambda> at 0x7fa496287b30>
4850,2020-07-21 01:00:00,<function <lambda> at 0x7fa4962879f0>,<function <lambda> at 0x7fa496287a90>,<function <lambda> at 0x7fa496287b30>
4851,2020-07-21 02:00:00,<function <lambda> at 0x7fa4962879f0>,<function <lambda> at 0x7fa496287a90>,<function <lambda> at 0x7fa496287b30>
4852,2020-07-21 03:00:00,<function <lambda> at 0x7fa4962879f0>,<function <lambda> at 0x7fa496287a90>,<function <lambda> at 0x7fa496287b30>
4853,2020-07-21 04:00:00,<function <lambda> at 0x7fa4962879f0>,<function <lambda> at 0x7fa496287a90>,<function <lambda> at 0x7fa496287b30>
4854,2020-07-21 05:00:00,<function <lambda> at 0x7fa4962879f0>,<function <lambda> at 0x7fa496287a90>,<function <lambda> at 0x7fa496287b30>
4855,2020-07-21 06:00:00,<function <lambda> at 0x7fa4962879f0>,<function <lambda> at 0x7fa496287a90>,<function <lambda> at 0x7fa496287b30>
4856,2020-07-21 07:00:00,<function <lambda> at 0x7fa4962879f0>,<function <lambda> at 0x7fa496287a90>,<function <lambda> at 0x7fa496287b30>
4857,2020-07-21 08:00:00,<function <lambda> at 0x7fa4962879f0>,<function <lambda> at 0x7fa496287a90>,<function <lambda> at 0x7fa496287b30>
4858,2020-07-21 09:00:00,<function <lambda> at 0x7fa4962879f0>,<function <lambda> at 0x7fa496287a90>,<function <lambda> at 0x7fa496287b30>
4859,2020-07-21 10:00:00,<function <lambda> at 0x7fa4962879f0>,<function <lambda> at 0x7fa496287a90>,<function <lambda> at 0x7fa496287b30>
4860,2020-07-21 11:00:00,<function <lambda> at 0x7fa4962879f0>,<function <lambda> at 0x7fa496287a90>,<function <lambda> at 0x7fa496287b30>
4861,2020-07-21 12:00:00,<function <lambda> at 0x7fa4962879f0>,<function <lambda> at 0x7fa496287a90>,<function <lambda> at 0x7fa496287b30>
4862,2020-07-21 13:00:00,<function <lambda> at 0x7fa4962879f0>,<function <lambda> at 0x7fa496287a90>,<function <lambda> at 0x7fa496287b30>
4863,2020-07-21 14:00:00,<function <lambda> at 0x7fa4962879f0>,<function <lambda> at 0x7fa496287a90>,<function <lambda> at 0x7fa496287b30>
4864,2020-07-21 15:00:00,<function <lambda> at 0x7fa4962879f0>,<function <lambda> at 0x7fa496287a90>,<function <lambda> at 0x7fa496287b30>
4865,2020-07-21 16:00:00,<function <lambda> at 0x7fa4962879f0>,<function <lambda> at 0x7fa496287a90>,<function <lambda> at 0x7fa496287b30>
4866,2020-07-21 17:00:00,<function <lambda> at 0x7fa4962879f0>,<function <lambda> at 0x7fa496287a90>,<function <lambda> at 0x7fa496287b30>
4867,2020-07-21 18:00:00,<function <lambda> at 0x7fa4962879f0>,<function <lambda> at 0x7fa496287a90>,<function <lambda> at 0x7fa496287b30>
4868,2020-07-21 19:00:00,<function <lambda> at 0x7fa4962879f0>,<function <lambda> at 0x7fa496287a90>,<function <lambda> at 0x7fa496287b30>
4869,2020-07-21 20:00:00,<function <lambda> at 0x7fa4962879f0>,<function <lambda> at 0x7fa496287a90>,<function <lambda> at 0x7fa496287b30>
4870,2020-07-21 21:00:00,<function <lambda> at 0x7fa4962879f0>,<function <lambda> at 0x7fa496287a90>,<function <lambda> at 0x7fa496287b30>
4871,2020-07-21 22:00:00,<function <lambda> at 0x7fa4962879f0>,<function <lambda> at 0x7fa496287a90>,<function <lambda> at 0x7fa496287b30>
4872,2020-07-21 23:00:00,<function <lambda> at 0x7fa4962879f0>,<function <lambda> at 0x7fa496287a90>,<function <lambda> at 0x7fa496287b30>
4873,2020-07-22 00:00:00,<function <lambda> at 0x7fa4962879f0>,<function <lambda> at 0x7fa496287a90>,<function <lambda> at 0x7fa496287b30>
4874,2020-07-22 01:00:00,<function <lambda> at 0x7fa4962879f0>,<function <lambda> at 0x7fa496287a90>,<function <lambda> at 0x7fa496287b30>
4875,2020-07-22 02:00:00,<function <lambda> at 0x7fa4962879f0>,<function <lambda> at 0x7fa496287a90>,<function <lambda> at 0x7fa496287b30>
4876,2020-07-22 03:00:00,<function <lambda> at 0x7fa4962879f0>,<function <lambda> at 0x7fa496287a90>,<function <lambda> at 0x7fa496287b30>
4877,2020-07-22 04:00:00,<function <lambda> at 0x7fa4962879f0>,<function <lambda> at 0x7fa496287a90>,<function <lambda> at 0x7fa496287b30>
4878,2020-07-22 05:00:00,<function <lambda> at 0x7fa4962879f0>,<function <lambda> at 0x7fa496287a90>,<function <lambda> at 0x7fa496287b30>
4879,2020-07-22 06:00:00,<function <lambda> at 0x7fa4962879f0>,<function <lambda> at 0x7fa496287a90>,<function <lambda> at 0x7fa496287b30>
4880,2020-07-22 07:00:00,<function <lambda> at 0x7fa4962879f0>,<function <lambda> at 0x7fa496287a90>,<function <lambda> at 0x7fa496287b30>
4881,2020-07-22 08:00:00,<function <lambda> at 0x7fa4962879f0>,<function <lambda> at 0x7fa496287a90>,<function <lambda> at 0x7fa496287b30>
4882,2020-07-22 09:00:00,<function <lambda> at 0x7fa4962879f0>,<function <lambda> at 0x7fa496287a90>,<function <lambda> at 0x7fa496287b30>
4883,2020-07-22 10:00:00,<function <lambda> at 0x7fa4962879f0>,<function <lambda> at 0x7fa496287a90>,<function <lambda> at 0x7fa496287b30>
4884,2020-07-22 11:00:00,<function <lambda> at 0x7fa4962879f0>,<function <lambda> at 0x7fa496287a90>,<function <lambda> at 0x7fa496287b30>
4885,2020-07-22 12:00:00,<function <lambda> at 0x7fa4962879f0>,<function <lambda> at 0x7fa496287a90>,<function <lambda> at 0x7fa496287b30>
4886,2020-07-22 13:00:00,<function <lambda> at 0x7fa4962879f0>,<function <lambda> at 0x7fa496287a90>,<function <lambda> at 0x7fa496287b30>
4887,2020-07-22 14:00:00,<function <lambda> at 0x7fa4962879f0>,<function <lambda> at 0x7fa496287a90>,<function <lambda> at 0x7fa496287b30>
4888,2020-07-22 15:00:00,<function <lambda> at 0x7fa4962879f0>,<function <lambda> at 0x7fa496287a90>,<function <lambda> at 0x7fa496287b30>
4889,2020-07-22 16:00:00,<function <lambda> at 0x7fa4962879f0>,<function <lambda> at 0x7fa496287a90>,<function <lambda> at 0x7fa496287b30>
4890,2020-07-22 17:00:00,<function <lambda> at 0x7fa4962879f0>,<function <lambda> at 0x7fa496287a90>,<function <lambda> at 0x7fa496287b30>
4891,2020-07-22 18:00:00,<function <lambda> at 0x7fa4962879f0>,<function <lambda> at 0x7fa496287a90>,<function <lambda> at 0x7fa496287b30>
4892,2020-07-22 19:00:00,<function <lambda> at 0x7fa4962879f0>,<function <lambda> at 0x7fa496287a90>,<function <lambda> at 0x7fa496287b30>
4893,2020-07-22 20:00:00,<function <lambda> at 0x7fa4962879f0>,<function <lambda> at 0x7fa496287a90>,<function <lambda> at 0x7fa496287b30>
4894,2020-07-22 21:00:00,<function <lambda> at 0x7fa4962879f0>,<function <lambda> at 0x7fa496287a90>,<function <lambda> at 0x7fa496287b30>
4895,2020-07-22 22:00:00,<function <lambda> at 0x7fa4962879f0>,<function <lambda> at 0x7fa496287a90>,<function <lambda> at 0x7fa496287b30>
4896,2020-07-22 23:00:00,<function <lambda> at 0x7fa4962879f0>,<function <lambda> at 0x7fa496287a90>,<function <lambda> at 0x7fa496287b30>
4897,2020-07-23 00:00:00,<function <lambda> at 0x7fa4962879f0>,<function <lambda> at 0x7fa496287a90>,<function <lambda> at 0x7fa496287b30>
4898,2020-07-23 01:00:00,<function <lambda> at 0x7fa4962879f0>,<function <lambda> at 0x7fa496287a90>,<function <lambda> at 0x7fa496287b30>
4899,2020-07-23 02:00:00,<function <lambda> at 0x7fa4962879f0>,<function <lambda> at 0x7fa496287a90>,<function <lambda> at 0x7fa496287b30>
4900,2020-07-23 03:00:00,<function <lambda> at 0x7fa4962879f0>,<function <lambda> at 0x7fa496287a90>,<function <lambda> at 0x7fa496287b30>
4901,2020-07-23 04:00:00,<function <lambda> at 0x7fa4962879f0>,<function <lambda> at 0x7fa496287a90>,<function <lambda> at 0x7fa496287b30>
4902,2020-07-23 05:00:00,<function <lambda> at 0x7fa4962879f0>,<function <lambda> at 0x7fa496287a90>,<function <lambda> at 0x7fa496287b30>
4903,2020-07-23 06:00:00,<function <lambda> at 0x7fa4962879f0>,<function <lambda> at 0x7fa496287a90>,<function <lambda> at 0x7fa496287b30>
4904,2020-07-23 07:00:00,<function <lambda> at 0x7fa4962879f0>,<function <lambda> at 0x7fa496287a90>,<function <lambda> at 0x7fa496287b30>
4905,2020-07-23 08:00:00,<function <lambda> at 0x7fa4962879f0>,<function <lambda> at 0x7fa496287a90>,<function <lambda> at 0x7fa496287b30>
4906,2020-07-23 09:00:00,<function <lambda> at 0x7fa4962879f0>,<function <lambda> at 0x7fa496287a90>,<function <lambda> at 0x7fa496287b30>
4907,2020-07-23 10:00:00,<function <lambda> at 0x7fa4962879f0>,<function <lambda> at 0x7fa496287a90>,<function <lambda> at 0x7fa496287b30>
4908,2020-07-23 11:00:00,<function <lambda> at 0x7fa4962879f0>,<function <lambda> at 0x7fa496287a90>,<function <lambda> at 0x7fa496287b30>
4909,2020-07-23 12:00:00,<function <lambda> at 0x7fa4962879f0>,<function <lambda> at 0x7fa496287a90>,<function <lambda> at 0x7fa496287b30>
4910,2020-07-23 13:00:00,<function <lambda> at 0x7fa4962879f0>,<function <lambda> at 0x7fa496287a90>,<function <lambda> at 0x7fa496287b30>
4911,2020-07-23 14:00:00,<function <lambda> at 0x7fa4962879f0>,<function <lambda> at 0x7fa496287a90>,<function <lambda> at 0x7fa496287b30>
4912,2020-07-23 15:00:00,<function <lambda> at 0x7fa4962879f0>,<function <lambda> at 0x7fa496287a90>,<function <lambda> at 0x7fa496287b30>
4913,2020-07-23 16:00:00,<function <lambda> at 0x7fa4962879f0>,<function <lambda> at 0x7fa496287a90>,<function <lambda> at 0x7fa496287b30>
4914,2020-07-23 17:00:00,<function <lambda> at 0x7fa4962879f0>,<function <lambda> at 0x7fa496287a90>,<function <lambda> at 0x7fa496287b30>
4915,2020-07-23 18:00:00,<function <lambda> at 0x7fa4962879f0>,<function <lambda> at 0x7fa496287a90>,<function <lambda> at 0x7fa496287b30>
4916,2020-07-23 19:00:00,<function <lambda> at 0x7fa4962879f0>,<function <lambda> at 0x7fa496287a90>,<function <lambda> at 0x7fa496287b30>
4917,2020-07-23 20:00:00,<function <lambda> at 0x7fa4962879f0>,<function <lambda> at 0x7fa496287a90>,<function <lambda> at 0x7fa496287b30>
4918,2020-07-23 21:00:00,<function <lambda> at 0x7fa4962879f0>,<function <lambda> at 0x7fa496287a90>,<function <lambda> at 0x7fa496287b30>
4919,2020-07-23 22:00:00,<function <lambda> at 0x7fa4962879f0>,<function <lambda> at 0x7fa496287a90>,<function <lambda> at 0x7fa496287b30>
4920,2020-07-23 23:00:00,<function <lambda> at 0x7fa4962879f0>,<function <lambda> at 0x7fa496287a90>,<function <lambda> at 0x7fa496287b30>
4921,2020-07-24 00:00:00,<function <lambda> at 0x7fa4962879f0>,<function <lambda> at 0x7fa496287a90>,<function <lambda> at 0x7fa496287b30>
4922,2020-07-24 01:00:00,<function <lambda> at 0x7fa4962879f0>,<function <lambda> at 0x7fa496287a90>,<function <lambda> at 0x7fa496287b30>
4923,2020-07-24 02:00:00,<function <lambda> at 0x7fa4962879f0>,<function <lambda> at 0x7fa496287a90>,<function <lambda> at 0x7fa496287b30>
4924,2020-07-24 03:00:00,<function <lambda> at 0x7fa4962879f0>,<function <lambda> at 0x7fa496287a90>,<function <lambda> at 0x7fa496287b30>
4925,2020-07-24 04:00:00,<function <lambda> at 0x7fa4962879f0>,<function <lambda> at 0x7fa496287a90>,<function <lambda> at 0x7fa496287b30>
4926,2020-07-24 05:00:00,<function <lambda> at 0x7fa4962879f0>,<function <lambda> at 0x7fa496287a90>,<function <lambda> at 0x7fa496287b30>
4927,2020-07-24 06:00:00,<function <lambda> at 0x7fa4962879f0>,<function <lambda> at 0x7fa496287a90>,<function <lambda> at 0x7fa496287b30>
4928,2020-07-24 07:00:00,<function <lambda> at 0x7fa4962879f0>,<function <lambda> at 0x7fa496287a90>,<function <lambda> at 0x7fa496287b30>
4929,2020-07-24 08:00:00,<function <lambda> at 0x7fa4962879f0>,<function <lambda> at 0x7fa496287a90>,<function <lambda> at 0x7fa496287b30>
4930,2020-07-24 09:00:00,<function <lambda> at 0x7fa4962879f0>,<function <lambda> at 0x7fa496287a90>,<function <lambda> at 0x7fa496287b30>
4931,2020-07-24 10:00:00,<function <lambda> at 0x7fa4962879f0>,<function <lambda> at 0x7fa496287a90>,<function <lambda> at 0x7fa496287b30>
4932,2020-07-24 11:00:00,<function <lambda> at 0x7fa4962879f0>,<function <lambda> at 0x7fa496287a90>,<function <lambda> at 0x7fa496287b30>
4933,2020-07-24 12:00:00,<function <lambda> at 0x7fa4962879f0>,<function <lambda> at 0x7fa496287a90>,<function <lambda> at 0x7fa496287b30>
4934,2020-07-24 13:00:00,<function <lambda> at 0x7fa4962879f0>,<function <lambda> at 0x7fa496287a90>,<function <lambda> at 0x7fa496287b30>
4935,2020-07-24 14:00:00,<function <lambda> at 0x7fa4962879f0>,<function <lambda> at 0x7fa496287a90>,<function <lambda> at 0x7fa496287b30>
4936,2020-07-24 15:00:00,<function <lambda> at 0x7fa4962879f0>,<function <lambda> at 0x7fa496287a90>,<function <lambda> at 0x7fa496287b30>
4937,2020-07-24 16:00:00,<function <lambda> at 0x7fa4962879f0>,<function <lambda> at 0x7fa496287a90>,<function <lambda> at 0x7fa496287b30>
4938,2020-07-24 17:00:00,<function <lambda> at 0x7fa4962879f0>,<function <lambda> at 0x7fa496287a90>,<function <lambda> at 0x7fa496287b30>
4939,2020-07-24 18:00:00,<function <lambda> at 0x7fa4962879f0>,<function <lambda> at 0x7fa496287a90>,<function <lambda> at 0x7fa496287b30>
4940,2020-07-24 19:00:00,<function <lambda> at 0x7fa4962879f0>,<function <lambda> at 0x7fa496287a90>,<function <lambda> at 0x7fa496287b30>
4941,2020-07-24 20:00:00,<function <lambda> at 0x7fa4962879f0>,<function <lambda> at 0x7fa496287a90>,<function <lambda> at 0x7fa496287b30>
4942,2020-07-24 21:00:00,<function <lambda> at 0x7fa4962879f0>,<function <lambda> at 0x7fa496287a90>,<function <lambda> at 0x7fa496287b30>
4943,2020-07-24 22:00:00,<function <lambda> at 0x7fa4962879f0>,<function <lambda> at 0x7fa496287a90>,<function <lambda> at 0x7fa496287b30>
4944,2020-07-24 23:00:00,<function <lambda> at 0x7fa4962879f0>,<function <lambda> at 0x7fa496287a90>,<function <lambda> at 0x7fa496287b30>
4945,2020-07-25 00:00:00,<function <lambda> at 0x7fa4962879f0>,<function <lambda> at 0x7fa496287a90>,<function <lambda> at 0x7fa496287b30>
4946,2020-07-25 01:00:00,<function <lambda> at 0x7fa4962879f0>,<function <lambda> at 0x7fa496287a90>,<function <lambda> at 0x7fa496287b30>
4947,2020-07-25 02:00:00,<function <lambda> at 0x7fa4962879f0>,<function <lambda> at 0x7fa496287a90>,<function <lambda> at 0x7fa496287b30>
4948,2020-07-25 03:00:00,<function <lambda> at 0x7fa4962879f0>,<function <lambda> at 0x7fa496287a90>,<function <lambda> at 0x7fa496287b30>
4949,2020-07-25 04:00:00,<function <lambda> at 0x7fa4962879f0>,<function <lambda> at 0x7fa496287a90>,<function <lambda> at 0x7fa496287b30>
4950,2020-07-25 05:00:00,<function <lambda> at 0x7fa4962879f0>,<function <lambda> at 0x7fa496287a90>,<function <lambda> at 0x7fa496287b30>
4951,2020-07-25 06:00:00,<function <lambda> at 0x7fa4962879f0>,<function <lambda> at 0x7fa496287a90>,<function <lambda> at 0x7fa496287b30>
4952,2020-07-25 07:00:00,<function <lambda> at 0x7fa4962879f0>,<function <lambda> at 0x7fa496287a90>,<function <lambda> at 0x7fa496287b30>
4953,2020-07-25 08:00:00,<function <lambda> at 0x7fa4962879f0>,<function <lambda> at 0x7fa496287a90>,<function <lambda> at 0x7fa496287b30>
4954,2020-07-25 09:00:00,<function <lambda> at 0x7fa4962879f0>,<function <lambda> at 0x7fa496287a90>,<function <lambda> at 0x7fa496287b30>
4955,2020-07-25 10:00:00,<function <lambda> at 0x7fa4962879f0>,<function <lambda> at 0x7fa496287a90>,<function <lambda> at 0x7fa496287b30>
4956,2020-07-25 11:00:00,<function <lambda> at 0x7fa4962879f0>,<function <lambda> at 0x7fa496287a90>,<function <lambda> at 0x7fa496287b30>
4957,2020-07-25 12:00:00,<function <lambda> at 0x7fa4962879f0>,<function <lambda> at 0x7fa496287a90>,<function <lambda> at 0x7fa496287b30>
4958,2020-07-25 13:00:00,<function <lambda> at 0x7fa4962879f0>,<function <lambda> at 0x7fa496287a90>,<function <lambda> at 0x7fa496287b30>
4959,2020-07-25 14:00:00,<function <lambda> at 0x7fa4962879f0>,<function <lambda> at 0x7fa496287a90>,<function <lambda> at 0x7fa496287b30>
4960,2020-07-25 15:00:00,<function <lambda> at 0x7fa4962879f0>,<function <lambda> at 0x7fa496287a90>,<function <lambda> at 0x7fa496287b30>
4961,2020-07-25 16:00:00,<function <lambda> at 0x7fa4962879f0>,<function <lambda> at 0x7fa496287a90>,<function <lambda> at 0x7fa496287b30>
4962,2020-07-25 17:00:00,<function <lambda> at 0x7fa4962879f0>,<function <lambda> at 0x7fa496287a90>,<function <lambda> at 0x7fa496287b30>
4963,2020-07-25 18:00:00,<function <lambda> at 0x7fa4962879f0>,<function <lambda> at 0x7fa496287a90>,<function <lambda> at 0x7fa496287b30>
4964,2020-07-25 19:00:00,<function <lambda> at 0x7fa4962879f0>,<function <lambda> at 0x7fa496287a90>,<function <lambda> at 0x7fa496287b30>
4965,2020-07-25 20:00:00,<function <lambda> at 0x7fa4962879f0>,<function <lambda> at 0x7fa496287a90>,<function <lambda> at 0x7fa496287b30>
4966,2020-07-25 21:00:00,<function <lambda> at 0x7fa4962879f0>,<function <lambda> at 0x7fa496287a90>,<function <lambda> at 0x7fa496287b30>
4967,2020-07-25 22:00:00,<function <lambda> at 0x7fa4962879f0>,<function <lambda> at 0x7fa496287a90>,<function <lambda> at 0x7fa496287b30>
4968,2020-07-25 23:00:00,<function <lambda> at 0x7fa4962879f0>,<function <lambda> at 0x7fa496287a90>,<function <lambda> at 0x7fa496287b30>
4969,2020-07-26 00:00:00,<function <lambda> at 0x7fa4962879f0>,<function <lambda> at 0x7fa496287a90>,<function <lambda> at 0x7fa496287b30>
4970,2020-07-26 01:00:00,<function <lambda> at 0x7fa4962879f0>,<function <lambda> at 0x7fa496287a90>,<function <lambda> at 0x7fa496287b30>
4971,2020-07-26 02:00:00,<function <lambda> at 0x7fa4962879f0>,<function <lambda> at 0x7fa496287a90>,<function <lambda> at 0x7fa496287b30>
4972,2020-07-26 03:00:00,<function <lambda> at 0x7fa4962879f0>,<function <lambda> at 0x7fa496287a90>,<function <lambda> at 0x7fa496287b30>
4973,2020-07-26 04:00:00,<function <lambda> at 0x7fa4962879f0>,<function <lambda> at 0x7fa496287a90>,<function <lambda> at 0x7fa496287b30>
4974,2020-07-26 05:00:00,<function <lambda> at 0x7fa4962879f0>,<function <lambda> at 0x7fa496287a90>,<function <lambda> at 0x7fa496287b30>
4975,2020-07-26 06:00:00,<function <lambda> at 0x7fa4962879f0>,<function <lambda> at 0x7fa496287a90>,<function <lambda> at 0x7fa496287b30>
4976,2020-07-26 07:00:00,<function <lambda> at 0x7fa4962879f0>,<function <lambda> at 0x7fa496287a90>,<function <lambda> at 0x7fa496287b30>
4977,2020-07-26 08:00:00,<function <lambda> at 0x7fa4962879f0>,<function <lambda> at 0x7fa496287a90>,<function <lambda> at 0x7fa496287b30>
4978,2020-07-26 09:00:00,<function <lambda> at 0x7fa4962879f0>,<function <lambda> at 0x7fa496287a90>,<function <lambda> at 0x7fa496287b30>
4979,2020-07-26 10:00:00,<function <lambda> at 0x7fa4962879f0>,<function <lambda> at 0x7fa496287a90>,<function <lambda> at 0x7fa496287b30>
4980,2020-07-26 11:00:00,<function <lambda> at 0x7fa4962879f0>,<function <lambda> at 0x7fa496287a90>,<function <lambda> at 0x7fa496287b30>
4981,2020-07-26 12:00:00,<function <lambda> at 0x7fa4962879f0>,<function <lambda> at 0x7fa496287a90>,<function <lambda> at 0x7fa496287b30>
4982,2020-07-26 13:00:00,<function <lambda> at 0x7fa4962879f0>,<function <lambda> at 0x7fa496287a90>,<function <lambda> at 0x7fa496287b30>
4983,2020-07-26 14:00:00,<function <lambda> at 0x7fa4962879f0>,<function <lambda> at 0x7fa496287a90>,<function <lambda> at 0x7fa496287b30>
4984,2020-07-26 15:00:00,<function <lambda> at 0x7fa4962879f0>,<function <lambda> at 0x7fa496287a90>,<function <lambda> at 0x7fa496287b30>
4985,2020-07-26 16:00:00,<function <lambda> at 0x7fa4962879f0>,<function <lambda> at 0x7fa496287a90>,<function <lambda> at 0x7fa496287b30>
4986,2020-07-26 17:00:00,<function <lambda> at 0x7fa4962879f0>,<function <lambda> at 0x7fa496287a90>,<function <lambda> at 0x7fa496287b30>
4987,2020-07-26 18:00:00,<function <lambda> at 0x7fa4962879f0>,<function <lambda> at 0x7fa496287a90>,<function <lambda> at 0x7fa496287b30>
4988,2020-07-26 19:00:00,<function <lambda> at 0x7fa4962879f0>,<function <lambda> at 0x7fa496287a90>,<function <lambda> at 0x7fa496287b30>
4989,2020-07-26 20:00:00,<function <lambda> at 0x7fa4962879f0>,<function <lambda> at 0x7fa496287a90>,<function <lambda> at 0x7fa496287b30>
4990,2020-07-26 21:00:00,<function <lambda> at 0x7fa4962879f0>,<function <lambda> at 0x7fa496287a90>,<function <lambda> at 0x7fa496287b30>
4991,2020-07-26 22:00:00,<function <lambda> at 0x7fa4962879f0>,<function <lambda> at 0x7fa496287a90>,<function <lambda> at 0x7fa496287b30>
4992,2020-07-26 23:00:00,<function <lambda> at 0x7fa4962879f0>,<function <lambda> at 0x7fa496287a90>,<function <lambda> at 0x7fa496287b30>
4993,2020-07-27 00:00:00,<function <lambda> at 0x7fa4962879f0>,<function <lambda> at 0x7fa496287a90>,<function <lambda> at 0x7fa496287b30>
4994,2020-07-27 01:00:00,<function <lambda> at 0x7fa4962879f0>,<function <lambda> at 0x7fa496287a90>,<function <lambda> at 0x7fa496287b30>
4995,2020-07-27 02:00:00,<function <lambda> at 0x7fa4962879f0>,<function <lambda> at 0x7fa496287a90>,<function <lambda> at 0x7fa496287b30>
4996,2020-07-27 03:00:00,<function <lambda> at 0x7fa4962879f0>,<function <lambda> at 0x7fa496287a90>,<function <lambda> at 0x7fa496287b30>
4997,2020-07-27 04:00:00,<function <lambda> at 0x7fa4962879f0>,<function <lambda> at 0x7fa496287a90>,<function <lambda> at 0x7fa496287b30>
4998,2020-07-27 05:00:00,<function <lambda> at 0x7fa4962879f0>,<function <lambda> at 0x7fa496287a90>,<function <lambda> at 0x7fa496287b30>
4999,2020-07-27 06:00:00,<function <lambda> at 0x7fa4962879f0>,<function <lambda> at 0x7fa496287a90>,<function <lambda> at 0x7fa496287b30>
5000,2020-07-27 07:00:00,<function <lambda> at 0x7fa4962879f0>,<function <lambda> at 0x7fa496287a90>,<function <lambda> at 0x7fa496287b30>
5001,2020-07-27 08:00:00,<function <lambda> at 0x7fa4962879f0>,<function <lambda> at 0x7fa496287a90>,<function <lambda> at 0x7fa496287b30>
5002,2020-07-27 09:00:00,<function <lambda> at 0x7fa4962879f0>,<function <lambda> at 0x7fa496287a90>,<function <lambda> at 0x7fa496287b30>
5003,2020-07-27 10:00:00,<function <lambda> at 0x7fa4962879f0>,<function <lambda> at 0x7fa496287a90>,<function <lambda> at 0x7fa496287b30>
5004,2020-07-27 11:00:00,<function <lambda> at 0x7fa4962879f0>,<function <lambda> at 0x7fa496287a90>,<function <lambda> at 0x7fa496287b30>
5005,2020-07-27 12:00:00,<function <lambda> at 0x7fa4962879f0>,<function <lambda> at 0x7fa496287a90>,<function <lambda> at 0x7fa496287b30>
5006,2020-07-27 13:00:00,<function <lambda> at 0x7fa4962879f0>,<function <lambda> at 0x7fa496287a90>,<function <lambda> at 0x7fa496287b30>
5007,2020-07-27 14:00:00,<function <lambda> at 0x7fa4962879f0>,<function <lambda> at 0x7fa496287a90>,<function <lambda> at 0x7fa496287b30>
5008,2020-07-27 15:00:00,<function <lambda> at 0x7fa4962879f0>,<function <lambda> at 0x7fa496287a90>,<function <lambda> at 0x7fa496287b30>
5009,2020-07-27 16:00:00,<function <lambda> at 0x7fa4962879f0>,<function <lambda> at 0x7fa496287a90>,<function <lambda> at 0x7fa496287b30>
5010,2020-07-27 17:00:00,<function <lambda> at 0x7fa4962879f0>,<function <lambda> at 0x7fa496287a90>,<function <lambda> at 0x7fa496287b30>
5011,2020-07-27 18:00:00,<function <lambda> at 0x7fa4962879f0>,<function <lambda> at 0x7fa496287a90>,<function <lambda> at 0x7fa496287b30>
5012,2020-07-27 19:00:00,<function <lambda> at 0x7fa4962879f0>,<function <lambda> at 0x7fa496287a90>,<function <lambda> at 0x7fa496287b30>
5013,2020-07-27 20:00:00,<function <lambda> at 0x7fa4962879f0>,<function <lambda> at 0x7fa496287a90>,<function <lambda> at 0x7fa496287b30>
5014,2020-07-27 21:00:00,<function <lambda> at 0x7fa4962879f0>,<function <lambda> at 0x7fa496287a90>,<function <lambda> at 0x7fa496287b30>
5015,2020-07-27 22:00:00,<function <lambda> at 0x7fa4962879f0>,<function <lambda> at 0x7fa496287a90>,<function <lambda> at 0x7fa496287b30>
5016,2020-07-27 23:00:00,<function <lambda> at 0x7fa4962879f0>,<function <lambda> at 0x7fa496287a90>,<function <lambda> at 0x7fa496287b30>
5017,2020-07-28 00:00:00,<function <lambda> at 0x7fa4962879f0>,<function <lambda> at 0x7fa496287a90>,<function <lambda> at 0x7fa496287b30>
5018,2020-07-28 01:00:00,<function <lambda> at 0x7fa4962879f0>,<function <lambda> at 0x7fa496287a90>,<function <lambda> at 0x7fa496287b30>
5019,2020-07-28 02:00:00,<function <lambda> at 0x7fa4962879f0>,<function <lambda> at 0x7fa496287a90>,<function <lambda> at 0x7fa496287b30>
5020,2020-07-28 03:00:00,<function <lambda> at 0x7fa4962879f0>,<function <lambda> at 0x7fa496287a90>,<function <lambda> at 0x7fa496287b30>
5021,2020-07-28 04:00:00,<function <lambda> at 0x7fa4962879f0>,<function <lambda> at 0x7fa496287a90>,<function <lambda> at 0x7fa496287b30>
5022,2020-07-28 05:00:00,<function <lambda> at 0x7fa4962879f0>,<function <lambda> at 0x7fa496287a90>,<function <lambda> at 0x7fa496287b30>
5023,2020-07-28 06:00:00,<function <lambda> at 0x7fa4962879f0>,<function <lambda> at 0x7fa496287a90>,<function <lambda> at 0x7fa496287b30>
5024,2020-07-28 07:00:00,<function <lambda> at 0x7fa4962879f0>,<function <lambda> at 0x7fa496287a90>,<function <lambda> at 0x7fa496287b30>
5025,2020-07-28 08:00:00,<function <lambda> at 0x7fa4962879f0>,<function <lambda> at 0x7fa496287a90>,<function <lambda> at 0x7fa496287b30>
5026,2020-07-28 09:00:00,<function <lambda> at 0x7fa4962879f0>,<function <lambda> at 0x7fa496287a90>,<function <lambda> at 0x7fa496287b30>
5027,2020-07-28 10:00:00,<function <lambda> at 0x7fa4962879f0>,<function <lambda> at 0x7fa496287a90>,<function <lambda> at 0x7fa496287b30>
5028,2020-07-28 11:00:00,<function <lambda> at 0x7fa4962879f0>,<function <lambda> at 0x7fa496287a90>,<function <lambda> at 0x7fa496287b30>
5029,2020-07-28 12:00:00,<function <lambda> at 0x7fa4962879f0>,<function <lambda> at 0x7fa496287a90>,<function <lambda> at 0x7fa496287b30>
5030,2020-07-28 13:00:00,<function <lambda> at 0x7fa4962879f0>,<function <lambda> at 0x7fa496287a90>,<function <lambda> at 0x7fa496287b30>
5031,2020-07-28 14:00:00,<function <lambda> at 0x7fa4962879f0>,<function <lambda> at 0x7fa496287a90>,<function <lambda> at 0x7fa496287b30>
5032,2020-07-28 15:00:00,<function <lambda> at 0x7fa4962879f0>,<function <lambda> at 0x7fa496287a90>,<function <lambda> at 0x7fa496287b30>
5033,2020-07-28 16:00:00,<function <lambda> at 0x7fa4962879f0>,<function <lambda> at 0x7fa496287a90>,<function <lambda> at 0x7fa496287b30>
5034,2020-07-28 17:00:00,<function <lambda> at 0x7fa4962879f0>,<function <lambda> at 0x7fa496287a90>,<function <lambda> at 0x7fa496287b30>
5035,2020-07-28 18:00:00,<function <lambda> at 0x7fa4962879f0>,<function <lambda> at 0x7fa496287a90>,<function <lambda> at 0x7fa496287b30>
5036,2020-07-28 19:00:00,<function <lambda> at 0x7fa4962879f0>,<function <lambda> at 0x7fa496287a90>,<function <lambda> at 0x7fa496287b30>
5037,2020-07-28 20:00:00,<function <lambda> at 0x7fa4962879f0>,<function <lambda> at 0x7fa496287a90>,<function <lambda> at 0x7fa496287b30>
5038,2020-07-28 21:00:00,<function <lambda> at 0x7fa4962879f0>,<function <lambda> at 0x7fa496287a90>,<function <lambda> at 0x7fa496287b30>
5039,2020-07-28 22:00:00,<function <lambda> at 0x7fa4962879f0>,<function <lambda> at 0x7fa496287a90>,<function <lambda> at 0x7fa496287b30>
5040,2020-07-28 23:00:00,<function <lambda> at 0x7fa4962879f0>,<function <lambda> at 0x7fa496287a90>,<function <lambda> at 0x7fa496287b30>
5041,2020-07-29 00:00:00,<function <lambda> at 0x7fa4962879f0>,<function <lambda> at 0x7fa496287a90>,<function <lambda> at 0x7fa496287b30>
5042,2020-07-29 01:00:00,<function <lambda> at 0x7fa4962879f0>,<function <lambda> at 0x7fa496287a90>,<function <lambda> at 0x7fa496287b30>
5043,2020-07-29 02:00:00,<function <lambda> at 0x7fa4962879f0>,<function <lambda> at 0x7fa496287a90>,<function <lambda> at 0x7fa496287b30>
5044,2020-07-29 03:00:00,<function <lambda> at 0x7fa4962879f0>,<function <lambda> at 0x7fa496287a90>,<function <lambda> at 0x7fa496287b30>
5045,2020-07-29 04:00:00,<function <lambda> at 0x7fa4962879f0>,<function <lambda> at 0x7fa496287a90>,<function <lambda> at 0x7fa496287b30>
5046,2020-07-29 05:00:00,<function <lambda> at 0x7fa4962879f0>,<function <lambda> at 0x7fa496287a90>,<function <lambda> at 0x7fa496287b30>
5047,2020-07-29 06:00:00,<function <lambda> at 0x7fa4962879f0>,<function <lambda> at 0x7fa496287a90>,<function <lambda> at 0x7fa496287b30>
5048,2020-07-29 07:00:00,<function <lambda> at 0x7fa4962879f0>,<function <lambda> at 0x7fa496287a90>,<function <lambda> at 0x7fa496287b30>
5049,2020-07-29 08:00:00,<function <lambda> at 0x7fa4962879f0>,<function <lambda> at 0x7fa496287a90>,<function <lambda> at 0x7fa496287b30>
5050,2020-07-29 09:00:00,<function <lambda> at 0x7fa4962879f0>,<function <lambda> at 0x7fa496287a90>,<function <lambda> at 0x7fa496287b30>
5051,2020-07-29 10:00:00,<function <lambda> at 0x7fa4962879f0>,<function <lambda> at 0x7fa496287a90>,<function <lambda> at 0x7fa496287b30>
5052,2020-07-29 11:00:00,<function <lambda> at 0x7fa4962879f0>,<function <lambda> at 0x7fa496287a90>,<function <lambda> at 0x7fa496287b30>
5053,2020-07-29 12:00:00,<function <lambda> at 0x7fa4962879f0>,<function <lambda> at 0x7fa496287a90>,<function <lambda> at 0x7fa496287b30>
5054,2020-07-29 13:00:00,<function <lambda> at 0x7fa4962879f0>,<function <lambda> at 0x7fa496287a90>,<function <lambda> at 0x7fa496287b30>
5055,2020-07-29 14:00:00,<function <lambda> at 0x7fa4962879f0>,<function <lambda> at 0x7fa496287a90>,<function <lambda> at 0x7fa496287b30>
5056,2020-07-29 15:00:00,<function <lambda> at 0x7fa4962879f0>,<function <lambda> at 0x7fa496287a90>,<function <lambda> at 0x7fa496287b30>
5057,2020-07-29 16:00:00,<function <lambda> at 0x7fa4962879f0>,<function <lambda> at 0x7fa496287a90>,<function <lambda> at 0x7fa496287b30>
5058,2020-07-29 17:00:00,<function <lambda> at 0x7fa4962879f0>,<function <lambda> at 0x7fa496287a90>,<function <lambda> at 0x7fa496287b30>
5059,2020-07-29 18:00:00,<function <lambda> at 0x7fa4962879f0>,<function <lambda> at 0x7fa496287a90>,<function <lambda> at 0x7fa496287b30>
5060,2020-07-29 19:00:00,<function <lambda> at 0x7fa4962879f0>,<function <lambda> at 0x7fa496287a90>,<function <lambda> at 0x7fa496287b30>
5061,2020-07-29 20:00:00,<function <lambda> at 0x7fa4962879f0>,<function <lambda> at 0x7fa496287a90>,<function <lambda> at 0x7fa496287b30>
5062,2020-07-29 21:00:00,<function <lambda> at 0x7fa4962879f0>,<function <lambda> at 0x7fa496287a90>,<function <lambda> at 0x7fa496287b30>
5063,2020-07-29 22:00:00,<function <lambda> at 0x7fa4962879f0>,<function <lambda> at 0x7fa496287a90>,<function <lambda> at 0x7fa496287b30>
5064,2020-07-29 23:00:00,<function <lambda> at 0x7fa4962879f0>,<function <lambda> at 0x7fa496287a90>,<function <lambda> at 0x7fa496287b30>
5065,2020-07-30 00:00:00,<function <lambda> at 0x7fa4962879f0>,<function <lambda> at 0x7fa496287a90>,<function <lambda> at 0x7fa496287b30>
5066,2020-07-30 01:00:00,<function <lambda> at 0x7fa4962879f0>,<function <lambda> at 0x7fa496287a90>,<function <lambda> at 0x7fa496287b30>
5067,2020-07-30 02:00:00,<function <lambda> at 0x7fa4962879f0>,<function <lambda> at 0x7fa496287a90>,<function <lambda> at 0x7fa496287b30>
5068,2020-07-30 03:00:00,<function <lambda> at 0x7fa4962879f0>,<function <lambda> at 0x7fa496287a90>,<function <lambda> at 0x7fa496287b30>
5069,2020-07-30 04:00:00,<function <lambda> at 0x7fa4962879f0>,<function <lambda> at 0x7fa496287a90>,<function <lambda> at 0x7fa496287b30>
5070,2020-07-30 05:00:00,<function <lambda> at 0x7fa4962879f0>,<function <lambda> at 0x7fa496287a90>,<function <lambda> at 0x7fa496287b30>
5071,2020-07-30 06:00:00,<function <lambda> at 0x7fa4962879f0>,<function <lambda> at 0x7fa496287a90>,<function <lambda> at 0x7fa496287b30>
5072,2020-07-30 07:00:00,<function <lambda> at 0x7fa4962879f0>,<function <lambda> at 0x7fa496287a90>,<function <lambda> at 0x7fa496287b30>
5073,2020-07-30 08:00:00,<function <lambda> at 0x7fa4962879f0>,<function <lambda> at 0x7fa496287a90>,<function <lambda> at 0x7fa496287b30>
5074,2020-07-30 09:00:00,<function <lambda> at 0x7fa4962879f0>,<function <lambda> at 0x7fa496287a90>,<function <lambda> at 0x7fa496287b30>
5075,2020-07-30 10:00:00,<function <lambda> at 0x7fa4962879f0>,<function <lambda> at 0x7fa496287a90>,<function <lambda> at 0x7fa496287b30>
5076,2020-07-30 11:00:00,<function <lambda> at 0x7fa4962879f0>,<function <lambda> at 0x7fa496287a90>,<function <lambda> at 0x7fa496287b30>
5077,2020-07-30 12:00:00,<function <lambda> at 0x7fa4962879f0>,<function <lambda> at 0x7fa496287a90>,<function <lambda> at 0x7fa496287b30>
5078,2020-07-30 13:00:00,<function <lambda> at 0x7fa4962879f0>,<function <lambda> at 0x7fa496287a90>,<function <lambda> at 0x7fa496287b30>
5079,2020-07-30 14:00:00,<function <lambda> at 0x7fa4962879f0>,<function <lambda> at 0x7fa496287a90>,<function <lambda> at 0x7fa496287b30>
5080,2020-07-30 15:00:00,<function <lambda> at 0x7fa4962879f0>,<function <lambda> at 0x7fa496287a90>,<function <lambda> at 0x7fa496287b30>
5081,2020-07-30 16:00:00,<function <lambda> at 0x7fa4962879f0>,<function <lambda> at 0x7fa496287a90>,<function <lambda> at 0x7fa496287b30>
5082,2020-07-30 17:00:00,<function <lambda> at 0x7fa4962879f0>,<function <lambda> at 0x7fa496287a90>,<function <lambda> at 0x7fa496287b30>
5083,2020-07-30 18:00:00,<function <lambda> at 0x7fa4962879f0>,<function <lambda> at 0x7fa496287a90>,<function <lambda> at 0x7fa496287b30>
5084,2020-07-30 19:00:00,<function <lambda> at 0x7fa4962879f0>,<function <lambda> at 0x7fa496287a90>,<function <lambda> at 0x7fa496287b30>
5085,2020-07-30 20:00:00,<function <lambda> at 0x7fa4962879f0>,<function <lambda> at 0x7fa496287a90>,<function <lambda> at 0x7fa496287b30>
5086,2020-07-30 21:00:00,<function <lambda> at 0x7fa4962879f0>,<function <lambda> at 0x7fa496287a90>,<function <lambda> at 0x7fa496287b30>
5087,2020-07-30 22:00:00,<function <lambda> at 0x7fa4962879f0>,<function <lambda> at 0x7fa496287a90>,<function <lambda> at 0x7fa496287b30>
5088,2020-07-30 23:00:00,<function <lambda> at 0x7fa4962879f0>,<function <lambda> at 0x7fa496287a90>,<function <lambda> at 0x7fa496287b30>
5089,2020-07-31 00:00:00,<function <lambda> at 0x7fa4962879f0>,<function <lambda> at 0x7fa496287a90>,<function <lambda> at 0x7fa496287b30>
5090,2020-07-31 01:00:00,<function <lambda> at 0x7fa4962879f0>,<function <lambda> at 0x7fa496287a90>,<function <lambda> at 0x7fa496287b30>
5091,2020-07-31 02:00:00,<function <lambda> at 0x7fa4962879f0>,<function <lambda> at 0x7fa496287a90>,<function <lambda> at 0x7fa496287b30>
5092,2020-07-31 03:00:00,<function <lambda> at 0x7fa4962879f0>,<function <lambda> at 0x7fa496287a90>,<function <lambda> at 0x7fa496287b30>
5093,2020-07-31 04:00:00,<function <lambda> at 0x7fa4962879f0>,<function <lambda> at 0x7fa496287a90>,<function <lambda> at 0x7fa496287b30>
5094,2020-07-31 05:00:00,<function <lambda> at 0x7fa4962879f0>,<function <lambda> at 0x7fa496287a90>,<function <lambda> at 0x7fa496287b30>
5095,2020-07-31 06:00:00,<function <lambda> at 0x7fa4962879f0>,<function <lambda> at 0x7fa496287a90>,<function <lambda> at 0x7fa496287b30>
5096,2020-07-31 07:00:00,<function <lambda> at 0x7fa4962879f0>,<function <lambda> at 0x7fa496287a90>,<function <lambda> at 0x7fa496287b30>
5097,2020-07-31 08:00:00,<function <lambda> at 0x7fa4962879f0>,<function <lambda> at 0x7fa496287a90>,<function <lambda> at 0x7fa496287b30>
5098,2020-07-31 09:00:00,<function <lambda> at 0x7fa4962879f0>,<function <lambda> at 0x7fa496287a90>,<function <lambda> at 0x7fa496287b30>
5099,2020-07-31 10:00:00,<function <lambda> at 0x7fa4962879f0>,<function <lambda> at 0x7fa496287a90>,<function <lambda> at 0x7fa496287b30>
5100,2020-07-31 11:00:00,<function <lambda> at 0x7fa4962879f0>,<function <lambda> at 0x7fa496287a90>,<function <lambda> at 0x7fa496287b30>
5101,2020-07-31 12:00:00,<function <lambda> at 0x7fa4962879f0>,<function <lambda> at 0x7fa496287a90>,<function <lambda> at 0x7fa496287b30>
5102,2020-07-31 13:00:00,<function <lambda> at 0x7fa4962879f0>,<function <lambda> at 0x7fa496287a90>,<function <lambda> at 0x7fa496287b30>
5103,2020-07-31 14:00:00,<function <lambda> at 0x7fa4962879f0>,<function <lambda> at 0x7fa496287a90>,<function <lambda> at 0x7fa496287b30>
5104,2020-07-31 15:00:00,<function <lambda> at 0x7fa4962879f0>,<function <lambda> at 0x7fa496287a90>,<function <lambda> at 0x7fa496287b30>
5105,2020-07-31 16:00:00,<function <lambda> at 0x7fa4962879f0>,<function <lambda> at 0x7fa496287a90>,<function <lambda> at 0x7fa496287b30>
5106,2020-07-31 17:00:00,<function <lambda> at 0x7fa4962879f0>,<function <lambda> at 0x7fa496287a90>,<function <lambda> at 0x7fa496287b30>
5107,2020-07-31 18:00:00,<function <lambda> at 0x7fa4962879f0>,<function <lambda> at 0x7fa496287a90>,<function <lambda> at 0x7fa496287b30>
5108,2020-07-31 19:00:00,<function <lambda> at 0x7fa4962879f0>,<function <lambda> at 0x7fa496287a90>,<function <lambda> at 0x7fa496287b30>
5109,2020-07-31 20:00:00,<function <lambda> at 0x7fa4962879f0>,<function <lambda> at 0x7fa496287a90>,<function <lambda> at 0x7fa496287b30>
5110,2020-07-31 21:00:00,<function <lambda> at 0x7fa4962879f0>,<function <lambda> at 0x7fa496287a90>,<function <lambda> at 0x7fa496287b30>
5111,2020-07-31 22:00:00,<function <lambda> at 0x7fa4962879f0>,<function <lambda> at 0x7fa496287a90>,<function <lambda> at 0x7fa496287b30>
5112,2020-07-31 23:00:00,<function <lambda> at 0x7fa4962879f0>,<function <lambda> at 0x7fa496287a90>,<function <lambda> at 0x7fa496287b30>
5113,2020-08-01 00:00:00,<function <lambda> at 0x7fa4962879f0>,<function <lambda> at 0x7fa496287a90>,<function <lambda> at 0x7fa496287b30>
5114,2020-08-01 01:00:00,<function <lambda> at 0x7fa4962879f0>,<function <lambda> at 0x7fa496287a90>,<function <lambda> at 0x7fa496287b30>
5115,2020-08-01 02:00:00,<function <lambda> at 0x7fa4962879f0>,<function <lambda> at 0x7fa496287a90>,<function <lambda> at 0x7fa496287b30>
5116,2020-08-01 03:00:00,<function <lambda> at 0x7fa4962879f0>,<function <lambda> at 0x7fa496287a90>,<function <lambda> at 0x7fa496287b30>
5117,2020-08-01 04:00:00,<function <lambda> at 0x7fa4962879f0>,<function <lambda> at 0x7fa496287a90>,<function <lambda> at 0x7fa496287b30>
5118,2020-08-01 05:00:00,<function <lambda> at 0x7fa4962879f0>,<function <lambda> at 0x7fa496287a90>,<function <lambda> at 0x7fa496287b30>
5119,2020-08-01 06:00:00,<function <lambda> at 0x7fa4962879f0>,<function <lambda> at 0x7fa496287a90>,<function <lambda> at 0x7fa496287b30>
5120,2020-08-01 07:00:00,<function <lambda> at 0x7fa4962879f0>,<function <lambda> at 0x7fa496287a90>,<function <lambda> at 0x7fa496287b30>
5121,2020-08-01 08:00:00,<function <lambda> at 0x7fa4962879f0>,<function <lambda> at 0x7fa496287a90>,<function <lambda> at 0x7fa496287b30>
5122,2020-08-01 09:00:00,<function <lambda> at 0x7fa4962879f0>,<function <lambda> at 0x7fa496287a90>,<function <lambda> at 0x7fa496287b30>
5123,2020-08-01 10:00:00,<function <lambda> at 0x7fa4962879f0>,<function <lambda> at 0x7fa496287a90>,<function <lambda> at 0x7fa496287b30>
5124,2020-08-01 11:00:00,<function <lambda> at 0x7fa4962879f0>,<function <lambda> at 0x7fa496287a90>,<function <lambda> at 0x7fa496287b30>
5125,2020-08-01 12:00:00,<function <lambda> at 0x7fa4962879f0>,<function <lambda> at 0x7fa496287a90>,<function <lambda> at 0x7fa496287b30>
5126,2020-08-01 13:00:00,<function <lambda> at 0x7fa4962879f0>,<function <lambda> at 0x7fa496287a90>,<function <lambda> at 0x7fa496287b30>
5127,2020-08-01 14:00:00,<function <lambda> at 0x7fa4962879f0>,<function <lambda> at 0x7fa496287a90>,<function <lambda> at 0x7fa496287b30>
5128,2020-08-01 15:00:00,<function <lambda> at 0x7fa4962879f0>,<function <lambda> at 0x7fa496287a90>,<function <lambda> at 0x7fa496287b30>
5129,2020-08-01 16:00:00,<function <lambda> at 0x7fa4962879f0>,<function <lambda> at 0x7fa496287a90>,<function <lambda> at 0x7fa496287b30>
5130,2020-08-01 17:00:00,<function <lambda> at 0x7fa4962879f0>,<function <lambda> at 0x7fa496287a90>,<function <lambda> at 0x7fa496287b30>
5131,2020-08-01 18:00:00,<function <lambda> at 0x7fa4962879f0>,<function <lambda> at 0x7fa496287a90>,<function <lambda> at 0x7fa496287b30>
5132,2020-08-01 19:00:00,<function <lambda> at 0x7fa4962879f0>,<function <lambda> at 0x7fa496287a90>,<function <lambda> at 0x7fa496287b30>
5133,2020-08-01 20:00:00,<function <lambda> at 0x7fa4962879f0>,<function <lambda> at 0x7fa496287a90>,<function <lambda> at 0x7fa496287b30>
5134,2020-08-01 21:00:00,<function <lambda> at 0x7fa4962879f0>,<function <lambda> at 0x7fa496287a90>,<function <lambda> at 0x7fa496287b30>
5135,2020-08-01 22:00:00,<function <lambda> at 0x7fa4962879f0>,<function <lambda> at 0x7fa496287a90>,<function <lambda> at 0x7fa496287b30>
5136,2020-08-01 23:00:00,<function <lambda> at 0x7fa4962879f0>,<function <lambda> at 0x7fa496287a90>,<function <lambda> at 0x7fa496287b30>
5137,2020-08-02 00:00:00,<function <lambda> at 0x7fa4962879f0>,<function <lambda> at 0x7fa496287a90>,<function <lambda> at 0x7fa496287b30>
5138,2020-08-02 01:00:00,<function <lambda> at 0x7fa4962879f0>,<function <lambda> at 0x7fa496287a90>,<function <lambda> at 0x7fa496287b30>
5139,2020-08-02 02:00:00,<function <lambda> at 0x7fa4962879f0>,<function <lambda> at 0x7fa496287a90>,<function <lambda> at 0x7fa496287b30>
5140,2020-08-02 03:00:00,<function <lambda> at 0x7fa4962879f0>,<function <lambda> at 0x7fa496287a90>,<function <lambda> at 0x7fa496287b30>
5141,2020-08-02 04:00:00,<function <lambda> at 0x7fa4962879f0>,<function <lambda> at 0x7fa496287a90>,<function <lambda> at 0x7fa496287b30>
5142,2020-08-02 05:00:00,<function <lambda> at 0x7fa4962879f0>,<function <lambda> at 0x7fa496287a90>,<function <lambda> at 0x7fa496287b30>
5143,2020-08-02 06:00:00,<function <lambda> at 0x7fa4962879f0>,<function <lambda> at 0x7fa496287a90>,<function <lambda> at 0x7fa496287b30>
5144,2020-08-02 07:00:00,<function <lambda> at 0x7fa4962879f0>,<function <lambda> at 0x7fa496287a90>,<function <lambda> at 0x7fa496287b30>
5145,2020-08-02 08:00:00,<function <lambda> at 0x7fa4962879f0>,<function <lambda> at 0x7fa496287a90>,<function <lambda> at 0x7fa496287b30>
5146,2020-08-02 09:00:00,<function <lambda> at 0x7fa4962879f0>,<function <lambda> at 0x7fa496287a90>,<function <lambda> at 0x7fa496287b30>
5147,2020-08-02 10:00:00,<function <lambda> at 0x7fa4962879f0>,<function <lambda> at 0x7fa496287a90>,<function <lambda> at 0x7fa496287b30>
5148,2020-08-02 11:00:00,<function <lambda> at 0x7fa4962879f0>,<function <lambda> at 0x7fa496287a90>,<function <lambda> at 0x7fa496287b30>
5149,2020-08-02 12:00:00,<function <lambda> at 0x7fa4962879f0>,<function <lambda> at 0x7fa496287a90>,<function <lambda> at 0x7fa496287b30>
5150,2020-08-02 13:00:00,<function <lambda> at 0x7fa4962879f0>,<function <lambda> at 0x7fa496287a90>,<function <lambda> at 0x7fa496287b30>
5151,2020-08-02 14:00:00,<function <lambda> at 0x7fa4962879f0>,<function <lambda> at 0x7fa496287a90>,<function <lambda> at 0x7fa496287b30>
5152,2020-08-02 15:00:00,<function <lambda> at 0x7fa4962879f0>,<function <lambda> at 0x7fa496287a90>,<function <lambda> at 0x7fa496287b30>
5153,2020-08-02 16:00:00,<function <lambda> at 0x7fa4962879f0>,<function <lambda> at 0x7fa496287a90>,<function <lambda> at 0x7fa496287b30>
5154,2020-08-02 17:00:00,<function <lambda> at 0x7fa4962879f0>,<function <lambda> at 0x7fa496287a90>,<function <lambda> at 0x7fa496287b30>
5155,2020-08-02 18:00:00,<function <lambda> at 0x7fa4962879f0>,<function <lambda> at 0x7fa496287a90>,<function <lambda> at 0x7fa496287b30>
5156,2020-08-02 19:00:00,<function <lambda> at 0x7fa4962879f0>,<function <lambda> at 0x7fa496287a90>,<function <lambda> at 0x7fa496287b30>
5157,2020-08-02 20:00:00,<function <lambda> at 0x7fa4962879f0>,<function <lambda> at 0x7fa496287a90>,<function <lambda> at 0x7fa496287b30>
5158,2020-08-02 21:00:00,<function <lambda> at 0x7fa4962879f0>,<function <lambda> at 0x7fa496287a90>,<function <lambda> at 0x7fa496287b30>
5159,2020-08-02 22:00:00,<function <lambda> at 0x7fa4962879f0>,<function <lambda> at 0x7fa496287a90>,<function <lambda> at 0x7fa496287b30>
5160,2020-08-02 23:00:00,<function <lambda> at 0x7fa4962879f0>,<function <lambda> at 0x7fa496287a90>,<function <lambda> at 0x7fa496287b30>
5161,2020-08-03 00:00:00,<function <lambda> at 0x7fa4962879f0>,<function <lambda> at 0x7fa496287a90>,<function <lambda> at 0x7fa496287b30>
5162,2020-08-03 01:00:00,<function <lambda> at 0x7fa4962879f0>,<function <lambda> at 0x7fa496287a90>,<function <lambda> at 0x7fa496287b30>
5163,2020-08-03 02:00:00,<function <lambda> at 0x7fa4962879f0>,<function <lambda> at 0x7fa496287a90>,<function <lambda> at 0x7fa496287b30>
5164,2020-08-03 03:00:00,<function <lambda> at 0x7fa4962879f0>,<function <lambda> at 0x7fa496287a90>,<function <lambda> at 0x7fa496287b30>
5165,2020-08-03 04:00:00,<function <lambda> at 0x7fa4962879f0>,<function <lambda> at 0x7fa496287a90>,<function <lambda> at 0x7fa496287b30>
5166,2020-08-03 05:00:00,<function <lambda> at 0x7fa4962879f0>,<function <lambda> at 0x7fa496287a90>,<function <lambda> at 0x7fa496287b30>
5167,2020-08-03 06:00:00,<function <lambda> at 0x7fa4962879f0>,<function <lambda> at 0x7fa496287a90>,<function <lambda> at 0x7fa496287b30>
5168,2020-08-03 07:00:00,<function <lambda> at 0x7fa4962879f0>,<function <lambda> at 0x7fa496287a90>,<function <lambda> at 0x7fa496287b30>
5169,2020-08-03 08:00:00,<function <lambda> at 0x7fa4962879f0>,<function <lambda> at 0x7fa496287a90>,<function <lambda> at 0x7fa496287b30>
5170,2020-08-03 09:00:00,<function <lambda> at 0x7fa4962879f0>,<function <lambda> at 0x7fa496287a90>,<function <lambda> at 0x7fa496287b30>
5171,2020-08-03 10:00:00,<function <lambda> at 0x7fa4962879f0>,<function <lambda> at 0x7fa496287a90>,<function <lambda> at 0x7fa496287b30>
5172,2020-08-03 11:00:00,<function <lambda> at 0x7fa4962879f0>,<function <lambda> at 0x7fa496287a90>,<function <lambda> at 0x7fa496287b30>
5173,2020-08-03 12:00:00,<function <lambda> at 0x7fa4962879f0>,<function <lambda> at 0x7fa496287a90>,<function <lambda> at 0x7fa496287b30>
5174,2020-08-03 13:00:00,<function <lambda> at 0x7fa4962879f0>,<function <lambda> at 0x7fa496287a90>,<function <lambda> at 0x7fa496287b30>
5175,2020-08-03 14:00:00,<function <lambda> at 0x7fa4962879f0>,<function <lambda> at 0x7fa496287a90>,<function <lambda> at 0x7fa496287b30>
5176,2020-08-03 15:00:00,<function <lambda> at 0x7fa4962879f0>,<function <lambda> at 0x7fa496287a90>,<function <lambda> at 0x7fa496287b30>
5177,2020-08-03 16:00:00,<function <lambda> at 0x7fa4962879f0>,<function <lambda> at 0x7fa496287a90>,<function <lambda> at 0x7fa496287b30>
5178,2020-08-03 17:00:00,<function <lambda> at 0x7fa4962879f0>,<function <lambda> at 0x7fa496287a90>,<function <lambda> at 0x7fa496287b30>
5179,2020-08-03 18:00:00,<function <lambda> at 0x7fa4962879f0>,<function <lambda> at 0x7fa496287a90>,<function <lambda> at 0x7fa496287b30>
5180,2020-08-03 19:00:00,<function <lambda> at 0x7fa4962879f0>,<function <lambda> at 0x7fa496287a90>,<function <lambda> at 0x7fa496287b30>
5181,2020-08-03 20:00:00,<function <lambda> at 0x7fa4962879f0>,<function <lambda> at 0x7fa496287a90>,<function <lambda> at 0x7fa496287b30>
5182,2020-08-03 21:00:00,<function <lambda> at 0x7fa4962879f0>,<function <lambda> at 0x7fa496287a90>,<function <lambda> at 0x7fa496287b30>
5183,2020-08-03 22:00:00,<function <lambda> at 0x7fa4962879f0>,<function <lambda> at 0x7fa496287a90>,<function <lambda> at 0x7fa496287b30>
5184,2020-08-03 23:00:00,<function <lambda> at 0x7fa4962879f0>,<function <lambda> at 0x7fa496287a90>,<function <lambda> at 0x7fa496287b30>
5185,2020-08-04 00:00:00,<function <lambda> at 0x7fa4962879f0>,<function <lambda> at 0x7fa496287a90>,<function <lambda> at 0x7fa496287b30>
5186,2020-08-04 01:00:00,<function <lambda> at 0x7fa4962879f0>,<function <lambda> at 0x7fa496287a90>,<function <lambda> at 0x7fa496287b30>
5187,2020-08-04 02:00:00,<function <lambda> at 0x7fa4962879f0>,<function <lambda> at 0x7fa496287a90>,<function <lambda> at 0x7fa496287b30>
5188,2020-08-04 03:00:00,<function <lambda> at 0x7fa4962879f0>,<function <lambda> at 0x7fa496287a90>,<function <lambda> at 0x7fa496287b30>
5189,2020-08-04 04:00:00,<function <lambda> at 0x7fa4962879f0>,<function <lambda> at 0x7fa496287a90>,<function <lambda> at 0x7fa496287b30>
5190,2020-08-04 05:00:00,<function <lambda> at 0x7fa4962879f0>,<function <lambda> at 0x7fa496287a90>,<function <lambda> at 0x7fa496287b30>
5191,2020-08-04 06:00:00,<function <lambda> at 0x7fa4962879f0>,<function <lambda> at 0x7fa496287a90>,<function <lambda> at 0x7fa496287b30>
5192,2020-08-04 07:00:00,<function <lambda> at 0x7fa4962879f0>,<function <lambda> at 0x7fa496287a90>,<function <lambda> at 0x7fa496287b30>
5193,2020-08-04 08:00:00,<function <lambda> at 0x7fa4962879f0>,<function <lambda> at 0x7fa496287a90>,<function <lambda> at 0x7fa496287b30>
5194,2020-08-04 09:00:00,<function <lambda> at 0x7fa4962879f0>,<function <lambda> at 0x7fa496287a90>,<function <lambda> at 0x7fa496287b30>
5195,2020-08-04 10:00:00,<function <lambda> at 0x7fa4962879f0>,<function <lambda> at 0x7fa496287a90>,<function <lambda> at 0x7fa496287b30>
5196,2020-08-04 11:00:00,<function <lambda> at 0x7fa4962879f0>,<function <lambda> at 0x7fa496287a90>,<function <lambda> at 0x7fa496287b30>
5197,2020-08-04 12:00:00,<function <lambda> at 0x7fa4962879f0>,<function <lambda> at 0x7fa496287a90>,<function <lambda> at 0x7fa496287b30>
5198,2020-08-04 13:00:00,<function <lambda> at 0x7fa4962879f0>,<function <lambda> at 0x7fa496287a90>,<function <lambda> at 0x7fa496287b30>
5199,2020-08-04 14:00:00,<function <lambda> at 0x7fa4962879f0>,<function <lambda> at 0x7fa496287a90>,<function <lambda> at 0x7fa496287b30>
5200,2020-08-04 15:00:00,<function <lambda> at 0x7fa4962879f0>,<function <lambda> at 0x7fa496287a90>,<function <lambda> at 0x7fa496287b30>
5201,2020-08-04 16:00:00,<function <lambda> at 0x7fa4962879f0>,<function <lambda> at 0x7fa496287a90>,<function <lambda> at 0x7fa496287b30>
5202,2020-08-04 17:00:00,<function <lambda> at 0x7fa4962879f0>,<function <lambda> at 0x7fa496287a90>,<function <lambda> at 0x7fa496287b30>
5203,2020-08-04 18:00:00,<function <lambda> at 0x7fa4962879f0>,<function <lambda> at 0x7fa496287a90>,<function <lambda> at 0x7fa496287b30>
5204,2020-08-04 19:00:00,<function <lambda> at 0x7fa4962879f0>,<function <lambda> at 0x7fa496287a90>,<function <lambda> at 0x7fa496287b30>
5205,2020-08-04 20:00:00,<function <lambda> at 0x7fa4962879f0>,<function <lambda> at 0x7fa496287a90>,<function <lambda> at 0x7fa496287b30>
5206,2020-08-04 21:00:00,<function <lambda> at 0x7fa4962879f0>,<function <lambda> at 0x7fa496287a90>,<function <lambda> at 0x7fa496287b30>
5207,2020-08-04 22:00:00,<function <lambda> at 0x7fa4962879f0>,<function <lambda> at 0x7fa496287a90>,<function <lambda> at 0x7fa496287b30>
5208,2020-08-04 23:00:00,<function <lambda> at 0x7fa4962879f0>,<function <lambda> at 0x7fa496287a90>,<function <lambda> at 0x7fa496287b30>
5209,2020-08-05 00:00:00,<function <lambda> at 0x7fa4962879f0>,<function <lambda> at 0x7fa496287a90>,<function <lambda> at 0x7fa496287b30>
5210,2020-08-05 01:00:00,<function <lambda> at 0x7fa4962879f0>,<function <lambda> at 0x7fa496287a90>,<function <lambda> at 0x7fa496287b30>
5211,2020-08-05 02:00:00,<function <lambda> at 0x7fa4962879f0>,<function <lambda> at 0x7fa496287a90>,<function <lambda> at 0x7fa496287b30>
5212,2020-08-05 03:00:00,<function <lambda> at 0x7fa4962879f0>,<function <lambda> at 0x7fa496287a90>,<function <lambda> at 0x7fa496287b30>
5213,2020-08-05 04:00:00,<function <lambda> at 0x7fa4962879f0>,<function <lambda> at 0x7fa496287a90>,<function <lambda> at 0x7fa496287b30>
5214,2020-08-05 05:00:00,<function <lambda> at 0x7fa4962879f0>,<function <lambda> at 0x7fa496287a90>,<function <lambda> at 0x7fa496287b30>
5215,2020-08-05 06:00:00,<function <lambda> at 0x7fa4962879f0>,<function <lambda> at 0x7fa496287a90>,<function <lambda> at 0x7fa496287b30>
5216,2020-08-05 07:00:00,<function <lambda> at 0x7fa4962879f0>,<function <lambda> at 0x7fa496287a90>,<function <lambda> at 0x7fa496287b30>
5217,2020-08-05 08:00:00,<function <lambda> at 0x7fa4962879f0>,<function <lambda> at 0x7fa496287a90>,<function <lambda> at 0x7fa496287b30>
5218,2020-08-05 09:00:00,<function <lambda> at 0x7fa4962879f0>,<function <lambda> at 0x7fa496287a90>,<function <lambda> at 0x7fa496287b30>
5219,2020-08-05 10:00:00,<function <lambda> at 0x7fa4962879f0>,<function <lambda> at 0x7fa496287a90>,<function <lambda> at 0x7fa496287b30>
5220,2020-08-05 11:00:00,<function <lambda> at 0x7fa4962879f0>,<function <lambda> at 0x7fa496287a90>,<function <lambda> at 0x7fa496287b30>
5221,2020-08-05 12:00:00,<function <lambda> at 0x7fa4962879f0>,<function <lambda> at 0x7fa496287a90>,<function <lambda> at 0x7fa496287b30>
5222,2020-08-05 13:00:00,<function <lambda> at 0x7fa4962879f0>,<function <lambda> at 0x7fa496287a90>,<function <lambda> at 0x7fa496287b30>
5223,2020-08-05 14:00:00,<function <lambda> at 0x7fa4962879f0>,<function <lambda> at 0x7fa496287a90>,<function <lambda> at 0x7fa496287b30>
5224,2020-08-05 15:00:00,<function <lambda> at 0x7fa4962879f0>,<function <lambda> at 0x7fa496287a90>,<function <lambda> at 0x7fa496287b30>
5225,2020-08-05 16:00:00,<function <lambda> at 0x7fa4962879f0>,<function <lambda> at 0x7fa496287a90>,<function <lambda> at 0x7fa496287b30>
5226,2020-08-05 17:00:00,<function <lambda> at 0x7fa4962879f0>,<function <lambda> at 0x7fa496287a90>,<function <lambda> at 0x7fa496287b30>
5227,2020-08-05 18:00:00,<function <lambda> at 0x7fa4962879f0>,<function <lambda> at 0x7fa496287a90>,<function <lambda> at 0x7fa496287b30>
5228,2020-08-05 19:00:00,<function <lambda> at 0x7fa4962879f0>,<function <lambda> at 0x7fa496287a90>,<function <lambda> at 0x7fa496287b30>
5229,2020-08-05 20:00:00,<function <lambda> at 0x7fa4962879f0>,<function <lambda> at 0x7fa496287a90>,<function <lambda> at 0x7fa496287b30>
5230,2020-08-05 21:00:00,<function <lambda> at 0x7fa4962879f0>,<function <lambda> at 0x7fa496287a90>,<function <lambda> at 0x7fa496287b30>
5231,2020-08-05 22:00:00,<function <lambda> at 0x7fa4962879f0>,<function <lambda> at 0x7fa496287a90>,<function <lambda> at 0x7fa496287b30>
5232,2020-08-05 23:00:00,<function <lambda> at 0x7fa4962879f0>,<function <lambda> at 0x7fa496287a90>,<function <lambda> at 0x7fa496287b30>
5233,2020-08-06 00:00:00,<function <lambda> at 0x7fa4962879f0>,<function <lambda> at 0x7fa496287a90>,<function <lambda> at 0x7fa496287b30>
5234,2020-08-06 01:00:00,<function <lambda> at 0x7fa4962879f0>,<function <lambda> at 0x7fa496287a90>,<function <lambda> at 0x7fa496287b30>
5235,2020-08-06 02:00:00,<function <lambda> at 0x7fa4962879f0>,<function <lambda> at 0x7fa496287a90>,<function <lambda> at 0x7fa496287b30>
5236,2020-08-06 03:00:00,<function <lambda> at 0x7fa4962879f0>,<function <lambda> at 0x7fa496287a90>,<function <lambda> at 0x7fa496287b30>
5237,2020-08-06 04:00:00,<function <lambda> at 0x7fa4962879f0>,<function <lambda> at 0x7fa496287a90>,<function <lambda> at 0x7fa496287b30>
5238,2020-08-06 05:00:00,<function <lambda> at 0x7fa4962879f0>,<function <lambda> at 0x7fa496287a90>,<function <lambda> at 0x7fa496287b30>
5239,2020-08-06 06:00:00,<function <lambda> at 0x7fa4962879f0>,<function <lambda> at 0x7fa496287a90>,<function <lambda> at 0x7fa496287b30>
5240,2020-08-06 07:00:00,<function <lambda> at 0x7fa4962879f0>,<function <lambda> at 0x7fa496287a90>,<function <lambda> at 0x7fa496287b30>
5241,2020-08-06 08:00:00,<function <lambda> at 0x7fa4962879f0>,<function <lambda> at 0x7fa496287a90>,<function <lambda> at 0x7fa496287b30>
5242,2020-08-06 09:00:00,<function <lambda> at 0x7fa4962879f0>,<function <lambda> at 0x7fa496287a90>,<function <lambda> at 0x7fa496287b30>
5243,2020-08-06 10:00:00,<function <lambda> at 0x7fa4962879f0>,<function <lambda> at 0x7fa496287a90>,<function <lambda> at 0x7fa496287b30>
5244,2020-08-06 11:00:00,<function <lambda> at 0x7fa4962879f0>,<function <lambda> at 0x7fa496287a90>,<function <lambda> at 0x7fa496287b30>
5245,2020-08-06 12:00:00,<function <lambda> at 0x7fa4962879f0>,<function <lambda> at 0x7fa496287a90>,<function <lambda> at 0x7fa496287b30>
5246,2020-08-06 13:00:00,<function <lambda> at 0x7fa4962879f0>,<function <lambda> at 0x7fa496287a90>,<function <lambda> at 0x7fa496287b30>
5247,2020-08-06 14:00:00,<function <lambda> at 0x7fa4962879f0>,<function <lambda> at 0x7fa496287a90>,<function <lambda> at 0x7fa496287b30>
5248,2020-08-06 15:00:00,<function <lambda> at 0x7fa4962879f0>,<function <lambda> at 0x7fa496287a90>,<function <lambda> at 0x7fa496287b30>
5249,2020-08-06 16:00:00,<function <lambda> at 0x7fa4962879f0>,<function <lambda> at 0x7fa496287a90>,<function <lambda> at 0x7fa496287b30>
5250,2020-08-06 17:00:00,<function <lambda> at 0x7fa4962879f0>,<function <lambda> at 0x7fa496287a90>,<function <lambda> at 0x7fa496287b30>
5251,2020-08-06 18:00:00,<function <lambda> at 0x7fa4962879f0>,<function <lambda> at 0x7fa496287a90>,<function <lambda> at 0x7fa496287b30>
5252,2020-08-06 19:00:00,<function <lambda> at 0x7fa4962879f0>,<function <lambda> at 0x7fa496287a90>,<function <lambda> at 0x7fa496287b30>
5253,2020-08-06 20:00:00,<function <lambda> at 0x7fa4962879f0>,<function <lambda> at 0x7fa496287a90>,<function <lambda> at 0x7fa496287b30>
5254,2020-08-06 21:00:00,<function <lambda> at 0x7fa4962879f0>,<function <lambda> at 0x7fa496287a90>,<function <lambda> at 0x7fa496287b30>
5255,2020-08-06 22:00:00,<function <lambda> at 0x7fa4962879f0>,<function <lambda> at 0x7fa496287a90>,<function <lambda> at 0x7fa496287b30>
5256,2020-08-06 23:00:00,<function <lambda> at 0x7fa4962879f0>,<function <lambda> at 0x7fa496287a90>,<function <lambda> at 0x7fa496287b30>
5257,2020-08-07 00:00:00,<function <lambda> at 0x7fa4962879f0>,<function <lambda> at 0x7fa496287a90>,<function <lambda> at 0x7fa496287b30>
5258,2020-08-07 01:00:00,<function <lambda> at 0x7fa4962879f0>,<function <lambda> at 0x7fa496287a90>,<function <lambda> at 0x7fa496287b30>
5259,2020-08-07 02:00:00,<function <lambda> at 0x7fa4962879f0>,<function <lambda> at 0x7fa496287a90>,<function <lambda> at 0x7fa496287b30>
5260,2020-08-07 03:00:00,<function <lambda> at 0x7fa4962879f0>,<function <lambda> at 0x7fa496287a90>,<function <lambda> at 0x7fa496287b30>
5261,2020-08-07 04:00:00,<function <lambda> at 0x7fa4962879f0>,<function <lambda> at 0x7fa496287a90>,<function <lambda> at 0x7fa496287b30>
5262,2020-08-07 05:00:00,<function <lambda> at 0x7fa4962879f0>,<function <lambda> at 0x7fa496287a90>,<function <lambda> at 0x7fa496287b30>
5263,2020-08-07 06:00:00,<function <lambda> at 0x7fa4962879f0>,<function <lambda> at 0x7fa496287a90>,<function <lambda> at 0x7fa496287b30>
5264,2020-08-07 07:00:00,<function <lambda> at 0x7fa4962879f0>,<function <lambda> at 0x7fa496287a90>,<function <lambda> at 0x7fa496287b30>
5265,2020-08-07 08:00:00,<function <lambda> at 0x7fa4962879f0>,<function <lambda> at 0x7fa496287a90>,<function <lambda> at 0x7fa496287b30>
5266,2020-08-07 09:00:00,<function <lambda> at 0x7fa4962879f0>,<function <lambda> at 0x7fa496287a90>,<function <lambda> at 0x7fa496287b30>
5267,2020-08-07 10:00:00,<function <lambda> at 0x7fa4962879f0>,<function <lambda> at 0x7fa496287a90>,<function <lambda> at 0x7fa496287b30>
5268,2020-08-07 11:00:00,<function <lambda> at 0x7fa4962879f0>,<function <lambda> at 0x7fa496287a90>,<function <lambda> at 0x7fa496287b30>
5269,2020-08-07 12:00:00,<function <lambda> at 0x7fa4962879f0>,<function <lambda> at 0x7fa496287a90>,<function <lambda> at 0x7fa496287b30>
5270,2020-08-07 13:00:00,<function <lambda> at 0x7fa4962879f0>,<function <lambda> at 0x7fa496287a90>,<function <lambda> at 0x7fa496287b30>
5271,2020-08-07 14:00:00,<function <lambda> at 0x7fa4962879f0>,<function <lambda> at 0x7fa496287a90>,<function <lambda> at 0x7fa496287b30>
5272,2020-08-07 15:00:00,<function <lambda> at 0x7fa4962879f0>,<function <lambda> at 0x7fa496287a90>,<function <lambda> at 0x7fa496287b30>
5273,2020-08-07 16:00:00,<function <lambda> at 0x7fa4962879f0>,<function <lambda> at 0x7fa496287a90>,<function <lambda> at 0x7fa496287b30>
5274,2020-08-07 17:00:00,<function <lambda> at 0x7fa4962879f0>,<function <lambda> at 0x7fa496287a90>,<function <lambda> at 0x7fa496287b30>
5275,2020-08-07 18:00:00,<function <lambda> at 0x7fa4962879f0>,<function <lambda> at 0x7fa496287a90>,<function <lambda> at 0x7fa496287b30>
5276,2020-08-07 19:00:00,<function <lambda> at 0x7fa4962879f0>,<function <lambda> at 0x7fa496287a90>,<function <lambda> at 0x7fa496287b30>
5277,2020-08-07 20:00:00,<function <lambda> at 0x7fa4962879f0>,<function <lambda> at 0x7fa496287a90>,<function <lambda> at 0x7fa496287b30>
5278,2020-08-07 21:00:00,<function <lambda> at 0x7fa4962879f0>,<function <lambda> at 0x7fa496287a90>,<function <lambda> at 0x7fa496287b30>
5279,2020-08-07 22:00:00,<function <lambda> at 0x7fa4962879f0>,<function <lambda> at 0x7fa496287a90>,<function <lambda> at 0x7fa496287b30>
5280,2020-08-07 23:00:00,<function <lambda> at 0x7fa4962879f0>,<function <lambda> at 0x7fa496287a90>,<function <lambda> at 0x7fa496287b30>
5281,2020-08-08 00:00:00,<function <lambda> at 0x7fa4962879f0>,<function <lambda> at 0x7fa496287a90>,<function <lambda> at 0x7fa496287b30>
5282,2020-08-08 01:00:00,<function <lambda> at 0x7fa4962879f0>,<function <lambda> at 0x7fa496287a90>,<function <lambda> at 0x7fa496287b30>
5283,2020-08-08 02:00:00,<function <lambda> at 0x7fa4962879f0>,<function <lambda> at 0x7fa496287a90>,<function <lambda> at 0x7fa496287b30>
5284,2020-08-08 03:00:00,<function <lambda> at 0x7fa4962879f0>,<function <lambda> at 0x7fa496287a90>,<function <lambda> at 0x7fa496287b30>
5285,2020-08-08 04:00:00,<function <lambda> at 0x7fa4962879f0>,<function <lambda> at 0x7fa496287a90>,<function <lambda> at 0x7fa496287b30>
5286,2020-08-08 05:00:00,<function <lambda> at 0x7fa4962879f0>,<function <lambda> at 0x7fa496287a90>,<function <lambda> at 0x7fa496287b30>
5287,2020-08-08 06:00:00,<function <lambda> at 0x7fa4962879f0>,<function <lambda> at 0x7fa496287a90>,<function <lambda> at 0x7fa496287b30>
5288,2020-08-08 07:00:00,<function <lambda> at 0x7fa4962879f0>,<function <lambda> at 0x7fa496287a90>,<function <lambda> at 0x7fa496287b30>
5289,2020-08-08 08:00:00,<function <lambda> at 0x7fa4962879f0>,<function <lambda> at 0x7fa496287a90>,<function <lambda> at 0x7fa496287b30>
5290,2020-08-08 09:00:00,<function <lambda> at 0x7fa4962879f0>,<function <lambda> at 0x7fa496287a90>,<function <lambda> at 0x7fa496287b30>
5291,2020-08-08 10:00:00,<function <lambda> at 0x7fa4962879f0>,<function <lambda> at 0x7fa496287a90>,<function <lambda> at 0x7fa496287b30>
5292,2020-08-08 11:00:00,<function <lambda> at 0x7fa4962879f0>,<function <lambda> at 0x7fa496287a90>,<function <lambda> at 0x7fa496287b30>
5293,2020-08-08 12:00:00,<function <lambda> at 0x7fa4962879f0>,<function <lambda> at 0x7fa496287a90>,<function <lambda> at 0x7fa496287b30>
5294,2020-08-08 13:00:00,<function <lambda> at 0x7fa4962879f0>,<function <lambda> at 0x7fa496287a90>,<function <lambda> at 0x7fa496287b30>
5295,2020-08-08 14:00:00,<function <lambda> at 0x7fa4962879f0>,<function <lambda> at 0x7fa496287a90>,<function <lambda> at 0x7fa496287b30>
5296,2020-08-08 15:00:00,<function <lambda> at 0x7fa4962879f0>,<function <lambda> at 0x7fa496287a90>,<function <lambda> at 0x7fa496287b30>
5297,2020-08-08 16:00:00,<function <lambda> at 0x7fa4962879f0>,<function <lambda> at 0x7fa496287a90>,<function <lambda> at 0x7fa496287b30>
5298,2020-08-08 17:00:00,<function <lambda> at 0x7fa4962879f0>,<function <lambda> at 0x7fa496287a90>,<function <lambda> at 0x7fa496287b30>
5299,2020-08-08 18:00:00,<function <lambda> at 0x7fa4962879f0>,<function <lambda> at 0x7fa496287a90>,<function <lambda> at 0x7fa496287b30>
5300,2020-08-08 19:00:00,<function <lambda> at 0x7fa4962879f0>,<function <lambda> at 0x7fa496287a90>,<function <lambda> at 0x7fa496287b30>
5301,2020-08-08 20:00:00,<function <lambda> at 0x7fa4962879f0>,<function <lambda> at 0x7fa496287a90>,<function <lambda> at 0x7fa496287b30>
5302,2020-08-08 21:00:00,<function <lambda> at 0x7fa4962879f0>,<function <lambda> at 0x7fa496287a90>,<function <lambda> at 0x7fa496287b30>
5303,2020-08-08 22:00:00,<function <lambda> at 0x7fa4962879f0>,<function <lambda> at 0x7fa496287a90>,<function <lambda> at 0x7fa496287b30>
5304,2020-08-08 23:00:00,<function <lambda> at 0x7fa4962879f0>,<function <lambda> at 0x7fa496287a90>,<function <lambda> at 0x7fa496287b30>
5305,2020-08-09 00:00:00,<function <lambda> at 0x7fa4962879f0>,<function <lambda> at 0x7fa496287a90>,<function <lambda> at 0x7fa496287b30>
5306,2020-08-09 01:00:00,<function <lambda> at 0x7fa4962879f0>,<function <lambda> at 0x7fa496287a90>,<function <lambda> at 0x7fa496287b30>
5307,2020-08-09 02:00:00,<function <lambda> at 0x7fa4962879f0>,<function <lambda> at 0x7fa496287a90>,<function <lambda> at 0x7fa496287b30>
5308,2020-08-09 03:00:00,<function <lambda> at 0x7fa4962879f0>,<function <lambda> at 0x7fa496287a90>,<function <lambda> at 0x7fa496287b30>
5309,2020-08-09 04:00:00,<function <lambda> at 0x7fa4962879f0>,<function <lambda> at 0x7fa496287a90>,<function <lambda> at 0x7fa496287b30>
5310,2020-08-09 05:00:00,<function <lambda> at 0x7fa4962879f0>,<function <lambda> at 0x7fa496287a90>,<function <lambda> at 0x7fa496287b30>
5311,2020-08-09 06:00:00,<function <lambda> at 0x7fa4962879f0>,<function <lambda> at 0x7fa496287a90>,<function <lambda> at 0x7fa496287b30>
5312,2020-08-09 07:00:00,<function <lambda> at 0x7fa4962879f0>,<function <lambda> at 0x7fa496287a90>,<function <lambda> at 0x7fa496287b30>
5313,2020-08-09 08:00:00,<function <lambda> at 0x7fa4962879f0>,<function <lambda> at 0x7fa496287a90>,<function <lambda> at 0x7fa496287b30>
5314,2020-08-09 09:00:00,<function <lambda> at 0x7fa4962879f0>,<function <lambda> at 0x7fa496287a90>,<function <lambda> at 0x7fa496287b30>
5315,2020-08-09 10:00:00,<function <lambda> at 0x7fa4962879f0>,<function <lambda> at 0x7fa496287a90>,<function <lambda> at 0x7fa496287b30>
5316,2020-08-09 11:00:00,<function <lambda> at 0x7fa4962879f0>,<function <lambda> at 0x7fa496287a90>,<function <lambda> at 0x7fa496287b30>
5317,2020-08-09 12:00:00,<function <lambda> at 0x7fa4962879f0>,<function <lambda> at 0x7fa496287a90>,<function <lambda> at 0x7fa496287b30>
5318,2020-08-09 13:00:00,<function <lambda> at 0x7fa4962879f0>,<function <lambda> at 0x7fa496287a90>,<function <lambda> at 0x7fa496287b30>
5319,2020-08-09 14:00:00,<function <lambda> at 0x7fa4962879f0>,<function <lambda> at 0x7fa496287a90>,<function <lambda> at 0x7fa496287b30>
5320,2020-08-09 15:00:00,<function <lambda> at 0x7fa4962879f0>,<function <lambda> at 0x7fa496287a90>,<function <lambda> at 0x7fa496287b30>
5321,2020-08-09 16:00:00,<function <lambda> at 0x7fa4962879f0>,<function <lambda> at 0x7fa496287a90>,<function <lambda> at 0x7fa496287b30>
5322,2020-08-09 17:00:00,<function <lambda> at 0x7fa4962879f0>,<function <lambda> at 0x7fa496287a90>,<function <lambda> at 0x7fa496287b30>
5323,2020-08-09 18:00:00,<function <lambda> at 0x7fa4962879f0>,<function <lambda> at 0x7fa496287a90>,<function <lambda> at 0x7fa496287b30>
5324,2020-08-09 19:00:00,<function <lambda> at 0x7fa4962879f0>,<function <lambda> at 0x7fa496287a90>,<function <lambda> at 0x7fa496287b30>
5325,2020-08-09 20:00:00,<function <lambda> at 0x7fa4962879f0>,<function <lambda> at 0x7fa496287a90>,<function <lambda> at 0x7fa496287b30>
5326,2020-08-09 21:00:00,<function <lambda> at 0x7fa4962879f0>,<function <lambda> at 0x7fa496287a90>,<function <lambda> at 0x7fa496287b30>
5327,2020-08-09 22:00:00,<function <lambda> at 0x7fa4962879f0>,<function <lambda> at 0x7fa496287a90>,<function <lambda> at 0x7fa496287b30>
5328,2020-08-09 23:00:00,<function <lambda> at 0x7fa4962879f0>,<function <lambda> at 0x7fa496287a90>,<function <lambda> at 0x7fa496287b30>
5329,2020-08-10 00:00:00,<function <lambda> at 0x7fa4962879f0>,<function <lambda> at 0x7fa496287a90>,<function <lambda> at 0x7fa496287b30>
5330,2020-08-10 01:00:00,<function <lambda> at 0x7fa4962879f0>,<function <lambda> at 0x7fa496287a90>,<function <lambda> at 0x7fa496287b30>
5331,2020-08-10 02:00:00,<function <lambda> at 0x7fa4962879f0>,<function <lambda> at 0x7fa496287a90>,<function <lambda> at 0x7fa496287b30>
5332,2020-08-10 03:00:00,<function <lambda> at 0x7fa4962879f0>,<function <lambda> at 0x7fa496287a90>,<function <lambda> at 0x7fa496287b30>
5333,2020-08-10 04:00:00,<function <lambda> at 0x7fa4962879f0>,<function <lambda> at 0x7fa496287a90>,<function <lambda> at 0x7fa496287b30>
5334,2020-08-10 05:00:00,<function <lambda> at 0x7fa4962879f0>,<function <lambda> at 0x7fa496287a90>,<function <lambda> at 0x7fa496287b30>
5335,2020-08-10 06:00:00,<function <lambda> at 0x7fa4962879f0>,<function <lambda> at 0x7fa496287a90>,<function <lambda> at 0x7fa496287b30>
5336,2020-08-10 07:00:00,<function <lambda> at 0x7fa4962879f0>,<function <lambda> at 0x7fa496287a90>,<function <lambda> at 0x7fa496287b30>
5337,2020-08-10 08:00:00,<function <lambda> at 0x7fa4962879f0>,<function <lambda> at 0x7fa496287a90>,<function <lambda> at 0x7fa496287b30>
5338,2020-08-10 09:00:00,<function <lambda> at 0x7fa4962879f0>,<function <lambda> at 0x7fa496287a90>,<function <lambda> at 0x7fa496287b30>
5339,2020-08-10 10:00:00,<function <lambda> at 0x7fa4962879f0>,<function <lambda> at 0x7fa496287a90>,<function <lambda> at 0x7fa496287b30>
5340,2020-08-10 11:00:00,<function <lambda> at 0x7fa4962879f0>,<function <lambda> at 0x7fa496287a90>,<function <lambda> at 0x7fa496287b30>
5341,2020-08-10 12:00:00,<function <lambda> at 0x7fa4962879f0>,<function <lambda> at 0x7fa496287a90>,<function <lambda> at 0x7fa496287b30>
5342,2020-08-10 13:00:00,<function <lambda> at 0x7fa4962879f0>,<function <lambda> at 0x7fa496287a90>,<function <lambda> at 0x7fa496287b30>
5343,2020-08-10 14:00:00,<function <lambda> at 0x7fa4962879f0>,<function <lambda> at 0x7fa496287a90>,<function <lambda> at 0x7fa496287b30>
5344,2020-08-10 15:00:00,<function <lambda> at 0x7fa4962879f0>,<function <lambda> at 0x7fa496287a90>,<function <lambda> at 0x7fa496287b30>
5345,2020-08-10 16:00:00,<function <lambda> at 0x7fa4962879f0>,<function <lambda> at 0x7fa496287a90>,<function <lambda> at 0x7fa496287b30>
5346,2020-08-10 17:00:00,<function <lambda> at 0x7fa4962879f0>,<function <lambda> at 0x7fa496287a90>,<function <lambda> at 0x7fa496287b30>
5347,2020-08-10 18:00:00,<function <lambda> at 0x7fa4962879f0>,<function <lambda> at 0x7fa496287a90>,<function <lambda> at 0x7fa496287b30>
5348,2020-08-10 19:00:00,<function <lambda> at 0x7fa4962879f0>,<function <lambda> at 0x7fa496287a90>,<function <lambda> at 0x7fa496287b30>
5349,2020-08-10 20:00:00,<function <lambda> at 0x7fa4962879f0>,<function <lambda> at 0x7fa496287a90>,<function <lambda> at 0x7fa496287b30>
5350,2020-08-10 21:00:00,<function <lambda> at 0x7fa4962879f0>,<function <lambda> at 0x7fa496287a90>,<function <lambda> at 0x7fa496287b30>
5351,2020-08-10 22:00:00,<function <lambda> at 0x7fa4962879f0>,<function <lambda> at 0x7fa496287a90>,<function <lambda> at 0x7fa496287b30>
5352,2020-08-10 23:00:00,<function <lambda> at 0x7fa4962879f0>,<function <lambda> at 0x7fa496287a90>,<function <lambda> at 0x7fa496287b30>
5353,2020-08-11 00:00:00,<function <lambda> at 0x7fa4962879f0>,<function <lambda> at 0x7fa496287a90>,<function <lambda> at 0x7fa496287b30>
5354,2020-08-11 01:00:00,<function <lambda> at 0x7fa4962879f0>,<function <lambda> at 0x7fa496287a90>,<function <lambda> at 0x7fa496287b30>
5355,2020-08-11 02:00:00,<function <lambda> at 0x7fa4962879f0>,<function <lambda> at 0x7fa496287a90>,<function <lambda> at 0x7fa496287b30>
5356,2020-08-11 03:00:00,<function <lambda> at 0x7fa4962879f0>,<function <lambda> at 0x7fa496287a90>,<function <lambda> at 0x7fa496287b30>
5357,2020-08-11 04:00:00,<function <lambda> at 0x7fa4962879f0>,<function <lambda> at 0x7fa496287a90>,<function <lambda> at 0x7fa496287b30>
5358,2020-08-11 05:00:00,<function <lambda> at 0x7fa4962879f0>,<function <lambda> at 0x7fa496287a90>,<function <lambda> at 0x7fa496287b30>
5359,2020-08-11 06:00:00,<function <lambda> at 0x7fa4962879f0>,<function <lambda> at 0x7fa496287a90>,<function <lambda> at 0x7fa496287b30>
5360,2020-08-11 07:00:00,<function <lambda> at 0x7fa4962879f0>,<function <lambda> at 0x7fa496287a90>,<function <lambda> at 0x7fa496287b30>
5361,2020-08-11 08:00:00,<function <lambda> at 0x7fa4962879f0>,<function <lambda> at 0x7fa496287a90>,<function <lambda> at 0x7fa496287b30>
5362,2020-08-11 09:00:00,<function <lambda> at 0x7fa4962879f0>,<function <lambda> at 0x7fa496287a90>,<function <lambda> at 0x7fa496287b30>
5363,2020-08-11 10:00:00,<function <lambda> at 0x7fa4962879f0>,<function <lambda> at 0x7fa496287a90>,<function <lambda> at 0x7fa496287b30>
5364,2020-08-11 11:00:00,<function <lambda> at 0x7fa4962879f0>,<function <lambda> at 0x7fa496287a90>,<function <lambda> at 0x7fa496287b30>
5365,2020-08-11 12:00:00,<function <lambda> at 0x7fa4962879f0>,<function <lambda> at 0x7fa496287a90>,<function <lambda> at 0x7fa496287b30>
5366,2020-08-11 13:00:00,<function <lambda> at 0x7fa4962879f0>,<function <lambda> at 0x7fa496287a90>,<function <lambda> at 0x7fa496287b30>
5367,2020-08-11 14:00:00,<function <lambda> at 0x7fa4962879f0>,<function <lambda> at 0x7fa496287a90>,<function <lambda> at 0x7fa496287b30>
5368,2020-08-11 15:00:00,<function <lambda> at 0x7fa4962879f0>,<function <lambda> at 0x7fa496287a90>,<function <lambda> at 0x7fa496287b30>
5369,2020-08-11 16:00:00,<function <lambda> at 0x7fa4962879f0>,<function <lambda> at 0x7fa496287a90>,<function <lambda> at 0x7fa496287b30>
5370,2020-08-11 17:00:00,<function <lambda> at 0x7fa4962879f0>,<function <lambda> at 0x7fa496287a90>,<function <lambda> at 0x7fa496287b30>
5371,2020-08-11 18:00:00,<function <lambda> at 0x7fa4962879f0>,<function <lambda> at 0x7fa496287a90>,<function <lambda> at 0x7fa496287b30>
5372,2020-08-11 19:00:00,<function <lambda> at 0x7fa4962879f0>,<function <lambda> at 0x7fa496287a90>,<function <lambda> at 0x7fa496287b30>
5373,2020-08-11 20:00:00,<function <lambda> at 0x7fa4962879f0>,<function <lambda> at 0x7fa496287a90>,<function <lambda> at 0x7fa496287b30>
5374,2020-08-11 21:00:00,<function <lambda> at 0x7fa4962879f0>,<function <lambda> at 0x7fa496287a90>,<function <lambda> at 0x7fa496287b30>
5375,2020-08-11 22:00:00,<function <lambda> at 0x7fa4962879f0>,<function <lambda> at 0x7fa496287a90>,<function <lambda> at 0x7fa496287b30>
5376,2020-08-11 23:00:00,<function <lambda> at 0x7fa4962879f0>,<function <lambda> at 0x7fa496287a90>,<function <lambda> at 0x7fa496287b30>
5377,2020-08-12 00:00:00,<function <lambda> at 0x7fa4962879f0>,<function <lambda> at 0x7fa496287a90>,<function <lambda> at 0x7fa496287b30>
5378,2020-08-12 01:00:00,<function <lambda> at 0x7fa4962879f0>,<function <lambda> at 0x7fa496287a90>,<function <lambda> at 0x7fa496287b30>
5379,2020-08-12 02:00:00,<function <lambda> at 0x7fa4962879f0>,<function <lambda> at 0x7fa496287a90>,<function <lambda> at 0x7fa496287b30>
5380,2020-08-12 03:00:00,<function <lambda> at 0x7fa4962879f0>,<function <lambda> at 0x7fa496287a90>,<function <lambda> at 0x7fa496287b30>
5381,2020-08-12 04:00:00,<function <lambda> at 0x7fa4962879f0>,<function <lambda> at 0x7fa496287a90>,<function <lambda> at 0x7fa496287b30>
5382,2020-08-12 05:00:00,<function <lambda> at 0x7fa4962879f0>,<function <lambda> at 0x7fa496287a90>,<function <lambda> at 0x7fa496287b30>
5383,2020-08-12 06:00:00,<function <lambda> at 0x7fa4962879f0>,<function <lambda> at 0x7fa496287a90>,<function <lambda> at 0x7fa496287b30>
5384,2020-08-12 07:00:00,<function <lambda> at 0x7fa4962879f0>,<function <lambda> at 0x7fa496287a90>,<function <lambda> at 0x7fa496287b30>
5385,2020-08-12 08:00:00,<function <lambda> at 0x7fa4962879f0>,<function <lambda> at 0x7fa496287a90>,<function <lambda> at 0x7fa496287b30>
5386,2020-08-12 09:00:00,<function <lambda> at 0x7fa4962879f0>,<function <lambda> at 0x7fa496287a90>,<function <lambda> at 0x7fa496287b30>
5387,2020-08-12 10:00:00,<function <lambda> at 0x7fa4962879f0>,<function <lambda> at 0x7fa496287a90>,<function <lambda> at 0x7fa496287b30>
5388,2020-08-12 11:00:00,<function <lambda> at 0x7fa4962879f0>,<function <lambda> at 0x7fa496287a90>,<function <lambda> at 0x7fa496287b30>
5389,2020-08-12 12:00:00,<function <lambda> at 0x7fa4962879f0>,<function <lambda> at 0x7fa496287a90>,<function <lambda> at 0x7fa496287b30>
5390,2020-08-12 13:00:00,<function <lambda> at 0x7fa4962879f0>,<function <lambda> at 0x7fa496287a90>,<function <lambda> at 0x7fa496287b30>
5391,2020-08-12 14:00:00,<function <lambda> at 0x7fa4962879f0>,<function <lambda> at 0x7fa496287a90>,<function <lambda> at 0x7fa496287b30>
5392,2020-08-12 15:00:00,<function <lambda> at 0x7fa4962879f0>,<function <lambda> at 0x7fa496287a90>,<function <lambda> at 0x7fa496287b30>
5393,2020-08-12 16:00:00,<function <lambda> at 0x7fa4962879f0>,<function <lambda> at 0x7fa496287a90>,<function <lambda> at 0x7fa496287b30>
5394,2020-08-12 17:00:00,<function <lambda> at 0x7fa4962879f0>,<function <lambda> at 0x7fa496287a90>,<function <lambda> at 0x7fa496287b30>
5395,2020-08-12 18:00:00,<function <lambda> at 0x7fa4962879f0>,<function <lambda> at 0x7fa496287a90>,<function <lambda> at 0x7fa496287b30>
5396,2020-08-12 19:00:00,<function <lambda> at 0x7fa4962879f0>,<function <lambda> at 0x7fa496287a90>,<function <lambda> at 0x7fa496287b30>
5397,2020-08-12 20:00:00,<function <lambda> at 0x7fa4962879f0>,<function <lambda> at 0x7fa496287a90>,<function <lambda> at 0x7fa496287b30>
5398,2020-08-12 21:00:00,<function <lambda> at 0x7fa4962879f0>,<function <lambda> at 0x7fa496287a90>,<function <lambda> at 0x7fa496287b30>
5399,2020-08-12 22:00:00,<function <lambda> at 0x7fa4962879f0>,<function <lambda> at 0x7fa496287a90>,<function <lambda> at 0x7fa496287b30>
5400,2020-08-12 23:00:00,<function <lambda> at 0x7fa4962879f0>,<function <lambda> at 0x7fa496287a90>,<function <lambda> at 0x7fa496287b30>
5401,2020-08-13 00:00:00,<function <lambda> at 0x7fa4962879f0>,<function <lambda> at 0x7fa496287a90>,<function <lambda> at 0x7fa496287b30>
5402,2020-08-13 01:00:00,<function <lambda> at 0x7fa4962879f0>,<function <lambda> at 0x7fa496287a90>,<function <lambda> at 0x7fa496287b30>
5403,2020-08-13 02:00:00,<function <lambda> at 0x7fa4962879f0>,<function <lambda> at 0x7fa496287a90>,<function <lambda> at 0x7fa496287b30>
5404,2020-08-13 03:00:00,<function <lambda> at 0x7fa4962879f0>,<function <lambda> at 0x7fa496287a90>,<function <lambda> at 0x7fa496287b30>
5405,2020-08-13 04:00:00,<function <lambda> at 0x7fa4962879f0>,<function <lambda> at 0x7fa496287a90>,<function <lambda> at 0x7fa496287b30>
5406,2020-08-13 05:00:00,<function <lambda> at 0x7fa4962879f0>,<function <lambda> at 0x7fa496287a90>,<function <lambda> at 0x7fa496287b30>
5407,2020-08-13 06:00:00,<function <lambda> at 0x7fa4962879f0>,<function <lambda> at 0x7fa496287a90>,<function <lambda> at 0x7fa496287b30>
5408,2020-08-13 07:00:00,<function <lambda> at 0x7fa4962879f0>,<function <lambda> at 0x7fa496287a90>,<function <lambda> at 0x7fa496287b30>
5409,2020-08-13 08:00:00,<function <lambda> at 0x7fa4962879f0>,<function <lambda> at 0x7fa496287a90>,<function <lambda> at 0x7fa496287b30>
5410,2020-08-13 09:00:00,<function <lambda> at 0x7fa4962879f0>,<function <lambda> at 0x7fa496287a90>,<function <lambda> at 0x7fa496287b30>
5411,2020-08-13 10:00:00,<function <lambda> at 0x7fa4962879f0>,<function <lambda> at 0x7fa496287a90>,<function <lambda> at 0x7fa496287b30>
5412,2020-08-13 11:00:00,<function <lambda> at 0x7fa4962879f0>,<function <lambda> at 0x7fa496287a90>,<function <lambda> at 0x7fa496287b30>
5413,2020-08-13 12:00:00,<function <lambda> at 0x7fa4962879f0>,<function <lambda> at 0x7fa496287a90>,<function <lambda> at 0x7fa496287b30>
5414,2020-08-13 13:00:00,<function <lambda> at 0x7fa4962879f0>,<function <lambda> at 0x7fa496287a90>,<function <lambda> at 0x7fa496287b30>
5415,2020-08-13 14:00:00,<function <lambda> at 0x7fa4962879f0>,<function <lambda> at 0x7fa496287a90>,<function <lambda> at 0x7fa496287b30>
5416,2020-08-13 15:00:00,<function <lambda> at 0x7fa4962879f0>,<function <lambda> at 0x7fa496287a90>,<function <lambda> at 0x7fa496287b30>
5417,2020-08-13 16:00:00,<function <lambda> at 0x7fa4962879f0>,<function <lambda> at 0x7fa496287a90>,<function <lambda> at 0x7fa496287b30>
5418,2020-08-13 17:00:00,<function <lambda> at 0x7fa4962879f0>,<function <lambda> at 0x7fa496287a90>,<function <lambda> at 0x7fa496287b30>
5419,2020-08-13 18:00:00,<function <lambda> at 0x7fa4962879f0>,<function <lambda> at 0x7fa496287a90>,<function <lambda> at 0x7fa496287b30>
5420,2020-08-13 19:00:00,<function <lambda> at 0x7fa4962879f0>,<function <lambda> at 0x7fa496287a90>,<function <lambda> at 0x7fa496287b30>
5421,2020-08-13 20:00:00,<function <lambda> at 0x7fa4962879f0>,<function <lambda> at 0x7fa496287a90>,<function <lambda> at 0x7fa496287b30>
5422,2020-08-13 21:00:00,<function <lambda> at 0x7fa4962879f0>,<function <lambda> at 0x7fa496287a90>,<function <lambda> at 0x7fa496287b30>
5423,2020-08-13 22:00:00,<function <lambda> at 0x7fa4962879f0>,<function <lambda> at 0x7fa496287a90>,<function <lambda> at 0x7fa496287b30>
5424,2020-08-13 23:00:00,<function <lambda> at 0x7fa4962879f0>,<function <lambda> at 0x7fa496287a90>,<function <lambda> at 0x7fa496287b30>
5425,2020-08-14 00:00:00,<function <lambda> at 0x7fa4962879f0>,<function <lambda> at 0x7fa496287a90>,<function <lambda> at 0x7fa496287b30>
5426,2020-08-14 01:00:00,<function <lambda> at 0x7fa4962879f0>,<function <lambda> at 0x7fa496287a90>,<function <lambda> at 0x7fa496287b30>
5427,2020-08-14 02:00:00,<function <lambda> at 0x7fa4962879f0>,<function <lambda> at 0x7fa496287a90>,<function <lambda> at 0x7fa496287b30>
5428,2020-08-14 03:00:00,<function <lambda> at 0x7fa4962879f0>,<function <lambda> at 0x7fa496287a90>,<function <lambda> at 0x7fa496287b30>
5429,2020-08-14 04:00:00,<function <lambda> at 0x7fa4962879f0>,<function <lambda> at 0x7fa496287a90>,<function <lambda> at 0x7fa496287b30>
5430,2020-08-14 05:00:00,<function <lambda> at 0x7fa4962879f0>,<function <lambda> at 0x7fa496287a90>,<function <lambda> at 0x7fa496287b30>
5431,2020-08-14 06:00:00,<function <lambda> at 0x7fa4962879f0>,<function <lambda> at 0x7fa496287a90>,<function <lambda> at 0x7fa496287b30>
5432,2020-08-14 07:00:00,<function <lambda> at 0x7fa4962879f0>,<function <lambda> at 0x7fa496287a90>,<function <lambda> at 0x7fa496287b30>
5433,2020-08-14 08:00:00,<function <lambda> at 0x7fa4962879f0>,<function <lambda> at 0x7fa496287a90>,<function <lambda> at 0x7fa496287b30>
5434,2020-08-14 09:00:00,<function <lambda> at 0x7fa4962879f0>,<function <lambda> at 0x7fa496287a90>,<function <lambda> at 0x7fa496287b30>
5435,2020-08-14 10:00:00,<function <lambda> at 0x7fa4962879f0>,<function <lambda> at 0x7fa496287a90>,<function <lambda> at 0x7fa496287b30>
5436,2020-08-14 11:00:00,<function <lambda> at 0x7fa4962879f0>,<function <lambda> at 0x7fa496287a90>,<function <lambda> at 0x7fa496287b30>
5437,2020-08-14 12:00:00,<function <lambda> at 0x7fa4962879f0>,<function <lambda> at 0x7fa496287a90>,<function <lambda> at 0x7fa496287b30>
5438,2020-08-14 13:00:00,<function <lambda> at 0x7fa4962879f0>,<function <lambda> at 0x7fa496287a90>,<function <lambda> at 0x7fa496287b30>
5439,2020-08-14 14:00:00,<function <lambda> at 0x7fa4962879f0>,<function <lambda> at 0x7fa496287a90>,<function <lambda> at 0x7fa496287b30>
5440,2020-08-14 15:00:00,<function <lambda> at 0x7fa4962879f0>,<function <lambda> at 0x7fa496287a90>,<function <lambda> at 0x7fa496287b30>
5441,2020-08-14 16:00:00,<function <lambda> at 0x7fa4962879f0>,<function <lambda> at 0x7fa496287a90>,<function <lambda> at 0x7fa496287b30>
5442,2020-08-14 17:00:00,<function <lambda> at 0x7fa4962879f0>,<function <lambda> at 0x7fa496287a90>,<function <lambda> at 0x7fa496287b30>
5443,2020-08-14 18:00:00,<function <lambda> at 0x7fa4962879f0>,<function <lambda> at 0x7fa496287a90>,<function <lambda> at 0x7fa496287b30>
5444,2020-08-14 19:00:00,<function <lambda> at 0x7fa4962879f0>,<function <lambda> at 0x7fa496287a90>,<function <lambda> at 0x7fa496287b30>
5445,2020-08-14 20:00:00,<function <lambda> at 0x7fa4962879f0>,<function <lambda> at 0x7fa496287a90>,<function <lambda> at 0x7fa496287b30>
5446,2020-08-14 21:00:00,<function <lambda> at 0x7fa4962879f0>,<function <lambda> at 0x7fa496287a90>,<function <lambda> at 0x7fa496287b30>
5447,2020-08-14 22:00:00,<function <lambda> at 0x7fa4962879f0>,<function <lambda> at 0x7fa496287a90>,<function <lambda> at 0x7fa496287b30>
5448,2020-08-14 23:00:00,<function <lambda> at 0x7fa4962879f0>,<function <lambda> at 0x7fa496287a90>,<function <lambda> at 0x7fa496287b30>
5449,2020-08-15 00:00:00,<function <lambda> at 0x7fa4962879f0>,<function <lambda> at 0x7fa496287a90>,<function <lambda> at 0x7fa496287b30>
5450,2020-08-15 01:00:00,<function <lambda> at 0x7fa4962879f0>,<function <lambda> at 0x7fa496287a90>,<function <lambda> at 0x7fa496287b30>
5451,2020-08-15 02:00:00,<function <lambda> at 0x7fa4962879f0>,<function <lambda> at 0x7fa496287a90>,<function <lambda> at 0x7fa496287b30>
5452,2020-08-15 03:00:00,<function <lambda> at 0x7fa4962879f0>,<function <lambda> at 0x7fa496287a90>,<function <lambda> at 0x7fa496287b30>
5453,2020-08-15 04:00:00,<function <lambda> at 0x7fa4962879f0>,<function <lambda> at 0x7fa496287a90>,<function <lambda> at 0x7fa496287b30>
5454,2020-08-15 05:00:00,<function <lambda> at 0x7fa4962879f0>,<function <lambda> at 0x7fa496287a90>,<function <lambda> at 0x7fa496287b30>
5455,2020-08-15 06:00:00,<function <lambda> at 0x7fa4962879f0>,<function <lambda> at 0x7fa496287a90>,<function <lambda> at 0x7fa496287b30>
5456,2020-08-15 07:00:00,<function <lambda> at 0x7fa4962879f0>,<function <lambda> at 0x7fa496287a90>,<function <lambda> at 0x7fa496287b30>
5457,2020-08-15 08:00:00,<function <lambda> at 0x7fa4962879f0>,<function <lambda> at 0x7fa496287a90>,<function <lambda> at 0x7fa496287b30>
5458,2020-08-15 09:00:00,<function <lambda> at 0x7fa4962879f0>,<function <lambda> at 0x7fa496287a90>,<function <lambda> at 0x7fa496287b30>
5459,2020-08-15 10:00:00,<function <lambda> at 0x7fa4962879f0>,<function <lambda> at 0x7fa496287a90>,<function <lambda> at 0x7fa496287b30>
5460,2020-08-15 11:00:00,<function <lambda> at 0x7fa4962879f0>,<function <lambda> at 0x7fa496287a90>,<function <lambda> at 0x7fa496287b30>
5461,2020-08-15 12:00:00,<function <lambda> at 0x7fa4962879f0>,<function <lambda> at 0x7fa496287a90>,<function <lambda> at 0x7fa496287b30>
5462,2020-08-15 13:00:00,<function <lambda> at 0x7fa4962879f0>,<function <lambda> at 0x7fa496287a90>,<function <lambda> at 0x7fa496287b30>
5463,2020-08-15 14:00:00,<function <lambda> at 0x7fa4962879f0>,<function <lambda> at 0x7fa496287a90>,<function <lambda> at 0x7fa496287b30>
5464,2020-08-15 15:00:00,<function <lambda> at 0x7fa4962879f0>,<function <lambda> at 0x7fa496287a90>,<function <lambda> at 0x7fa496287b30>
5465,2020-08-15 16:00:00,<function <lambda> at 0x7fa4962879f0>,<function <lambda> at 0x7fa496287a90>,<function <lambda> at 0x7fa496287b30>
5466,2020-08-15 17:00:00,<function <lambda> at 0x7fa4962879f0>,<function <lambda> at 0x7fa496287a90>,<function <lambda> at 0x7fa496287b30>
5467,2020-08-15 18:00:00,<function <lambda> at 0x7fa4962879f0>,<function <lambda> at 0x7fa496287a90>,<function <lambda> at 0x7fa496287b30>
5468,2020-08-15 19:00:00,<function <lambda> at 0x7fa4962879f0>,<function <lambda> at 0x7fa496287a90>,<function <lambda> at 0x7fa496287b30>
5469,2020-08-15 20:00:00,<function <lambda> at 0x7fa4962879f0>,<function <lambda> at 0x7fa496287a90>,<function <lambda> at 0x7fa496287b30>
5470,2020-08-15 21:00:00,<function <lambda> at 0x7fa4962879f0>,<function <lambda> at 0x7fa496287a90>,<function <lambda> at 0x7fa496287b30>
5471,2020-08-15 22:00:00,<function <lambda> at 0x7fa4962879f0>,<function <lambda> at 0x7fa496287a90>,<function <lambda> at 0x7fa496287b30>
5472,2020-08-15 23:00:00,<function <lambda> at 0x7fa4962879f0>,<function <lambda> at 0x7fa496287a90>,<function <lambda> at 0x7fa496287b30>
5473,2020-08-16 00:00:00,<function <lambda> at 0x7fa4962879f0>,<function <lambda> at 0x7fa496287a90>,<function <lambda> at 0x7fa496287b30>
5474,2020-08-16 01:00:00,<function <lambda> at 0x7fa4962879f0>,<function <lambda> at 0x7fa496287a90>,<function <lambda> at 0x7fa496287b30>
5475,2020-08-16 02:00:00,<function <lambda> at 0x7fa4962879f0>,<function <lambda> at 0x7fa496287a90>,<function <lambda> at 0x7fa496287b30>
5476,2020-08-16 03:00:00,<function <lambda> at 0x7fa4962879f0>,<function <lambda> at 0x7fa496287a90>,<function <lambda> at 0x7fa496287b30>
5477,2020-08-16 04:00:00,<function <lambda> at 0x7fa4962879f0>,<function <lambda> at 0x7fa496287a90>,<function <lambda> at 0x7fa496287b30>
5478,2020-08-16 05:00:00,<function <lambda> at 0x7fa4962879f0>,<function <lambda> at 0x7fa496287a90>,<function <lambda> at 0x7fa496287b30>
5479,2020-08-16 06:00:00,<function <lambda> at 0x7fa4962879f0>,<function <lambda> at 0x7fa496287a90>,<function <lambda> at 0x7fa496287b30>
5480,2020-08-16 07:00:00,<function <lambda> at 0x7fa4962879f0>,<function <lambda> at 0x7fa496287a90>,<function <lambda> at 0x7fa496287b30>
5481,2020-08-16 08:00:00,<function <lambda> at 0x7fa4962879f0>,<function <lambda> at 0x7fa496287a90>,<function <lambda> at 0x7fa496287b30>
5482,2020-08-16 09:00:00,<function <lambda> at 0x7fa4962879f0>,<function <lambda> at 0x7fa496287a90>,<function <lambda> at 0x7fa496287b30>
5483,2020-08-16 10:00:00,<function <lambda> at 0x7fa4962879f0>,<function <lambda> at 0x7fa496287a90>,<function <lambda> at 0x7fa496287b30>
5484,2020-08-16 11:00:00,<function <lambda> at 0x7fa4962879f0>,<function <lambda> at 0x7fa496287a90>,<function <lambda> at 0x7fa496287b30>
5485,2020-08-16 12:00:00,<function <lambda> at 0x7fa4962879f0>,<function <lambda> at 0x7fa496287a90>,<function <lambda> at 0x7fa496287b30>
5486,2020-08-16 13:00:00,<function <lambda> at 0x7fa4962879f0>,<function <lambda> at 0x7fa496287a90>,<function <lambda> at 0x7fa496287b30>
5487,2020-08-16 14:00:00,<function <lambda> at 0x7fa4962879f0>,<function <lambda> at 0x7fa496287a90>,<function <lambda> at 0x7fa496287b30>
5488,2020-08-16 15:00:00,<function <lambda> at 0x7fa4962879f0>,<function <lambda> at 0x7fa496287a90>,<function <lambda> at 0x7fa496287b30>
5489,2020-08-16 16:00:00,<function <lambda> at 0x7fa4962879f0>,<function <lambda> at 0x7fa496287a90>,<function <lambda> at 0x7fa496287b30>
5490,2020-08-16 17:00:00,<function <lambda> at 0x7fa4962879f0>,<function <lambda> at 0x7fa496287a90>,<function <lambda> at 0x7fa496287b30>
5491,2020-08-16 18:00:00,<function <lambda> at 0x7fa4962879f0>,<function <lambda> at 0x7fa496287a90>,<function <lambda> at 0x7fa496287b30>
5492,2020-08-16 19:00:00,<function <lambda> at 0x7fa4962879f0>,<function <lambda> at 0x7fa496287a90>,<function <lambda> at 0x7fa496287b30>
5493,2020-08-16 20:00:00,<function <lambda> at 0x7fa4962879f0>,<function <lambda> at 0x7fa496287a90>,<function <lambda> at 0x7fa496287b30>
5494,2020-08-16 21:00:00,<function <lambda> at 0x7fa4962879f0>,<function <lambda> at 0x7fa496287a90>,<function <lambda> at 0x7fa496287b30>
5495,2020-08-16 22:00:00,<function <lambda> at 0x7fa4962879f0>,<function <lambda> at 0x7fa496287a90>,<function <lambda> at 0x7fa496287b30>
5496,2020-08-16 23:00:00,<function <lambda> at 0x7fa4962879f0>,<function <lambda> at 0x7fa496287a90>,<function <lambda> at 0x7fa496287b30>
5497,2020-08-17 00:00:00,<function <lambda> at 0x7fa4962879f0>,<function <lambda> at 0x7fa496287a90>,<function <lambda> at 0x7fa496287b30>
5498,2020-08-17 01:00:00,<function <lambda> at 0x7fa4962879f0>,<function <lambda> at 0x7fa496287a90>,<function <lambda> at 0x7fa496287b30>
5499,2020-08-17 02:00:00,<function <lambda> at 0x7fa4962879f0>,<function <lambda> at 0x7fa496287a90>,<function <lambda> at 0x7fa496287b30>
5500,2020-08-17 03:00:00,<function <lambda> at 0x7fa4962879f0>,<function <lambda> at 0x7fa496287a90>,<function <lambda> at 0x7fa496287b30>
5501,2020-08-17 04:00:00,<function <lambda> at 0x7fa4962879f0>,<function <lambda> at 0x7fa496287a90>,<function <lambda> at 0x7fa496287b30>
5502,2020-08-17 05:00:00,<function <lambda> at 0x7fa4962879f0>,<function <lambda> at 0x7fa496287a90>,<function <lambda> at 0x7fa496287b30>
5503,2020-08-17 06:00:00,<function <lambda> at 0x7fa4962879f0>,<function <lambda> at 0x7fa496287a90>,<function <lambda> at 0x7fa496287b30>
5504,2020-08-17 07:00:00,<function <lambda> at 0x7fa4962879f0>,<function <lambda> at 0x7fa496287a90>,<function <lambda> at 0x7fa496287b30>
5505,2020-08-17 08:00:00,<function <lambda> at 0x7fa4962879f0>,<function <lambda> at 0x7fa496287a90>,<function <lambda> at 0x7fa496287b30>
5506,2020-08-17 09:00:00,<function <lambda> at 0x7fa4962879f0>,<function <lambda> at 0x7fa496287a90>,<function <lambda> at 0x7fa496287b30>
5507,2020-08-17 10:00:00,<function <lambda> at 0x7fa4962879f0>,<function <lambda> at 0x7fa496287a90>,<function <lambda> at 0x7fa496287b30>
5508,2020-08-17 11:00:00,<function <lambda> at 0x7fa4962879f0>,<function <lambda> at 0x7fa496287a90>,<function <lambda> at 0x7fa496287b30>
5509,2020-08-17 12:00:00,<function <lambda> at 0x7fa4962879f0>,<function <lambda> at 0x7fa496287a90>,<function <lambda> at 0x7fa496287b30>
5510,2020-08-17 13:00:00,<function <lambda> at 0x7fa4962879f0>,<function <lambda> at 0x7fa496287a90>,<function <lambda> at 0x7fa496287b30>
5511,2020-08-17 14:00:00,<function <lambda> at 0x7fa4962879f0>,<function <lambda> at 0x7fa496287a90>,<function <lambda> at 0x7fa496287b30>
5512,2020-08-17 15:00:00,<function <lambda> at 0x7fa4962879f0>,<function <lambda> at 0x7fa496287a90>,<function <lambda> at 0x7fa496287b30>
5513,2020-08-17 16:00:00,<function <lambda> at 0x7fa4962879f0>,<function <lambda> at 0x7fa496287a90>,<function <lambda> at 0x7fa496287b30>
5514,2020-08-17 17:00:00,<function <lambda> at 0x7fa4962879f0>,<function <lambda> at 0x7fa496287a90>,<function <lambda> at 0x7fa496287b30>
5515,2020-08-17 18:00:00,<function <lambda> at 0x7fa4962879f0>,<function <lambda> at 0x7fa496287a90>,<function <lambda> at 0x7fa496287b30>
5516,2020-08-17 19:00:00,<function <lambda> at 0x7fa4962879f0>,<function <lambda> at 0x7fa496287a90>,<function <lambda> at 0x7fa496287b30>
5517,2020-08-17 20:00:00,<function <lambda> at 0x7fa4962879f0>,<function <lambda> at 0x7fa496287a90>,<function <lambda> at 0x7fa496287b30>
5518,2020-08-17 21:00:00,<function <lambda> at 0x7fa4962879f0>,<function <lambda> at 0x7fa496287a90>,<function <lambda> at 0x7fa496287b30>
5519,2020-08-17 22:00:00,<function <lambda> at 0x7fa4962879f0>,<function <lambda> at 0x7fa496287a90>,<function <lambda> at 0x7fa496287b30>
5520,2020-08-17 23:00:00,<function <lambda> at 0x7fa4962879f0>,<function <lambda> at 0x7fa496287a90>,<function <lambda> at 0x7fa496287b30>
5521,2020-08-18 00:00:00,<function <lambda> at 0x7fa4962879f0>,<function <lambda> at 0x7fa496287a90>,<function <lambda> at 0x7fa496287b30>
5522,2020-08-18 01:00:00,<function <lambda> at 0x7fa4962879f0>,<function <lambda> at 0x7fa496287a90>,<function <lambda> at 0x7fa496287b30>
5523,2020-08-18 02:00:00,<function <lambda> at 0x7fa4962879f0>,<function <lambda> at 0x7fa496287a90>,<function <lambda> at 0x7fa496287b30>
5524,2020-08-18 03:00:00,<function <lambda> at 0x7fa4962879f0>,<function <lambda> at 0x7fa496287a90>,<function <lambda> at 0x7fa496287b30>
5525,2020-08-18 04:00:00,<function <lambda> at 0x7fa4962879f0>,<function <lambda> at 0x7fa496287a90>,<function <lambda> at 0x7fa496287b30>
5526,2020-08-18 05:00:00,<function <lambda> at 0x7fa4962879f0>,<function <lambda> at 0x7fa496287a90>,<function <lambda> at 0x7fa496287b30>
5527,2020-08-18 06:00:00,<function <lambda> at 0x7fa4962879f0>,<function <lambda> at 0x7fa496287a90>,<function <lambda> at 0x7fa496287b30>
5528,2020-08-18 07:00:00,<function <lambda> at 0x7fa4962879f0>,<function <lambda> at 0x7fa496287a90>,<function <lambda> at 0x7fa496287b30>
5529,2020-08-18 08:00:00,<function <lambda> at 0x7fa4962879f0>,<function <lambda> at 0x7fa496287a90>,<function <lambda> at 0x7fa496287b30>
5530,2020-08-18 09:00:00,<function <lambda> at 0x7fa4962879f0>,<function <lambda> at 0x7fa496287a90>,<function <lambda> at 0x7fa496287b30>
5531,2020-08-18 10:00:00,<function <lambda> at 0x7fa4962879f0>,<function <lambda> at 0x7fa496287a90>,<function <lambda> at 0x7fa496287b30>
5532,2020-08-18 11:00:00,<function <lambda> at 0x7fa4962879f0>,<function <lambda> at 0x7fa496287a90>,<function <lambda> at 0x7fa496287b30>
5533,2020-08-18 12:00:00,<function <lambda> at 0x7fa4962879f0>,<function <lambda> at 0x7fa496287a90>,<function <lambda> at 0x7fa496287b30>
5534,2020-08-18 13:00:00,<function <lambda> at 0x7fa4962879f0>,<function <lambda> at 0x7fa496287a90>,<function <lambda> at 0x7fa496287b30>
5535,2020-08-18 14:00:00,<function <lambda> at 0x7fa4962879f0>,<function <lambda> at 0x7fa496287a90>,<function <lambda> at 0x7fa496287b30>
5536,2020-08-18 15:00:00,<function <lambda> at 0x7fa4962879f0>,<function <lambda> at 0x7fa496287a90>,<function <lambda> at 0x7fa496287b30>
5537,2020-08-18 16:00:00,<function <lambda> at 0x7fa4962879f0>,<function <lambda> at 0x7fa496287a90>,<function <lambda> at 0x7fa496287b30>
5538,2020-08-18 17:00:00,<function <lambda> at 0x7fa4962879f0>,<function <lambda> at 0x7fa496287a90>,<function <lambda> at 0x7fa496287b30>
5539,2020-08-18 18:00:00,<function <lambda> at 0x7fa4962879f0>,<function <lambda> at 0x7fa496287a90>,<function <lambda> at 0x7fa496287b30>
5540,2020-08-18 19:00:00,<function <lambda> at 0x7fa4962879f0>,<function <lambda> at 0x7fa496287a90>,<function <lambda> at 0x7fa496287b30>
5541,2020-08-18 20:00:00,<function <lambda> at 0x7fa4962879f0>,<function <lambda> at 0x7fa496287a90>,<function <lambda> at 0x7fa496287b30>
5542,2020-08-18 21:00:00,<function <lambda> at 0x7fa4962879f0>,<function <lambda> at 0x7fa496287a90>,<function <lambda> at 0x7fa496287b30>
5543,2020-08-18 22:00:00,<function <lambda> at 0x7fa4962879f0>,<function <lambda> at 0x7fa496287a90>,<function <lambda> at 0x7fa496287b30>
5544,2020-08-18 23:00:00,<function <lambda> at 0x7fa4962879f0>,<function <lambda> at 0x7fa496287a90>,<function <lambda> at 0x7fa496287b30>
5545,2020-08-19 00:00:00,<function <lambda> at 0x7fa4962879f0>,<function <lambda> at 0x7fa496287a90>,<function <lambda> at 0x7fa496287b30>
5546,2020-08-19 01:00:00,<function <lambda> at 0x7fa4962879f0>,<function <lambda> at 0x7fa496287a90>,<function <lambda> at 0x7fa496287b30>
5547,2020-08-19 02:00:00,<function <lambda> at 0x7fa4962879f0>,<function <lambda> at 0x7fa496287a90>,<function <lambda> at 0x7fa496287b30>
5548,2020-08-19 03:00:00,<function <lambda> at 0x7fa4962879f0>,<function <lambda> at 0x7fa496287a90>,<function <lambda> at 0x7fa496287b30>
5549,2020-08-19 04:00:00,<function <lambda> at 0x7fa4962879f0>,<function <lambda> at 0x7fa496287a90>,<function <lambda> at 0x7fa496287b30>
5550,2020-08-19 05:00:00,<function <lambda> at 0x7fa4962879f0>,<function <lambda> at 0x7fa496287a90>,<function <lambda> at 0x7fa496287b30>
5551,2020-08-19 06:00:00,<function <lambda> at 0x7fa4962879f0>,<function <lambda> at 0x7fa496287a90>,<function <lambda> at 0x7fa496287b30>
5552,2020-08-19 07:00:00,<function <lambda> at 0x7fa4962879f0>,<function <lambda> at 0x7fa496287a90>,<function <lambda> at 0x7fa496287b30>
5553,2020-08-19 08:00:00,<function <lambda> at 0x7fa4962879f0>,<function <lambda> at 0x7fa496287a90>,<function <lambda> at 0x7fa496287b30>
5554,2020-08-19 09:00:00,<function <lambda> at 0x7fa4962879f0>,<function <lambda> at 0x7fa496287a90>,<function <lambda> at 0x7fa496287b30>
5555,2020-08-19 10:00:00,<function <lambda> at 0x7fa4962879f0>,<function <lambda> at 0x7fa496287a90>,<function <lambda> at 0x7fa496287b30>
5556,2020-08-19 11:00:00,<function <lambda> at 0x7fa4962879f0>,<function <lambda> at 0x7fa496287a90>,<function <lambda> at 0x7fa496287b30>
5557,2020-08-19 12:00:00,<function <lambda> at 0x7fa4962879f0>,<function <lambda> at 0x7fa496287a90>,<function <lambda> at 0x7fa496287b30>
5558,2020-08-19 13:00:00,<function <lambda> at 0x7fa4962879f0>,<function <lambda> at 0x7fa496287a90>,<function <lambda> at 0x7fa496287b30>
5559,2020-08-19 14:00:00,<function <lambda> at 0x7fa4962879f0>,<function <lambda> at 0x7fa496287a90>,<function <lambda> at 0x7fa496287b30>
5560,2020-08-19 15:00:00,<function <lambda> at 0x7fa4962879f0>,<function <lambda> at 0x7fa496287a90>,<function <lambda> at 0x7fa496287b30>
5561,2020-08-19 16:00:00,<function <lambda> at 0x7fa4962879f0>,<function <lambda> at 0x7fa496287a90>,<function <lambda> at 0x7fa496287b30>
5562,2020-08-19 17:00:00,<function <lambda> at 0x7fa4962879f0>,<function <lambda> at 0x7fa496287a90>,<function <lambda> at 0x7fa496287b30>
5563,2020-08-19 18:00:00,<function <lambda> at 0x7fa4962879f0>,<function <lambda> at 0x7fa496287a90>,<function <lambda> at 0x7fa496287b30>
5564,2020-08-19 19:00:00,<function <lambda> at 0x7fa4962879f0>,<function <lambda> at 0x7fa496287a90>,<function <lambda> at 0x7fa496287b30>
5565,2020-08-19 20:00:00,<function <lambda> at 0x7fa4962879f0>,<function <lambda> at 0x7fa496287a90>,<function <lambda> at 0x7fa496287b30>
5566,2020-08-19 21:00:00,<function <lambda> at 0x7fa4962879f0>,<function <lambda> at 0x7fa496287a90>,<function <lambda> at 0x7fa496287b30>
5567,2020-08-19 22:00:00,<function <lambda> at 0x7fa4962879f0>,<function <lambda> at 0x7fa496287a90>,<function <lambda> at 0x7fa496287b30>
5568,2020-08-19 23:00:00,<function <lambda> at 0x7fa4962879f0>,<function <lambda> at 0x7fa496287a90>,<function <lambda> at 0x7fa496287b30>
5569,2020-08-20 00:00:00,<function <lambda> at 0x7fa4962879f0>,<function <lambda> at 0x7fa496287a90>,<function <lambda> at 0x7fa496287b30>
5570,2020-08-20 01:00:00,<function <lambda> at 0x7fa4962879f0>,<function <lambda> at 0x7fa496287a90>,<function <lambda> at 0x7fa496287b30>
5571,2020-08-20 02:00:00,<function <lambda> at 0x7fa4962879f0>,<function <lambda> at 0x7fa496287a90>,<function <lambda> at 0x7fa496287b30>
5572,2020-08-20 03:00:00,<function <lambda> at 0x7fa4962879f0>,<function <lambda> at 0x7fa496287a90>,<function <lambda> at 0x7fa496287b30>
5573,2020-08-20 04:00:00,<function <lambda> at 0x7fa4962879f0>,<function <lambda> at 0x7fa496287a90>,<function <lambda> at 0x7fa496287b30>
5574,2020-08-20 05:00:00,<function <lambda> at 0x7fa4962879f0>,<function <lambda> at 0x7fa496287a90>,<function <lambda> at 0x7fa496287b30>
5575,2020-08-20 06:00:00,<function <lambda> at 0x7fa4962879f0>,<function <lambda> at 0x7fa496287a90>,<function <lambda> at 0x7fa496287b30>
5576,2020-08-20 07:00:00,<function <lambda> at 0x7fa4962879f0>,<function <lambda> at 0x7fa496287a90>,<function <lambda> at 0x7fa496287b30>
5577,2020-08-20 08:00:00,<function <lambda> at 0x7fa4962879f0>,<function <lambda> at 0x7fa496287a90>,<function <lambda> at 0x7fa496287b30>
5578,2020-08-20 09:00:00,<function <lambda> at 0x7fa4962879f0>,<function <lambda> at 0x7fa496287a90>,<function <lambda> at 0x7fa496287b30>
5579,2020-08-20 10:00:00,<function <lambda> at 0x7fa4962879f0>,<function <lambda> at 0x7fa496287a90>,<function <lambda> at 0x7fa496287b30>
5580,2020-08-20 11:00:00,<function <lambda> at 0x7fa4962879f0>,<function <lambda> at 0x7fa496287a90>,<function <lambda> at 0x7fa496287b30>
5581,2020-08-20 12:00:00,<function <lambda> at 0x7fa4962879f0>,<function <lambda> at 0x7fa496287a90>,<function <lambda> at 0x7fa496287b30>
5582,2020-08-20 13:00:00,<function <lambda> at 0x7fa4962879f0>,<function <lambda> at 0x7fa496287a90>,<function <lambda> at 0x7fa496287b30>
5583,2020-08-20 14:00:00,<function <lambda> at 0x7fa4962879f0>,<function <lambda> at 0x7fa496287a90>,<function <lambda> at 0x7fa496287b30>
5584,2020-08-20 15:00:00,<function <lambda> at 0x7fa4962879f0>,<function <lambda> at 0x7fa496287a90>,<function <lambda> at 0x7fa496287b30>
5585,2020-08-20 16:00:00,<function <lambda> at 0x7fa4962879f0>,<function <lambda> at 0x7fa496287a90>,<function <lambda> at 0x7fa496287b30>
5586,2020-08-20 17:00:00,<function <lambda> at 0x7fa4962879f0>,<function <lambda> at 0x7fa496287a90>,<function <lambda> at 0x7fa496287b30>
5587,2020-08-20 18:00:00,<function <lambda> at 0x7fa4962879f0>,<function <lambda> at 0x7fa496287a90>,<function <lambda> at 0x7fa496287b30>
5588,2020-08-20 19:00:00,<function <lambda> at 0x7fa4962879f0>,<function <lambda> at 0x7fa496287a90>,<function <lambda> at 0x7fa496287b30>
5589,2020-08-20 20:00:00,<function <lambda> at 0x7fa4962879f0>,<function <lambda> at 0x7fa496287a90>,<function <lambda> at 0x7fa496287b30>
5590,2020-08-20 21:00:00,<function <lambda> at 0x7fa4962879f0>,<function <lambda> at 0x7fa496287a90>,<function <lambda> at 0x7fa496287b30>
5591,2020-08-20 22:00:00,<function <lambda> at 0x7fa4962879f0>,<function <lambda> at 0x7fa496287a90>,<function <lambda> at 0x7fa496287b30>
5592,2020-08-20 23:00:00,<function <lambda> at 0x7fa4962879f0>,<function <lambda> at 0x7fa496287a90>,<function <lambda> at 0x7fa496287b30>
5593,2020-08-21 00:00:00,<function <lambda> at 0x7fa4962879f0>,<function <lambda> at 0x7fa496287a90>,<function <lambda> at 0x7fa496287b30>
5594,2020-08-21 01:00:00,<function <lambda> at 0x7fa4962879f0>,<function <lambda> at 0x7fa496287a90>,<function <lambda> at 0x7fa496287b30>
5595,2020-08-21 02:00:00,<function <lambda> at 0x7fa4962879f0>,<function <lambda> at 0x7fa496287a90>,<function <lambda> at 0x7fa496287b30>
5596,2020-08-21 03:00:00,<function <lambda> at 0x7fa4962879f0>,<function <lambda> at 0x7fa496287a90>,<function <lambda> at 0x7fa496287b30>
5597,2020-08-21 04:00:00,<function <lambda> at 0x7fa4962879f0>,<function <lambda> at 0x7fa496287a90>,<function <lambda> at 0x7fa496287b30>
5598,2020-08-21 05:00:00,<function <lambda> at 0x7fa4962879f0>,<function <lambda> at 0x7fa496287a90>,<function <lambda> at 0x7fa496287b30>
5599,2020-08-21 06:00:00,<function <lambda> at 0x7fa4962879f0>,<function <lambda> at 0x7fa496287a90>,<function <lambda> at 0x7fa496287b30>
5600,2020-08-21 07:00:00,<function <lambda> at 0x7fa4962879f0>,<function <lambda> at 0x7fa496287a90>,<function <lambda> at 0x7fa496287b30>
5601,2020-08-21 08:00:00,<function <lambda> at 0x7fa4962879f0>,<function <lambda> at 0x7fa496287a90>,<function <lambda> at 0x7fa496287b30>
5602,2020-08-21 09:00:00,<function <lambda> at 0x7fa4962879f0>,<function <lambda> at 0x7fa496287a90>,<function <lambda> at 0x7fa496287b30>
5603,2020-08-21 10:00:00,<function <lambda> at 0x7fa4962879f0>,<function <lambda> at 0x7fa496287a90>,<function <lambda> at 0x7fa496287b30>
5604,2020-08-21 11:00:00,<function <lambda> at 0x7fa4962879f0>,<function <lambda> at 0x7fa496287a90>,<function <lambda> at 0x7fa496287b30>
5605,2020-08-21 12:00:00,<function <lambda> at 0x7fa4962879f0>,<function <lambda> at 0x7fa496287a90>,<function <lambda> at 0x7fa496287b30>
5606,2020-08-21 13:00:00,<function <lambda> at 0x7fa4962879f0>,<function <lambda> at 0x7fa496287a90>,<function <lambda> at 0x7fa496287b30>
5607,2020-08-21 14:00:00,<function <lambda> at 0x7fa4962879f0>,<function <lambda> at 0x7fa496287a90>,<function <lambda> at 0x7fa496287b30>
5608,2020-08-21 15:00:00,<function <lambda> at 0x7fa4962879f0>,<function <lambda> at 0x7fa496287a90>,<function <lambda> at 0x7fa496287b30>
5609,2020-08-21 16:00:00,<function <lambda> at 0x7fa4962879f0>,<function <lambda> at 0x7fa496287a90>,<function <lambda> at 0x7fa496287b30>
5610,2020-08-21 17:00:00,<function <lambda> at 0x7fa4962879f0>,<function <lambda> at 0x7fa496287a90>,<function <lambda> at 0x7fa496287b30>
5611,2020-08-21 18:00:00,<function <lambda> at 0x7fa4962879f0>,<function <lambda> at 0x7fa496287a90>,<function <lambda> at 0x7fa496287b30>
5612,2020-08-21 19:00:00,<function <lambda> at 0x7fa4962879f0>,<function <lambda> at 0x7fa496287a90>,<function <lambda> at 0x7fa496287b30>
5613,2020-08-21 20:00:00,<function <lambda> at 0x7fa4962879f0>,<function <lambda> at 0x7fa496287a90>,<function <lambda> at 0x7fa496287b30>
5614,2020-08-21 21:00:00,<function <lambda> at 0x7fa4962879f0>,<function <lambda> at 0x7fa496287a90>,<function <lambda> at 0x7fa496287b30>
5615,2020-08-21 22:00:00,<function <lambda> at 0x7fa4962879f0>,<function <lambda> at 0x7fa496287a90>,<function <lambda> at 0x7fa496287b30>
5616,2020-08-21 23:00:00,<function <lambda> at 0x7fa4962879f0>,<function <lambda> at 0x7fa496287a90>,<function <lambda> at 0x7fa496287b30>
5617,2020-08-22 00:00:00,<function <lambda> at 0x7fa4962879f0>,<function <lambda> at 0x7fa496287a90>,<function <lambda> at 0x7fa496287b30>
5618,2020-08-22 01:00:00,<function <lambda> at 0x7fa4962879f0>,<function <lambda> at 0x7fa496287a90>,<function <lambda> at 0x7fa496287b30>
5619,2020-08-22 02:00:00,<function <lambda> at 0x7fa4962879f0>,<function <lambda> at 0x7fa496287a90>,<function <lambda> at 0x7fa496287b30>
5620,2020-08-22 03:00:00,<function <lambda> at 0x7fa4962879f0>,<function <lambda> at 0x7fa496287a90>,<function <lambda> at 0x7fa496287b30>
5621,2020-08-22 04:00:00,<function <lambda> at 0x7fa4962879f0>,<function <lambda> at 0x7fa496287a90>,<function <lambda> at 0x7fa496287b30>
5622,2020-08-22 05:00:00,<function <lambda> at 0x7fa4962879f0>,<function <lambda> at 0x7fa496287a90>,<function <lambda> at 0x7fa496287b30>
5623,2020-08-22 06:00:00,<function <lambda> at 0x7fa4962879f0>,<function <lambda> at 0x7fa496287a90>,<function <lambda> at 0x7fa496287b30>
5624,2020-08-22 07:00:00,<function <lambda> at 0x7fa4962879f0>,<function <lambda> at 0x7fa496287a90>,<function <lambda> at 0x7fa496287b30>
5625,2020-08-22 08:00:00,<function <lambda> at 0x7fa4962879f0>,<function <lambda> at 0x7fa496287a90>,<function <lambda> at 0x7fa496287b30>
5626,2020-08-22 09:00:00,<function <lambda> at 0x7fa4962879f0>,<function <lambda> at 0x7fa496287a90>,<function <lambda> at 0x7fa496287b30>
5627,2020-08-22 10:00:00,<function <lambda> at 0x7fa4962879f0>,<function <lambda> at 0x7fa496287a90>,<function <lambda> at 0x7fa496287b30>
5628,2020-08-22 11:00:00,<function <lambda> at 0x7fa4962879f0>,<function <lambda> at 0x7fa496287a90>,<function <lambda> at 0x7fa496287b30>
5629,2020-08-22 12:00:00,<function <lambda> at 0x7fa4962879f0>,<function <lambda> at 0x7fa496287a90>,<function <lambda> at 0x7fa496287b30>
5630,2020-08-22 13:00:00,<function <lambda> at 0x7fa4962879f0>,<function <lambda> at 0x7fa496287a90>,<function <lambda> at 0x7fa496287b30>
5631,2020-08-22 14:00:00,<function <lambda> at 0x7fa4962879f0>,<function <lambda> at 0x7fa496287a90>,<function <lambda> at 0x7fa496287b30>
5632,2020-08-22 15:00:00,<function <lambda> at 0x7fa4962879f0>,<function <lambda> at 0x7fa496287a90>,<function <lambda> at 0x7fa496287b30>
5633,2020-08-22 16:00:00,<function <lambda> at 0x7fa4962879f0>,<function <lambda> at 0x7fa496287a90>,<function <lambda> at 0x7fa496287b30>
5634,2020-08-22 17:00:00,<function <lambda> at 0x7fa4962879f0>,<function <lambda> at 0x7fa496287a90>,<function <lambda> at 0x7fa496287b30>
5635,2020-08-22 18:00:00,<function <lambda> at 0x7fa4962879f0>,<function <lambda> at 0x7fa496287a90>,<function <lambda> at 0x7fa496287b30>
5636,2020-08-22 19:00:00,<function <lambda> at 0x7fa4962879f0>,<function <lambda> at 0x7fa496287a90>,<function <lambda> at 0x7fa496287b30>
5637,2020-08-22 20:00:00,<function <lambda> at 0x7fa4962879f0>,<function <lambda> at 0x7fa496287a90>,<function <lambda> at 0x7fa496287b30>
5638,2020-08-22 21:00:00,<function <lambda> at 0x7fa4962879f0>,<function <lambda> at 0x7fa496287a90>,<function <lambda> at 0x7fa496287b30>
5639,2020-08-22 22:00:00,<function <lambda> at 0x7fa4962879f0>,<function <lambda> at 0x7fa496287a90>,<function <lambda> at 0x7fa496287b30>
5640,2020-08-22 23:00:00,<function <lambda> at 0x7fa4962879f0>,<function <lambda> at 0x7fa496287a90>,<function <lambda> at 0x7fa496287b30>
5641,2020-08-23 00:00:00,<function <lambda> at 0x7fa4962879f0>,<function <lambda> at 0x7fa496287a90>,<function <lambda> at 0x7fa496287b30>
5642,2020-08-23 01:00:00,<function <lambda> at 0x7fa4962879f0>,<function <lambda> at 0x7fa496287a90>,<function <lambda> at 0x7fa496287b30>
5643,2020-08-23 02:00:00,<function <lambda> at 0x7fa4962879f0>,<function <lambda> at 0x7fa496287a90>,<function <lambda> at 0x7fa496287b30>
5644,2020-08-23 03:00:00,<function <lambda> at 0x7fa4962879f0>,<function <lambda> at 0x7fa496287a90>,<function <lambda> at 0x7fa496287b30>
5645,2020-08-23 04:00:00,<function <lambda> at 0x7fa4962879f0>,<function <lambda> at 0x7fa496287a90>,<function <lambda> at 0x7fa496287b30>
5646,2020-08-23 05:00:00,<function <lambda> at 0x7fa4962879f0>,<function <lambda> at 0x7fa496287a90>,<function <lambda> at 0x7fa496287b30>
5647,2020-08-23 06:00:00,<function <lambda> at 0x7fa4962879f0>,<function <lambda> at 0x7fa496287a90>,<function <lambda> at 0x7fa496287b30>
5648,2020-08-23 07:00:00,<function <lambda> at 0x7fa4962879f0>,<function <lambda> at 0x7fa496287a90>,<function <lambda> at 0x7fa496287b30>
5649,2020-08-23 08:00:00,<function <lambda> at 0x7fa4962879f0>,<function <lambda> at 0x7fa496287a90>,<function <lambda> at 0x7fa496287b30>
5650,2020-08-23 09:00:00,<function <lambda> at 0x7fa4962879f0>,<function <lambda> at 0x7fa496287a90>,<function <lambda> at 0x7fa496287b30>
5651,2020-08-23 10:00:00,<function <lambda> at 0x7fa4962879f0>,<function <lambda> at 0x7fa496287a90>,<function <lambda> at 0x7fa496287b30>
5652,2020-08-23 11:00:00,<function <lambda> at 0x7fa4962879f0>,<function <lambda> at 0x7fa496287a90>,<function <lambda> at 0x7fa496287b30>
5653,2020-08-23 12:00:00,<function <lambda> at 0x7fa4962879f0>,<function <lambda> at 0x7fa496287a90>,<function <lambda> at 0x7fa496287b30>
5654,2020-08-23 13:00:00,<function <lambda> at 0x7fa4962879f0>,<function <lambda> at 0x7fa496287a90>,<function <lambda> at 0x7fa496287b30>
5655,2020-08-23 14:00:00,<function <lambda> at 0x7fa4962879f0>,<function <lambda> at 0x7fa496287a90>,<function <lambda> at 0x7fa496287b30>
5656,2020-08-23 15:00:00,<function <lambda> at 0x7fa4962879f0>,<function <lambda> at 0x7fa496287a90>,<function <lambda> at 0x7fa496287b30>
5657,2020-08-23 16:00:00,<function <lambda> at 0x7fa4962879f0>,<function <lambda> at 0x7fa496287a90>,<function <lambda> at 0x7fa496287b30>
5658,2020-08-23 17:00:00,<function <lambda> at 0x7fa4962879f0>,<function <lambda> at 0x7fa496287a90>,<function <lambda> at 0x7fa496287b30>
5659,2020-08-23 18:00:00,<function <lambda> at 0x7fa4962879f0>,<function <lambda> at 0x7fa496287a90>,<function <lambda> at 0x7fa496287b30>
5660,2020-08-23 19:00:00,<function <lambda> at 0x7fa4962879f0>,<function <lambda> at 0x7fa496287a90>,<function <lambda> at 0x7fa496287b30>
5661,2020-08-23 20:00:00,<function <lambda> at 0x7fa4962879f0>,<function <lambda> at 0x7fa496287a90>,<function <lambda> at 0x7fa496287b30>
5662,2020-08-23 21:00:00,<function <lambda> at 0x7fa4962879f0>,<function <lambda> at 0x7fa496287a90>,<function <lambda> at 0x7fa496287b30>
5663,2020-08-23 22:00:00,<function <lambda> at 0x7fa4962879f0>,<function <lambda> at 0x7fa496287a90>,<function <lambda> at 0x7fa496287b30>
5664,2020-08-23 23:00:00,<function <lambda> at 0x7fa4962879f0>,<function <lambda> at 0x7fa496287a90>,<function <lambda> at 0x7fa496287b30>
5665,2020-08-24 00:00:00,<function <lambda> at 0x7fa4962879f0>,<function <lambda> at 0x7fa496287a90>,<function <lambda> at 0x7fa496287b30>
5666,2020-08-24 01:00:00,<function <lambda> at 0x7fa4962879f0>,<function <lambda> at 0x7fa496287a90>,<function <lambda> at 0x7fa496287b30>
5667,2020-08-24 02:00:00,<function <lambda> at 0x7fa4962879f0>,<function <lambda> at 0x7fa496287a90>,<function <lambda> at 0x7fa496287b30>
5668,2020-08-24 03:00:00,<function <lambda> at 0x7fa4962879f0>,<function <lambda> at 0x7fa496287a90>,<function <lambda> at 0x7fa496287b30>
5669,2020-08-24 04:00:00,<function <lambda> at 0x7fa4962879f0>,<function <lambda> at 0x7fa496287a90>,<function <lambda> at 0x7fa496287b30>
5670,2020-08-24 05:00:00,<function <lambda> at 0x7fa4962879f0>,<function <lambda> at 0x7fa496287a90>,<function <lambda> at 0x7fa496287b30>
5671,2020-08-24 06:00:00,<function <lambda> at 0x7fa4962879f0>,<function <lambda> at 0x7fa496287a90>,<function <lambda> at 0x7fa496287b30>
5672,2020-08-24 07:00:00,<function <lambda> at 0x7fa4962879f0>,<function <lambda> at 0x7fa496287a90>,<function <lambda> at 0x7fa496287b30>
5673,2020-08-24 08:00:00,<function <lambda> at 0x7fa4962879f0>,<function <lambda> at 0x7fa496287a90>,<function <lambda> at 0x7fa496287b30>
5674,2020-08-24 09:00:00,<function <lambda> at 0x7fa4962879f0>,<function <lambda> at 0x7fa496287a90>,<function <lambda> at 0x7fa496287b30>
5675,2020-08-24 10:00:00,<function <lambda> at 0x7fa4962879f0>,<function <lambda> at 0x7fa496287a90>,<function <lambda> at 0x7fa496287b30>
5676,2020-08-24 11:00:00,<function <lambda> at 0x7fa4962879f0>,<function <lambda> at 0x7fa496287a90>,<function <lambda> at 0x7fa496287b30>
5677,2020-08-24 12:00:00,<function <lambda> at 0x7fa4962879f0>,<function <lambda> at 0x7fa496287a90>,<function <lambda> at 0x7fa496287b30>
5678,2020-08-24 13:00:00,<function <lambda> at 0x7fa4962879f0>,<function <lambda> at 0x7fa496287a90>,<function <lambda> at 0x7fa496287b30>
5679,2020-08-24 14:00:00,<function <lambda> at 0x7fa4962879f0>,<function <lambda> at 0x7fa496287a90>,<function <lambda> at 0x7fa496287b30>
5680,2020-08-24 15:00:00,<function <lambda> at 0x7fa4962879f0>,<function <lambda> at 0x7fa496287a90>,<function <lambda> at 0x7fa496287b30>
5681,2020-08-24 16:00:00,<function <lambda> at 0x7fa4962879f0>,<function <lambda> at 0x7fa496287a90>,<function <lambda> at 0x7fa496287b30>
5682,2020-08-24 17:00:00,<function <lambda> at 0x7fa4962879f0>,<function <lambda> at 0x7fa496287a90>,<function <lambda> at 0x7fa496287b30>
5683,2020-08-24 18:00:00,<function <lambda> at 0x7fa4962879f0>,<function <lambda> at 0x7fa496287a90>,<function <lambda> at 0x7fa496287b30>
5684,2020-08-24 19:00:00,<function <lambda> at 0x7fa4962879f0>,<function <lambda> at 0x7fa496287a90>,<function <lambda> at 0x7fa496287b30>
5685,2020-08-24 20:00:00,<function <lambda> at 0x7fa4962879f0>,<function <lambda> at 0x7fa496287a90>,<function <lambda> at 0x7fa496287b30>
5686,2020-08-24 21:00:00,<function <lambda> at 0x7fa4962879f0>,<function <lambda> at 0x7fa496287a90>,<function <lambda> at 0x7fa496287b30>
5687,2020-08-24 22:00:00,<function <lambda> at 0x7fa4962879f0>,<function <lambda> at 0x7fa496287a90>,<function <lambda> at 0x7fa496287b30>
5688,2020-08-24 23:00:00,<function <lambda> at 0x7fa4962879f0>,<function <lambda> at 0x7fa496287a90>,<function <lambda> at 0x7fa496287b30>
5689,2020-08-25 00:00:00,<function <lambda> at 0x7fa4962879f0>,<function <lambda> at 0x7fa496287a90>,<function <lambda> at 0x7fa496287b30>
5690,2020-08-25 01:00:00,<function <lambda> at 0x7fa4962879f0>,<function <lambda> at 0x7fa496287a90>,<function <lambda> at 0x7fa496287b30>
5691,2020-08-25 02:00:00,<function <lambda> at 0x7fa4962879f0>,<function <lambda> at 0x7fa496287a90>,<function <lambda> at 0x7fa496287b30>
5692,2020-08-25 03:00:00,<function <lambda> at 0x7fa4962879f0>,<function <lambda> at 0x7fa496287a90>,<function <lambda> at 0x7fa496287b30>
5693,2020-08-25 04:00:00,<function <lambda> at 0x7fa4962879f0>,<function <lambda> at 0x7fa496287a90>,<function <lambda> at 0x7fa496287b30>
5694,2020-08-25 05:00:00,<function <lambda> at 0x7fa4962879f0>,<function <lambda> at 0x7fa496287a90>,<function <lambda> at 0x7fa496287b30>
5695,2020-08-25 06:00:00,<function <lambda> at 0x7fa4962879f0>,<function <lambda> at 0x7fa496287a90>,<function <lambda> at 0x7fa496287b30>
5696,2020-08-25 07:00:00,<function <lambda> at 0x7fa4962879f0>,<function <lambda> at 0x7fa496287a90>,<function <lambda> at 0x7fa496287b30>
5697,2020-08-25 08:00:00,<function <lambda> at 0x7fa4962879f0>,<function <lambda> at 0x7fa496287a90>,<function <lambda> at 0x7fa496287b30>
5698,2020-08-25 09:00:00,<function <lambda> at 0x7fa4962879f0>,<function <lambda> at 0x7fa496287a90>,<function <lambda> at 0x7fa496287b30>
5699,2020-08-25 10:00:00,<function <lambda> at 0x7fa4962879f0>,<function <lambda> at 0x7fa496287a90>,<function <lambda> at 0x7fa496287b30>
5700,2020-08-25 11:00:00,<function <lambda> at 0x7fa4962879f0>,<function <lambda> at 0x7fa496287a90>,<function <lambda> at 0x7fa496287b30>
5701,2020-08-25 12:00:00,<function <lambda> at 0x7fa4962879f0>,<function <lambda> at 0x7fa496287a90>,<function <lambda> at 0x7fa496287b30>
5702,2020-08-25 13:00:00,<function <lambda> at 0x7fa4962879f0>,<function <lambda> at 0x7fa496287a90>,<function <lambda> at 0x7fa496287b30>
5703,2020-08-25 14:00:00,<function <lambda> at 0x7fa4962879f0>,<function <lambda> at 0x7fa496287a90>,<function <lambda> at 0x7fa496287b30>
5704,2020-08-25 15:00:00,<function <lambda> at 0x7fa4962879f0>,<function <lambda> at 0x7fa496287a90>,<function <lambda> at 0x7fa496287b30>
5705,2020-08-25 16:00:00,<function <lambda> at 0x7fa4962879f0>,<function <lambda> at 0x7fa496287a90>,<function <lambda> at 0x7fa496287b30>
5706,2020-08-25 17:00:00,<function <lambda> at 0x7fa4962879f0>,<function <lambda> at 0x7fa496287a90>,<function <lambda> at 0x7fa496287b30>
5707,2020-08-25 18:00:00,<function <lambda> at 0x7fa4962879f0>,<function <lambda> at 0x7fa496287a90>,<function <lambda> at 0x7fa496287b30>
5708,2020-08-25 19:00:00,<function <lambda> at 0x7fa4962879f0>,<function <lambda> at 0x7fa496287a90>,<function <lambda> at 0x7fa496287b30>
5709,2020-08-25 20:00:00,<function <lambda> at 0x7fa4962879f0>,<function <lambda> at 0x7fa496287a90>,<function <lambda> at 0x7fa496287b30>
5710,2020-08-25 21:00:00,<function <lambda> at 0x7fa4962879f0>,<function <lambda> at 0x7fa496287a90>,<function <lambda> at 0x7fa496287b30>
5711,2020-08-25 22:00:00,<function <lambda> at 0x7fa4962879f0>,<function <lambda> at 0x7fa496287a90>,<function <lambda> at 0x7fa496287b30>
5712,2020-08-25 23:00:00,<function <lambda> at 0x7fa4962879f0>,<function <lambda> at 0x7fa496287a90>,<function <lambda> at 0x7fa496287b30>
5713,2020-08-26 00:00:00,<function <lambda> at 0x7fa4962879f0>,<function <lambda> at 0x7fa496287a90>,<function <lambda> at 0x7fa496287b30>
5714,2020-08-26 01:00:00,<function <lambda> at 0x7fa4962879f0>,<function <lambda> at 0x7fa496287a90>,<function <lambda> at 0x7fa496287b30>
5715,2020-08-26 02:00:00,<function <lambda> at 0x7fa4962879f0>,<function <lambda> at 0x7fa496287a90>,<function <lambda> at 0x7fa496287b30>
5716,2020-08-26 03:00:00,<function <lambda> at 0x7fa4962879f0>,<function <lambda> at 0x7fa496287a90>,<function <lambda> at 0x7fa496287b30>
5717,2020-08-26 04:00:00,<function <lambda> at 0x7fa4962879f0>,<function <lambda> at 0x7fa496287a90>,<function <lambda> at 0x7fa496287b30>
5718,2020-08-26 05:00:00,<function <lambda> at 0x7fa4962879f0>,<function <lambda> at 0x7fa496287a90>,<function <lambda> at 0x7fa496287b30>
5719,2020-08-26 06:00:00,<function <lambda> at 0x7fa4962879f0>,<function <lambda> at 0x7fa496287a90>,<function <lambda> at 0x7fa496287b30>
5720,2020-08-26 07:00:00,<function <lambda> at 0x7fa4962879f0>,<function <lambda> at 0x7fa496287a90>,<function <lambda> at 0x7fa496287b30>
5721,2020-08-26 08:00:00,<function <lambda> at 0x7fa4962879f0>,<function <lambda> at 0x7fa496287a90>,<function <lambda> at 0x7fa496287b30>
5722,2020-08-26 09:00:00,<function <lambda> at 0x7fa4962879f0>,<function <lambda> at 0x7fa496287a90>,<function <lambda> at 0x7fa496287b30>
5723,2020-08-26 10:00:00,<function <lambda> at 0x7fa4962879f0>,<function <lambda> at 0x7fa496287a90>,<function <lambda> at 0x7fa496287b30>
5724,2020-08-26 11:00:00,<function <lambda> at 0x7fa4962879f0>,<function <lambda> at 0x7fa496287a90>,<function <lambda> at 0x7fa496287b30>
5725,2020-08-26 12:00:00,<function <lambda> at 0x7fa4962879f0>,<function <lambda> at 0x7fa496287a90>,<function <lambda> at 0x7fa496287b30>
5726,2020-08-26 13:00:00,<function <lambda> at 0x7fa4962879f0>,<function <lambda> at 0x7fa496287a90>,<function <lambda> at 0x7fa496287b30>
5727,2020-08-26 14:00:00,<function <lambda> at 0x7fa4962879f0>,<function <lambda> at 0x7fa496287a90>,<function <lambda> at 0x7fa496287b30>
5728,2020-08-26 15:00:00,<function <lambda> at 0x7fa4962879f0>,<function <lambda> at 0x7fa496287a90>,<function <lambda> at 0x7fa496287b30>
5729,2020-08-26 16:00:00,<function <lambda> at 0x7fa4962879f0>,<function <lambda> at 0x7fa496287a90>,<function <lambda> at 0x7fa496287b30>
5730,2020-08-26 17:00:00,<function <lambda> at 0x7fa4962879f0>,<function <lambda> at 0x7fa496287a90>,<function <lambda> at 0x7fa496287b30>
5731,2020-08-26 18:00:00,<function <lambda> at 0x7fa4962879f0>,<function <lambda> at 0x7fa496287a90>,<function <lambda> at 0x7fa496287b30>
5732,2020-08-26 19:00:00,<function <lambda> at 0x7fa4962879f0>,<function <lambda> at 0x7fa496287a90>,<function <lambda> at 0x7fa496287b30>
5733,2020-08-26 20:00:00,<function <lambda> at 0x7fa4962879f0>,<function <lambda> at 0x7fa496287a90>,<function <lambda> at 0x7fa496287b30>
5734,2020-08-26 21:00:00,<function <lambda> at 0x7fa4962879f0>,<function <lambda> at 0x7fa496287a90>,<function <lambda> at 0x7fa496287b30>
5735,2020-08-26 22:00:00,<function <lambda> at 0x7fa4962879f0>,<function <lambda> at 0x7fa496287a90>,<function <lambda> at 0x7fa496287b30>
5736,2020-08-26 23:00:00,<function <lambda> at 0x7fa4962879f0>,<function <lambda> at 0x7fa496287a90>,<function <lambda> at 0x7fa496287b30>
5737,2020-08-27 00:00:00,<function <lambda> at 0x7fa4962879f0>,<function <lambda> at 0x7fa496287a90>,<function <lambda> at 0x7fa496287b30>
5738,2020-08-27 01:00:00,<function <lambda> at 0x7fa4962879f0>,<function <lambda> at 0x7fa496287a90>,<function <lambda> at 0x7fa496287b30>
5739,2020-08-27 02:00:00,<function <lambda> at 0x7fa4962879f0>,<function <lambda> at 0x7fa496287a90>,<function <lambda> at 0x7fa496287b30>
5740,2020-08-27 03:00:00,<function <lambda> at 0x7fa4962879f0>,<function <lambda> at 0x7fa496287a90>,<function <lambda> at 0x7fa496287b30>
5741,2020-08-27 04:00:00,<function <lambda> at 0x7fa4962879f0>,<function <lambda> at 0x7fa496287a90>,<function <lambda> at 0x7fa496287b30>
5742,2020-08-27 05:00:00,<function <lambda> at 0x7fa4962879f0>,<function <lambda> at 0x7fa496287a90>,<function <lambda> at 0x7fa496287b30>
5743,2020-08-27 06:00:00,<function <lambda> at 0x7fa4962879f0>,<function <lambda> at 0x7fa496287a90>,<function <lambda> at 0x7fa496287b30>
5744,2020-08-27 07:00:00,<function <lambda> at 0x7fa4962879f0>,<function <lambda> at 0x7fa496287a90>,<function <lambda> at 0x7fa496287b30>
5745,2020-08-27 08:00:00,<function <lambda> at 0x7fa4962879f0>,<function <lambda> at 0x7fa496287a90>,<function <lambda> at 0x7fa496287b30>
5746,2020-08-27 09:00:00,<function <lambda> at 0x7fa4962879f0>,<function <lambda> at 0x7fa496287a90>,<function <lambda> at 0x7fa496287b30>
5747,2020-08-27 10:00:00,<function <lambda> at 0x7fa4962879f0>,<function <lambda> at 0x7fa496287a90>,<function <lambda> at 0x7fa496287b30>
5748,2020-08-27 11:00:00,<function <lambda> at 0x7fa4962879f0>,<function <lambda> at 0x7fa496287a90>,<function <lambda> at 0x7fa496287b30>
5749,2020-08-27 12:00:00,<function <lambda> at 0x7fa4962879f0>,<function <lambda> at 0x7fa496287a90>,<function <lambda> at 0x7fa496287b30>
5750,2020-08-27 13:00:00,<function <lambda> at 0x7fa4962879f0>,<function <lambda> at 0x7fa496287a90>,<function <lambda> at 0x7fa496287b30>
5751,2020-08-27 14:00:00,<function <lambda> at 0x7fa4962879f0>,<function <lambda> at 0x7fa496287a90>,<function <lambda> at 0x7fa496287b30>
5752,2020-08-27 15:00:00,<function <lambda> at 0x7fa4962879f0>,<function <lambda> at 0x7fa496287a90>,<function <lambda> at 0x7fa496287b30>
5753,2020-08-27 16:00:00,<function <lambda> at 0x7fa4962879f0>,<function <lambda> at 0x7fa496287a90>,<function <lambda> at 0x7fa496287b30>
5754,2020-08-27 17:00:00,<function <lambda> at 0x7fa4962879f0>,<function <lambda> at 0x7fa496287a90>,<function <lambda> at 0x7fa496287b30>
5755,2020-08-27 18:00:00,<function <lambda> at 0x7fa4962879f0>,<function <lambda> at 0x7fa496287a90>,<function <lambda> at 0x7fa496287b30>
5756,2020-08-27 19:00:00,<function <lambda> at 0x7fa4962879f0>,<function <lambda> at 0x7fa496287a90>,<function <lambda> at 0x7fa496287b30>
5757,2020-08-27 20:00:00,<function <lambda> at 0x7fa4962879f0>,<function <lambda> at 0x7fa496287a90>,<function <lambda> at 0x7fa496287b30>
5758,2020-08-27 21:00:00,<function <lambda> at 0x7fa4962879f0>,<function <lambda> at 0x7fa496287a90>,<function <lambda> at 0x7fa496287b30>
5759,2020-08-27 22:00:00,<function <lambda> at 0x7fa4962879f0>,<function <lambda> at 0x7fa496287a90>,<function <lambda> at 0x7fa496287b30>
5760,2020-08-27 23:00:00,<function <lambda> at 0x7fa4962879f0>,<function <lambda> at 0x7fa496287a90>,<function <lambda> at 0x7fa496287b30>
5761,2020-08-28 00:00:00,<function <lambda> at 0x7fa4962879f0>,<function <lambda> at 0x7fa496287a90>,<function <lambda> at 0x7fa496287b30>
5762,2020-08-28 01:00:00,<function <lambda> at 0x7fa4962879f0>,<function <lambda> at 0x7fa496287a90>,<function <lambda> at 0x7fa496287b30>
5763,2020-08-28 02:00:00,<function <lambda> at 0x7fa4962879f0>,<function <lambda> at 0x7fa496287a90>,<function <lambda> at 0x7fa496287b30>
5764,2020-08-28 03:00:00,<function <lambda> at 0x7fa4962879f0>,<function <lambda> at 0x7fa496287a90>,<function <lambda> at 0x7fa496287b30>
5765,2020-08-28 04:00:00,<function <lambda> at 0x7fa4962879f0>,<function <lambda> at 0x7fa496287a90>,<function <lambda> at 0x7fa496287b30>
5766,2020-08-28 05:00:00,<function <lambda> at 0x7fa4962879f0>,<function <lambda> at 0x7fa496287a90>,<function <lambda> at 0x7fa496287b30>
5767,2020-08-28 06:00:00,<function <lambda> at 0x7fa4962879f0>,<function <lambda> at 0x7fa496287a90>,<function <lambda> at 0x7fa496287b30>
5768,2020-08-28 07:00:00,<function <lambda> at 0x7fa4962879f0>,<function <lambda> at 0x7fa496287a90>,<function <lambda> at 0x7fa496287b30>
5769,2020-08-28 08:00:00,<function <lambda> at 0x7fa4962879f0>,<function <lambda> at 0x7fa496287a90>,<function <lambda> at 0x7fa496287b30>
5770,2020-08-28 09:00:00,<function <lambda> at 0x7fa4962879f0>,<function <lambda> at 0x7fa496287a90>,<function <lambda> at 0x7fa496287b30>
5771,2020-08-28 10:00:00,<function <lambda> at 0x7fa4962879f0>,<function <lambda> at 0x7fa496287a90>,<function <lambda> at 0x7fa496287b30>
5772,2020-08-28 11:00:00,<function <lambda> at 0x7fa4962879f0>,<function <lambda> at 0x7fa496287a90>,<function <lambda> at 0x7fa496287b30>
5773,2020-08-28 12:00:00,<function <lambda> at 0x7fa4962879f0>,<function <lambda> at 0x7fa496287a90>,<function <lambda> at 0x7fa496287b30>
5774,2020-08-28 13:00:00,<function <lambda> at 0x7fa4962879f0>,<function <lambda> at 0x7fa496287a90>,<function <lambda> at 0x7fa496287b30>
5775,2020-08-28 14:00:00,<function <lambda> at 0x7fa4962879f0>,<function <lambda> at 0x7fa496287a90>,<function <lambda> at 0x7fa496287b30>
5776,2020-08-28 15:00:00,<function <lambda> at 0x7fa4962879f0>,<function <lambda> at 0x7fa496287a90>,<function <lambda> at 0x7fa496287b30>
5777,2020-08-28 16:00:00,<function <lambda> at 0x7fa4962879f0>,<function <lambda> at 0x7fa496287a90>,<function <lambda> at 0x7fa496287b30>
5778,2020-08-28 17:00:00,<function <lambda> at 0x7fa4962879f0>,<function <lambda> at 0x7fa496287a90>,<function <lambda> at 0x7fa496287b30>
5779,2020-08-28 18:00:00,<function <lambda> at 0x7fa4962879f0>,<function <lambda> at 0x7fa496287a90>,<function <lambda> at 0x7fa496287b30>
5780,2020-08-28 19:00:00,<function <lambda> at 0x7fa4962879f0>,<function <lambda> at 0x7fa496287a90>,<function <lambda> at 0x7fa496287b30>
5781,2020-08-28 20:00:00,<function <lambda> at 0x7fa4962879f0>,<function <lambda> at 0x7fa496287a90>,<function <lambda> at 0x7fa496287b30>
5782,2020-08-28 21:00:00,<function <lambda> at 0x7fa4962879f0>,<function <lambda> at 0x7fa496287a90>,<function <lambda> at 0x7fa496287b30>
5783,2020-08-28 22:00:00,<function <lambda> at 0x7fa4962879f0>,<function <lambda> at 0x7fa496287a90>,<function <lambda> at 0x7fa496287b30>
5784,2020-08-28 23:00:00,<function <lambda> at 0x7fa4962879f0>,<function <lambda> at 0x7fa496287a90>,<function <lambda> at 0x7fa496287b30>
5785,2020-08-29 00:00:00,<function <lambda> at 0x7fa4962879f0>,<function <lambda> at 0x7fa496287a90>,<function <lambda> at 0x7fa496287b30>
5786,2020-08-29 01:00:00,<function <lambda> at 0x7fa4962879f0>,<function <lambda> at 0x7fa496287a90>,<function <lambda> at 0x7fa496287b30>
5787,2020-08-29 02:00:00,<function <lambda> at 0x7fa4962879f0>,<function <lambda> at 0x7fa496287a90>,<function <lambda> at 0x7fa496287b30>
5788,2020-08-29 03:00:00,<function <lambda> at 0x7fa4962879f0>,<function <lambda> at 0x7fa496287a90>,<function <lambda> at 0x7fa496287b30>
5789,2020-08-29 04:00:00,<function <lambda> at 0x7fa4962879f0>,<function <lambda> at 0x7fa496287a90>,<function <lambda> at 0x7fa496287b30>
5790,2020-08-29 05:00:00,<function <lambda> at 0x7fa4962879f0>,<function <lambda> at 0x7fa496287a90>,<function <lambda> at 0x7fa496287b30>
5791,2020-08-29 06:00:00,<function <lambda> at 0x7fa4962879f0>,<function <lambda> at 0x7fa496287a90>,<function <lambda> at 0x7fa496287b30>
5792,2020-08-29 07:00:00,<function <lambda> at 0x7fa4962879f0>,<function <lambda> at 0x7fa496287a90>,<function <lambda> at 0x7fa496287b30>
5793,2020-08-29 08:00:00,<function <lambda> at 0x7fa4962879f0>,<function <lambda> at 0x7fa496287a90>,<function <lambda> at 0x7fa496287b30>
5794,2020-08-29 09:00:00,<function <lambda> at 0x7fa4962879f0>,<function <lambda> at 0x7fa496287a90>,<function <lambda> at 0x7fa496287b30>
5795,2020-08-29 10:00:00,<function <lambda> at 0x7fa4962879f0>,<function <lambda> at 0x7fa496287a90>,<function <lambda> at 0x7fa496287b30>
5796,2020-08-29 11:00:00,<function <lambda> at 0x7fa4962879f0>,<function <lambda> at 0x7fa496287a90>,<function <lambda> at 0x7fa496287b30>
5797,2020-08-29 12:00:00,<function <lambda> at 0x7fa4962879f0>,<function <lambda> at 0x7fa496287a90>,<function <lambda> at 0x7fa496287b30>
5798,2020-08-29 13:00:00,<function <lambda> at 0x7fa4962879f0>,<function <lambda> at 0x7fa496287a90>,<function <lambda> at 0x7fa496287b30>
5799,2020-08-29 14:00:00,<function <lambda> at 0x7fa4962879f0>,<function <lambda> at 0x7fa496287a90>,<function <lambda> at 0x7fa496287b30>
5800,2020-08-29 15:00:00,<function <lambda> at 0x7fa4962879f0>,<function <lambda> at 0x7fa496287a90>,<function <lambda> at 0x7fa496287b30>
5801,2020-08-29 16:00:00,<function <lambda> at 0x7fa4962879f0>,<function <lambda> at 0x7fa496287a90>,<function <lambda> at 0x7fa496287b30>
5802,2020-08-29 17:00:00,<function <lambda> at 0x7fa4962879f0>,<function <lambda> at 0x7fa496287a90>,<function <lambda> at 0x7fa496287b30>
5803,2020-08-29 18:00:00,<function <lambda> at 0x7fa4962879f0>,<function <lambda> at 0x7fa496287a90>,<function <lambda> at 0x7fa496287b30>
5804,2020-08-29 19:00:00,<function <lambda> at 0x7fa4962879f0>,<function <lambda> at 0x7fa496287a90>,<function <lambda> at 0x7fa496287b30>
5805,2020-08-29 20:00:00,<function <lambda> at 0x7fa4962879f0>,<function <lambda> at 0x7fa496287a90>,<function <lambda> at 0x7fa496287b30>
5806,2020-08-29 21:00:00,<function <lambda> at 0x7fa4962879f0>,<function <lambda> at 0x7fa496287a90>,<function <lambda> at 0x7fa496287b30>
5807,2020-08-29 22:00:00,<function <lambda> at 0x7fa4962879f0>,<function <lambda> at 0x7fa496287a90>,<function <lambda> at 0x7fa496287b30>
5808,2020-08-29 23:00:00,<function <lambda> at 0x7fa4962879f0>,<function <lambda> at 0x7fa496287a90>,<function <lambda> at 0x7fa496287b30>
5809,2020-08-30 00:00:00,<function <lambda> at 0x7fa4962879f0>,<function <lambda> at 0x7fa496287a90>,<function <lambda> at 0x7fa496287b30>
5810,2020-08-30 01:00:00,<function <lambda> at 0x7fa4962879f0>,<function <lambda> at 0x7fa496287a90>,<function <lambda> at 0x7fa496287b30>
5811,2020-08-30 02:00:00,<function <lambda> at 0x7fa4962879f0>,<function <lambda> at 0x7fa496287a90>,<function <lambda> at 0x7fa496287b30>
5812,2020-08-30 03:00:00,<function <lambda> at 0x7fa4962879f0>,<function <lambda> at 0x7fa496287a90>,<function <lambda> at 0x7fa496287b30>
5813,2020-08-30 04:00:00,<function <lambda> at 0x7fa4962879f0>,<function <lambda> at 0x7fa496287a90>,<function <lambda> at 0x7fa496287b30>
5814,2020-08-30 05:00:00,<function <lambda> at 0x7fa4962879f0>,<function <lambda> at 0x7fa496287a90>,<function <lambda> at 0x7fa496287b30>
5815,2020-08-30 06:00:00,<function <lambda> at 0x7fa4962879f0>,<function <lambda> at 0x7fa496287a90>,<function <lambda> at 0x7fa496287b30>
5816,2020-08-30 07:00:00,<function <lambda> at 0x7fa4962879f0>,<function <lambda> at 0x7fa496287a90>,<function <lambda> at 0x7fa496287b30>
5817,2020-08-30 08:00:00,<function <lambda> at 0x7fa4962879f0>,<function <lambda> at 0x7fa496287a90>,<function <lambda> at 0x7fa496287b30>
5818,2020-08-30 09:00:00,<function <lambda> at 0x7fa4962879f0>,<function <lambda> at 0x7fa496287a90>,<function <lambda> at 0x7fa496287b30>
5819,2020-08-30 10:00:00,<function <lambda> at 0x7fa4962879f0>,<function <lambda> at 0x7fa496287a90>,<function <lambda> at 0x7fa496287b30>
5820,2020-08-30 11:00:00,<function <lambda> at 0x7fa4962879f0>,<function <lambda> at 0x7fa496287a90>,<function <lambda> at 0x7fa496287b30>
5821,2020-08-30 12:00:00,<function <lambda> at 0x7fa4962879f0>,<function <lambda> at 0x7fa496287a90>,<function <lambda> at 0x7fa496287b30>
5822,2020-08-30 13:00:00,<function <lambda> at 0x7fa4962879f0>,<function <lambda> at 0x7fa496287a90>,<function <lambda> at 0x7fa496287b30>
5823,2020-08-30 14:00:00,<function <lambda> at 0x7fa4962879f0>,<function <lambda> at 0x7fa496287a90>,<function <lambda> at 0x7fa496287b30>
5824,2020-08-30 15:00:00,<function <lambda> at 0x7fa4962879f0>,<function <lambda> at 0x7fa496287a90>,<function <lambda> at 0x7fa496287b30>
5825,2020-08-30 16:00:00,<function <lambda> at 0x7fa4962879f0>,<function <lambda> at 0x7fa496287a90>,<function <lambda> at 0x7fa496287b30>
5826,2020-08-30 17:00:00,<function <lambda> at 0x7fa4962879f0>,<function <lambda> at 0x7fa496287a90>,<function <lambda> at 0x7fa496287b30>
5827,2020-08-30 18:00:00,<function <lambda> at 0x7fa4962879f0>,<function <lambda> at 0x7fa496287a90>,<function <lambda> at 0x7fa496287b30>
5828,2020-08-30 19:00:00,<function <lambda> at 0x7fa4962879f0>,<function <lambda> at 0x7fa496287a90>,<function <lambda> at 0x7fa496287b30>
5829,2020-08-30 20:00:00,<function <lambda> at 0x7fa4962879f0>,<function <lambda> at 0x7fa496287a90>,<function <lambda> at 0x7fa496287b30>
5830,2020-08-30 21:00:00,<function <lambda> at 0x7fa4962879f0>,<function <lambda> at 0x7fa496287a90>,<function <lambda> at 0x7fa496287b30>
5831,2020-08-30 22:00:00,<function <lambda> at 0x7fa4962879f0>,<function <lambda> at 0x7fa496287a90>,<function <lambda> at 0x7fa496287b30>
5832,2020-08-30 23:00:00,<function <lambda> at 0x7fa4962879f0>,<function <lambda> at 0x7fa496287a90>,<function <lambda> at 0x7fa496287b30>
5833,2020-08-31 00:00:00,<function <lambda> at 0x7fa4962879f0>,<function <lambda> at 0x7fa496287a90>,<function <lambda> at 0x7fa496287b30>
5834,2020-08-31 01:00:00,<function <lambda> at 0x7fa4962879f0>,<function <lambda> at 0x7fa496287a90>,<function <lambda> at 0x7fa496287b30>
5835,2020-08-31 02:00:00,<function <lambda> at 0x7fa4962879f0>,<function <lambda> at 0x7fa496287a90>,<function <lambda> at 0x7fa496287b30>
5836,2020-08-31 03:00:00,<function <lambda> at 0x7fa4962879f0>,<function <lambda> at 0x7fa496287a90>,<function <lambda> at 0x7fa496287b30>
5837,2020-08-31 04:00:00,<function <lambda> at 0x7fa4962879f0>,<function <lambda> at 0x7fa496287a90>,<function <lambda> at 0x7fa496287b30>
5838,2020-08-31 05:00:00,<function <lambda> at 0x7fa4962879f0>,<function <lambda> at 0x7fa496287a90>,<function <lambda> at 0x7fa496287b30>
5839,2020-08-31 06:00:00,<function <lambda> at 0x7fa4962879f0>,<function <lambda> at 0x7fa496287a90>,<function <lambda> at 0x7fa496287b30>
5840,2020-08-31 07:00:00,<function <lambda> at 0x7fa4962879f0>,<function <lambda> at 0x7fa496287a90>,<function <lambda> at 0x7fa496287b30>
5841,2020-08-31 08:00:00,<function <lambda> at 0x7fa4962879f0>,<function <lambda> at 0x7fa496287a90>,<function <lambda> at 0x7fa496287b30>
5842,2020-08-31 09:00:00,<function <lambda> at 0x7fa4962879f0>,<function <lambda> at 0x7fa496287a90>,<function <lambda> at 0x7fa496287b30>
5843,2020-08-31 10:00:00,<function <lambda> at 0x7fa4962879f0>,<function <lambda> at 0x7fa496287a90>,<function <lambda> at 0x7fa496287b30>
5844,2020-08-31 11:00:00,<function <lambda> at 0x7fa4962879f0>,<function <lambda> at 0x7fa496287a90>,<function <lambda> at 0x7fa496287b30>
5845,2020-08-31 12:00:00,<function <lambda> at 0x7fa4962879f0>,<function <lambda> at 0x7fa496287a90>,<function <lambda> at 0x7fa496287b30>
5846,2020-08-31 13:00:00,<function <lambda> at 0x7fa4962879f0>,<function <lambda> at 0x7fa496287a90>,<function <lambda> at 0x7fa496287b30>
5847,2020-08-31 14:00:00,<function <lambda> at 0x7fa4962879f0>,<function <lambda> at 0x7fa496287a90>,<function <lambda> at 0x7fa496287b30>
5848,2020-08-31 15:00:00,<function <lambda> at 0x7fa4962879f0>,<function <lambda> at 0x7fa496287a90>,<function <lambda> at 0x7fa496287b30>
5849,2020-08-31 16:00:00,<function <lambda> at 0x7fa4962879f0>,<function <lambda> at 0x7fa496287a90>,<function <lambda> at 0x7fa496287b30>
5850,2020-08-31 17:00:00,<function <lambda> at 0x7fa4962879f0>,<function <lambda> at 0x7fa496287a90>,<function <lambda> at 0x7fa496287b30>
5851,2020-08-31 18:00:00,<function <lambda> at 0x7fa4962879f0>,<function <lambda> at 0x7fa496287a90>,<function <lambda> at 0x7fa496287b30>
5852,2020-08-31 19:00:00,<function <lambda> at 0x7fa4962879f0>,<function <lambda> at 0x7fa496287a90>,<function <lambda> at 0x7fa496287b30>
5853,2020-08-31 20:00:00,<function <lambda> at 0x7fa4962879f0>,<function <lambda> at 0x7fa496287a90>,<function <lambda> at 0x7fa496287b30>
5854,2020-08-31 21:00:00,<function <lambda> at 0x7fa4962879f0>,<function <lambda> at 0x7fa496287a90>,<function <lambda> at 0x7fa496287b30>
5855,2020-08-31 22:00:00,<function <lambda> at 0x7fa4962879f0>,<function <lambda> at 0x7fa496287a90>,<function <lambda> at 0x7fa496287b30>
5856,2020-08-31 23:00:00,<function <lambda> at 0x7fa4962879f0>,<function <lambda> at 0x7fa496287a90>,<function <lambda> at 0x7fa496287b30>
5857,2020-09-01 00:00:00,<function <lambda> at 0x7fa4962879f0>,<function <lambda> at 0x7fa496287a90>,<function <lambda> at 0x7fa496287b30>
5858,2020-09-01 01:00:00,<function <lambda> at 0x7fa4962879f0>,<function <lambda> at 0x7fa496287a90>,<function <lambda> at 0x7fa496287b30>
5859,2020-09-01 02:00:00,<function <lambda> at 0x7fa4962879f0>,<function <lambda> at 0x7fa496287a90>,<function <lambda> at 0x7fa496287b30>
5860,2020-09-01 03:00:00,<function <lambda> at 0x7fa4962879f0>,<function <lambda> at 0x7fa496287a90>,<function <lambda> at 0x7fa496287b30>
5861,2020-09-01 04:00:00,<function <lambda> at 0x7fa4962879f0>,<function <lambda> at 0x7fa496287a90>,<function <lambda> at 0x7fa496287b30>
5862,2020-09-01 05:00:00,<function <lambda> at 0x7fa4962879f0>,<function <lambda> at 0x7fa496287a90>,<function <lambda> at 0x7fa496287b30>
5863,2020-09-01 06:00:00,<function <lambda> at 0x7fa4962879f0>,<function <lambda> at 0x7fa496287a90>,<function <lambda> at 0x7fa496287b30>
5864,2020-09-01 07:00:00,<function <lambda> at 0x7fa4962879f0>,<function <lambda> at 0x7fa496287a90>,<function <lambda> at 0x7fa496287b30>
5865,2020-09-01 08:00:00,<function <lambda> at 0x7fa4962879f0>,<function <lambda> at 0x7fa496287a90>,<function <lambda> at 0x7fa496287b30>
5866,2020-09-01 09:00:00,<function <lambda> at 0x7fa4962879f0>,<function <lambda> at 0x7fa496287a90>,<function <lambda> at 0x7fa496287b30>
5867,2020-09-01 10:00:00,<function <lambda> at 0x7fa4962879f0>,<function <lambda> at 0x7fa496287a90>,<function <lambda> at 0x7fa496287b30>
5868,2020-09-01 11:00:00,<function <lambda> at 0x7fa4962879f0>,<function <lambda> at 0x7fa496287a90>,<function <lambda> at 0x7fa496287b30>
5869,2020-09-01 12:00:00,<function <lambda> at 0x7fa4962879f0>,<function <lambda> at 0x7fa496287a90>,<function <lambda> at 0x7fa496287b30>
5870,2020-09-01 13:00:00,<function <lambda> at 0x7fa4962879f0>,<function <lambda> at 0x7fa496287a90>,<function <lambda> at 0x7fa496287b30>
5871,2020-09-01 14:00:00,<function <lambda> at 0x7fa4962879f0>,<function <lambda> at 0x7fa496287a90>,<function <lambda> at 0x7fa496287b30>
5872,2020-09-01 15:00:00,<function <lambda> at 0x7fa4962879f0>,<function <lambda> at 0x7fa496287a90>,<function <lambda> at 0x7fa496287b30>
5873,2020-09-01 16:00:00,<function <lambda> at 0x7fa4962879f0>,<function <lambda> at 0x7fa496287a90>,<function <lambda> at 0x7fa496287b30>
5874,2020-09-01 17:00:00,<function <lambda> at 0x7fa4962879f0>,<function <lambda> at 0x7fa496287a90>,<function <lambda> at 0x7fa496287b30>
5875,2020-09-01 18:00:00,<function <lambda> at 0x7fa4962879f0>,<function <lambda> at 0x7fa496287a90>,<function <lambda> at 0x7fa496287b30>
5876,2020-09-01 19:00:00,<function <lambda> at 0x7fa4962879f0>,<function <lambda> at 0x7fa496287a90>,<function <lambda> at 0x7fa496287b30>
5877,2020-09-01 20:00:00,<function <lambda> at 0x7fa4962879f0>,<function <lambda> at 0x7fa496287a90>,<function <lambda> at 0x7fa496287b30>
5878,2020-09-01 21:00:00,<function <lambda> at 0x7fa4962879f0>,<function <lambda> at 0x7fa496287a90>,<function <lambda> at 0x7fa496287b30>
5879,2020-09-01 22:00:00,<function <lambda> at 0x7fa4962879f0>,<function <lambda> at 0x7fa496287a90>,<function <lambda> at 0x7fa496287b30>
5880,2020-09-01 23:00:00,<function <lambda> at 0x7fa4962879f0>,<function <lambda> at 0x7fa496287a90>,<function <lambda> at 0x7fa496287b30>
5881,2020-09-02 00:00:00,<function <lambda> at 0x7fa4962879f0>,<function <lambda> at 0x7fa496287a90>,<function <lambda> at 0x7fa496287b30>
5882,2020-09-02 01:00:00,<function <lambda> at 0x7fa4962879f0>,<function <lambda> at 0x7fa496287a90>,<function <lambda> at 0x7fa496287b30>
5883,2020-09-02 02:00:00,<function <lambda> at 0x7fa4962879f0>,<function <lambda> at 0x7fa496287a90>,<function <lambda> at 0x7fa496287b30>
5884,2020-09-02 03:00:00,<function <lambda> at 0x7fa4962879f0>,<function <lambda> at 0x7fa496287a90>,<function <lambda> at 0x7fa496287b30>
5885,2020-09-02 04:00:00,<function <lambda> at 0x7fa4962879f0>,<function <lambda> at 0x7fa496287a90>,<function <lambda> at 0x7fa496287b30>
5886,2020-09-02 05:00:00,<function <lambda> at 0x7fa4962879f0>,<function <lambda> at 0x7fa496287a90>,<function <lambda> at 0x7fa496287b30>
5887,2020-09-02 06:00:00,<function <lambda> at 0x7fa4962879f0>,<function <lambda> at 0x7fa496287a90>,<function <lambda> at 0x7fa496287b30>
5888,2020-09-02 07:00:00,<function <lambda> at 0x7fa4962879f0>,<function <lambda> at 0x7fa496287a90>,<function <lambda> at 0x7fa496287b30>
5889,2020-09-02 08:00:00,<function <lambda> at 0x7fa4962879f0>,<function <lambda> at 0x7fa496287a90>,<function <lambda> at 0x7fa496287b30>
5890,2020-09-02 09:00:00,<function <lambda> at 0x7fa4962879f0>,<function <lambda> at 0x7fa496287a90>,<function <lambda> at 0x7fa496287b30>
5891,2020-09-02 10:00:00,<function <lambda> at 0x7fa4962879f0>,<function <lambda> at 0x7fa496287a90>,<function <lambda> at 0x7fa496287b30>
5892,2020-09-02 11:00:00,<function <lambda> at 0x7fa4962879f0>,<function <lambda> at 0x7fa496287a90>,<function <lambda> at 0x7fa496287b30>
5893,2020-09-02 12:00:00,<function <lambda> at 0x7fa4962879f0>,<function <lambda> at 0x7fa496287a90>,<function <lambda> at 0x7fa496287b30>
5894,2020-09-02 13:00:00,<function <lambda> at 0x7fa4962879f0>,<function <lambda> at 0x7fa496287a90>,<function <lambda> at 0x7fa496287b30>
5895,2020-09-02 14:00:00,<function <lambda> at 0x7fa4962879f0>,<function <lambda> at 0x7fa496287a90>,<function <lambda> at 0x7fa496287b30>
5896,2020-09-02 15:00:00,<function <lambda> at 0x7fa4962879f0>,<function <lambda> at 0x7fa496287a90>,<function <lambda> at 0x7fa496287b30>
5897,2020-09-02 16:00:00,<function <lambda> at 0x7fa4962879f0>,<function <lambda> at 0x7fa496287a90>,<function <lambda> at 0x7fa496287b30>
5898,2020-09-02 17:00:00,<function <lambda> at 0x7fa4962879f0>,<function <lambda> at 0x7fa496287a90>,<function <lambda> at 0x7fa496287b30>
5899,2020-09-02 18:00:00,<function <lambda> at 0x7fa4962879f0>,<function <lambda> at 0x7fa496287a90>,<function <lambda> at 0x7fa496287b30>
5900,2020-09-02 19:00:00,<function <lambda> at 0x7fa4962879f0>,<function <lambda> at 0x7fa496287a90>,<function <lambda> at 0x7fa496287b30>
5901,2020-09-02 20:00:00,<function <lambda> at 0x7fa4962879f0>,<function <lambda> at 0x7fa496287a90>,<function <lambda> at 0x7fa496287b30>
5902,2020-09-02 21:00:00,<function <lambda> at 0x7fa4962879f0>,<function <lambda> at 0x7fa496287a90>,<function <lambda> at 0x7fa496287b30>
5903,2020-09-02 22:00:00,<function <lambda> at 0x7fa4962879f0>,<function <lambda> at 0x7fa496287a90>,<function <lambda> at 0x7fa496287b30>
5904,2020-09-02 23:00:00,<function <lambda> at 0x7fa4962879f0>,<function <lambda> at 0x7fa496287a90>,<function <lambda> at 0x7fa496287b30>
5905,2020-09-03 00:00:00,<function <lambda> at 0x7fa4962879f0>,<function <lambda> at 0x7fa496287a90>,<function <lambda> at 0x7fa496287b30>
5906,2020-09-03 01:00:00,<function <lambda> at 0x7fa4962879f0>,<function <lambda> at 0x7fa496287a90>,<function <lambda> at 0x7fa496287b30>
5907,2020-09-03 02:00:00,<function <lambda> at 0x7fa4962879f0>,<function <lambda> at 0x7fa496287a90>,<function <lambda> at 0x7fa496287b30>
5908,2020-09-03 03:00:00,<function <lambda> at 0x7fa4962879f0>,<function <lambda> at 0x7fa496287a90>,<function <lambda> at 0x7fa496287b30>
5909,2020-09-03 04:00:00,<function <lambda> at 0x7fa4962879f0>,<function <lambda> at 0x7fa496287a90>,<function <lambda> at 0x7fa496287b30>
5910,2020-09-03 05:00:00,<function <lambda> at 0x7fa4962879f0>,<function <lambda> at 0x7fa496287a90>,<function <lambda> at 0x7fa496287b30>
5911,2020-09-03 06:00:00,<function <lambda> at 0x7fa4962879f0>,<function <lambda> at 0x7fa496287a90>,<function <lambda> at 0x7fa496287b30>
5912,2020-09-03 07:00:00,<function <lambda> at 0x7fa4962879f0>,<function <lambda> at 0x7fa496287a90>,<function <lambda> at 0x7fa496287b30>
5913,2020-09-03 08:00:00,<function <lambda> at 0x7fa4962879f0>,<function <lambda> at 0x7fa496287a90>,<function <lambda> at 0x7fa496287b30>
5914,2020-09-03 09:00:00,<function <lambda> at 0x7fa4962879f0>,<function <lambda> at 0x7fa496287a90>,<function <lambda> at 0x7fa496287b30>
5915,2020-09-03 10:00:00,<function <lambda> at 0x7fa4962879f0>,<function <lambda> at 0x7fa496287a90>,<function <lambda> at 0x7fa496287b30>
5916,2020-09-03 11:00:00,<function <lambda> at 0x7fa4962879f0>,<function <lambda> at 0x7fa496287a90>,<function <lambda> at 0x7fa496287b30>
5917,2020-09-03 12:00:00,<function <lambda> at 0x7fa4962879f0>,<function <lambda> at 0x7fa496287a90>,<function <lambda> at 0x7fa496287b30>
5918,2020-09-03 13:00:00,<function <lambda> at 0x7fa4962879f0>,<function <lambda> at 0x7fa496287a90>,<function <lambda> at 0x7fa496287b30>
5919,2020-09-03 14:00:00,<function <lambda> at 0x7fa4962879f0>,<function <lambda> at 0x7fa496287a90>,<function <lambda> at 0x7fa496287b30>
5920,2020-09-03 15:00:00,<function <lambda> at 0x7fa4962879f0>,<function <lambda> at 0x7fa496287a90>,<function <lambda> at 0x7fa496287b30>
5921,2020-09-03 16:00:00,<function <lambda> at 0x7fa4962879f0>,<function <lambda> at 0x7fa496287a90>,<function <lambda> at 0x7fa496287b30>
5922,2020-09-03 17:00:00,<function <lambda> at 0x7fa4962879f0>,<function <lambda> at 0x7fa496287a90>,<function <lambda> at 0x7fa496287b30>
5923,2020-09-03 18:00:00,<function <lambda> at 0x7fa4962879f0>,<function <lambda> at 0x7fa496287a90>,<function <lambda> at 0x7fa496287b30>
5924,2020-09-03 19:00:00,<function <lambda> at 0x7fa4962879f0>,<function <lambda> at 0x7fa496287a90>,<function <lambda> at 0x7fa496287b30>
5925,2020-09-03 20:00:00,<function <lambda> at 0x7fa4962879f0>,<function <lambda> at 0x7fa496287a90>,<function <lambda> at 0x7fa496287b30>
5926,2020-09-03 21:00:00,<function <lambda> at 0x7fa4962879f0>,<function <lambda> at 0x7fa496287a90>,<function <lambda> at 0x7fa496287b30>
5927,2020-09-03 22:00:00,<function <lambda> at 0x7fa4962879f0>,<function <lambda> at 0x7fa496287a90>,<function <lambda> at 0x7fa496287b30>
5928,2020-09-03 23:00:00,<function <lambda> at 0x7fa4962879f0>,<function <lambda> at 0x7fa496287a90>,<function <lambda> at 0x7fa496287b30>
5929,2020-09-04 00:00:00,<function <lambda> at 0x7fa4962879f0>,<function <lambda> at 0x7fa496287a90>,<function <lambda> at 0x7fa496287b30>
5930,2020-09-04 01:00:00,<function <lambda> at 0x7fa4962879f0>,<function <lambda> at 0x7fa496287a90>,<function <lambda> at 0x7fa496287b30>
5931,2020-09-04 02:00:00,<function <lambda> at 0x7fa4962879f0>,<function <lambda> at 0x7fa496287a90>,<function <lambda> at 0x7fa496287b30>
5932,2020-09-04 03:00:00,<function <lambda> at 0x7fa4962879f0>,<function <lambda> at 0x7fa496287a90>,<function <lambda> at 0x7fa496287b30>
5933,2020-09-04 04:00:00,<function <lambda> at 0x7fa4962879f0>,<function <lambda> at 0x7fa496287a90>,<function <lambda> at 0x7fa496287b30>
5934,2020-09-04 05:00:00,<function <lambda> at 0x7fa4962879f0>,<function <lambda> at 0x7fa496287a90>,<function <lambda> at 0x7fa496287b30>
5935,2020-09-04 06:00:00,<function <lambda> at 0x7fa4962879f0>,<function <lambda> at 0x7fa496287a90>,<function <lambda> at 0x7fa496287b30>
5936,2020-09-04 07:00:00,<function <lambda> at 0x7fa4962879f0>,<function <lambda> at 0x7fa496287a90>,<function <lambda> at 0x7fa496287b30>
5937,2020-09-04 08:00:00,<function <lambda> at 0x7fa4962879f0>,<function <lambda> at 0x7fa496287a90>,<function <lambda> at 0x7fa496287b30>
5938,2020-09-04 09:00:00,<function <lambda> at 0x7fa4962879f0>,<function <lambda> at 0x7fa496287a90>,<function <lambda> at 0x7fa496287b30>
5939,2020-09-04 10:00:00,<function <lambda> at 0x7fa4962879f0>,<function <lambda> at 0x7fa496287a90>,<function <lambda> at 0x7fa496287b30>
5940,2020-09-04 11:00:00,<function <lambda> at 0x7fa4962879f0>,<function <lambda> at 0x7fa496287a90>,<function <lambda> at 0x7fa496287b30>
5941,2020-09-04 12:00:00,<function <lambda> at 0x7fa4962879f0>,<function <lambda> at 0x7fa496287a90>,<function <lambda> at 0x7fa496287b30>
5942,2020-09-04 13:00:00,<function <lambda> at 0x7fa4962879f0>,<function <lambda> at 0x7fa496287a90>,<function <lambda> at 0x7fa496287b30>
5943,2020-09-04 14:00:00,<function <lambda> at 0x7fa4962879f0>,<function <lambda> at 0x7fa496287a90>,<function <lambda> at 0x7fa496287b30>
5944,2020-09-04 15:00:00,<function <lambda> at 0x7fa4962879f0>,<function <lambda> at 0x7fa496287a90>,<function <lambda> at 0x7fa496287b30>
5945,2020-09-04 16:00:00,<function <lambda> at 0x7fa4962879f0>,<function <lambda> at 0x7fa496287a90>,<function <lambda> at 0x7fa496287b30>
5946,2020-09-04 17:00:00,<function <lambda> at 0x7fa4962879f0>,<function <lambda> at 0x7fa496287a90>,<function <lambda> at 0x7fa496287b30>
5947,2020-09-04 18:00:00,<function <lambda> at 0x7fa4962879f0>,<function <lambda> at 0x7fa496287a90>,<function <lambda> at 0x7fa496287b30>
5948,2020-09-04 19:00:00,<function <lambda> at 0x7fa4962879f0>,<function <lambda> at 0x7fa496287a90>,<function <lambda> at 0x7fa496287b30>
5949,2020-09-04 20:00:00,<function <lambda> at 0x7fa4962879f0>,<function <lambda> at 0x7fa496287a90>,<function <lambda> at 0x7fa496287b30>
5950,2020-09-04 21:00:00,<function <lambda> at 0x7fa4962879f0>,<function <lambda> at 0x7fa496287a90>,<function <lambda> at 0x7fa496287b30>
5951,2020-09-04 22:00:00,<function <lambda> at 0x7fa4962879f0>,<function <lambda> at 0x7fa496287a90>,<function <lambda> at 0x7fa496287b30>
5952,2020-09-04 23:00:00,<function <lambda> at 0x7fa4962879f0>,<function <lambda> at 0x7fa496287a90>,<function <lambda> at 0x7fa496287b30>
5953,2020-09-05 00:00:00,<function <lambda> at 0x7fa4962879f0>,<function <lambda> at 0x7fa496287a90>,<function <lambda> at 0x7fa496287b30>
5954,2020-09-05 01:00:00,<function <lambda> at 0x7fa4962879f0>,<function <lambda> at 0x7fa496287a90>,<function <lambda> at 0x7fa496287b30>
5955,2020-09-05 02:00:00,<function <lambda> at 0x7fa4962879f0>,<function <lambda> at 0x7fa496287a90>,<function <lambda> at 0x7fa496287b30>
5956,2020-09-05 03:00:00,<function <lambda> at 0x7fa4962879f0>,<function <lambda> at 0x7fa496287a90>,<function <lambda> at 0x7fa496287b30>
5957,2020-09-05 04:00:00,<function <lambda> at 0x7fa4962879f0>,<function <lambda> at 0x7fa496287a90>,<function <lambda> at 0x7fa496287b30>
5958,2020-09-05 05:00:00,<function <lambda> at 0x7fa4962879f0>,<function <lambda> at 0x7fa496287a90>,<function <lambda> at 0x7fa496287b30>
5959,2020-09-05 06:00:00,<function <lambda> at 0x7fa4962879f0>,<function <lambda> at 0x7fa496287a90>,<function <lambda> at 0x7fa496287b30>
5960,2020-09-05 07:00:00,<function <lambda> at 0x7fa4962879f0>,<function <lambda> at 0x7fa496287a90>,<function <lambda> at 0x7fa496287b30>
5961,2020-09-05 08:00:00,<function <lambda> at 0x7fa4962879f0>,<function <lambda> at 0x7fa496287a90>,<function <lambda> at 0x7fa496287b30>
5962,2020-09-05 09:00:00,<function <lambda> at 0x7fa4962879f0>,<function <lambda> at 0x7fa496287a90>,<function <lambda> at 0x7fa496287b30>
5963,2020-09-05 10:00:00,<function <lambda> at 0x7fa4962879f0>,<function <lambda> at 0x7fa496287a90>,<function <lambda> at 0x7fa496287b30>
5964,2020-09-05 11:00:00,<function <lambda> at 0x7fa4962879f0>,<function <lambda> at 0x7fa496287a90>,<function <lambda> at 0x7fa496287b30>
5965,2020-09-05 12:00:00,<function <lambda> at 0x7fa4962879f0>,<function <lambda> at 0x7fa496287a90>,<function <lambda> at 0x7fa496287b30>
5966,2020-09-05 13:00:00,<function <lambda> at 0x7fa4962879f0>,<function <lambda> at 0x7fa496287a90>,<function <lambda> at 0x7fa496287b30>
5967,2020-09-05 14:00:00,<function <lambda> at 0x7fa4962879f0>,<function <lambda> at 0x7fa496287a90>,<function <lambda> at 0x7fa496287b30>
5968,2020-09-05 15:00:00,<function <lambda> at 0x7fa4962879f0>,<function <lambda> at 0x7fa496287a90>,<function <lambda> at 0x7fa496287b30>
5969,2020-09-05 16:00:00,<function <lambda> at 0x7fa4962879f0>,<function <lambda> at 0x7fa496287a90>,<function <lambda> at 0x7fa496287b30>
5970,2020-09-05 17:00:00,<function <lambda> at 0x7fa4962879f0>,<function <lambda> at 0x7fa496287a90>,<function <lambda> at 0x7fa496287b30>
5971,2020-09-05 18:00:00,<function <lambda> at 0x7fa4962879f0>,<function <lambda> at 0x7fa496287a90>,<function <lambda> at 0x7fa496287b30>
5972,2020-09-05 19:00:00,<function <lambda> at 0x7fa4962879f0>,<function <lambda> at 0x7fa496287a90>,<function <lambda> at 0x7fa496287b30>
5973,2020-09-05 20:00:00,<function <lambda> at 0x7fa4962879f0>,<function <lambda> at 0x7fa496287a90>,<function <lambda> at 0x7fa496287b30>
5974,2020-09-05 21:00:00,<function <lambda> at 0x7fa4962879f0>,<function <lambda> at 0x7fa496287a90>,<function <lambda> at 0x7fa496287b30>
5975,2020-09-05 22:00:00,<function <lambda> at 0x7fa4962879f0>,<function <lambda> at 0x7fa496287a90>,<function <lambda> at 0x7fa496287b30>
5976,2020-09-05 23:00:00,<function <lambda> at 0x7fa4962879f0>,<function <lambda> at 0x7fa496287a90>,<function <lambda> at 0x7fa496287b30>
5977,2020-09-06 00:00:00,<function <lambda> at 0x7fa4962879f0>,<function <lambda> at 0x7fa496287a90>,<function <lambda> at 0x7fa496287b30>
5978,2020-09-06 01:00:00,<function <lambda> at 0x7fa4962879f0>,<function <lambda> at 0x7fa496287a90>,<function <lambda> at 0x7fa496287b30>
5979,2020-09-06 02:00:00,<function <lambda> at 0x7fa4962879f0>,<function <lambda> at 0x7fa496287a90>,<function <lambda> at 0x7fa496287b30>
5980,2020-09-06 03:00:00,<function <lambda> at 0x7fa4962879f0>,<function <lambda> at 0x7fa496287a90>,<function <lambda> at 0x7fa496287b30>
5981,2020-09-06 04:00:00,<function <lambda> at 0x7fa4962879f0>,<function <lambda> at 0x7fa496287a90>,<function <lambda> at 0x7fa496287b30>
5982,2020-09-06 05:00:00,<function <lambda> at 0x7fa4962879f0>,<function <lambda> at 0x7fa496287a90>,<function <lambda> at 0x7fa496287b30>
5983,2020-09-06 06:00:00,<function <lambda> at 0x7fa4962879f0>,<function <lambda> at 0x7fa496287a90>,<function <lambda> at 0x7fa496287b30>
5984,2020-09-06 07:00:00,<function <lambda> at 0x7fa4962879f0>,<function <lambda> at 0x7fa496287a90>,<function <lambda> at 0x7fa496287b30>
5985,2020-09-06 08:00:00,<function <lambda> at 0x7fa4962879f0>,<function <lambda> at 0x7fa496287a90>,<function <lambda> at 0x7fa496287b30>
5986,2020-09-06 09:00:00,<function <lambda> at 0x7fa4962879f0>,<function <lambda> at 0x7fa496287a90>,<function <lambda> at 0x7fa496287b30>
5987,2020-09-06 10:00:00,<function <lambda> at 0x7fa4962879f0>,<function <lambda> at 0x7fa496287a90>,<function <lambda> at 0x7fa496287b30>
5988,2020-09-06 11:00:00,<function <lambda> at 0x7fa4962879f0>,<function <lambda> at 0x7fa496287a90>,<function <lambda> at 0x7fa496287b30>
5989,2020-09-06 12:00:00,<function <lambda> at 0x7fa4962879f0>,<function <lambda> at 0x7fa496287a90>,<function <lambda> at 0x7fa496287b30>
5990,2020-09-06 13:00:00,<function <lambda> at 0x7fa4962879f0>,<function <lambda> at 0x7fa496287a90>,<function <lambda> at 0x7fa496287b30>
5991,2020-09-06 14:00:00,<function <lambda> at 0x7fa4962879f0>,<function <lambda> at 0x7fa496287a90>,<function <lambda> at 0x7fa496287b30>
5992,2020-09-06 15:00:00,<function <lambda> at 0x7fa4962879f0>,<function <lambda> at 0x7fa496287a90>,<function <lambda> at 0x7fa496287b30>
5993,2020-09-06 16:00:00,<function <lambda> at 0x7fa4962879f0>,<function <lambda> at 0x7fa496287a90>,<function <lambda> at 0x7fa496287b30>
5994,2020-09-06 17:00:00,<function <lambda> at 0x7fa4962879f0>,<function <lambda> at 0x7fa496287a90>,<function <lambda> at 0x7fa496287b30>
5995,2020-09-06 18:00:00,<function <lambda> at 0x7fa4962879f0>,<function <lambda> at 0x7fa496287a90>,<function <lambda> at 0x7fa496287b30>
5996,2020-09-06 19:00:00,<function <lambda> at 0x7fa4962879f0>,<function <lambda> at 0x7fa496287a90>,<function <lambda> at 0x7fa496287b30>
5997,2020-09-06 20:00:00,<function <lambda> at 0x7fa4962879f0>,<function <lambda> at 0x7fa496287a90>,<function <lambda> at 0x7fa496287b30>
5998,2020-09-06 21:00:00,<function <lambda> at 0x7fa4962879f0>,<function <lambda> at 0x7fa496287a90>,<function <lambda> at 0x7fa496287b30>
5999,2020-09-06 22:00:00,<function <lambda> at 0x7fa4962879f0>,<function <lambda> at 0x7fa496287a90>,<function <lambda> at 0x7fa496287b30>
6000,2020-09-06 23:00:00,<function <lambda> at 0x7fa4962879f0>,<function <lambda> at 0x7fa496287a90>,<function <lambda> at 0x7fa496287b30>
6001,2020-09-07 00:00:00,<function <lambda> at 0x7fa4962879f0>,<function <lambda> at 0x7fa496287a90>,<function <lambda> at 0x7fa496287b30>
6002,2020-09-07 01:00:00,<function <lambda> at 0x7fa4962879f0>,<function <lambda> at 0x7fa496287a90>,<function <lambda> at 0x7fa496287b30>
6003,2020-09-07 02:00:00,<function <lambda> at 0x7fa4962879f0>,<function <lambda> at 0x7fa496287a90>,<function <lambda> at 0x7fa496287b30>
6004,2020-09-07 03:00:00,<function <lambda> at 0x7fa4962879f0>,<function <lambda> at 0x7fa496287a90>,<function <lambda> at 0x7fa496287b30>
6005,2020-09-07 04:00:00,<function <lambda> at 0x7fa4962879f0>,<function <lambda> at 0x7fa496287a90>,<function <lambda> at 0x7fa496287b30>
6006,2020-09-07 05:00:00,<function <lambda> at 0x7fa4962879f0>,<function <lambda> at 0x7fa496287a90>,<function <lambda> at 0x7fa496287b30>
6007,2020-09-07 06:00:00,<function <lambda> at 0x7fa4962879f0>,<function <lambda> at 0x7fa496287a90>,<function <lambda> at 0x7fa496287b30>
6008,2020-09-07 07:00:00,<function <lambda> at 0x7fa4962879f0>,<function <lambda> at 0x7fa496287a90>,<function <lambda> at 0x7fa496287b30>
6009,2020-09-07 08:00:00,<function <lambda> at 0x7fa4962879f0>,<function <lambda> at 0x7fa496287a90>,<function <lambda> at 0x7fa496287b30>
6010,2020-09-07 09:00:00,<function <lambda> at 0x7fa4962879f0>,<function <lambda> at 0x7fa496287a90>,<function <lambda> at 0x7fa496287b30>
6011,2020-09-07 10:00:00,<function <lambda> at 0x7fa4962879f0>,<function <lambda> at 0x7fa496287a90>,<function <lambda> at 0x7fa496287b30>
6012,2020-09-07 11:00:00,<function <lambda> at 0x7fa4962879f0>,<function <lambda> at 0x7fa496287a90>,<function <lambda> at 0x7fa496287b30>
6013,2020-09-07 12:00:00,<function <lambda> at 0x7fa4962879f0>,<function <lambda> at 0x7fa496287a90>,<function <lambda> at 0x7fa496287b30>
6014,2020-09-07 13:00:00,<function <lambda> at 0x7fa4962879f0>,<function <lambda> at 0x7fa496287a90>,<function <lambda> at 0x7fa496287b30>
6015,2020-09-07 14:00:00,<function <lambda> at 0x7fa4962879f0>,<function <lambda> at 0x7fa496287a90>,<function <lambda> at 0x7fa496287b30>
6016,2020-09-07 15:00:00,<function <lambda> at 0x7fa4962879f0>,<function <lambda> at 0x7fa496287a90>,<function <lambda> at 0x7fa496287b30>
6017,2020-09-07 16:00:00,<function <lambda> at 0x7fa4962879f0>,<function <lambda> at 0x7fa496287a90>,<function <lambda> at 0x7fa496287b30>
6018,2020-09-07 17:00:00,<function <lambda> at 0x7fa4962879f0>,<function <lambda> at 0x7fa496287a90>,<function <lambda> at 0x7fa496287b30>
6019,2020-09-07 18:00:00,<function <lambda> at 0x7fa4962879f0>,<function <lambda> at 0x7fa496287a90>,<function <lambda> at 0x7fa496287b30>
6020,2020-09-07 19:00:00,<function <lambda> at 0x7fa4962879f0>,<function <lambda> at 0x7fa496287a90>,<function <lambda> at 0x7fa496287b30>
6021,2020-09-07 20:00:00,<function <lambda> at 0x7fa4962879f0>,<function <lambda> at 0x7fa496287a90>,<function <lambda> at 0x7fa496287b30>
6022,2020-09-07 21:00:00,<function <lambda> at 0x7fa4962879f0>,<function <lambda> at 0x7fa496287a90>,<function <lambda> at 0x7fa496287b30>
6023,2020-09-07 22:00:00,<function <lambda> at 0x7fa4962879f0>,<function <lambda> at 0x7fa496287a90>,<function <lambda> at 0x7fa496287b30>
6024,2020-09-07 23:00:00,<function <lambda> at 0x7fa4962879f0>,<function <lambda> at 0x7fa496287a90>,<function <lambda> at 0x7fa496287b30>
6025,2020-09-08 00:00:00,<function <lambda> at 0x7fa4962879f0>,<function <lambda> at 0x7fa496287a90>,<function <lambda> at 0x7fa496287b30>
6026,2020-09-08 01:00:00,<function <lambda> at 0x7fa4962879f0>,<function <lambda> at 0x7fa496287a90>,<function <lambda> at 0x7fa496287b30>
6027,2020-09-08 02:00:00,<function <lambda> at 0x7fa4962879f0>,<function <lambda> at 0x7fa496287a90>,<function <lambda> at 0x7fa496287b30>
6028,2020-09-08 03:00:00,<function <lambda> at 0x7fa4962879f0>,<function <lambda> at 0x7fa496287a90>,<function <lambda> at 0x7fa496287b30>
6029,2020-09-08 04:00:00,<function <lambda> at 0x7fa4962879f0>,<function <lambda> at 0x7fa496287a90>,<function <lambda> at 0x7fa496287b30>
6030,2020-09-08 05:00:00,<function <lambda> at 0x7fa4962879f0>,<function <lambda> at 0x7fa496287a90>,<function <lambda> at 0x7fa496287b30>
6031,2020-09-08 06:00:00,<function <lambda> at 0x7fa4962879f0>,<function <lambda> at 0x7fa496287a90>,<function <lambda> at 0x7fa496287b30>
6032,2020-09-08 07:00:00,<function <lambda> at 0x7fa4962879f0>,<function <lambda> at 0x7fa496287a90>,<function <lambda> at 0x7fa496287b30>
6033,2020-09-08 08:00:00,<function <lambda> at 0x7fa4962879f0>,<function <lambda> at 0x7fa496287a90>,<function <lambda> at 0x7fa496287b30>
6034,2020-09-08 09:00:00,<function <lambda> at 0x7fa4962879f0>,<function <lambda> at 0x7fa496287a90>,<function <lambda> at 0x7fa496287b30>
6035,2020-09-08 10:00:00,<function <lambda> at 0x7fa4962879f0>,<function <lambda> at 0x7fa496287a90>,<function <lambda> at 0x7fa496287b30>
6036,2020-09-08 11:00:00,<function <lambda> at 0x7fa4962879f0>,<function <lambda> at 0x7fa496287a90>,<function <lambda> at 0x7fa496287b30>
6037,2020-09-08 12:00:00,<function <lambda> at 0x7fa4962879f0>,<function <lambda> at 0x7fa496287a90>,<function <lambda> at 0x7fa496287b30>
6038,2020-09-08 13:00:00,<function <lambda> at 0x7fa4962879f0>,<function <lambda> at 0x7fa496287a90>,<function <lambda> at 0x7fa496287b30>
6039,2020-09-08 14:00:00,<function <lambda> at 0x7fa4962879f0>,<function <lambda> at 0x7fa496287a90>,<function <lambda> at 0x7fa496287b30>
6040,2020-09-08 15:00:00,<function <lambda> at 0x7fa4962879f0>,<function <lambda> at 0x7fa496287a90>,<function <lambda> at 0x7fa496287b30>
6041,2020-09-08 16:00:00,<function <lambda> at 0x7fa4962879f0>,<function <lambda> at 0x7fa496287a90>,<function <lambda> at 0x7fa496287b30>
6042,2020-09-08 17:00:00,<function <lambda> at 0x7fa4962879f0>,<function <lambda> at 0x7fa496287a90>,<function <lambda> at 0x7fa496287b30>
6043,2020-09-08 18:00:00,<function <lambda> at 0x7fa4962879f0>,<function <lambda> at 0x7fa496287a90>,<function <lambda> at 0x7fa496287b30>
6044,2020-09-08 19:00:00,<function <lambda> at 0x7fa4962879f0>,<function <lambda> at 0x7fa496287a90>,<function <lambda> at 0x7fa496287b30>
6045,2020-09-08 20:00:00,<function <lambda> at 0x7fa4962879f0>,<function <lambda> at 0x7fa496287a90>,<function <lambda> at 0x7fa496287b30>
6046,2020-09-08 21:00:00,<function <lambda> at 0x7fa4962879f0>,<function <lambda> at 0x7fa496287a90>,<function <lambda> at 0x7fa496287b30>
6047,2020-09-08 22:00:00,<function <lambda> at 0x7fa4962879f0>,<function <lambda> at 0x7fa496287a90>,<function <lambda> at 0x7fa496287b30>
6048,2020-09-08 23:00:00,<function <lambda> at 0x7fa4962879f0>,<function <lambda> at 0x7fa496287a90>,<function <lambda> at 0x7fa496287b30>
6049,2020-09-09 00:00:00,<function <lambda> at 0x7fa4962879f0>,<function <lambda> at 0x7fa496287a90>,<function <lambda> at 0x7fa496287b30>
6050,2020-09-09 01:00:00,<function <lambda> at 0x7fa4962879f0>,<function <lambda> at 0x7fa496287a90>,<function <lambda> at 0x7fa496287b30>
6051,2020-09-09 02:00:00,<function <lambda> at 0x7fa4962879f0>,<function <lambda> at 0x7fa496287a90>,<function <lambda> at 0x7fa496287b30>
6052,2020-09-09 03:00:00,<function <lambda> at 0x7fa4962879f0>,<function <lambda> at 0x7fa496287a90>,<function <lambda> at 0x7fa496287b30>
6053,2020-09-09 04:00:00,<function <lambda> at 0x7fa4962879f0>,<function <lambda> at 0x7fa496287a90>,<function <lambda> at 0x7fa496287b30>
6054,2020-09-09 05:00:00,<function <lambda> at 0x7fa4962879f0>,<function <lambda> at 0x7fa496287a90>,<function <lambda> at 0x7fa496287b30>
6055,2020-09-09 06:00:00,<function <lambda> at 0x7fa4962879f0>,<function <lambda> at 0x7fa496287a90>,<function <lambda> at 0x7fa496287b30>
6056,2020-09-09 07:00:00,<function <lambda> at 0x7fa4962879f0>,<function <lambda> at 0x7fa496287a90>,<function <lambda> at 0x7fa496287b30>
6057,2020-09-09 08:00:00,<function <lambda> at 0x7fa4962879f0>,<function <lambda> at 0x7fa496287a90>,<function <lambda> at 0x7fa496287b30>
6058,2020-09-09 09:00:00,<function <lambda> at 0x7fa4962879f0>,<function <lambda> at 0x7fa496287a90>,<function <lambda> at 0x7fa496287b30>
6059,2020-09-09 10:00:00,<function <lambda> at 0x7fa4962879f0>,<function <lambda> at 0x7fa496287a90>,<function <lambda> at 0x7fa496287b30>
6060,2020-09-09 11:00:00,<function <lambda> at 0x7fa4962879f0>,<function <lambda> at 0x7fa496287a90>,<function <lambda> at 0x7fa496287b30>
6061,2020-09-09 12:00:00,<function <lambda> at 0x7fa4962879f0>,<function <lambda> at 0x7fa496287a90>,<function <lambda> at 0x7fa496287b30>
6062,2020-09-09 13:00:00,<function <lambda> at 0x7fa4962879f0>,<function <lambda> at 0x7fa496287a90>,<function <lambda> at 0x7fa496287b30>
6063,2020-09-09 14:00:00,<function <lambda> at 0x7fa4962879f0>,<function <lambda> at 0x7fa496287a90>,<function <lambda> at 0x7fa496287b30>
6064,2020-09-09 15:00:00,<function <lambda> at 0x7fa4962879f0>,<function <lambda> at 0x7fa496287a90>,<function <lambda> at 0x7fa496287b30>
6065,2020-09-09 16:00:00,<function <lambda> at 0x7fa4962879f0>,<function <lambda> at 0x7fa496287a90>,<function <lambda> at 0x7fa496287b30>
6066,2020-09-09 17:00:00,<function <lambda> at 0x7fa4962879f0>,<function <lambda> at 0x7fa496287a90>,<function <lambda> at 0x7fa496287b30>
6067,2020-09-09 18:00:00,<function <lambda> at 0x7fa4962879f0>,<function <lambda> at 0x7fa496287a90>,<function <lambda> at 0x7fa496287b30>
6068,2020-09-09 19:00:00,<function <lambda> at 0x7fa4962879f0>,<function <lambda> at 0x7fa496287a90>,<function <lambda> at 0x7fa496287b30>
6069,2020-09-09 20:00:00,<function <lambda> at 0x7fa4962879f0>,<function <lambda> at 0x7fa496287a90>,<function <lambda> at 0x7fa496287b30>
6070,2020-09-09 21:00:00,<function <lambda> at 0x7fa4962879f0>,<function <lambda> at 0x7fa496287a90>,<function <lambda> at 0x7fa496287b30>
6071,2020-09-09 22:00:00,<function <lambda> at 0x7fa4962879f0>,<function <lambda> at 0x7fa496287a90>,<function <lambda> at 0x7fa496287b30>
6072,2020-09-09 23:00:00,<function <lambda> at 0x7fa4962879f0>,<function <lambda> at 0x7fa496287a90>,<function <lambda> at 0x7fa496287b30>
6073,2020-09-10 00:00:00,<function <lambda> at 0x7fa4962879f0>,<function <lambda> at 0x7fa496287a90>,<function <lambda> at 0x7fa496287b30>
6074,2020-09-10 01:00:00,<function <lambda> at 0x7fa4962879f0>,<function <lambda> at 0x7fa496287a90>,<function <lambda> at 0x7fa496287b30>
6075,2020-09-10 02:00:00,<function <lambda> at 0x7fa4962879f0>,<function <lambda> at 0x7fa496287a90>,<function <lambda> at 0x7fa496287b30>
6076,2020-09-10 03:00:00,<function <lambda> at 0x7fa4962879f0>,<function <lambda> at 0x7fa496287a90>,<function <lambda> at 0x7fa496287b30>
6077,2020-09-10 04:00:00,<function <lambda> at 0x7fa4962879f0>,<function <lambda> at 0x7fa496287a90>,<function <lambda> at 0x7fa496287b30>
6078,2020-09-10 05:00:00,<function <lambda> at 0x7fa4962879f0>,<function <lambda> at 0x7fa496287a90>,<function <lambda> at 0x7fa496287b30>
6079,2020-09-10 06:00:00,<function <lambda> at 0x7fa4962879f0>,<function <lambda> at 0x7fa496287a90>,<function <lambda> at 0x7fa496287b30>
6080,2020-09-10 07:00:00,<function <lambda> at 0x7fa4962879f0>,<function <lambda> at 0x7fa496287a90>,<function <lambda> at 0x7fa496287b30>
6081,2020-09-10 08:00:00,<function <lambda> at 0x7fa4962879f0>,<function <lambda> at 0x7fa496287a90>,<function <lambda> at 0x7fa496287b30>
6082,2020-09-10 09:00:00,<function <lambda> at 0x7fa4962879f0>,<function <lambda> at 0x7fa496287a90>,<function <lambda> at 0x7fa496287b30>
6083,2020-09-10 10:00:00,<function <lambda> at 0x7fa4962879f0>,<function <lambda> at 0x7fa496287a90>,<function <lambda> at 0x7fa496287b30>
6084,2020-09-10 11:00:00,<function <lambda> at 0x7fa4962879f0>,<function <lambda> at 0x7fa496287a90>,<function <lambda> at 0x7fa496287b30>
6085,2020-09-10 12:00:00,<function <lambda> at 0x7fa4962879f0>,<function <lambda> at 0x7fa496287a90>,<function <lambda> at 0x7fa496287b30>
6086,2020-09-10 13:00:00,<function <lambda> at 0x7fa4962879f0>,<function <lambda> at 0x7fa496287a90>,<function <lambda> at 0x7fa496287b30>
6087,2020-09-10 14:00:00,<function <lambda> at 0x7fa4962879f0>,<function <lambda> at 0x7fa496287a90>,<function <lambda> at 0x7fa496287b30>
6088,2020-09-10 15:00:00,<function <lambda> at 0x7fa4962879f0>,<function <lambda> at 0x7fa496287a90>,<function <lambda> at 0x7fa496287b30>
6089,2020-09-10 16:00:00,<function <lambda> at 0x7fa4962879f0>,<function <lambda> at 0x7fa496287a90>,<function <lambda> at 0x7fa496287b30>
6090,2020-09-10 17:00:00,<function <lambda> at 0x7fa4962879f0>,<function <lambda> at 0x7fa496287a90>,<function <lambda> at 0x7fa496287b30>
6091,2020-09-10 18:00:00,<function <lambda> at 0x7fa4962879f0>,<function <lambda> at 0x7fa496287a90>,<function <lambda> at 0x7fa496287b30>
6092,2020-09-10 19:00:00,<function <lambda> at 0x7fa4962879f0>,<function <lambda> at 0x7fa496287a90>,<function <lambda> at 0x7fa496287b30>
6093,2020-09-10 20:00:00,<function <lambda> at 0x7fa4962879f0>,<function <lambda> at 0x7fa496287a90>,<function <lambda> at 0x7fa496287b30>
6094,2020-09-10 21:00:00,<function <lambda> at 0x7fa4962879f0>,<function <lambda> at 0x7fa496287a90>,<function <lambda> at 0x7fa496287b30>
6095,2020-09-10 22:00:00,<function <lambda> at 0x7fa4962879f0>,<function <lambda> at 0x7fa496287a90>,<function <lambda> at 0x7fa496287b30>
6096,2020-09-10 23:00:00,<function <lambda> at 0x7fa4962879f0>,<function <lambda> at 0x7fa496287a90>,<function <lambda> at 0x7fa496287b30>
6097,2020-09-11 00:00:00,<function <lambda> at 0x7fa4962879f0>,<function <lambda> at 0x7fa496287a90>,<function <lambda> at 0x7fa496287b30>
6098,2020-09-11 01:00:00,<function <lambda> at 0x7fa4962879f0>,<function <lambda> at 0x7fa496287a90>,<function <lambda> at 0x7fa496287b30>
6099,2020-09-11 02:00:00,<function <lambda> at 0x7fa4962879f0>,<function <lambda> at 0x7fa496287a90>,<function <lambda> at 0x7fa496287b30>
6100,2020-09-11 03:00:00,<function <lambda> at 0x7fa4962879f0>,<function <lambda> at 0x7fa496287a90>,<function <lambda> at 0x7fa496287b30>
6101,2020-09-11 04:00:00,<function <lambda> at 0x7fa4962879f0>,<function <lambda> at 0x7fa496287a90>,<function <lambda> at 0x7fa496287b30>
6102,2020-09-11 05:00:00,<function <lambda> at 0x7fa4962879f0>,<function <lambda> at 0x7fa496287a90>,<function <lambda> at 0x7fa496287b30>
6103,2020-09-11 06:00:00,<function <lambda> at 0x7fa4962879f0>,<function <lambda> at 0x7fa496287a90>,<function <lambda> at 0x7fa496287b30>
6104,2020-09-11 07:00:00,<function <lambda> at 0x7fa4962879f0>,<function <lambda> at 0x7fa496287a90>,<function <lambda> at 0x7fa496287b30>
6105,2020-09-11 08:00:00,<function <lambda> at 0x7fa4962879f0>,<function <lambda> at 0x7fa496287a90>,<function <lambda> at 0x7fa496287b30>
6106,2020-09-11 09:00:00,<function <lambda> at 0x7fa4962879f0>,<function <lambda> at 0x7fa496287a90>,<function <lambda> at 0x7fa496287b30>
6107,2020-09-11 10:00:00,<function <lambda> at 0x7fa4962879f0>,<function <lambda> at 0x7fa496287a90>,<function <lambda> at 0x7fa496287b30>
6108,2020-09-11 11:00:00,<function <lambda> at 0x7fa4962879f0>,<function <lambda> at 0x7fa496287a90>,<function <lambda> at 0x7fa496287b30>
6109,2020-09-11 12:00:00,<function <lambda> at 0x7fa4962879f0>,<function <lambda> at 0x7fa496287a90>,<function <lambda> at 0x7fa496287b30>
6110,2020-09-11 13:00:00,<function <lambda> at 0x7fa4962879f0>,<function <lambda> at 0x7fa496287a90>,<function <lambda> at 0x7fa496287b30>
6111,2020-09-11 14:00:00,<function <lambda> at 0x7fa4962879f0>,<function <lambda> at 0x7fa496287a90>,<function <lambda> at 0x7fa496287b30>
6112,2020-09-11 15:00:00,<function <lambda> at 0x7fa4962879f0>,<function <lambda> at 0x7fa496287a90>,<function <lambda> at 0x7fa496287b30>
6113,2020-09-11 16:00:00,<function <lambda> at 0x7fa4962879f0>,<function <lambda> at 0x7fa496287a90>,<function <lambda> at 0x7fa496287b30>
6114,2020-09-11 17:00:00,<function <lambda> at 0x7fa4962879f0>,<function <lambda> at 0x7fa496287a90>,<function <lambda> at 0x7fa496287b30>
6115,2020-09-11 18:00:00,<function <lambda> at 0x7fa4962879f0>,<function <lambda> at 0x7fa496287a90>,<function <lambda> at 0x7fa496287b30>
6116,2020-09-11 19:00:00,<function <lambda> at 0x7fa4962879f0>,<function <lambda> at 0x7fa496287a90>,<function <lambda> at 0x7fa496287b30>
6117,2020-09-11 20:00:00,<function <lambda> at 0x7fa4962879f0>,<function <lambda> at 0x7fa496287a90>,<function <lambda> at 0x7fa496287b30>
6118,2020-09-11 21:00:00,<function <lambda> at 0x7fa4962879f0>,<function <lambda> at 0x7fa496287a90>,<function <lambda> at 0x7fa496287b30>
6119,2020-09-11 22:00:00,<function <lambda> at 0x7fa4962879f0>,<function <lambda> at 0x7fa496287a90>,<function <lambda> at 0x7fa496287b30>
6120,2020-09-11 23:00:00,<function <lambda> at 0x7fa4962879f0>,<function <lambda> at 0x7fa496287a90>,<function <lambda> at 0x7fa496287b30>
6121,2020-09-12 00:00:00,<function <lambda> at 0x7fa4962879f0>,<function <lambda> at 0x7fa496287a90>,<function <lambda> at 0x7fa496287b30>
6122,2020-09-12 01:00:00,<function <lambda> at 0x7fa4962879f0>,<function <lambda> at 0x7fa496287a90>,<function <lambda> at 0x7fa496287b30>
6123,2020-09-12 02:00:00,<function <lambda> at 0x7fa4962879f0>,<function <lambda> at 0x7fa496287a90>,<function <lambda> at 0x7fa496287b30>
6124,2020-09-12 03:00:00,<function <lambda> at 0x7fa4962879f0>,<function <lambda> at 0x7fa496287a90>,<function <lambda> at 0x7fa496287b30>
6125,2020-09-12 04:00:00,<function <lambda> at 0x7fa4962879f0>,<function <lambda> at 0x7fa496287a90>,<function <lambda> at 0x7fa496287b30>
6126,2020-09-12 05:00:00,<function <lambda> at 0x7fa4962879f0>,<function <lambda> at 0x7fa496287a90>,<function <lambda> at 0x7fa496287b30>
6127,2020-09-12 06:00:00,<function <lambda> at 0x7fa4962879f0>,<function <lambda> at 0x7fa496287a90>,<function <lambda> at 0x7fa496287b30>
6128,2020-09-12 07:00:00,<function <lambda> at 0x7fa4962879f0>,<function <lambda> at 0x7fa496287a90>,<function <lambda> at 0x7fa496287b30>
6129,2020-09-12 08:00:00,<function <lambda> at 0x7fa4962879f0>,<function <lambda> at 0x7fa496287a90>,<function <lambda> at 0x7fa496287b30>
6130,2020-09-12 09:00:00,<function <lambda> at 0x7fa4962879f0>,<function <lambda> at 0x7fa496287a90>,<function <lambda> at 0x7fa496287b30>
6131,2020-09-12 10:00:00,<function <lambda> at 0x7fa4962879f0>,<function <lambda> at 0x7fa496287a90>,<function <lambda> at 0x7fa496287b30>
6132,2020-09-12 11:00:00,<function <lambda> at 0x7fa4962879f0>,<function <lambda> at 0x7fa496287a90>,<function <lambda> at 0x7fa496287b30>
6133,2020-09-12 12:00:00,<function <lambda> at 0x7fa4962879f0>,<function <lambda> at 0x7fa496287a90>,<function <lambda> at 0x7fa496287b30>
6134,2020-09-12 13:00:00,<function <lambda> at 0x7fa4962879f0>,<function <lambda> at 0x7fa496287a90>,<function <lambda> at 0x7fa496287b30>
6135,2020-09-12 14:00:00,<function <lambda> at 0x7fa4962879f0>,<function <lambda> at 0x7fa496287a90>,<function <lambda> at 0x7fa496287b30>
6136,2020-09-12 15:00:00,<function <lambda> at 0x7fa4962879f0>,<function <lambda> at 0x7fa496287a90>,<function <lambda> at 0x7fa496287b30>
6137,2020-09-12 16:00:00,<function <lambda> at 0x7fa4962879f0>,<function <lambda> at 0x7fa496287a90>,<function <lambda> at 0x7fa496287b30>
6138,2020-09-12 17:00:00,<function <lambda> at 0x7fa4962879f0>,<function <lambda> at 0x7fa496287a90>,<function <lambda> at 0x7fa496287b30>
6139,2020-09-12 18:00:00,<function <lambda> at 0x7fa4962879f0>,<function <lambda> at 0x7fa496287a90>,<function <lambda> at 0x7fa496287b30>
6140,2020-09-12 19:00:00,<function <lambda> at 0x7fa4962879f0>,<function <lambda> at 0x7fa496287a90>,<function <lambda> at 0x7fa496287b30>
6141,2020-09-12 20:00:00,<function <lambda> at 0x7fa4962879f0>,<function <lambda> at 0x7fa496287a90>,<function <lambda> at 0x7fa496287b30>
6142,2020-09-12 21:00:00,<function <lambda> at 0x7fa4962879f0>,<function <lambda> at 0x7fa496287a90>,<function <lambda> at 0x7fa496287b30>
6143,2020-09-12 22:00:00,<function <lambda> at 0x7fa4962879f0>,<function <lambda> at 0x7fa496287a90>,<function <lambda> at 0x7fa496287b30>
6144,2020-09-12 23:00:00,<function <lambda> at 0x7fa4962879f0>,<function <lambda> at 0x7fa496287a90>,<function <lambda> at 0x7fa496287b30>
6145,2020-09-13 00:00:00,<function <lambda> at 0x7fa4962879f0>,<function <lambda> at 0x7fa496287a90>,<function <lambda> at 0x7fa496287b30>
6146,2020-09-13 01:00:00,<function <lambda> at 0x7fa4962879f0>,<function <lambda> at 0x7fa496287a90>,<function <lambda> at 0x7fa496287b30>
6147,2020-09-13 02:00:00,<function <lambda> at 0x7fa4962879f0>,<function <lambda> at 0x7fa496287a90>,<function <lambda> at 0x7fa496287b30>
6148,2020-09-13 03:00:00,<function <lambda> at 0x7fa4962879f0>,<function <lambda> at 0x7fa496287a90>,<function <lambda> at 0x7fa496287b30>
6149,2020-09-13 04:00:00,<function <lambda> at 0x7fa4962879f0>,<function <lambda> at 0x7fa496287a90>,<function <lambda> at 0x7fa496287b30>
6150,2020-09-13 05:00:00,<function <lambda> at 0x7fa4962879f0>,<function <lambda> at 0x7fa496287a90>,<function <lambda> at 0x7fa496287b30>
6151,2020-09-13 06:00:00,<function <lambda> at 0x7fa4962879f0>,<function <lambda> at 0x7fa496287a90>,<function <lambda> at 0x7fa496287b30>
6152,2020-09-13 07:00:00,<function <lambda> at 0x7fa4962879f0>,<function <lambda> at 0x7fa496287a90>,<function <lambda> at 0x7fa496287b30>
6153,2020-09-13 08:00:00,<function <lambda> at 0x7fa4962879f0>,<function <lambda> at 0x7fa496287a90>,<function <lambda> at 0x7fa496287b30>
6154,2020-09-13 09:00:00,<function <lambda> at 0x7fa4962879f0>,<function <lambda> at 0x7fa496287a90>,<function <lambda> at 0x7fa496287b30>
6155,2020-09-13 10:00:00,<function <lambda> at 0x7fa4962879f0>,<function <lambda> at 0x7fa496287a90>,<function <lambda> at 0x7fa496287b30>
6156,2020-09-13 11:00:00,<function <lambda> at 0x7fa4962879f0>,<function <lambda> at 0x7fa496287a90>,<function <lambda> at 0x7fa496287b30>
6157,2020-09-13 12:00:00,<function <lambda> at 0x7fa4962879f0>,<function <lambda> at 0x7fa496287a90>,<function <lambda> at 0x7fa496287b30>
6158,2020-09-13 13:00:00,<function <lambda> at 0x7fa4962879f0>,<function <lambda> at 0x7fa496287a90>,<function <lambda> at 0x7fa496287b30>
6159,2020-09-13 14:00:00,<function <lambda> at 0x7fa4962879f0>,<function <lambda> at 0x7fa496287a90>,<function <lambda> at 0x7fa496287b30>
6160,2020-09-13 15:00:00,<function <lambda> at 0x7fa4962879f0>,<function <lambda> at 0x7fa496287a90>,<function <lambda> at 0x7fa496287b30>
6161,2020-09-13 16:00:00,<function <lambda> at 0x7fa4962879f0>,<function <lambda> at 0x7fa496287a90>,<function <lambda> at 0x7fa496287b30>
6162,2020-09-13 17:00:00,<function <lambda> at 0x7fa4962879f0>,<function <lambda> at 0x7fa496287a90>,<function <lambda> at 0x7fa496287b30>
6163,2020-09-13 18:00:00,<function <lambda> at 0x7fa4962879f0>,<function <lambda> at 0x7fa496287a90>,<function <lambda> at 0x7fa496287b30>
6164,2020-09-13 19:00:00,<function <lambda> at 0x7fa4962879f0>,<function <lambda> at 0x7fa496287a90>,<function <lambda> at 0x7fa496287b30>
6165,2020-09-13 20:00:00,<function <lambda> at 0x7fa4962879f0>,<function <lambda> at 0x7fa496287a90>,<function <lambda> at 0x7fa496287b30>
6166,2020-09-13 21:00:00,<function <lambda> at 0x7fa4962879f0>,<function <lambda> at 0x7fa496287a90>,<function <lambda> at 0x7fa496287b30>
6167,2020-09-13 22:00:00,<function <lambda> at 0x7fa4962879f0>,<function <lambda> at 0x7fa496287a90>,<function <lambda> at 0x7fa496287b30>
6168,2020-09-13 23:00:00,<function <lambda> at 0x7fa4962879f0>,<function <lambda> at 0x7fa496287a90>,<function <lambda> at 0x7fa496287b30>
6169,2020-09-14 00:00:00,<function <lambda> at 0x7fa4962879f0>,<function <lambda> at 0x7fa496287a90>,<function <lambda> at 0x7fa496287b30>
6170,2020-09-14 01:00:00,<function <lambda> at 0x7fa4962879f0>,<function <lambda> at 0x7fa496287a90>,<function <lambda> at 0x7fa496287b30>
6171,2020-09-14 02:00:00,<function <lambda> at 0x7fa4962879f0>,<function <lambda> at 0x7fa496287a90>,<function <lambda> at 0x7fa496287b30>
6172,2020-09-14 03:00:00,<function <lambda> at 0x7fa4962879f0>,<function <lambda> at 0x7fa496287a90>,<function <lambda> at 0x7fa496287b30>
6173,2020-09-14 04:00:00,<function <lambda> at 0x7fa4962879f0>,<function <lambda> at 0x7fa496287a90>,<function <lambda> at 0x7fa496287b30>
6174,2020-09-14 05:00:00,<function <lambda> at 0x7fa4962879f0>,<function <lambda> at 0x7fa496287a90>,<function <lambda> at 0x7fa496287b30>
6175,2020-09-14 06:00:00,<function <lambda> at 0x7fa4962879f0>,<function <lambda> at 0x7fa496287a90>,<function <lambda> at 0x7fa496287b30>
6176,2020-09-14 07:00:00,<function <lambda> at 0x7fa4962879f0>,<function <lambda> at 0x7fa496287a90>,<function <lambda> at 0x7fa496287b30>
6177,2020-09-14 08:00:00,<function <lambda> at 0x7fa4962879f0>,<function <lambda> at 0x7fa496287a90>,<function <lambda> at 0x7fa496287b30>
6178,2020-09-14 09:00:00,<function <lambda> at 0x7fa4962879f0>,<function <lambda> at 0x7fa496287a90>,<function <lambda> at 0x7fa496287b30>
6179,2020-09-14 10:00:00,<function <lambda> at 0x7fa4962879f0>,<function <lambda> at 0x7fa496287a90>,<function <lambda> at 0x7fa496287b30>
6180,2020-09-14 11:00:00,<function <lambda> at 0x7fa4962879f0>,<function <lambda> at 0x7fa496287a90>,<function <lambda> at 0x7fa496287b30>
6181,2020-09-14 12:00:00,<function <lambda> at 0x7fa4962879f0>,<function <lambda> at 0x7fa496287a90>,<function <lambda> at 0x7fa496287b30>
6182,2020-09-14 13:00:00,<function <lambda> at 0x7fa4962879f0>,<function <lambda> at 0x7fa496287a90>,<function <lambda> at 0x7fa496287b30>
6183,2020-09-14 14:00:00,<function <lambda> at 0x7fa4962879f0>,<function <lambda> at 0x7fa496287a90>,<function <lambda> at 0x7fa496287b30>
6184,2020-09-14 15:00:00,<function <lambda> at 0x7fa4962879f0>,<function <lambda> at 0x7fa496287a90>,<function <lambda> at 0x7fa496287b30>
6185,2020-09-14 16:00:00,<function <lambda> at 0x7fa4962879f0>,<function <lambda> at 0x7fa496287a90>,<function <lambda> at 0x7fa496287b30>
6186,2020-09-14 17:00:00,<function <lambda> at 0x7fa4962879f0>,<function <lambda> at 0x7fa496287a90>,<function <lambda> at 0x7fa496287b30>
6187,2020-09-14 18:00:00,<function <lambda> at 0x7fa4962879f0>,<function <lambda> at 0x7fa496287a90>,<function <lambda> at 0x7fa496287b30>
6188,2020-09-14 19:00:00,<function <lambda> at 0x7fa4962879f0>,<function <lambda> at 0x7fa496287a90>,<function <lambda> at 0x7fa496287b30>
6189,2020-09-14 20:00:00,<function <lambda> at 0x7fa4962879f0>,<function <lambda> at 0x7fa496287a90>,<function <lambda> at 0x7fa496287b30>
6190,2020-09-14 21:00:00,<function <lambda> at 0x7fa4962879f0>,<function <lambda> at 0x7fa496287a90>,<function <lambda> at 0x7fa496287b30>
6191,2020-09-14 22:00:00,<function <lambda> at 0x7fa4962879f0>,<function <lambda> at 0x7fa496287a90>,<function <lambda> at 0x7fa496287b30>
6192,2020-09-14 23:00:00,<function <lambda> at 0x7fa4962879f0>,<function <lambda> at 0x7fa496287a90>,<function <lambda> at 0x7fa496287b30>
6193,2020-09-15 00:00:00,<function <lambda> at 0x7fa4962879f0>,<function <lambda> at 0x7fa496287a90>,<function <lambda> at 0x7fa496287b30>
6194,2020-09-15 01:00:00,<function <lambda> at 0x7fa4962879f0>,<function <lambda> at 0x7fa496287a90>,<function <lambda> at 0x7fa496287b30>
6195,2020-09-15 02:00:00,<function <lambda> at 0x7fa4962879f0>,<function <lambda> at 0x7fa496287a90>,<function <lambda> at 0x7fa496287b30>
6196,2020-09-15 03:00:00,<function <lambda> at 0x7fa4962879f0>,<function <lambda> at 0x7fa496287a90>,<function <lambda> at 0x7fa496287b30>
6197,2020-09-15 04:00:00,<function <lambda> at 0x7fa4962879f0>,<function <lambda> at 0x7fa496287a90>,<function <lambda> at 0x7fa496287b30>
6198,2020-09-15 05:00:00,<function <lambda> at 0x7fa4962879f0>,<function <lambda> at 0x7fa496287a90>,<function <lambda> at 0x7fa496287b30>
6199,2020-09-15 06:00:00,<function <lambda> at 0x7fa4962879f0>,<function <lambda> at 0x7fa496287a90>,<function <lambda> at 0x7fa496287b30>
6200,2020-09-15 07:00:00,<function <lambda> at 0x7fa4962879f0>,<function <lambda> at 0x7fa496287a90>,<function <lambda> at 0x7fa496287b30>
6201,2020-09-15 08:00:00,<function <lambda> at 0x7fa4962879f0>,<function <lambda> at 0x7fa496287a90>,<function <lambda> at 0x7fa496287b30>
6202,2020-09-15 09:00:00,<function <lambda> at 0x7fa4962879f0>,<function <lambda> at 0x7fa496287a90>,<function <lambda> at 0x7fa496287b30>
6203,2020-09-15 10:00:00,<function <lambda> at 0x7fa4962879f0>,<function <lambda> at 0x7fa496287a90>,<function <lambda> at 0x7fa496287b30>
6204,2020-09-15 11:00:00,<function <lambda> at 0x7fa4962879f0>,<function <lambda> at 0x7fa496287a90>,<function <lambda> at 0x7fa496287b30>
6205,2020-09-15 12:00:00,<function <lambda> at 0x7fa4962879f0>,<function <lambda> at 0x7fa496287a90>,<function <lambda> at 0x7fa496287b30>
6206,2020-09-15 13:00:00,<function <lambda> at 0x7fa4962879f0>,<function <lambda> at 0x7fa496287a90>,<function <lambda> at 0x7fa496287b30>
6207,2020-09-15 14:00:00,<function <lambda> at 0x7fa4962879f0>,<function <lambda> at 0x7fa496287a90>,<function <lambda> at 0x7fa496287b30>
6208,2020-09-15 15:00:00,<function <lambda> at 0x7fa4962879f0>,<function <lambda> at 0x7fa496287a90>,<function <lambda> at 0x7fa496287b30>
6209,2020-09-15 16:00:00,<function <lambda> at 0x7fa4962879f0>,<function <lambda> at 0x7fa496287a90>,<function <lambda> at 0x7fa496287b30>
6210,2020-09-15 17:00:00,<function <lambda> at 0x7fa4962879f0>,<function <lambda> at 0x7fa496287a90>,<function <lambda> at 0x7fa496287b30>
6211,2020-09-15 18:00:00,<function <lambda> at 0x7fa4962879f0>,<function <lambda> at 0x7fa496287a90>,<function <lambda> at 0x7fa496287b30>
6212,2020-09-15 19:00:00,<function <lambda> at 0x7fa4962879f0>,<function <lambda> at 0x7fa496287a90>,<function <lambda> at 0x7fa496287b30>
6213,2020-09-15 20:00:00,<function <lambda> at 0x7fa4962879f0>,<function <lambda> at 0x7fa496287a90>,<function <lambda> at 0x7fa496287b30>
6214,2020-09-15 21:00:00,<function <lambda> at 0x7fa4962879f0>,<function <lambda> at 0x7fa496287a90>,<function <lambda> at 0x7fa496287b30>
6215,2020-09-15 22:00:00,<function <lambda> at 0x7fa4962879f0>,<function <lambda> at 0x7fa496287a90>,<function <lambda> at 0x7fa496287b30>
6216,2020-09-15 23:00:00,<function <lambda> at 0x7fa4962879f0>,<function <lambda> at 0x7fa496287a90>,<function <lambda> at 0x7fa496287b30>
6217,2020-09-16 00:00:00,<function <lambda> at 0x7fa4962879f0>,<function <lambda> at 0x7fa496287a90>,<function <lambda> at 0x7fa496287b30>
6218,2020-09-16 01:00:00,<function <lambda> at 0x7fa4962879f0>,<function <lambda> at 0x7fa496287a90>,<function <lambda> at 0x7fa496287b30>
6219,2020-09-16 02:00:00,<function <lambda> at 0x7fa4962879f0>,<function <lambda> at 0x7fa496287a90>,<function <lambda> at 0x7fa496287b30>
6220,2020-09-16 03:00:00,<function <lambda> at 0x7fa4962879f0>,<function <lambda> at 0x7fa496287a90>,<function <lambda> at 0x7fa496287b30>
6221,2020-09-16 04:00:00,<function <lambda> at 0x7fa4962879f0>,<function <lambda> at 0x7fa496287a90>,<function <lambda> at 0x7fa496287b30>
6222,2020-09-16 05:00:00,<function <lambda> at 0x7fa4962879f0>,<function <lambda> at 0x7fa496287a90>,<function <lambda> at 0x7fa496287b30>
6223,2020-09-16 06:00:00,<function <lambda> at 0x7fa4962879f0>,<function <lambda> at 0x7fa496287a90>,<function <lambda> at 0x7fa496287b30>
6224,2020-09-16 07:00:00,<function <lambda> at 0x7fa4962879f0>,<function <lambda> at 0x7fa496287a90>,<function <lambda> at 0x7fa496287b30>
6225,2020-09-16 08:00:00,<function <lambda> at 0x7fa4962879f0>,<function <lambda> at 0x7fa496287a90>,<function <lambda> at 0x7fa496287b30>
6226,2020-09-16 09:00:00,<function <lambda> at 0x7fa4962879f0>,<function <lambda> at 0x7fa496287a90>,<function <lambda> at 0x7fa496287b30>
6227,2020-09-16 10:00:00,<function <lambda> at 0x7fa4962879f0>,<function <lambda> at 0x7fa496287a90>,<function <lambda> at 0x7fa496287b30>
6228,2020-09-16 11:00:00,<function <lambda> at 0x7fa4962879f0>,<function <lambda> at 0x7fa496287a90>,<function <lambda> at 0x7fa496287b30>
6229,2020-09-16 12:00:00,<function <lambda> at 0x7fa4962879f0>,<function <lambda> at 0x7fa496287a90>,<function <lambda> at 0x7fa496287b30>
6230,2020-09-16 13:00:00,<function <lambda> at 0x7fa4962879f0>,<function <lambda> at 0x7fa496287a90>,<function <lambda> at 0x7fa496287b30>
6231,2020-09-16 14:00:00,<function <lambda> at 0x7fa4962879f0>,<function <lambda> at 0x7fa496287a90>,<function <lambda> at 0x7fa496287b30>
6232,2020-09-16 15:00:00,<function <lambda> at 0x7fa4962879f0>,<function <lambda> at 0x7fa496287a90>,<function <lambda> at 0x7fa496287b30>
6233,2020-09-16 16:00:00,<function <lambda> at 0x7fa4962879f0>,<function <lambda> at 0x7fa496287a90>,<function <lambda> at 0x7fa496287b30>
6234,2020-09-16 17:00:00,<function <lambda> at 0x7fa4962879f0>,<function <lambda> at 0x7fa496287a90>,<function <lambda> at 0x7fa496287b30>
6235,2020-09-16 18:00:00,<function <lambda> at 0x7fa4962879f0>,<function <lambda> at 0x7fa496287a90>,<function <lambda> at 0x7fa496287b30>
6236,2020-09-16 19:00:00,<function <lambda> at 0x7fa4962879f0>,<function <lambda> at 0x7fa496287a90>,<function <lambda> at 0x7fa496287b30>
6237,2020-09-16 20:00:00,<function <lambda> at 0x7fa4962879f0>,<function <lambda> at 0x7fa496287a90>,<function <lambda> at 0x7fa496287b30>
6238,2020-09-16 21:00:00,<function <lambda> at 0x7fa4962879f0>,<function <lambda> at 0x7fa496287a90>,<function <lambda> at 0x7fa496287b30>
6239,2020-09-16 22:00:00,<function <lambda> at 0x7fa4962879f0>,<function <lambda> at 0x7fa496287a90>,<function <lambda> at 0x7fa496287b30>
6240,2020-09-16 23:00:00,<function <lambda> at 0x7fa4962879f0>,<function <lambda> at 0x7fa496287a90>,<function <lambda> at 0x7fa496287b30>
6241,2020-09-17 00:00:00,<function <lambda> at 0x7fa4962879f0>,<function <lambda> at 0x7fa496287a90>,<function <lambda> at 0x7fa496287b30>
6242,2020-09-17 01:00:00,<function <lambda> at 0x7fa4962879f0>,<function <lambda> at 0x7fa496287a90>,<function <lambda> at 0x7fa496287b30>
6243,2020-09-17 02:00:00,<function <lambda> at 0x7fa4962879f0>,<function <lambda> at 0x7fa496287a90>,<function <lambda> at 0x7fa496287b30>
6244,2020-09-17 03:00:00,<function <lambda> at 0x7fa4962879f0>,<function <lambda> at 0x7fa496287a90>,<function <lambda> at 0x7fa496287b30>
6245,2020-09-17 04:00:00,<function <lambda> at 0x7fa4962879f0>,<function <lambda> at 0x7fa496287a90>,<function <lambda> at 0x7fa496287b30>
6246,2020-09-17 05:00:00,<function <lambda> at 0x7fa4962879f0>,<function <lambda> at 0x7fa496287a90>,<function <lambda> at 0x7fa496287b30>
6247,2020-09-17 06:00:00,<function <lambda> at 0x7fa4962879f0>,<function <lambda> at 0x7fa496287a90>,<function <lambda> at 0x7fa496287b30>
6248,2020-09-17 07:00:00,<function <lambda> at 0x7fa4962879f0>,<function <lambda> at 0x7fa496287a90>,<function <lambda> at 0x7fa496287b30>
6249,2020-09-17 08:00:00,<function <lambda> at 0x7fa4962879f0>,<function <lambda> at 0x7fa496287a90>,<function <lambda> at 0x7fa496287b30>
6250,2020-09-17 09:00:00,<function <lambda> at 0x7fa4962879f0>,<function <lambda> at 0x7fa496287a90>,<function <lambda> at 0x7fa496287b30>
6251,2020-09-17 10:00:00,<function <lambda> at 0x7fa4962879f0>,<function <lambda> at 0x7fa496287a90>,<function <lambda> at 0x7fa496287b30>
6252,2020-09-17 11:00:00,<function <lambda> at 0x7fa4962879f0>,<function <lambda> at 0x7fa496287a90>,<function <lambda> at 0x7fa496287b30>
6253,2020-09-17 12:00:00,<function <lambda> at 0x7fa4962879f0>,<function <lambda> at 0x7fa496287a90>,<function <lambda> at 0x7fa496287b30>
6254,2020-09-17 13:00:00,<function <lambda> at 0x7fa4962879f0>,<function <lambda> at 0x7fa496287a90>,<function <lambda> at 0x7fa496287b30>
6255,2020-09-17 14:00:00,<function <lambda> at 0x7fa4962879f0>,<function <lambda> at 0x7fa496287a90>,<function <lambda> at 0x7fa496287b30>
6256,2020-09-17 15:00:00,<function <lambda> at 0x7fa4962879f0>,<function <lambda> at 0x7fa496287a90>,<function <lambda> at 0x7fa496287b30>
6257,2020-09-17 16:00:00,<function <lambda> at 0x7fa4962879f0>,<function <lambda> at 0x7fa496287a90>,<function <lambda> at 0x7fa496287b30>
6258,2020-09-17 17:00:00,<function <lambda> at 0x7fa4962879f0>,<function <lambda> at 0x7fa496287a90>,<function <lambda> at 0x7fa496287b30>
6259,2020-09-17 18:00:00,<function <lambda> at 0x7fa4962879f0>,<function <lambda> at 0x7fa496287a90>,<function <lambda> at 0x7fa496287b30>
6260,2020-09-17 19:00:00,<function <lambda> at 0x7fa4962879f0>,<function <lambda> at 0x7fa496287a90>,<function <lambda> at 0x7fa496287b30>
6261,2020-09-17 20:00:00,<function <lambda> at 0x7fa4962879f0>,<function <lambda> at 0x7fa496287a90>,<function <lambda> at 0x7fa496287b30>
6262,2020-09-17 21:00:00,<function <lambda> at 0x7fa4962879f0>,<function <lambda> at 0x7fa496287a90>,<function <lambda> at 0x7fa496287b30>
6263,2020-09-17 22:00:00,<function <lambda> at 0x7fa4962879f0>,<function <lambda> at 0x7fa496287a90>,<function <lambda> at 0x7fa496287b30>
6264,2020-09-17 23:00:00,<function <lambda> at 0x7fa4962879f0>,<function <lambda> at 0x7fa496287a90>,<function <lambda> at 0x7fa496287b30>
6265,2020-09-18 00:00:00,<function <lambda> at 0x7fa4962879f0>,<function <lambda> at 0x7fa496287a90>,<function <lambda> at 0x7fa496287b30>
6266,2020-09-18 01:00:00,<function <lambda> at 0x7fa4962879f0>,<function <lambda> at 0x7fa496287a90>,<function <lambda> at 0x7fa496287b30>
6267,2020-09-18 02:00:00,<function <lambda> at 0x7fa4962879f0>,<function <lambda> at 0x7fa496287a90>,<function <lambda> at 0x7fa496287b30>
6268,2020-09-18 03:00:00,<function <lambda> at 0x7fa4962879f0>,<function <lambda> at 0x7fa496287a90>,<function <lambda> at 0x7fa496287b30>
6269,2020-09-18 04:00:00,<function <lambda> at 0x7fa4962879f0>,<function <lambda> at 0x7fa496287a90>,<function <lambda> at 0x7fa496287b30>
6270,2020-09-18 05:00:00,<function <lambda> at 0x7fa4962879f0>,<function <lambda> at 0x7fa496287a90>,<function <lambda> at 0x7fa496287b30>
6271,2020-09-18 06:00:00,<function <lambda> at 0x7fa4962879f0>,<function <lambda> at 0x7fa496287a90>,<function <lambda> at 0x7fa496287b30>
6272,2020-09-18 07:00:00,<function <lambda> at 0x7fa4962879f0>,<function <lambda> at 0x7fa496287a90>,<function <lambda> at 0x7fa496287b30>
6273,2020-09-18 08:00:00,<function <lambda> at 0x7fa4962879f0>,<function <lambda> at 0x7fa496287a90>,<function <lambda> at 0x7fa496287b30>
6274,2020-09-18 09:00:00,<function <lambda> at 0x7fa4962879f0>,<function <lambda> at 0x7fa496287a90>,<function <lambda> at 0x7fa496287b30>
6275,2020-09-18 10:00:00,<function <lambda> at 0x7fa4962879f0>,<function <lambda> at 0x7fa496287a90>,<function <lambda> at 0x7fa496287b30>
6276,2020-09-18 11:00:00,<function <lambda> at 0x7fa4962879f0>,<function <lambda> at 0x7fa496287a90>,<function <lambda> at 0x7fa496287b30>
6277,2020-09-18 12:00:00,<function <lambda> at 0x7fa4962879f0>,<function <lambda> at 0x7fa496287a90>,<function <lambda> at 0x7fa496287b30>
6278,2020-09-18 13:00:00,<function <lambda> at 0x7fa4962879f0>,<function <lambda> at 0x7fa496287a90>,<function <lambda> at 0x7fa496287b30>
6279,2020-09-18 14:00:00,<function <lambda> at 0x7fa4962879f0>,<function <lambda> at 0x7fa496287a90>,<function <lambda> at 0x7fa496287b30>
6280,2020-09-18 15:00:00,<function <lambda> at 0x7fa4962879f0>,<function <lambda> at 0x7fa496287a90>,<function <lambda> at 0x7fa496287b30>
6281,2020-09-18 16:00:00,<function <lambda> at 0x7fa4962879f0>,<function <lambda> at 0x7fa496287a90>,<function <lambda> at 0x7fa496287b30>
6282,2020-09-18 17:00:00,<function <lambda> at 0x7fa4962879f0>,<function <lambda> at 0x7fa496287a90>,<function <lambda> at 0x7fa496287b30>
6283,2020-09-18 18:00:00,<function <lambda> at 0x7fa4962879f0>,<function <lambda> at 0x7fa496287a90>,<function <lambda> at 0x7fa496287b30>
6284,2020-09-18 19:00:00,<function <lambda> at 0x7fa4962879f0>,<function <lambda> at 0x7fa496287a90>,<function <lambda> at 0x7fa496287b30>
6285,2020-09-18 20:00:00,<function <lambda> at 0x7fa4962879f0>,<function <lambda> at 0x7fa496287a90>,<function <lambda> at 0x7fa496287b30>
6286,2020-09-18 21:00:00,<function <lambda> at 0x7fa4962879f0>,<function <lambda> at 0x7fa496287a90>,<function <lambda> at 0x7fa496287b30>
6287,2020-09-18 22:00:00,<function <lambda> at 0x7fa4962879f0>,<function <lambda> at 0x7fa496287a90>,<function <lambda> at 0x7fa496287b30>
6288,2020-09-18 23:00:00,<function <lambda> at 0x7fa4962879f0>,<function <lambda> at 0x7fa496287a90>,<function <lambda> at 0x7fa496287b30>
6289,2020-09-19 00:00:00,<function <lambda> at 0x7fa4962879f0>,<function <lambda> at 0x7fa496287a90>,<function <lambda> at 0x7fa496287b30>
6290,2020-09-19 01:00:00,<function <lambda> at 0x7fa4962879f0>,<function <lambda> at 0x7fa496287a90>,<function <lambda> at 0x7fa496287b30>
6291,2020-09-19 02:00:00,<function <lambda> at 0x7fa4962879f0>,<function <lambda> at 0x7fa496287a90>,<function <lambda> at 0x7fa496287b30>
6292,2020-09-19 03:00:00,<function <lambda> at 0x7fa4962879f0>,<function <lambda> at 0x7fa496287a90>,<function <lambda> at 0x7fa496287b30>
6293,2020-09-19 04:00:00,<function <lambda> at 0x7fa4962879f0>,<function <lambda> at 0x7fa496287a90>,<function <lambda> at 0x7fa496287b30>
6294,2020-09-19 05:00:00,<function <lambda> at 0x7fa4962879f0>,<function <lambda> at 0x7fa496287a90>,<function <lambda> at 0x7fa496287b30>
6295,2020-09-19 06:00:00,<function <lambda> at 0x7fa4962879f0>,<function <lambda> at 0x7fa496287a90>,<function <lambda> at 0x7fa496287b30>
6296,2020-09-19 07:00:00,<function <lambda> at 0x7fa4962879f0>,<function <lambda> at 0x7fa496287a90>,<function <lambda> at 0x7fa496287b30>
6297,2020-09-19 08:00:00,<function <lambda> at 0x7fa4962879f0>,<function <lambda> at 0x7fa496287a90>,<function <lambda> at 0x7fa496287b30>
6298,2020-09-19 09:00:00,<function <lambda> at 0x7fa4962879f0>,<function <lambda> at 0x7fa496287a90>,<function <lambda> at 0x7fa496287b30>
6299,2020-09-19 10:00:00,<function <lambda> at 0x7fa4962879f0>,<function <lambda> at 0x7fa496287a90>,<function <lambda> at 0x7fa496287b30>
6300,2020-09-19 11:00:00,<function <lambda> at 0x7fa4962879f0>,<function <lambda> at 0x7fa496287a90>,<function <lambda> at 0x7fa496287b30>
6301,2020-09-19 12:00:00,<function <lambda> at 0x7fa4962879f0>,<function <lambda> at 0x7fa496287a90>,<function <lambda> at 0x7fa496287b30>
6302,2020-09-19 13:00:00,<function <lambda> at 0x7fa4962879f0>,<function <lambda> at 0x7fa496287a90>,<function <lambda> at 0x7fa496287b30>
6303,2020-09-19 14:00:00,<function <lambda> at 0x7fa4962879f0>,<function <lambda> at 0x7fa496287a90>,<function <lambda> at 0x7fa496287b30>
6304,2020-09-19 15:00:00,<function <lambda> at 0x7fa4962879f0>,<function <lambda> at 0x7fa496287a90>,<function <lambda> at 0x7fa496287b30>
6305,2020-09-19 16:00:00,<function <lambda> at 0x7fa4962879f0>,<function <lambda> at 0x7fa496287a90>,<function <lambda> at 0x7fa496287b30>
6306,2020-09-19 17:00:00,<function <lambda> at 0x7fa4962879f0>,<function <lambda> at 0x7fa496287a90>,<function <lambda> at 0x7fa496287b30>
6307,2020-09-19 18:00:00,<function <lambda> at 0x7fa4962879f0>,<function <lambda> at 0x7fa496287a90>,<function <lambda> at 0x7fa496287b30>
6308,2020-09-19 19:00:00,<function <lambda> at 0x7fa4962879f0>,<function <lambda> at 0x7fa496287a90>,<function <lambda> at 0x7fa496287b30>
6309,2020-09-19 20:00:00,<function <lambda> at 0x7fa4962879f0>,<function <lambda> at 0x7fa496287a90>,<function <lambda> at 0x7fa496287b30>
6310,2020-09-19 21:00:00,<function <lambda> at 0x7fa4962879f0>,<function <lambda> at 0x7fa496287a90>,<function <lambda> at 0x7fa496287b30>
6311,2020-09-19 22:00:00,<function <lambda> at 0x7fa4962879f0>,<function <lambda> at 0x7fa496287a90>,<function <lambda> at 0x7fa496287b30>
6312,2020-09-19 23:00:00,<function <lambda> at 0x7fa4962879f0>,<function <lambda> at 0x7fa496287a90>,<function <lambda> at 0x7fa496287b30>
6313,2020-09-20 00:00:00,<function <lambda> at 0x7fa4962879f0>,<function <lambda> at 0x7fa496287a90>,<function <lambda> at 0x7fa496287b30>
6314,2020-09-20 01:00:00,<function <lambda> at 0x7fa4962879f0>,<function <lambda> at 0x7fa496287a90>,<function <lambda> at 0x7fa496287b30>
6315,2020-09-20 02:00:00,<function <lambda> at 0x7fa4962879f0>,<function <lambda> at 0x7fa496287a90>,<function <lambda> at 0x7fa496287b30>
6316,2020-09-20 03:00:00,<function <lambda> at 0x7fa4962879f0>,<function <lambda> at 0x7fa496287a90>,<function <lambda> at 0x7fa496287b30>
6317,2020-09-20 04:00:00,<function <lambda> at 0x7fa4962879f0>,<function <lambda> at 0x7fa496287a90>,<function <lambda> at 0x7fa496287b30>
6318,2020-09-20 05:00:00,<function <lambda> at 0x7fa4962879f0>,<function <lambda> at 0x7fa496287a90>,<function <lambda> at 0x7fa496287b30>
6319,2020-09-20 06:00:00,<function <lambda> at 0x7fa4962879f0>,<function <lambda> at 0x7fa496287a90>,<function <lambda> at 0x7fa496287b30>
6320,2020-09-20 07:00:00,<function <lambda> at 0x7fa4962879f0>,<function <lambda> at 0x7fa496287a90>,<function <lambda> at 0x7fa496287b30>
6321,2020-09-20 08:00:00,<function <lambda> at 0x7fa4962879f0>,<function <lambda> at 0x7fa496287a90>,<function <lambda> at 0x7fa496287b30>
6322,2020-09-20 09:00:00,<function <lambda> at 0x7fa4962879f0>,<function <lambda> at 0x7fa496287a90>,<function <lambda> at 0x7fa496287b30>
6323,2020-09-20 10:00:00,<function <lambda> at 0x7fa4962879f0>,<function <lambda> at 0x7fa496287a90>,<function <lambda> at 0x7fa496287b30>
6324,2020-09-20 11:00:00,<function <lambda> at 0x7fa4962879f0>,<function <lambda> at 0x7fa496287a90>,<function <lambda> at 0x7fa496287b30>
6325,2020-09-20 12:00:00,<function <lambda> at 0x7fa4962879f0>,<function <lambda> at 0x7fa496287a90>,<function <lambda> at 0x7fa496287b30>
6326,2020-09-20 13:00:00,<function <lambda> at 0x7fa4962879f0>,<function <lambda> at 0x7fa496287a90>,<function <lambda> at 0x7fa496287b30>
6327,2020-09-20 14:00:00,<function <lambda> at 0x7fa4962879f0>,<function <lambda> at 0x7fa496287a90>,<function <lambda> at 0x7fa496287b30>
6328,2020-09-20 15:00:00,<function <lambda> at 0x7fa4962879f0>,<function <lambda> at 0x7fa496287a90>,<function <lambda> at 0x7fa496287b30>
6329,2020-09-20 16:00:00,<function <lambda> at 0x7fa4962879f0>,<function <lambda> at 0x7fa496287a90>,<function <lambda> at 0x7fa496287b30>
6330,2020-09-20 17:00:00,<function <lambda> at 0x7fa4962879f0>,<function <lambda> at 0x7fa496287a90>,<function <lambda> at 0x7fa496287b30>
6331,2020-09-20 18:00:00,<function <lambda> at 0x7fa4962879f0>,<function <lambda> at 0x7fa496287a90>,<function <lambda> at 0x7fa496287b30>
6332,2020-09-20 19:00:00,<function <lambda> at 0x7fa4962879f0>,<function <lambda> at 0x7fa496287a90>,<function <lambda> at 0x7fa496287b30>
6333,2020-09-20 20:00:00,<function <lambda> at 0x7fa4962879f0>,<function <lambda> at 0x7fa496287a90>,<function <lambda> at 0x7fa496287b30>
6334,2020-09-20 21:00:00,<function <lambda> at 0x7fa4962879f0>,<function <lambda> at 0x7fa496287a90>,<function <lambda> at 0x7fa496287b30>
6335,2020-09-20 22:00:00,<function <lambda> at 0x7fa4962879f0>,<function <lambda> at 0x7fa496287a90>,<function <lambda> at 0x7fa496287b30>
6336,2020-09-20 23:00:00,<function <lambda> at 0x7fa4962879f0>,<function <lambda> at 0x7fa496287a90>,<function <lambda> at 0x7fa496287b30>
6337,2020-09-21 00:00:00,<function <lambda> at 0x7fa4962879f0>,<function <lambda> at 0x7fa496287a90>,<function <lambda> at 0x7fa496287b30>
6338,2020-09-21 01:00:00,<function <lambda> at 0x7fa4962879f0>,<function <lambda> at 0x7fa496287a90>,<function <lambda> at 0x7fa496287b30>
6339,2020-09-21 02:00:00,<function <lambda> at 0x7fa4962879f0>,<function <lambda> at 0x7fa496287a90>,<function <lambda> at 0x7fa496287b30>
6340,2020-09-21 03:00:00,<function <lambda> at 0x7fa4962879f0>,<function <lambda> at 0x7fa496287a90>,<function <lambda> at 0x7fa496287b30>
6341,2020-09-21 04:00:00,<function <lambda> at 0x7fa4962879f0>,<function <lambda> at 0x7fa496287a90>,<function <lambda> at 0x7fa496287b30>
6342,2020-09-21 05:00:00,<function <lambda> at 0x7fa4962879f0>,<function <lambda> at 0x7fa496287a90>,<function <lambda> at 0x7fa496287b30>
6343,2020-09-21 06:00:00,<function <lambda> at 0x7fa4962879f0>,<function <lambda> at 0x7fa496287a90>,<function <lambda> at 0x7fa496287b30>
6344,2020-09-21 07:00:00,<function <lambda> at 0x7fa4962879f0>,<function <lambda> at 0x7fa496287a90>,<function <lambda> at 0x7fa496287b30>
6345,2020-09-21 08:00:00,<function <lambda> at 0x7fa4962879f0>,<function <lambda> at 0x7fa496287a90>,<function <lambda> at 0x7fa496287b30>
6346,2020-09-21 09:00:00,<function <lambda> at 0x7fa4962879f0>,<function <lambda> at 0x7fa496287a90>,<function <lambda> at 0x7fa496287b30>
6347,2020-09-21 10:00:00,<function <lambda> at 0x7fa4962879f0>,<function <lambda> at 0x7fa496287a90>,<function <lambda> at 0x7fa496287b30>
6348,2020-09-21 11:00:00,<function <lambda> at 0x7fa4962879f0>,<function <lambda> at 0x7fa496287a90>,<function <lambda> at 0x7fa496287b30>
6349,2020-09-21 12:00:00,<function <lambda> at 0x7fa4962879f0>,<function <lambda> at 0x7fa496287a90>,<function <lambda> at 0x7fa496287b30>
6350,2020-09-21 13:00:00,<function <lambda> at 0x7fa4962879f0>,<function <lambda> at 0x7fa496287a90>,<function <lambda> at 0x7fa496287b30>
6351,2020-09-21 14:00:00,<function <lambda> at 0x7fa4962879f0>,<function <lambda> at 0x7fa496287a90>,<function <lambda> at 0x7fa496287b30>
6352,2020-09-21 15:00:00,<function <lambda> at 0x7fa4962879f0>,<function <lambda> at 0x7fa496287a90>,<function <lambda> at 0x7fa496287b30>
6353,2020-09-21 16:00:00,<function <lambda> at 0x7fa4962879f0>,<function <lambda> at 0x7fa496287a90>,<function <lambda> at 0x7fa496287b30>
6354,2020-09-21 17:00:00,<function <lambda> at 0x7fa4962879f0>,<function <lambda> at 0x7fa496287a90>,<function <lambda> at 0x7fa496287b30>
6355,2020-09-21 18:00:00,<function <lambda> at 0x7fa4962879f0>,<function <lambda> at 0x7fa496287a90>,<function <lambda> at 0x7fa496287b30>
6356,2020-09-21 19:00:00,<function <lambda> at 0x7fa4962879f0>,<function <lambda> at 0x7fa496287a90>,<function <lambda> at 0x7fa496287b30>
6357,2020-09-21 20:00:00,<function <lambda> at 0x7fa4962879f0>,<function <lambda> at 0x7fa496287a90>,<function <lambda> at 0x7fa496287b30>
6358,2020-09-21 21:00:00,<function <lambda> at 0x7fa4962879f0>,<function <lambda> at 0x7fa496287a90>,<function <lambda> at 0x7fa496287b30>
6359,2020-09-21 22:00:00,<function <lambda> at 0x7fa4962879f0>,<function <lambda> at 0x7fa496287a90>,<function <lambda> at 0x7fa496287b30>
6360,2020-09-21 23:00:00,<function <lambda> at 0x7fa4962879f0>,<function <lambda> at 0x7fa496287a90>,<function <lambda> at 0x7fa496287b30>
6361,2020-09-22 00:00:00,<function <lambda> at 0x7fa4962879f0>,<function <lambda> at 0x7fa496287a90>,<function <lambda> at 0x7fa496287b30>
6362,2020-09-22 01:00:00,<function <lambda> at 0x7fa4962879f0>,<function <lambda> at 0x7fa496287a90>,<function <lambda> at 0x7fa496287b30>
6363,2020-09-22 02:00:00,<function <lambda> at 0x7fa4962879f0>,<function <lambda> at 0x7fa496287a90>,<function <lambda> at 0x7fa496287b30>
6364,2020-09-22 03:00:00,<function <lambda> at 0x7fa4962879f0>,<function <lambda> at 0x7fa496287a90>,<function <lambda> at 0x7fa496287b30>
6365,2020-09-22 04:00:00,<function <lambda> at 0x7fa4962879f0>,<function <lambda> at 0x7fa496287a90>,<function <lambda> at 0x7fa496287b30>
6366,2020-09-22 05:00:00,<function <lambda> at 0x7fa4962879f0>,<function <lambda> at 0x7fa496287a90>,<function <lambda> at 0x7fa496287b30>
6367,2020-09-22 06:00:00,<function <lambda> at 0x7fa4962879f0>,<function <lambda> at 0x7fa496287a90>,<function <lambda> at 0x7fa496287b30>
6368,2020-09-22 07:00:00,<function <lambda> at 0x7fa4962879f0>,<function <lambda> at 0x7fa496287a90>,<function <lambda> at 0x7fa496287b30>
6369,2020-09-22 08:00:00,<function <lambda> at 0x7fa4962879f0>,<function <lambda> at 0x7fa496287a90>,<function <lambda> at 0x7fa496287b30>
6370,2020-09-22 09:00:00,<function <lambda> at 0x7fa4962879f0>,<function <lambda> at 0x7fa496287a90>,<function <lambda> at 0x7fa496287b30>
6371,2020-09-22 10:00:00,<function <lambda> at 0x7fa4962879f0>,<function <lambda> at 0x7fa496287a90>,<function <lambda> at 0x7fa496287b30>
6372,2020-09-22 11:00:00,<function <lambda> at 0x7fa4962879f0>,<function <lambda> at 0x7fa496287a90>,<function <lambda> at 0x7fa496287b30>
6373,2020-09-22 12:00:00,<function <lambda> at 0x7fa4962879f0>,<function <lambda> at 0x7fa496287a90>,<function <lambda> at 0x7fa496287b30>
6374,2020-09-22 13:00:00,<function <lambda> at 0x7fa4962879f0>,<function <lambda> at 0x7fa496287a90>,<function <lambda> at 0x7fa496287b30>
6375,2020-09-22 14:00:00,<function <lambda> at 0x7fa4962879f0>,<function <lambda> at 0x7fa496287a90>,<function <lambda> at 0x7fa496287b30>
6376,2020-09-22 15:00:00,<function <lambda> at 0x7fa4962879f0>,<function <lambda> at 0x7fa496287a90>,<function <lambda> at 0x7fa496287b30>
6377,2020-09-22 16:00:00,<function <lambda> at 0x7fa4962879f0>,<function <lambda> at 0x7fa496287a90>,<function <lambda> at 0x7fa496287b30>
6378,2020-09-22 17:00:00,<function <lambda> at 0x7fa4962879f0>,<function <lambda> at 0x7fa496287a90>,<function <lambda> at 0x7fa496287b30>
6379,2020-09-22 18:00:00,<function <lambda> at 0x7fa4962879f0>,<function <lambda> at 0x7fa496287a90>,<function <lambda> at 0x7fa496287b30>
6380,2020-09-22 19:00:00,<function <lambda> at 0x7fa4962879f0>,<function <lambda> at 0x7fa496287a90>,<function <lambda> at 0x7fa496287b30>
6381,2020-09-22 20:00:00,<function <lambda> at 0x7fa4962879f0>,<function <lambda> at 0x7fa496287a90>,<function <lambda> at 0x7fa496287b30>
6382,2020-09-22 21:00:00,<function <lambda> at 0x7fa4962879f0>,<function <lambda> at 0x7fa496287a90>,<function <lambda> at 0x7fa496287b30>
6383,2020-09-22 22:00:00,<function <lambda> at 0x7fa4962879f0>,<function <lambda> at 0x7fa496287a90>,<function <lambda> at 0x7fa496287b30>
6384,2020-09-22 23:00:00,<function <lambda> at 0x7fa4962879f0>,<function <lambda> at 0x7fa496287a90>,<function <lambda> at 0x7fa496287b30>
6385,2020-09-23 00:00:00,<function <lambda> at 0x7fa4962879f0>,<function <lambda> at 0x7fa496287a90>,<function <lambda> at 0x7fa496287b30>
6386,2020-09-23 01:00:00,<function <lambda> at 0x7fa4962879f0>,<function <lambda> at 0x7fa496287a90>,<function <lambda> at 0x7fa496287b30>
6387,2020-09-23 02:00:00,<function <lambda> at 0x7fa4962879f0>,<function <lambda> at 0x7fa496287a90>,<function <lambda> at 0x7fa496287b30>
6388,2020-09-23 03:00:00,<function <lambda> at 0x7fa4962879f0>,<function <lambda> at 0x7fa496287a90>,<function <lambda> at 0x7fa496287b30>
6389,2020-09-23 04:00:00,<function <lambda> at 0x7fa4962879f0>,<function <lambda> at 0x7fa496287a90>,<function <lambda> at 0x7fa496287b30>
6390,2020-09-23 05:00:00,<function <lambda> at 0x7fa4962879f0>,<function <lambda> at 0x7fa496287a90>,<function <lambda> at 0x7fa496287b30>
6391,2020-09-23 06:00:00,<function <lambda> at 0x7fa4962879f0>,<function <lambda> at 0x7fa496287a90>,<function <lambda> at 0x7fa496287b30>
6392,2020-09-23 07:00:00,<function <lambda> at 0x7fa4962879f0>,<function <lambda> at 0x7fa496287a90>,<function <lambda> at 0x7fa496287b30>
6393,2020-09-23 08:00:00,<function <lambda> at 0x7fa4962879f0>,<function <lambda> at 0x7fa496287a90>,<function <lambda> at 0x7fa496287b30>
6394,2020-09-23 09:00:00,<function <lambda> at 0x7fa4962879f0>,<function <lambda> at 0x7fa496287a90>,<function <lambda> at 0x7fa496287b30>
6395,2020-09-23 10:00:00,<function <lambda> at 0x7fa4962879f0>,<function <lambda> at 0x7fa496287a90>,<function <lambda> at 0x7fa496287b30>
6396,2020-09-23 11:00:00,<function <lambda> at 0x7fa4962879f0>,<function <lambda> at 0x7fa496287a90>,<function <lambda> at 0x7fa496287b30>
6397,2020-09-23 12:00:00,<function <lambda> at 0x7fa4962879f0>,<function <lambda> at 0x7fa496287a90>,<function <lambda> at 0x7fa496287b30>
6398,2020-09-23 13:00:00,<function <lambda> at 0x7fa4962879f0>,<function <lambda> at 0x7fa496287a90>,<function <lambda> at 0x7fa496287b30>
6399,2020-09-23 14:00:00,<function <lambda> at 0x7fa4962879f0>,<function <lambda> at 0x7fa496287a90>,<function <lambda> at 0x7fa496287b30>
6400,2020-09-23 15:00:00,<function <lambda> at 0x7fa4962879f0>,<function <lambda> at 0x7fa496287a90>,<function <lambda> at 0x7fa496287b30>
6401,2020-09-23 16:00:00,<function <lambda> at 0x7fa4962879f0>,<function <lambda> at 0x7fa496287a90>,<function <lambda> at 0x7fa496287b30>
6402,2020-09-23 17:00:00,<function <lambda> at 0x7fa4962879f0>,<function <lambda> at 0x7fa496287a90>,<function <lambda> at 0x7fa496287b30>
6403,2020-09-23 18:00:00,<function <lambda> at 0x7fa4962879f0>,<function <lambda> at 0x7fa496287a90>,<function <lambda> at 0x7fa496287b30>
6404,2020-09-23 19:00:00,<function <lambda> at 0x7fa4962879f0>,<function <lambda> at 0x7fa496287a90>,<function <lambda> at 0x7fa496287b30>
6405,2020-09-23 20:00:00,<function <lambda> at 0x7fa4962879f0>,<function <lambda> at 0x7fa496287a90>,<function <lambda> at 0x7fa496287b30>
6406,2020-09-23 21:00:00,<function <lambda> at 0x7fa4962879f0>,<function <lambda> at 0x7fa496287a90>,<function <lambda> at 0x7fa496287b30>
6407,2020-09-23 22:00:00,<function <lambda> at 0x7fa4962879f0>,<function <lambda> at 0x7fa496287a90>,<function <lambda> at 0x7fa496287b30>
6408,2020-09-23 23:00:00,<function <lambda> at 0x7fa4962879f0>,<function <lambda> at 0x7fa496287a90>,<function <lambda> at 0x7fa496287b30>
6409,2020-09-24 00:00:00,<function <lambda> at 0x7fa4962879f0>,<function <lambda> at 0x7fa496287a90>,<function <lambda> at 0x7fa496287b30>
6410,2020-09-24 01:00:00,<function <lambda> at 0x7fa4962879f0>,<function <lambda> at 0x7fa496287a90>,<function <lambda> at 0x7fa496287b30>
6411,2020-09-24 02:00:00,<function <lambda> at 0x7fa4962879f0>,<function <lambda> at 0x7fa496287a90>,<function <lambda> at 0x7fa496287b30>
6412,2020-09-24 03:00:00,<function <lambda> at 0x7fa4962879f0>,<function <lambda> at 0x7fa496287a90>,<function <lambda> at 0x7fa496287b30>
6413,2020-09-24 04:00:00,<function <lambda> at 0x7fa4962879f0>,<function <lambda> at 0x7fa496287a90>,<function <lambda> at 0x7fa496287b30>
6414,2020-09-24 05:00:00,<function <lambda> at 0x7fa4962879f0>,<function <lambda> at 0x7fa496287a90>,<function <lambda> at 0x7fa496287b30>
6415,2020-09-24 06:00:00,<function <lambda> at 0x7fa4962879f0>,<function <lambda> at 0x7fa496287a90>,<function <lambda> at 0x7fa496287b30>
6416,2020-09-24 07:00:00,<function <lambda> at 0x7fa4962879f0>,<function <lambda> at 0x7fa496287a90>,<function <lambda> at 0x7fa496287b30>
6417,2020-09-24 08:00:00,<function <lambda> at 0x7fa4962879f0>,<function <lambda> at 0x7fa496287a90>,<function <lambda> at 0x7fa496287b30>
6418,2020-09-24 09:00:00,<function <lambda> at 0x7fa4962879f0>,<function <lambda> at 0x7fa496287a90>,<function <lambda> at 0x7fa496287b30>
6419,2020-09-24 10:00:00,<function <lambda> at 0x7fa4962879f0>,<function <lambda> at 0x7fa496287a90>,<function <lambda> at 0x7fa496287b30>
6420,2020-09-24 11:00:00,<function <lambda> at 0x7fa4962879f0>,<function <lambda> at 0x7fa496287a90>,<function <lambda> at 0x7fa496287b30>
6421,2020-09-24 12:00:00,<function <lambda> at 0x7fa4962879f0>,<function <lambda> at 0x7fa496287a90>,<function <lambda> at 0x7fa496287b30>
6422,2020-09-24 13:00:00,<function <lambda> at 0x7fa4962879f0>,<function <lambda> at 0x7fa496287a90>,<function <lambda> at 0x7fa496287b30>
6423,2020-09-24 14:00:00,<function <lambda> at 0x7fa4962879f0>,<function <lambda> at 0x7fa496287a90>,<function <lambda> at 0x7fa496287b30>
6424,2020-09-24 15:00:00,<function <lambda> at 0x7fa4962879f0>,<function <lambda> at 0x7fa496287a90>,<function <lambda> at 0x7fa496287b30>
6425,2020-09-24 16:00:00,<function <lambda> at 0x7fa4962879f0>,<function <lambda> at 0x7fa496287a90>,<function <lambda> at 0x7fa496287b30>
6426,2020-09-24 17:00:00,<function <lambda> at 0x7fa4962879f0>,<function <lambda> at 0x7fa496287a90>,<function <lambda> at 0x7fa496287b30>
6427,2020-09-24 18:00:00,<function <lambda> at 0x7fa4962879f0>,<function <lambda> at 0x7fa496287a90>,<function <lambda> at 0x7fa496287b30>
6428,2020-09-24 19:00:00,<function <lambda> at 0x7fa4962879f0>,<function <lambda> at 0x7fa496287a90>,<function <lambda> at 0x7fa496287b30>
6429,2020-09-24 20:00:00,<function <lambda> at 0x7fa4962879f0>,<function <lambda> at 0x7fa496287a90>,<function <lambda> at 0x7fa496287b30>
6430,2020-09-24 21:00:00,<function <lambda> at 0x7fa4962879f0>,<function <lambda> at 0x7fa496287a90>,<function <lambda> at 0x7fa496287b30>
6431,2020-09-24 22:00:00,<function <lambda> at 0x7fa4962879f0>,<function <lambda> at 0x7fa496287a90>,<function <lambda> at 0x7fa496287b30>
6432,2020-09-24 23:00:00,<function <lambda> at 0x7fa4962879f0>,<function <lambda> at 0x7fa496287a90>,<function <lambda> at 0x7fa496287b30>
6433,2020-09-25 00:00:00,<function <lambda> at 0x7fa4962879f0>,<function <lambda> at 0x7fa496287a90>,<function <lambda> at 0x7fa496287b30>
6434,2020-09-25 01:00:00,<function <lambda> at 0x7fa4962879f0>,<function <lambda> at 0x7fa496287a90>,<function <lambda> at 0x7fa496287b30>
6435,2020-09-25 02:00:00,<function <lambda> at 0x7fa4962879f0>,<function <lambda> at 0x7fa496287a90>,<function <lambda> at 0x7fa496287b30>
6436,2020-09-25 03:00:00,<function <lambda> at 0x7fa4962879f0>,<function <lambda> at 0x7fa496287a90>,<function <lambda> at 0x7fa496287b30>
6437,2020-09-25 04:00:00,<function <lambda> at 0x7fa4962879f0>,<function <lambda> at 0x7fa496287a90>,<function <lambda> at 0x7fa496287b30>
6438,2020-09-25 05:00:00,<function <lambda> at 0x7fa4962879f0>,<function <lambda> at 0x7fa496287a90>,<function <lambda> at 0x7fa496287b30>
6439,2020-09-25 06:00:00,<function <lambda> at 0x7fa4962879f0>,<function <lambda> at 0x7fa496287a90>,<function <lambda> at 0x7fa496287b30>
6440,2020-09-25 07:00:00,<function <lambda> at 0x7fa4962879f0>,<function <lambda> at 0x7fa496287a90>,<function <lambda> at 0x7fa496287b30>
6441,2020-09-25 08:00:00,<function <lambda> at 0x7fa4962879f0>,<function <lambda> at 0x7fa496287a90>,<function <lambda> at 0x7fa496287b30>
6442,2020-09-25 09:00:00,<function <lambda> at 0x7fa4962879f0>,<function <lambda> at 0x7fa496287a90>,<function <lambda> at 0x7fa496287b30>
6443,2020-09-25 10:00:00,<function <lambda> at 0x7fa4962879f0>,<function <lambda> at 0x7fa496287a90>,<function <lambda> at 0x7fa496287b30>
6444,2020-09-25 11:00:00,<function <lambda> at 0x7fa4962879f0>,<function <lambda> at 0x7fa496287a90>,<function <lambda> at 0x7fa496287b30>
6445,2020-09-25 12:00:00,<function <lambda> at 0x7fa4962879f0>,<function <lambda> at 0x7fa496287a90>,<function <lambda> at 0x7fa496287b30>
6446,2020-09-25 13:00:00,<function <lambda> at 0x7fa4962879f0>,<function <lambda> at 0x7fa496287a90>,<function <lambda> at 0x7fa496287b30>
6447,2020-09-25 14:00:00,<function <lambda> at 0x7fa4962879f0>,<function <lambda> at 0x7fa496287a90>,<function <lambda> at 0x7fa496287b30>
6448,2020-09-25 15:00:00,<function <lambda> at 0x7fa4962879f0>,<function <lambda> at 0x7fa496287a90>,<function <lambda> at 0x7fa496287b30>
6449,2020-09-25 16:00:00,<function <lambda> at 0x7fa4962879f0>,<function <lambda> at 0x7fa496287a90>,<function <lambda> at 0x7fa496287b30>
6450,2020-09-25 17:00:00,<function <lambda> at 0x7fa4962879f0>,<function <lambda> at 0x7fa496287a90>,<function <lambda> at 0x7fa496287b30>
6451,2020-09-25 18:00:00,<function <lambda> at 0x7fa4962879f0>,<function <lambda> at 0x7fa496287a90>,<function <lambda> at 0x7fa496287b30>
6452,2020-09-25 19:00:00,<function <lambda> at 0x7fa4962879f0>,<function <lambda> at 0x7fa496287a90>,<function <lambda> at 0x7fa496287b30>
6453,2020-09-25 20:00:00,<function <lambda> at 0x7fa4962879f0>,<function <lambda> at 0x7fa496287a90>,<function <lambda> at 0x7fa496287b30>
6454,2020-09-25 21:00:00,<function <lambda> at 0x7fa4962879f0>,<function <lambda> at 0x7fa496287a90>,<function <lambda> at 0x7fa496287b30>
6455,2020-09-25 22:00:00,<function <lambda> at 0x7fa4962879f0>,<function <lambda> at 0x7fa496287a90>,<function <lambda> at 0x7fa496287b30>
6456,2020-09-25 23:00:00,<function <lambda> at 0x7fa4962879f0>,<function <lambda> at 0x7fa496287a90>,<function <lambda> at 0x7fa496287b30>
6457,2020-09-26 00:00:00,<function <lambda> at 0x7fa4962879f0>,<function <lambda> at 0x7fa496287a90>,<function <lambda> at 0x7fa496287b30>
6458,2020-09-26 01:00:00,<function <lambda> at 0x7fa4962879f0>,<function <lambda> at 0x7fa496287a90>,<function <lambda> at 0x7fa496287b30>
6459,2020-09-26 02:00:00,<function <lambda> at 0x7fa4962879f0>,<function <lambda> at 0x7fa496287a90>,<function <lambda> at 0x7fa496287b30>
6460,2020-09-26 03:00:00,<function <lambda> at 0x7fa4962879f0>,<function <lambda> at 0x7fa496287a90>,<function <lambda> at 0x7fa496287b30>
6461,2020-09-26 04:00:00,<function <lambda> at 0x7fa4962879f0>,<function <lambda> at 0x7fa496287a90>,<function <lambda> at 0x7fa496287b30>
6462,2020-09-26 05:00:00,<function <lambda> at 0x7fa4962879f0>,<function <lambda> at 0x7fa496287a90>,<function <lambda> at 0x7fa496287b30>
6463,2020-09-26 06:00:00,<function <lambda> at 0x7fa4962879f0>,<function <lambda> at 0x7fa496287a90>,<function <lambda> at 0x7fa496287b30>
6464,2020-09-26 07:00:00,<function <lambda> at 0x7fa4962879f0>,<function <lambda> at 0x7fa496287a90>,<function <lambda> at 0x7fa496287b30>
6465,2020-09-26 08:00:00,<function <lambda> at 0x7fa4962879f0>,<function <lambda> at 0x7fa496287a90>,<function <lambda> at 0x7fa496287b30>
6466,2020-09-26 09:00:00,<function <lambda> at 0x7fa4962879f0>,<function <lambda> at 0x7fa496287a90>,<function <lambda> at 0x7fa496287b30>
6467,2020-09-26 10:00:00,<function <lambda> at 0x7fa4962879f0>,<function <lambda> at 0x7fa496287a90>,<function <lambda> at 0x7fa496287b30>
6468,2020-09-26 11:00:00,<function <lambda> at 0x7fa4962879f0>,<function <lambda> at 0x7fa496287a90>,<function <lambda> at 0x7fa496287b30>
6469,2020-09-26 12:00:00,<function <lambda> at 0x7fa4962879f0>,<function <lambda> at 0x7fa496287a90>,<function <lambda> at 0x7fa496287b30>
6470,2020-09-26 13:00:00,<function <lambda> at 0x7fa4962879f0>,<function <lambda> at 0x7fa496287a90>,<function <lambda> at 0x7fa496287b30>
6471,2020-09-26 14:00:00,<function <lambda> at 0x7fa4962879f0>,<function <lambda> at 0x7fa496287a90>,<function <lambda> at 0x7fa496287b30>
6472,2020-09-26 15:00:00,<function <lambda> at 0x7fa4962879f0>,<function <lambda> at 0x7fa496287a90>,<function <lambda> at 0x7fa496287b30>
6473,2020-09-26 16:00:00,<function <lambda> at 0x7fa4962879f0>,<function <lambda> at 0x7fa496287a90>,<function <lambda> at 0x7fa496287b30>
6474,2020-09-26 17:00:00,<function <lambda> at 0x7fa4962879f0>,<function <lambda> at 0x7fa496287a90>,<function <lambda> at 0x7fa496287b30>
6475,2020-09-26 18:00:00,<function <lambda> at 0x7fa4962879f0>,<function <lambda> at 0x7fa496287a90>,<function <lambda> at 0x7fa496287b30>
6476,2020-09-26 19:00:00,<function <lambda> at 0x7fa4962879f0>,<function <lambda> at 0x7fa496287a90>,<function <lambda> at 0x7fa496287b30>
6477,2020-09-26 20:00:00,<function <lambda> at 0x7fa4962879f0>,<function <lambda> at 0x7fa496287a90>,<function <lambda> at 0x7fa496287b30>
6478,2020-09-26 21:00:00,<function <lambda> at 0x7fa4962879f0>,<function <lambda> at 0x7fa496287a90>,<function <lambda> at 0x7fa496287b30>
6479,2020-09-26 22:00:00,<function <lambda> at 0x7fa4962879f0>,<function <lambda> at 0x7fa496287a90>,<function <lambda> at 0x7fa496287b30>
6480,2020-09-26 23:00:00,<function <lambda> at 0x7fa4962879f0>,<function <lambda> at 0x7fa496287a90>,<function <lambda> at 0x7fa496287b30>
6481,2020-09-27 00:00:00,<function <lambda> at 0x7fa4962879f0>,<function <lambda> at 0x7fa496287a90>,<function <lambda> at 0x7fa496287b30>
6482,2020-09-27 01:00:00,<function <lambda> at 0x7fa4962879f0>,<function <lambda> at 0x7fa496287a90>,<function <lambda> at 0x7fa496287b30>
6483,2020-09-27 02:00:00,<function <lambda> at 0x7fa4962879f0>,<function <lambda> at 0x7fa496287a90>,<function <lambda> at 0x7fa496287b30>
6484,2020-09-27 03:00:00,<function <lambda> at 0x7fa4962879f0>,<function <lambda> at 0x7fa496287a90>,<function <lambda> at 0x7fa496287b30>
6485,2020-09-27 04:00:00,<function <lambda> at 0x7fa4962879f0>,<function <lambda> at 0x7fa496287a90>,<function <lambda> at 0x7fa496287b30>
6486,2020-09-27 05:00:00,<function <lambda> at 0x7fa4962879f0>,<function <lambda> at 0x7fa496287a90>,<function <lambda> at 0x7fa496287b30>
6487,2020-09-27 06:00:00,<function <lambda> at 0x7fa4962879f0>,<function <lambda> at 0x7fa496287a90>,<function <lambda> at 0x7fa496287b30>
6488,2020-09-27 07:00:00,<function <lambda> at 0x7fa4962879f0>,<function <lambda> at 0x7fa496287a90>,<function <lambda> at 0x7fa496287b30>
6489,2020-09-27 08:00:00,<function <lambda> at 0x7fa4962879f0>,<function <lambda> at 0x7fa496287a90>,<function <lambda> at 0x7fa496287b30>
6490,2020-09-27 09:00:00,<function <lambda> at 0x7fa4962879f0>,<function <lambda> at 0x7fa496287a90>,<function <lambda> at 0x7fa496287b30>
6491,2020-09-27 10:00:00,<function <lambda> at 0x7fa4962879f0>,<function <lambda> at 0x7fa496287a90>,<function <lambda> at 0x7fa496287b30>
6492,2020-09-27 11:00:00,<function <lambda> at 0x7fa4962879f0>,<function <lambda> at 0x7fa496287a90>,<function <lambda> at 0x7fa496287b30>
6493,2020-09-27 12:00:00,<function <lambda> at 0x7fa4962879f0>,<function <lambda> at 0x7fa496287a90>,<function <lambda> at 0x7fa496287b30>
6494,2020-09-27 13:00:00,<function <lambda> at 0x7fa4962879f0>,<function <lambda> at 0x7fa496287a90>,<function <lambda> at 0x7fa496287b30>
6495,2020-09-27 14:00:00,<function <lambda> at 0x7fa4962879f0>,<function <lambda> at 0x7fa496287a90>,<function <lambda> at 0x7fa496287b30>
6496,2020-09-27 15:00:00,<function <lambda> at 0x7fa4962879f0>,<function <lambda> at 0x7fa496287a90>,<function <lambda> at 0x7fa496287b30>
6497,2020-09-27 16:00:00,<function <lambda> at 0x7fa4962879f0>,<function <lambda> at 0x7fa496287a90>,<function <lambda> at 0x7fa496287b30>
6498,2020-09-27 17:00:00,<function <lambda> at 0x7fa4962879f0>,<function <lambda> at 0x7fa496287a90>,<function <lambda> at 0x7fa496287b30>
6499,2020-09-27 18:00:00,<function <lambda> at 0x7fa4962879f0>,<function <lambda> at 0x7fa496287a90>,<function <lambda> at 0x7fa496287b30>
6500,2020-09-27 19:00:00,<function <lambda> at 0x7fa4962879f0>,<function <lambda> at 0x7fa496287a90>,<function <lambda> at 0x7fa496287b30>
6501,2020-09-27 20:00:00,<function <lambda> at 0x7fa4962879f0>,<function <lambda> at 0x7fa496287a90>,<function <lambda> at 0x7fa496287b30>
6502,2020-09-27 21:00:00,<function <lambda> at 0x7fa4962879f0>,<function <lambda> at 0x7fa496287a90>,<function <lambda> at 0x7fa496287b30>
6503,2020-09-27 22:00:00,<function <lambda> at 0x7fa4962879f0>,<function <lambda> at 0x7fa496287a90>,<function <lambda> at 0x7fa496287b30>
6504,2020-09-27 23:00:00,<function <lambda> at 0x7fa4962879f0>,<function <lambda> at 0x7fa496287a90>,<function <lambda> at 0x7fa496287b30>
6505,2020-09-28 00:00:00,<function <lambda> at 0x7fa4962879f0>,<function <lambda> at 0x7fa496287a90>,<function <lambda> at 0x7fa496287b30>
6506,2020-09-28 01:00:00,<function <lambda> at 0x7fa4962879f0>,<function <lambda> at 0x7fa496287a90>,<function <lambda> at 0x7fa496287b30>
6507,2020-09-28 02:00:00,<function <lambda> at 0x7fa4962879f0>,<function <lambda> at 0x7fa496287a90>,<function <lambda> at 0x7fa496287b30>
6508,2020-09-28 03:00:00,<function <lambda> at 0x7fa4962879f0>,<function <lambda> at 0x7fa496287a90>,<function <lambda> at 0x7fa496287b30>
6509,2020-09-28 04:00:00,<function <lambda> at 0x7fa4962879f0>,<function <lambda> at 0x7fa496287a90>,<function <lambda> at 0x7fa496287b30>
6510,2020-09-28 05:00:00,<function <lambda> at 0x7fa4962879f0>,<function <lambda> at 0x7fa496287a90>,<function <lambda> at 0x7fa496287b30>
6511,2020-09-28 06:00:00,<function <lambda> at 0x7fa4962879f0>,<function <lambda> at 0x7fa496287a90>,<function <lambda> at 0x7fa496287b30>
6512,2020-09-28 07:00:00,<function <lambda> at 0x7fa4962879f0>,<function <lambda> at 0x7fa496287a90>,<function <lambda> at 0x7fa496287b30>
6513,2020-09-28 08:00:00,<function <lambda> at 0x7fa4962879f0>,<function <lambda> at 0x7fa496287a90>,<function <lambda> at 0x7fa496287b30>
6514,2020-09-28 09:00:00,<function <lambda> at 0x7fa4962879f0>,<function <lambda> at 0x7fa496287a90>,<function <lambda> at 0x7fa496287b30>
6515,2020-09-28 10:00:00,<function <lambda> at 0x7fa4962879f0>,<function <lambda> at 0x7fa496287a90>,<function <lambda> at 0x7fa496287b30>
6516,2020-09-28 11:00:00,<function <lambda> at 0x7fa4962879f0>,<function <lambda> at 0x7fa496287a90>,<function <lambda> at 0x7fa496287b30>
6517,2020-09-28 12:00:00,<function <lambda> at 0x7fa4962879f0>,<function <lambda> at 0x7fa496287a90>,<function <lambda> at 0x7fa496287b30>
6518,2020-09-28 13:00:00,<function <lambda> at 0x7fa4962879f0>,<function <lambda> at 0x7fa496287a90>,<function <lambda> at 0x7fa496287b30>
6519,2020-09-28 14:00:00,<function <lambda> at 0x7fa4962879f0>,<function <lambda> at 0x7fa496287a90>,<function <lambda> at 0x7fa496287b30>
6520,2020-09-28 15:00:00,<function <lambda> at 0x7fa4962879f0>,<function <lambda> at 0x7fa496287a90>,<function <lambda> at 0x7fa496287b30>
6521,2020-09-28 16:00:00,<function <lambda> at 0x7fa4962879f0>,<function <lambda> at 0x7fa496287a90>,<function <lambda> at 0x7fa496287b30>
6522,2020-09-28 17:00:00,<function <lambda> at 0x7fa4962879f0>,<function <lambda> at 0x7fa496287a90>,<function <lambda> at 0x7fa496287b30>
6523,2020-09-28 18:00:00,<function <lambda> at 0x7fa4962879f0>,<function <lambda> at 0x7fa496287a90>,<function <lambda> at 0x7fa496287b30>
6524,2020-09-28 19:00:00,<function <lambda> at 0x7fa4962879f0>,<function <lambda> at 0x7fa496287a90>,<function <lambda> at 0x7fa496287b30>
6525,2020-09-28 20:00:00,<function <lambda> at 0x7fa4962879f0>,<function <lambda> at 0x7fa496287a90>,<function <lambda> at 0x7fa496287b30>
6526,2020-09-28 21:00:00,<function <lambda> at 0x7fa4962879f0>,<function <lambda> at 0x7fa496287a90>,<function <lambda> at 0x7fa496287b30>
6527,2020-09-28 22:00:00,<function <lambda> at 0x7fa4962879f0>,<function <lambda> at 0x7fa496287a90>,<function <lambda> at 0x7fa496287b30>
6528,2020-09-28 23:00:00,<function <lambda> at 0x7fa4962879f0>,<function <lambda> at 0x7fa496287a90>,<function <lambda> at 0x7fa496287b30>
6529,2020-09-29 00:00:00,<function <lambda> at 0x7fa4962879f0>,<function <lambda> at 0x7fa496287a90>,<function <lambda> at 0x7fa496287b30>
6530,2020-09-29 01:00:00,<function <lambda> at 0x7fa4962879f0>,<function <lambda> at 0x7fa496287a90>,<function <lambda> at 0x7fa496287b30>
6531,2020-09-29 02:00:00,<function <lambda> at 0x7fa4962879f0>,<function <lambda> at 0x7fa496287a90>,<function <lambda> at 0x7fa496287b30>
6532,2020-09-29 03:00:00,<function <lambda> at 0x7fa4962879f0>,<function <lambda> at 0x7fa496287a90>,<function <lambda> at 0x7fa496287b30>
6533,2020-09-29 04:00:00,<function <lambda> at 0x7fa4962879f0>,<function <lambda> at 0x7fa496287a90>,<function <lambda> at 0x7fa496287b30>
6534,2020-09-29 05:00:00,<function <lambda> at 0x7fa4962879f0>,<function <lambda> at 0x7fa496287a90>,<function <lambda> at 0x7fa496287b30>
6535,2020-09-29 06:00:00,<function <lambda> at 0x7fa4962879f0>,<function <lambda> at 0x7fa496287a90>,<function <lambda> at 0x7fa496287b30>
6536,2020-09-29 07:00:00,<function <lambda> at 0x7fa4962879f0>,<function <lambda> at 0x7fa496287a90>,<function <lambda> at 0x7fa496287b30>
6537,2020-09-29 08:00:00,<function <lambda> at 0x7fa4962879f0>,<function <lambda> at 0x7fa496287a90>,<function <lambda> at 0x7fa496287b30>
6538,2020-09-29 09:00:00,<function <lambda> at 0x7fa4962879f0>,<function <lambda> at 0x7fa496287a90>,<function <lambda> at 0x7fa496287b30>
6539,2020-09-29 10:00:00,<function <lambda> at 0x7fa4962879f0>,<function <lambda> at 0x7fa496287a90>,<function <lambda> at 0x7fa496287b30>
6540,2020-09-29 11:00:00,<function <lambda> at 0x7fa4962879f0>,<function <lambda> at 0x7fa496287a90>,<function <lambda> at 0x7fa496287b30>
6541,2020-09-29 12:00:00,<function <lambda> at 0x7fa4962879f0>,<function <lambda> at 0x7fa496287a90>,<function <lambda> at 0x7fa496287b30>
6542,2020-09-29 13:00:00,<function <lambda> at 0x7fa4962879f0>,<function <lambda> at 0x7fa496287a90>,<function <lambda> at 0x7fa496287b30>
6543,2020-09-29 14:00:00,<function <lambda> at 0x7fa4962879f0>,<function <lambda> at 0x7fa496287a90>,<function <lambda> at 0x7fa496287b30>
6544,2020-09-29 15:00:00,<function <lambda> at 0x7fa4962879f0>,<function <lambda> at 0x7fa496287a90>,<function <lambda> at 0x7fa496287b30>
6545,2020-09-29 16:00:00,<function <lambda> at 0x7fa4962879f0>,<function <lambda> at 0x7fa496287a90>,<function <lambda> at 0x7fa496287b30>
6546,2020-09-29 17:00:00,<function <lambda> at 0x7fa4962879f0>,<function <lambda> at 0x7fa496287a90>,<function <lambda> at 0x7fa496287b30>
6547,2020-09-29 18:00:00,<function <lambda> at 0x7fa4962879f0>,<function <lambda> at 0x7fa496287a90>,<function <lambda> at 0x7fa496287b30>
6548,2020-09-29 19:00:00,<function <lambda> at 0x7fa4962879f0>,<function <lambda> at 0x7fa496287a90>,<function <lambda> at 0x7fa496287b30>
6549,2020-09-29 20:00:00,<function <lambda> at 0x7fa4962879f0>,<function <lambda> at 0x7fa496287a90>,<function <lambda> at 0x7fa496287b30>
6550,2020-09-29 21:00:00,<function <lambda> at 0x7fa4962879f0>,<function <lambda> at 0x7fa496287a90>,<function <lambda> at 0x7fa496287b30>
6551,2020-09-29 22:00:00,<function <lambda> at 0x7fa4962879f0>,<function <lambda> at 0x7fa496287a90>,<function <lambda> at 0x7fa496287b30>
6552,2020-09-29 23:00:00,<function <lambda> at 0x7fa4962879f0>,<function <lambda> at 0x7fa496287a90>,<function <lambda> at 0x7fa496287b30>
6553,2020-09-30 00:00:00,<function <lambda> at 0x7fa4962879f0>,<function <lambda> at 0x7fa496287a90>,<function <lambda> at 0x7fa496287b30>
6554,2020-09-30 01:00:00,<function <lambda> at 0x7fa4962879f0>,<function <lambda> at 0x7fa496287a90>,<function <lambda> at 0x7fa496287b30>
6555,2020-09-30 02:00:00,<function <lambda> at 0x7fa4962879f0>,<function <lambda> at 0x7fa496287a90>,<function <lambda> at 0x7fa496287b30>
6556,2020-09-30 03:00:00,<function <lambda> at 0x7fa4962879f0>,<function <lambda> at 0x7fa496287a90>,<function <lambda> at 0x7fa496287b30>
6557,2020-09-30 04:00:00,<function <lambda> at 0x7fa4962879f0>,<function <lambda> at 0x7fa496287a90>,<function <lambda> at 0x7fa496287b30>
6558,2020-09-30 05:00:00,<function <lambda> at 0x7fa4962879f0>,<function <lambda> at 0x7fa496287a90>,<function <lambda> at 0x7fa496287b30>
6559,2020-09-30 06:00:00,<function <lambda> at 0x7fa4962879f0>,<function <lambda> at 0x7fa496287a90>,<function <lambda> at 0x7fa496287b30>
6560,2020-09-30 07:00:00,<function <lambda> at 0x7fa4962879f0>,<function <lambda> at 0x7fa496287a90>,<function <lambda> at 0x7fa496287b30>
6561,2020-09-30 08:00:00,<function <lambda> at 0x7fa4962879f0>,<function <lambda> at 0x7fa496287a90>,<function <lambda> at 0x7fa496287b30>
6562,2020-09-30 09:00:00,<function <lambda> at 0x7fa4962879f0>,<function <lambda> at 0x7fa496287a90>,<function <lambda> at 0x7fa496287b30>
6563,2020-09-30 10:00:00,<function <lambda> at 0x7fa4962879f0>,<function <lambda> at 0x7fa496287a90>,<function <lambda> at 0x7fa496287b30>
6564,2020-09-30 11:00:00,<function <lambda> at 0x7fa4962879f0>,<function <lambda> at 0x7fa496287a90>,<function <lambda> at 0x7fa496287b30>
6565,2020-09-30 12:00:00,<function <lambda> at 0x7fa4962879f0>,<function <lambda> at 0x7fa496287a90>,<function <lambda> at 0x7fa496287b30>
6566,2020-09-30 13:00:00,<function <lambda> at 0x7fa4962879f0>,<function <lambda> at 0x7fa496287a90>,<function <lambda> at 0x7fa496287b30>
6567,2020-09-30 14:00:00,<function <lambda> at 0x7fa4962879f0>,<function <lambda> at 0x7fa496287a90>,<function <lambda> at 0x7fa496287b30>
6568,2020-09-30 15:00:00,<function <lambda> at 0x7fa4962879f0>,<function <lambda> at 0x7fa496287a90>,<function <lambda> at 0x7fa496287b30>
6569,2020-09-30 16:00:00,<function <lambda> at 0x7fa4962879f0>,<function <lambda> at 0x7fa496287a90>,<function <lambda> at 0x7fa496287b30>
6570,2020-09-30 17:00:00,<function <lambda> at 0x7fa4962879f0>,<function <lambda> at 0x7fa496287a90>,<function <lambda> at 0x7fa496287b30>
6571,2020-09-30 18:00:00,<function <lambda> at 0x7fa4962879f0>,<function <lambda> at 0x7fa496287a90>,<function <lambda> at 0x7fa496287b30>
6572,2020-09-30 19:00:00,<function <lambda> at 0x7fa4962879f0>,<function <lambda> at 0x7fa496287a90>,<function <lambda> at 0x7fa496287b30>
6573,2020-09-30 20:00:00,<function <lambda> at 0x7fa4962879f0>,<function <lambda> at 0x7fa496287a90>,<function <lambda> at 0x7fa496287b30>
6574,2020-09-30 21:00:00,<function <lambda> at 0x7fa4962879f0>,<function <lambda> at 0x7fa496287a90>,<function <lambda> at 0x7fa496287b30>
6575,2020-09-30 22:00:00,<function <lambda> at 0x7fa4962879f0>,<function <lambda> at 0x7fa496287a90>,<function <lambda> at 0x7fa496287b30>
6576,2020-09-30 23:00:00,<function <lambda> at 0x7fa4962879f0>,<function <lambda> at 0x7fa496287a90>,<function <lambda> at 0x7fa496287b30>
6577,2020-10-01 00:00:00,<function <lambda> at 0x7fa4962879f0>,<function <lambda> at 0x7fa496287a90>,<function <lambda> at 0x7fa496287b30>
6578,2020-10-01 01:00:00,<function <lambda> at 0x7fa4962879f0>,<function <lambda> at 0x7fa496287a90>,<function <lambda> at 0x7fa496287b30>
6579,2020-10-01 02:00:00,<function <lambda> at 0x7fa4962879f0>,<function <lambda> at 0x7fa496287a90>,<function <lambda> at 0x7fa496287b30>
6580,2020-10-01 03:00:00,<function <lambda> at 0x7fa4962879f0>,<function <lambda> at 0x7fa496287a90>,<function <lambda> at 0x7fa496287b30>
6581,2020-10-01 04:00:00,<function <lambda> at 0x7fa4962879f0>,<function <lambda> at 0x7fa496287a90>,<function <lambda> at 0x7fa496287b30>
6582,2020-10-01 05:00:00,<function <lambda> at 0x7fa4962879f0>,<function <lambda> at 0x7fa496287a90>,<function <lambda> at 0x7fa496287b30>
6583,2020-10-01 06:00:00,<function <lambda> at 0x7fa4962879f0>,<function <lambda> at 0x7fa496287a90>,<function <lambda> at 0x7fa496287b30>
6584,2020-10-01 07:00:00,<function <lambda> at 0x7fa4962879f0>,<function <lambda> at 0x7fa496287a90>,<function <lambda> at 0x7fa496287b30>
6585,2020-10-01 08:00:00,<function <lambda> at 0x7fa4962879f0>,<function <lambda> at 0x7fa496287a90>,<function <lambda> at 0x7fa496287b30>
6586,2020-10-01 09:00:00,<function <lambda> at 0x7fa4962879f0>,<function <lambda> at 0x7fa496287a90>,<function <lambda> at 0x7fa496287b30>
6587,2020-10-01 10:00:00,<function <lambda> at 0x7fa4962879f0>,<function <lambda> at 0x7fa496287a90>,<function <lambda> at 0x7fa496287b30>
6588,2020-10-01 11:00:00,<function <lambda> at 0x7fa4962879f0>,<function <lambda> at 0x7fa496287a90>,<function <lambda> at 0x7fa496287b30>
6589,2020-10-01 12:00:00,<function <lambda> at 0x7fa4962879f0>,<function <lambda> at 0x7fa496287a90>,<function <lambda> at 0x7fa496287b30>
6590,2020-10-01 13:00:00,<function <lambda> at 0x7fa4962879f0>,<function <lambda> at 0x7fa496287a90>,<function <lambda> at 0x7fa496287b30>
6591,2020-10-01 14:00:00,<function <lambda> at 0x7fa4962879f0>,<function <lambda> at 0x7fa496287a90>,<function <lambda> at 0x7fa496287b30>
6592,2020-10-01 15:00:00,<function <lambda> at 0x7fa4962879f0>,<function <lambda> at 0x7fa496287a90>,<function <lambda> at 0x7fa496287b30>
6593,2020-10-01 16:00:00,<function <lambda> at 0x7fa4962879f0>,<function <lambda> at 0x7fa496287a90>,<function <lambda> at 0x7fa496287b30>
6594,2020-10-01 17:00:00,<function <lambda> at 0x7fa4962879f0>,<function <lambda> at 0x7fa496287a90>,<function <lambda> at 0x7fa496287b30>
6595,2020-10-01 18:00:00,<function <lambda> at 0x7fa4962879f0>,<function <lambda> at 0x7fa496287a90>,<function <lambda> at 0x7fa496287b30>
6596,2020-10-01 19:00:00,<function <lambda> at 0x7fa4962879f0>,<function <lambda> at 0x7fa496287a90>,<function <lambda> at 0x7fa496287b30>
6597,2020-10-01 20:00:00,<function <lambda> at 0x7fa4962879f0>,<function <lambda> at 0x7fa496287a90>,<function <lambda> at 0x7fa496287b30>
6598,2020-10-01 21:00:00,<function <lambda> at 0x7fa4962879f0>,<function <lambda> at 0x7fa496287a90>,<function <lambda> at 0x7fa496287b30>
6599,2020-10-01 22:00:00,<function <lambda> at 0x7fa4962879f0>,<function <lambda> at 0x7fa496287a90>,<function <lambda> at 0x7fa496287b30>
6600,2020-10-01 23:00:00,<function <lambda> at 0x7fa4962879f0>,<function <lambda> at 0x7fa496287a90>,<function <lambda> at 0x7fa496287b30>
6601,2020-10-02 00:00:00,<function <lambda> at 0x7fa4962879f0>,<function <lambda> at 0x7fa496287a90>,<function <lambda> at 0x7fa496287b30>
6602,2020-10-02 01:00:00,<function <lambda> at 0x7fa4962879f0>,<function <lambda> at 0x7fa496287a90>,<function <lambda> at 0x7fa496287b30>
6603,2020-10-02 02:00:00,<function <lambda> at 0x7fa4962879f0>,<function <lambda> at 0x7fa496287a90>,<function <lambda> at 0x7fa496287b30>
6604,2020-10-02 03:00:00,<function <lambda> at 0x7fa4962879f0>,<function <lambda> at 0x7fa496287a90>,<function <lambda> at 0x7fa496287b30>
6605,2020-10-02 04:00:00,<function <lambda> at 0x7fa4962879f0>,<function <lambda> at 0x7fa496287a90>,<function <lambda> at 0x7fa496287b30>
6606,2020-10-02 05:00:00,<function <lambda> at 0x7fa4962879f0>,<function <lambda> at 0x7fa496287a90>,<function <lambda> at 0x7fa496287b30>
6607,2020-10-02 06:00:00,<function <lambda> at 0x7fa4962879f0>,<function <lambda> at 0x7fa496287a90>,<function <lambda> at 0x7fa496287b30>
6608,2020-10-02 07:00:00,<function <lambda> at 0x7fa4962879f0>,<function <lambda> at 0x7fa496287a90>,<function <lambda> at 0x7fa496287b30>
6609,2020-10-02 08:00:00,<function <lambda> at 0x7fa4962879f0>,<function <lambda> at 0x7fa496287a90>,<function <lambda> at 0x7fa496287b30>
6610,2020-10-02 09:00:00,<function <lambda> at 0x7fa4962879f0>,<function <lambda> at 0x7fa496287a90>,<function <lambda> at 0x7fa496287b30>
6611,2020-10-02 10:00:00,<function <lambda> at 0x7fa4962879f0>,<function <lambda> at 0x7fa496287a90>,<function <lambda> at 0x7fa496287b30>
6612,2020-10-02 11:00:00,<function <lambda> at 0x7fa4962879f0>,<function <lambda> at 0x7fa496287a90>,<function <lambda> at 0x7fa496287b30>
6613,2020-10-02 12:00:00,<function <lambda> at 0x7fa4962879f0>,<function <lambda> at 0x7fa496287a90>,<function <lambda> at 0x7fa496287b30>
6614,2020-10-02 13:00:00,<function <lambda> at 0x7fa4962879f0>,<function <lambda> at 0x7fa496287a90>,<function <lambda> at 0x7fa496287b30>
6615,2020-10-02 14:00:00,<function <lambda> at 0x7fa4962879f0>,<function <lambda> at 0x7fa496287a90>,<function <lambda> at 0x7fa496287b30>
6616,2020-10-02 15:00:00,<function <lambda> at 0x7fa4962879f0>,<function <lambda> at 0x7fa496287a90>,<function <lambda> at 0x7fa496287b30>
6617,2020-10-02 16:00:00,<function <lambda> at 0x7fa4962879f0>,<function <lambda> at 0x7fa496287a90>,<function <lambda> at 0x7fa496287b30>
6618,2020-10-02 17:00:00,<function <lambda> at 0x7fa4962879f0>,<function <lambda> at 0x7fa496287a90>,<function <lambda> at 0x7fa496287b30>
6619,2020-10-02 18:00:00,<function <lambda> at 0x7fa4962879f0>,<function <lambda> at 0x7fa496287a90>,<function <lambda> at 0x7fa496287b30>
6620,2020-10-02 19:00:00,<function <lambda> at 0x7fa4962879f0>,<function <lambda> at 0x7fa496287a90>,<function <lambda> at 0x7fa496287b30>
6621,2020-10-02 20:00:00,<function <lambda> at 0x7fa4962879f0>,<function <lambda> at 0x7fa496287a90>,<function <lambda> at 0x7fa496287b30>
6622,2020-10-02 21:00:00,<function <lambda> at 0x7fa4962879f0>,<function <lambda> at 0x7fa496287a90>,<function <lambda> at 0x7fa496287b30>
6623,2020-10-02 22:00:00,<function <lambda> at 0x7fa4962879f0>,<function <lambda> at 0x7fa496287a90>,<function <lambda> at 0x7fa496287b30>
6624,2020-10-02 23:00:00,<function <lambda> at 0x7fa4962879f0>,<function <lambda> at 0x7fa496287a90>,<function <lambda> at 0x7fa496287b30>
6625,2020-10-03 00:00:00,<function <lambda> at 0x7fa4962879f0>,<function <lambda> at 0x7fa496287a90>,<function <lambda> at 0x7fa496287b30>
6626,2020-10-03 01:00:00,<function <lambda> at 0x7fa4962879f0>,<function <lambda> at 0x7fa496287a90>,<function <lambda> at 0x7fa496287b30>
6627,2020-10-03 02:00:00,<function <lambda> at 0x7fa4962879f0>,<function <lambda> at 0x7fa496287a90>,<function <lambda> at 0x7fa496287b30>
6628,2020-10-03 03:00:00,<function <lambda> at 0x7fa4962879f0>,<function <lambda> at 0x7fa496287a90>,<function <lambda> at 0x7fa496287b30>
6629,2020-10-03 04:00:00,<function <lambda> at 0x7fa4962879f0>,<function <lambda> at 0x7fa496287a90>,<function <lambda> at 0x7fa496287b30>
6630,2020-10-03 05:00:00,<function <lambda> at 0x7fa4962879f0>,<function <lambda> at 0x7fa496287a90>,<function <lambda> at 0x7fa496287b30>
6631,2020-10-03 06:00:00,<function <lambda> at 0x7fa4962879f0>,<function <lambda> at 0x7fa496287a90>,<function <lambda> at 0x7fa496287b30>
6632,2020-10-03 07:00:00,<function <lambda> at 0x7fa4962879f0>,<function <lambda> at 0x7fa496287a90>,<function <lambda> at 0x7fa496287b30>
6633,2020-10-03 08:00:00,<function <lambda> at 0x7fa4962879f0>,<function <lambda> at 0x7fa496287a90>,<function <lambda> at 0x7fa496287b30>
6634,2020-10-03 09:00:00,<function <lambda> at 0x7fa4962879f0>,<function <lambda> at 0x7fa496287a90>,<function <lambda> at 0x7fa496287b30>
6635,2020-10-03 10:00:00,<function <lambda> at 0x7fa4962879f0>,<function <lambda> at 0x7fa496287a90>,<function <lambda> at 0x7fa496287b30>
6636,2020-10-03 11:00:00,<function <lambda> at 0x7fa4962879f0>,<function <lambda> at 0x7fa496287a90>,<function <lambda> at 0x7fa496287b30>
6637,2020-10-03 12:00:00,<function <lambda> at 0x7fa4962879f0>,<function <lambda> at 0x7fa496287a90>,<function <lambda> at 0x7fa496287b30>
6638,2020-10-03 13:00:00,<function <lambda> at 0x7fa4962879f0>,<function <lambda> at 0x7fa496287a90>,<function <lambda> at 0x7fa496287b30>
6639,2020-10-03 14:00:00,<function <lambda> at 0x7fa4962879f0>,<function <lambda> at 0x7fa496287a90>,<function <lambda> at 0x7fa496287b30>
6640,2020-10-03 15:00:00,<function <lambda> at 0x7fa4962879f0>,<function <lambda> at 0x7fa496287a90>,<function <lambda> at 0x7fa496287b30>
6641,2020-10-03 16:00:00,<function <lambda> at 0x7fa4962879f0>,<function <lambda> at 0x7fa496287a90>,<function <lambda> at 0x7fa496287b30>
6642,2020-10-03 17:00:00,<function <lambda> at 0x7fa4962879f0>,<function <lambda> at 0x7fa496287a90>,<function <lambda> at 0x7fa496287b30>
6643,2020-10-03 18:00:00,<function <lambda> at 0x7fa4962879f0>,<function <lambda> at 0x7fa496287a90>,<function <lambda> at 0x7fa496287b30>
6644,2020-10-03 19:00:00,<function <lambda> at 0x7fa4962879f0>,<function <lambda> at 0x7fa496287a90>,<function <lambda> at 0x7fa496287b30>
6645,2020-10-03 20:00:00,<function <lambda> at 0x7fa4962879f0>,<function <lambda> at 0x7fa496287a90>,<function <lambda> at 0x7fa496287b30>
6646,2020-10-03 21:00:00,<function <lambda> at 0x7fa4962879f0>,<function <lambda> at 0x7fa496287a90>,<function <lambda> at 0x7fa496287b30>
6647,2020-10-03 22:00:00,<function <lambda> at 0x7fa4962879f0>,<function <lambda> at 0x7fa496287a90>,<function <lambda> at 0x7fa496287b30>
6648,2020-10-03 23:00:00,<function <lambda> at 0x7fa4962879f0>,<function <lambda> at 0x7fa496287a90>,<function <lambda> at 0x7fa496287b30>
6649,2020-10-04 00:00:00,<function <lambda> at 0x7fa4962879f0>,<function <lambda> at 0x7fa496287a90>,<function <lambda> at 0x7fa496287b30>
6650,2020-10-04 01:00:00,<function <lambda> at 0x7fa4962879f0>,<function <lambda> at 0x7fa496287a90>,<function <lambda> at 0x7fa496287b30>
6651,2020-10-04 02:00:00,<function <lambda> at 0x7fa4962879f0>,<function <lambda> at 0x7fa496287a90>,<function <lambda> at 0x7fa496287b30>
6652,2020-10-04 03:00:00,<function <lambda> at 0x7fa4962879f0>,<function <lambda> at 0x7fa496287a90>,<function <lambda> at 0x7fa496287b30>
6653,2020-10-04 04:00:00,<function <lambda> at 0x7fa4962879f0>,<function <lambda> at 0x7fa496287a90>,<function <lambda> at 0x7fa496287b30>
6654,2020-10-04 05:00:00,<function <lambda> at 0x7fa4962879f0>,<function <lambda> at 0x7fa496287a90>,<function <lambda> at 0x7fa496287b30>
6655,2020-10-04 06:00:00,<function <lambda> at 0x7fa4962879f0>,<function <lambda> at 0x7fa496287a90>,<function <lambda> at 0x7fa496287b30>
6656,2020-10-04 07:00:00,<function <lambda> at 0x7fa4962879f0>,<function <lambda> at 0x7fa496287a90>,<function <lambda> at 0x7fa496287b30>
6657,2020-10-04 08:00:00,<function <lambda> at 0x7fa4962879f0>,<function <lambda> at 0x7fa496287a90>,<function <lambda> at 0x7fa496287b30>
6658,2020-10-04 09:00:00,<function <lambda> at 0x7fa4962879f0>,<function <lambda> at 0x7fa496287a90>,<function <lambda> at 0x7fa496287b30>
6659,2020-10-04 10:00:00,<function <lambda> at 0x7fa4962879f0>,<function <lambda> at 0x7fa496287a90>,<function <lambda> at 0x7fa496287b30>
6660,2020-10-04 11:00:00,<function <lambda> at 0x7fa4962879f0>,<function <lambda> at 0x7fa496287a90>,<function <lambda> at 0x7fa496287b30>
6661,2020-10-04 12:00:00,<function <lambda> at 0x7fa4962879f0>,<function <lambda> at 0x7fa496287a90>,<function <lambda> at 0x7fa496287b30>
6662,2020-10-04 13:00:00,<function <lambda> at 0x7fa4962879f0>,<function <lambda> at 0x7fa496287a90>,<function <lambda> at 0x7fa496287b30>
6663,2020-10-04 14:00:00,<function <lambda> at 0x7fa4962879f0>,<function <lambda> at 0x7fa496287a90>,<function <lambda> at 0x7fa496287b30>
6664,2020-10-04 15:00:00,<function <lambda> at 0x7fa4962879f0>,<function <lambda> at 0x7fa496287a90>,<function <lambda> at 0x7fa496287b30>
6665,2020-10-04 16:00:00,<function <lambda> at 0x7fa4962879f0>,<function <lambda> at 0x7fa496287a90>,<function <lambda> at 0x7fa496287b30>
6666,2020-10-04 17:00:00,<function <lambda> at 0x7fa4962879f0>,<function <lambda> at 0x7fa496287a90>,<function <lambda> at 0x7fa496287b30>
6667,2020-10-04 18:00:00,<function <lambda> at 0x7fa4962879f0>,<function <lambda> at 0x7fa496287a90>,<function <lambda> at 0x7fa496287b30>
6668,2020-10-04 19:00:00,<function <lambda> at 0x7fa4962879f0>,<function <lambda> at 0x7fa496287a90>,<function <lambda> at 0x7fa496287b30>
6669,2020-10-04 20:00:00,<function <lambda> at 0x7fa4962879f0>,<function <lambda> at 0x7fa496287a90>,<function <lambda> at 0x7fa496287b30>
6670,2020-10-04 21:00:00,<function <lambda> at 0x7fa4962879f0>,<function <lambda> at 0x7fa496287a90>,<function <lambda> at 0x7fa496287b30>
6671,2020-10-04 22:00:00,<function <lambda> at 0x7fa4962879f0>,<function <lambda> at 0x7fa496287a90>,<function <lambda> at 0x7fa496287b30>
6672,2020-10-04 23:00:00,<function <lambda> at 0x7fa4962879f0>,<function <lambda> at 0x7fa496287a90>,<function <lambda> at 0x7fa496287b30>
6673,2020-10-05 00:00:00,<function <lambda> at 0x7fa4962879f0>,<function <lambda> at 0x7fa496287a90>,<function <lambda> at 0x7fa496287b30>
6674,2020-10-05 01:00:00,<function <lambda> at 0x7fa4962879f0>,<function <lambda> at 0x7fa496287a90>,<function <lambda> at 0x7fa496287b30>
6675,2020-10-05 02:00:00,<function <lambda> at 0x7fa4962879f0>,<function <lambda> at 0x7fa496287a90>,<function <lambda> at 0x7fa496287b30>
6676,2020-10-05 03:00:00,<function <lambda> at 0x7fa4962879f0>,<function <lambda> at 0x7fa496287a90>,<function <lambda> at 0x7fa496287b30>
6677,2020-10-05 04:00:00,<function <lambda> at 0x7fa4962879f0>,<function <lambda> at 0x7fa496287a90>,<function <lambda> at 0x7fa496287b30>
6678,2020-10-05 05:00:00,<function <lambda> at 0x7fa4962879f0>,<function <lambda> at 0x7fa496287a90>,<function <lambda> at 0x7fa496287b30>
6679,2020-10-05 06:00:00,<function <lambda> at 0x7fa4962879f0>,<function <lambda> at 0x7fa496287a90>,<function <lambda> at 0x7fa496287b30>
6680,2020-10-05 07:00:00,<function <lambda> at 0x7fa4962879f0>,<function <lambda> at 0x7fa496287a90>,<function <lambda> at 0x7fa496287b30>
6681,2020-10-05 08:00:00,<function <lambda> at 0x7fa4962879f0>,<function <lambda> at 0x7fa496287a90>,<function <lambda> at 0x7fa496287b30>
6682,2020-10-05 09:00:00,<function <lambda> at 0x7fa4962879f0>,<function <lambda> at 0x7fa496287a90>,<function <lambda> at 0x7fa496287b30>
6683,2020-10-05 10:00:00,<function <lambda> at 0x7fa4962879f0>,<function <lambda> at 0x7fa496287a90>,<function <lambda> at 0x7fa496287b30>
6684,2020-10-05 11:00:00,<function <lambda> at 0x7fa4962879f0>,<function <lambda> at 0x7fa496287a90>,<function <lambda> at 0x7fa496287b30>
6685,2020-10-05 12:00:00,<function <lambda> at 0x7fa4962879f0>,<function <lambda> at 0x7fa496287a90>,<function <lambda> at 0x7fa496287b30>
6686,2020-10-05 13:00:00,<function <lambda> at 0x7fa4962879f0>,<function <lambda> at 0x7fa496287a90>,<function <lambda> at 0x7fa496287b30>
6687,2020-10-05 14:00:00,<function <lambda> at 0x7fa4962879f0>,<function <lambda> at 0x7fa496287a90>,<function <lambda> at 0x7fa496287b30>
6688,2020-10-05 15:00:00,<function <lambda> at 0x7fa4962879f0>,<function <lambda> at 0x7fa496287a90>,<function <lambda> at 0x7fa496287b30>
6689,2020-10-05 16:00:00,<function <lambda> at 0x7fa4962879f0>,<function <lambda> at 0x7fa496287a90>,<function <lambda> at 0x7fa496287b30>
6690,2020-10-05 17:00:00,<function <lambda> at 0x7fa4962879f0>,<function <lambda> at 0x7fa496287a90>,<function <lambda> at 0x7fa496287b30>
6691,2020-10-05 18:00:00,<function <lambda> at 0x7fa4962879f0>,<function <lambda> at 0x7fa496287a90>,<function <lambda> at 0x7fa496287b30>
6692,2020-10-05 19:00:00,<function <lambda> at 0x7fa4962879f0>,<function <lambda> at 0x7fa496287a90>,<function <lambda> at 0x7fa496287b30>
6693,2020-10-05 20:00:00,<function <lambda> at 0x7fa4962879f0>,<function <lambda> at 0x7fa496287a90>,<function <lambda> at 0x7fa496287b30>
6694,2020-10-05 21:00:00,<function <lambda> at 0x7fa4962879f0>,<function <lambda> at 0x7fa496287a90>,<function <lambda> at 0x7fa496287b30>
6695,2020-10-05 22:00:00,<function <lambda> at 0x7fa4962879f0>,<function <lambda> at 0x7fa496287a90>,<function <lambda> at 0x7fa496287b30>
6696,2020-10-05 23:00:00,<function <lambda> at 0x7fa4962879f0>,<function <lambda> at 0x7fa496287a90>,<function <lambda> at 0x7fa496287b30>
6697,2020-10-06 00:00:00,<function <lambda> at 0x7fa4962879f0>,<function <lambda> at 0x7fa496287a90>,<function <lambda> at 0x7fa496287b30>
6698,2020-10-06 01:00:00,<function <lambda> at 0x7fa4962879f0>,<function <lambda> at 0x7fa496287a90>,<function <lambda> at 0x7fa496287b30>
6699,2020-10-06 02:00:00,<function <lambda> at 0x7fa4962879f0>,<function <lambda> at 0x7fa496287a90>,<function <lambda> at 0x7fa496287b30>
6700,2020-10-06 03:00:00,<function <lambda> at 0x7fa4962879f0>,<function <lambda> at 0x7fa496287a90>,<function <lambda> at 0x7fa496287b30>
6701,2020-10-06 04:00:00,<function <lambda> at 0x7fa4962879f0>,<function <lambda> at 0x7fa496287a90>,<function <lambda> at 0x7fa496287b30>
6702,2020-10-06 05:00:00,<function <lambda> at 0x7fa4962879f0>,<function <lambda> at 0x7fa496287a90>,<function <lambda> at 0x7fa496287b30>
6703,2020-10-06 06:00:00,<function <lambda> at 0x7fa4962879f0>,<function <lambda> at 0x7fa496287a90>,<function <lambda> at 0x7fa496287b30>
6704,2020-10-06 07:00:00,<function <lambda> at 0x7fa4962879f0>,<function <lambda> at 0x7fa496287a90>,<function <lambda> at 0x7fa496287b30>
6705,2020-10-06 08:00:00,<function <lambda> at 0x7fa4962879f0>,<function <lambda> at 0x7fa496287a90>,<function <lambda> at 0x7fa496287b30>
6706,2020-10-06 09:00:00,<function <lambda> at 0x7fa4962879f0>,<function <lambda> at 0x7fa496287a90>,<function <lambda> at 0x7fa496287b30>
6707,2020-10-06 10:00:00,<function <lambda> at 0x7fa4962879f0>,<function <lambda> at 0x7fa496287a90>,<function <lambda> at 0x7fa496287b30>
6708,2020-10-06 11:00:00,<function <lambda> at 0x7fa4962879f0>,<function <lambda> at 0x7fa496287a90>,<function <lambda> at 0x7fa496287b30>
6709,2020-10-06 12:00:00,<function <lambda> at 0x7fa4962879f0>,<function <lambda> at 0x7fa496287a90>,<function <lambda> at 0x7fa496287b30>
6710,2020-10-06 13:00:00,<function <lambda> at 0x7fa4962879f0>,<function <lambda> at 0x7fa496287a90>,<function <lambda> at 0x7fa496287b30>
6711,2020-10-06 14:00:00,<function <lambda> at 0x7fa4962879f0>,<function <lambda> at 0x7fa496287a90>,<function <lambda> at 0x7fa496287b30>
6712,2020-10-06 15:00:00,<function <lambda> at 0x7fa4962879f0>,<function <lambda> at 0x7fa496287a90>,<function <lambda> at 0x7fa496287b30>
6713,2020-10-06 16:00:00,<function <lambda> at 0x7fa4962879f0>,<function <lambda> at 0x7fa496287a90>,<function <lambda> at 0x7fa496287b30>
6714,2020-10-06 17:00:00,<function <lambda> at 0x7fa4962879f0>,<function <lambda> at 0x7fa496287a90>,<function <lambda> at 0x7fa496287b30>
6715,2020-10-06 18:00:00,<function <lambda> at 0x7fa4962879f0>,<function <lambda> at 0x7fa496287a90>,<function <lambda> at 0x7fa496287b30>
6716,2020-10-06 19:00:00,<function <lambda> at 0x7fa4962879f0>,<function <lambda> at 0x7fa496287a90>,<function <lambda> at 0x7fa496287b30>
6717,2020-10-06 20:00:00,<function <lambda> at 0x7fa4962879f0>,<function <lambda> at 0x7fa496287a90>,<function <lambda> at 0x7fa496287b30>
6718,2020-10-06 21:00:00,<function <lambda> at 0x7fa4962879f0>,<function <lambda> at 0x7fa496287a90>,<function <lambda> at 0x7fa496287b30>
6719,2020-10-06 22:00:00,<function <lambda> at 0x7fa4962879f0>,<function <lambda> at 0x7fa496287a90>,<function <lambda> at 0x7fa496287b30>
6720,2020-10-06 23:00:00,<function <lambda> at 0x7fa4962879f0>,<function <lambda> at 0x7fa496287a90>,<function <lambda> at 0x7fa496287b30>
6721,2020-10-07 00:00:00,<function <lambda> at 0x7fa4962879f0>,<function <lambda> at 0x7fa496287a90>,<function <lambda> at 0x7fa496287b30>
6722,2020-10-07 01:00:00,<function <lambda> at 0x7fa4962879f0>,<function <lambda> at 0x7fa496287a90>,<function <lambda> at 0x7fa496287b30>
6723,2020-10-07 02:00:00,<function <lambda> at 0x7fa4962879f0>,<function <lambda> at 0x7fa496287a90>,<function <lambda> at 0x7fa496287b30>
6724,2020-10-07 03:00:00,<function <lambda> at 0x7fa4962879f0>,<function <lambda> at 0x7fa496287a90>,<function <lambda> at 0x7fa496287b30>
6725,2020-10-07 04:00:00,<function <lambda> at 0x7fa4962879f0>,<function <lambda> at 0x7fa496287a90>,<function <lambda> at 0x7fa496287b30>
6726,2020-10-07 05:00:00,<function <lambda> at 0x7fa4962879f0>,<function <lambda> at 0x7fa496287a90>,<function <lambda> at 0x7fa496287b30>
6727,2020-10-07 06:00:00,<function <lambda> at 0x7fa4962879f0>,<function <lambda> at 0x7fa496287a90>,<function <lambda> at 0x7fa496287b30>
6728,2020-10-07 07:00:00,<function <lambda> at 0x7fa4962879f0>,<function <lambda> at 0x7fa496287a90>,<function <lambda> at 0x7fa496287b30>
6729,2020-10-07 08:00:00,<function <lambda> at 0x7fa4962879f0>,<function <lambda> at 0x7fa496287a90>,<function <lambda> at 0x7fa496287b30>
6730,2020-10-07 09:00:00,<function <lambda> at 0x7fa4962879f0>,<function <lambda> at 0x7fa496287a90>,<function <lambda> at 0x7fa496287b30>
6731,2020-10-07 10:00:00,<function <lambda> at 0x7fa4962879f0>,<function <lambda> at 0x7fa496287a90>,<function <lambda> at 0x7fa496287b30>
6732,2020-10-07 11:00:00,<function <lambda> at 0x7fa4962879f0>,<function <lambda> at 0x7fa496287a90>,<function <lambda> at 0x7fa496287b30>
6733,2020-10-07 12:00:00,<function <lambda> at 0x7fa4962879f0>,<function <lambda> at 0x7fa496287a90>,<function <lambda> at 0x7fa496287b30>
6734,2020-10-07 13:00:00,<function <lambda> at 0x7fa4962879f0>,<function <lambda> at 0x7fa496287a90>,<function <lambda> at 0x7fa496287b30>
6735,2020-10-07 14:00:00,<function <lambda> at 0x7fa4962879f0>,<function <lambda> at 0x7fa496287a90>,<function <lambda> at 0x7fa496287b30>
6736,2020-10-07 15:00:00,<function <lambda> at 0x7fa4962879f0>,<function <lambda> at 0x7fa496287a90>,<function <lambda> at 0x7fa496287b30>
6737,2020-10-07 16:00:00,<function <lambda> at 0x7fa4962879f0>,<function <lambda> at 0x7fa496287a90>,<function <lambda> at 0x7fa496287b30>
6738,2020-10-07 17:00:00,<function <lambda> at 0x7fa4962879f0>,<function <lambda> at 0x7fa496287a90>,<function <lambda> at 0x7fa496287b30>
6739,2020-10-07 18:00:00,<function <lambda> at 0x7fa4962879f0>,<function <lambda> at 0x7fa496287a90>,<function <lambda> at 0x7fa496287b30>
6740,2020-10-07 19:00:00,<function <lambda> at 0x7fa4962879f0>,<function <lambda> at 0x7fa496287a90>,<function <lambda> at 0x7fa496287b30>
6741,2020-10-07 20:00:00,<function <lambda> at 0x7fa4962879f0>,<function <lambda> at 0x7fa496287a90>,<function <lambda> at 0x7fa496287b30>
6742,2020-10-07 21:00:00,<function <lambda> at 0x7fa4962879f0>,<function <lambda> at 0x7fa496287a90>,<function <lambda> at 0x7fa496287b30>
6743,2020-10-07 22:00:00,<function <lambda> at 0x7fa4962879f0>,<function <lambda> at 0x7fa496287a90>,<function <lambda> at 0x7fa496287b30>
6744,2020-10-07 23:00:00,<function <lambda> at 0x7fa4962879f0>,<function <lambda> at 0x7fa496287a90>,<function <lambda> at 0x7fa496287b30>
6745,2020-10-08 00:00:00,<function <lambda> at 0x7fa4962879f0>,<function <lambda> at 0x7fa496287a90>,<function <lambda> at 0x7fa496287b30>
6746,2020-10-08 01:00:00,<function <lambda> at 0x7fa4962879f0>,<function <lambda> at 0x7fa496287a90>,<function <lambda> at 0x7fa496287b30>
6747,2020-10-08 02:00:00,<function <lambda> at 0x7fa4962879f0>,<function <lambda> at 0x7fa496287a90>,<function <lambda> at 0x7fa496287b30>
6748,2020-10-08 03:00:00,<function <lambda> at 0x7fa4962879f0>,<function <lambda> at 0x7fa496287a90>,<function <lambda> at 0x7fa496287b30>
6749,2020-10-08 04:00:00,<function <lambda> at 0x7fa4962879f0>,<function <lambda> at 0x7fa496287a90>,<function <lambda> at 0x7fa496287b30>
6750,2020-10-08 05:00:00,<function <lambda> at 0x7fa4962879f0>,<function <lambda> at 0x7fa496287a90>,<function <lambda> at 0x7fa496287b30>
6751,2020-10-08 06:00:00,<function <lambda> at 0x7fa4962879f0>,<function <lambda> at 0x7fa496287a90>,<function <lambda> at 0x7fa496287b30>
6752,2020-10-08 07:00:00,<function <lambda> at 0x7fa4962879f0>,<function <lambda> at 0x7fa496287a90>,<function <lambda> at 0x7fa496287b30>
6753,2020-10-08 08:00:00,<function <lambda> at 0x7fa4962879f0>,<function <lambda> at 0x7fa496287a90>,<function <lambda> at 0x7fa496287b30>
6754,2020-10-08 09:00:00,<function <lambda> at 0x7fa4962879f0>,<function <lambda> at 0x7fa496287a90>,<function <lambda> at 0x7fa496287b30>
6755,2020-10-08 10:00:00,<function <lambda> at 0x7fa4962879f0>,<function <lambda> at 0x7fa496287a90>,<function <lambda> at 0x7fa496287b30>
6756,2020-10-08 11:00:00,<function <lambda> at 0x7fa4962879f0>,<function <lambda> at 0x7fa496287a90>,<function <lambda> at 0x7fa496287b30>
6757,2020-10-08 12:00:00,<function <lambda> at 0x7fa4962879f0>,<function <lambda> at 0x7fa496287a90>,<function <lambda> at 0x7fa496287b30>
6758,2020-10-08 13:00:00,<function <lambda> at 0x7fa4962879f0>,<function <lambda> at 0x7fa496287a90>,<function <lambda> at 0x7fa496287b30>
6759,2020-10-08 14:00:00,<function <lambda> at 0x7fa4962879f0>,<function <lambda> at 0x7fa496287a90>,<function <lambda> at 0x7fa496287b30>
6760,2020-10-08 15:00:00,<function <lambda> at 0x7fa4962879f0>,<function <lambda> at 0x7fa496287a90>,<function <lambda> at 0x7fa496287b30>
6761,2020-10-08 16:00:00,<function <lambda> at 0x7fa4962879f0>,<function <lambda> at 0x7fa496287a90>,<function <lambda> at 0x7fa496287b30>
6762,2020-10-08 17:00:00,<function <lambda> at 0x7fa4962879f0>,<function <lambda> at 0x7fa496287a90>,<function <lambda> at 0x7fa496287b30>
6763,2020-10-08 18:00:00,<function <lambda> at 0x7fa4962879f0>,<function <lambda> at 0x7fa496287a90>,<function <lambda> at 0x7fa496287b30>
6764,2020-10-08 19:00:00,<function <lambda> at 0x7fa4962879f0>,<function <lambda> at 0x7fa496287a90>,<function <lambda> at 0x7fa496287b30>
6765,2020-10-08 20:00:00,<function <lambda> at 0x7fa4962879f0>,<function <lambda> at 0x7fa496287a90>,<function <lambda> at 0x7fa496287b30>
6766,2020-10-08 21:00:00,<function <lambda> at 0x7fa4962879f0>,<function <lambda> at 0x7fa496287a90>,<function <lambda> at 0x7fa496287b30>
6767,2020-10-08 22:00:00,<function <lambda> at 0x7fa4962879f0>,<function <lambda> at 0x7fa496287a90>,<function <lambda> at 0x7fa496287b30>
6768,2020-10-08 23:00:00,<function <lambda> at 0x7fa4962879f0>,<function <lambda> at 0x7fa496287a90>,<function <lambda> at 0x7fa496287b30>
6769,2020-10-09 00:00:00,<function <lambda> at 0x7fa4962879f0>,<function <lambda> at 0x7fa496287a90>,<function <lambda> at 0x7fa496287b30>
6770,2020-10-09 01:00:00,<function <lambda> at 0x7fa4962879f0>,<function <lambda> at 0x7fa496287a90>,<function <lambda> at 0x7fa496287b30>
6771,2020-10-09 02:00:00,<function <lambda> at 0x7fa4962879f0>,<function <lambda> at 0x7fa496287a90>,<function <lambda> at 0x7fa496287b30>
6772,2020-10-09 03:00:00,<function <lambda> at 0x7fa4962879f0>,<function <lambda> at 0x7fa496287a90>,<function <lambda> at 0x7fa496287b30>
6773,2020-10-09 04:00:00,<function <lambda> at 0x7fa4962879f0>,<function <lambda> at 0x7fa496287a90>,<function <lambda> at 0x7fa496287b30>
6774,2020-10-09 05:00:00,<function <lambda> at 0x7fa4962879f0>,<function <lambda> at 0x7fa496287a90>,<function <lambda> at 0x7fa496287b30>
6775,2020-10-09 06:00:00,<function <lambda> at 0x7fa4962879f0>,<function <lambda> at 0x7fa496287a90>,<function <lambda> at 0x7fa496287b30>
6776,2020-10-09 07:00:00,<function <lambda> at 0x7fa4962879f0>,<function <lambda> at 0x7fa496287a90>,<function <lambda> at 0x7fa496287b30>
6777,2020-10-09 08:00:00,<function <lambda> at 0x7fa4962879f0>,<function <lambda> at 0x7fa496287a90>,<function <lambda> at 0x7fa496287b30>
6778,2020-10-09 09:00:00,<function <lambda> at 0x7fa4962879f0>,<function <lambda> at 0x7fa496287a90>,<function <lambda> at 0x7fa496287b30>
6779,2020-10-09 10:00:00,<function <lambda> at 0x7fa4962879f0>,<function <lambda> at 0x7fa496287a90>,<function <lambda> at 0x7fa496287b30>
6780,2020-10-09 11:00:00,<function <lambda> at 0x7fa4962879f0>,<function <lambda> at 0x7fa496287a90>,<function <lambda> at 0x7fa496287b30>
6781,2020-10-09 12:00:00,<function <lambda> at 0x7fa4962879f0>,<function <lambda> at 0x7fa496287a90>,<function <lambda> at 0x7fa496287b30>
6782,2020-10-09 13:00:00,<function <lambda> at 0x7fa4962879f0>,<function <lambda> at 0x7fa496287a90>,<function <lambda> at 0x7fa496287b30>
6783,2020-10-09 14:00:00,<function <lambda> at 0x7fa4962879f0>,<function <lambda> at 0x7fa496287a90>,<function <lambda> at 0x7fa496287b30>
6784,2020-10-09 15:00:00,<function <lambda> at 0x7fa4962879f0>,<function <lambda> at 0x7fa496287a90>,<function <lambda> at 0x7fa496287b30>
6785,2020-10-09 16:00:00,<function <lambda> at 0x7fa4962879f0>,<function <lambda> at 0x7fa496287a90>,<function <lambda> at 0x7fa496287b30>
6786,2020-10-09 17:00:00,<function <lambda> at 0x7fa4962879f0>,<function <lambda> at 0x7fa496287a90>,<function <lambda> at 0x7fa496287b30>
6787,2020-10-09 18:00:00,<function <lambda> at 0x7fa4962879f0>,<function <lambda> at 0x7fa496287a90>,<function <lambda> at 0x7fa496287b30>
6788,2020-10-09 19:00:00,<function <lambda> at 0x7fa4962879f0>,<function <lambda> at 0x7fa496287a90>,<function <lambda> at 0x7fa496287b30>
6789,2020-10-09 20:00:00,<function <lambda> at 0x7fa4962879f0>,<function <lambda> at 0x7fa496287a90>,<function <lambda> at 0x7fa496287b30>
6790,2020-10-09 21:00:00,<function <lambda> at 0x7fa4962879f0>,<function <lambda> at 0x7fa496287a90>,<function <lambda> at 0x7fa496287b30>
6791,2020-10-09 22:00:00,<function <lambda> at 0x7fa4962879f0>,<function <lambda> at 0x7fa496287a90>,<function <lambda> at 0x7fa496287b30>
6792,2020-10-09 23:00:00,<function <lambda> at 0x7fa4962879f0>,<function <lambda> at 0x7fa496287a90>,<function <lambda> at 0x7fa496287b30>
6793,2020-10-10 00:00:00,<function <lambda> at 0x7fa4962879f0>,<function <lambda> at 0x7fa496287a90>,<function <lambda> at 0x7fa496287b30>
6794,2020-10-10 01:00:00,<function <lambda> at 0x7fa4962879f0>,<function <lambda> at 0x7fa496287a90>,<function <lambda> at 0x7fa496287b30>
6795,2020-10-10 02:00:00,<function <lambda> at 0x7fa4962879f0>,<function <lambda> at 0x7fa496287a90>,<function <lambda> at 0x7fa496287b30>
6796,2020-10-10 03:00:00,<function <lambda> at 0x7fa4962879f0>,<function <lambda> at 0x7fa496287a90>,<function <lambda> at 0x7fa496287b30>
6797,2020-10-10 04:00:00,<function <lambda> at 0x7fa4962879f0>,<function <lambda> at 0x7fa496287a90>,<function <lambda> at 0x7fa496287b30>
6798,2020-10-10 05:00:00,<function <lambda> at 0x7fa4962879f0>,<function <lambda> at 0x7fa496287a90>,<function <lambda> at 0x7fa496287b30>
6799,2020-10-10 06:00:00,<function <lambda> at 0x7fa4962879f0>,<function <lambda> at 0x7fa496287a90>,<function <lambda> at 0x7fa496287b30>
6800,2020-10-10 07:00:00,<function <lambda> at 0x7fa4962879f0>,<function <lambda> at 0x7fa496287a90>,<function <lambda> at 0x7fa496287b30>
6801,2020-10-10 08:00:00,<function <lambda> at 0x7fa4962879f0>,<function <lambda> at 0x7fa496287a90>,<function <lambda> at 0x7fa496287b30>
6802,2020-10-10 09:00:00,<function <lambda> at 0x7fa4962879f0>,<function <lambda> at 0x7fa496287a90>,<function <lambda> at 0x7fa496287b30>
6803,2020-10-10 10:00:00,<function <lambda> at 0x7fa4962879f0>,<function <lambda> at 0x7fa496287a90>,<function <lambda> at 0x7fa496287b30>
6804,2020-10-10 11:00:00,<function <lambda> at 0x7fa4962879f0>,<function <lambda> at 0x7fa496287a90>,<function <lambda> at 0x7fa496287b30>
6805,2020-10-10 12:00:00,<function <lambda> at 0x7fa4962879f0>,<function <lambda> at 0x7fa496287a90>,<function <lambda> at 0x7fa496287b30>
6806,2020-10-10 13:00:00,<function <lambda> at 0x7fa4962879f0>,<function <lambda> at 0x7fa496287a90>,<function <lambda> at 0x7fa496287b30>
6807,2020-10-10 14:00:00,<function <lambda> at 0x7fa4962879f0>,<function <lambda> at 0x7fa496287a90>,<function <lambda> at 0x7fa496287b30>
6808,2020-10-10 15:00:00,<function <lambda> at 0x7fa4962879f0>,<function <lambda> at 0x7fa496287a90>,<function <lambda> at 0x7fa496287b30>
6809,2020-10-10 16:00:00,<function <lambda> at 0x7fa4962879f0>,<function <lambda> at 0x7fa496287a90>,<function <lambda> at 0x7fa496287b30>
6810,2020-10-10 17:00:00,<function <lambda> at 0x7fa4962879f0>,<function <lambda> at 0x7fa496287a90>,<function <lambda> at 0x7fa496287b30>
6811,2020-10-10 18:00:00,<function <lambda> at 0x7fa4962879f0>,<function <lambda> at 0x7fa496287a90>,<function <lambda> at 0x7fa496287b30>
6812,2020-10-10 19:00:00,<function <lambda> at 0x7fa4962879f0>,<function <lambda> at 0x7fa496287a90>,<function <lambda> at 0x7fa496287b30>
6813,2020-10-10 20:00:00,<function <lambda> at 0x7fa4962879f0>,<function <lambda> at 0x7fa496287a90>,<function <lambda> at 0x7fa496287b30>
6814,2020-10-10 21:00:00,<function <lambda> at 0x7fa4962879f0>,<function <lambda> at 0x7fa496287a90>,<function <lambda> at 0x7fa496287b30>
6815,2020-10-10 22:00:00,<function <lambda> at 0x7fa4962879f0>,<function <lambda> at 0x7fa496287a90>,<function <lambda> at 0x7fa496287b30>
6816,2020-10-10 23:00:00,<function <lambda> at 0x7fa4962879f0>,<function <lambda> at 0x7fa496287a90>,<function <lambda> at 0x7fa496287b30>
6817,2020-10-11 00:00:00,<function <lambda> at 0x7fa4962879f0>,<function <lambda> at 0x7fa496287a90>,<function <lambda> at 0x7fa496287b30>
6818,2020-10-11 01:00:00,<function <lambda> at 0x7fa4962879f0>,<function <lambda> at 0x7fa496287a90>,<function <lambda> at 0x7fa496287b30>
6819,2020-10-11 02:00:00,<function <lambda> at 0x7fa4962879f0>,<function <lambda> at 0x7fa496287a90>,<function <lambda> at 0x7fa496287b30>
6820,2020-10-11 03:00:00,<function <lambda> at 0x7fa4962879f0>,<function <lambda> at 0x7fa496287a90>,<function <lambda> at 0x7fa496287b30>
6821,2020-10-11 04:00:00,<function <lambda> at 0x7fa4962879f0>,<function <lambda> at 0x7fa496287a90>,<function <lambda> at 0x7fa496287b30>
6822,2020-10-11 05:00:00,<function <lambda> at 0x7fa4962879f0>,<function <lambda> at 0x7fa496287a90>,<function <lambda> at 0x7fa496287b30>
6823,2020-10-11 06:00:00,<function <lambda> at 0x7fa4962879f0>,<function <lambda> at 0x7fa496287a90>,<function <lambda> at 0x7fa496287b30>
6824,2020-10-11 07:00:00,<function <lambda> at 0x7fa4962879f0>,<function <lambda> at 0x7fa496287a90>,<function <lambda> at 0x7fa496287b30>
6825,2020-10-11 08:00:00,<function <lambda> at 0x7fa4962879f0>,<function <lambda> at 0x7fa496287a90>,<function <lambda> at 0x7fa496287b30>
6826,2020-10-11 09:00:00,<function <lambda> at 0x7fa4962879f0>,<function <lambda> at 0x7fa496287a90>,<function <lambda> at 0x7fa496287b30>
6827,2020-10-11 10:00:00,<function <lambda> at 0x7fa4962879f0>,<function <lambda> at 0x7fa496287a90>,<function <lambda> at 0x7fa496287b30>
6828,2020-10-11 11:00:00,<function <lambda> at 0x7fa4962879f0>,<function <lambda> at 0x7fa496287a90>,<function <lambda> at 0x7fa496287b30>
6829,2020-10-11 12:00:00,<function <lambda> at 0x7fa4962879f0>,<function <lambda> at 0x7fa496287a90>,<function <lambda> at 0x7fa496287b30>
6830,2020-10-11 13:00:00,<function <lambda> at 0x7fa4962879f0>,<function <lambda> at 0x7fa496287a90>,<function <lambda> at 0x7fa496287b30>
6831,2020-10-11 14:00:00,<function <lambda> at 0x7fa4962879f0>,<function <lambda> at 0x7fa496287a90>,<function <lambda> at 0x7fa496287b30>
6832,2020-10-11 15:00:00,<function <lambda> at 0x7fa4962879f0>,<function <lambda> at 0x7fa496287a90>,<function <lambda> at 0x7fa496287b30>
6833,2020-10-11 16:00:00,<function <lambda> at 0x7fa4962879f0>,<function <lambda> at 0x7fa496287a90>,<function <lambda> at 0x7fa496287b30>
6834,2020-10-11 17:00:00,<function <lambda> at 0x7fa4962879f0>,<function <lambda> at 0x7fa496287a90>,<function <lambda> at 0x7fa496287b30>
6835,2020-10-11 18:00:00,<function <lambda> at 0x7fa4962879f0>,<function <lambda> at 0x7fa496287a90>,<function <lambda> at 0x7fa496287b30>
6836,2020-10-11 19:00:00,<function <lambda> at 0x7fa4962879f0>,<function <lambda> at 0x7fa496287a90>,<function <lambda> at 0x7fa496287b30>
6837,2020-10-11 20:00:00,<function <lambda> at 0x7fa4962879f0>,<function <lambda> at 0x7fa496287a90>,<function <lambda> at 0x7fa496287b30>
6838,2020-10-11 21:00:00,<function <lambda> at 0x7fa4962879f0>,<function <lambda> at 0x7fa496287a90>,<function <lambda> at 0x7fa496287b30>
6839,2020-10-11 22:00:00,<function <lambda> at 0x7fa4962879f0>,<function <lambda> at 0x7fa496287a90>,<function <lambda> at 0x7fa496287b30>
6840,2020-10-11 23:00:00,<function <lambda> at 0x7fa4962879f0>,<function <lambda> at 0x7fa496287a90>,<function <lambda> at 0x7fa496287b30>
6841,2020-10-12 00:00:00,<function <lambda> at 0x7fa4962879f0>,<function <lambda> at 0x7fa496287a90>,<function <lambda> at 0x7fa496287b30>
6842,2020-10-12 01:00:00,<function <lambda> at 0x7fa4962879f0>,<function <lambda> at 0x7fa496287a90>,<function <lambda> at 0x7fa496287b30>
6843,2020-10-12 02:00:00,<function <lambda> at 0x7fa4962879f0>,<function <lambda> at 0x7fa496287a90>,<function <lambda> at 0x7fa496287b30>
6844,2020-10-12 03:00:00,<function <lambda> at 0x7fa4962879f0>,<function <lambda> at 0x7fa496287a90>,<function <lambda> at 0x7fa496287b30>
6845,2020-10-12 04:00:00,<function <lambda> at 0x7fa4962879f0>,<function <lambda> at 0x7fa496287a90>,<function <lambda> at 0x7fa496287b30>
6846,2020-10-12 05:00:00,<function <lambda> at 0x7fa4962879f0>,<function <lambda> at 0x7fa496287a90>,<function <lambda> at 0x7fa496287b30>
6847,2020-10-12 06:00:00,<function <lambda> at 0x7fa4962879f0>,<function <lambda> at 0x7fa496287a90>,<function <lambda> at 0x7fa496287b30>
6848,2020-10-12 07:00:00,<function <lambda> at 0x7fa4962879f0>,<function <lambda> at 0x7fa496287a90>,<function <lambda> at 0x7fa496287b30>
6849,2020-10-12 08:00:00,<function <lambda> at 0x7fa4962879f0>,<function <lambda> at 0x7fa496287a90>,<function <lambda> at 0x7fa496287b30>
6850,2020-10-12 09:00:00,<function <lambda> at 0x7fa4962879f0>,<function <lambda> at 0x7fa496287a90>,<function <lambda> at 0x7fa496287b30>
6851,2020-10-12 10:00:00,<function <lambda> at 0x7fa4962879f0>,<function <lambda> at 0x7fa496287a90>,<function <lambda> at 0x7fa496287b30>
6852,2020-10-12 11:00:00,<function <lambda> at 0x7fa4962879f0>,<function <lambda> at 0x7fa496287a90>,<function <lambda> at 0x7fa496287b30>
6853,2020-10-12 12:00:00,<function <lambda> at 0x7fa4962879f0>,<function <lambda> at 0x7fa496287a90>,<function <lambda> at 0x7fa496287b30>
6854,2020-10-12 13:00:00,<function <lambda> at 0x7fa4962879f0>,<function <lambda> at 0x7fa496287a90>,<function <lambda> at 0x7fa496287b30>
6855,2020-10-12 14:00:00,<function <lambda> at 0x7fa4962879f0>,<function <lambda> at 0x7fa496287a90>,<function <lambda> at 0x7fa496287b30>
6856,2020-10-12 15:00:00,<function <lambda> at 0x7fa4962879f0>,<function <lambda> at 0x7fa496287a90>,<function <lambda> at 0x7fa496287b30>
6857,2020-10-12 16:00:00,<function <lambda> at 0x7fa4962879f0>,<function <lambda> at 0x7fa496287a90>,<function <lambda> at 0x7fa496287b30>
6858,2020-10-12 17:00:00,<function <lambda> at 0x7fa4962879f0>,<function <lambda> at 0x7fa496287a90>,<function <lambda> at 0x7fa496287b30>
6859,2020-10-12 18:00:00,<function <lambda> at 0x7fa4962879f0>,<function <lambda> at 0x7fa496287a90>,<function <lambda> at 0x7fa496287b30>
6860,2020-10-12 19:00:00,<function <lambda> at 0x7fa4962879f0>,<function <lambda> at 0x7fa496287a90>,<function <lambda> at 0x7fa496287b30>
6861,2020-10-12 20:00:00,<function <lambda> at 0x7fa4962879f0>,<function <lambda> at 0x7fa496287a90>,<function <lambda> at 0x7fa496287b30>
6862,2020-10-12 21:00:00,<function <lambda> at 0x7fa4962879f0>,<function <lambda> at 0x7fa496287a90>,<function <lambda> at 0x7fa496287b30>
6863,2020-10-12 22:00:00,<function <lambda> at 0x7fa4962879f0>,<function <lambda> at 0x7fa496287a90>,<function <lambda> at 0x7fa496287b30>
6864,2020-10-12 23:00:00,<function <lambda> at 0x7fa4962879f0>,<function <lambda> at 0x7fa496287a90>,<function <lambda> at 0x7fa496287b30>
6865,2020-10-13 00:00:00,<function <lambda> at 0x7fa4962879f0>,<function <lambda> at 0x7fa496287a90>,<function <lambda> at 0x7fa496287b30>
6866,2020-10-13 01:00:00,<function <lambda> at 0x7fa4962879f0>,<function <lambda> at 0x7fa496287a90>,<function <lambda> at 0x7fa496287b30>
6867,2020-10-13 02:00:00,<function <lambda> at 0x7fa4962879f0>,<function <lambda> at 0x7fa496287a90>,<function <lambda> at 0x7fa496287b30>
6868,2020-10-13 03:00:00,<function <lambda> at 0x7fa4962879f0>,<function <lambda> at 0x7fa496287a90>,<function <lambda> at 0x7fa496287b30>
6869,2020-10-13 04:00:00,<function <lambda> at 0x7fa4962879f0>,<function <lambda> at 0x7fa496287a90>,<function <lambda> at 0x7fa496287b30>
6870,2020-10-13 05:00:00,<function <lambda> at 0x7fa4962879f0>,<function <lambda> at 0x7fa496287a90>,<function <lambda> at 0x7fa496287b30>
6871,2020-10-13 06:00:00,<function <lambda> at 0x7fa4962879f0>,<function <lambda> at 0x7fa496287a90>,<function <lambda> at 0x7fa496287b30>
6872,2020-10-13 07:00:00,<function <lambda> at 0x7fa4962879f0>,<function <lambda> at 0x7fa496287a90>,<function <lambda> at 0x7fa496287b30>
6873,2020-10-13 08:00:00,<function <lambda> at 0x7fa4962879f0>,<function <lambda> at 0x7fa496287a90>,<function <lambda> at 0x7fa496287b30>
6874,2020-10-13 09:00:00,<function <lambda> at 0x7fa4962879f0>,<function <lambda> at 0x7fa496287a90>,<function <lambda> at 0x7fa496287b30>
6875,2020-10-13 10:00:00,<function <lambda> at 0x7fa4962879f0>,<function <lambda> at 0x7fa496287a90>,<function <lambda> at 0x7fa496287b30>
6876,2020-10-13 11:00:00,<function <lambda> at 0x7fa4962879f0>,<function <lambda> at 0x7fa496287a90>,<function <lambda> at 0x7fa496287b30>
6877,2020-10-13 12:00:00,<function <lambda> at 0x7fa4962879f0>,<function <lambda> at 0x7fa496287a90>,<function <lambda> at 0x7fa496287b30>
6878,2020-10-13 13:00:00,<function <lambda> at 0x7fa4962879f0>,<function <lambda> at 0x7fa496287a90>,<function <lambda> at 0x7fa496287b30>
6879,2020-10-13 14:00:00,<function <lambda> at 0x7fa4962879f0>,<function <lambda> at 0x7fa496287a90>,<function <lambda> at 0x7fa496287b30>
6880,2020-10-13 15:00:00,<function <lambda> at 0x7fa4962879f0>,<function <lambda> at 0x7fa496287a90>,<function <lambda> at 0x7fa496287b30>
6881,2020-10-13 16:00:00,<function <lambda> at 0x7fa4962879f0>,<function <lambda> at 0x7fa496287a90>,<function <lambda> at 0x7fa496287b30>
6882,2020-10-13 17:00:00,<function <lambda> at 0x7fa4962879f0>,<function <lambda> at 0x7fa496287a90>,<function <lambda> at 0x7fa496287b30>
6883,2020-10-13 18:00:00,<function <lambda> at 0x7fa4962879f0>,<function <lambda> at 0x7fa496287a90>,<function <lambda> at 0x7fa496287b30>
6884,2020-10-13 19:00:00,<function <lambda> at 0x7fa4962879f0>,<function <lambda> at 0x7fa496287a90>,<function <lambda> at 0x7fa496287b30>
6885,2020-10-13 20:00:00,<function <lambda> at 0x7fa4962879f0>,<function <lambda> at 0x7fa496287a90>,<function <lambda> at 0x7fa496287b30>
6886,2020-10-13 21:00:00,<function <lambda> at 0x7fa4962879f0>,<function <lambda> at 0x7fa496287a90>,<function <lambda> at 0x7fa496287b30>
6887,2020-10-13 22:00:00,<function <lambda> at 0x7fa4962879f0>,<function <lambda> at 0x7fa496287a90>,<function <lambda> at 0x7fa496287b30>
6888,2020-10-13 23:00:00,<function <lambda> at 0x7fa4962879f0>,<function <lambda> at 0x7fa496287a90>,<function <lambda> at 0x7fa496287b30>
6889,2020-10-14 00:00:00,<function <lambda> at 0x7fa4962879f0>,<function <lambda> at 0x7fa496287a90>,<function <lambda> at 0x7fa496287b30>
6890,2020-10-14 01:00:00,<function <lambda> at 0x7fa4962879f0>,<function <lambda> at 0x7fa496287a90>,<function <lambda> at 0x7fa496287b30>
6891,2020-10-14 02:00:00,<function <lambda> at 0x7fa4962879f0>,<function <lambda> at 0x7fa496287a90>,<function <lambda> at 0x7fa496287b30>
6892,2020-10-14 03:00:00,<function <lambda> at 0x7fa4962879f0>,<function <lambda> at 0x7fa496287a90>,<function <lambda> at 0x7fa496287b30>
6893,2020-10-14 04:00:00,<function <lambda> at 0x7fa4962879f0>,<function <lambda> at 0x7fa496287a90>,<function <lambda> at 0x7fa496287b30>
6894,2020-10-14 05:00:00,<function <lambda> at 0x7fa4962879f0>,<function <lambda> at 0x7fa496287a90>,<function <lambda> at 0x7fa496287b30>
6895,2020-10-14 06:00:00,<function <lambda> at 0x7fa4962879f0>,<function <lambda> at 0x7fa496287a90>,<function <lambda> at 0x7fa496287b30>
6896,2020-10-14 07:00:00,<function <lambda> at 0x7fa4962879f0>,<function <lambda> at 0x7fa496287a90>,<function <lambda> at 0x7fa496287b30>
6897,2020-10-14 08:00:00,<function <lambda> at 0x7fa4962879f0>,<function <lambda> at 0x7fa496287a90>,<function <lambda> at 0x7fa496287b30>
6898,2020-10-14 09:00:00,<function <lambda> at 0x7fa4962879f0>,<function <lambda> at 0x7fa496287a90>,<function <lambda> at 0x7fa496287b30>
6899,2020-10-14 10:00:00,<function <lambda> at 0x7fa4962879f0>,<function <lambda> at 0x7fa496287a90>,<function <lambda> at 0x7fa496287b30>
6900,2020-10-14 11:00:00,<function <lambda> at 0x7fa4962879f0>,<function <lambda> at 0x7fa496287a90>,<function <lambda> at 0x7fa496287b30>
6901,2020-10-14 12:00:00,<function <lambda> at 0x7fa4962879f0>,<function <lambda> at 0x7fa496287a90>,<function <lambda> at 0x7fa496287b30>
6902,2020-10-14 13:00:00,<function <lambda> at 0x7fa4962879f0>,<function <lambda> at 0x7fa496287a90>,<function <lambda> at 0x7fa496287b30>
6903,2020-10-14 14:00:00,<function <lambda> at 0x7fa4962879f0>,<function <lambda> at 0x7fa496287a90>,<function <lambda> at 0x7fa496287b30>
6904,2020-10-14 15:00:00,<function <lambda> at 0x7fa4962879f0>,<function <lambda> at 0x7fa496287a90>,<function <lambda> at 0x7fa496287b30>
6905,2020-10-14 16:00:00,<function <lambda> at 0x7fa4962879f0>,<function <lambda> at 0x7fa496287a90>,<function <lambda> at 0x7fa496287b30>
6906,2020-10-14 17:00:00,<function <lambda> at 0x7fa4962879f0>,<function <lambda> at 0x7fa496287a90>,<function <lambda> at 0x7fa496287b30>
6907,2020-10-14 18:00:00,<function <lambda> at 0x7fa4962879f0>,<function <lambda> at 0x7fa496287a90>,<function <lambda> at 0x7fa496287b30>
6908,2020-10-14 19:00:00,<function <lambda> at 0x7fa4962879f0>,<function <lambda> at 0x7fa496287a90>,<function <lambda> at 0x7fa496287b30>
6909,2020-10-14 20:00:00,<function <lambda> at 0x7fa4962879f0>,<function <lambda> at 0x7fa496287a90>,<function <lambda> at 0x7fa496287b30>
6910,2020-10-14 21:00:00,<function <lambda> at 0x7fa4962879f0>,<function <lambda> at 0x7fa496287a90>,<function <lambda> at 0x7fa496287b30>
6911,2020-10-14 22:00:00,<function <lambda> at 0x7fa4962879f0>,<function <lambda> at 0x7fa496287a90>,<function <lambda> at 0x7fa496287b30>
6912,2020-10-14 23:00:00,<function <lambda> at 0x7fa4962879f0>,<function <lambda> at 0x7fa496287a90>,<function <lambda> at 0x7fa496287b30>
6913,2020-10-15 00:00:00,<function <lambda> at 0x7fa4962879f0>,<function <lambda> at 0x7fa496287a90>,<function <lambda> at 0x7fa496287b30>
6914,2020-10-15 01:00:00,<function <lambda> at 0x7fa4962879f0>,<function <lambda> at 0x7fa496287a90>,<function <lambda> at 0x7fa496287b30>
6915,2020-10-15 02:00:00,<function <lambda> at 0x7fa4962879f0>,<function <lambda> at 0x7fa496287a90>,<function <lambda> at 0x7fa496287b30>
6916,2020-10-15 03:00:00,<function <lambda> at 0x7fa4962879f0>,<function <lambda> at 0x7fa496287a90>,<function <lambda> at 0x7fa496287b30>
6917,2020-10-15 04:00:00,<function <lambda> at 0x7fa4962879f0>,<function <lambda> at 0x7fa496287a90>,<function <lambda> at 0x7fa496287b30>
6918,2020-10-15 05:00:00,<function <lambda> at 0x7fa4962879f0>,<function <lambda> at 0x7fa496287a90>,<function <lambda> at 0x7fa496287b30>
6919,2020-10-15 06:00:00,<function <lambda> at 0x7fa4962879f0>,<function <lambda> at 0x7fa496287a90>,<function <lambda> at 0x7fa496287b30>
6920,2020-10-15 07:00:00,<function <lambda> at 0x7fa4962879f0>,<function <lambda> at 0x7fa496287a90>,<function <lambda> at 0x7fa496287b30>
6921,2020-10-15 08:00:00,<function <lambda> at 0x7fa4962879f0>,<function <lambda> at 0x7fa496287a90>,<function <lambda> at 0x7fa496287b30>
6922,2020-10-15 09:00:00,<function <lambda> at 0x7fa4962879f0>,<function <lambda> at 0x7fa496287a90>,<function <lambda> at 0x7fa496287b30>
6923,2020-10-15 10:00:00,<function <lambda> at 0x7fa4962879f0>,<function <lambda> at 0x7fa496287a90>,<function <lambda> at 0x7fa496287b30>
6924,2020-10-15 11:00:00,<function <lambda> at 0x7fa4962879f0>,<function <lambda> at 0x7fa496287a90>,<function <lambda> at 0x7fa496287b30>
6925,2020-10-15 12:00:00,<function <lambda> at 0x7fa4962879f0>,<function <lambda> at 0x7fa496287a90>,<function <lambda> at 0x7fa496287b30>
6926,2020-10-15 13:00:00,<function <lambda> at 0x7fa4962879f0>,<function <lambda> at 0x7fa496287a90>,<function <lambda> at 0x7fa496287b30>
6927,2020-10-15 14:00:00,<function <lambda> at 0x7fa4962879f0>,<function <lambda> at 0x7fa496287a90>,<function <lambda> at 0x7fa496287b30>
6928,2020-10-15 15:00:00,<function <lambda> at 0x7fa4962879f0>,<function <lambda> at 0x7fa496287a90>,<function <lambda> at 0x7fa496287b30>
6929,2020-10-15 16:00:00,<function <lambda> at 0x7fa4962879f0>,<function <lambda> at 0x7fa496287a90>,<function <lambda> at 0x7fa496287b30>
6930,2020-10-15 17:00:00,<function <lambda> at 0x7fa4962879f0>,<function <lambda> at 0x7fa496287a90>,<function <lambda> at 0x7fa496287b30>
6931,2020-10-15 18:00:00,<function <lambda> at 0x7fa4962879f0>,<function <lambda> at 0x7fa496287a90>,<function <lambda> at 0x7fa496287b30>
6932,2020-10-15 19:00:00,<function <lambda> at 0x7fa4962879f0>,<function <lambda> at 0x7fa496287a90>,<function <lambda> at 0x7fa496287b30>
6933,2020-10-15 20:00:00,<function <lambda> at 0x7fa4962879f0>,<function <lambda> at 0x7fa496287a90>,<function <lambda> at 0x7fa496287b30>
6934,2020-10-15 21:00:00,<function <lambda> at 0x7fa4962879f0>,<function <lambda> at 0x7fa496287a90>,<function <lambda> at 0x7fa496287b30>
6935,2020-10-15 22:00:00,<function <lambda> at 0x7fa4962879f0>,<function <lambda> at 0x7fa496287a90>,<function <lambda> at 0x7fa496287b30>
6936,2020-10-15 23:00:00,<function <lambda> at 0x7fa4962879f0>,<function <lambda> at 0x7fa496287a90>,<function <lambda> at 0x7fa496287b30>
6937,2020-10-16 00:00:00,<function <lambda> at 0x7fa4962879f0>,<function <lambda> at 0x7fa496287a90>,<function <lambda> at 0x7fa496287b30>
6938,2020-10-16 01:00:00,<function <lambda> at 0x7fa4962879f0>,<function <lambda> at 0x7fa496287a90>,<function <lambda> at 0x7fa496287b30>
6939,2020-10-16 02:00:00,<function <lambda> at 0x7fa4962879f0>,<function <lambda> at 0x7fa496287a90>,<function <lambda> at 0x7fa496287b30>
6940,2020-10-16 03:00:00,<function <lambda> at 0x7fa4962879f0>,<function <lambda> at 0x7fa496287a90>,<function <lambda> at 0x7fa496287b30>
6941,2020-10-16 04:00:00,<function <lambda> at 0x7fa4962879f0>,<function <lambda> at 0x7fa496287a90>,<function <lambda> at 0x7fa496287b30>
6942,2020-10-16 05:00:00,<function <lambda> at 0x7fa4962879f0>,<function <lambda> at 0x7fa496287a90>,<function <lambda> at 0x7fa496287b30>
6943,2020-10-16 06:00:00,<function <lambda> at 0x7fa4962879f0>,<function <lambda> at 0x7fa496287a90>,<function <lambda> at 0x7fa496287b30>
6944,2020-10-16 07:00:00,<function <lambda> at 0x7fa4962879f0>,<function <lambda> at 0x7fa496287a90>,<function <lambda> at 0x7fa496287b30>
6945,2020-10-16 08:00:00,<function <lambda> at 0x7fa4962879f0>,<function <lambda> at 0x7fa496287a90>,<function <lambda> at 0x7fa496287b30>
6946,2020-10-16 09:00:00,<function <lambda> at 0x7fa4962879f0>,<function <lambda> at 0x7fa496287a90>,<function <lambda> at 0x7fa496287b30>
6947,2020-10-16 10:00:00,<function <lambda> at 0x7fa4962879f0>,<function <lambda> at 0x7fa496287a90>,<function <lambda> at 0x7fa496287b30>
6948,2020-10-16 11:00:00,<function <lambda> at 0x7fa4962879f0>,<function <lambda> at 0x7fa496287a90>,<function <lambda> at 0x7fa496287b30>
6949,2020-10-16 12:00:00,<function <lambda> at 0x7fa4962879f0>,<function <lambda> at 0x7fa496287a90>,<function <lambda> at 0x7fa496287b30>
6950,2020-10-16 13:00:00,<function <lambda> at 0x7fa4962879f0>,<function <lambda> at 0x7fa496287a90>,<function <lambda> at 0x7fa496287b30>
6951,2020-10-16 14:00:00,<function <lambda> at 0x7fa4962879f0>,<function <lambda> at 0x7fa496287a90>,<function <lambda> at 0x7fa496287b30>
6952,2020-10-16 15:00:00,<function <lambda> at 0x7fa4962879f0>,<function <lambda> at 0x7fa496287a90>,<function <lambda> at 0x7fa496287b30>
6953,2020-10-16 16:00:00,<function <lambda> at 0x7fa4962879f0>,<function <lambda> at 0x7fa496287a90>,<function <lambda> at 0x7fa496287b30>
6954,2020-10-16 17:00:00,<function <lambda> at 0x7fa4962879f0>,<function <lambda> at 0x7fa496287a90>,<function <lambda> at 0x7fa496287b30>
6955,2020-10-16 18:00:00,<function <lambda> at 0x7fa4962879f0>,<function <lambda> at 0x7fa496287a90>,<function <lambda> at 0x7fa496287b30>
6956,2020-10-16 19:00:00,<function <lambda> at 0x7fa4962879f0>,<function <lambda> at 0x7fa496287a90>,<function <lambda> at 0x7fa496287b30>
6957,2020-10-16 20:00:00,<function <lambda> at 0x7fa4962879f0>,<function <lambda> at 0x7fa496287a90>,<function <lambda> at 0x7fa496287b30>
6958,2020-10-16 21:00:00,<function <lambda> at 0x7fa4962879f0>,<function <lambda> at 0x7fa496287a90>,<function <lambda> at 0x7fa496287b30>
6959,2020-10-16 22:00:00,<function <lambda> at 0x7fa4962879f0>,<function <lambda> at 0x7fa496287a90>,<function <lambda> at 0x7fa496287b30>
6960,2020-10-16 23:00:00,<function <lambda> at 0x7fa4962879f0>,<function <lambda> at 0x7fa496287a90>,<function <lambda> at 0x7fa496287b30>
6961,2020-10-17 00:00:00,<function <lambda> at 0x7fa4962879f0>,<function <lambda> at 0x7fa496287a90>,<function <lambda> at 0x7fa496287b30>
6962,2020-10-17 01:00:00,<function <lambda> at 0x7fa4962879f0>,<function <lambda> at 0x7fa496287a90>,<function <lambda> at 0x7fa496287b30>
6963,2020-10-17 02:00:00,<function <lambda> at 0x7fa4962879f0>,<function <lambda> at 0x7fa496287a90>,<function <lambda> at 0x7fa496287b30>
6964,2020-10-17 03:00:00,<function <lambda> at 0x7fa4962879f0>,<function <lambda> at 0x7fa496287a90>,<function <lambda> at 0x7fa496287b30>
6965,2020-10-17 04:00:00,<function <lambda> at 0x7fa4962879f0>,<function <lambda> at 0x7fa496287a90>,<function <lambda> at 0x7fa496287b30>
6966,2020-10-17 05:00:00,<function <lambda> at 0x7fa4962879f0>,<function <lambda> at 0x7fa496287a90>,<function <lambda> at 0x7fa496287b30>
6967,2020-10-17 06:00:00,<function <lambda> at 0x7fa4962879f0>,<function <lambda> at 0x7fa496287a90>,<function <lambda> at 0x7fa496287b30>
6968,2020-10-17 07:00:00,<function <lambda> at 0x7fa4962879f0>,<function <lambda> at 0x7fa496287a90>,<function <lambda> at 0x7fa496287b30>
6969,2020-10-17 08:00:00,<function <lambda> at 0x7fa4962879f0>,<function <lambda> at 0x7fa496287a90>,<function <lambda> at 0x7fa496287b30>
6970,2020-10-17 09:00:00,<function <lambda> at 0x7fa4962879f0>,<function <lambda> at 0x7fa496287a90>,<function <lambda> at 0x7fa496287b30>
6971,2020-10-17 10:00:00,<function <lambda> at 0x7fa4962879f0>,<function <lambda> at 0x7fa496287a90>,<function <lambda> at 0x7fa496287b30>
6972,2020-10-17 11:00:00,<function <lambda> at 0x7fa4962879f0>,<function <lambda> at 0x7fa496287a90>,<function <lambda> at 0x7fa496287b30>
6973,2020-10-17 12:00:00,<function <lambda> at 0x7fa4962879f0>,<function <lambda> at 0x7fa496287a90>,<function <lambda> at 0x7fa496287b30>
6974,2020-10-17 13:00:00,<function <lambda> at 0x7fa4962879f0>,<function <lambda> at 0x7fa496287a90>,<function <lambda> at 0x7fa496287b30>
6975,2020-10-17 14:00:00,<function <lambda> at 0x7fa4962879f0>,<function <lambda> at 0x7fa496287a90>,<function <lambda> at 0x7fa496287b30>
6976,2020-10-17 15:00:00,<function <lambda> at 0x7fa4962879f0>,<function <lambda> at 0x7fa496287a90>,<function <lambda> at 0x7fa496287b30>
6977,2020-10-17 16:00:00,<function <lambda> at 0x7fa4962879f0>,<function <lambda> at 0x7fa496287a90>,<function <lambda> at 0x7fa496287b30>
6978,2020-10-17 17:00:00,<function <lambda> at 0x7fa4962879f0>,<function <lambda> at 0x7fa496287a90>,<function <lambda> at 0x7fa496287b30>
6979,2020-10-17 18:00:00,<function <lambda> at 0x7fa4962879f0>,<function <lambda> at 0x7fa496287a90>,<function <lambda> at 0x7fa496287b30>
6980,2020-10-17 19:00:00,<function <lambda> at 0x7fa4962879f0>,<function <lambda> at 0x7fa496287a90>,<function <lambda> at 0x7fa496287b30>
6981,2020-10-17 20:00:00,<function <lambda> at 0x7fa4962879f0>,<function <lambda> at 0x7fa496287a90>,<function <lambda> at 0x7fa496287b30>
6982,2020-10-17 21:00:00,<function <lambda> at 0x7fa4962879f0>,<function <lambda> at 0x7fa496287a90>,<function <lambda> at 0x7fa496287b30>
6983,2020-10-17 22:00:00,<function <lambda> at 0x7fa4962879f0>,<function <lambda> at 0x7fa496287a90>,<function <lambda> at 0x7fa496287b30>
6984,2020-10-17 23:00:00,<function <lambda> at 0x7fa4962879f0>,<function <lambda> at 0x7fa496287a90>,<function <lambda> at 0x7fa496287b30>
6985,2020-10-18 00:00:00,<function <lambda> at 0x7fa4962879f0>,<function <lambda> at 0x7fa496287a90>,<function <lambda> at 0x7fa496287b30>
6986,2020-10-18 01:00:00,<function <lambda> at 0x7fa4962879f0>,<function <lambda> at 0x7fa496287a90>,<function <lambda> at 0x7fa496287b30>
6987,2020-10-18 02:00:00,<function <lambda> at 0x7fa4962879f0>,<function <lambda> at 0x7fa496287a90>,<function <lambda> at 0x7fa496287b30>
6988,2020-10-18 03:00:00,<function <lambda> at 0x7fa4962879f0>,<function <lambda> at 0x7fa496287a90>,<function <lambda> at 0x7fa496287b30>
6989,2020-10-18 04:00:00,<function <lambda> at 0x7fa4962879f0>,<function <lambda> at 0x7fa496287a90>,<function <lambda> at 0x7fa496287b30>
6990,2020-10-18 05:00:00,<function <lambda> at 0x7fa4962879f0>,<function <lambda> at 0x7fa496287a90>,<function <lambda> at 0x7fa496287b30>
6991,2020-10-18 06:00:00,<function <lambda> at 0x7fa4962879f0>,<function <lambda> at 0x7fa496287a90>,<function <lambda> at 0x7fa496287b30>
6992,2020-10-18 07:00:00,<function <lambda> at 0x7fa4962879f0>,<function <lambda> at 0x7fa496287a90>,<function <lambda> at 0x7fa496287b30>
6993,2020-10-18 08:00:00,<function <lambda> at 0x7fa4962879f0>,<function <lambda> at 0x7fa496287a90>,<function <lambda> at 0x7fa496287b30>
6994,2020-10-18 09:00:00,<function <lambda> at 0x7fa4962879f0>,<function <lambda> at 0x7fa496287a90>,<function <lambda> at 0x7fa496287b30>
6995,2020-10-18 10:00:00,<function <lambda> at 0x7fa4962879f0>,<function <lambda> at 0x7fa496287a90>,<function <lambda> at 0x7fa496287b30>
6996,2020-10-18 11:00:00,<function <lambda> at 0x7fa4962879f0>,<function <lambda> at 0x7fa496287a90>,<function <lambda> at 0x7fa496287b30>
6997,2020-10-18 12:00:00,<function <lambda> at 0x7fa4962879f0>,<function <lambda> at 0x7fa496287a90>,<function <lambda> at 0x7fa496287b30>
6998,2020-10-18 13:00:00,<function <lambda> at 0x7fa4962879f0>,<function <lambda> at 0x7fa496287a90>,<function <lambda> at 0x7fa496287b30>
6999,2020-10-18 14:00:00,<function <lambda> at 0x7fa4962879f0>,<function <lambda> at 0x7fa496287a90>,<function <lambda> at 0x7fa496287b30>
7000,2020-10-18 15:00:00,<function <lambda> at 0x7fa4962879f0>,<function <lambda> at 0x7fa496287a90>,<function <lambda> at 0x7fa496287b30>
7001,2020-10-18 16:00:00,<function <lambda> at 0x7fa4962879f0>,<function <lambda> at 0x7fa496287a90>,<function <lambda> at 0x7fa496287b30>
7002,2020-10-18 17:00:00,<function <lambda> at 0x7fa4962879f0>,<function <lambda> at 0x7fa496287a90>,<function <lambda> at 0x7fa496287b30>
7003,2020-10-18 18:00:00,<function <lambda> at 0x7fa4962879f0>,<function <lambda> at 0x7fa496287a90>,<function <lambda> at 0x7fa496287b30>
7004,2020-10-18 19:00:00,<function <lambda> at 0x7fa4962879f0>,<function <lambda> at 0x7fa496287a90>,<function <lambda> at 0x7fa496287b30>
7005,2020-10-18 20:00:00,<function <lambda> at 0x7fa4962879f0>,<function <lambda> at 0x7fa496287a90>,<function <lambda> at 0x7fa496287b30>
7006,2020-10-18 21:00:00,<function <lambda> at 0x7fa4962879f0>,<function <lambda> at 0x7fa496287a90>,<function <lambda> at 0x7fa496287b30>
7007,2020-10-18 22:00:00,<function <lambda> at 0x7fa4962879f0>,<function <lambda> at 0x7fa496287a90>,<function <lambda> at 0x7fa496287b30>
7008,2020-10-18 23:00:00,<function <lambda> at 0x7fa4962879f0>,<function <lambda> at 0x7fa496287a90>,<function <lambda> at 0x7fa496287b30>
7009,2020-10-19 00:00:00,<function <lambda> at 0x7fa4962879f0>,<function <lambda> at 0x7fa496287a90>,<function <lambda> at 0x7fa496287b30>
7010,2020-10-19 01:00:00,<function <lambda> at 0x7fa4962879f0>,<function <lambda> at 0x7fa496287a90>,<function <lambda> at 0x7fa496287b30>
7011,2020-10-19 02:00:00,<function <lambda> at 0x7fa4962879f0>,<function <lambda> at 0x7fa496287a90>,<function <lambda> at 0x7fa496287b30>
7012,2020-10-19 03:00:00,<function <lambda> at 0x7fa4962879f0>,<function <lambda> at 0x7fa496287a90>,<function <lambda> at 0x7fa496287b30>
7013,2020-10-19 04:00:00,<function <lambda> at 0x7fa4962879f0>,<function <lambda> at 0x7fa496287a90>,<function <lambda> at 0x7fa496287b30>
7014,2020-10-19 05:00:00,<function <lambda> at 0x7fa4962879f0>,<function <lambda> at 0x7fa496287a90>,<function <lambda> at 0x7fa496287b30>
7015,2020-10-19 06:00:00,<function <lambda> at 0x7fa4962879f0>,<function <lambda> at 0x7fa496287a90>,<function <lambda> at 0x7fa496287b30>
7016,2020-10-19 07:00:00,<function <lambda> at 0x7fa4962879f0>,<function <lambda> at 0x7fa496287a90>,<function <lambda> at 0x7fa496287b30>
7017,2020-10-19 08:00:00,<function <lambda> at 0x7fa4962879f0>,<function <lambda> at 0x7fa496287a90>,<function <lambda> at 0x7fa496287b30>
7018,2020-10-19 09:00:00,<function <lambda> at 0x7fa4962879f0>,<function <lambda> at 0x7fa496287a90>,<function <lambda> at 0x7fa496287b30>
7019,2020-10-19 10:00:00,<function <lambda> at 0x7fa4962879f0>,<function <lambda> at 0x7fa496287a90>,<function <lambda> at 0x7fa496287b30>
7020,2020-10-19 11:00:00,<function <lambda> at 0x7fa4962879f0>,<function <lambda> at 0x7fa496287a90>,<function <lambda> at 0x7fa496287b30>
7021,2020-10-19 12:00:00,<function <lambda> at 0x7fa4962879f0>,<function <lambda> at 0x7fa496287a90>,<function <lambda> at 0x7fa496287b30>
7022,2020-10-19 13:00:00,<function <lambda> at 0x7fa4962879f0>,<function <lambda> at 0x7fa496287a90>,<function <lambda> at 0x7fa496287b30>
7023,2020-10-19 14:00:00,<function <lambda> at 0x7fa4962879f0>,<function <lambda> at 0x7fa496287a90>,<function <lambda> at 0x7fa496287b30>
7024,2020-10-19 15:00:00,<function <lambda> at 0x7fa4962879f0>,<function <lambda> at 0x7fa496287a90>,<function <lambda> at 0x7fa496287b30>
7025,2020-10-19 16:00:00,<function <lambda> at 0x7fa4962879f0>,<function <lambda> at 0x7fa496287a90>,<function <lambda> at 0x7fa496287b30>
7026,2020-10-19 17:00:00,<function <lambda> at 0x7fa4962879f0>,<function <lambda> at 0x7fa496287a90>,<function <lambda> at 0x7fa496287b30>
7027,2020-10-19 18:00:00,<function <lambda> at 0x7fa4962879f0>,<function <lambda> at 0x7fa496287a90>,<function <lambda> at 0x7fa496287b30>
7028,2020-10-19 19:00:00,<function <lambda> at 0x7fa4962879f0>,<function <lambda> at 0x7fa496287a90>,<function <lambda> at 0x7fa496287b30>
7029,2020-10-19 20:00:00,<function <lambda> at 0x7fa4962879f0>,<function <lambda> at 0x7fa496287a90>,<function <lambda> at 0x7fa496287b30>
7030,2020-10-19 21:00:00,<function <lambda> at 0x7fa4962879f0>,<function <lambda> at 0x7fa496287a90>,<function <lambda> at 0x7fa496287b30>
7031,2020-10-19 22:00:00,<function <lambda> at 0x7fa4962879f0>,<function <lambda> at 0x7fa496287a90>,<function <lambda> at 0x7fa496287b30>
7032,2020-10-19 23:00:00,<function <lambda> at 0x7fa4962879f0>,<function <lambda> at 0x7fa496287a90>,<function <lambda> at 0x7fa496287b30>
7033,2020-10-20 00:00:00,<function <lambda> at 0x7fa4962879f0>,<function <lambda> at 0x7fa496287a90>,<function <lambda> at 0x7fa496287b30>
7034,2020-10-20 01:00:00,<function <lambda> at 0x7fa4962879f0>,<function <lambda> at 0x7fa496287a90>,<function <lambda> at 0x7fa496287b30>
7035,2020-10-20 02:00:00,<function <lambda> at 0x7fa4962879f0>,<function <lambda> at 0x7fa496287a90>,<function <lambda> at 0x7fa496287b30>
7036,2020-10-20 03:00:00,<function <lambda> at 0x7fa4962879f0>,<function <lambda> at 0x7fa496287a90>,<function <lambda> at 0x7fa496287b30>
7037,2020-10-20 04:00:00,<function <lambda> at 0x7fa4962879f0>,<function <lambda> at 0x7fa496287a90>,<function <lambda> at 0x7fa496287b30>
7038,2020-10-20 05:00:00,<function <lambda> at 0x7fa4962879f0>,<function <lambda> at 0x7fa496287a90>,<function <lambda> at 0x7fa496287b30>
7039,2020-10-20 06:00:00,<function <lambda> at 0x7fa4962879f0>,<function <lambda> at 0x7fa496287a90>,<function <lambda> at 0x7fa496287b30>
7040,2020-10-20 07:00:00,<function <lambda> at 0x7fa4962879f0>,<function <lambda> at 0x7fa496287a90>,<function <lambda> at 0x7fa496287b30>
7041,2020-10-20 08:00:00,<function <lambda> at 0x7fa4962879f0>,<function <lambda> at 0x7fa496287a90>,<function <lambda> at 0x7fa496287b30>
7042,2020-10-20 09:00:00,<function <lambda> at 0x7fa4962879f0>,<function <lambda> at 0x7fa496287a90>,<function <lambda> at 0x7fa496287b30>
7043,2020-10-20 10:00:00,<function <lambda> at 0x7fa4962879f0>,<function <lambda> at 0x7fa496287a90>,<function <lambda> at 0x7fa496287b30>
7044,2020-10-20 11:00:00,<function <lambda> at 0x7fa4962879f0>,<function <lambda> at 0x7fa496287a90>,<function <lambda> at 0x7fa496287b30>
7045,2020-10-20 12:00:00,<function <lambda> at 0x7fa4962879f0>,<function <lambda> at 0x7fa496287a90>,<function <lambda> at 0x7fa496287b30>
7046,2020-10-20 13:00:00,<function <lambda> at 0x7fa4962879f0>,<function <lambda> at 0x7fa496287a90>,<function <lambda> at 0x7fa496287b30>
7047,2020-10-20 14:00:00,<function <lambda> at 0x7fa4962879f0>,<function <lambda> at 0x7fa496287a90>,<function <lambda> at 0x7fa496287b30>
7048,2020-10-20 15:00:00,<function <lambda> at 0x7fa4962879f0>,<function <lambda> at 0x7fa496287a90>,<function <lambda> at 0x7fa496287b30>
7049,2020-10-20 16:00:00,<function <lambda> at 0x7fa4962879f0>,<function <lambda> at 0x7fa496287a90>,<function <lambda> at 0x7fa496287b30>
7050,2020-10-20 17:00:00,<function <lambda> at 0x7fa4962879f0>,<function <lambda> at 0x7fa496287a90>,<function <lambda> at 0x7fa496287b30>
7051,2020-10-20 18:00:00,<function <lambda> at 0x7fa4962879f0>,<function <lambda> at 0x7fa496287a90>,<function <lambda> at 0x7fa496287b30>
7052,2020-10-20 19:00:00,<function <lambda> at 0x7fa4962879f0>,<function <lambda> at 0x7fa496287a90>,<function <lambda> at 0x7fa496287b30>
7053,2020-10-20 20:00:00,<function <lambda> at 0x7fa4962879f0>,<function <lambda> at 0x7fa496287a90>,<function <lambda> at 0x7fa496287b30>
7054,2020-10-20 21:00:00,<function <lambda> at 0x7fa4962879f0>,<function <lambda> at 0x7fa496287a90>,<function <lambda> at 0x7fa496287b30>
7055,2020-10-20 22:00:00,<function <lambda> at 0x7fa4962879f0>,<function <lambda> at 0x7fa496287a90>,<function <lambda> at 0x7fa496287b30>
7056,2020-10-20 23:00:00,<function <lambda> at 0x7fa4962879f0>,<function <lambda> at 0x7fa496287a90>,<function <lambda> at 0x7fa496287b30>
7057,2020-10-21 00:00:00,<function <lambda> at 0x7fa4962879f0>,<function <lambda> at 0x7fa496287a90>,<function <lambda> at 0x7fa496287b30>
7058,2020-10-21 01:00:00,<function <lambda> at 0x7fa4962879f0>,<function <lambda> at 0x7fa496287a90>,<function <lambda> at 0x7fa496287b30>
7059,2020-10-21 02:00:00,<function <lambda> at 0x7fa4962879f0>,<function <lambda> at 0x7fa496287a90>,<function <lambda> at 0x7fa496287b30>
7060,2020-10-21 03:00:00,<function <lambda> at 0x7fa4962879f0>,<function <lambda> at 0x7fa496287a90>,<function <lambda> at 0x7fa496287b30>
7061,2020-10-21 04:00:00,<function <lambda> at 0x7fa4962879f0>,<function <lambda> at 0x7fa496287a90>,<function <lambda> at 0x7fa496287b30>
7062,2020-10-21 05:00:00,<function <lambda> at 0x7fa4962879f0>,<function <lambda> at 0x7fa496287a90>,<function <lambda> at 0x7fa496287b30>
7063,2020-10-21 06:00:00,<function <lambda> at 0x7fa4962879f0>,<function <lambda> at 0x7fa496287a90>,<function <lambda> at 0x7fa496287b30>
7064,2020-10-21 07:00:00,<function <lambda> at 0x7fa4962879f0>,<function <lambda> at 0x7fa496287a90>,<function <lambda> at 0x7fa496287b30>
7065,2020-10-21 08:00:00,<function <lambda> at 0x7fa4962879f0>,<function <lambda> at 0x7fa496287a90>,<function <lambda> at 0x7fa496287b30>
7066,2020-10-21 09:00:00,<function <lambda> at 0x7fa4962879f0>,<function <lambda> at 0x7fa496287a90>,<function <lambda> at 0x7fa496287b30>
7067,2020-10-21 10:00:00,<function <lambda> at 0x7fa4962879f0>,<function <lambda> at 0x7fa496287a90>,<function <lambda> at 0x7fa496287b30>
7068,2020-10-21 11:00:00,<function <lambda> at 0x7fa4962879f0>,<function <lambda> at 0x7fa496287a90>,<function <lambda> at 0x7fa496287b30>
7069,2020-10-21 12:00:00,<function <lambda> at 0x7fa4962879f0>,<function <lambda> at 0x7fa496287a90>,<function <lambda> at 0x7fa496287b30>
7070,2020-10-21 13:00:00,<function <lambda> at 0x7fa4962879f0>,<function <lambda> at 0x7fa496287a90>,<function <lambda> at 0x7fa496287b30>
7071,2020-10-21 14:00:00,<function <lambda> at 0x7fa4962879f0>,<function <lambda> at 0x7fa496287a90>,<function <lambda> at 0x7fa496287b30>
7072,2020-10-21 15:00:00,<function <lambda> at 0x7fa4962879f0>,<function <lambda> at 0x7fa496287a90>,<function <lambda> at 0x7fa496287b30>
7073,2020-10-21 16:00:00,<function <lambda> at 0x7fa4962879f0>,<function <lambda> at 0x7fa496287a90>,<function <lambda> at 0x7fa496287b30>
7074,2020-10-21 17:00:00,<function <lambda> at 0x7fa4962879f0>,<function <lambda> at 0x7fa496287a90>,<function <lambda> at 0x7fa496287b30>
7075,2020-10-21 18:00:00,<function <lambda> at 0x7fa4962879f0>,<function <lambda> at 0x7fa496287a90>,<function <lambda> at 0x7fa496287b30>
7076,2020-10-21 19:00:00,<function <lambda> at 0x7fa4962879f0>,<function <lambda> at 0x7fa496287a90>,<function <lambda> at 0x7fa496287b30>
7077,2020-10-21 20:00:00,<function <lambda> at 0x7fa4962879f0>,<function <lambda> at 0x7fa496287a90>,<function <lambda> at 0x7fa496287b30>
7078,2020-10-21 21:00:00,<function <lambda> at 0x7fa4962879f0>,<function <lambda> at 0x7fa496287a90>,<function <lambda> at 0x7fa496287b30>
7079,2020-10-21 22:00:00,<function <lambda> at 0x7fa4962879f0>,<function <lambda> at 0x7fa496287a90>,<function <lambda> at 0x7fa496287b30>
7080,2020-10-21 23:00:00,<function <lambda> at 0x7fa4962879f0>,<function <lambda> at 0x7fa496287a90>,<function <lambda> at 0x7fa496287b30>
7081,2020-10-22 00:00:00,<function <lambda> at 0x7fa4962879f0>,<function <lambda> at 0x7fa496287a90>,<function <lambda> at 0x7fa496287b30>
7082,2020-10-22 01:00:00,<function <lambda> at 0x7fa4962879f0>,<function <lambda> at 0x7fa496287a90>,<function <lambda> at 0x7fa496287b30>
7083,2020-10-22 02:00:00,<function <lambda> at 0x7fa4962879f0>,<function <lambda> at 0x7fa496287a90>,<function <lambda> at 0x7fa496287b30>
7084,2020-10-22 03:00:00,<function <lambda> at 0x7fa4962879f0>,<function <lambda> at 0x7fa496287a90>,<function <lambda> at 0x7fa496287b30>
7085,2020-10-22 04:00:00,<function <lambda> at 0x7fa4962879f0>,<function <lambda> at 0x7fa496287a90>,<function <lambda> at 0x7fa496287b30>
7086,2020-10-22 05:00:00,<function <lambda> at 0x7fa4962879f0>,<function <lambda> at 0x7fa496287a90>,<function <lambda> at 0x7fa496287b30>
7087,2020-10-22 06:00:00,<function <lambda> at 0x7fa4962879f0>,<function <lambda> at 0x7fa496287a90>,<function <lambda> at 0x7fa496287b30>
7088,2020-10-22 07:00:00,<function <lambda> at 0x7fa4962879f0>,<function <lambda> at 0x7fa496287a90>,<function <lambda> at 0x7fa496287b30>
7089,2020-10-22 08:00:00,<function <lambda> at 0x7fa4962879f0>,<function <lambda> at 0x7fa496287a90>,<function <lambda> at 0x7fa496287b30>
7090,2020-10-22 09:00:00,<function <lambda> at 0x7fa4962879f0>,<function <lambda> at 0x7fa496287a90>,<function <lambda> at 0x7fa496287b30>
7091,2020-10-22 10:00:00,<function <lambda> at 0x7fa4962879f0>,<function <lambda> at 0x7fa496287a90>,<function <lambda> at 0x7fa496287b30>
7092,2020-10-22 11:00:00,<function <lambda> at 0x7fa4962879f0>,<function <lambda> at 0x7fa496287a90>,<function <lambda> at 0x7fa496287b30>
7093,2020-10-22 12:00:00,<function <lambda> at 0x7fa4962879f0>,<function <lambda> at 0x7fa496287a90>,<function <lambda> at 0x7fa496287b30>
7094,2020-10-22 13:00:00,<function <lambda> at 0x7fa4962879f0>,<function <lambda> at 0x7fa496287a90>,<function <lambda> at 0x7fa496287b30>
7095,2020-10-22 14:00:00,<function <lambda> at 0x7fa4962879f0>,<function <lambda> at 0x7fa496287a90>,<function <lambda> at 0x7fa496287b30>
7096,2020-10-22 15:00:00,<function <lambda> at 0x7fa4962879f0>,<function <lambda> at 0x7fa496287a90>,<function <lambda> at 0x7fa496287b30>
7097,2020-10-22 16:00:00,<function <lambda> at 0x7fa4962879f0>,<function <lambda> at 0x7fa496287a90>,<function <lambda> at 0x7fa496287b30>
7098,2020-10-22 17:00:00,<function <lambda> at 0x7fa4962879f0>,<function <lambda> at 0x7fa496287a90>,<function <lambda> at 0x7fa496287b30>
7099,2020-10-22 18:00:00,<function <lambda> at 0x7fa4962879f0>,<function <lambda> at 0x7fa496287a90>,<function <lambda> at 0x7fa496287b30>
7100,2020-10-22 19:00:00,<function <lambda> at 0x7fa4962879f0>,<function <lambda> at 0x7fa496287a90>,<function <lambda> at 0x7fa496287b30>
7101,2020-10-22 20:00:00,<function <lambda> at 0x7fa4962879f0>,<function <lambda> at 0x7fa496287a90>,<function <lambda> at 0x7fa496287b30>
7102,2020-10-22 21:00:00,<function <lambda> at 0x7fa4962879f0>,<function <lambda> at 0x7fa496287a90>,<function <lambda> at 0x7fa496287b30>
7103,2020-10-22 22:00:00,<function <lambda> at 0x7fa4962879f0>,<function <lambda> at 0x7fa496287a90>,<function <lambda> at 0x7fa496287b30>
7104,2020-10-22 23:00:00,<function <lambda> at 0x7fa4962879f0>,<function <lambda> at 0x7fa496287a90>,<function <lambda> at 0x7fa496287b30>
7105,2020-10-23 00:00:00,<function <lambda> at 0x7fa4962879f0>,<function <lambda> at 0x7fa496287a90>,<function <lambda> at 0x7fa496287b30>
7106,2020-10-23 01:00:00,<function <lambda> at 0x7fa4962879f0>,<function <lambda> at 0x7fa496287a90>,<function <lambda> at 0x7fa496287b30>
7107,2020-10-23 02:00:00,<function <lambda> at 0x7fa4962879f0>,<function <lambda> at 0x7fa496287a90>,<function <lambda> at 0x7fa496287b30>
7108,2020-10-23 03:00:00,<function <lambda> at 0x7fa4962879f0>,<function <lambda> at 0x7fa496287a90>,<function <lambda> at 0x7fa496287b30>
7109,2020-10-23 04:00:00,<function <lambda> at 0x7fa4962879f0>,<function <lambda> at 0x7fa496287a90>,<function <lambda> at 0x7fa496287b30>
7110,2020-10-23 05:00:00,<function <lambda> at 0x7fa4962879f0>,<function <lambda> at 0x7fa496287a90>,<function <lambda> at 0x7fa496287b30>
7111,2020-10-23 06:00:00,<function <lambda> at 0x7fa4962879f0>,<function <lambda> at 0x7fa496287a90>,<function <lambda> at 0x7fa496287b30>
7112,2020-10-23 07:00:00,<function <lambda> at 0x7fa4962879f0>,<function <lambda> at 0x7fa496287a90>,<function <lambda> at 0x7fa496287b30>
7113,2020-10-23 08:00:00,<function <lambda> at 0x7fa4962879f0>,<function <lambda> at 0x7fa496287a90>,<function <lambda> at 0x7fa496287b30>
7114,2020-10-23 09:00:00,<function <lambda> at 0x7fa4962879f0>,<function <lambda> at 0x7fa496287a90>,<function <lambda> at 0x7fa496287b30>
7115,2020-10-23 10:00:00,<function <lambda> at 0x7fa4962879f0>,<function <lambda> at 0x7fa496287a90>,<function <lambda> at 0x7fa496287b30>
7116,2020-10-23 11:00:00,<function <lambda> at 0x7fa4962879f0>,<function <lambda> at 0x7fa496287a90>,<function <lambda> at 0x7fa496287b30>
7117,2020-10-23 12:00:00,<function <lambda> at 0x7fa4962879f0>,<function <lambda> at 0x7fa496287a90>,<function <lambda> at 0x7fa496287b30>
7118,2020-10-23 13:00:00,<function <lambda> at 0x7fa4962879f0>,<function <lambda> at 0x7fa496287a90>,<function <lambda> at 0x7fa496287b30>
7119,2020-10-23 14:00:00,<function <lambda> at 0x7fa4962879f0>,<function <lambda> at 0x7fa496287a90>,<function <lambda> at 0x7fa496287b30>
7120,2020-10-23 15:00:00,<function <lambda> at 0x7fa4962879f0>,<function <lambda> at 0x7fa496287a90>,<function <lambda> at 0x7fa496287b30>
7121,2020-10-23 16:00:00,<function <lambda> at 0x7fa4962879f0>,<function <lambda> at 0x7fa496287a90>,<function <lambda> at 0x7fa496287b30>
7122,2020-10-23 17:00:00,<function <lambda> at 0x7fa4962879f0>,<function <lambda> at 0x7fa496287a90>,<function <lambda> at 0x7fa496287b30>
7123,2020-10-23 18:00:00,<function <lambda> at 0x7fa4962879f0>,<function <lambda> at 0x7fa496287a90>,<function <lambda> at 0x7fa496287b30>
7124,2020-10-23 19:00:00,<function <lambda> at 0x7fa4962879f0>,<function <lambda> at 0x7fa496287a90>,<function <lambda> at 0x7fa496287b30>
7125,2020-10-23 20:00:00,<function <lambda> at 0x7fa4962879f0>,<function <lambda> at 0x7fa496287a90>,<function <lambda> at 0x7fa496287b30>
7126,2020-10-23 21:00:00,<function <lambda> at 0x7fa4962879f0>,<function <lambda> at 0x7fa496287a90>,<function <lambda> at 0x7fa496287b30>
7127,2020-10-23 22:00:00,<function <lambda> at 0x7fa4962879f0>,<function <lambda> at 0x7fa496287a90>,<function <lambda> at 0x7fa496287b30>
7128,2020-10-23 23:00:00,<function <lambda> at 0x7fa4962879f0>,<function <lambda> at 0x7fa496287a90>,<function <lambda> at 0x7fa496287b30>
7129,2020-10-24 00:00:00,<function <lambda> at 0x7fa4962879f0>,<function <lambda> at 0x7fa496287a90>,<function <lambda> at 0x7fa496287b30>
7130,2020-10-24 01:00:00,<function <lambda> at 0x7fa4962879f0>,<function <lambda> at 0x7fa496287a90>,<function <lambda> at 0x7fa496287b30>
7131,2020-10-24 02:00:00,<function <lambda> at 0x7fa4962879f0>,<function <lambda> at 0x7fa496287a90>,<function <lambda> at 0x7fa496287b30>
7132,2020-10-24 03:00:00,<function <lambda> at 0x7fa4962879f0>,<function <lambda> at 0x7fa496287a90>,<function <lambda> at 0x7fa496287b30>
7133,2020-10-24 04:00:00,<function <lambda> at 0x7fa4962879f0>,<function <lambda> at 0x7fa496287a90>,<function <lambda> at 0x7fa496287b30>
7134,2020-10-24 05:00:00,<function <lambda> at 0x7fa4962879f0>,<function <lambda> at 0x7fa496287a90>,<function <lambda> at 0x7fa496287b30>
7135,2020-10-24 06:00:00,<function <lambda> at 0x7fa4962879f0>,<function <lambda> at 0x7fa496287a90>,<function <lambda> at 0x7fa496287b30>
7136,2020-10-24 07:00:00,<function <lambda> at 0x7fa4962879f0>,<function <lambda> at 0x7fa496287a90>,<function <lambda> at 0x7fa496287b30>
7137,2020-10-24 08:00:00,<function <lambda> at 0x7fa4962879f0>,<function <lambda> at 0x7fa496287a90>,<function <lambda> at 0x7fa496287b30>
7138,2020-10-24 09:00:00,<function <lambda> at 0x7fa4962879f0>,<function <lambda> at 0x7fa496287a90>,<function <lambda> at 0x7fa496287b30>
7139,2020-10-24 10:00:00,<function <lambda> at 0x7fa4962879f0>,<function <lambda> at 0x7fa496287a90>,<function <lambda> at 0x7fa496287b30>
7140,2020-10-24 11:00:00,<function <lambda> at 0x7fa4962879f0>,<function <lambda> at 0x7fa496287a90>,<function <lambda> at 0x7fa496287b30>
7141,2020-10-24 12:00:00,<function <lambda> at 0x7fa4962879f0>,<function <lambda> at 0x7fa496287a90>,<function <lambda> at 0x7fa496287b30>
7142,2020-10-24 13:00:00,<function <lambda> at 0x7fa4962879f0>,<function <lambda> at 0x7fa496287a90>,<function <lambda> at 0x7fa496287b30>
7143,2020-10-24 14:00:00,<function <lambda> at 0x7fa4962879f0>,<function <lambda> at 0x7fa496287a90>,<function <lambda> at 0x7fa496287b30>
7144,2020-10-24 15:00:00,<function <lambda> at 0x7fa4962879f0>,<function <lambda> at 0x7fa496287a90>,<function <lambda> at 0x7fa496287b30>
7145,2020-10-24 16:00:00,<function <lambda> at 0x7fa4962879f0>,<function <lambda> at 0x7fa496287a90>,<function <lambda> at 0x7fa496287b30>
7146,2020-10-24 17:00:00,<function <lambda> at 0x7fa4962879f0>,<function <lambda> at 0x7fa496287a90>,<function <lambda> at 0x7fa496287b30>
7147,2020-10-24 18:00:00,<function <lambda> at 0x7fa4962879f0>,<function <lambda> at 0x7fa496287a90>,<function <lambda> at 0x7fa496287b30>
7148,2020-10-24 19:00:00,<function <lambda> at 0x7fa4962879f0>,<function <lambda> at 0x7fa496287a90>,<function <lambda> at 0x7fa496287b30>
7149,2020-10-24 20:00:00,<function <lambda> at 0x7fa4962879f0>,<function <lambda> at 0x7fa496287a90>,<function <lambda> at 0x7fa496287b30>
7150,2020-10-24 21:00:00,<function <lambda> at 0x7fa4962879f0>,<function <lambda> at 0x7fa496287a90>,<function <lambda> at 0x7fa496287b30>
7151,2020-10-24 22:00:00,<function <lambda> at 0x7fa4962879f0>,<function <lambda> at 0x7fa496287a90>,<function <lambda> at 0x7fa496287b30>
7152,2020-10-24 23:00:00,<function <lambda> at 0x7fa4962879f0>,<function <lambda> at 0x7fa496287a90>,<function <lambda> at 0x7fa496287b30>
7153,2020-10-25 00:00:00,<function <lambda> at 0x7fa4962879f0>,<function <lambda> at 0x7fa496287a90>,<function <lambda> at 0x7fa496287b30>
7154,2020-10-25 01:00:00,<function <lambda> at 0x7fa4962879f0>,<function <lambda> at 0x7fa496287a90>,<function <lambda> at 0x7fa496287b30>
7155,2020-10-25 02:00:00,<function <lambda> at 0x7fa4962879f0>,<function <lambda> at 0x7fa496287a90>,<function <lambda> at 0x7fa496287b30>
7156,2020-10-25 03:00:00,<function <lambda> at 0x7fa4962879f0>,<function <lambda> at 0x7fa496287a90>,<function <lambda> at 0x7fa496287b30>
7157,2020-10-25 04:00:00,<function <lambda> at 0x7fa4962879f0>,<function <lambda> at 0x7fa496287a90>,<function <lambda> at 0x7fa496287b30>
7158,2020-10-25 05:00:00,<function <lambda> at 0x7fa4962879f0>,<function <lambda> at 0x7fa496287a90>,<function <lambda> at 0x7fa496287b30>
7159,2020-10-25 06:00:00,<function <lambda> at 0x7fa4962879f0>,<function <lambda> at 0x7fa496287a90>,<function <lambda> at 0x7fa496287b30>
7160,2020-10-25 07:00:00,<function <lambda> at 0x7fa4962879f0>,<function <lambda> at 0x7fa496287a90>,<function <lambda> at 0x7fa496287b30>
7161,2020-10-25 08:00:00,<function <lambda> at 0x7fa4962879f0>,<function <lambda> at 0x7fa496287a90>,<function <lambda> at 0x7fa496287b30>
7162,2020-10-25 09:00:00,<function <lambda> at 0x7fa4962879f0>,<function <lambda> at 0x7fa496287a90>,<function <lambda> at 0x7fa496287b30>
7163,2020-10-25 10:00:00,<function <lambda> at 0x7fa4962879f0>,<function <lambda> at 0x7fa496287a90>,<function <lambda> at 0x7fa496287b30>
7164,2020-10-25 11:00:00,<function <lambda> at 0x7fa4962879f0>,<function <lambda> at 0x7fa496287a90>,<function <lambda> at 0x7fa496287b30>
7165,2020-10-25 12:00:00,<function <lambda> at 0x7fa4962879f0>,<function <lambda> at 0x7fa496287a90>,<function <lambda> at 0x7fa496287b30>
7166,2020-10-25 13:00:00,<function <lambda> at 0x7fa4962879f0>,<function <lambda> at 0x7fa496287a90>,<function <lambda> at 0x7fa496287b30>
7167,2020-10-25 14:00:00,<function <lambda> at 0x7fa4962879f0>,<function <lambda> at 0x7fa496287a90>,<function <lambda> at 0x7fa496287b30>
7168,2020-10-25 15:00:00,<function <lambda> at 0x7fa4962879f0>,<function <lambda> at 0x7fa496287a90>,<function <lambda> at 0x7fa496287b30>
7169,2020-10-25 16:00:00,<function <lambda> at 0x7fa4962879f0>,<function <lambda> at 0x7fa496287a90>,<function <lambda> at 0x7fa496287b30>
7170,2020-10-25 17:00:00,<function <lambda> at 0x7fa4962879f0>,<function <lambda> at 0x7fa496287a90>,<function <lambda> at 0x7fa496287b30>
7171,2020-10-25 18:00:00,<function <lambda> at 0x7fa4962879f0>,<function <lambda> at 0x7fa496287a90>,<function <lambda> at 0x7fa496287b30>
7172,2020-10-25 19:00:00,<function <lambda> at 0x7fa4962879f0>,<function <lambda> at 0x7fa496287a90>,<function <lambda> at 0x7fa496287b30>
7173,2020-10-25 20:00:00,<function <lambda> at 0x7fa4962879f0>,<function <lambda> at 0x7fa496287a90>,<function <lambda> at 0x7fa496287b30>
7174,2020-10-25 21:00:00,<function <lambda> at 0x7fa4962879f0>,<function <lambda> at 0x7fa496287a90>,<function <lambda> at 0x7fa496287b30>
7175,2020-10-25 22:00:00,<function <lambda> at 0x7fa4962879f0>,<function <lambda> at 0x7fa496287a90>,<function <lambda> at 0x7fa496287b30>
7176,2020-10-25 23:00:00,<function <lambda> at 0x7fa4962879f0>,<function <lambda> at 0x7fa496287a90>,<function <lambda> at 0x7fa496287b30>
7177,2020-10-26 00:00:00,<function <lambda> at 0x7fa4962879f0>,<function <lambda> at 0x7fa496287a90>,<function <lambda> at 0x7fa496287b30>
7178,2020-10-26 01:00:00,<function <lambda> at 0x7fa4962879f0>,<function <lambda> at 0x7fa496287a90>,<function <lambda> at 0x7fa496287b30>
7179,2020-10-26 02:00:00,<function <lambda> at 0x7fa4962879f0>,<function <lambda> at 0x7fa496287a90>,<function <lambda> at 0x7fa496287b30>
7180,2020-10-26 03:00:00,<function <lambda> at 0x7fa4962879f0>,<function <lambda> at 0x7fa496287a90>,<function <lambda> at 0x7fa496287b30>
7181,2020-10-26 04:00:00,<function <lambda> at 0x7fa4962879f0>,<function <lambda> at 0x7fa496287a90>,<function <lambda> at 0x7fa496287b30>
7182,2020-10-26 05:00:00,<function <lambda> at 0x7fa4962879f0>,<function <lambda> at 0x7fa496287a90>,<function <lambda> at 0x7fa496287b30>
7183,2020-10-26 06:00:00,<function <lambda> at 0x7fa4962879f0>,<function <lambda> at 0x7fa496287a90>,<function <lambda> at 0x7fa496287b30>
7184,2020-10-26 07:00:00,<function <lambda> at 0x7fa4962879f0>,<function <lambda> at 0x7fa496287a90>,<function <lambda> at 0x7fa496287b30>
7185,2020-10-26 08:00:00,<function <lambda> at 0x7fa4962879f0>,<function <lambda> at 0x7fa496287a90>,<function <lambda> at 0x7fa496287b30>
7186,2020-10-26 09:00:00,<function <lambda> at 0x7fa4962879f0>,<function <lambda> at 0x7fa496287a90>,<function <lambda> at 0x7fa496287b30>
7187,2020-10-26 10:00:00,<function <lambda> at 0x7fa4962879f0>,<function <lambda> at 0x7fa496287a90>,<function <lambda> at 0x7fa496287b30>
7188,2020-10-26 11:00:00,<function <lambda> at 0x7fa4962879f0>,<function <lambda> at 0x7fa496287a90>,<function <lambda> at 0x7fa496287b30>
7189,2020-10-26 12:00:00,<function <lambda> at 0x7fa4962879f0>,<function <lambda> at 0x7fa496287a90>,<function <lambda> at 0x7fa496287b30>
7190,2020-10-26 13:00:00,<function <lambda> at 0x7fa4962879f0>,<function <lambda> at 0x7fa496287a90>,<function <lambda> at 0x7fa496287b30>
7191,2020-10-26 14:00:00,<function <lambda> at 0x7fa4962879f0>,<function <lambda> at 0x7fa496287a90>,<function <lambda> at 0x7fa496287b30>
7192,2020-10-26 15:00:00,<function <lambda> at 0x7fa4962879f0>,<function <lambda> at 0x7fa496287a90>,<function <lambda> at 0x7fa496287b30>
7193,2020-10-26 16:00:00,<function <lambda> at 0x7fa4962879f0>,<function <lambda> at 0x7fa496287a90>,<function <lambda> at 0x7fa496287b30>
7194,2020-10-26 17:00:00,<function <lambda> at 0x7fa4962879f0>,<function <lambda> at 0x7fa496287a90>,<function <lambda> at 0x7fa496287b30>
7195,2020-10-26 18:00:00,<function <lambda> at 0x7fa4962879f0>,<function <lambda> at 0x7fa496287a90>,<function <lambda> at 0x7fa496287b30>
7196,2020-10-26 19:00:00,<function <lambda> at 0x7fa4962879f0>,<function <lambda> at 0x7fa496287a90>,<function <lambda> at 0x7fa496287b30>
7197,2020-10-26 20:00:00,<function <lambda> at 0x7fa4962879f0>,<function <lambda> at 0x7fa496287a90>,<function <lambda> at 0x7fa496287b30>
7198,2020-10-26 21:00:00,<function <lambda> at 0x7fa4962879f0>,<function <lambda> at 0x7fa496287a90>,<function <lambda> at 0x7fa496287b30>
7199,2020-10-26 22:00:00,<function <lambda> at 0x7fa4962879f0>,<function <lambda> at 0x7fa496287a90>,<function <lambda> at 0x7fa496287b30>
7200,2020-10-26 23:00:00,<function <lambda> at 0x7fa4962879f0>,<function <lambda> at 0x7fa496287a90>,<function <lambda> at 0x7fa496287b30>
7201,2020-10-27 00:00:00,<function <lambda> at 0x7fa4962879f0>,<function <lambda> at 0x7fa496287a90>,<function <lambda> at 0x7fa496287b30>
7202,2020-10-27 01:00:00,<function <lambda> at 0x7fa4962879f0>,<function <lambda> at 0x7fa496287a90>,<function <lambda> at 0x7fa496287b30>
7203,2020-10-27 02:00:00,<function <lambda> at 0x7fa4962879f0>,<function <lambda> at 0x7fa496287a90>,<function <lambda> at 0x7fa496287b30>
7204,2020-10-27 03:00:00,<function <lambda> at 0x7fa4962879f0>,<function <lambda> at 0x7fa496287a90>,<function <lambda> at 0x7fa496287b30>
7205,2020-10-27 04:00:00,<function <lambda> at 0x7fa4962879f0>,<function <lambda> at 0x7fa496287a90>,<function <lambda> at 0x7fa496287b30>
7206,2020-10-27 05:00:00,<function <lambda> at 0x7fa4962879f0>,<function <lambda> at 0x7fa496287a90>,<function <lambda> at 0x7fa496287b30>
7207,2020-10-27 06:00:00,<function <lambda> at 0x7fa4962879f0>,<function <lambda> at 0x7fa496287a90>,<function <lambda> at 0x7fa496287b30>
7208,2020-10-27 07:00:00,<function <lambda> at 0x7fa4962879f0>,<function <lambda> at 0x7fa496287a90>,<function <lambda> at 0x7fa496287b30>
7209,2020-10-27 08:00:00,<function <lambda> at 0x7fa4962879f0>,<function <lambda> at 0x7fa496287a90>,<function <lambda> at 0x7fa496287b30>
7210,2020-10-27 09:00:00,<function <lambda> at 0x7fa4962879f0>,<function <lambda> at 0x7fa496287a90>,<function <lambda> at 0x7fa496287b30>
7211,2020-10-27 10:00:00,<function <lambda> at 0x7fa4962879f0>,<function <lambda> at 0x7fa496287a90>,<function <lambda> at 0x7fa496287b30>
7212,2020-10-27 11:00:00,<function <lambda> at 0x7fa4962879f0>,<function <lambda> at 0x7fa496287a90>,<function <lambda> at 0x7fa496287b30>
7213,2020-10-27 12:00:00,<function <lambda> at 0x7fa4962879f0>,<function <lambda> at 0x7fa496287a90>,<function <lambda> at 0x7fa496287b30>
7214,2020-10-27 13:00:00,<function <lambda> at 0x7fa4962879f0>,<function <lambda> at 0x7fa496287a90>,<function <lambda> at 0x7fa496287b30>
7215,2020-10-27 14:00:00,<function <lambda> at 0x7fa4962879f0>,<function <lambda> at 0x7fa496287a90>,<function <lambda> at 0x7fa496287b30>
7216,2020-10-27 15:00:00,<function <lambda> at 0x7fa4962879f0>,<function <lambda> at 0x7fa496287a90>,<function <lambda> at 0x7fa496287b30>
7217,2020-10-27 16:00:00,<function <lambda> at 0x7fa4962879f0>,<function <lambda> at 0x7fa496287a90>,<function <lambda> at 0x7fa496287b30>
7218,2020-10-27 17:00:00,<function <lambda> at 0x7fa4962879f0>,<function <lambda> at 0x7fa496287a90>,<function <lambda> at 0x7fa496287b30>
7219,2020-10-27 18:00:00,<function <lambda> at 0x7fa4962879f0>,<function <lambda> at 0x7fa496287a90>,<function <lambda> at 0x7fa496287b30>
7220,2020-10-27 19:00:00,<function <lambda> at 0x7fa4962879f0>,<function <lambda> at 0x7fa496287a90>,<function <lambda> at 0x7fa496287b30>
7221,2020-10-27 20:00:00,<function <lambda> at 0x7fa4962879f0>,<function <lambda> at 0x7fa496287a90>,<function <lambda> at 0x7fa496287b30>
7222,2020-10-27 21:00:00,<function <lambda> at 0x7fa4962879f0>,<function <lambda> at 0x7fa496287a90>,<function <lambda> at 0x7fa496287b30>
7223,2020-10-27 22:00:00,<function <lambda> at 0x7fa4962879f0>,<function <lambda> at 0x7fa496287a90>,<function <lambda> at 0x7fa496287b30>
7224,2020-10-27 23:00:00,<function <lambda> at 0x7fa4962879f0>,<function <lambda> at 0x7fa496287a90>,<function <lambda> at 0x7fa496287b30>
7225,2020-10-28 00:00:00,<function <lambda> at 0x7fa4962879f0>,<function <lambda> at 0x7fa496287a90>,<function <lambda> at 0x7fa496287b30>
7226,2020-10-28 01:00:00,<function <lambda> at 0x7fa4962879f0>,<function <lambda> at 0x7fa496287a90>,<function <lambda> at 0x7fa496287b30>
7227,2020-10-28 02:00:00,<function <lambda> at 0x7fa4962879f0>,<function <lambda> at 0x7fa496287a90>,<function <lambda> at 0x7fa496287b30>
7228,2020-10-28 03:00:00,<function <lambda> at 0x7fa4962879f0>,<function <lambda> at 0x7fa496287a90>,<function <lambda> at 0x7fa496287b30>
7229,2020-10-28 04:00:00,<function <lambda> at 0x7fa4962879f0>,<function <lambda> at 0x7fa496287a90>,<function <lambda> at 0x7fa496287b30>
7230,2020-10-28 05:00:00,<function <lambda> at 0x7fa4962879f0>,<function <lambda> at 0x7fa496287a90>,<function <lambda> at 0x7fa496287b30>
7231,2020-10-28 06:00:00,<function <lambda> at 0x7fa4962879f0>,<function <lambda> at 0x7fa496287a90>,<function <lambda> at 0x7fa496287b30>
7232,2020-10-28 07:00:00,<function <lambda> at 0x7fa4962879f0>,<function <lambda> at 0x7fa496287a90>,<function <lambda> at 0x7fa496287b30>
7233,2020-10-28 08:00:00,<function <lambda> at 0x7fa4962879f0>,<function <lambda> at 0x7fa496287a90>,<function <lambda> at 0x7fa496287b30>
7234,2020-10-28 09:00:00,<function <lambda> at 0x7fa4962879f0>,<function <lambda> at 0x7fa496287a90>,<function <lambda> at 0x7fa496287b30>
7235,2020-10-28 10:00:00,<function <lambda> at 0x7fa4962879f0>,<function <lambda> at 0x7fa496287a90>,<function <lambda> at 0x7fa496287b30>
7236,2020-10-28 11:00:00,<function <lambda> at 0x7fa4962879f0>,<function <lambda> at 0x7fa496287a90>,<function <lambda> at 0x7fa496287b30>
7237,2020-10-28 12:00:00,<function <lambda> at 0x7fa4962879f0>,<function <lambda> at 0x7fa496287a90>,<function <lambda> at 0x7fa496287b30>
7238,2020-10-28 13:00:00,<function <lambda> at 0x7fa4962879f0>,<function <lambda> at 0x7fa496287a90>,<function <lambda> at 0x7fa496287b30>
7239,2020-10-28 14:00:00,<function <lambda> at 0x7fa4962879f0>,<function <lambda> at 0x7fa496287a90>,<function <lambda> at 0x7fa496287b30>
7240,2020-10-28 15:00:00,<function <lambda> at 0x7fa4962879f0>,<function <lambda> at 0x7fa496287a90>,<function <lambda> at 0x7fa496287b30>
7241,2020-10-28 16:00:00,<function <lambda> at 0x7fa4962879f0>,<function <lambda> at 0x7fa496287a90>,<function <lambda> at 0x7fa496287b30>
7242,2020-10-28 17:00:00,<function <lambda> at 0x7fa4962879f0>,<function <lambda> at 0x7fa496287a90>,<function <lambda> at 0x7fa496287b30>
7243,2020-10-28 18:00:00,<function <lambda> at 0x7fa4962879f0>,<function <lambda> at 0x7fa496287a90>,<function <lambda> at 0x7fa496287b30>
7244,2020-10-28 19:00:00,<function <lambda> at 0x7fa4962879f0>,<function <lambda> at 0x7fa496287a90>,<function <lambda> at 0x7fa496287b30>
7245,2020-10-28 20:00:00,<function <lambda> at 0x7fa4962879f0>,<function <lambda> at 0x7fa496287a90>,<function <lambda> at 0x7fa496287b30>
7246,2020-10-28 21:00:00,<function <lambda> at 0x7fa4962879f0>,<function <lambda> at 0x7fa496287a90>,<function <lambda> at 0x7fa496287b30>
7247,2020-10-28 22:00:00,<function <lambda> at 0x7fa4962879f0>,<function <lambda> at 0x7fa496287a90>,<function <lambda> at 0x7fa496287b30>
7248,2020-10-28 23:00:00,<function <lambda> at 0x7fa4962879f0>,<function <lambda> at 0x7fa496287a90>,<function <lambda> at 0x7fa496287b30>
7249,2020-10-29 00:00:00,<function <lambda> at 0x7fa4962879f0>,<function <lambda> at 0x7fa496287a90>,<function <lambda> at 0x7fa496287b30>
7250,2020-10-29 01:00:00,<function <lambda> at 0x7fa4962879f0>,<function <lambda> at 0x7fa496287a90>,<function <lambda> at 0x7fa496287b30>
7251,2020-10-29 02:00:00,<function <lambda> at 0x7fa4962879f0>,<function <lambda> at 0x7fa496287a90>,<function <lambda> at 0x7fa496287b30>
7252,2020-10-29 03:00:00,<function <lambda> at 0x7fa4962879f0>,<function <lambda> at 0x7fa496287a90>,<function <lambda> at 0x7fa496287b30>
7253,2020-10-29 04:00:00,<function <lambda> at 0x7fa4962879f0>,<function <lambda> at 0x7fa496287a90>,<function <lambda> at 0x7fa496287b30>
7254,2020-10-29 05:00:00,<function <lambda> at 0x7fa4962879f0>,<function <lambda> at 0x7fa496287a90>,<function <lambda> at 0x7fa496287b30>
7255,2020-10-29 06:00:00,<function <lambda> at 0x7fa4962879f0>,<function <lambda> at 0x7fa496287a90>,<function <lambda> at 0x7fa496287b30>
7256,2020-10-29 07:00:00,<function <lambda> at 0x7fa4962879f0>,<function <lambda> at 0x7fa496287a90>,<function <lambda> at 0x7fa496287b30>
7257,2020-10-29 08:00:00,<function <lambda> at 0x7fa4962879f0>,<function <lambda> at 0x7fa496287a90>,<function <lambda> at 0x7fa496287b30>
7258,2020-10-29 09:00:00,<function <lambda> at 0x7fa4962879f0>,<function <lambda> at 0x7fa496287a90>,<function <lambda> at 0x7fa496287b30>
7259,2020-10-29 10:00:00,<function <lambda> at 0x7fa4962879f0>,<function <lambda> at 0x7fa496287a90>,<function <lambda> at 0x7fa496287b30>
7260,2020-10-29 11:00:00,<function <lambda> at 0x7fa4962879f0>,<function <lambda> at 0x7fa496287a90>,<function <lambda> at 0x7fa496287b30>
7261,2020-10-29 12:00:00,<function <lambda> at 0x7fa4962879f0>,<function <lambda> at 0x7fa496287a90>,<function <lambda> at 0x7fa496287b30>
7262,2020-10-29 13:00:00,<function <lambda> at 0x7fa4962879f0>,<function <lambda> at 0x7fa496287a90>,<function <lambda> at 0x7fa496287b30>
7263,2020-10-29 14:00:00,<function <lambda> at 0x7fa4962879f0>,<function <lambda> at 0x7fa496287a90>,<function <lambda> at 0x7fa496287b30>
7264,2020-10-29 15:00:00,<function <lambda> at 0x7fa4962879f0>,<function <lambda> at 0x7fa496287a90>,<function <lambda> at 0x7fa496287b30>
7265,2020-10-29 16:00:00,<function <lambda> at 0x7fa4962879f0>,<function <lambda> at 0x7fa496287a90>,<function <lambda> at 0x7fa496287b30>
7266,2020-10-29 17:00:00,<function <lambda> at 0x7fa4962879f0>,<function <lambda> at 0x7fa496287a90>,<function <lambda> at 0x7fa496287b30>
7267,2020-10-29 18:00:00,<function <lambda> at 0x7fa4962879f0>,<function <lambda> at 0x7fa496287a90>,<function <lambda> at 0x7fa496287b30>
7268,2020-10-29 19:00:00,<function <lambda> at 0x7fa4962879f0>,<function <lambda> at 0x7fa496287a90>,<function <lambda> at 0x7fa496287b30>
7269,2020-10-29 20:00:00,<function <lambda> at 0x7fa4962879f0>,<function <lambda> at 0x7fa496287a90>,<function <lambda> at 0x7fa496287b30>
7270,2020-10-29 21:00:00,<function <lambda> at 0x7fa4962879f0>,<function <lambda> at 0x7fa496287a90>,<function <lambda> at 0x7fa496287b30>
7271,2020-10-29 22:00:00,<function <lambda> at 0x7fa4962879f0>,<function <lambda> at 0x7fa496287a90>,<function <lambda> at 0x7fa496287b30>
7272,2020-10-29 23:00:00,<function <lambda> at 0x7fa4962879f0>,<function <lambda> at 0x7fa496287a90>,<function <lambda> at 0x7fa496287b30>
7273,2020-10-30 00:00:00,<function <lambda> at 0x7fa4962879f0>,<function <lambda> at 0x7fa496287a90>,<function <lambda> at 0x7fa496287b30>
7274,2020-10-30 01:00:00,<function <lambda> at 0x7fa4962879f0>,<function <lambda> at 0x7fa496287a90>,<function <lambda> at 0x7fa496287b30>
7275,2020-10-30 02:00:00,<function <lambda> at 0x7fa4962879f0>,<function <lambda> at 0x7fa496287a90>,<function <lambda> at 0x7fa496287b30>
7276,2020-10-30 03:00:00,<function <lambda> at 0x7fa4962879f0>,<function <lambda> at 0x7fa496287a90>,<function <lambda> at 0x7fa496287b30>
7277,2020-10-30 04:00:00,<function <lambda> at 0x7fa4962879f0>,<function <lambda> at 0x7fa496287a90>,<function <lambda> at 0x7fa496287b30>
7278,2020-10-30 05:00:00,<function <lambda> at 0x7fa4962879f0>,<function <lambda> at 0x7fa496287a90>,<function <lambda> at 0x7fa496287b30>
7279,2020-10-30 06:00:00,<function <lambda> at 0x7fa4962879f0>,<function <lambda> at 0x7fa496287a90>,<function <lambda> at 0x7fa496287b30>
7280,2020-10-30 07:00:00,<function <lambda> at 0x7fa4962879f0>,<function <lambda> at 0x7fa496287a90>,<function <lambda> at 0x7fa496287b30>
7281,2020-10-30 08:00:00,<function <lambda> at 0x7fa4962879f0>,<function <lambda> at 0x7fa496287a90>,<function <lambda> at 0x7fa496287b30>
7282,2020-10-30 09:00:00,<function <lambda> at 0x7fa4962879f0>,<function <lambda> at 0x7fa496287a90>,<function <lambda> at 0x7fa496287b30>
7283,2020-10-30 10:00:00,<function <lambda> at 0x7fa4962879f0>,<function <lambda> at 0x7fa496287a90>,<function <lambda> at 0x7fa496287b30>
7284,2020-10-30 11:00:00,<function <lambda> at 0x7fa4962879f0>,<function <lambda> at 0x7fa496287a90>,<function <lambda> at 0x7fa496287b30>
7285,2020-10-30 12:00:00,<function <lambda> at 0x7fa4962879f0>,<function <lambda> at 0x7fa496287a90>,<function <lambda> at 0x7fa496287b30>
7286,2020-10-30 13:00:00,<function <lambda> at 0x7fa4962879f0>,<function <lambda> at 0x7fa496287a90>,<function <lambda> at 0x7fa496287b30>
7287,2020-10-30 14:00:00,<function <lambda> at 0x7fa4962879f0>,<function <lambda> at 0x7fa496287a90>,<function <lambda> at 0x7fa496287b30>
7288,2020-10-30 15:00:00,<function <lambda> at 0x7fa4962879f0>,<function <lambda> at 0x7fa496287a90>,<function <lambda> at 0x7fa496287b30>
7289,2020-10-30 16:00:00,<function <lambda> at 0x7fa4962879f0>,<function <lambda> at 0x7fa496287a90>,<function <lambda> at 0x7fa496287b30>
7290,2020-10-30 17:00:00,<function <lambda> at 0x7fa4962879f0>,<function <lambda> at 0x7fa496287a90>,<function <lambda> at 0x7fa496287b30>
7291,2020-10-30 18:00:00,<function <lambda> at 0x7fa4962879f0>,<function <lambda> at 0x7fa496287a90>,<function <lambda> at 0x7fa496287b30>
7292,2020-10-30 19:00:00,<function <lambda> at 0x7fa4962879f0>,<function <lambda> at 0x7fa496287a90>,<function <lambda> at 0x7fa496287b30>
7293,2020-10-30 20:00:00,<function <lambda> at 0x7fa4962879f0>,<function <lambda> at 0x7fa496287a90>,<function <lambda> at 0x7fa496287b30>
7294,2020-10-30 21:00:00,<function <lambda> at 0x7fa4962879f0>,<function <lambda> at 0x7fa496287a90>,<function <lambda> at 0x7fa496287b30>
7295,2020-10-30 22:00:00,<function <lambda> at 0x7fa4962879f0>,<function <lambda> at 0x7fa496287a90>,<function <lambda> at 0x7fa496287b30>
7296,2020-10-30 23:00:00,<function <lambda> at 0x7fa4962879f0>,<function <lambda> at 0x7fa496287a90>,<function <lambda> at 0x7fa496287b30>
7297,2020-10-31 00:00:00,<function <lambda> at 0x7fa4962879f0>,<function <lambda> at 0x7fa496287a90>,<function <lambda> at 0x7fa496287b30>
7298,2020-10-31 01:00:00,<function <lambda> at 0x7fa4962879f0>,<function <lambda> at 0x7fa496287a90>,<function <lambda> at 0x7fa496287b30>
7299,2020-10-31 02:00:00,<function <lambda> at 0x7fa4962879f0>,<function <lambda> at 0x7fa496287a90>,<function <lambda> at 0x7fa496287b30>
7300,2020-10-31 03:00:00,<function <lambda> at 0x7fa4962879f0>,<function <lambda> at 0x7fa496287a90>,<function <lambda> at 0x7fa496287b30>
7301,2020-10-31 04:00:00,<function <lambda> at 0x7fa4962879f0>,<function <lambda> at 0x7fa496287a90>,<function <lambda> at 0x7fa496287b30>
7302,2020-10-31 05:00:00,<function <lambda> at 0x7fa4962879f0>,<function <lambda> at 0x7fa496287a90>,<function <lambda> at 0x7fa496287b30>
7303,2020-10-31 06:00:00,<function <lambda> at 0x7fa4962879f0>,<function <lambda> at 0x7fa496287a90>,<function <lambda> at 0x7fa496287b30>
7304,2020-10-31 07:00:00,<function <lambda> at 0x7fa4962879f0>,<function <lambda> at 0x7fa496287a90>,<function <lambda> at 0x7fa496287b30>
7305,2020-10-31 08:00:00,<function <lambda> at 0x7fa4962879f0>,<function <lambda> at 0x7fa496287a90>,<function <lambda> at 0x7fa496287b30>
7306,2020-10-31 09:00:00,<function <lambda> at 0x7fa4962879f0>,<function <lambda> at 0x7fa496287a90>,<function <lambda> at 0x7fa496287b30>
7307,2020-10-31 10:00:00,<function <lambda> at 0x7fa4962879f0>,<function <lambda> at 0x7fa496287a90>,<function <lambda> at 0x7fa496287b30>
7308,2020-10-31 11:00:00,<function <lambda> at 0x7fa4962879f0>,<function <lambda> at 0x7fa496287a90>,<function <lambda> at 0x7fa496287b30>
7309,2020-10-31 12:00:00,<function <lambda> at 0x7fa4962879f0>,<function <lambda> at 0x7fa496287a90>,<function <lambda> at 0x7fa496287b30>
7310,2020-10-31 13:00:00,<function <lambda> at 0x7fa4962879f0>,<function <lambda> at 0x7fa496287a90>,<function <lambda> at 0x7fa496287b30>
7311,2020-10-31 14:00:00,<function <lambda> at 0x7fa4962879f0>,<function <lambda> at 0x7fa496287a90>,<function <lambda> at 0x7fa496287b30>
7312,2020-10-31 15:00:00,<function <lambda> at 0x7fa4962879f0>,<function <lambda> at 0x7fa496287a90>,<function <lambda> at 0x7fa496287b30>
7313,2020-10-31 16:00:00,<function <lambda> at 0x7fa4962879f0>,<function <lambda> at 0x7fa496287a90>,<function <lambda> at 0x7fa496287b30>
7314,2020-10-31 17:00:00,<function <lambda> at 0x7fa4962879f0>,<function <lambda> at 0x7fa496287a90>,<function <lambda> at 0x7fa496287b30>
7315,2020-10-31 18:00:00,<function <lambda> at 0x7fa4962879f0>,<function <lambda> at 0x7fa496287a90>,<function <lambda> at 0x7fa496287b30>
7316,2020-10-31 19:00:00,<function <lambda> at 0x7fa4962879f0>,<function <lambda> at 0x7fa496287a90>,<function <lambda> at 0x7fa496287b30>
7317,2020-10-31 20:00:00,<function <lambda> at 0x7fa4962879f0>,<function <lambda> at 0x7fa496287a90>,<function <lambda> at 0x7fa496287b30>
7318,2020-10-31 21:00:00,<function <lambda> at 0x7fa4962879f0>,<function <lambda> at 0x7fa496287a90>,<function <lambda> at 0x7fa496287b30>
7319,2020-10-31 22:00:00,<function <lambda> at 0x7fa4962879f0>,<function <lambda> at 0x7fa496287a90>,<function <lambda> at 0x7fa496287b30>
7320,2020-10-31 23:00:00,<function <lambda> at 0x7fa4962879f0>,<function <lambda> at 0x7fa496287a90>,<function <lambda> at 0x7fa496287b30>
7321,2020-11-01 00:00:00,<function <lambda> at 0x7fa4962879f0>,<function <lambda> at 0x7fa496287a90>,<function <lambda> at 0x7fa496287b30>
7322,2020-11-01 01:00:00,<function <lambda> at 0x7fa4962879f0>,<function <lambda> at 0x7fa496287a90>,<function <lambda> at 0x7fa496287b30>
7323,2020-11-01 02:00:00,<function <lambda> at 0x7fa4962879f0>,<function <lambda> at 0x7fa496287a90>,<function <lambda> at 0x7fa496287b30>
7324,2020-11-01 03:00:00,<function <lambda> at 0x7fa4962879f0>,<function <lambda> at 0x7fa496287a90>,<function <lambda> at 0x7fa496287b30>
7325,2020-11-01 04:00:00,<function <lambda> at 0x7fa4962879f0>,<function <lambda> at 0x7fa496287a90>,<function <lambda> at 0x7fa496287b30>
7326,2020-11-01 05:00:00,<function <lambda> at 0x7fa4962879f0>,<function <lambda> at 0x7fa496287a90>,<function <lambda> at 0x7fa496287b30>
7327,2020-11-01 06:00:00,<function <lambda> at 0x7fa4962879f0>,<function <lambda> at 0x7fa496287a90>,<function <lambda> at 0x7fa496287b30>
7328,2020-11-01 07:00:00,<function <lambda> at 0x7fa4962879f0>,<function <lambda> at 0x7fa496287a90>,<function <lambda> at 0x7fa496287b30>
7329,2020-11-01 08:00:00,<function <lambda> at 0x7fa4962879f0>,<function <lambda> at 0x7fa496287a90>,<function <lambda> at 0x7fa496287b30>
7330,2020-11-01 09:00:00,<function <lambda> at 0x7fa4962879f0>,<function <lambda> at 0x7fa496287a90>,<function <lambda> at 0x7fa496287b30>
7331,2020-11-01 10:00:00,<function <lambda> at 0x7fa4962879f0>,<function <lambda> at 0x7fa496287a90>,<function <lambda> at 0x7fa496287b30>
7332,2020-11-01 11:00:00,<function <lambda> at 0x7fa4962879f0>,<function <lambda> at 0x7fa496287a90>,<function <lambda> at 0x7fa496287b30>
7333,2020-11-01 12:00:00,<function <lambda> at 0x7fa4962879f0>,<function <lambda> at 0x7fa496287a90>,<function <lambda> at 0x7fa496287b30>
7334,2020-11-01 13:00:00,<function <lambda> at 0x7fa4962879f0>,<function <lambda> at 0x7fa496287a90>,<function <lambda> at 0x7fa496287b30>
7335,2020-11-01 14:00:00,<function <lambda> at 0x7fa4962879f0>,<function <lambda> at 0x7fa496287a90>,<function <lambda> at 0x7fa496287b30>
7336,2020-11-01 15:00:00,<function <lambda> at 0x7fa4962879f0>,<function <lambda> at 0x7fa496287a90>,<function <lambda> at 0x7fa496287b30>
7337,2020-11-01 16:00:00,<function <lambda> at 0x7fa4962879f0>,<function <lambda> at 0x7fa496287a90>,<function <lambda> at 0x7fa496287b30>
7338,2020-11-01 17:00:00,<function <lambda> at 0x7fa4962879f0>,<function <lambda> at 0x7fa496287a90>,<function <lambda> at 0x7fa496287b30>
7339,2020-11-01 18:00:00,<function <lambda> at 0x7fa4962879f0>,<function <lambda> at 0x7fa496287a90>,<function <lambda> at 0x7fa496287b30>
7340,2020-11-01 19:00:00,<function <lambda> at 0x7fa4962879f0>,<function <lambda> at 0x7fa496287a90>,<function <lambda> at 0x7fa496287b30>
7341,2020-11-01 20:00:00,<function <lambda> at 0x7fa4962879f0>,<function <lambda> at 0x7fa496287a90>,<function <lambda> at 0x7fa496287b30>
7342,2020-11-01 21:00:00,<function <lambda> at 0x7fa4962879f0>,<function <lambda> at 0x7fa496287a90>,<function <lambda> at 0x7fa496287b30>
7343,2020-11-01 22:00:00,<function <lambda> at 0x7fa4962879f0>,<function <lambda> at 0x7fa496287a90>,<function <lambda> at 0x7fa496287b30>
7344,2020-11-01 23:00:00,<function <lambda> at 0x7fa4962879f0>,<function <lambda> at 0x7fa496287a90>,<function <lambda> at 0x7fa496287b30>
7345,2020-11-02 00:00:00,<function <lambda> at 0x7fa4962879f0>,<function <lambda> at 0x7fa496287a90>,<function <lambda> at 0x7fa496287b30>
7346,2020-11-02 01:00:00,<function <lambda> at 0x7fa4962879f0>,<function <lambda> at 0x7fa496287a90>,<function <lambda> at 0x7fa496287b30>
7347,2020-11-02 02:00:00,<function <lambda> at 0x7fa4962879f0>,<function <lambda> at 0x7fa496287a90>,<function <lambda> at 0x7fa496287b30>
7348,2020-11-02 03:00:00,<function <lambda> at 0x7fa4962879f0>,<function <lambda> at 0x7fa496287a90>,<function <lambda> at 0x7fa496287b30>
7349,2020-11-02 04:00:00,<function <lambda> at 0x7fa4962879f0>,<function <lambda> at 0x7fa496287a90>,<function <lambda> at 0x7fa496287b30>
7350,2020-11-02 05:00:00,<function <lambda> at 0x7fa4962879f0>,<function <lambda> at 0x7fa496287a90>,<function <lambda> at 0x7fa496287b30>
7351,2020-11-02 06:00:00,<function <lambda> at 0x7fa4962879f0>,<function <lambda> at 0x7fa496287a90>,<function <lambda> at 0x7fa496287b30>
7352,2020-11-02 07:00:00,<function <lambda> at 0x7fa4962879f0>,<function <lambda> at 0x7fa496287a90>,<function <lambda> at 0x7fa496287b30>
7353,2020-11-02 08:00:00,<function <lambda> at 0x7fa4962879f0>,<function <lambda> at 0x7fa496287a90>,<function <lambda> at 0x7fa496287b30>
7354,2020-11-02 09:00:00,<function <lambda> at 0x7fa4962879f0>,<function <lambda> at 0x7fa496287a90>,<function <lambda> at 0x7fa496287b30>
7355,2020-11-02 10:00:00,<function <lambda> at 0x7fa4962879f0>,<function <lambda> at 0x7fa496287a90>,<function <lambda> at 0x7fa496287b30>
7356,2020-11-02 11:00:00,<function <lambda> at 0x7fa4962879f0>,<function <lambda> at 0x7fa496287a90>,<function <lambda> at 0x7fa496287b30>
7357,2020-11-02 12:00:00,<function <lambda> at 0x7fa4962879f0>,<function <lambda> at 0x7fa496287a90>,<function <lambda> at 0x7fa496287b30>
7358,2020-11-02 13:00:00,<function <lambda> at 0x7fa4962879f0>,<function <lambda> at 0x7fa496287a90>,<function <lambda> at 0x7fa496287b30>
7359,2020-11-02 14:00:00,<function <lambda> at 0x7fa4962879f0>,<function <lambda> at 0x7fa496287a90>,<function <lambda> at 0x7fa496287b30>
7360,2020-11-02 15:00:00,<function <lambda> at 0x7fa4962879f0>,<function <lambda> at 0x7fa496287a90>,<function <lambda> at 0x7fa496287b30>
7361,2020-11-02 16:00:00,<function <lambda> at 0x7fa4962879f0>,<function <lambda> at 0x7fa496287a90>,<function <lambda> at 0x7fa496287b30>
7362,2020-11-02 17:00:00,<function <lambda> at 0x7fa4962879f0>,<function <lambda> at 0x7fa496287a90>,<function <lambda> at 0x7fa496287b30>
7363,2020-11-02 18:00:00,<function <lambda> at 0x7fa4962879f0>,<function <lambda> at 0x7fa496287a90>,<function <lambda> at 0x7fa496287b30>
7364,2020-11-02 19:00:00,<function <lambda> at 0x7fa4962879f0>,<function <lambda> at 0x7fa496287a90>,<function <lambda> at 0x7fa496287b30>
7365,2020-11-02 20:00:00,<function <lambda> at 0x7fa4962879f0>,<function <lambda> at 0x7fa496287a90>,<function <lambda> at 0x7fa496287b30>
7366,2020-11-02 21:00:00,<function <lambda> at 0x7fa4962879f0>,<function <lambda> at 0x7fa496287a90>,<function <lambda> at 0x7fa496287b30>
7367,2020-11-02 22:00:00,<function <lambda> at 0x7fa4962879f0>,<function <lambda> at 0x7fa496287a90>,<function <lambda> at 0x7fa496287b30>
7368,2020-11-02 23:00:00,<function <lambda> at 0x7fa4962879f0>,<function <lambda> at 0x7fa496287a90>,<function <lambda> at 0x7fa496287b30>
7369,2020-11-03 00:00:00,<function <lambda> at 0x7fa4962879f0>,<function <lambda> at 0x7fa496287a90>,<function <lambda> at 0x7fa496287b30>
7370,2020-11-03 01:00:00,<function <lambda> at 0x7fa4962879f0>,<function <lambda> at 0x7fa496287a90>,<function <lambda> at 0x7fa496287b30>
7371,2020-11-03 02:00:00,<function <lambda> at 0x7fa4962879f0>,<function <lambda> at 0x7fa496287a90>,<function <lambda> at 0x7fa496287b30>
7372,2020-11-03 03:00:00,<function <lambda> at 0x7fa4962879f0>,<function <lambda> at 0x7fa496287a90>,<function <lambda> at 0x7fa496287b30>
7373,2020-11-03 04:00:00,<function <lambda> at 0x7fa4962879f0>,<function <lambda> at 0x7fa496287a90>,<function <lambda> at 0x7fa496287b30>
7374,2020-11-03 05:00:00,<function <lambda> at 0x7fa4962879f0>,<function <lambda> at 0x7fa496287a90>,<function <lambda> at 0x7fa496287b30>
7375,2020-11-03 06:00:00,<function <lambda> at 0x7fa4962879f0>,<function <lambda> at 0x7fa496287a90>,<function <lambda> at 0x7fa496287b30>
7376,2020-11-03 07:00:00,<function <lambda> at 0x7fa4962879f0>,<function <lambda> at 0x7fa496287a90>,<function <lambda> at 0x7fa496287b30>
7377,2020-11-03 08:00:00,<function <lambda> at 0x7fa4962879f0>,<function <lambda> at 0x7fa496287a90>,<function <lambda> at 0x7fa496287b30>
7378,2020-11-03 09:00:00,<function <lambda> at 0x7fa4962879f0>,<function <lambda> at 0x7fa496287a90>,<function <lambda> at 0x7fa496287b30>
7379,2020-11-03 10:00:00,<function <lambda> at 0x7fa4962879f0>,<function <lambda> at 0x7fa496287a90>,<function <lambda> at 0x7fa496287b30>
7380,2020-11-03 11:00:00,<function <lambda> at 0x7fa4962879f0>,<function <lambda> at 0x7fa496287a90>,<function <lambda> at 0x7fa496287b30>
7381,2020-11-03 12:00:00,<function <lambda> at 0x7fa4962879f0>,<function <lambda> at 0x7fa496287a90>,<function <lambda> at 0x7fa496287b30>
7382,2020-11-03 13:00:00,<function <lambda> at 0x7fa4962879f0>,<function <lambda> at 0x7fa496287a90>,<function <lambda> at 0x7fa496287b30>
7383,2020-11-03 14:00:00,<function <lambda> at 0x7fa4962879f0>,<function <lambda> at 0x7fa496287a90>,<function <lambda> at 0x7fa496287b30>
7384,2020-11-03 15:00:00,<function <lambda> at 0x7fa4962879f0>,<function <lambda> at 0x7fa496287a90>,<function <lambda> at 0x7fa496287b30>
7385,2020-11-03 16:00:00,<function <lambda> at 0x7fa4962879f0>,<function <lambda> at 0x7fa496287a90>,<function <lambda> at 0x7fa496287b30>
7386,2020-11-03 17:00:00,<function <lambda> at 0x7fa4962879f0>,<function <lambda> at 0x7fa496287a90>,<function <lambda> at 0x7fa496287b30>
7387,2020-11-03 18:00:00,<function <lambda> at 0x7fa4962879f0>,<function <lambda> at 0x7fa496287a90>,<function <lambda> at 0x7fa496287b30>
7388,2020-11-03 19:00:00,<function <lambda> at 0x7fa4962879f0>,<function <lambda> at 0x7fa496287a90>,<function <lambda> at 0x7fa496287b30>
7389,2020-11-03 20:00:00,<function <lambda> at 0x7fa4962879f0>,<function <lambda> at 0x7fa496287a90>,<function <lambda> at 0x7fa496287b30>
7390,2020-11-03 21:00:00,<function <lambda> at 0x7fa4962879f0>,<function <lambda> at 0x7fa496287a90>,<function <lambda> at 0x7fa496287b30>
7391,2020-11-03 22:00:00,<function <lambda> at 0x7fa4962879f0>,<function <lambda> at 0x7fa496287a90>,<function <lambda> at 0x7fa496287b30>
7392,2020-11-03 23:00:00,<function <lambda> at 0x7fa4962879f0>,<function <lambda> at 0x7fa496287a90>,<function <lambda> at 0x7fa496287b30>
7393,2020-11-04 00:00:00,<function <lambda> at 0x7fa4962879f0>,<function <lambda> at 0x7fa496287a90>,<function <lambda> at 0x7fa496287b30>
7394,2020-11-04 01:00:00,<function <lambda> at 0x7fa4962879f0>,<function <lambda> at 0x7fa496287a90>,<function <lambda> at 0x7fa496287b30>
7395,2020-11-04 02:00:00,<function <lambda> at 0x7fa4962879f0>,<function <lambda> at 0x7fa496287a90>,<function <lambda> at 0x7fa496287b30>
7396,2020-11-04 03:00:00,<function <lambda> at 0x7fa4962879f0>,<function <lambda> at 0x7fa496287a90>,<function <lambda> at 0x7fa496287b30>
7397,2020-11-04 04:00:00,<function <lambda> at 0x7fa4962879f0>,<function <lambda> at 0x7fa496287a90>,<function <lambda> at 0x7fa496287b30>
7398,2020-11-04 05:00:00,<function <lambda> at 0x7fa4962879f0>,<function <lambda> at 0x7fa496287a90>,<function <lambda> at 0x7fa496287b30>
7399,2020-11-04 06:00:00,<function <lambda> at 0x7fa4962879f0>,<function <lambda> at 0x7fa496287a90>,<function <lambda> at 0x7fa496287b30>
7400,2020-11-04 07:00:00,<function <lambda> at 0x7fa4962879f0>,<function <lambda> at 0x7fa496287a90>,<function <lambda> at 0x7fa496287b30>
7401,2020-11-04 08:00:00,<function <lambda> at 0x7fa4962879f0>,<function <lambda> at 0x7fa496287a90>,<function <lambda> at 0x7fa496287b30>
7402,2020-11-04 09:00:00,<function <lambda> at 0x7fa4962879f0>,<function <lambda> at 0x7fa496287a90>,<function <lambda> at 0x7fa496287b30>
7403,2020-11-04 10:00:00,<function <lambda> at 0x7fa4962879f0>,<function <lambda> at 0x7fa496287a90>,<function <lambda> at 0x7fa496287b30>
7404,2020-11-04 11:00:00,<function <lambda> at 0x7fa4962879f0>,<function <lambda> at 0x7fa496287a90>,<function <lambda> at 0x7fa496287b30>
7405,2020-11-04 12:00:00,<function <lambda> at 0x7fa4962879f0>,<function <lambda> at 0x7fa496287a90>,<function <lambda> at 0x7fa496287b30>
7406,2020-11-04 13:00:00,<function <lambda> at 0x7fa4962879f0>,<function <lambda> at 0x7fa496287a90>,<function <lambda> at 0x7fa496287b30>
7407,2020-11-04 14:00:00,<function <lambda> at 0x7fa4962879f0>,<function <lambda> at 0x7fa496287a90>,<function <lambda> at 0x7fa496287b30>
7408,2020-11-04 15:00:00,<function <lambda> at 0x7fa4962879f0>,<function <lambda> at 0x7fa496287a90>,<function <lambda> at 0x7fa496287b30>
7409,2020-11-04 16:00:00,<function <lambda> at 0x7fa4962879f0>,<function <lambda> at 0x7fa496287a90>,<function <lambda> at 0x7fa496287b30>
7410,2020-11-04 17:00:00,<function <lambda> at 0x7fa4962879f0>,<function <lambda> at 0x7fa496287a90>,<function <lambda> at 0x7fa496287b30>
7411,2020-11-04 18:00:00,<function <lambda> at 0x7fa4962879f0>,<function <lambda> at 0x7fa496287a90>,<function <lambda> at 0x7fa496287b30>
7412,2020-11-04 19:00:00,<function <lambda> at 0x7fa4962879f0>,<function <lambda> at 0x7fa496287a90>,<function <lambda> at 0x7fa496287b30>
7413,2020-11-04 20:00:00,<function <lambda> at 0x7fa4962879f0>,<function <lambda> at 0x7fa496287a90>,<function <lambda> at 0x7fa496287b30>
7414,2020-11-04 21:00:00,<function <lambda> at 0x7fa4962879f0>,<function <lambda> at 0x7fa496287a90>,<function <lambda> at 0x7fa496287b30>
7415,2020-11-04 22:00:00,<function <lambda> at 0x7fa4962879f0>,<function <lambda> at 0x7fa496287a90>,<function <lambda> at 0x7fa496287b30>
7416,2020-11-04 23:00:00,<function <lambda> at 0x7fa4962879f0>,<function <lambda> at 0x7fa496287a90>,<function <lambda> at 0x7fa496287b30>
7417,2020-11-05 00:00:00,<function <lambda> at 0x7fa4962879f0>,<function <lambda> at 0x7fa496287a90>,<function <lambda> at 0x7fa496287b30>
7418,2020-11-05 01:00:00,<function <lambda> at 0x7fa4962879f0>,<function <lambda> at 0x7fa496287a90>,<function <lambda> at 0x7fa496287b30>
7419,2020-11-05 02:00:00,<function <lambda> at 0x7fa4962879f0>,<function <lambda> at 0x7fa496287a90>,<function <lambda> at 0x7fa496287b30>
7420,2020-11-05 03:00:00,<function <lambda> at 0x7fa4962879f0>,<function <lambda> at 0x7fa496287a90>,<function <lambda> at 0x7fa496287b30>
7421,2020-11-05 04:00:00,<function <lambda> at 0x7fa4962879f0>,<function <lambda> at 0x7fa496287a90>,<function <lambda> at 0x7fa496287b30>
7422,2020-11-05 05:00:00,<function <lambda> at 0x7fa4962879f0>,<function <lambda> at 0x7fa496287a90>,<function <lambda> at 0x7fa496287b30>
7423,2020-11-05 06:00:00,<function <lambda> at 0x7fa4962879f0>,<function <lambda> at 0x7fa496287a90>,<function <lambda> at 0x7fa496287b30>
7424,2020-11-05 07:00:00,<function <lambda> at 0x7fa4962879f0>,<function <lambda> at 0x7fa496287a90>,<function <lambda> at 0x7fa496287b30>
7425,2020-11-05 08:00:00,<function <lambda> at 0x7fa4962879f0>,<function <lambda> at 0x7fa496287a90>,<function <lambda> at 0x7fa496287b30>
7426,2020-11-05 09:00:00,<function <lambda> at 0x7fa4962879f0>,<function <lambda> at 0x7fa496287a90>,<function <lambda> at 0x7fa496287b30>
7427,2020-11-05 10:00:00,<function <lambda> at 0x7fa4962879f0>,<function <lambda> at 0x7fa496287a90>,<function <lambda> at 0x7fa496287b30>
7428,2020-11-05 11:00:00,<function <lambda> at 0x7fa4962879f0>,<function <lambda> at 0x7fa496287a90>,<function <lambda> at 0x7fa496287b30>
7429,2020-11-05 12:00:00,<function <lambda> at 0x7fa4962879f0>,<function <lambda> at 0x7fa496287a90>,<function <lambda> at 0x7fa496287b30>
7430,2020-11-05 13:00:00,<function <lambda> at 0x7fa4962879f0>,<function <lambda> at 0x7fa496287a90>,<function <lambda> at 0x7fa496287b30>
7431,2020-11-05 14:00:00,<function <lambda> at 0x7fa4962879f0>,<function <lambda> at 0x7fa496287a90>,<function <lambda> at 0x7fa496287b30>
7432,2020-11-05 15:00:00,<function <lambda> at 0x7fa4962879f0>,<function <lambda> at 0x7fa496287a90>,<function <lambda> at 0x7fa496287b30>
7433,2020-11-05 16:00:00,<function <lambda> at 0x7fa4962879f0>,<function <lambda> at 0x7fa496287a90>,<function <lambda> at 0x7fa496287b30>
7434,2020-11-05 17:00:00,<function <lambda> at 0x7fa4962879f0>,<function <lambda> at 0x7fa496287a90>,<function <lambda> at 0x7fa496287b30>
7435,2020-11-05 18:00:00,<function <lambda> at 0x7fa4962879f0>,<function <lambda> at 0x7fa496287a90>,<function <lambda> at 0x7fa496287b30>
7436,2020-11-05 19:00:00,<function <lambda> at 0x7fa4962879f0>,<function <lambda> at 0x7fa496287a90>,<function <lambda> at 0x7fa496287b30>
7437,2020-11-05 20:00:00,<function <lambda> at 0x7fa4962879f0>,<function <lambda> at 0x7fa496287a90>,<function <lambda> at 0x7fa496287b30>
7438,2020-11-05 21:00:00,<function <lambda> at 0x7fa4962879f0>,<function <lambda> at 0x7fa496287a90>,<function <lambda> at 0x7fa496287b30>
7439,2020-11-05 22:00:00,<function <lambda> at 0x7fa4962879f0>,<function <lambda> at 0x7fa496287a90>,<function <lambda> at 0x7fa496287b30>
7440,2020-11-05 23:00:00,<function <lambda> at 0x7fa4962879f0>,<function <lambda> at 0x7fa496287a90>,<function <lambda> at 0x7fa496287b30>
7441,2020-11-06 00:00:00,<function <lambda> at 0x7fa4962879f0>,<function <lambda> at 0x7fa496287a90>,<function <lambda> at 0x7fa496287b30>
7442,2020-11-06 01:00:00,<function <lambda> at 0x7fa4962879f0>,<function <lambda> at 0x7fa496287a90>,<function <lambda> at 0x7fa496287b30>
7443,2020-11-06 02:00:00,<function <lambda> at 0x7fa4962879f0>,<function <lambda> at 0x7fa496287a90>,<function <lambda> at 0x7fa496287b30>
7444,2020-11-06 03:00:00,<function <lambda> at 0x7fa4962879f0>,<function <lambda> at 0x7fa496287a90>,<function <lambda> at 0x7fa496287b30>
7445,2020-11-06 04:00:00,<function <lambda> at 0x7fa4962879f0>,<function <lambda> at 0x7fa496287a90>,<function <lambda> at 0x7fa496287b30>
7446,2020-11-06 05:00:00,<function <lambda> at 0x7fa4962879f0>,<function <lambda> at 0x7fa496287a90>,<function <lambda> at 0x7fa496287b30>
7447,2020-11-06 06:00:00,<function <lambda> at 0x7fa4962879f0>,<function <lambda> at 0x7fa496287a90>,<function <lambda> at 0x7fa496287b30>
7448,2020-11-06 07:00:00,<function <lambda> at 0x7fa4962879f0>,<function <lambda> at 0x7fa496287a90>,<function <lambda> at 0x7fa496287b30>
7449,2020-11-06 08:00:00,<function <lambda> at 0x7fa4962879f0>,<function <lambda> at 0x7fa496287a90>,<function <lambda> at 0x7fa496287b30>
7450,2020-11-06 09:00:00,<function <lambda> at 0x7fa4962879f0>,<function <lambda> at 0x7fa496287a90>,<function <lambda> at 0x7fa496287b30>
7451,2020-11-06 10:00:00,<function <lambda> at 0x7fa4962879f0>,<function <lambda> at 0x7fa496287a90>,<function <lambda> at 0x7fa496287b30>
7452,2020-11-06 11:00:00,<function <lambda> at 0x7fa4962879f0>,<function <lambda> at 0x7fa496287a90>,<function <lambda> at 0x7fa496287b30>
7453,2020-11-06 12:00:00,<function <lambda> at 0x7fa4962879f0>,<function <lambda> at 0x7fa496287a90>,<function <lambda> at 0x7fa496287b30>
7454,2020-11-06 13:00:00,<function <lambda> at 0x7fa4962879f0>,<function <lambda> at 0x7fa496287a90>,<function <lambda> at 0x7fa496287b30>
7455,2020-11-06 14:00:00,<function <lambda> at 0x7fa4962879f0>,<function <lambda> at 0x7fa496287a90>,<function <lambda> at 0x7fa496287b30>
7456,2020-11-06 15:00:00,<function <lambda> at 0x7fa4962879f0>,<function <lambda> at 0x7fa496287a90>,<function <lambda> at 0x7fa496287b30>
7457,2020-11-06 16:00:00,<function <lambda> at 0x7fa4962879f0>,<function <lambda> at 0x7fa496287a90>,<function <lambda> at 0x7fa496287b30>
7458,2020-11-06 17:00:00,<function <lambda> at 0x7fa4962879f0>,<function <lambda> at 0x7fa496287a90>,<function <lambda> at 0x7fa496287b30>
7459,2020-11-06 18:00:00,<function <lambda> at 0x7fa4962879f0>,<function <lambda> at 0x7fa496287a90>,<function <lambda> at 0x7fa496287b30>
7460,2020-11-06 19:00:00,<function <lambda> at 0x7fa4962879f0>,<function <lambda> at 0x7fa496287a90>,<function <lambda> at 0x7fa496287b30>
7461,2020-11-06 20:00:00,<function <lambda> at 0x7fa4962879f0>,<function <lambda> at 0x7fa496287a90>,<function <lambda> at 0x7fa496287b30>
7462,2020-11-06 21:00:00,<function <lambda> at 0x7fa4962879f0>,<function <lambda> at 0x7fa496287a90>,<function <lambda> at 0x7fa496287b30>
7463,2020-11-06 22:00:00,<function <lambda> at 0x7fa4962879f0>,<function <lambda> at 0x7fa496287a90>,<function <lambda> at 0x7fa496287b30>
7464,2020-11-06 23:00:00,<function <lambda> at 0x7fa4962879f0>,<function <lambda> at 0x7fa496287a90>,<function <lambda> at 0x7fa496287b30>
7465,2020-11-07 00:00:00,<function <lambda> at 0x7fa4962879f0>,<function <lambda> at 0x7fa496287a90>,<function <lambda> at 0x7fa496287b30>
7466,2020-11-07 01:00:00,<function <lambda> at 0x7fa4962879f0>,<function <lambda> at 0x7fa496287a90>,<function <lambda> at 0x7fa496287b30>
7467,2020-11-07 02:00:00,<function <lambda> at 0x7fa4962879f0>,<function <lambda> at 0x7fa496287a90>,<function <lambda> at 0x7fa496287b30>
7468,2020-11-07 03:00:00,<function <lambda> at 0x7fa4962879f0>,<function <lambda> at 0x7fa496287a90>,<function <lambda> at 0x7fa496287b30>
7469,2020-11-07 04:00:00,<function <lambda> at 0x7fa4962879f0>,<function <lambda> at 0x7fa496287a90>,<function <lambda> at 0x7fa496287b30>
7470,2020-11-07 05:00:00,<function <lambda> at 0x7fa4962879f0>,<function <lambda> at 0x7fa496287a90>,<function <lambda> at 0x7fa496287b30>
7471,2020-11-07 06:00:00,<function <lambda> at 0x7fa4962879f0>,<function <lambda> at 0x7fa496287a90>,<function <lambda> at 0x7fa496287b30>
7472,2020-11-07 07:00:00,<function <lambda> at 0x7fa4962879f0>,<function <lambda> at 0x7fa496287a90>,<function <lambda> at 0x7fa496287b30>
7473,2020-11-07 08:00:00,<function <lambda> at 0x7fa4962879f0>,<function <lambda> at 0x7fa496287a90>,<function <lambda> at 0x7fa496287b30>
7474,2020-11-07 09:00:00,<function <lambda> at 0x7fa4962879f0>,<function <lambda> at 0x7fa496287a90>,<function <lambda> at 0x7fa496287b30>
7475,2020-11-07 10:00:00,<function <lambda> at 0x7fa4962879f0>,<function <lambda> at 0x7fa496287a90>,<function <lambda> at 0x7fa496287b30>
7476,2020-11-07 11:00:00,<function <lambda> at 0x7fa4962879f0>,<function <lambda> at 0x7fa496287a90>,<function <lambda> at 0x7fa496287b30>
7477,2020-11-07 12:00:00,<function <lambda> at 0x7fa4962879f0>,<function <lambda> at 0x7fa496287a90>,<function <lambda> at 0x7fa496287b30>
7478,2020-11-07 13:00:00,<function <lambda> at 0x7fa4962879f0>,<function <lambda> at 0x7fa496287a90>,<function <lambda> at 0x7fa496287b30>
7479,2020-11-07 14:00:00,<function <lambda> at 0x7fa4962879f0>,<function <lambda> at 0x7fa496287a90>,<function <lambda> at 0x7fa496287b30>
7480,2020-11-07 15:00:00,<function <lambda> at 0x7fa4962879f0>,<function <lambda> at 0x7fa496287a90>,<function <lambda> at 0x7fa496287b30>
7481,2020-11-07 16:00:00,<function <lambda> at 0x7fa4962879f0>,<function <lambda> at 0x7fa496287a90>,<function <lambda> at 0x7fa496287b30>
7482,2020-11-07 17:00:00,<function <lambda> at 0x7fa4962879f0>,<function <lambda> at 0x7fa496287a90>,<function <lambda> at 0x7fa496287b30>
7483,2020-11-07 18:00:00,<function <lambda> at 0x7fa4962879f0>,<function <lambda> at 0x7fa496287a90>,<function <lambda> at 0x7fa496287b30>
7484,2020-11-07 19:00:00,<function <lambda> at 0x7fa4962879f0>,<function <lambda> at 0x7fa496287a90>,<function <lambda> at 0x7fa496287b30>
7485,2020-11-07 20:00:00,<function <lambda> at 0x7fa4962879f0>,<function <lambda> at 0x7fa496287a90>,<function <lambda> at 0x7fa496287b30>
7486,2020-11-07 21:00:00,<function <lambda> at 0x7fa4962879f0>,<function <lambda> at 0x7fa496287a90>,<function <lambda> at 0x7fa496287b30>
7487,2020-11-07 22:00:00,<function <lambda> at 0x7fa4962879f0>,<function <lambda> at 0x7fa496287a90>,<function <lambda> at 0x7fa496287b30>
7488,2020-11-07 23:00:00,<function <lambda> at 0x7fa4962879f0>,<function <lambda> at 0x7fa496287a90>,<function <lambda> at 0x7fa496287b30>
7489,2020-11-08 00:00:00,<function <lambda> at 0x7fa4962879f0>,<function <lambda> at 0x7fa496287a90>,<function <lambda> at 0x7fa496287b30>
7490,2020-11-08 01:00:00,<function <lambda> at 0x7fa4962879f0>,<function <lambda> at 0x7fa496287a90>,<function <lambda> at 0x7fa496287b30>
7491,2020-11-08 02:00:00,<function <lambda> at 0x7fa4962879f0>,<function <lambda> at 0x7fa496287a90>,<function <lambda> at 0x7fa496287b30>
7492,2020-11-08 03:00:00,<function <lambda> at 0x7fa4962879f0>,<function <lambda> at 0x7fa496287a90>,<function <lambda> at 0x7fa496287b30>
7493,2020-11-08 04:00:00,<function <lambda> at 0x7fa4962879f0>,<function <lambda> at 0x7fa496287a90>,<function <lambda> at 0x7fa496287b30>
7494,2020-11-08 05:00:00,<function <lambda> at 0x7fa4962879f0>,<function <lambda> at 0x7fa496287a90>,<function <lambda> at 0x7fa496287b30>
7495,2020-11-08 06:00:00,<function <lambda> at 0x7fa4962879f0>,<function <lambda> at 0x7fa496287a90>,<function <lambda> at 0x7fa496287b30>
7496,2020-11-08 07:00:00,<function <lambda> at 0x7fa4962879f0>,<function <lambda> at 0x7fa496287a90>,<function <lambda> at 0x7fa496287b30>
7497,2020-11-08 08:00:00,<function <lambda> at 0x7fa4962879f0>,<function <lambda> at 0x7fa496287a90>,<function <lambda> at 0x7fa496287b30>
7498,2020-11-08 09:00:00,<function <lambda> at 0x7fa4962879f0>,<function <lambda> at 0x7fa496287a90>,<function <lambda> at 0x7fa496287b30>
7499,2020-11-08 10:00:00,<function <lambda> at 0x7fa4962879f0>,<function <lambda> at 0x7fa496287a90>,<function <lambda> at 0x7fa496287b30>
7500,2020-11-08 11:00:00,<function <lambda> at 0x7fa4962879f0>,<function <lambda> at 0x7fa496287a90>,<function <lambda> at 0x7fa496287b30>
7501,2020-11-08 12:00:00,<function <lambda> at 0x7fa4962879f0>,<function <lambda> at 0x7fa496287a90>,<function <lambda> at 0x7fa496287b30>
7502,2020-11-08 13:00:00,<function <lambda> at 0x7fa4962879f0>,<function <lambda> at 0x7fa496287a90>,<function <lambda> at 0x7fa496287b30>
7503,2020-11-08 14:00:00,<function <lambda> at 0x7fa4962879f0>,<function <lambda> at 0x7fa496287a90>,<function <lambda> at 0x7fa496287b30>
7504,2020-11-08 15:00:00,<function <lambda> at 0x7fa4962879f0>,<function <lambda> at 0x7fa496287a90>,<function <lambda> at 0x7fa496287b30>
7505,2020-11-08 16:00:00,<function <lambda> at 0x7fa4962879f0>,<function <lambda> at 0x7fa496287a90>,<function <lambda> at 0x7fa496287b30>
7506,2020-11-08 17:00:00,<function <lambda> at 0x7fa4962879f0>,<function <lambda> at 0x7fa496287a90>,<function <lambda> at 0x7fa496287b30>
7507,2020-11-08 18:00:00,<function <lambda> at 0x7fa4962879f0>,<function <lambda> at 0x7fa496287a90>,<function <lambda> at 0x7fa496287b30>
7508,2020-11-08 19:00:00,<function <lambda> at 0x7fa4962879f0>,<function <lambda> at 0x7fa496287a90>,<function <lambda> at 0x7fa496287b30>
7509,2020-11-08 20:00:00,<function <lambda> at 0x7fa4962879f0>,<function <lambda> at 0x7fa496287a90>,<function <lambda> at 0x7fa496287b30>
7510,2020-11-08 21:00:00,<function <lambda> at 0x7fa4962879f0>,<function <lambda> at 0x7fa496287a90>,<function <lambda> at 0x7fa496287b30>
7511,2020-11-08 22:00:00,<function <lambda> at 0x7fa4962879f0>,<function <lambda> at 0x7fa496287a90>,<function <lambda> at 0x7fa496287b30>
7512,2020-11-08 23:00:00,<function <lambda> at 0x7fa4962879f0>,<function <lambda> at 0x7fa496287a90>,<function <lambda> at 0x7fa496287b30>
7513,2020-11-09 00:00:00,<function <lambda> at 0x7fa4962879f0>,<function <lambda> at 0x7fa496287a90>,<function <lambda> at 0x7fa496287b30>
7514,2020-11-09 01:00:00,<function <lambda> at 0x7fa4962879f0>,<function <lambda> at 0x7fa496287a90>,<function <lambda> at 0x7fa496287b30>
7515,2020-11-09 02:00:00,<function <lambda> at 0x7fa4962879f0>,<function <lambda> at 0x7fa496287a90>,<function <lambda> at 0x7fa496287b30>
7516,2020-11-09 03:00:00,<function <lambda> at 0x7fa4962879f0>,<function <lambda> at 0x7fa496287a90>,<function <lambda> at 0x7fa496287b30>
7517,2020-11-09 04:00:00,<function <lambda> at 0x7fa4962879f0>,<function <lambda> at 0x7fa496287a90>,<function <lambda> at 0x7fa496287b30>
7518,2020-11-09 05:00:00,<function <lambda> at 0x7fa4962879f0>,<function <lambda> at 0x7fa496287a90>,<function <lambda> at 0x7fa496287b30>
7519,2020-11-09 06:00:00,<function <lambda> at 0x7fa4962879f0>,<function <lambda> at 0x7fa496287a90>,<function <lambda> at 0x7fa496287b30>
7520,2020-11-09 07:00:00,<function <lambda> at 0x7fa4962879f0>,<function <lambda> at 0x7fa496287a90>,<function <lambda> at 0x7fa496287b30>
7521,2020-11-09 08:00:00,<function <lambda> at 0x7fa4962879f0>,<function <lambda> at 0x7fa496287a90>,<function <lambda> at 0x7fa496287b30>
7522,2020-11-09 09:00:00,<function <lambda> at 0x7fa4962879f0>,<function <lambda> at 0x7fa496287a90>,<function <lambda> at 0x7fa496287b30>
7523,2020-11-09 10:00:00,<function <lambda> at 0x7fa4962879f0>,<function <lambda> at 0x7fa496287a90>,<function <lambda> at 0x7fa496287b30>
7524,2020-11-09 11:00:00,<function <lambda> at 0x7fa4962879f0>,<function <lambda> at 0x7fa496287a90>,<function <lambda> at 0x7fa496287b30>
7525,2020-11-09 12:00:00,<function <lambda> at 0x7fa4962879f0>,<function <lambda> at 0x7fa496287a90>,<function <lambda> at 0x7fa496287b30>
7526,2020-11-09 13:00:00,<function <lambda> at 0x7fa4962879f0>,<function <lambda> at 0x7fa496287a90>,<function <lambda> at 0x7fa496287b30>
7527,2020-11-09 14:00:00,<function <lambda> at 0x7fa4962879f0>,<function <lambda> at 0x7fa496287a90>,<function <lambda> at 0x7fa496287b30>
7528,2020-11-09 15:00:00,<function <lambda> at 0x7fa4962879f0>,<function <lambda> at 0x7fa496287a90>,<function <lambda> at 0x7fa496287b30>
7529,2020-11-09 16:00:00,<function <lambda> at 0x7fa4962879f0>,<function <lambda> at 0x7fa496287a90>,<function <lambda> at 0x7fa496287b30>
7530,2020-11-09 17:00:00,<function <lambda> at 0x7fa4962879f0>,<function <lambda> at 0x7fa496287a90>,<function <lambda> at 0x7fa496287b30>
7531,2020-11-09 18:00:00,<function <lambda> at 0x7fa4962879f0>,<function <lambda> at 0x7fa496287a90>,<function <lambda> at 0x7fa496287b30>
7532,2020-11-09 19:00:00,<function <lambda> at 0x7fa4962879f0>,<function <lambda> at 0x7fa496287a90>,<function <lambda> at 0x7fa496287b30>
7533,2020-11-09 20:00:00,<function <lambda> at 0x7fa4962879f0>,<function <lambda> at 0x7fa496287a90>,<function <lambda> at 0x7fa496287b30>
7534,2020-11-09 21:00:00,<function <lambda> at 0x7fa4962879f0>,<function <lambda> at 0x7fa496287a90>,<function <lambda> at 0x7fa496287b30>
7535,2020-11-09 22:00:00,<function <lambda> at 0x7fa4962879f0>,<function <lambda> at 0x7fa496287a90>,<function <lambda> at 0x7fa496287b30>
7536,2020-11-09 23:00:00,<function <lambda> at 0x7fa4962879f0>,<function <lambda> at 0x7fa496287a90>,<function <lambda> at 0x7fa496287b30>
7537,2020-11-10 00:00:00,<function <lambda> at 0x7fa4962879f0>,<function <lambda> at 0x7fa496287a90>,<function <lambda> at 0x7fa496287b30>
7538,2020-11-10 01:00:00,<function <lambda> at 0x7fa4962879f0>,<function <lambda> at 0x7fa496287a90>,<function <lambda> at 0x7fa496287b30>
7539,2020-11-10 02:00:00,<function <lambda> at 0x7fa4962879f0>,<function <lambda> at 0x7fa496287a90>,<function <lambda> at 0x7fa496287b30>
7540,2020-11-10 03:00:00,<function <lambda> at 0x7fa4962879f0>,<function <lambda> at 0x7fa496287a90>,<function <lambda> at 0x7fa496287b30>
7541,2020-11-10 04:00:00,<function <lambda> at 0x7fa4962879f0>,<function <lambda> at 0x7fa496287a90>,<function <lambda> at 0x7fa496287b30>
7542,2020-11-10 05:00:00,<function <lambda> at 0x7fa4962879f0>,<function <lambda> at 0x7fa496287a90>,<function <lambda> at 0x7fa496287b30>
7543,2020-11-10 06:00:00,<function <lambda> at 0x7fa4962879f0>,<function <lambda> at 0x7fa496287a90>,<function <lambda> at 0x7fa496287b30>
7544,2020-11-10 07:00:00,<function <lambda> at 0x7fa4962879f0>,<function <lambda> at 0x7fa496287a90>,<function <lambda> at 0x7fa496287b30>
7545,2020-11-10 08:00:00,<function <lambda> at 0x7fa4962879f0>,<function <lambda> at 0x7fa496287a90>,<function <lambda> at 0x7fa496287b30>
7546,2020-11-10 09:00:00,<function <lambda> at 0x7fa4962879f0>,<function <lambda> at 0x7fa496287a90>,<function <lambda> at 0x7fa496287b30>
7547,2020-11-10 10:00:00,<function <lambda> at 0x7fa4962879f0>,<function <lambda> at 0x7fa496287a90>,<function <lambda> at 0x7fa496287b30>
7548,2020-11-10 11:00:00,<function <lambda> at 0x7fa4962879f0>,<function <lambda> at 0x7fa496287a90>,<function <lambda> at 0x7fa496287b30>
7549,2020-11-10 12:00:00,<function <lambda> at 0x7fa4962879f0>,<function <lambda> at 0x7fa496287a90>,<function <lambda> at 0x7fa496287b30>
7550,2020-11-10 13:00:00,<function <lambda> at 0x7fa4962879f0>,<function <lambda> at 0x7fa496287a90>,<function <lambda> at 0x7fa496287b30>
7551,2020-11-10 14:00:00,<function <lambda> at 0x7fa4962879f0>,<function <lambda> at 0x7fa496287a90>,<function <lambda> at 0x7fa496287b30>
7552,2020-11-10 15:00:00,<function <lambda> at 0x7fa4962879f0>,<function <lambda> at 0x7fa496287a90>,<function <lambda> at 0x7fa496287b30>
7553,2020-11-10 16:00:00,<function <lambda> at 0x7fa4962879f0>,<function <lambda> at 0x7fa496287a90>,<function <lambda> at 0x7fa496287b30>
7554,2020-11-10 17:00:00,<function <lambda> at 0x7fa4962879f0>,<function <lambda> at 0x7fa496287a90>,<function <lambda> at 0x7fa496287b30>
7555,2020-11-10 18:00:00,<function <lambda> at 0x7fa4962879f0>,<function <lambda> at 0x7fa496287a90>,<function <lambda> at 0x7fa496287b30>
7556,2020-11-10 19:00:00,<function <lambda> at 0x7fa4962879f0>,<function <lambda> at 0x7fa496287a90>,<function <lambda> at 0x7fa496287b30>
7557,2020-11-10 20:00:00,<function <lambda> at 0x7fa4962879f0>,<function <lambda> at 0x7fa496287a90>,<function <lambda> at 0x7fa496287b30>
7558,2020-11-10 21:00:00,<function <lambda> at 0x7fa4962879f0>,<function <lambda> at 0x7fa496287a90>,<function <lambda> at 0x7fa496287b30>
7559,2020-11-10 22:00:00,<function <lambda> at 0x7fa4962879f0>,<function <lambda> at 0x7fa496287a90>,<function <lambda> at 0x7fa496287b30>
7560,2020-11-10 23:00:00,<function <lambda> at 0x7fa4962879f0>,<function <lambda> at 0x7fa496287a90>,<function <lambda> at 0x7fa496287b30>
7561,2020-11-11 00:00:00,<function <lambda> at 0x7fa4962879f0>,<function <lambda> at 0x7fa496287a90>,<function <lambda> at 0x7fa496287b30>
7562,2020-11-11 01:00:00,<function <lambda> at 0x7fa4962879f0>,<function <lambda> at 0x7fa496287a90>,<function <lambda> at 0x7fa496287b30>
7563,2020-11-11 02:00:00,<function <lambda> at 0x7fa4962879f0>,<function <lambda> at 0x7fa496287a90>,<function <lambda> at 0x7fa496287b30>
7564,2020-11-11 03:00:00,<function <lambda> at 0x7fa4962879f0>,<function <lambda> at 0x7fa496287a90>,<function <lambda> at 0x7fa496287b30>
7565,2020-11-11 04:00:00,<function <lambda> at 0x7fa4962879f0>,<function <lambda> at 0x7fa496287a90>,<function <lambda> at 0x7fa496287b30>
7566,2020-11-11 05:00:00,<function <lambda> at 0x7fa4962879f0>,<function <lambda> at 0x7fa496287a90>,<function <lambda> at 0x7fa496287b30>
7567,2020-11-11 06:00:00,<function <lambda> at 0x7fa4962879f0>,<function <lambda> at 0x7fa496287a90>,<function <lambda> at 0x7fa496287b30>
7568,2020-11-11 07:00:00,<function <lambda> at 0x7fa4962879f0>,<function <lambda> at 0x7fa496287a90>,<function <lambda> at 0x7fa496287b30>
7569,2020-11-11 08:00:00,<function <lambda> at 0x7fa4962879f0>,<function <lambda> at 0x7fa496287a90>,<function <lambda> at 0x7fa496287b30>
7570,2020-11-11 09:00:00,<function <lambda> at 0x7fa4962879f0>,<function <lambda> at 0x7fa496287a90>,<function <lambda> at 0x7fa496287b30>
7571,2020-11-11 10:00:00,<function <lambda> at 0x7fa4962879f0>,<function <lambda> at 0x7fa496287a90>,<function <lambda> at 0x7fa496287b30>
7572,2020-11-11 11:00:00,<function <lambda> at 0x7fa4962879f0>,<function <lambda> at 0x7fa496287a90>,<function <lambda> at 0x7fa496287b30>
7573,2020-11-11 12:00:00,<function <lambda> at 0x7fa4962879f0>,<function <lambda> at 0x7fa496287a90>,<function <lambda> at 0x7fa496287b30>
7574,2020-11-11 13:00:00,<function <lambda> at 0x7fa4962879f0>,<function <lambda> at 0x7fa496287a90>,<function <lambda> at 0x7fa496287b30>
7575,2020-11-11 14:00:00,<function <lambda> at 0x7fa4962879f0>,<function <lambda> at 0x7fa496287a90>,<function <lambda> at 0x7fa496287b30>
7576,2020-11-11 15:00:00,<function <lambda> at 0x7fa4962879f0>,<function <lambda> at 0x7fa496287a90>,<function <lambda> at 0x7fa496287b30>
7577,2020-11-11 16:00:00,<function <lambda> at 0x7fa4962879f0>,<function <lambda> at 0x7fa496287a90>,<function <lambda> at 0x7fa496287b30>
7578,2020-11-11 17:00:00,<function <lambda> at 0x7fa4962879f0>,<function <lambda> at 0x7fa496287a90>,<function <lambda> at 0x7fa496287b30>
7579,2020-11-11 18:00:00,<function <lambda> at 0x7fa4962879f0>,<function <lambda> at 0x7fa496287a90>,<function <lambda> at 0x7fa496287b30>
7580,2020-11-11 19:00:00,<function <lambda> at 0x7fa4962879f0>,<function <lambda> at 0x7fa496287a90>,<function <lambda> at 0x7fa496287b30>
7581,2020-11-11 20:00:00,<function <lambda> at 0x7fa4962879f0>,<function <lambda> at 0x7fa496287a90>,<function <lambda> at 0x7fa496287b30>
7582,2020-11-11 21:00:00,<function <lambda> at 0x7fa4962879f0>,<function <lambda> at 0x7fa496287a90>,<function <lambda> at 0x7fa496287b30>
7583,2020-11-11 22:00:00,<function <lambda> at 0x7fa4962879f0>,<function <lambda> at 0x7fa496287a90>,<function <lambda> at 0x7fa496287b30>
7584,2020-11-11 23:00:00,<function <lambda> at 0x7fa4962879f0>,<function <lambda> at 0x7fa496287a90>,<function <lambda> at 0x7fa496287b30>
7585,2020-11-12 00:00:00,<function <lambda> at 0x7fa4962879f0>,<function <lambda> at 0x7fa496287a90>,<function <lambda> at 0x7fa496287b30>
7586,2020-11-12 01:00:00,<function <lambda> at 0x7fa4962879f0>,<function <lambda> at 0x7fa496287a90>,<function <lambda> at 0x7fa496287b30>
7587,2020-11-12 02:00:00,<function <lambda> at 0x7fa4962879f0>,<function <lambda> at 0x7fa496287a90>,<function <lambda> at 0x7fa496287b30>
7588,2020-11-12 03:00:00,<function <lambda> at 0x7fa4962879f0>,<function <lambda> at 0x7fa496287a90>,<function <lambda> at 0x7fa496287b30>
7589,2020-11-12 04:00:00,<function <lambda> at 0x7fa4962879f0>,<function <lambda> at 0x7fa496287a90>,<function <lambda> at 0x7fa496287b30>
7590,2020-11-12 05:00:00,<function <lambda> at 0x7fa4962879f0>,<function <lambda> at 0x7fa496287a90>,<function <lambda> at 0x7fa496287b30>
7591,2020-11-12 06:00:00,<function <lambda> at 0x7fa4962879f0>,<function <lambda> at 0x7fa496287a90>,<function <lambda> at 0x7fa496287b30>
7592,2020-11-12 07:00:00,<function <lambda> at 0x7fa4962879f0>,<function <lambda> at 0x7fa496287a90>,<function <lambda> at 0x7fa496287b30>
7593,2020-11-12 08:00:00,<function <lambda> at 0x7fa4962879f0>,<function <lambda> at 0x7fa496287a90>,<function <lambda> at 0x7fa496287b30>
7594,2020-11-12 09:00:00,<function <lambda> at 0x7fa4962879f0>,<function <lambda> at 0x7fa496287a90>,<function <lambda> at 0x7fa496287b30>
7595,2020-11-12 10:00:00,<function <lambda> at 0x7fa4962879f0>,<function <lambda> at 0x7fa496287a90>,<function <lambda> at 0x7fa496287b30>
7596,2020-11-12 11:00:00,<function <lambda> at 0x7fa4962879f0>,<function <lambda> at 0x7fa496287a90>,<function <lambda> at 0x7fa496287b30>
7597,2020-11-12 12:00:00,<function <lambda> at 0x7fa4962879f0>,<function <lambda> at 0x7fa496287a90>,<function <lambda> at 0x7fa496287b30>
7598,2020-11-12 13:00:00,<function <lambda> at 0x7fa4962879f0>,<function <lambda> at 0x7fa496287a90>,<function <lambda> at 0x7fa496287b30>
7599,2020-11-12 14:00:00,<function <lambda> at 0x7fa4962879f0>,<function <lambda> at 0x7fa496287a90>,<function <lambda> at 0x7fa496287b30>
7600,2020-11-12 15:00:00,<function <lambda> at 0x7fa4962879f0>,<function <lambda> at 0x7fa496287a90>,<function <lambda> at 0x7fa496287b30>
7601,2020-11-12 16:00:00,<function <lambda> at 0x7fa4962879f0>,<function <lambda> at 0x7fa496287a90>,<function <lambda> at 0x7fa496287b30>
7602,2020-11-12 17:00:00,<function <lambda> at 0x7fa4962879f0>,<function <lambda> at 0x7fa496287a90>,<function <lambda> at 0x7fa496287b30>
7603,2020-11-12 18:00:00,<function <lambda> at 0x7fa4962879f0>,<function <lambda> at 0x7fa496287a90>,<function <lambda> at 0x7fa496287b30>
7604,2020-11-12 19:00:00,<function <lambda> at 0x7fa4962879f0>,<function <lambda> at 0x7fa496287a90>,<function <lambda> at 0x7fa496287b30>
7605,2020-11-12 20:00:00,<function <lambda> at 0x7fa4962879f0>,<function <lambda> at 0x7fa496287a90>,<function <lambda> at 0x7fa496287b30>
7606,2020-11-12 21:00:00,<function <lambda> at 0x7fa4962879f0>,<function <lambda> at 0x7fa496287a90>,<function <lambda> at 0x7fa496287b30>
7607,2020-11-12 22:00:00,<function <lambda> at 0x7fa4962879f0>,<function <lambda> at 0x7fa496287a90>,<function <lambda> at 0x7fa496287b30>
7608,2020-11-12 23:00:00,<function <lambda> at 0x7fa4962879f0>,<function <lambda> at 0x7fa496287a90>,<function <lambda> at 0x7fa496287b30>
7609,2020-11-13 00:00:00,<function <lambda> at 0x7fa4962879f0>,<function <lambda> at 0x7fa496287a90>,<function <lambda> at 0x7fa496287b30>
7610,2020-11-13 01:00:00,<function <lambda> at 0x7fa4962879f0>,<function <lambda> at 0x7fa496287a90>,<function <lambda> at 0x7fa496287b30>
7611,2020-11-13 02:00:00,<function <lambda> at 0x7fa4962879f0>,<function <lambda> at 0x7fa496287a90>,<function <lambda> at 0x7fa496287b30>
7612,2020-11-13 03:00:00,<function <lambda> at 0x7fa4962879f0>,<function <lambda> at 0x7fa496287a90>,<function <lambda> at 0x7fa496287b30>
7613,2020-11-13 04:00:00,<function <lambda> at 0x7fa4962879f0>,<function <lambda> at 0x7fa496287a90>,<function <lambda> at 0x7fa496287b30>
7614,2020-11-13 05:00:00,<function <lambda> at 0x7fa4962879f0>,<function <lambda> at 0x7fa496287a90>,<function <lambda> at 0x7fa496287b30>
7615,2020-11-13 06:00:00,<function <lambda> at 0x7fa4962879f0>,<function <lambda> at 0x7fa496287a90>,<function <lambda> at 0x7fa496287b30>
7616,2020-11-13 07:00:00,<function <lambda> at 0x7fa4962879f0>,<function <lambda> at 0x7fa496287a90>,<function <lambda> at 0x7fa496287b30>
7617,2020-11-13 08:00:00,<function <lambda> at 0x7fa4962879f0>,<function <lambda> at 0x7fa496287a90>,<function <lambda> at 0x7fa496287b30>
7618,2020-11-13 09:00:00,<function <lambda> at 0x7fa4962879f0>,<function <lambda> at 0x7fa496287a90>,<function <lambda> at 0x7fa496287b30>
7619,2020-11-13 10:00:00,<function <lambda> at 0x7fa4962879f0>,<function <lambda> at 0x7fa496287a90>,<function <lambda> at 0x7fa496287b30>
7620,2020-11-13 11:00:00,<function <lambda> at 0x7fa4962879f0>,<function <lambda> at 0x7fa496287a90>,<function <lambda> at 0x7fa496287b30>
7621,2020-11-13 12:00:00,<function <lambda> at 0x7fa4962879f0>,<function <lambda> at 0x7fa496287a90>,<function <lambda> at 0x7fa496287b30>
7622,2020-11-13 13:00:00,<function <lambda> at 0x7fa4962879f0>,<function <lambda> at 0x7fa496287a90>,<function <lambda> at 0x7fa496287b30>
7623,2020-11-13 14:00:00,<function <lambda> at 0x7fa4962879f0>,<function <lambda> at 0x7fa496287a90>,<function <lambda> at 0x7fa496287b30>
7624,2020-11-13 15:00:00,<function <lambda> at 0x7fa4962879f0>,<function <lambda> at 0x7fa496287a90>,<function <lambda> at 0x7fa496287b30>
7625,2020-11-13 16:00:00,<function <lambda> at 0x7fa4962879f0>,<function <lambda> at 0x7fa496287a90>,<function <lambda> at 0x7fa496287b30>
7626,2020-11-13 17:00:00,<function <lambda> at 0x7fa4962879f0>,<function <lambda> at 0x7fa496287a90>,<function <lambda> at 0x7fa496287b30>
7627,2020-11-13 18:00:00,<function <lambda> at 0x7fa4962879f0>,<function <lambda> at 0x7fa496287a90>,<function <lambda> at 0x7fa496287b30>
7628,2020-11-13 19:00:00,<function <lambda> at 0x7fa4962879f0>,<function <lambda> at 0x7fa496287a90>,<function <lambda> at 0x7fa496287b30>
7629,2020-11-13 20:00:00,<function <lambda> at 0x7fa4962879f0>,<function <lambda> at 0x7fa496287a90>,<function <lambda> at 0x7fa496287b30>
7630,2020-11-13 21:00:00,<function <lambda> at 0x7fa4962879f0>,<function <lambda> at 0x7fa496287a90>,<function <lambda> at 0x7fa496287b30>
7631,2020-11-13 22:00:00,<function <lambda> at 0x7fa4962879f0>,<function <lambda> at 0x7fa496287a90>,<function <lambda> at 0x7fa496287b30>
7632,2020-11-13 23:00:00,<function <lambda> at 0x7fa4962879f0>,<function <lambda> at 0x7fa496287a90>,<function <lambda> at 0x7fa496287b30>
7633,2020-11-14 00:00:00,<function <lambda> at 0x7fa4962879f0>,<function <lambda> at 0x7fa496287a90>,<function <lambda> at 0x7fa496287b30>
7634,2020-11-14 01:00:00,<function <lambda> at 0x7fa4962879f0>,<function <lambda> at 0x7fa496287a90>,<function <lambda> at 0x7fa496287b30>
7635,2020-11-14 02:00:00,<function <lambda> at 0x7fa4962879f0>,<function <lambda> at 0x7fa496287a90>,<function <lambda> at 0x7fa496287b30>
7636,2020-11-14 03:00:00,<function <lambda> at 0x7fa4962879f0>,<function <lambda> at 0x7fa496287a90>,<function <lambda> at 0x7fa496287b30>
7637,2020-11-14 04:00:00,<function <lambda> at 0x7fa4962879f0>,<function <lambda> at 0x7fa496287a90>,<function <lambda> at 0x7fa496287b30>
7638,2020-11-14 05:00:00,<function <lambda> at 0x7fa4962879f0>,<function <lambda> at 0x7fa496287a90>,<function <lambda> at 0x7fa496287b30>
7639,2020-11-14 06:00:00,<function <lambda> at 0x7fa4962879f0>,<function <lambda> at 0x7fa496287a90>,<function <lambda> at 0x7fa496287b30>
7640,2020-11-14 07:00:00,<function <lambda> at 0x7fa4962879f0>,<function <lambda> at 0x7fa496287a90>,<function <lambda> at 0x7fa496287b30>
7641,2020-11-14 08:00:00,<function <lambda> at 0x7fa4962879f0>,<function <lambda> at 0x7fa496287a90>,<function <lambda> at 0x7fa496287b30>
7642,2020-11-14 09:00:00,<function <lambda> at 0x7fa4962879f0>,<function <lambda> at 0x7fa496287a90>,<function <lambda> at 0x7fa496287b30>
7643,2020-11-14 10:00:00,<function <lambda> at 0x7fa4962879f0>,<function <lambda> at 0x7fa496287a90>,<function <lambda> at 0x7fa496287b30>
7644,2020-11-14 11:00:00,<function <lambda> at 0x7fa4962879f0>,<function <lambda> at 0x7fa496287a90>,<function <lambda> at 0x7fa496287b30>
7645,2020-11-14 12:00:00,<function <lambda> at 0x7fa4962879f0>,<function <lambda> at 0x7fa496287a90>,<function <lambda> at 0x7fa496287b30>
7646,2020-11-14 13:00:00,<function <lambda> at 0x7fa4962879f0>,<function <lambda> at 0x7fa496287a90>,<function <lambda> at 0x7fa496287b30>
7647,2020-11-14 14:00:00,<function <lambda> at 0x7fa4962879f0>,<function <lambda> at 0x7fa496287a90>,<function <lambda> at 0x7fa496287b30>
7648,2020-11-14 15:00:00,<function <lambda> at 0x7fa4962879f0>,<function <lambda> at 0x7fa496287a90>,<function <lambda> at 0x7fa496287b30>
7649,2020-11-14 16:00:00,<function <lambda> at 0x7fa4962879f0>,<function <lambda> at 0x7fa496287a90>,<function <lambda> at 0x7fa496287b30>
7650,2020-11-14 17:00:00,<function <lambda> at 0x7fa4962879f0>,<function <lambda> at 0x7fa496287a90>,<function <lambda> at 0x7fa496287b30>
7651,2020-11-14 18:00:00,<function <lambda> at 0x7fa4962879f0>,<function <lambda> at 0x7fa496287a90>,<function <lambda> at 0x7fa496287b30>
7652,2020-11-14 19:00:00,<function <lambda> at 0x7fa4962879f0>,<function <lambda> at 0x7fa496287a90>,<function <lambda> at 0x7fa496287b30>
7653,2020-11-14 20:00:00,<function <lambda> at 0x7fa4962879f0>,<function <lambda> at 0x7fa496287a90>,<function <lambda> at 0x7fa496287b30>
7654,2020-11-14 21:00:00,<function <lambda> at 0x7fa4962879f0>,<function <lambda> at 0x7fa496287a90>,<function <lambda> at 0x7fa496287b30>
7655,2020-11-14 22:00:00,<function <lambda> at 0x7fa4962879f0>,<function <lambda> at 0x7fa496287a90>,<function <lambda> at 0x7fa496287b30>
7656,2020-11-14 23:00:00,<function <lambda> at 0x7fa4962879f0>,<function <lambda> at 0x7fa496287a90>,<function <lambda> at 0x7fa496287b30>
7657,2020-11-15 00:00:00,<function <lambda> at 0x7fa4962879f0>,<function <lambda> at 0x7fa496287a90>,<function <lambda> at 0x7fa496287b30>
7658,2020-11-15 01:00:00,<function <lambda> at 0x7fa4962879f0>,<function <lambda> at 0x7fa496287a90>,<function <lambda> at 0x7fa496287b30>
7659,2020-11-15 02:00:00,<function <lambda> at 0x7fa4962879f0>,<function <lambda> at 0x7fa496287a90>,<function <lambda> at 0x7fa496287b30>
7660,2020-11-15 03:00:00,<function <lambda> at 0x7fa4962879f0>,<function <lambda> at 0x7fa496287a90>,<function <lambda> at 0x7fa496287b30>
7661,2020-11-15 04:00:00,<function <lambda> at 0x7fa4962879f0>,<function <lambda> at 0x7fa496287a90>,<function <lambda> at 0x7fa496287b30>
7662,2020-11-15 05:00:00,<function <lambda> at 0x7fa4962879f0>,<function <lambda> at 0x7fa496287a90>,<function <lambda> at 0x7fa496287b30>
7663,2020-11-15 06:00:00,<function <lambda> at 0x7fa4962879f0>,<function <lambda> at 0x7fa496287a90>,<function <lambda> at 0x7fa496287b30>
7664,2020-11-15 07:00:00,<function <lambda> at 0x7fa4962879f0>,<function <lambda> at 0x7fa496287a90>,<function <lambda> at 0x7fa496287b30>
7665,2020-11-15 08:00:00,<function <lambda> at 0x7fa4962879f0>,<function <lambda> at 0x7fa496287a90>,<function <lambda> at 0x7fa496287b30>
7666,2020-11-15 09:00:00,<function <lambda> at 0x7fa4962879f0>,<function <lambda> at 0x7fa496287a90>,<function <lambda> at 0x7fa496287b30>
7667,2020-11-15 10:00:00,<function <lambda> at 0x7fa4962879f0>,<function <lambda> at 0x7fa496287a90>,<function <lambda> at 0x7fa496287b30>
7668,2020-11-15 11:00:00,<function <lambda> at 0x7fa4962879f0>,<function <lambda> at 0x7fa496287a90>,<function <lambda> at 0x7fa496287b30>
7669,2020-11-15 12:00:00,<function <lambda> at 0x7fa4962879f0>,<function <lambda> at 0x7fa496287a90>,<function <lambda> at 0x7fa496287b30>
7670,2020-11-15 13:00:00,<function <lambda> at 0x7fa4962879f0>,<function <lambda> at 0x7fa496287a90>,<function <lambda> at 0x7fa496287b30>
7671,2020-11-15 14:00:00,<function <lambda> at 0x7fa4962879f0>,<function <lambda> at 0x7fa496287a90>,<function <lambda> at 0x7fa496287b30>
7672,2020-11-15 15:00:00,<function <lambda> at 0x7fa4962879f0>,<function <lambda> at 0x7fa496287a90>,<function <lambda> at 0x7fa496287b30>
7673,2020-11-15 16:00:00,<function <lambda> at 0x7fa4962879f0>,<function <lambda> at 0x7fa496287a90>,<function <lambda> at 0x7fa496287b30>
7674,2020-11-15 17:00:00,<function <lambda> at 0x7fa4962879f0>,<function <lambda> at 0x7fa496287a90>,<function <lambda> at 0x7fa496287b30>
7675,2020-11-15 18:00:00,<function <lambda> at 0x7fa4962879f0>,<function <lambda> at 0x7fa496287a90>,<function <lambda> at 0x7fa496287b30>
7676,2020-11-15 19:00:00,<function <lambda> at 0x7fa4962879f0>,<function <lambda> at 0x7fa496287a90>,<function <lambda> at 0x7fa496287b30>
7677,2020-11-15 20:00:00,<function <lambda> at 0x7fa4962879f0>,<function <lambda> at 0x7fa496287a90>,<function <lambda> at 0x7fa496287b30>
7678,2020-11-15 21:00:00,<function <lambda> at 0x7fa4962879f0>,<function <lambda> at 0x7fa496287a90>,<function <lambda> at 0x7fa496287b30>
7679,2020-11-15 22:00:00,<function <lambda> at 0x7fa4962879f0>,<function <lambda> at 0x7fa496287a90>,<function <lambda> at 0x7fa496287b30>
7680,2020-11-15 23:00:00,<function <lambda> at 0x7fa4962879f0>,<function <lambda> at 0x7fa496287a90>,<function <lambda> at 0x7fa496287b30>
7681,2020-11-16 00:00:00,<function <lambda> at 0x7fa4962879f0>,<function <lambda> at 0x7fa496287a90>,<function <lambda> at 0x7fa496287b30>
7682,2020-11-16 01:00:00,<function <lambda> at 0x7fa4962879f0>,<function <lambda> at 0x7fa496287a90>,<function <lambda> at 0x7fa496287b30>
7683,2020-11-16 02:00:00,<function <lambda> at 0x7fa4962879f0>,<function <lambda> at 0x7fa496287a90>,<function <lambda> at 0x7fa496287b30>
7684,2020-11-16 03:00:00,<function <lambda> at 0x7fa4962879f0>,<function <lambda> at 0x7fa496287a90>,<function <lambda> at 0x7fa496287b30>
7685,2020-11-16 04:00:00,<function <lambda> at 0x7fa4962879f0>,<function <lambda> at 0x7fa496287a90>,<function <lambda> at 0x7fa496287b30>
7686,2020-11-16 05:00:00,<function <lambda> at 0x7fa4962879f0>,<function <lambda> at 0x7fa496287a90>,<function <lambda> at 0x7fa496287b30>
7687,2020-11-16 06:00:00,<function <lambda> at 0x7fa4962879f0>,<function <lambda> at 0x7fa496287a90>,<function <lambda> at 0x7fa496287b30>
7688,2020-11-16 07:00:00,<function <lambda> at 0x7fa4962879f0>,<function <lambda> at 0x7fa496287a90>,<function <lambda> at 0x7fa496287b30>
7689,2020-11-16 08:00:00,<function <lambda> at 0x7fa4962879f0>,<function <lambda> at 0x7fa496287a90>,<function <lambda> at 0x7fa496287b30>
7690,2020-11-16 09:00:00,<function <lambda> at 0x7fa4962879f0>,<function <lambda> at 0x7fa496287a90>,<function <lambda> at 0x7fa496287b30>
7691,2020-11-16 10:00:00,<function <lambda> at 0x7fa4962879f0>,<function <lambda> at 0x7fa496287a90>,<function <lambda> at 0x7fa496287b30>
7692,2020-11-16 11:00:00,<function <lambda> at 0x7fa4962879f0>,<function <lambda> at 0x7fa496287a90>,<function <lambda> at 0x7fa496287b30>
7693,2020-11-16 12:00:00,<function <lambda> at 0x7fa4962879f0>,<function <lambda> at 0x7fa496287a90>,<function <lambda> at 0x7fa496287b30>
7694,2020-11-16 13:00:00,<function <lambda> at 0x7fa4962879f0>,<function <lambda> at 0x7fa496287a90>,<function <lambda> at 0x7fa496287b30>
7695,2020-11-16 14:00:00,<function <lambda> at 0x7fa4962879f0>,<function <lambda> at 0x7fa496287a90>,<function <lambda> at 0x7fa496287b30>
7696,2020-11-16 15:00:00,<function <lambda> at 0x7fa4962879f0>,<function <lambda> at 0x7fa496287a90>,<function <lambda> at 0x7fa496287b30>
7697,2020-11-16 16:00:00,<function <lambda> at 0x7fa4962879f0>,<function <lambda> at 0x7fa496287a90>,<function <lambda> at 0x7fa496287b30>
7698,2020-11-16 17:00:00,<function <lambda> at 0x7fa4962879f0>,<function <lambda> at 0x7fa496287a90>,<function <lambda> at 0x7fa496287b30>
7699,2020-11-16 18:00:00,<function <lambda> at 0x7fa4962879f0>,<function <lambda> at 0x7fa496287a90>,<function <lambda> at 0x7fa496287b30>
7700,2020-11-16 19:00:00,<function <lambda> at 0x7fa4962879f0>,<function <lambda> at 0x7fa496287a90>,<function <lambda> at 0x7fa496287b30>
7701,2020-11-16 20:00:00,<function <lambda> at 0x7fa4962879f0>,<function <lambda> at 0x7fa496287a90>,<function <lambda> at 0x7fa496287b30>
7702,2020-11-16 21:00:00,<function <lambda> at 0x7fa4962879f0>,<function <lambda> at 0x7fa496287a90>,<function <lambda> at 0x7fa496287b30>
7703,2020-11-16 22:00:00,<function <lambda> at 0x7fa4962879f0>,<function <lambda> at 0x7fa496287a90>,<function <lambda> at 0x7fa496287b30>
7704,2020-11-16 23:00:00,<function <lambda> at 0x7fa4962879f0>,<function <lambda> at 0x7fa496287a90>,<function <lambda> at 0x7fa496287b30>
7705,2020-11-17 00:00:00,<function <lambda> at 0x7fa4962879f0>,<function <lambda> at 0x7fa496287a90>,<function <lambda> at 0x7fa496287b30>
7706,2020-11-17 01:00:00,<function <lambda> at 0x7fa4962879f0>,<function <lambda> at 0x7fa496287a90>,<function <lambda> at 0x7fa496287b30>
7707,2020-11-17 02:00:00,<function <lambda> at 0x7fa4962879f0>,<function <lambda> at 0x7fa496287a90>,<function <lambda> at 0x7fa496287b30>
7708,2020-11-17 03:00:00,<function <lambda> at 0x7fa4962879f0>,<function <lambda> at 0x7fa496287a90>,<function <lambda> at 0x7fa496287b30>
7709,2020-11-17 04:00:00,<function <lambda> at 0x7fa4962879f0>,<function <lambda> at 0x7fa496287a90>,<function <lambda> at 0x7fa496287b30>
7710,2020-11-17 05:00:00,<function <lambda> at 0x7fa4962879f0>,<function <lambda> at 0x7fa496287a90>,<function <lambda> at 0x7fa496287b30>
7711,2020-11-17 06:00:00,<function <lambda> at 0x7fa4962879f0>,<function <lambda> at 0x7fa496287a90>,<function <lambda> at 0x7fa496287b30>
7712,2020-11-17 07:00:00,<function <lambda> at 0x7fa4962879f0>,<function <lambda> at 0x7fa496287a90>,<function <lambda> at 0x7fa496287b30>
7713,2020-11-17 08:00:00,<function <lambda> at 0x7fa4962879f0>,<function <lambda> at 0x7fa496287a90>,<function <lambda> at 0x7fa496287b30>
7714,2020-11-17 09:00:00,<function <lambda> at 0x7fa4962879f0>,<function <lambda> at 0x7fa496287a90>,<function <lambda> at 0x7fa496287b30>
7715,2020-11-17 10:00:00,<function <lambda> at 0x7fa4962879f0>,<function <lambda> at 0x7fa496287a90>,<function <lambda> at 0x7fa496287b30>
7716,2020-11-17 11:00:00,<function <lambda> at 0x7fa4962879f0>,<function <lambda> at 0x7fa496287a90>,<function <lambda> at 0x7fa496287b30>
7717,2020-11-17 12:00:00,<function <lambda> at 0x7fa4962879f0>,<function <lambda> at 0x7fa496287a90>,<function <lambda> at 0x7fa496287b30>
7718,2020-11-17 13:00:00,<function <lambda> at 0x7fa4962879f0>,<function <lambda> at 0x7fa496287a90>,<function <lambda> at 0x7fa496287b30>
7719,2020-11-17 14:00:00,<function <lambda> at 0x7fa4962879f0>,<function <lambda> at 0x7fa496287a90>,<function <lambda> at 0x7fa496287b30>
7720,2020-11-17 15:00:00,<function <lambda> at 0x7fa4962879f0>,<function <lambda> at 0x7fa496287a90>,<function <lambda> at 0x7fa496287b30>
7721,2020-11-17 16:00:00,<function <lambda> at 0x7fa4962879f0>,<function <lambda> at 0x7fa496287a90>,<function <lambda> at 0x7fa496287b30>
7722,2020-11-17 17:00:00,<function <lambda> at 0x7fa4962879f0>,<function <lambda> at 0x7fa496287a90>,<function <lambda> at 0x7fa496287b30>
7723,2020-11-17 18:00:00,<function <lambda> at 0x7fa4962879f0>,<function <lambda> at 0x7fa496287a90>,<function <lambda> at 0x7fa496287b30>
7724,2020-11-17 19:00:00,<function <lambda> at 0x7fa4962879f0>,<function <lambda> at 0x7fa496287a90>,<function <lambda> at 0x7fa496287b30>
7725,2020-11-17 20:00:00,<function <lambda> at 0x7fa4962879f0>,<function <lambda> at 0x7fa496287a90>,<function <lambda> at 0x7fa496287b30>
7726,2020-11-17 21:00:00,<function <lambda> at 0x7fa4962879f0>,<function <lambda> at 0x7fa496287a90>,<function <lambda> at 0x7fa496287b30>
7727,2020-11-17 22:00:00,<function <lambda> at 0x7fa4962879f0>,<function <lambda> at 0x7fa496287a90>,<function <lambda> at 0x7fa496287b30>
7728,2020-11-17 23:00:00,<function <lambda> at 0x7fa4962879f0>,<function <lambda> at 0x7fa496287a90>,<function <lambda> at 0x7fa496287b30>
7729,2020-11-18 00:00:00,<function <lambda> at 0x7fa4962879f0>,<function <lambda> at 0x7fa496287a90>,<function <lambda> at 0x7fa496287b30>
7730,2020-11-18 01:00:00,<function <lambda> at 0x7fa4962879f0>,<function <lambda> at 0x7fa496287a90>,<function <lambda> at 0x7fa496287b30>
7731,2020-11-18 02:00:00,<function <lambda> at 0x7fa4962879f0>,<function <lambda> at 0x7fa496287a90>,<function <lambda> at 0x7fa496287b30>
7732,2020-11-18 03:00:00,<function <lambda> at 0x7fa4962879f0>,<function <lambda> at 0x7fa496287a90>,<function <lambda> at 0x7fa496287b30>
7733,2020-11-18 04:00:00,<function <lambda> at 0x7fa4962879f0>,<function <lambda> at 0x7fa496287a90>,<function <lambda> at 0x7fa496287b30>
7734,2020-11-18 05:00:00,<function <lambda> at 0x7fa4962879f0>,<function <lambda> at 0x7fa496287a90>,<function <lambda> at 0x7fa496287b30>
7735,2020-11-18 06:00:00,<function <lambda> at 0x7fa4962879f0>,<function <lambda> at 0x7fa496287a90>,<function <lambda> at 0x7fa496287b30>
7736,2020-11-18 07:00:00,<function <lambda> at 0x7fa4962879f0>,<function <lambda> at 0x7fa496287a90>,<function <lambda> at 0x7fa496287b30>
7737,2020-11-18 08:00:00,<function <lambda> at 0x7fa4962879f0>,<function <lambda> at 0x7fa496287a90>,<function <lambda> at 0x7fa496287b30>
7738,2020-11-18 09:00:00,<function <lambda> at 0x7fa4962879f0>,<function <lambda> at 0x7fa496287a90>,<function <lambda> at 0x7fa496287b30>
7739,2020-11-18 10:00:00,<function <lambda> at 0x7fa4962879f0>,<function <lambda> at 0x7fa496287a90>,<function <lambda> at 0x7fa496287b30>
7740,2020-11-18 11:00:00,<function <lambda> at 0x7fa4962879f0>,<function <lambda> at 0x7fa496287a90>,<function <lambda> at 0x7fa496287b30>
7741,2020-11-18 12:00:00,<function <lambda> at 0x7fa4962879f0>,<function <lambda> at 0x7fa496287a90>,<function <lambda> at 0x7fa496287b30>
7742,2020-11-18 13:00:00,<function <lambda> at 0x7fa4962879f0>,<function <lambda> at 0x7fa496287a90>,<function <lambda> at 0x7fa496287b30>
7743,2020-11-18 14:00:00,<function <lambda> at 0x7fa4962879f0>,<function <lambda> at 0x7fa496287a90>,<function <lambda> at 0x7fa496287b30>
7744,2020-11-18 15:00:00,<function <lambda> at 0x7fa4962879f0>,<function <lambda> at 0x7fa496287a90>,<function <lambda> at 0x7fa496287b30>
7745,2020-11-18 16:00:00,<function <lambda> at 0x7fa4962879f0>,<function <lambda> at 0x7fa496287a90>,<function <lambda> at 0x7fa496287b30>
7746,2020-11-18 17:00:00,<function <lambda> at 0x7fa4962879f0>,<function <lambda> at 0x7fa496287a90>,<function <lambda> at 0x7fa496287b30>
7747,2020-11-18 18:00:00,<function <lambda> at 0x7fa4962879f0>,<function <lambda> at 0x7fa496287a90>,<function <lambda> at 0x7fa496287b30>
7748,2020-11-18 19:00:00,<function <lambda> at 0x7fa4962879f0>,<function <lambda> at 0x7fa496287a90>,<function <lambda> at 0x7fa496287b30>
7749,2020-11-18 20:00:00,<function <lambda> at 0x7fa4962879f0>,<function <lambda> at 0x7fa496287a90>,<function <lambda> at 0x7fa496287b30>
7750,2020-11-18 21:00:00,<function <lambda> at 0x7fa4962879f0>,<function <lambda> at 0x7fa496287a90>,<function <lambda> at 0x7fa496287b30>
7751,2020-11-18 22:00:00,<function <lambda> at 0x7fa4962879f0>,<function <lambda> at 0x7fa496287a90>,<function <lambda> at 0x7fa496287b30>
7752,2020-11-18 23:00:00,<function <lambda> at 0x7fa4962879f0>,<function <lambda> at 0x7fa496287a90>,<function <lambda> at 0x7fa496287b30>
7753,2020-11-19 00:00:00,<function <lambda> at 0x7fa4962879f0>,<function <lambda> at 0x7fa496287a90>,<function <lambda> at 0x7fa496287b30>
7754,2020-11-19 01:00:00,<function <lambda> at 0x7fa4962879f0>,<function <lambda> at 0x7fa496287a90>,<function <lambda> at 0x7fa496287b30>
7755,2020-11-19 02:00:00,<function <lambda> at 0x7fa4962879f0>,<function <lambda> at 0x7fa496287a90>,<function <lambda> at 0x7fa496287b30>
7756,2020-11-19 03:00:00,<function <lambda> at 0x7fa4962879f0>,<function <lambda> at 0x7fa496287a90>,<function <lambda> at 0x7fa496287b30>
7757,2020-11-19 04:00:00,<function <lambda> at 0x7fa4962879f0>,<function <lambda> at 0x7fa496287a90>,<function <lambda> at 0x7fa496287b30>
7758,2020-11-19 05:00:00,<function <lambda> at 0x7fa4962879f0>,<function <lambda> at 0x7fa496287a90>,<function <lambda> at 0x7fa496287b30>
7759,2020-11-19 06:00:00,<function <lambda> at 0x7fa4962879f0>,<function <lambda> at 0x7fa496287a90>,<function <lambda> at 0x7fa496287b30>
7760,2020-11-19 07:00:00,<function <lambda> at 0x7fa4962879f0>,<function <lambda> at 0x7fa496287a90>,<function <lambda> at 0x7fa496287b30>
7761,2020-11-19 08:00:00,<function <lambda> at 0x7fa4962879f0>,<function <lambda> at 0x7fa496287a90>,<function <lambda> at 0x7fa496287b30>
7762,2020-11-19 09:00:00,<function <lambda> at 0x7fa4962879f0>,<function <lambda> at 0x7fa496287a90>,<function <lambda> at 0x7fa496287b30>
7763,2020-11-19 10:00:00,<function <lambda> at 0x7fa4962879f0>,<function <lambda> at 0x7fa496287a90>,<function <lambda> at 0x7fa496287b30>
7764,2020-11-19 11:00:00,<function <lambda> at 0x7fa4962879f0>,<function <lambda> at 0x7fa496287a90>,<function <lambda> at 0x7fa496287b30>
7765,2020-11-19 12:00:00,<function <lambda> at 0x7fa4962879f0>,<function <lambda> at 0x7fa496287a90>,<function <lambda> at 0x7fa496287b30>
7766,2020-11-19 13:00:00,<function <lambda> at 0x7fa4962879f0>,<function <lambda> at 0x7fa496287a90>,<function <lambda> at 0x7fa496287b30>
7767,2020-11-19 14:00:00,<function <lambda> at 0x7fa4962879f0>,<function <lambda> at 0x7fa496287a90>,<function <lambda> at 0x7fa496287b30>
7768,2020-11-19 15:00:00,<function <lambda> at 0x7fa4962879f0>,<function <lambda> at 0x7fa496287a90>,<function <lambda> at 0x7fa496287b30>
7769,2020-11-19 16:00:00,<function <lambda> at 0x7fa4962879f0>,<function <lambda> at 0x7fa496287a90>,<function <lambda> at 0x7fa496287b30>
7770,2020-11-19 17:00:00,<function <lambda> at 0x7fa4962879f0>,<function <lambda> at 0x7fa496287a90>,<function <lambda> at 0x7fa496287b30>
7771,2020-11-19 18:00:00,<function <lambda> at 0x7fa4962879f0>,<function <lambda> at 0x7fa496287a90>,<function <lambda> at 0x7fa496287b30>
7772,2020-11-19 19:00:00,<function <lambda> at 0x7fa4962879f0>,<function <lambda> at 0x7fa496287a90>,<function <lambda> at 0x7fa496287b30>
7773,2020-11-19 20:00:00,<function <lambda> at 0x7fa4962879f0>,<function <lambda> at 0x7fa496287a90>,<function <lambda> at 0x7fa496287b30>
7774,2020-11-19 21:00:00,<function <lambda> at 0x7fa4962879f0>,<function <lambda> at 0x7fa496287a90>,<function <lambda> at 0x7fa496287b30>
7775,2020-11-19 22:00:00,<function <lambda> at 0x7fa4962879f0>,<function <lambda> at 0x7fa496287a90>,<function <lambda> at 0x7fa496287b30>
7776,2020-11-19 23:00:00,<function <lambda> at 0x7fa4962879f0>,<function <lambda> at 0x7fa496287a90>,<function <lambda> at 0x7fa496287b30>
7777,2020-11-20 00:00:00,<function <lambda> at 0x7fa4962879f0>,<function <lambda> at 0x7fa496287a90>,<function <lambda> at 0x7fa496287b30>
7778,2020-11-20 01:00:00,<function <lambda> at 0x7fa4962879f0>,<function <lambda> at 0x7fa496287a90>,<function <lambda> at 0x7fa496287b30>
7779,2020-11-20 02:00:00,<function <lambda> at 0x7fa4962879f0>,<function <lambda> at 0x7fa496287a90>,<function <lambda> at 0x7fa496287b30>
7780,2020-11-20 03:00:00,<function <lambda> at 0x7fa4962879f0>,<function <lambda> at 0x7fa496287a90>,<function <lambda> at 0x7fa496287b30>
7781,2020-11-20 04:00:00,<function <lambda> at 0x7fa4962879f0>,<function <lambda> at 0x7fa496287a90>,<function <lambda> at 0x7fa496287b30>
7782,2020-11-20 05:00:00,<function <lambda> at 0x7fa4962879f0>,<function <lambda> at 0x7fa496287a90>,<function <lambda> at 0x7fa496287b30>
7783,2020-11-20 06:00:00,<function <lambda> at 0x7fa4962879f0>,<function <lambda> at 0x7fa496287a90>,<function <lambda> at 0x7fa496287b30>
7784,2020-11-20 07:00:00,<function <lambda> at 0x7fa4962879f0>,<function <lambda> at 0x7fa496287a90>,<function <lambda> at 0x7fa496287b30>
7785,2020-11-20 08:00:00,<function <lambda> at 0x7fa4962879f0>,<function <lambda> at 0x7fa496287a90>,<function <lambda> at 0x7fa496287b30>
7786,2020-11-20 09:00:00,<function <lambda> at 0x7fa4962879f0>,<function <lambda> at 0x7fa496287a90>,<function <lambda> at 0x7fa496287b30>
7787,2020-11-20 10:00:00,<function <lambda> at 0x7fa4962879f0>,<function <lambda> at 0x7fa496287a90>,<function <lambda> at 0x7fa496287b30>
7788,2020-11-20 11:00:00,<function <lambda> at 0x7fa4962879f0>,<function <lambda> at 0x7fa496287a90>,<function <lambda> at 0x7fa496287b30>
7789,2020-11-20 12:00:00,<function <lambda> at 0x7fa4962879f0>,<function <lambda> at 0x7fa496287a90>,<function <lambda> at 0x7fa496287b30>
7790,2020-11-20 13:00:00,<function <lambda> at 0x7fa4962879f0>,<function <lambda> at 0x7fa496287a90>,<function <lambda> at 0x7fa496287b30>
7791,2020-11-20 14:00:00,<function <lambda> at 0x7fa4962879f0>,<function <lambda> at 0x7fa496287a90>,<function <lambda> at 0x7fa496287b30>
7792,2020-11-20 15:00:00,<function <lambda> at 0x7fa4962879f0>,<function <lambda> at 0x7fa496287a90>,<function <lambda> at 0x7fa496287b30>
7793,2020-11-20 16:00:00,<function <lambda> at 0x7fa4962879f0>,<function <lambda> at 0x7fa496287a90>,<function <lambda> at 0x7fa496287b30>
7794,2020-11-20 17:00:00,<function <lambda> at 0x7fa4962879f0>,<function <lambda> at 0x7fa496287a90>,<function <lambda> at 0x7fa496287b30>
7795,2020-11-20 18:00:00,<function <lambda> at 0x7fa4962879f0>,<function <lambda> at 0x7fa496287a90>,<function <lambda> at 0x7fa496287b30>
7796,2020-11-20 19:00:00,<function <lambda> at 0x7fa4962879f0>,<function <lambda> at 0x7fa496287a90>,<function <lambda> at 0x7fa496287b30>
7797,2020-11-20 20:00:00,<function <lambda> at 0x7fa4962879f0>,<function <lambda> at 0x7fa496287a90>,<function <lambda> at 0x7fa496287b30>
7798,2020-11-20 21:00:00,<function <lambda> at 0x7fa4962879f0>,<function <lambda> at 0x7fa496287a90>,<function <lambda> at 0x7fa496287b30>
7799,2020-11-20 22:00:00,<function <lambda> at 0x7fa4962879f0>,<function <lambda> at 0x7fa496287a90>,<function <lambda> at 0x7fa496287b30>
7800,2020-11-20 23:00:00,<function <lambda> at 0x7fa4962879f0>,<function <lambda> at 0x7fa496287a90>,<function <lambda> at 0x7fa496287b30>
7801,2020-11-21 00:00:00,<function <lambda> at 0x7fa4962879f0>,<function <lambda> at 0x7fa496287a90>,<function <lambda> at 0x7fa496287b30>
7802,2020-11-21 01:00:00,<function <lambda> at 0x7fa4962879f0>,<function <lambda> at 0x7fa496287a90>,<function <lambda> at 0x7fa496287b30>
7803,2020-11-21 02:00:00,<function <lambda> at 0x7fa4962879f0>,<function <lambda> at 0x7fa496287a90>,<function <lambda> at 0x7fa496287b30>
7804,2020-11-21 03:00:00,<function <lambda> at 0x7fa4962879f0>,<function <lambda> at 0x7fa496287a90>,<function <lambda> at 0x7fa496287b30>
7805,2020-11-21 04:00:00,<function <lambda> at 0x7fa4962879f0>,<function <lambda> at 0x7fa496287a90>,<function <lambda> at 0x7fa496287b30>
7806,2020-11-21 05:00:00,<function <lambda> at 0x7fa4962879f0>,<function <lambda> at 0x7fa496287a90>,<function <lambda> at 0x7fa496287b30>
7807,2020-11-21 06:00:00,<function <lambda> at 0x7fa4962879f0>,<function <lambda> at 0x7fa496287a90>,<function <lambda> at 0x7fa496287b30>
7808,2020-11-21 07:00:00,<function <lambda> at 0x7fa4962879f0>,<function <lambda> at 0x7fa496287a90>,<function <lambda> at 0x7fa496287b30>
7809,2020-11-21 08:00:00,<function <lambda> at 0x7fa4962879f0>,<function <lambda> at 0x7fa496287a90>,<function <lambda> at 0x7fa496287b30>
7810,2020-11-21 09:00:00,<function <lambda> at 0x7fa4962879f0>,<function <lambda> at 0x7fa496287a90>,<function <lambda> at 0x7fa496287b30>
7811,2020-11-21 10:00:00,<function <lambda> at 0x7fa4962879f0>,<function <lambda> at 0x7fa496287a90>,<function <lambda> at 0x7fa496287b30>
7812,2020-11-21 11:00:00,<function <lambda> at 0x7fa4962879f0>,<function <lambda> at 0x7fa496287a90>,<function <lambda> at 0x7fa496287b30>
7813,2020-11-21 12:00:00,<function <lambda> at 0x7fa4962879f0>,<function <lambda> at 0x7fa496287a90>,<function <lambda> at 0x7fa496287b30>
7814,2020-11-21 13:00:00,<function <lambda> at 0x7fa4962879f0>,<function <lambda> at 0x7fa496287a90>,<function <lambda> at 0x7fa496287b30>
7815,2020-11-21 14:00:00,<function <lambda> at 0x7fa4962879f0>,<function <lambda> at 0x7fa496287a90>,<function <lambda> at 0x7fa496287b30>
7816,2020-11-21 15:00:00,<function <lambda> at 0x7fa4962879f0>,<function <lambda> at 0x7fa496287a90>,<function <lambda> at 0x7fa496287b30>
7817,2020-11-21 16:00:00,<function <lambda> at 0x7fa4962879f0>,<function <lambda> at 0x7fa496287a90>,<function <lambda> at 0x7fa496287b30>
7818,2020-11-21 17:00:00,<function <lambda> at 0x7fa4962879f0>,<function <lambda> at 0x7fa496287a90>,<function <lambda> at 0x7fa496287b30>
7819,2020-11-21 18:00:00,<function <lambda> at 0x7fa4962879f0>,<function <lambda> at 0x7fa496287a90>,<function <lambda> at 0x7fa496287b30>
7820,2020-11-21 19:00:00,<function <lambda> at 0x7fa4962879f0>,<function <lambda> at 0x7fa496287a90>,<function <lambda> at 0x7fa496287b30>
7821,2020-11-21 20:00:00,<function <lambda> at 0x7fa4962879f0>,<function <lambda> at 0x7fa496287a90>,<function <lambda> at 0x7fa496287b30>
7822,2020-11-21 21:00:00,<function <lambda> at 0x7fa4962879f0>,<function <lambda> at 0x7fa496287a90>,<function <lambda> at 0x7fa496287b30>
7823,2020-11-21 22:00:00,<function <lambda> at 0x7fa4962879f0>,<function <lambda> at 0x7fa496287a90>,<function <lambda> at 0x7fa496287b30>
7824,2020-11-21 23:00:00,<function <lambda> at 0x7fa4962879f0>,<function <lambda> at 0x7fa496287a90>,<function <lambda> at 0x7fa496287b30>
7825,2020-11-22 00:00:00,<function <lambda> at 0x7fa4962879f0>,<function <lambda> at 0x7fa496287a90>,<function <lambda> at 0x7fa496287b30>
7826,2020-11-22 01:00:00,<function <lambda> at 0x7fa4962879f0>,<function <lambda> at 0x7fa496287a90>,<function <lambda> at 0x7fa496287b30>
7827,2020-11-22 02:00:00,<function <lambda> at 0x7fa4962879f0>,<function <lambda> at 0x7fa496287a90>,<function <lambda> at 0x7fa496287b30>
7828,2020-11-22 03:00:00,<function <lambda> at 0x7fa4962879f0>,<function <lambda> at 0x7fa496287a90>,<function <lambda> at 0x7fa496287b30>
7829,2020-11-22 04:00:00,<function <lambda> at 0x7fa4962879f0>,<function <lambda> at 0x7fa496287a90>,<function <lambda> at 0x7fa496287b30>
7830,2020-11-22 05:00:00,<function <lambda> at 0x7fa4962879f0>,<function <lambda> at 0x7fa496287a90>,<function <lambda> at 0x7fa496287b30>
7831,2020-11-22 06:00:00,<function <lambda> at 0x7fa4962879f0>,<function <lambda> at 0x7fa496287a90>,<function <lambda> at 0x7fa496287b30>
7832,2020-11-22 07:00:00,<function <lambda> at 0x7fa4962879f0>,<function <lambda> at 0x7fa496287a90>,<function <lambda> at 0x7fa496287b30>
7833,2020-11-22 08:00:00,<function <lambda> at 0x7fa4962879f0>,<function <lambda> at 0x7fa496287a90>,<function <lambda> at 0x7fa496287b30>
7834,2020-11-22 09:00:00,<function <lambda> at 0x7fa4962879f0>,<function <lambda> at 0x7fa496287a90>,<function <lambda> at 0x7fa496287b30>
7835,2020-11-22 10:00:00,<function <lambda> at 0x7fa4962879f0>,<function <lambda> at 0x7fa496287a90>,<function <lambda> at 0x7fa496287b30>
7836,2020-11-22 11:00:00,<function <lambda> at 0x7fa4962879f0>,<function <lambda> at 0x7fa496287a90>,<function <lambda> at 0x7fa496287b30>
7837,2020-11-22 12:00:00,<function <lambda> at 0x7fa4962879f0>,<function <lambda> at 0x7fa496287a90>,<function <lambda> at 0x7fa496287b30>
7838,2020-11-22 13:00:00,<function <lambda> at 0x7fa4962879f0>,<function <lambda> at 0x7fa496287a90>,<function <lambda> at 0x7fa496287b30>
7839,2020-11-22 14:00:00,<function <lambda> at 0x7fa4962879f0>,<function <lambda> at 0x7fa496287a90>,<function <lambda> at 0x7fa496287b30>
7840,2020-11-22 15:00:00,<function <lambda> at 0x7fa4962879f0>,<function <lambda> at 0x7fa496287a90>,<function <lambda> at 0x7fa496287b30>
7841,2020-11-22 16:00:00,<function <lambda> at 0x7fa4962879f0>,<function <lambda> at 0x7fa496287a90>,<function <lambda> at 0x7fa496287b30>
7842,2020-11-22 17:00:00,<function <lambda> at 0x7fa4962879f0>,<function <lambda> at 0x7fa496287a90>,<function <lambda> at 0x7fa496287b30>
7843,2020-11-22 18:00:00,<function <lambda> at 0x7fa4962879f0>,<function <lambda> at 0x7fa496287a90>,<function <lambda> at 0x7fa496287b30>
7844,2020-11-22 19:00:00,<function <lambda> at 0x7fa4962879f0>,<function <lambda> at 0x7fa496287a90>,<function <lambda> at 0x7fa496287b30>
7845,2020-11-22 20:00:00,<function <lambda> at 0x7fa4962879f0>,<function <lambda> at 0x7fa496287a90>,<function <lambda> at 0x7fa496287b30>
7846,2020-11-22 21:00:00,<function <lambda> at 0x7fa4962879f0>,<function <lambda> at 0x7fa496287a90>,<function <lambda> at 0x7fa496287b30>
7847,2020-11-22 22:00:00,<function <lambda> at 0x7fa4962879f0>,<function <lambda> at 0x7fa496287a90>,<function <lambda> at 0x7fa496287b30>
7848,2020-11-22 23:00:00,<function <lambda> at 0x7fa4962879f0>,<function <lambda> at 0x7fa496287a90>,<function <lambda> at 0x7fa496287b30>
7849,2020-11-23 00:00:00,<function <lambda> at 0x7fa4962879f0>,<function <lambda> at 0x7fa496287a90>,<function <lambda> at 0x7fa496287b30>
7850,2020-11-23 01:00:00,<function <lambda> at 0x7fa4962879f0>,<function <lambda> at 0x7fa496287a90>,<function <lambda> at 0x7fa496287b30>
7851,2020-11-23 02:00:00,<function <lambda> at 0x7fa4962879f0>,<function <lambda> at 0x7fa496287a90>,<function <lambda> at 0x7fa496287b30>
7852,2020-11-23 03:00:00,<function <lambda> at 0x7fa4962879f0>,<function <lambda> at 0x7fa496287a90>,<function <lambda> at 0x7fa496287b30>
7853,2020-11-23 04:00:00,<function <lambda> at 0x7fa4962879f0>,<function <lambda> at 0x7fa496287a90>,<function <lambda> at 0x7fa496287b30>
7854,2020-11-23 05:00:00,<function <lambda> at 0x7fa4962879f0>,<function <lambda> at 0x7fa496287a90>,<function <lambda> at 0x7fa496287b30>
7855,2020-11-23 06:00:00,<function <lambda> at 0x7fa4962879f0>,<function <lambda> at 0x7fa496287a90>,<function <lambda> at 0x7fa496287b30>
7856,2020-11-23 07:00:00,<function <lambda> at 0x7fa4962879f0>,<function <lambda> at 0x7fa496287a90>,<function <lambda> at 0x7fa496287b30>
7857,2020-11-23 08:00:00,<function <lambda> at 0x7fa4962879f0>,<function <lambda> at 0x7fa496287a90>,<function <lambda> at 0x7fa496287b30>
7858,2020-11-23 09:00:00,<function <lambda> at 0x7fa4962879f0>,<function <lambda> at 0x7fa496287a90>,<function <lambda> at 0x7fa496287b30>
7859,2020-11-23 10:00:00,<function <lambda> at 0x7fa4962879f0>,<function <lambda> at 0x7fa496287a90>,<function <lambda> at 0x7fa496287b30>
7860,2020-11-23 11:00:00,<function <lambda> at 0x7fa4962879f0>,<function <lambda> at 0x7fa496287a90>,<function <lambda> at 0x7fa496287b30>
7861,2020-11-23 12:00:00,<function <lambda> at 0x7fa4962879f0>,<function <lambda> at 0x7fa496287a90>,<function <lambda> at 0x7fa496287b30>
7862,2020-11-23 13:00:00,<function <lambda> at 0x7fa4962879f0>,<function <lambda> at 0x7fa496287a90>,<function <lambda> at 0x7fa496287b30>
7863,2020-11-23 14:00:00,<function <lambda> at 0x7fa4962879f0>,<function <lambda> at 0x7fa496287a90>,<function <lambda> at 0x7fa496287b30>
7864,2020-11-23 15:00:00,<function <lambda> at 0x7fa4962879f0>,<function <lambda> at 0x7fa496287a90>,<function <lambda> at 0x7fa496287b30>
7865,2020-11-23 16:00:00,<function <lambda> at 0x7fa4962879f0>,<function <lambda> at 0x7fa496287a90>,<function <lambda> at 0x7fa496287b30>
7866,2020-11-23 17:00:00,<function <lambda> at 0x7fa4962879f0>,<function <lambda> at 0x7fa496287a90>,<function <lambda> at 0x7fa496287b30>
7867,2020-11-23 18:00:00,<function <lambda> at 0x7fa4962879f0>,<function <lambda> at 0x7fa496287a90>,<function <lambda> at 0x7fa496287b30>
7868,2020-11-23 19:00:00,<function <lambda> at 0x7fa4962879f0>,<function <lambda> at 0x7fa496287a90>,<function <lambda> at 0x7fa496287b30>
7869,2020-11-23 20:00:00,<function <lambda> at 0x7fa4962879f0>,<function <lambda> at 0x7fa496287a90>,<function <lambda> at 0x7fa496287b30>
7870,2020-11-23 21:00:00,<function <lambda> at 0x7fa4962879f0>,<function <lambda> at 0x7fa496287a90>,<function <lambda> at 0x7fa496287b30>
7871,2020-11-23 22:00:00,<function <lambda> at 0x7fa4962879f0>,<function <lambda> at 0x7fa496287a90>,<function <lambda> at 0x7fa496287b30>
7872,2020-11-23 23:00:00,<function <lambda> at 0x7fa4962879f0>,<function <lambda> at 0x7fa496287a90>,<function <lambda> at 0x7fa496287b30>
7873,2020-11-24 00:00:00,<function <lambda> at 0x7fa4962879f0>,<function <lambda> at 0x7fa496287a90>,<function <lambda> at 0x7fa496287b30>
7874,2020-11-24 01:00:00,<function <lambda> at 0x7fa4962879f0>,<function <lambda> at 0x7fa496287a90>,<function <lambda> at 0x7fa496287b30>
7875,2020-11-24 02:00:00,<function <lambda> at 0x7fa4962879f0>,<function <lambda> at 0x7fa496287a90>,<function <lambda> at 0x7fa496287b30>
7876,2020-11-24 03:00:00,<function <lambda> at 0x7fa4962879f0>,<function <lambda> at 0x7fa496287a90>,<function <lambda> at 0x7fa496287b30>
7877,2020-11-24 04:00:00,<function <lambda> at 0x7fa4962879f0>,<function <lambda> at 0x7fa496287a90>,<function <lambda> at 0x7fa496287b30>
7878,2020-11-24 05:00:00,<function <lambda> at 0x7fa4962879f0>,<function <lambda> at 0x7fa496287a90>,<function <lambda> at 0x7fa496287b30>
7879,2020-11-24 06:00:00,<function <lambda> at 0x7fa4962879f0>,<function <lambda> at 0x7fa496287a90>,<function <lambda> at 0x7fa496287b30>
7880,2020-11-24 07:00:00,<function <lambda> at 0x7fa4962879f0>,<function <lambda> at 0x7fa496287a90>,<function <lambda> at 0x7fa496287b30>
7881,2020-11-24 08:00:00,<function <lambda> at 0x7fa4962879f0>,<function <lambda> at 0x7fa496287a90>,<function <lambda> at 0x7fa496287b30>
7882,2020-11-24 09:00:00,<function <lambda> at 0x7fa4962879f0>,<function <lambda> at 0x7fa496287a90>,<function <lambda> at 0x7fa496287b30>
7883,2020-11-24 10:00:00,<function <lambda> at 0x7fa4962879f0>,<function <lambda> at 0x7fa496287a90>,<function <lambda> at 0x7fa496287b30>
7884,2020-11-24 11:00:00,<function <lambda> at 0x7fa4962879f0>,<function <lambda> at 0x7fa496287a90>,<function <lambda> at 0x7fa496287b30>
7885,2020-11-24 12:00:00,<function <lambda> at 0x7fa4962879f0>,<function <lambda> at 0x7fa496287a90>,<function <lambda> at 0x7fa496287b30>
7886,2020-11-24 13:00:00,<function <lambda> at 0x7fa4962879f0>,<function <lambda> at 0x7fa496287a90>,<function <lambda> at 0x7fa496287b30>
7887,2020-11-24 14:00:00,<function <lambda> at 0x7fa4962879f0>,<function <lambda> at 0x7fa496287a90>,<function <lambda> at 0x7fa496287b30>
7888,2020-11-24 15:00:00,<function <lambda> at 0x7fa4962879f0>,<function <lambda> at 0x7fa496287a90>,<function <lambda> at 0x7fa496287b30>
7889,2020-11-24 16:00:00,<function <lambda> at 0x7fa4962879f0>,<function <lambda> at 0x7fa496287a90>,<function <lambda> at 0x7fa496287b30>
7890,2020-11-24 17:00:00,<function <lambda> at 0x7fa4962879f0>,<function <lambda> at 0x7fa496287a90>,<function <lambda> at 0x7fa496287b30>
7891,2020-11-24 18:00:00,<function <lambda> at 0x7fa4962879f0>,<function <lambda> at 0x7fa496287a90>,<function <lambda> at 0x7fa496287b30>
7892,2020-11-24 19:00:00,<function <lambda> at 0x7fa4962879f0>,<function <lambda> at 0x7fa496287a90>,<function <lambda> at 0x7fa496287b30>
7893,2020-11-24 20:00:00,<function <lambda> at 0x7fa4962879f0>,<function <lambda> at 0x7fa496287a90>,<function <lambda> at 0x7fa496287b30>
7894,2020-11-24 21:00:00,<function <lambda> at 0x7fa4962879f0>,<function <lambda> at 0x7fa496287a90>,<function <lambda> at 0x7fa496287b30>
7895,2020-11-24 22:00:00,<function <lambda> at 0x7fa4962879f0>,<function <lambda> at 0x7fa496287a90>,<function <lambda> at 0x7fa496287b30>
7896,2020-11-24 23:00:00,<function <lambda> at 0x7fa4962879f0>,<function <lambda> at 0x7fa496287a90>,<function <lambda> at 0x7fa496287b30>
7897,2020-11-25 00:00:00,<function <lambda> at 0x7fa4962879f0>,<function <lambda> at 0x7fa496287a90>,<function <lambda> at 0x7fa496287b30>
7898,2020-11-25 01:00:00,<function <lambda> at 0x7fa4962879f0>,<function <lambda> at 0x7fa496287a90>,<function <lambda> at 0x7fa496287b30>
7899,2020-11-25 02:00:00,<function <lambda> at 0x7fa4962879f0>,<function <lambda> at 0x7fa496287a90>,<function <lambda> at 0x7fa496287b30>
7900,2020-11-25 03:00:00,<function <lambda> at 0x7fa4962879f0>,<function <lambda> at 0x7fa496287a90>,<function <lambda> at 0x7fa496287b30>
7901,2020-11-25 04:00:00,<function <lambda> at 0x7fa4962879f0>,<function <lambda> at 0x7fa496287a90>,<function <lambda> at 0x7fa496287b30>
7902,2020-11-25 05:00:00,<function <lambda> at 0x7fa4962879f0>,<function <lambda> at 0x7fa496287a90>,<function <lambda> at 0x7fa496287b30>
7903,2020-11-25 06:00:00,<function <lambda> at 0x7fa4962879f0>,<function <lambda> at 0x7fa496287a90>,<function <lambda> at 0x7fa496287b30>
7904,2020-11-25 07:00:00,<function <lambda> at 0x7fa4962879f0>,<function <lambda> at 0x7fa496287a90>,<function <lambda> at 0x7fa496287b30>
7905,2020-11-25 08:00:00,<function <lambda> at 0x7fa4962879f0>,<function <lambda> at 0x7fa496287a90>,<function <lambda> at 0x7fa496287b30>
7906,2020-11-25 09:00:00,<function <lambda> at 0x7fa4962879f0>,<function <lambda> at 0x7fa496287a90>,<function <lambda> at 0x7fa496287b30>
7907,2020-11-25 10:00:00,<function <lambda> at 0x7fa4962879f0>,<function <lambda> at 0x7fa496287a90>,<function <lambda> at 0x7fa496287b30>
7908,2020-11-25 11:00:00,<function <lambda> at 0x7fa4962879f0>,<function <lambda> at 0x7fa496287a90>,<function <lambda> at 0x7fa496287b30>
7909,2020-11-25 12:00:00,<function <lambda> at 0x7fa4962879f0>,<function <lambda> at 0x7fa496287a90>,<function <lambda> at 0x7fa496287b30>
7910,2020-11-25 13:00:00,<function <lambda> at 0x7fa4962879f0>,<function <lambda> at 0x7fa496287a90>,<function <lambda> at 0x7fa496287b30>
7911,2020-11-25 14:00:00,<function <lambda> at 0x7fa4962879f0>,<function <lambda> at 0x7fa496287a90>,<function <lambda> at 0x7fa496287b30>
7912,2020-11-25 15:00:00,<function <lambda> at 0x7fa4962879f0>,<function <lambda> at 0x7fa496287a90>,<function <lambda> at 0x7fa496287b30>
7913,2020-11-25 16:00:00,<function <lambda> at 0x7fa4962879f0>,<function <lambda> at 0x7fa496287a90>,<function <lambda> at 0x7fa496287b30>
7914,2020-11-25 17:00:00,<function <lambda> at 0x7fa4962879f0>,<function <lambda> at 0x7fa496287a90>,<function <lambda> at 0x7fa496287b30>
7915,2020-11-25 18:00:00,<function <lambda> at 0x7fa4962879f0>,<function <lambda> at 0x7fa496287a90>,<function <lambda> at 0x7fa496287b30>
7916,2020-11-25 19:00:00,<function <lambda> at 0x7fa4962879f0>,<function <lambda> at 0x7fa496287a90>,<function <lambda> at 0x7fa496287b30>
7917,2020-11-25 20:00:00,<function <lambda> at 0x7fa4962879f0>,<function <lambda> at 0x7fa496287a90>,<function <lambda> at 0x7fa496287b30>
7918,2020-11-25 21:00:00,<function <lambda> at 0x7fa4962879f0>,<function <lambda> at 0x7fa496287a90>,<function <lambda> at 0x7fa496287b30>
7919,2020-11-25 22:00:00,<function <lambda> at 0x7fa4962879f0>,<function <lambda> at 0x7fa496287a90>,<function <lambda> at 0x7fa496287b30>
7920,2020-11-25 23:00:00,<function <lambda> at 0x7fa4962879f0>,<function <lambda> at 0x7fa496287a90>,<function <lambda> at 0x7fa496287b30>
7921,2020-11-26 00:00:00,<function <lambda> at 0x7fa4962879f0>,<function <lambda> at 0x7fa496287a90>,<function <lambda> at 0x7fa496287b30>
7922,2020-11-26 01:00:00,<function <lambda> at 0x7fa4962879f0>,<function <lambda> at 0x7fa496287a90>,<function <lambda> at 0x7fa496287b30>
7923,2020-11-26 02:00:00,<function <lambda> at 0x7fa4962879f0>,<function <lambda> at 0x7fa496287a90>,<function <lambda> at 0x7fa496287b30>
7924,2020-11-26 03:00:00,<function <lambda> at 0x7fa4962879f0>,<function <lambda> at 0x7fa496287a90>,<function <lambda> at 0x7fa496287b30>
7925,2020-11-26 04:00:00,<function <lambda> at 0x7fa4962879f0>,<function <lambda> at 0x7fa496287a90>,<function <lambda> at 0x7fa496287b30>
7926,2020-11-26 05:00:00,<function <lambda> at 0x7fa4962879f0>,<function <lambda> at 0x7fa496287a90>,<function <lambda> at 0x7fa496287b30>
7927,2020-11-26 06:00:00,<function <lambda> at 0x7fa4962879f0>,<function <lambda> at 0x7fa496287a90>,<function <lambda> at 0x7fa496287b30>
7928,2020-11-26 07:00:00,<function <lambda> at 0x7fa4962879f0>,<function <lambda> at 0x7fa496287a90>,<function <lambda> at 0x7fa496287b30>
7929,2020-11-26 08:00:00,<function <lambda> at 0x7fa4962879f0>,<function <lambda> at 0x7fa496287a90>,<function <lambda> at 0x7fa496287b30>
7930,2020-11-26 09:00:00,<function <lambda> at 0x7fa4962879f0>,<function <lambda> at 0x7fa496287a90>,<function <lambda> at 0x7fa496287b30>
7931,2020-11-26 10:00:00,<function <lambda> at 0x7fa4962879f0>,<function <lambda> at 0x7fa496287a90>,<function <lambda> at 0x7fa496287b30>
7932,2020-11-26 11:00:00,<function <lambda> at 0x7fa4962879f0>,<function <lambda> at 0x7fa496287a90>,<function <lambda> at 0x7fa496287b30>
7933,2020-11-26 12:00:00,<function <lambda> at 0x7fa4962879f0>,<function <lambda> at 0x7fa496287a90>,<function <lambda> at 0x7fa496287b30>
7934,2020-11-26 13:00:00,<function <lambda> at 0x7fa4962879f0>,<function <lambda> at 0x7fa496287a90>,<function <lambda> at 0x7fa496287b30>
7935,2020-11-26 14:00:00,<function <lambda> at 0x7fa4962879f0>,<function <lambda> at 0x7fa496287a90>,<function <lambda> at 0x7fa496287b30>
7936,2020-11-26 15:00:00,<function <lambda> at 0x7fa4962879f0>,<function <lambda> at 0x7fa496287a90>,<function <lambda> at 0x7fa496287b30>
7937,2020-11-26 16:00:00,<function <lambda> at 0x7fa4962879f0>,<function <lambda> at 0x7fa496287a90>,<function <lambda> at 0x7fa496287b30>
7938,2020-11-26 17:00:00,<function <lambda> at 0x7fa4962879f0>,<function <lambda> at 0x7fa496287a90>,<function <lambda> at 0x7fa496287b30>
7939,2020-11-26 18:00:00,<function <lambda> at 0x7fa4962879f0>,<function <lambda> at 0x7fa496287a90>,<function <lambda> at 0x7fa496287b30>
7940,2020-11-26 19:00:00,<function <lambda> at 0x7fa4962879f0>,<function <lambda> at 0x7fa496287a90>,<function <lambda> at 0x7fa496287b30>
7941,2020-11-26 20:00:00,<function <lambda> at 0x7fa4962879f0>,<function <lambda> at 0x7fa496287a90>,<function <lambda> at 0x7fa496287b30>
7942,2020-11-26 21:00:00,<function <lambda> at 0x7fa4962879f0>,<function <lambda> at 0x7fa496287a90>,<function <lambda> at 0x7fa496287b30>
7943,2020-11-26 22:00:00,<function <lambda> at 0x7fa4962879f0>,<function <lambda> at 0x7fa496287a90>,<function <lambda> at 0x7fa496287b30>
7944,2020-11-26 23:00:00,<function <lambda> at 0x7fa4962879f0>,<function <lambda> at 0x7fa496287a90>,<function <lambda> at 0x7fa496287b30>
7945,2020-11-27 00:00:00,<function <lambda> at 0x7fa4962879f0>,<function <lambda> at 0x7fa496287a90>,<function <lambda> at 0x7fa496287b30>
7946,2020-11-27 01:00:00,<function <lambda> at 0x7fa4962879f0>,<function <lambda> at 0x7fa496287a90>,<function <lambda> at 0x7fa496287b30>
7947,2020-11-27 02:00:00,<function <lambda> at 0x7fa4962879f0>,<function <lambda> at 0x7fa496287a90>,<function <lambda> at 0x7fa496287b30>
7948,2020-11-27 03:00:00,<function <lambda> at 0x7fa4962879f0>,<function <lambda> at 0x7fa496287a90>,<function <lambda> at 0x7fa496287b30>
7949,2020-11-27 04:00:00,<function <lambda> at 0x7fa4962879f0>,<function <lambda> at 0x7fa496287a90>,<function <lambda> at 0x7fa496287b30>
7950,2020-11-27 05:00:00,<function <lambda> at 0x7fa4962879f0>,<function <lambda> at 0x7fa496287a90>,<function <lambda> at 0x7fa496287b30>
7951,2020-11-27 06:00:00,<function <lambda> at 0x7fa4962879f0>,<function <lambda> at 0x7fa496287a90>,<function <lambda> at 0x7fa496287b30>
7952,2020-11-27 07:00:00,<function <lambda> at 0x7fa4962879f0>,<function <lambda> at 0x7fa496287a90>,<function <lambda> at 0x7fa496287b30>
7953,2020-11-27 08:00:00,<function <lambda> at 0x7fa4962879f0>,<function <lambda> at 0x7fa496287a90>,<function <lambda> at 0x7fa496287b30>
7954,2020-11-27 09:00:00,<function <lambda> at 0x7fa4962879f0>,<function <lambda> at 0x7fa496287a90>,<function <lambda> at 0x7fa496287b30>
7955,2020-11-27 10:00:00,<function <lambda> at 0x7fa4962879f0>,<function <lambda> at 0x7fa496287a90>,<function <lambda> at 0x7fa496287b30>
7956,2020-11-27 11:00:00,<function <lambda> at 0x7fa4962879f0>,<function <lambda> at 0x7fa496287a90>,<function <lambda> at 0x7fa496287b30>
7957,2020-11-27 12:00:00,<function <lambda> at 0x7fa4962879f0>,<function <lambda> at 0x7fa496287a90>,<function <lambda> at 0x7fa496287b30>
7958,2020-11-27 13:00:00,<function <lambda> at 0x7fa4962879f0>,<function <lambda> at 0x7fa496287a90>,<function <lambda> at 0x7fa496287b30>
7959,2020-11-27 14:00:00,<function <lambda> at 0x7fa4962879f0>,<function <lambda> at 0x7fa496287a90>,<function <lambda> at 0x7fa496287b30>
7960,2020-11-27 15:00:00,<function <lambda> at 0x7fa4962879f0>,<function <lambda> at 0x7fa496287a90>,<function <lambda> at 0x7fa496287b30>
7961,2020-11-27 16:00:00,<function <lambda> at 0x7fa4962879f0>,<function <lambda> at 0x7fa496287a90>,<function <lambda> at 0x7fa496287b30>
7962,2020-11-27 17:00:00,<function <lambda> at 0x7fa4962879f0>,<function <lambda> at 0x7fa496287a90>,<function <lambda> at 0x7fa496287b30>
7963,2020-11-27 18:00:00,<function <lambda> at 0x7fa4962879f0>,<function <lambda> at 0x7fa496287a90>,<function <lambda> at 0x7fa496287b30>
7964,2020-11-27 19:00:00,<function <lambda> at 0x7fa4962879f0>,<function <lambda> at 0x7fa496287a90>,<function <lambda> at 0x7fa496287b30>
7965,2020-11-27 20:00:00,<function <lambda> at 0x7fa4962879f0>,<function <lambda> at 0x7fa496287a90>,<function <lambda> at 0x7fa496287b30>
7966,2020-11-27 21:00:00,<function <lambda> at 0x7fa4962879f0>,<function <lambda> at 0x7fa496287a90>,<function <lambda> at 0x7fa496287b30>
7967,2020-11-27 22:00:00,<function <lambda> at 0x7fa4962879f0>,<function <lambda> at 0x7fa496287a90>,<function <lambda> at 0x7fa496287b30>
7968,2020-11-27 23:00:00,<function <lambda> at 0x7fa4962879f0>,<function <lambda> at 0x7fa496287a90>,<function <lambda> at 0x7fa496287b30>
7969,2020-11-28 00:00:00,<function <lambda> at 0x7fa4962879f0>,<function <lambda> at 0x7fa496287a90>,<function <lambda> at 0x7fa496287b30>
7970,2020-11-28 01:00:00,<function <lambda> at 0x7fa4962879f0>,<function <lambda> at 0x7fa496287a90>,<function <lambda> at 0x7fa496287b30>
7971,2020-11-28 02:00:00,<function <lambda> at 0x7fa4962879f0>,<function <lambda> at 0x7fa496287a90>,<function <lambda> at 0x7fa496287b30>
7972,2020-11-28 03:00:00,<function <lambda> at 0x7fa4962879f0>,<function <lambda> at 0x7fa496287a90>,<function <lambda> at 0x7fa496287b30>
7973,2020-11-28 04:00:00,<function <lambda> at 0x7fa4962879f0>,<function <lambda> at 0x7fa496287a90>,<function <lambda> at 0x7fa496287b30>
7974,2020-11-28 05:00:00,<function <lambda> at 0x7fa4962879f0>,<function <lambda> at 0x7fa496287a90>,<function <lambda> at 0x7fa496287b30>
7975,2020-11-28 06:00:00,<function <lambda> at 0x7fa4962879f0>,<function <lambda> at 0x7fa496287a90>,<function <lambda> at 0x7fa496287b30>
7976,2020-11-28 07:00:00,<function <lambda> at 0x7fa4962879f0>,<function <lambda> at 0x7fa496287a90>,<function <lambda> at 0x7fa496287b30>
7977,2020-11-28 08:00:00,<function <lambda> at 0x7fa4962879f0>,<function <lambda> at 0x7fa496287a90>,<function <lambda> at 0x7fa496287b30>
7978,2020-11-28 09:00:00,<function <lambda> at 0x7fa4962879f0>,<function <lambda> at 0x7fa496287a90>,<function <lambda> at 0x7fa496287b30>
7979,2020-11-28 10:00:00,<function <lambda> at 0x7fa4962879f0>,<function <lambda> at 0x7fa496287a90>,<function <lambda> at 0x7fa496287b30>
7980,2020-11-28 11:00:00,<function <lambda> at 0x7fa4962879f0>,<function <lambda> at 0x7fa496287a90>,<function <lambda> at 0x7fa496287b30>
7981,2020-11-28 12:00:00,<function <lambda> at 0x7fa4962879f0>,<function <lambda> at 0x7fa496287a90>,<function <lambda> at 0x7fa496287b30>
7982,2020-11-28 13:00:00,<function <lambda> at 0x7fa4962879f0>,<function <lambda> at 0x7fa496287a90>,<function <lambda> at 0x7fa496287b30>
7983,2020-11-28 14:00:00,<function <lambda> at 0x7fa4962879f0>,<function <lambda> at 0x7fa496287a90>,<function <lambda> at 0x7fa496287b30>
7984,2020-11-28 15:00:00,<function <lambda> at 0x7fa4962879f0>,<function <lambda> at 0x7fa496287a90>,<function <lambda> at 0x7fa496287b30>
7985,2020-11-28 16:00:00,<function <lambda> at 0x7fa4962879f0>,<function <lambda> at 0x7fa496287a90>,<function <lambda> at 0x7fa496287b30>
7986,2020-11-28 17:00:00,<function <lambda> at 0x7fa4962879f0>,<function <lambda> at 0x7fa496287a90>,<function <lambda> at 0x7fa496287b30>
7987,2020-11-28 18:00:00,<function <lambda> at 0x7fa4962879f0>,<function <lambda> at 0x7fa496287a90>,<function <lambda> at 0x7fa496287b30>
7988,2020-11-28 19:00:00,<function <lambda> at 0x7fa4962879f0>,<function <lambda> at 0x7fa496287a90>,<function <lambda> at 0x7fa496287b30>
7989,2020-11-28 20:00:00,<function <lambda> at 0x7fa4962879f0>,<function <lambda> at 0x7fa496287a90>,<function <lambda> at 0x7fa496287b30>
7990,2020-11-28 21:00:00,<function <lambda> at 0x7fa4962879f0>,<function <lambda> at 0x7fa496287a90>,<function <lambda> at 0x7fa496287b30>
7991,2020-11-28 22:00:00,<function <lambda> at 0x7fa4962879f0>,<function <lambda> at 0x7fa496287a90>,<function <lambda> at 0x7fa496287b30>
7992,2020-11-28 23:00:00,<function <lambda> at 0x7fa4962879f0>,<function <lambda> at 0x7fa496287a90>,<function <lambda> at 0x7fa496287b30>
7993,2020-11-29 00:00:00,<function <lambda> at 0x7fa4962879f0>,<function <lambda> at 0x7fa496287a90>,<function <lambda> at 0x7fa496287b30>
7994,2020-11-29 01:00:00,<function <lambda> at 0x7fa4962879f0>,<function <lambda> at 0x7fa496287a90>,<function <lambda> at 0x7fa496287b30>
7995,2020-11-29 02:00:00,<function <lambda> at 0x7fa4962879f0>,<function <lambda> at 0x7fa496287a90>,<function <lambda> at 0x7fa496287b30>
7996,2020-11-29 03:00:00,<function <lambda> at 0x7fa4962879f0>,<function <lambda> at 0x7fa496287a90>,<function <lambda> at 0x7fa496287b30>
7997,2020-11-29 04:00:00,<function <lambda> at 0x7fa4962879f0>,<function <lambda> at 0x7fa496287a90>,<function <lambda> at 0x7fa496287b30>
7998,2020-11-29 05:00:00,<function <lambda> at 0x7fa4962879f0>,<function <lambda> at 0x7fa496287a90>,<function <lambda> at 0x7fa496287b30>
7999,2020-11-29 06:00:00,<function <lambda> at 0x7fa4962879f0>,<function <lambda> at 0x7fa496287a90>,<function <lambda> at 0x7fa496287b30>
8000,2020-11-29 07:00:00,<function <lambda> at 0x7fa4962879f0>,<function <lambda> at 0x7fa496287a90>,<function <lambda> at 0x7fa496287b30>
8001,2020-11-29 08:00:00,<function <lambda> at 0x7fa4962879f0>,<function <lambda> at 0x7fa496287a90>,<function <lambda> at 0x7fa496287b30>
8002,2020-11-29 09:00:00,<function <lambda> at 0x7fa4962879f0>,<function <lambda> at 0x7fa496287a90>,<function <lambda> at 0x7fa496287b30>
8003,2020-11-29 10:00:00,<function <lambda> at 0x7fa4962879f0>,<function <lambda> at 0x7fa496287a90>,<function <lambda> at 0x7fa496287b30>
8004,2020-11-29 11:00:00,<function <lambda> at 0x7fa4962879f0>,<function <lambda> at 0x7fa496287a90>,<function <lambda> at 0x7fa496287b30>
8005,2020-11-29 12:00:00,<function <lambda> at 0x7fa4962879f0>,<function <lambda> at 0x7fa496287a90>,<function <lambda> at 0x7fa496287b30>
8006,2020-11-29 13:00:00,<function <lambda> at 0x7fa4962879f0>,<function <lambda> at 0x7fa496287a90>,<function <lambda> at 0x7fa496287b30>
8007,2020-11-29 14:00:00,<function <lambda> at 0x7fa4962879f0>,<function <lambda> at 0x7fa496287a90>,<function <lambda> at 0x7fa496287b30>
8008,2020-11-29 15:00:00,<function <lambda> at 0x7fa4962879f0>,<function <lambda> at 0x7fa496287a90>,<function <lambda> at 0x7fa496287b30>
8009,2020-11-29 16:00:00,<function <lambda> at 0x7fa4962879f0>,<function <lambda> at 0x7fa496287a90>,<function <lambda> at 0x7fa496287b30>
8010,2020-11-29 17:00:00,<function <lambda> at 0x7fa4962879f0>,<function <lambda> at 0x7fa496287a90>,<function <lambda> at 0x7fa496287b30>
8011,2020-11-29 18:00:00,<function <lambda> at 0x7fa4962879f0>,<function <lambda> at 0x7fa496287a90>,<function <lambda> at 0x7fa496287b30>
8012,2020-11-29 19:00:00,<function <lambda> at 0x7fa4962879f0>,<function <lambda> at 0x7fa496287a90>,<function <lambda> at 0x7fa496287b30>
8013,2020-11-29 20:00:00,<function <lambda> at 0x7fa4962879f0>,<function <lambda> at 0x7fa496287a90>,<function <lambda> at 0x7fa496287b30>
8014,2020-11-29 21:00:00,<function <lambda> at 0x7fa4962879f0>,<function <lambda> at 0x7fa496287a90>,<function <lambda> at 0x7fa496287b30>
8015,2020-11-29 22:00:00,<function <lambda> at 0x7fa4962879f0>,<function <lambda> at 0x7fa496287a90>,<function <lambda> at 0x7fa496287b30>
8016,2020-11-29 23:00:00,<function <lambda> at 0x7fa4962879f0>,<function <lambda> at 0x7fa496287a90>,<function <lambda> at 0x7fa496287b30>
8017,2020-11-30 00:00:00,<function <lambda> at 0x7fa4962879f0>,<function <lambda> at 0x7fa496287a90>,<function <lambda> at 0x7fa496287b30>
8018,2020-11-30 01:00:00,<function <lambda> at 0x7fa4962879f0>,<function <lambda> at 0x7fa496287a90>,<function <lambda> at 0x7fa496287b30>
8019,2020-11-30 02:00:00,<function <lambda> at 0x7fa4962879f0>,<function <lambda> at 0x7fa496287a90>,<function <lambda> at 0x7fa496287b30>
8020,2020-11-30 03:00:00,<function <lambda> at 0x7fa4962879f0>,<function <lambda> at 0x7fa496287a90>,<function <lambda> at 0x7fa496287b30>
8021,2020-11-30 04:00:00,<function <lambda> at 0x7fa4962879f0>,<function <lambda> at 0x7fa496287a90>,<function <lambda> at 0x7fa496287b30>
8022,2020-11-30 05:00:00,<function <lambda> at 0x7fa4962879f0>,<function <lambda> at 0x7fa496287a90>,<function <lambda> at 0x7fa496287b30>
8023,2020-11-30 06:00:00,<function <lambda> at 0x7fa4962879f0>,<function <lambda> at 0x7fa496287a90>,<function <lambda> at 0x7fa496287b30>
8024,2020-11-30 07:00:00,<function <lambda> at 0x7fa4962879f0>,<function <lambda> at 0x7fa496287a90>,<function <lambda> at 0x7fa496287b30>
8025,2020-11-30 08:00:00,<function <lambda> at 0x7fa4962879f0>,<function <lambda> at 0x7fa496287a90>,<function <lambda> at 0x7fa496287b30>
8026,2020-11-30 09:00:00,<function <lambda> at 0x7fa4962879f0>,<function <lambda> at 0x7fa496287a90>,<function <lambda> at 0x7fa496287b30>
8027,2020-11-30 10:00:00,<function <lambda> at 0x7fa4962879f0>,<function <lambda> at 0x7fa496287a90>,<function <lambda> at 0x7fa496287b30>
8028,2020-11-30 11:00:00,<function <lambda> at 0x7fa4962879f0>,<function <lambda> at 0x7fa496287a90>,<function <lambda> at 0x7fa496287b30>
8029,2020-11-30 12:00:00,<function <lambda> at 0x7fa4962879f0>,<function <lambda> at 0x7fa496287a90>,<function <lambda> at 0x7fa496287b30>
8030,2020-11-30 13:00:00,<function <lambda> at 0x7fa4962879f0>,<function <lambda> at 0x7fa496287a90>,<function <lambda> at 0x7fa496287b30>
8031,2020-11-30 14:00:00,<function <lambda> at 0x7fa4962879f0>,<function <lambda> at 0x7fa496287a90>,<function <lambda> at 0x7fa496287b30>
8032,2020-11-30 15:00:00,<function <lambda> at 0x7fa4962879f0>,<function <lambda> at 0x7fa496287a90>,<function <lambda> at 0x7fa496287b30>
8033,2020-11-30 16:00:00,<function <lambda> at 0x7fa4962879f0>,<function <lambda> at 0x7fa496287a90>,<function <lambda> at 0x7fa496287b30>
8034,2020-11-30 17:00:00,<function <lambda> at 0x7fa4962879f0>,<function <lambda> at 0x7fa496287a90>,<function <lambda> at 0x7fa496287b30>
8035,2020-11-30 18:00:00,<function <lambda> at 0x7fa4962879f0>,<function <lambda> at 0x7fa496287a90>,<function <lambda> at 0x7fa496287b30>
8036,2020-11-30 19:00:00,<function <lambda> at 0x7fa4962879f0>,<function <lambda> at 0x7fa496287a90>,<function <lambda> at 0x7fa496287b30>
8037,2020-11-30 20:00:00,<function <lambda> at 0x7fa4962879f0>,<function <lambda> at 0x7fa496287a90>,<function <lambda> at 0x7fa496287b30>
8038,2020-11-30 21:00:00,<function <lambda> at 0x7fa4962879f0>,<function <lambda> at 0x7fa496287a90>,<function <lambda> at 0x7fa496287b30>
8039,2020-11-30 22:00:00,<function <lambda> at 0x7fa4962879f0>,<function <lambda> at 0x7fa496287a90>,<function <lambda> at 0x7fa496287b30>
8040,2020-11-30 23:00:00,<function <lambda> at 0x7fa4962879f0>,<function <lambda> at 0x7fa496287a90>,<function <lambda> at 0x7fa496287b30>
8041,2020-12-01 00:00:00,<function <lambda> at 0x7fa4962879f0>,<function <lambda> at 0x7fa496287a90>,<function <lambda> at 0x7fa496287b30>
8042,2020-12-01 01:00:00,<function <lambda> at 0x7fa4962879f0>,<function <lambda> at 0x7fa496287a90>,<function <lambda> at 0x7fa496287b30>
8043,2020-12-01 02:00:00,<function <lambda> at 0x7fa4962879f0>,<function <lambda> at 0x7fa496287a90>,<function <lambda> at 0x7fa496287b30>
8044,2020-12-01 03:00:00,<function <lambda> at 0x7fa4962879f0>,<function <lambda> at 0x7fa496287a90>,<function <lambda> at 0x7fa496287b30>
8045,2020-12-01 04:00:00,<function <lambda> at 0x7fa4962879f0>,<function <lambda> at 0x7fa496287a90>,<function <lambda> at 0x7fa496287b30>
8046,2020-12-01 05:00:00,<function <lambda> at 0x7fa4962879f0>,<function <lambda> at 0x7fa496287a90>,<function <lambda> at 0x7fa496287b30>
8047,2020-12-01 06:00:00,<function <lambda> at 0x7fa4962879f0>,<function <lambda> at 0x7fa496287a90>,<function <lambda> at 0x7fa496287b30>
8048,2020-12-01 07:00:00,<function <lambda> at 0x7fa4962879f0>,<function <lambda> at 0x7fa496287a90>,<function <lambda> at 0x7fa496287b30>
8049,2020-12-01 08:00:00,<function <lambda> at 0x7fa4962879f0>,<function <lambda> at 0x7fa496287a90>,<function <lambda> at 0x7fa496287b30>
8050,2020-12-01 09:00:00,<function <lambda> at 0x7fa4962879f0>,<function <lambda> at 0x7fa496287a90>,<function <lambda> at 0x7fa496287b30>
8051,2020-12-01 10:00:00,<function <lambda> at 0x7fa4962879f0>,<function <lambda> at 0x7fa496287a90>,<function <lambda> at 0x7fa496287b30>
8052,2020-12-01 11:00:00,<function <lambda> at 0x7fa4962879f0>,<function <lambda> at 0x7fa496287a90>,<function <lambda> at 0x7fa496287b30>
8053,2020-12-01 12:00:00,<function <lambda> at 0x7fa4962879f0>,<function <lambda> at 0x7fa496287a90>,<function <lambda> at 0x7fa496287b30>
8054,2020-12-01 13:00:00,<function <lambda> at 0x7fa4962879f0>,<function <lambda> at 0x7fa496287a90>,<function <lambda> at 0x7fa496287b30>
8055,2020-12-01 14:00:00,<function <lambda> at 0x7fa4962879f0>,<function <lambda> at 0x7fa496287a90>,<function <lambda> at 0x7fa496287b30>
8056,2020-12-01 15:00:00,<function <lambda> at 0x7fa4962879f0>,<function <lambda> at 0x7fa496287a90>,<function <lambda> at 0x7fa496287b30>
8057,2020-12-01 16:00:00,<function <lambda> at 0x7fa4962879f0>,<function <lambda> at 0x7fa496287a90>,<function <lambda> at 0x7fa496287b30>
8058,2020-12-01 17:00:00,<function <lambda> at 0x7fa4962879f0>,<function <lambda> at 0x7fa496287a90>,<function <lambda> at 0x7fa496287b30>
8059,2020-12-01 18:00:00,<function <lambda> at 0x7fa4962879f0>,<function <lambda> at 0x7fa496287a90>,<function <lambda> at 0x7fa496287b30>
8060,2020-12-01 19:00:00,<function <lambda> at 0x7fa4962879f0>,<function <lambda> at 0x7fa496287a90>,<function <lambda> at 0x7fa496287b30>
8061,2020-12-01 20:00:00,<function <lambda> at 0x7fa4962879f0>,<function <lambda> at 0x7fa496287a90>,<function <lambda> at 0x7fa496287b30>
8062,2020-12-01 21:00:00,<function <lambda> at 0x7fa4962879f0>,<function <lambda> at 0x7fa496287a90>,<function <lambda> at 0x7fa496287b30>
8063,2020-12-01 22:00:00,<function <lambda> at 0x7fa4962879f0>,<function <lambda> at 0x7fa496287a90>,<function <lambda> at 0x7fa496287b30>
8064,2020-12-01 23:00:00,<function <lambda> at 0x7fa4962879f0>,<function <lambda> at 0x7fa496287a90>,<function <lambda> at 0x7fa496287b30>
8065,2020-12-02 00:00:00,<function <lambda> at 0x7fa4962879f0>,<function <lambda> at 0x7fa496287a90>,<function <lambda> at 0x7fa496287b30>
8066,2020-12-02 01:00:00,<function <lambda> at 0x7fa4962879f0>,<function <lambda> at 0x7fa496287a90>,<function <lambda> at 0x7fa496287b30>
8067,2020-12-02 02:00:00,<function <lambda> at 0x7fa4962879f0>,<function <lambda> at 0x7fa496287a90>,<function <lambda> at 0x7fa496287b30>
8068,2020-12-02 03:00:00,<function <lambda> at 0x7fa4962879f0>,<function <lambda> at 0x7fa496287a90>,<function <lambda> at 0x7fa496287b30>
8069,2020-12-02 04:00:00,<function <lambda> at 0x7fa4962879f0>,<function <lambda> at 0x7fa496287a90>,<function <lambda> at 0x7fa496287b30>
8070,2020-12-02 05:00:00,<function <lambda> at 0x7fa4962879f0>,<function <lambda> at 0x7fa496287a90>,<function <lambda> at 0x7fa496287b30>
8071,2020-12-02 06:00:00,<function <lambda> at 0x7fa4962879f0>,<function <lambda> at 0x7fa496287a90>,<function <lambda> at 0x7fa496287b30>
8072,2020-12-02 07:00:00,<function <lambda> at 0x7fa4962879f0>,<function <lambda> at 0x7fa496287a90>,<function <lambda> at 0x7fa496287b30>
8073,2020-12-02 08:00:00,<function <lambda> at 0x7fa4962879f0>,<function <lambda> at 0x7fa496287a90>,<function <lambda> at 0x7fa496287b30>
8074,2020-12-02 09:00:00,<function <lambda> at 0x7fa4962879f0>,<function <lambda> at 0x7fa496287a90>,<function <lambda> at 0x7fa496287b30>
8075,2020-12-02 10:00:00,<function <lambda> at 0x7fa4962879f0>,<function <lambda> at 0x7fa496287a90>,<function <lambda> at 0x7fa496287b30>
8076,2020-12-02 11:00:00,<function <lambda> at 0x7fa4962879f0>,<function <lambda> at 0x7fa496287a90>,<function <lambda> at 0x7fa496287b30>
8077,2020-12-02 12:00:00,<function <lambda> at 0x7fa4962879f0>,<function <lambda> at 0x7fa496287a90>,<function <lambda> at 0x7fa496287b30>
8078,2020-12-02 13:00:00,<function <lambda> at 0x7fa4962879f0>,<function <lambda> at 0x7fa496287a90>,<function <lambda> at 0x7fa496287b30>
8079,2020-12-02 14:00:00,<function <lambda> at 0x7fa4962879f0>,<function <lambda> at 0x7fa496287a90>,<function <lambda> at 0x7fa496287b30>
8080,2020-12-02 15:00:00,<function <lambda> at 0x7fa4962879f0>,<function <lambda> at 0x7fa496287a90>,<function <lambda> at 0x7fa496287b30>
8081,2020-12-02 16:00:00,<function <lambda> at 0x7fa4962879f0>,<function <lambda> at 0x7fa496287a90>,<function <lambda> at 0x7fa496287b30>
8082,2020-12-02 17:00:00,<function <lambda> at 0x7fa4962879f0>,<function <lambda> at 0x7fa496287a90>,<function <lambda> at 0x7fa496287b30>
8083,2020-12-02 18:00:00,<function <lambda> at 0x7fa4962879f0>,<function <lambda> at 0x7fa496287a90>,<function <lambda> at 0x7fa496287b30>
8084,2020-12-02 19:00:00,<function <lambda> at 0x7fa4962879f0>,<function <lambda> at 0x7fa496287a90>,<function <lambda> at 0x7fa496287b30>
8085,2020-12-02 20:00:00,<function <lambda> at 0x7fa4962879f0>,<function <lambda> at 0x7fa496287a90>,<function <lambda> at 0x7fa496287b30>
8086,2020-12-02 21:00:00,<function <lambda> at 0x7fa4962879f0>,<function <lambda> at 0x7fa496287a90>,<function <lambda> at 0x7fa496287b30>
8087,2020-12-02 22:00:00,<function <lambda> at 0x7fa4962879f0>,<function <lambda> at 0x7fa496287a90>,<function <lambda> at 0x7fa496287b30>
8088,2020-12-02 23:00:00,<function <lambda> at 0x7fa4962879f0>,<function <lambda> at 0x7fa496287a90>,<function <lambda> at 0x7fa496287b30>
8089,2020-12-03 00:00:00,<function <lambda> at 0x7fa4962879f0>,<function <lambda> at 0x7fa496287a90>,<function <lambda> at 0x7fa496287b30>
8090,2020-12-03 01:00:00,<function <lambda> at 0x7fa4962879f0>,<function <lambda> at 0x7fa496287a90>,<function <lambda> at 0x7fa496287b30>
8091,2020-12-03 02:00:00,<function <lambda> at 0x7fa4962879f0>,<function <lambda> at 0x7fa496287a90>,<function <lambda> at 0x7fa496287b30>
8092,2020-12-03 03:00:00,<function <lambda> at 0x7fa4962879f0>,<function <lambda> at 0x7fa496287a90>,<function <lambda> at 0x7fa496287b30>
8093,2020-12-03 04:00:00,<function <lambda> at 0x7fa4962879f0>,<function <lambda> at 0x7fa496287a90>,<function <lambda> at 0x7fa496287b30>
8094,2020-12-03 05:00:00,<function <lambda> at 0x7fa4962879f0>,<function <lambda> at 0x7fa496287a90>,<function <lambda> at 0x7fa496287b30>
8095,2020-12-03 06:00:00,<function <lambda> at 0x7fa4962879f0>,<function <lambda> at 0x7fa496287a90>,<function <lambda> at 0x7fa496287b30>
8096,2020-12-03 07:00:00,<function <lambda> at 0x7fa4962879f0>,<function <lambda> at 0x7fa496287a90>,<function <lambda> at 0x7fa496287b30>
8097,2020-12-03 08:00:00,<function <lambda> at 0x7fa4962879f0>,<function <lambda> at 0x7fa496287a90>,<function <lambda> at 0x7fa496287b30>
8098,2020-12-03 09:00:00,<function <lambda> at 0x7fa4962879f0>,<function <lambda> at 0x7fa496287a90>,<function <lambda> at 0x7fa496287b30>
8099,2020-12-03 10:00:00,<function <lambda> at 0x7fa4962879f0>,<function <lambda> at 0x7fa496287a90>,<function <lambda> at 0x7fa496287b30>
8100,2020-12-03 11:00:00,<function <lambda> at 0x7fa4962879f0>,<function <lambda> at 0x7fa496287a90>,<function <lambda> at 0x7fa496287b30>
8101,2020-12-03 12:00:00,<function <lambda> at 0x7fa4962879f0>,<function <lambda> at 0x7fa496287a90>,<function <lambda> at 0x7fa496287b30>
8102,2020-12-03 13:00:00,<function <lambda> at 0x7fa4962879f0>,<function <lambda> at 0x7fa496287a90>,<function <lambda> at 0x7fa496287b30>
8103,2020-12-03 14:00:00,<function <lambda> at 0x7fa4962879f0>,<function <lambda> at 0x7fa496287a90>,<function <lambda> at 0x7fa496287b30>
8104,2020-12-03 15:00:00,<function <lambda> at 0x7fa4962879f0>,<function <lambda> at 0x7fa496287a90>,<function <lambda> at 0x7fa496287b30>
8105,2020-12-03 16:00:00,<function <lambda> at 0x7fa4962879f0>,<function <lambda> at 0x7fa496287a90>,<function <lambda> at 0x7fa496287b30>
8106,2020-12-03 17:00:00,<function <lambda> at 0x7fa4962879f0>,<function <lambda> at 0x7fa496287a90>,<function <lambda> at 0x7fa496287b30>
8107,2020-12-03 18:00:00,<function <lambda> at 0x7fa4962879f0>,<function <lambda> at 0x7fa496287a90>,<function <lambda> at 0x7fa496287b30>
8108,2020-12-03 19:00:00,<function <lambda> at 0x7fa4962879f0>,<function <lambda> at 0x7fa496287a90>,<function <lambda> at 0x7fa496287b30>
8109,2020-12-03 20:00:00,<function <lambda> at 0x7fa4962879f0>,<function <lambda> at 0x7fa496287a90>,<function <lambda> at 0x7fa496287b30>
8110,2020-12-03 21:00:00,<function <lambda> at 0x7fa4962879f0>,<function <lambda> at 0x7fa496287a90>,<function <lambda> at 0x7fa496287b30>
8111,2020-12-03 22:00:00,<function <lambda> at 0x7fa4962879f0>,<function <lambda> at 0x7fa496287a90>,<function <lambda> at 0x7fa496287b30>
8112,2020-12-03 23:00:00,<function <lambda> at 0x7fa4962879f0>,<function <lambda> at 0x7fa496287a90>,<function <lambda> at 0x7fa496287b30>
8113,2020-12-04 00:00:00,<function <lambda> at 0x7fa4962879f0>,<function <lambda> at 0x7fa496287a90>,<function <lambda> at 0x7fa496287b30>
8114,2020-12-04 01:00:00,<function <lambda> at 0x7fa4962879f0>,<function <lambda> at 0x7fa496287a90>,<function <lambda> at 0x7fa496287b30>
8115,2020-12-04 02:00:00,<function <lambda> at 0x7fa4962879f0>,<function <lambda> at 0x7fa496287a90>,<function <lambda> at 0x7fa496287b30>
8116,2020-12-04 03:00:00,<function <lambda> at 0x7fa4962879f0>,<function <lambda> at 0x7fa496287a90>,<function <lambda> at 0x7fa496287b30>
8117,2020-12-04 04:00:00,<function <lambda> at 0x7fa4962879f0>,<function <lambda> at 0x7fa496287a90>,<function <lambda> at 0x7fa496287b30>
8118,2020-12-04 05:00:00,<function <lambda> at 0x7fa4962879f0>,<function <lambda> at 0x7fa496287a90>,<function <lambda> at 0x7fa496287b30>
8119,2020-12-04 06:00:00,<function <lambda> at 0x7fa4962879f0>,<function <lambda> at 0x7fa496287a90>,<function <lambda> at 0x7fa496287b30>
8120,2020-12-04 07:00:00,<function <lambda> at 0x7fa4962879f0>,<function <lambda> at 0x7fa496287a90>,<function <lambda> at 0x7fa496287b30>
8121,2020-12-04 08:00:00,<function <lambda> at 0x7fa4962879f0>,<function <lambda> at 0x7fa496287a90>,<function <lambda> at 0x7fa496287b30>
8122,2020-12-04 09:00:00,<function <lambda> at 0x7fa4962879f0>,<function <lambda> at 0x7fa496287a90>,<function <lambda> at 0x7fa496287b30>
8123,2020-12-04 10:00:00,<function <lambda> at 0x7fa4962879f0>,<function <lambda> at 0x7fa496287a90>,<function <lambda> at 0x7fa496287b30>
8124,2020-12-04 11:00:00,<function <lambda> at 0x7fa4962879f0>,<function <lambda> at 0x7fa496287a90>,<function <lambda> at 0x7fa496287b30>
8125,2020-12-04 12:00:00,<function <lambda> at 0x7fa4962879f0>,<function <lambda> at 0x7fa496287a90>,<function <lambda> at 0x7fa496287b30>
8126,2020-12-04 13:00:00,<function <lambda> at 0x7fa4962879f0>,<function <lambda> at 0x7fa496287a90>,<function <lambda> at 0x7fa496287b30>
8127,2020-12-04 14:00:00,<function <lambda> at 0x7fa4962879f0>,<function <lambda> at 0x7fa496287a90>,<function <lambda> at 0x7fa496287b30>
8128,2020-12-04 15:00:00,<function <lambda> at 0x7fa4962879f0>,<function <lambda> at 0x7fa496287a90>,<function <lambda> at 0x7fa496287b30>
8129,2020-12-04 16:00:00,<function <lambda> at 0x7fa4962879f0>,<function <lambda> at 0x7fa496287a90>,<function <lambda> at 0x7fa496287b30>
8130,2020-12-04 17:00:00,<function <lambda> at 0x7fa4962879f0>,<function <lambda> at 0x7fa496287a90>,<function <lambda> at 0x7fa496287b30>
8131,2020-12-04 18:00:00,<function <lambda> at 0x7fa4962879f0>,<function <lambda> at 0x7fa496287a90>,<function <lambda> at 0x7fa496287b30>
8132,2020-12-04 19:00:00,<function <lambda> at 0x7fa4962879f0>,<function <lambda> at 0x7fa496287a90>,<function <lambda> at 0x7fa496287b30>
8133,2020-12-04 20:00:00,<function <lambda> at 0x7fa4962879f0>,<function <lambda> at 0x7fa496287a90>,<function <lambda> at 0x7fa496287b30>
8134,2020-12-04 21:00:00,<function <lambda> at 0x7fa4962879f0>,<function <lambda> at 0x7fa496287a90>,<function <lambda> at 0x7fa496287b30>
8135,2020-12-04 22:00:00,<function <lambda> at 0x7fa4962879f0>,<function <lambda> at 0x7fa496287a90>,<function <lambda> at 0x7fa496287b30>
8136,2020-12-04 23:00:00,<function <lambda> at 0x7fa4962879f0>,<function <lambda> at 0x7fa496287a90>,<function <lambda> at 0x7fa496287b30>
8137,2020-12-05 00:00:00,<function <lambda> at 0x7fa4962879f0>,<function <lambda> at 0x7fa496287a90>,<function <lambda> at 0x7fa496287b30>
8138,2020-12-05 01:00:00,<function <lambda> at 0x7fa4962879f0>,<function <lambda> at 0x7fa496287a90>,<function <lambda> at 0x7fa496287b30>
8139,2020-12-05 02:00:00,<function <lambda> at 0x7fa4962879f0>,<function <lambda> at 0x7fa496287a90>,<function <lambda> at 0x7fa496287b30>
8140,2020-12-05 03:00:00,<function <lambda> at 0x7fa4962879f0>,<function <lambda> at 0x7fa496287a90>,<function <lambda> at 0x7fa496287b30>
8141,2020-12-05 04:00:00,<function <lambda> at 0x7fa4962879f0>,<function <lambda> at 0x7fa496287a90>,<function <lambda> at 0x7fa496287b30>
8142,2020-12-05 05:00:00,<function <lambda> at 0x7fa4962879f0>,<function <lambda> at 0x7fa496287a90>,<function <lambda> at 0x7fa496287b30>
8143,2020-12-05 06:00:00,<function <lambda> at 0x7fa4962879f0>,<function <lambda> at 0x7fa496287a90>,<function <lambda> at 0x7fa496287b30>
8144,2020-12-05 07:00:00,<function <lambda> at 0x7fa4962879f0>,<function <lambda> at 0x7fa496287a90>,<function <lambda> at 0x7fa496287b30>
8145,2020-12-05 08:00:00,<function <lambda> at 0x7fa4962879f0>,<function <lambda> at 0x7fa496287a90>,<function <lambda> at 0x7fa496287b30>
8146,2020-12-05 09:00:00,<function <lambda> at 0x7fa4962879f0>,<function <lambda> at 0x7fa496287a90>,<function <lambda> at 0x7fa496287b30>
8147,2020-12-05 10:00:00,<function <lambda> at 0x7fa4962879f0>,<function <lambda> at 0x7fa496287a90>,<function <lambda> at 0x7fa496287b30>
8148,2020-12-05 11:00:00,<function <lambda> at 0x7fa4962879f0>,<function <lambda> at 0x7fa496287a90>,<function <lambda> at 0x7fa496287b30>
8149,2020-12-05 12:00:00,<function <lambda> at 0x7fa4962879f0>,<function <lambda> at 0x7fa496287a90>,<function <lambda> at 0x7fa496287b30>
8150,2020-12-05 13:00:00,<function <lambda> at 0x7fa4962879f0>,<function <lambda> at 0x7fa496287a90>,<function <lambda> at 0x7fa496287b30>
8151,2020-12-05 14:00:00,<function <lambda> at 0x7fa4962879f0>,<function <lambda> at 0x7fa496287a90>,<function <lambda> at 0x7fa496287b30>
8152,2020-12-05 15:00:00,<function <lambda> at 0x7fa4962879f0>,<function <lambda> at 0x7fa496287a90>,<function <lambda> at 0x7fa496287b30>
8153,2020-12-05 16:00:00,<function <lambda> at 0x7fa4962879f0>,<function <lambda> at 0x7fa496287a90>,<function <lambda> at 0x7fa496287b30>
8154,2020-12-05 17:00:00,<function <lambda> at 0x7fa4962879f0>,<function <lambda> at 0x7fa496287a90>,<function <lambda> at 0x7fa496287b30>
8155,2020-12-05 18:00:00,<function <lambda> at 0x7fa4962879f0>,<function <lambda> at 0x7fa496287a90>,<function <lambda> at 0x7fa496287b30>
8156,2020-12-05 19:00:00,<function <lambda> at 0x7fa4962879f0>,<function <lambda> at 0x7fa496287a90>,<function <lambda> at 0x7fa496287b30>
8157,2020-12-05 20:00:00,<function <lambda> at 0x7fa4962879f0>,<function <lambda> at 0x7fa496287a90>,<function <lambda> at 0x7fa496287b30>
8158,2020-12-05 21:00:00,<function <lambda> at 0x7fa4962879f0>,<function <lambda> at 0x7fa496287a90>,<function <lambda> at 0x7fa496287b30>
8159,2020-12-05 22:00:00,<function <lambda> at 0x7fa4962879f0>,<function <lambda> at 0x7fa496287a90>,<function <lambda> at 0x7fa496287b30>
8160,2020-12-05 23:00:00,<function <lambda> at 0x7fa4962879f0>,<function <lambda> at 0x7fa496287a90>,<function <lambda> at 0x7fa496287b30>
8161,2020-12-06 00:00:00,<function <lambda> at 0x7fa4962879f0>,<function <lambda> at 0x7fa496287a90>,<function <lambda> at 0x7fa496287b30>
8162,2020-12-06 01:00:00,<function <lambda> at 0x7fa4962879f0>,<function <lambda> at 0x7fa496287a90>,<function <lambda> at 0x7fa496287b30>
8163,2020-12-06 02:00:00,<function <lambda> at 0x7fa4962879f0>,<function <lambda> at 0x7fa496287a90>,<function <lambda> at 0x7fa496287b30>
8164,2020-12-06 03:00:00,<function <lambda> at 0x7fa4962879f0>,<function <lambda> at 0x7fa496287a90>,<function <lambda> at 0x7fa496287b30>
8165,2020-12-06 04:00:00,<function <lambda> at 0x7fa4962879f0>,<function <lambda> at 0x7fa496287a90>,<function <lambda> at 0x7fa496287b30>
8166,2020-12-06 05:00:00,<function <lambda> at 0x7fa4962879f0>,<function <lambda> at 0x7fa496287a90>,<function <lambda> at 0x7fa496287b30>
8167,2020-12-06 06:00:00,<function <lambda> at 0x7fa4962879f0>,<function <lambda> at 0x7fa496287a90>,<function <lambda> at 0x7fa496287b30>
8168,2020-12-06 07:00:00,<function <lambda> at 0x7fa4962879f0>,<function <lambda> at 0x7fa496287a90>,<function <lambda> at 0x7fa496287b30>
8169,2020-12-06 08:00:00,<function <lambda> at 0x7fa4962879f0>,<function <lambda> at 0x7fa496287a90>,<function <lambda> at 0x7fa496287b30>
8170,2020-12-06 09:00:00,<function <lambda> at 0x7fa4962879f0>,<function <lambda> at 0x7fa496287a90>,<function <lambda> at 0x7fa496287b30>
8171,2020-12-06 10:00:00,<function <lambda> at 0x7fa4962879f0>,<function <lambda> at 0x7fa496287a90>,<function <lambda> at 0x7fa496287b30>
8172,2020-12-06 11:00:00,<function <lambda> at 0x7fa4962879f0>,<function <lambda> at 0x7fa496287a90>,<function <lambda> at 0x7fa496287b30>
8173,2020-12-06 12:00:00,<function <lambda> at 0x7fa4962879f0>,<function <lambda> at 0x7fa496287a90>,<function <lambda> at 0x7fa496287b30>
8174,2020-12-06 13:00:00,<function <lambda> at 0x7fa4962879f0>,<function <lambda> at 0x7fa496287a90>,<function <lambda> at 0x7fa496287b30>
8175,2020-12-06 14:00:00,<function <lambda> at 0x7fa4962879f0>,<function <lambda> at 0x7fa496287a90>,<function <lambda> at 0x7fa496287b30>
8176,2020-12-06 15:00:00,<function <lambda> at 0x7fa4962879f0>,<function <lambda> at 0x7fa496287a90>,<function <lambda> at 0x7fa496287b30>
8177,2020-12-06 16:00:00,<function <lambda> at 0x7fa4962879f0>,<function <lambda> at 0x7fa496287a90>,<function <lambda> at 0x7fa496287b30>
8178,2020-12-06 17:00:00,<function <lambda> at 0x7fa4962879f0>,<function <lambda> at 0x7fa496287a90>,<function <lambda> at 0x7fa496287b30>
8179,2020-12-06 18:00:00,<function <lambda> at 0x7fa4962879f0>,<function <lambda> at 0x7fa496287a90>,<function <lambda> at 0x7fa496287b30>
8180,2020-12-06 19:00:00,<function <lambda> at 0x7fa4962879f0>,<function <lambda> at 0x7fa496287a90>,<function <lambda> at 0x7fa496287b30>
8181,2020-12-06 20:00:00,<function <lambda> at 0x7fa4962879f0>,<function <lambda> at 0x7fa496287a90>,<function <lambda> at 0x7fa496287b30>
8182,2020-12-06 21:00:00,<function <lambda> at 0x7fa4962879f0>,<function <lambda> at 0x7fa496287a90>,<function <lambda> at 0x7fa496287b30>
8183,2020-12-06 22:00:00,<function <lambda> at 0x7fa4962879f0>,<function <lambda> at 0x7fa496287a90>,<function <lambda> at 0x7fa496287b30>
8184,2020-12-06 23:00:00,<function <lambda> at 0x7fa4962879f0>,<function <lambda> at 0x7fa496287a90>,<function <lambda> at 0x7fa496287b30>
8185,2020-12-07 00:00:00,<function <lambda> at 0x7fa4962879f0>,<function <lambda> at 0x7fa496287a90>,<function <lambda> at 0x7fa496287b30>
8186,2020-12-07 01:00:00,<function <lambda> at 0x7fa4962879f0>,<function <lambda> at 0x7fa496287a90>,<function <lambda> at 0x7fa496287b30>
8187,2020-12-07 02:00:00,<function <lambda> at 0x7fa4962879f0>,<function <lambda> at 0x7fa496287a90>,<function <lambda> at 0x7fa496287b30>
8188,2020-12-07 03:00:00,<function <lambda> at 0x7fa4962879f0>,<function <lambda> at 0x7fa496287a90>,<function <lambda> at 0x7fa496287b30>
8189,2020-12-07 04:00:00,<function <lambda> at 0x7fa4962879f0>,<function <lambda> at 0x7fa496287a90>,<function <lambda> at 0x7fa496287b30>
8190,2020-12-07 05:00:00,<function <lambda> at 0x7fa4962879f0>,<function <lambda> at 0x7fa496287a90>,<function <lambda> at 0x7fa496287b30>
8191,2020-12-07 06:00:00,<function <lambda> at 0x7fa4962879f0>,<function <lambda> at 0x7fa496287a90>,<function <lambda> at 0x7fa496287b30>
8192,2020-12-07 07:00:00,<function <lambda> at 0x7fa4962879f0>,<function <lambda> at 0x7fa496287a90>,<function <lambda> at 0x7fa496287b30>
8193,2020-12-07 08:00:00,<function <lambda> at 0x7fa4962879f0>,<function <lambda> at 0x7fa496287a90>,<function <lambda> at 0x7fa496287b30>
8194,2020-12-07 09:00:00,<function <lambda> at 0x7fa4962879f0>,<function <lambda> at 0x7fa496287a90>,<function <lambda> at 0x7fa496287b30>
8195,2020-12-07 10:00:00,<function <lambda> at 0x7fa4962879f0>,<function <lambda> at 0x7fa496287a90>,<function <lambda> at 0x7fa496287b30>
8196,2020-12-07 11:00:00,<function <lambda> at 0x7fa4962879f0>,<function <lambda> at 0x7fa496287a90>,<function <lambda> at 0x7fa496287b30>
8197,2020-12-07 12:00:00,<function <lambda> at 0x7fa4962879f0>,<function <lambda> at 0x7fa496287a90>,<function <lambda> at 0x7fa496287b30>
8198,2020-12-07 13:00:00,<function <lambda> at 0x7fa4962879f0>,<function <lambda> at 0x7fa496287a90>,<function <lambda> at 0x7fa496287b30>
8199,2020-12-07 14:00:00,<function <lambda> at 0x7fa4962879f0>,<function <lambda> at 0x7fa496287a90>,<function <lambda> at 0x7fa496287b30>
8200,2020-12-07 15:00:00,<function <lambda> at 0x7fa4962879f0>,<function <lambda> at 0x7fa496287a90>,<function <lambda> at 0x7fa496287b30>
8201,2020-12-07 16:00:00,<function <lambda> at 0x7fa4962879f0>,<function <lambda> at 0x7fa496287a90>,<function <lambda> at 0x7fa496287b30>
8202,2020-12-07 17:00:00,<function <lambda> at 0x7fa4962879f0>,<function <lambda> at 0x7fa496287a90>,<function <lambda> at 0x7fa496287b30>
8203,2020-12-07 18:00:00,<function <lambda> at 0x7fa4962879f0>,<function <lambda> at 0x7fa496287a90>,<function <lambda> at 0x7fa496287b30>
8204,2020-12-07 19:00:00,<function <lambda> at 0x7fa4962879f0>,<function <lambda> at 0x7fa496287a90>,<function <lambda> at 0x7fa496287b30>
8205,2020-12-07 20:00:00,<function <lambda> at 0x7fa4962879f0>,<function <lambda> at 0x7fa496287a90>,<function <lambda> at 0x7fa496287b30>
8206,2020-12-07 21:00:00,<function <lambda> at 0x7fa4962879f0>,<function <lambda> at 0x7fa496287a90>,<function <lambda> at 0x7fa496287b30>
8207,2020-12-07 22:00:00,<function <lambda> at 0x7fa4962879f0>,<function <lambda> at 0x7fa496287a90>,<function <lambda> at 0x7fa496287b30>
8208,2020-12-07 23:00:00,<function <lambda> at 0x7fa4962879f0>,<function <lambda> at 0x7fa496287a90>,<function <lambda> at 0x7fa496287b30>
8209,2020-12-08 00:00:00,<function <lambda> at 0x7fa4962879f0>,<function <lambda> at 0x7fa496287a90>,<function <lambda> at 0x7fa496287b30>
8210,2020-12-08 01:00:00,<function <lambda> at 0x7fa4962879f0>,<function <lambda> at 0x7fa496287a90>,<function <lambda> at 0x7fa496287b30>
8211,2020-12-08 02:00:00,<function <lambda> at 0x7fa4962879f0>,<function <lambda> at 0x7fa496287a90>,<function <lambda> at 0x7fa496287b30>
8212,2020-12-08 03:00:00,<function <lambda> at 0x7fa4962879f0>,<function <lambda> at 0x7fa496287a90>,<function <lambda> at 0x7fa496287b30>
8213,2020-12-08 04:00:00,<function <lambda> at 0x7fa4962879f0>,<function <lambda> at 0x7fa496287a90>,<function <lambda> at 0x7fa496287b30>
8214,2020-12-08 05:00:00,<function <lambda> at 0x7fa4962879f0>,<function <lambda> at 0x7fa496287a90>,<function <lambda> at 0x7fa496287b30>
8215,2020-12-08 06:00:00,<function <lambda> at 0x7fa4962879f0>,<function <lambda> at 0x7fa496287a90>,<function <lambda> at 0x7fa496287b30>
8216,2020-12-08 07:00:00,<function <lambda> at 0x7fa4962879f0>,<function <lambda> at 0x7fa496287a90>,<function <lambda> at 0x7fa496287b30>
8217,2020-12-08 08:00:00,<function <lambda> at 0x7fa4962879f0>,<function <lambda> at 0x7fa496287a90>,<function <lambda> at 0x7fa496287b30>
8218,2020-12-08 09:00:00,<function <lambda> at 0x7fa4962879f0>,<function <lambda> at 0x7fa496287a90>,<function <lambda> at 0x7fa496287b30>
8219,2020-12-08 10:00:00,<function <lambda> at 0x7fa4962879f0>,<function <lambda> at 0x7fa496287a90>,<function <lambda> at 0x7fa496287b30>
8220,2020-12-08 11:00:00,<function <lambda> at 0x7fa4962879f0>,<function <lambda> at 0x7fa496287a90>,<function <lambda> at 0x7fa496287b30>
8221,2020-12-08 12:00:00,<function <lambda> at 0x7fa4962879f0>,<function <lambda> at 0x7fa496287a90>,<function <lambda> at 0x7fa496287b30>
8222,2020-12-08 13:00:00,<function <lambda> at 0x7fa4962879f0>,<function <lambda> at 0x7fa496287a90>,<function <lambda> at 0x7fa496287b30>
8223,2020-12-08 14:00:00,<function <lambda> at 0x7fa4962879f0>,<function <lambda> at 0x7fa496287a90>,<function <lambda> at 0x7fa496287b30>
8224,2020-12-08 15:00:00,<function <lambda> at 0x7fa4962879f0>,<function <lambda> at 0x7fa496287a90>,<function <lambda> at 0x7fa496287b30>
8225,2020-12-08 16:00:00,<function <lambda> at 0x7fa4962879f0>,<function <lambda> at 0x7fa496287a90>,<function <lambda> at 0x7fa496287b30>
8226,2020-12-08 17:00:00,<function <lambda> at 0x7fa4962879f0>,<function <lambda> at 0x7fa496287a90>,<function <lambda> at 0x7fa496287b30>
8227,2020-12-08 18:00:00,<function <lambda> at 0x7fa4962879f0>,<function <lambda> at 0x7fa496287a90>,<function <lambda> at 0x7fa496287b30>
8228,2020-12-08 19:00:00,<function <lambda> at 0x7fa4962879f0>,<function <lambda> at 0x7fa496287a90>,<function <lambda> at 0x7fa496287b30>
8229,2020-12-08 20:00:00,<function <lambda> at 0x7fa4962879f0>,<function <lambda> at 0x7fa496287a90>,<function <lambda> at 0x7fa496287b30>
8230,2020-12-08 21:00:00,<function <lambda> at 0x7fa4962879f0>,<function <lambda> at 0x7fa496287a90>,<function <lambda> at 0x7fa496287b30>
8231,2020-12-08 22:00:00,<function <lambda> at 0x7fa4962879f0>,<function <lambda> at 0x7fa496287a90>,<function <lambda> at 0x7fa496287b30>
8232,2020-12-08 23:00:00,<function <lambda> at 0x7fa4962879f0>,<function <lambda> at 0x7fa496287a90>,<function <lambda> at 0x7fa496287b30>
8233,2020-12-09 00:00:00,<function <lambda> at 0x7fa4962879f0>,<function <lambda> at 0x7fa496287a90>,<function <lambda> at 0x7fa496287b30>
8234,2020-12-09 01:00:00,<function <lambda> at 0x7fa4962879f0>,<function <lambda> at 0x7fa496287a90>,<function <lambda> at 0x7fa496287b30>
8235,2020-12-09 02:00:00,<function <lambda> at 0x7fa4962879f0>,<function <lambda> at 0x7fa496287a90>,<function <lambda> at 0x7fa496287b30>
8236,2020-12-09 03:00:00,<function <lambda> at 0x7fa4962879f0>,<function <lambda> at 0x7fa496287a90>,<function <lambda> at 0x7fa496287b30>
8237,2020-12-09 04:00:00,<function <lambda> at 0x7fa4962879f0>,<function <lambda> at 0x7fa496287a90>,<function <lambda> at 0x7fa496287b30>
8238,2020-12-09 05:00:00,<function <lambda> at 0x7fa4962879f0>,<function <lambda> at 0x7fa496287a90>,<function <lambda> at 0x7fa496287b30>
8239,2020-12-09 06:00:00,<function <lambda> at 0x7fa4962879f0>,<function <lambda> at 0x7fa496287a90>,<function <lambda> at 0x7fa496287b30>
8240,2020-12-09 07:00:00,<function <lambda> at 0x7fa4962879f0>,<function <lambda> at 0x7fa496287a90>,<function <lambda> at 0x7fa496287b30>
8241,2020-12-09 08:00:00,<function <lambda> at 0x7fa4962879f0>,<function <lambda> at 0x7fa496287a90>,<function <lambda> at 0x7fa496287b30>
8242,2020-12-09 09:00:00,<function <lambda> at 0x7fa4962879f0>,<function <lambda> at 0x7fa496287a90>,<function <lambda> at 0x7fa496287b30>
8243,2020-12-09 10:00:00,<function <lambda> at 0x7fa4962879f0>,<function <lambda> at 0x7fa496287a90>,<function <lambda> at 0x7fa496287b30>
8244,2020-12-09 11:00:00,<function <lambda> at 0x7fa4962879f0>,<function <lambda> at 0x7fa496287a90>,<function <lambda> at 0x7fa496287b30>
8245,2020-12-09 12:00:00,<function <lambda> at 0x7fa4962879f0>,<function <lambda> at 0x7fa496287a90>,<function <lambda> at 0x7fa496287b30>
8246,2020-12-09 13:00:00,<function <lambda> at 0x7fa4962879f0>,<function <lambda> at 0x7fa496287a90>,<function <lambda> at 0x7fa496287b30>
8247,2020-12-09 14:00:00,<function <lambda> at 0x7fa4962879f0>,<function <lambda> at 0x7fa496287a90>,<function <lambda> at 0x7fa496287b30>
8248,2020-12-09 15:00:00,<function <lambda> at 0x7fa4962879f0>,<function <lambda> at 0x7fa496287a90>,<function <lambda> at 0x7fa496287b30>
8249,2020-12-09 16:00:00,<function <lambda> at 0x7fa4962879f0>,<function <lambda> at 0x7fa496287a90>,<function <lambda> at 0x7fa496287b30>
8250,2020-12-09 17:00:00,<function <lambda> at 0x7fa4962879f0>,<function <lambda> at 0x7fa496287a90>,<function <lambda> at 0x7fa496287b30>
8251,2020-12-09 18:00:00,<function <lambda> at 0x7fa4962879f0>,<function <lambda> at 0x7fa496287a90>,<function <lambda> at 0x7fa496287b30>
8252,2020-12-09 19:00:00,<function <lambda> at 0x7fa4962879f0>,<function <lambda> at 0x7fa496287a90>,<function <lambda> at 0x7fa496287b30>
8253,2020-12-09 20:00:00,<function <lambda> at 0x7fa4962879f0>,<function <lambda> at 0x7fa496287a90>,<function <lambda> at 0x7fa496287b30>
8254,2020-12-09 21:00:00,<function <lambda> at 0x7fa4962879f0>,<function <lambda> at 0x7fa496287a90>,<function <lambda> at 0x7fa496287b30>
8255,2020-12-09 22:00:00,<function <lambda> at 0x7fa4962879f0>,<function <lambda> at 0x7fa496287a90>,<function <lambda> at 0x7fa496287b30>
8256,2020-12-09 23:00:00,<function <lambda> at 0x7fa4962879f0>,<function <lambda> at 0x7fa496287a90>,<function <lambda> at 0x7fa496287b30>
8257,2020-12-10 00:00:00,<function <lambda> at 0x7fa4962879f0>,<function <lambda> at 0x7fa496287a90>,<function <lambda> at 0x7fa496287b30>
8258,2020-12-10 01:00:00,<function <lambda> at 0x7fa4962879f0>,<function <lambda> at 0x7fa496287a90>,<function <lambda> at 0x7fa496287b30>
8259,2020-12-10 02:00:00,<function <lambda> at 0x7fa4962879f0>,<function <lambda> at 0x7fa496287a90>,<function <lambda> at 0x7fa496287b30>
8260,2020-12-10 03:00:00,<function <lambda> at 0x7fa4962879f0>,<function <lambda> at 0x7fa496287a90>,<function <lambda> at 0x7fa496287b30>
8261,2020-12-10 04:00:00,<function <lambda> at 0x7fa4962879f0>,<function <lambda> at 0x7fa496287a90>,<function <lambda> at 0x7fa496287b30>
8262,2020-12-10 05:00:00,<function <lambda> at 0x7fa4962879f0>,<function <lambda> at 0x7fa496287a90>,<function <lambda> at 0x7fa496287b30>
8263,2020-12-10 06:00:00,<function <lambda> at 0x7fa4962879f0>,<function <lambda> at 0x7fa496287a90>,<function <lambda> at 0x7fa496287b30>
8264,2020-12-10 07:00:00,<function <lambda> at 0x7fa4962879f0>,<function <lambda> at 0x7fa496287a90>,<function <lambda> at 0x7fa496287b30>
8265,2020-12-10 08:00:00,<function <lambda> at 0x7fa4962879f0>,<function <lambda> at 0x7fa496287a90>,<function <lambda> at 0x7fa496287b30>
8266,2020-12-10 09:00:00,<function <lambda> at 0x7fa4962879f0>,<function <lambda> at 0x7fa496287a90>,<function <lambda> at 0x7fa496287b30>
8267,2020-12-10 10:00:00,<function <lambda> at 0x7fa4962879f0>,<function <lambda> at 0x7fa496287a90>,<function <lambda> at 0x7fa496287b30>
8268,2020-12-10 11:00:00,<function <lambda> at 0x7fa4962879f0>,<function <lambda> at 0x7fa496287a90>,<function <lambda> at 0x7fa496287b30>
8269,2020-12-10 12:00:00,<function <lambda> at 0x7fa4962879f0>,<function <lambda> at 0x7fa496287a90>,<function <lambda> at 0x7fa496287b30>
8270,2020-12-10 13:00:00,<function <lambda> at 0x7fa4962879f0>,<function <lambda> at 0x7fa496287a90>,<function <lambda> at 0x7fa496287b30>
8271,2020-12-10 14:00:00,<function <lambda> at 0x7fa4962879f0>,<function <lambda> at 0x7fa496287a90>,<function <lambda> at 0x7fa496287b30>
8272,2020-12-10 15:00:00,<function <lambda> at 0x7fa4962879f0>,<function <lambda> at 0x7fa496287a90>,<function <lambda> at 0x7fa496287b30>
8273,2020-12-10 16:00:00,<function <lambda> at 0x7fa4962879f0>,<function <lambda> at 0x7fa496287a90>,<function <lambda> at 0x7fa496287b30>
8274,2020-12-10 17:00:00,<function <lambda> at 0x7fa4962879f0>,<function <lambda> at 0x7fa496287a90>,<function <lambda> at 0x7fa496287b30>
8275,2020-12-10 18:00:00,<function <lambda> at 0x7fa4962879f0>,<function <lambda> at 0x7fa496287a90>,<function <lambda> at 0x7fa496287b30>
8276,2020-12-10 19:00:00,<function <lambda> at 0x7fa4962879f0>,<function <lambda> at 0x7fa496287a90>,<function <lambda> at 0x7fa496287b30>
8277,2020-12-10 20:00:00,<function <lambda> at 0x7fa4962879f0>,<function <lambda> at 0x7fa496287a90>,<function <lambda> at 0x7fa496287b30>
8278,2020-12-10 21:00:00,<function <lambda> at 0x7fa4962879f0>,<function <lambda> at 0x7fa496287a90>,<function <lambda> at 0x7fa496287b30>
8279,2020-12-10 22:00:00,<function <lambda> at 0x7fa4962879f0>,<function <lambda> at 0x7fa496287a90>,<function <lambda> at 0x7fa496287b30>
8280,2020-12-10 23:00:00,<function <lambda> at 0x7fa4962879f0>,<function <lambda> at 0x7fa496287a90>,<function <lambda> at 0x7fa496287b30>
8281,2020-12-11 00:00:00,<function <lambda> at 0x7fa4962879f0>,<function <lambda> at 0x7fa496287a90>,<function <lambda> at 0x7fa496287b30>
8282,2020-12-11 01:00:00,<function <lambda> at 0x7fa4962879f0>,<function <lambda> at 0x7fa496287a90>,<function <lambda> at 0x7fa496287b30>
8283,2020-12-11 02:00:00,<function <lambda> at 0x7fa4962879f0>,<function <lambda> at 0x7fa496287a90>,<function <lambda> at 0x7fa496287b30>
8284,2020-12-11 03:00:00,<function <lambda> at 0x7fa4962879f0>,<function <lambda> at 0x7fa496287a90>,<function <lambda> at 0x7fa496287b30>
8285,2020-12-11 04:00:00,<function <lambda> at 0x7fa4962879f0>,<function <lambda> at 0x7fa496287a90>,<function <lambda> at 0x7fa496287b30>
8286,2020-12-11 05:00:00,<function <lambda> at 0x7fa4962879f0>,<function <lambda> at 0x7fa496287a90>,<function <lambda> at 0x7fa496287b30>
8287,2020-12-11 06:00:00,<function <lambda> at 0x7fa4962879f0>,<function <lambda> at 0x7fa496287a90>,<function <lambda> at 0x7fa496287b30>
8288,2020-12-11 07:00:00,<function <lambda> at 0x7fa4962879f0>,<function <lambda> at 0x7fa496287a90>,<function <lambda> at 0x7fa496287b30>
8289,2020-12-11 08:00:00,<function <lambda> at 0x7fa4962879f0>,<function <lambda> at 0x7fa496287a90>,<function <lambda> at 0x7fa496287b30>
8290,2020-12-11 09:00:00,<function <lambda> at 0x7fa4962879f0>,<function <lambda> at 0x7fa496287a90>,<function <lambda> at 0x7fa496287b30>
8291,2020-12-11 10:00:00,<function <lambda> at 0x7fa4962879f0>,<function <lambda> at 0x7fa496287a90>,<function <lambda> at 0x7fa496287b30>
8292,2020-12-11 11:00:00,<function <lambda> at 0x7fa4962879f0>,<function <lambda> at 0x7fa496287a90>,<function <lambda> at 0x7fa496287b30>
8293,2020-12-11 12:00:00,<function <lambda> at 0x7fa4962879f0>,<function <lambda> at 0x7fa496287a90>,<function <lambda> at 0x7fa496287b30>
8294,2020-12-11 13:00:00,<function <lambda> at 0x7fa4962879f0>,<function <lambda> at 0x7fa496287a90>,<function <lambda> at 0x7fa496287b30>
8295,2020-12-11 14:00:00,<function <lambda> at 0x7fa4962879f0>,<function <lambda> at 0x7fa496287a90>,<function <lambda> at 0x7fa496287b30>
8296,2020-12-11 15:00:00,<function <lambda> at 0x7fa4962879f0>,<function <lambda> at 0x7fa496287a90>,<function <lambda> at 0x7fa496287b30>
8297,2020-12-11 16:00:00,<function <lambda> at 0x7fa4962879f0>,<function <lambda> at 0x7fa496287a90>,<function <lambda> at 0x7fa496287b30>
8298,2020-12-11 17:00:00,<function <lambda> at 0x7fa4962879f0>,<function <lambda> at 0x7fa496287a90>,<function <lambda> at 0x7fa496287b30>
8299,2020-12-11 18:00:00,<function <lambda> at 0x7fa4962879f0>,<function <lambda> at 0x7fa496287a90>,<function <lambda> at 0x7fa496287b30>
8300,2020-12-11 19:00:00,<function <lambda> at 0x7fa4962879f0>,<function <lambda> at 0x7fa496287a90>,<function <lambda> at 0x7fa496287b30>
8301,2020-12-11 20:00:00,<function <lambda> at 0x7fa4962879f0>,<function <lambda> at 0x7fa496287a90>,<function <lambda> at 0x7fa496287b30>
8302,2020-12-11 21:00:00,<function <lambda> at 0x7fa4962879f0>,<function <lambda> at 0x7fa496287a90>,<function <lambda> at 0x7fa496287b30>
8303,2020-12-11 22:00:00,<function <lambda> at 0x7fa4962879f0>,<function <lambda> at 0x7fa496287a90>,<function <lambda> at 0x7fa496287b30>
8304,2020-12-11 23:00:00,<function <lambda> at 0x7fa4962879f0>,<function <lambda> at 0x7fa496287a90>,<function <lambda> at 0x7fa496287b30>
8305,2020-12-12 00:00:00,<function <lambda> at 0x7fa4962879f0>,<function <lambda> at 0x7fa496287a90>,<function <lambda> at 0x7fa496287b30>
8306,2020-12-12 01:00:00,<function <lambda> at 0x7fa4962879f0>,<function <lambda> at 0x7fa496287a90>,<function <lambda> at 0x7fa496287b30>
8307,2020-12-12 02:00:00,<function <lambda> at 0x7fa4962879f0>,<function <lambda> at 0x7fa496287a90>,<function <lambda> at 0x7fa496287b30>
8308,2020-12-12 03:00:00,<function <lambda> at 0x7fa4962879f0>,<function <lambda> at 0x7fa496287a90>,<function <lambda> at 0x7fa496287b30>
8309,2020-12-12 04:00:00,<function <lambda> at 0x7fa4962879f0>,<function <lambda> at 0x7fa496287a90>,<function <lambda> at 0x7fa496287b30>
8310,2020-12-12 05:00:00,<function <lambda> at 0x7fa4962879f0>,<function <lambda> at 0x7fa496287a90>,<function <lambda> at 0x7fa496287b30>
8311,2020-12-12 06:00:00,<function <lambda> at 0x7fa4962879f0>,<function <lambda> at 0x7fa496287a90>,<function <lambda> at 0x7fa496287b30>
8312,2020-12-12 07:00:00,<function <lambda> at 0x7fa4962879f0>,<function <lambda> at 0x7fa496287a90>,<function <lambda> at 0x7fa496287b30>
8313,2020-12-12 08:00:00,<function <lambda> at 0x7fa4962879f0>,<function <lambda> at 0x7fa496287a90>,<function <lambda> at 0x7fa496287b30>
8314,2020-12-12 09:00:00,<function <lambda> at 0x7fa4962879f0>,<function <lambda> at 0x7fa496287a90>,<function <lambda> at 0x7fa496287b30>
8315,2020-12-12 10:00:00,<function <lambda> at 0x7fa4962879f0>,<function <lambda> at 0x7fa496287a90>,<function <lambda> at 0x7fa496287b30>
8316,2020-12-12 11:00:00,<function <lambda> at 0x7fa4962879f0>,<function <lambda> at 0x7fa496287a90>,<function <lambda> at 0x7fa496287b30>
8317,2020-12-12 12:00:00,<function <lambda> at 0x7fa4962879f0>,<function <lambda> at 0x7fa496287a90>,<function <lambda> at 0x7fa496287b30>
8318,2020-12-12 13:00:00,<function <lambda> at 0x7fa4962879f0>,<function <lambda> at 0x7fa496287a90>,<function <lambda> at 0x7fa496287b30>
8319,2020-12-12 14:00:00,<function <lambda> at 0x7fa4962879f0>,<function <lambda> at 0x7fa496287a90>,<function <lambda> at 0x7fa496287b30>
8320,2020-12-12 15:00:00,<function <lambda> at 0x7fa4962879f0>,<function <lambda> at 0x7fa496287a90>,<function <lambda> at 0x7fa496287b30>
8321,2020-12-12 16:00:00,<function <lambda> at 0x7fa4962879f0>,<function <lambda> at 0x7fa496287a90>,<function <lambda> at 0x7fa496287b30>
8322,2020-12-12 17:00:00,<function <lambda> at 0x7fa4962879f0>,<function <lambda> at 0x7fa496287a90>,<function <lambda> at 0x7fa496287b30>
8323,2020-12-12 18:00:00,<function <lambda> at 0x7fa4962879f0>,<function <lambda> at 0x7fa496287a90>,<function <lambda> at 0x7fa496287b30>
8324,2020-12-12 19:00:00,<function <lambda> at 0x7fa4962879f0>,<function <lambda> at 0x7fa496287a90>,<function <lambda> at 0x7fa496287b30>
8325,2020-12-12 20:00:00,<function <lambda> at 0x7fa4962879f0>,<function <lambda> at 0x7fa496287a90>,<function <lambda> at 0x7fa496287b30>
8326,2020-12-12 21:00:00,<function <lambda> at 0x7fa4962879f0>,<function <lambda> at 0x7fa496287a90>,<function <lambda> at 0x7fa496287b30>
8327,2020-12-12 22:00:00,<function <lambda> at 0x7fa4962879f0>,<function <lambda> at 0x7fa496287a90>,<function <lambda> at 0x7fa496287b30>
8328,2020-12-12 23:00:00,<function <lambda> at 0x7fa4962879f0>,<function <lambda> at 0x7fa496287a90>,<function <lambda> at 0x7fa496287b30>
8329,2020-12-13 00:00:00,<function <lambda> at 0x7fa4962879f0>,<function <lambda> at 0x7fa496287a90>,<function <lambda> at 0x7fa496287b30>
8330,2020-12-13 01:00:00,<function <lambda> at 0x7fa4962879f0>,<function <lambda> at 0x7fa496287a90>,<function <lambda> at 0x7fa496287b30>
8331,2020-12-13 02:00:00,<function <lambda> at 0x7fa4962879f0>,<function <lambda> at 0x7fa496287a90>,<function <lambda> at 0x7fa496287b30>
8332,2020-12-13 03:00:00,<function <lambda> at 0x7fa4962879f0>,<function <lambda> at 0x7fa496287a90>,<function <lambda> at 0x7fa496287b30>
8333,2020-12-13 04:00:00,<function <lambda> at 0x7fa4962879f0>,<function <lambda> at 0x7fa496287a90>,<function <lambda> at 0x7fa496287b30>
8334,2020-12-13 05:00:00,<function <lambda> at 0x7fa4962879f0>,<function <lambda> at 0x7fa496287a90>,<function <lambda> at 0x7fa496287b30>
8335,2020-12-13 06:00:00,<function <lambda> at 0x7fa4962879f0>,<function <lambda> at 0x7fa496287a90>,<function <lambda> at 0x7fa496287b30>
8336,2020-12-13 07:00:00,<function <lambda> at 0x7fa4962879f0>,<function <lambda> at 0x7fa496287a90>,<function <lambda> at 0x7fa496287b30>
8337,2020-12-13 08:00:00,<function <lambda> at 0x7fa4962879f0>,<function <lambda> at 0x7fa496287a90>,<function <lambda> at 0x7fa496287b30>
8338,2020-12-13 09:00:00,<function <lambda> at 0x7fa4962879f0>,<function <lambda> at 0x7fa496287a90>,<function <lambda> at 0x7fa496287b30>
8339,2020-12-13 10:00:00,<function <lambda> at 0x7fa4962879f0>,<function <lambda> at 0x7fa496287a90>,<function <lambda> at 0x7fa496287b30>
8340,2020-12-13 11:00:00,<function <lambda> at 0x7fa4962879f0>,<function <lambda> at 0x7fa496287a90>,<function <lambda> at 0x7fa496287b30>
8341,2020-12-13 12:00:00,<function <lambda> at 0x7fa4962879f0>,<function <lambda> at 0x7fa496287a90>,<function <lambda> at 0x7fa496287b30>
8342,2020-12-13 13:00:00,<function <lambda> at 0x7fa4962879f0>,<function <lambda> at 0x7fa496287a90>,<function <lambda> at 0x7fa496287b30>
8343,2020-12-13 14:00:00,<function <lambda> at 0x7fa4962879f0>,<function <lambda> at 0x7fa496287a90>,<function <lambda> at 0x7fa496287b30>
8344,2020-12-13 15:00:00,<function <lambda> at 0x7fa4962879f0>,<function <lambda> at 0x7fa496287a90>,<function <lambda> at 0x7fa496287b30>
8345,2020-12-13 16:00:00,<function <lambda> at 0x7fa4962879f0>,<function <lambda> at 0x7fa496287a90>,<function <lambda> at 0x7fa496287b30>
8346,2020-12-13 17:00:00,<function <lambda> at 0x7fa4962879f0>,<function <lambda> at 0x7fa496287a90>,<function <lambda> at 0x7fa496287b30>
8347,2020-12-13 18:00:00,<function <lambda> at 0x7fa4962879f0>,<function <lambda> at 0x7fa496287a90>,<function <lambda> at 0x7fa496287b30>
8348,2020-12-13 19:00:00,<function <lambda> at 0x7fa4962879f0>,<function <lambda> at 0x7fa496287a90>,<function <lambda> at 0x7fa496287b30>
8349,2020-12-13 20:00:00,<function <lambda> at 0x7fa4962879f0>,<function <lambda> at 0x7fa496287a90>,<function <lambda> at 0x7fa496287b30>
8350,2020-12-13 21:00:00,<function <lambda> at 0x7fa4962879f0>,<function <lambda> at 0x7fa496287a90>,<function <lambda> at 0x7fa496287b30>
8351,2020-12-13 22:00:00,<function <lambda> at 0x7fa4962879f0>,<function <lambda> at 0x7fa496287a90>,<function <lambda> at 0x7fa496287b30>
8352,2020-12-13 23:00:00,<function <lambda> at 0x7fa4962879f0>,<function <lambda> at 0x7fa496287a90>,<function <lambda> at 0x7fa496287b30>
8353,2020-12-14 00:00:00,<function <lambda> at 0x7fa4962879f0>,<function <lambda> at 0x7fa496287a90>,<function <lambda> at 0x7fa496287b30>
8354,2020-12-14 01:00:00,<function <lambda> at 0x7fa4962879f0>,<function <lambda> at 0x7fa496287a90>,<function <lambda> at 0x7fa496287b30>
8355,2020-12-14 02:00:00,<function <lambda> at 0x7fa4962879f0>,<function <lambda> at 0x7fa496287a90>,<function <lambda> at 0x7fa496287b30>
8356,2020-12-14 03:00:00,<function <lambda> at 0x7fa4962879f0>,<function <lambda> at 0x7fa496287a90>,<function <lambda> at 0x7fa496287b30>
8357,2020-12-14 04:00:00,<function <lambda> at 0x7fa4962879f0>,<function <lambda> at 0x7fa496287a90>,<function <lambda> at 0x7fa496287b30>
8358,2020-12-14 05:00:00,<function <lambda> at 0x7fa4962879f0>,<function <lambda> at 0x7fa496287a90>,<function <lambda> at 0x7fa496287b30>
8359,2020-12-14 06:00:00,<function <lambda> at 0x7fa4962879f0>,<function <lambda> at 0x7fa496287a90>,<function <lambda> at 0x7fa496287b30>
8360,2020-12-14 07:00:00,<function <lambda> at 0x7fa4962879f0>,<function <lambda> at 0x7fa496287a90>,<function <lambda> at 0x7fa496287b30>
8361,2020-12-14 08:00:00,<function <lambda> at 0x7fa4962879f0>,<function <lambda> at 0x7fa496287a90>,<function <lambda> at 0x7fa496287b30>
8362,2020-12-14 09:00:00,<function <lambda> at 0x7fa4962879f0>,<function <lambda> at 0x7fa496287a90>,<function <lambda> at 0x7fa496287b30>
8363,2020-12-14 10:00:00,<function <lambda> at 0x7fa4962879f0>,<function <lambda> at 0x7fa496287a90>,<function <lambda> at 0x7fa496287b30>
8364,2020-12-14 11:00:00,<function <lambda> at 0x7fa4962879f0>,<function <lambda> at 0x7fa496287a90>,<function <lambda> at 0x7fa496287b30>
8365,2020-12-14 12:00:00,<function <lambda> at 0x7fa4962879f0>,<function <lambda> at 0x7fa496287a90>,<function <lambda> at 0x7fa496287b30>
8366,2020-12-14 13:00:00,<function <lambda> at 0x7fa4962879f0>,<function <lambda> at 0x7fa496287a90>,<function <lambda> at 0x7fa496287b30>
8367,2020-12-14 14:00:00,<function <lambda> at 0x7fa4962879f0>,<function <lambda> at 0x7fa496287a90>,<function <lambda> at 0x7fa496287b30>
8368,2020-12-14 15:00:00,<function <lambda> at 0x7fa4962879f0>,<function <lambda> at 0x7fa496287a90>,<function <lambda> at 0x7fa496287b30>
8369,2020-12-14 16:00:00,<function <lambda> at 0x7fa4962879f0>,<function <lambda> at 0x7fa496287a90>,<function <lambda> at 0x7fa496287b30>
8370,2020-12-14 17:00:00,<function <lambda> at 0x7fa4962879f0>,<function <lambda> at 0x7fa496287a90>,<function <lambda> at 0x7fa496287b30>
8371,2020-12-14 18:00:00,<function <lambda> at 0x7fa4962879f0>,<function <lambda> at 0x7fa496287a90>,<function <lambda> at 0x7fa496287b30>
8372,2020-12-14 19:00:00,<function <lambda> at 0x7fa4962879f0>,<function <lambda> at 0x7fa496287a90>,<function <lambda> at 0x7fa496287b30>
8373,2020-12-14 20:00:00,<function <lambda> at 0x7fa4962879f0>,<function <lambda> at 0x7fa496287a90>,<function <lambda> at 0x7fa496287b30>
8374,2020-12-14 21:00:00,<function <lambda> at 0x7fa4962879f0>,<function <lambda> at 0x7fa496287a90>,<function <lambda> at 0x7fa496287b30>
8375,2020-12-14 22:00:00,<function <lambda> at 0x7fa4962879f0>,<function <lambda> at 0x7fa496287a90>,<function <lambda> at 0x7fa496287b30>
8376,2020-12-14 23:00:00,<function <lambda> at 0x7fa4962879f0>,<function <lambda> at 0x7fa496287a90>,<function <lambda> at 0x7fa496287b30>
8377,2020-12-15 00:00:00,<function <lambda> at 0x7fa4962879f0>,<function <lambda> at 0x7fa496287a90>,<function <lambda> at 0x7fa496287b30>
8378,2020-12-15 01:00:00,<function <lambda> at 0x7fa4962879f0>,<function <lambda> at 0x7fa496287a90>,<function <lambda> at 0x7fa496287b30>
8379,2020-12-15 02:00:00,<function <lambda> at 0x7fa4962879f0>,<function <lambda> at 0x7fa496287a90>,<function <lambda> at 0x7fa496287b30>
8380,2020-12-15 03:00:00,<function <lambda> at 0x7fa4962879f0>,<function <lambda> at 0x7fa496287a90>,<function <lambda> at 0x7fa496287b30>
8381,2020-12-15 04:00:00,<function <lambda> at 0x7fa4962879f0>,<function <lambda> at 0x7fa496287a90>,<function <lambda> at 0x7fa496287b30>
8382,2020-12-15 05:00:00,<function <lambda> at 0x7fa4962879f0>,<function <lambda> at 0x7fa496287a90>,<function <lambda> at 0x7fa496287b30>
8383,2020-12-15 06:00:00,<function <lambda> at 0x7fa4962879f0>,<function <lambda> at 0x7fa496287a90>,<function <lambda> at 0x7fa496287b30>
8384,2020-12-15 07:00:00,<function <lambda> at 0x7fa4962879f0>,<function <lambda> at 0x7fa496287a90>,<function <lambda> at 0x7fa496287b30>
8385,2020-12-15 08:00:00,<function <lambda> at 0x7fa4962879f0>,<function <lambda> at 0x7fa496287a90>,<function <lambda> at 0x7fa496287b30>
8386,2020-12-15 09:00:00,<function <lambda> at 0x7fa4962879f0>,<function <lambda> at 0x7fa496287a90>,<function <lambda> at 0x7fa496287b30>
8387,2020-12-15 10:00:00,<function <lambda> at 0x7fa4962879f0>,<function <lambda> at 0x7fa496287a90>,<function <lambda> at 0x7fa496287b30>
8388,2020-12-15 11:00:00,<function <lambda> at 0x7fa4962879f0>,<function <lambda> at 0x7fa496287a90>,<function <lambda> at 0x7fa496287b30>
8389,2020-12-15 12:00:00,<function <lambda> at 0x7fa4962879f0>,<function <lambda> at 0x7fa496287a90>,<function <lambda> at 0x7fa496287b30>
8390,2020-12-15 13:00:00,<function <lambda> at 0x7fa4962879f0>,<function <lambda> at 0x7fa496287a90>,<function <lambda> at 0x7fa496287b30>
8391,2020-12-15 14:00:00,<function <lambda> at 0x7fa4962879f0>,<function <lambda> at 0x7fa496287a90>,<function <lambda> at 0x7fa496287b30>
8392,2020-12-15 15:00:00,<function <lambda> at 0x7fa4962879f0>,<function <lambda> at 0x7fa496287a90>,<function <lambda> at 0x7fa496287b30>
8393,2020-12-15 16:00:00,<function <lambda> at 0x7fa4962879f0>,<function <lambda> at 0x7fa496287a90>,<function <lambda> at 0x7fa496287b30>
8394,2020-12-15 17:00:00,<function <lambda> at 0x7fa4962879f0>,<function <lambda> at 0x7fa496287a90>,<function <lambda> at 0x7fa496287b30>
8395,2020-12-15 18:00:00,<function <lambda> at 0x7fa4962879f0>,<function <lambda> at 0x7fa496287a90>,<function <lambda> at 0x7fa496287b30>
8396,2020-12-15 19:00:00,<function <lambda> at 0x7fa4962879f0>,<function <lambda> at 0x7fa496287a90>,<function <lambda> at 0x7fa496287b30>
8397,2020-12-15 20:00:00,<function <lambda> at 0x7fa4962879f0>,<function <lambda> at 0x7fa496287a90>,<function <lambda> at 0x7fa496287b30>
8398,2020-12-15 21:00:00,<function <lambda> at 0x7fa4962879f0>,<function <lambda> at 0x7fa496287a90>,<function <lambda> at 0x7fa496287b30>
8399,2020-12-15 22:00:00,<function <lambda> at 0x7fa4962879f0>,<function <lambda> at 0x7fa496287a90>,<function <lambda> at 0x7fa496287b30>
8400,2020-12-15 23:00:00,<function <lambda> at 0x7fa4962879f0>,<function <lambda> at 0x7fa496287a90>,<function <lambda> at 0x7fa496287b30>
8401,2020-12-16 00:00:00,<function <lambda> at 0x7fa4962879f0>,<function <lambda> at 0x7fa496287a90>,<function <lambda> at 0x7fa496287b30>
8402,2020-12-16 01:00:00,<function <lambda> at 0x7fa4962879f0>,<function <lambda> at 0x7fa496287a90>,<function <lambda> at 0x7fa496287b30>
8403,2020-12-16 02:00:00,<function <lambda> at 0x7fa4962879f0>,<function <lambda> at 0x7fa496287a90>,<function <lambda> at 0x7fa496287b30>
8404,2020-12-16 03:00:00,<function <lambda> at 0x7fa4962879f0>,<function <lambda> at 0x7fa496287a90>,<function <lambda> at 0x7fa496287b30>
8405,2020-12-16 04:00:00,<function <lambda> at 0x7fa4962879f0>,<function <lambda> at 0x7fa496287a90>,<function <lambda> at 0x7fa496287b30>
8406,2020-12-16 05:00:00,<function <lambda> at 0x7fa4962879f0>,<function <lambda> at 0x7fa496287a90>,<function <lambda> at 0x7fa496287b30>
8407,2020-12-16 06:00:00,<function <lambda> at 0x7fa4962879f0>,<function <lambda> at 0x7fa496287a90>,<function <lambda> at 0x7fa496287b30>
8408,2020-12-16 07:00:00,<function <lambda> at 0x7fa4962879f0>,<function <lambda> at 0x7fa496287a90>,<function <lambda> at 0x7fa496287b30>
8409,2020-12-16 08:00:00,<function <lambda> at 0x7fa4962879f0>,<function <lambda> at 0x7fa496287a90>,<function <lambda> at 0x7fa496287b30>
8410,2020-12-16 09:00:00,<function <lambda> at 0x7fa4962879f0>,<function <lambda> at 0x7fa496287a90>,<function <lambda> at 0x7fa496287b30>
8411,2020-12-16 10:00:00,<function <lambda> at 0x7fa4962879f0>,<function <lambda> at 0x7fa496287a90>,<function <lambda> at 0x7fa496287b30>
8412,2020-12-16 11:00:00,<function <lambda> at 0x7fa4962879f0>,<function <lambda> at 0x7fa496287a90>,<function <lambda> at 0x7fa496287b30>
8413,2020-12-16 12:00:00,<function <lambda> at 0x7fa4962879f0>,<function <lambda> at 0x7fa496287a90>,<function <lambda> at 0x7fa496287b30>
8414,2020-12-16 13:00:00,<function <lambda> at 0x7fa4962879f0>,<function <lambda> at 0x7fa496287a90>,<function <lambda> at 0x7fa496287b30>
8415,2020-12-16 14:00:00,<function <lambda> at 0x7fa4962879f0>,<function <lambda> at 0x7fa496287a90>,<function <lambda> at 0x7fa496287b30>
8416,2020-12-16 15:00:00,<function <lambda> at 0x7fa4962879f0>,<function <lambda> at 0x7fa496287a90>,<function <lambda> at 0x7fa496287b30>
8417,2020-12-16 16:00:00,<function <lambda> at 0x7fa4962879f0>,<function <lambda> at 0x7fa496287a90>,<function <lambda> at 0x7fa496287b30>
8418,2020-12-16 17:00:00,<function <lambda> at 0x7fa4962879f0>,<function <lambda> at 0x7fa496287a90>,<function <lambda> at 0x7fa496287b30>
8419,2020-12-16 18:00:00,<function <lambda> at 0x7fa4962879f0>,<function <lambda> at 0x7fa496287a90>,<function <lambda> at 0x7fa496287b30>
8420,2020-12-16 19:00:00,<function <lambda> at 0x7fa4962879f0>,<function <lambda> at 0x7fa496287a90>,<function <lambda> at 0x7fa496287b30>
8421,2020-12-16 20:00:00,<function <lambda> at 0x7fa4962879f0>,<function <lambda> at 0x7fa496287a90>,<function <lambda> at 0x7fa496287b30>
8422,2020-12-16 21:00:00,<function <lambda> at 0x7fa4962879f0>,<function <lambda> at 0x7fa496287a90>,<function <lambda> at 0x7fa496287b30>
8423,2020-12-16 22:00:00,<function <lambda> at 0x7fa4962879f0>,<function <lambda> at 0x7fa496287a90>,<function <lambda> at 0x7fa496287b30>
8424,2020-12-16 23:00:00,<function <lambda> at 0x7fa4962879f0>,<function <lambda> at 0x7fa496287a90>,<function <lambda> at 0x7fa496287b30>
8425,2020-12-17 00:00:00,<function <lambda> at 0x7fa4962879f0>,<function <lambda> at 0x7fa496287a90>,<function <lambda> at 0x7fa496287b30>
8426,2020-12-17 01:00:00,<function <lambda> at 0x7fa4962879f0>,<function <lambda> at 0x7fa496287a90>,<function <lambda> at 0x7fa496287b30>
8427,2020-12-17 02:00:00,<function <lambda> at 0x7fa4962879f0>,<function <lambda> at 0x7fa496287a90>,<function <lambda> at 0x7fa496287b30>
8428,2020-12-17 03:00:00,<function <lambda> at 0x7fa4962879f0>,<function <lambda> at 0x7fa496287a90>,<function <lambda> at 0x7fa496287b30>
8429,2020-12-17 04:00:00,<function <lambda> at 0x7fa4962879f0>,<function <lambda> at 0x7fa496287a90>,<function <lambda> at 0x7fa496287b30>
8430,2020-12-17 05:00:00,<function <lambda> at 0x7fa4962879f0>,<function <lambda> at 0x7fa496287a90>,<function <lambda> at 0x7fa496287b30>
8431,2020-12-17 06:00:00,<function <lambda> at 0x7fa4962879f0>,<function <lambda> at 0x7fa496287a90>,<function <lambda> at 0x7fa496287b30>
8432,2020-12-17 07:00:00,<function <lambda> at 0x7fa4962879f0>,<function <lambda> at 0x7fa496287a90>,<function <lambda> at 0x7fa496287b30>
8433,2020-12-17 08:00:00,<function <lambda> at 0x7fa4962879f0>,<function <lambda> at 0x7fa496287a90>,<function <lambda> at 0x7fa496287b30>
8434,2020-12-17 09:00:00,<function <lambda> at 0x7fa4962879f0>,<function <lambda> at 0x7fa496287a90>,<function <lambda> at 0x7fa496287b30>
8435,2020-12-17 10:00:00,<function <lambda> at 0x7fa4962879f0>,<function <lambda> at 0x7fa496287a90>,<function <lambda> at 0x7fa496287b30>
8436,2020-12-17 11:00:00,<function <lambda> at 0x7fa4962879f0>,<function <lambda> at 0x7fa496287a90>,<function <lambda> at 0x7fa496287b30>
8437,2020-12-17 12:00:00,<function <lambda> at 0x7fa4962879f0>,<function <lambda> at 0x7fa496287a90>,<function <lambda> at 0x7fa496287b30>
8438,2020-12-17 13:00:00,<function <lambda> at 0x7fa4962879f0>,<function <lambda> at 0x7fa496287a90>,<function <lambda> at 0x7fa496287b30>
8439,2020-12-17 14:00:00,<function <lambda> at 0x7fa4962879f0>,<function <lambda> at 0x7fa496287a90>,<function <lambda> at 0x7fa496287b30>
8440,2020-12-17 15:00:00,<function <lambda> at 0x7fa4962879f0>,<function <lambda> at 0x7fa496287a90>,<function <lambda> at 0x7fa496287b30>
8441,2020-12-17 16:00:00,<function <lambda> at 0x7fa4962879f0>,<function <lambda> at 0x7fa496287a90>,<function <lambda> at 0x7fa496287b30>
8442,2020-12-17 17:00:00,<function <lambda> at 0x7fa4962879f0>,<function <lambda> at 0x7fa496287a90>,<function <lambda> at 0x7fa496287b30>
8443,2020-12-17 18:00:00,<function <lambda> at 0x7fa4962879f0>,<function <lambda> at 0x7fa496287a90>,<function <lambda> at 0x7fa496287b30>
8444,2020-12-17 19:00:00,<function <lambda> at 0x7fa4962879f0>,<function <lambda> at 0x7fa496287a90>,<function <lambda> at 0x7fa496287b30>
8445,2020-12-17 20:00:00,<function <lambda> at 0x7fa4962879f0>,<function <lambda> at 0x7fa496287a90>,<function <lambda> at 0x7fa496287b30>
8446,2020-12-17 21:00:00,<function <lambda> at 0x7fa4962879f0>,<function <lambda> at 0x7fa496287a90>,<function <lambda> at 0x7fa496287b30>
8447,2020-12-17 22:00:00,<function <lambda> at 0x7fa4962879f0>,<function <lambda> at 0x7fa496287a90>,<function <lambda> at 0x7fa496287b30>
8448,2020-12-17 23:00:00,<function <lambda> at 0x7fa4962879f0>,<function <lambda> at 0x7fa496287a90>,<function <lambda> at 0x7fa496287b30>
8449,2020-12-18 00:00:00,<function <lambda> at 0x7fa4962879f0>,<function <lambda> at 0x7fa496287a90>,<function <lambda> at 0x7fa496287b30>
8450,2020-12-18 01:00:00,<function <lambda> at 0x7fa4962879f0>,<function <lambda> at 0x7fa496287a90>,<function <lambda> at 0x7fa496287b30>
8451,2020-12-18 02:00:00,<function <lambda> at 0x7fa4962879f0>,<function <lambda> at 0x7fa496287a90>,<function <lambda> at 0x7fa496287b30>
8452,2020-12-18 03:00:00,<function <lambda> at 0x7fa4962879f0>,<function <lambda> at 0x7fa496287a90>,<function <lambda> at 0x7fa496287b30>
8453,2020-12-18 04:00:00,<function <lambda> at 0x7fa4962879f0>,<function <lambda> at 0x7fa496287a90>,<function <lambda> at 0x7fa496287b30>
8454,2020-12-18 05:00:00,<function <lambda> at 0x7fa4962879f0>,<function <lambda> at 0x7fa496287a90>,<function <lambda> at 0x7fa496287b30>
8455,2020-12-18 06:00:00,<function <lambda> at 0x7fa4962879f0>,<function <lambda> at 0x7fa496287a90>,<function <lambda> at 0x7fa496287b30>
8456,2020-12-18 07:00:00,<function <lambda> at 0x7fa4962879f0>,<function <lambda> at 0x7fa496287a90>,<function <lambda> at 0x7fa496287b30>
8457,2020-12-18 08:00:00,<function <lambda> at 0x7fa4962879f0>,<function <lambda> at 0x7fa496287a90>,<function <lambda> at 0x7fa496287b30>
8458,2020-12-18 09:00:00,<function <lambda> at 0x7fa4962879f0>,<function <lambda> at 0x7fa496287a90>,<function <lambda> at 0x7fa496287b30>
8459,2020-12-18 10:00:00,<function <lambda> at 0x7fa4962879f0>,<function <lambda> at 0x7fa496287a90>,<function <lambda> at 0x7fa496287b30>
8460,2020-12-18 11:00:00,<function <lambda> at 0x7fa4962879f0>,<function <lambda> at 0x7fa496287a90>,<function <lambda> at 0x7fa496287b30>
8461,2020-12-18 12:00:00,<function <lambda> at 0x7fa4962879f0>,<function <lambda> at 0x7fa496287a90>,<function <lambda> at 0x7fa496287b30>
8462,2020-12-18 13:00:00,<function <lambda> at 0x7fa4962879f0>,<function <lambda> at 0x7fa496287a90>,<function <lambda> at 0x7fa496287b30>
8463,2020-12-18 14:00:00,<function <lambda> at 0x7fa4962879f0>,<function <lambda> at 0x7fa496287a90>,<function <lambda> at 0x7fa496287b30>
8464,2020-12-18 15:00:00,<function <lambda> at 0x7fa4962879f0>,<function <lambda> at 0x7fa496287a90>,<function <lambda> at 0x7fa496287b30>
8465,2020-12-18 16:00:00,<function <lambda> at 0x7fa4962879f0>,<function <lambda> at 0x7fa496287a90>,<function <lambda> at 0x7fa496287b30>
8466,2020-12-18 17:00:00,<function <lambda> at 0x7fa4962879f0>,<function <lambda> at 0x7fa496287a90>,<function <lambda> at 0x7fa496287b30>
8467,2020-12-18 18:00:00,<function <lambda> at 0x7fa4962879f0>,<function <lambda> at 0x7fa496287a90>,<function <lambda> at 0x7fa496287b30>
8468,2020-12-18 19:00:00,<function <lambda> at 0x7fa4962879f0>,<function <lambda> at 0x7fa496287a90>,<function <lambda> at 0x7fa496287b30>
8469,2020-12-18 20:00:00,<function <lambda> at 0x7fa4962879f0>,<function <lambda> at 0x7fa496287a90>,<function <lambda> at 0x7fa496287b30>
8470,2020-12-18 21:00:00,<function <lambda> at 0x7fa4962879f0>,<function <lambda> at 0x7fa496287a90>,<function <lambda> at 0x7fa496287b30>
8471,2020-12-18 22:00:00,<function <lambda> at 0x7fa4962879f0>,<function <lambda> at 0x7fa496287a90>,<function <lambda> at 0x7fa496287b30>
8472,2020-12-18 23:00:00,<function <lambda> at 0x7fa4962879f0>,<function <lambda> at 0x7fa496287a90>,<function <lambda> at 0x7fa496287b30>
8473,2020-12-19 00:00:00,<function <lambda> at 0x7fa4962879f0>,<function <lambda> at 0x7fa496287a90>,<function <lambda> at 0x7fa496287b30>
8474,2020-12-19 01:00:00,<function <lambda> at 0x7fa4962879f0>,<function <lambda> at 0x7fa496287a90>,<function <lambda> at 0x7fa496287b30>
8475,2020-12-19 02:00:00,<function <lambda> at 0x7fa4962879f0>,<function <lambda> at 0x7fa496287a90>,<function <lambda> at 0x7fa496287b30>
8476,2020-12-19 03:00:00,<function <lambda> at 0x7fa4962879f0>,<function <lambda> at 0x7fa496287a90>,<function <lambda> at 0x7fa496287b30>
8477,2020-12-19 04:00:00,<function <lambda> at 0x7fa4962879f0>,<function <lambda> at 0x7fa496287a90>,<function <lambda> at 0x7fa496287b30>
8478,2020-12-19 05:00:00,<function <lambda> at 0x7fa4962879f0>,<function <lambda> at 0x7fa496287a90>,<function <lambda> at 0x7fa496287b30>
8479,2020-12-19 06:00:00,<function <lambda> at 0x7fa4962879f0>,<function <lambda> at 0x7fa496287a90>,<function <lambda> at 0x7fa496287b30>
8480,2020-12-19 07:00:00,<function <lambda> at 0x7fa4962879f0>,<function <lambda> at 0x7fa496287a90>,<function <lambda> at 0x7fa496287b30>
8481,2020-12-19 08:00:00,<function <lambda> at 0x7fa4962879f0>,<function <lambda> at 0x7fa496287a90>,<function <lambda> at 0x7fa496287b30>
8482,2020-12-19 09:00:00,<function <lambda> at 0x7fa4962879f0>,<function <lambda> at 0x7fa496287a90>,<function <lambda> at 0x7fa496287b30>
8483,2020-12-19 10:00:00,<function <lambda> at 0x7fa4962879f0>,<function <lambda> at 0x7fa496287a90>,<function <lambda> at 0x7fa496287b30>
8484,2020-12-19 11:00:00,<function <lambda> at 0x7fa4962879f0>,<function <lambda> at 0x7fa496287a90>,<function <lambda> at 0x7fa496287b30>
8485,2020-12-19 12:00:00,<function <lambda> at 0x7fa4962879f0>,<function <lambda> at 0x7fa496287a90>,<function <lambda> at 0x7fa496287b30>
8486,2020-12-19 13:00:00,<function <lambda> at 0x7fa4962879f0>,<function <lambda> at 0x7fa496287a90>,<function <lambda> at 0x7fa496287b30>
8487,2020-12-19 14:00:00,<function <lambda> at 0x7fa4962879f0>,<function <lambda> at 0x7fa496287a90>,<function <lambda> at 0x7fa496287b30>
8488,2020-12-19 15:00:00,<function <lambda> at 0x7fa4962879f0>,<function <lambda> at 0x7fa496287a90>,<function <lambda> at 0x7fa496287b30>
8489,2020-12-19 16:00:00,<function <lambda> at 0x7fa4962879f0>,<function <lambda> at 0x7fa496287a90>,<function <lambda> at 0x7fa496287b30>
8490,2020-12-19 17:00:00,<function <lambda> at 0x7fa4962879f0>,<function <lambda> at 0x7fa496287a90>,<function <lambda> at 0x7fa496287b30>
8491,2020-12-19 18:00:00,<function <lambda> at 0x7fa4962879f0>,<function <lambda> at 0x7fa496287a90>,<function <lambda> at 0x7fa496287b30>
8492,2020-12-19 19:00:00,<function <lambda> at 0x7fa4962879f0>,<function <lambda> at 0x7fa496287a90>,<function <lambda> at 0x7fa496287b30>
8493,2020-12-19 20:00:00,<function <lambda> at 0x7fa4962879f0>,<function <lambda> at 0x7fa496287a90>,<function <lambda> at 0x7fa496287b30>
8494,2020-12-19 21:00:00,<function <lambda> at 0x7fa4962879f0>,<function <lambda> at 0x7fa496287a90>,<function <lambda> at 0x7fa496287b30>
8495,2020-12-19 22:00:00,<function <lambda> at 0x7fa4962879f0>,<function <lambda> at 0x7fa496287a90>,<function <lambda> at 0x7fa496287b30>
8496,2020-12-19 23:00:00,<function <lambda> at 0x7fa4962879f0>,<function <lambda> at 0x7fa496287a90>,<function <lambda> at 0x7fa496287b30>
8497,2020-12-20 00:00:00,<function <lambda> at 0x7fa4962879f0>,<function <lambda> at 0x7fa496287a90>,<function <lambda> at 0x7fa496287b30>
8498,2020-12-20 01:00:00,<function <lambda> at 0x7fa4962879f0>,<function <lambda> at 0x7fa496287a90>,<function <lambda> at 0x7fa496287b30>
8499,2020-12-20 02:00:00,<function <lambda> at 0x7fa4962879f0>,<function <lambda> at 0x7fa496287a90>,<function <lambda> at 0x7fa496287b30>
8500,2020-12-20 03:00:00,<function <lambda> at 0x7fa4962879f0>,<function <lambda> at 0x7fa496287a90>,<function <lambda> at 0x7fa496287b30>
8501,2020-12-20 04:00:00,<function <lambda> at 0x7fa4962879f0>,<function <lambda> at 0x7fa496287a90>,<function <lambda> at 0x7fa496287b30>
8502,2020-12-20 05:00:00,<function <lambda> at 0x7fa4962879f0>,<function <lambda> at 0x7fa496287a90>,<function <lambda> at 0x7fa496287b30>
8503,2020-12-20 06:00:00,<function <lambda> at 0x7fa4962879f0>,<function <lambda> at 0x7fa496287a90>,<function <lambda> at 0x7fa496287b30>
8504,2020-12-20 07:00:00,<function <lambda> at 0x7fa4962879f0>,<function <lambda> at 0x7fa496287a90>,<function <lambda> at 0x7fa496287b30>
8505,2020-12-20 08:00:00,<function <lambda> at 0x7fa4962879f0>,<function <lambda> at 0x7fa496287a90>,<function <lambda> at 0x7fa496287b30>
8506,2020-12-20 09:00:00,<function <lambda> at 0x7fa4962879f0>,<function <lambda> at 0x7fa496287a90>,<function <lambda> at 0x7fa496287b30>
8507,2020-12-20 10:00:00,<function <lambda> at 0x7fa4962879f0>,<function <lambda> at 0x7fa496287a90>,<function <lambda> at 0x7fa496287b30>
8508,2020-12-20 11:00:00,<function <lambda> at 0x7fa4962879f0>,<function <lambda> at 0x7fa496287a90>,<function <lambda> at 0x7fa496287b30>
8509,2020-12-20 12:00:00,<function <lambda> at 0x7fa4962879f0>,<function <lambda> at 0x7fa496287a90>,<function <lambda> at 0x7fa496287b30>
8510,2020-12-20 13:00:00,<function <lambda> at 0x7fa4962879f0>,<function <lambda> at 0x7fa496287a90>,<function <lambda> at 0x7fa496287b30>
8511,2020-12-20 14:00:00,<function <lambda> at 0x7fa4962879f0>,<function <lambda> at 0x7fa496287a90>,<function <lambda> at 0x7fa496287b30>
8512,2020-12-20 15:00:00,<function <lambda> at 0x7fa4962879f0>,<function <lambda> at 0x7fa496287a90>,<function <lambda> at 0x7fa496287b30>
8513,2020-12-20 16:00:00,<function <lambda> at 0x7fa4962879f0>,<function <lambda> at 0x7fa496287a90>,<function <lambda> at 0x7fa496287b30>
8514,2020-12-20 17:00:00,<function <lambda> at 0x7fa4962879f0>,<function <lambda> at 0x7fa496287a90>,<function <lambda> at 0x7fa496287b30>
8515,2020-12-20 18:00:00,<function <lambda> at 0x7fa4962879f0>,<function <lambda> at 0x7fa496287a90>,<function <lambda> at 0x7fa496287b30>
8516,2020-12-20 19:00:00,<function <lambda> at 0x7fa4962879f0>,<function <lambda> at 0x7fa496287a90>,<function <lambda> at 0x7fa496287b30>
8517,2020-12-20 20:00:00,<function <lambda> at 0x7fa4962879f0>,<function <lambda> at 0x7fa496287a90>,<function <lambda> at 0x7fa496287b30>
8518,2020-12-20 21:00:00,<function <lambda> at 0x7fa4962879f0>,<function <lambda> at 0x7fa496287a90>,<function <lambda> at 0x7fa496287b30>
8519,2020-12-20 22:00:00,<function <lambda> at 0x7fa4962879f0>,<function <lambda> at 0x7fa496287a90>,<function <lambda> at 0x7fa496287b30>
8520,2020-12-20 23:00:00,<function <lambda> at 0x7fa4962879f0>,<function <lambda> at 0x7fa496287a90>,<function <lambda> at 0x7fa496287b30>
8521,2020-12-21 00:00:00,<function <lambda> at 0x7fa4962879f0>,<function <lambda> at 0x7fa496287a90>,<function <lambda> at 0x7fa496287b30>
8522,2020-12-21 01:00:00,<function <lambda> at 0x7fa4962879f0>,<function <lambda> at 0x7fa496287a90>,<function <lambda> at 0x7fa496287b30>
8523,2020-12-21 02:00:00,<function <lambda> at 0x7fa4962879f0>,<function <lambda> at 0x7fa496287a90>,<function <lambda> at 0x7fa496287b30>
8524,2020-12-21 03:00:00,<function <lambda> at 0x7fa4962879f0>,<function <lambda> at 0x7fa496287a90>,<function <lambda> at 0x7fa496287b30>
8525,2020-12-21 04:00:00,<function <lambda> at 0x7fa4962879f0>,<function <lambda> at 0x7fa496287a90>,<function <lambda> at 0x7fa496287b30>
8526,2020-12-21 05:00:00,<function <lambda> at 0x7fa4962879f0>,<function <lambda> at 0x7fa496287a90>,<function <lambda> at 0x7fa496287b30>
8527,2020-12-21 06:00:00,<function <lambda> at 0x7fa4962879f0>,<function <lambda> at 0x7fa496287a90>,<function <lambda> at 0x7fa496287b30>
8528,2020-12-21 07:00:00,<function <lambda> at 0x7fa4962879f0>,<function <lambda> at 0x7fa496287a90>,<function <lambda> at 0x7fa496287b30>
8529,2020-12-21 08:00:00,<function <lambda> at 0x7fa4962879f0>,<function <lambda> at 0x7fa496287a90>,<function <lambda> at 0x7fa496287b30>
8530,2020-12-21 09:00:00,<function <lambda> at 0x7fa4962879f0>,<function <lambda> at 0x7fa496287a90>,<function <lambda> at 0x7fa496287b30>
8531,2020-12-21 10:00:00,<function <lambda> at 0x7fa4962879f0>,<function <lambda> at 0x7fa496287a90>,<function <lambda> at 0x7fa496287b30>
8532,2020-12-21 11:00:00,<function <lambda> at 0x7fa4962879f0>,<function <lambda> at 0x7fa496287a90>,<function <lambda> at 0x7fa496287b30>
8533,2020-12-21 12:00:00,<function <lambda> at 0x7fa4962879f0>,<function <lambda> at 0x7fa496287a90>,<function <lambda> at 0x7fa496287b30>
8534,2020-12-21 13:00:00,<function <lambda> at 0x7fa4962879f0>,<function <lambda> at 0x7fa496287a90>,<function <lambda> at 0x7fa496287b30>
8535,2020-12-21 14:00:00,<function <lambda> at 0x7fa4962879f0>,<function <lambda> at 0x7fa496287a90>,<function <lambda> at 0x7fa496287b30>
8536,2020-12-21 15:00:00,<function <lambda> at 0x7fa4962879f0>,<function <lambda> at 0x7fa496287a90>,<function <lambda> at 0x7fa496287b30>
8537,2020-12-21 16:00:00,<function <lambda> at 0x7fa4962879f0>,<function <lambda> at 0x7fa496287a90>,<function <lambda> at 0x7fa496287b30>
8538,2020-12-21 17:00:00,<function <lambda> at 0x7fa4962879f0>,<function <lambda> at 0x7fa496287a90>,<function <lambda> at 0x7fa496287b30>
8539,2020-12-21 18:00:00,<function <lambda> at 0x7fa4962879f0>,<function <lambda> at 0x7fa496287a90>,<function <lambda> at 0x7fa496287b30>
8540,2020-12-21 19:00:00,<function <lambda> at 0x7fa4962879f0>,<function <lambda> at 0x7fa496287a90>,<function <lambda> at 0x7fa496287b30>
8541,2020-12-21 20:00:00,<function <lambda> at 0x7fa4962879f0>,<function <lambda> at 0x7fa496287a90>,<function <lambda> at 0x7fa496287b30>
8542,2020-12-21 21:00:00,<function <lambda> at 0x7fa4962879f0>,<function <lambda> at 0x7fa496287a90>,<function <lambda> at 0x7fa496287b30>
8543,2020-12-21 22:00:00,<function <lambda> at 0x7fa4962879f0>,<function <lambda> at 0x7fa496287a90>,<function <lambda> at 0x7fa496287b30>
8544,2020-12-21 23:00:00,<function <lambda> at 0x7fa4962879f0>,<function <lambda> at 0x7fa496287a90>,<function <lambda> at 0x7fa496287b30>
8545,2020-12-22 00:00:00,<function <lambda> at 0x7fa4962879f0>,<function <lambda> at 0x7fa496287a90>,<function <lambda> at 0x7fa496287b30>
8546,2020-12-22 01:00:00,<function <lambda> at 0x7fa4962879f0>,<function <lambda> at 0x7fa496287a90>,<function <lambda> at 0x7fa496287b30>
8547,2020-12-22 02:00:00,<function <lambda> at 0x7fa4962879f0>,<function <lambda> at 0x7fa496287a90>,<function <lambda> at 0x7fa496287b30>
8548,2020-12-22 03:00:00,<function <lambda> at 0x7fa4962879f0>,<function <lambda> at 0x7fa496287a90>,<function <lambda> at 0x7fa496287b30>
8549,2020-12-22 04:00:00,<function <lambda> at 0x7fa4962879f0>,<function <lambda> at 0x7fa496287a90>,<function <lambda> at 0x7fa496287b30>
8550,2020-12-22 05:00:00,<function <lambda> at 0x7fa4962879f0>,<function <lambda> at 0x7fa496287a90>,<function <lambda> at 0x7fa496287b30>
8551,2020-12-22 06:00:00,<function <lambda> at 0x7fa4962879f0>,<function <lambda> at 0x7fa496287a90>,<function <lambda> at 0x7fa496287b30>
8552,2020-12-22 07:00:00,<function <lambda> at 0x7fa4962879f0>,<function <lambda> at 0x7fa496287a90>,<function <lambda> at 0x7fa496287b30>
8553,2020-12-22 08:00:00,<function <lambda> at 0x7fa4962879f0>,<function <lambda> at 0x7fa496287a90>,<function <lambda> at 0x7fa496287b30>
8554,2020-12-22 09:00:00,<function <lambda> at 0x7fa4962879f0>,<function <lambda> at 0x7fa496287a90>,<function <lambda> at 0x7fa496287b30>
8555,2020-12-22 10:00:00,<function <lambda> at 0x7fa4962879f0>,<function <lambda> at 0x7fa496287a90>,<function <lambda> at 0x7fa496287b30>
8556,2020-12-22 11:00:00,<function <lambda> at 0x7fa4962879f0>,<function <lambda> at 0x7fa496287a90>,<function <lambda> at 0x7fa496287b30>
8557,2020-12-22 12:00:00,<function <lambda> at 0x7fa4962879f0>,<function <lambda> at 0x7fa496287a90>,<function <lambda> at 0x7fa496287b30>
8558,2020-12-22 13:00:00,<function <lambda> at 0x7fa4962879f0>,<function <lambda> at 0x7fa496287a90>,<function <lambda> at 0x7fa496287b30>
8559,2020-12-22 14:00:00,<function <lambda> at 0x7fa4962879f0>,<function <lambda> at 0x7fa496287a90>,<function <lambda> at 0x7fa496287b30>
8560,2020-12-22 15:00:00,<function <lambda> at 0x7fa4962879f0>,<function <lambda> at 0x7fa496287a90>,<function <lambda> at 0x7fa496287b30>
8561,2020-12-22 16:00:00,<function <lambda> at 0x7fa4962879f0>,<function <lambda> at 0x7fa496287a90>,<function <lambda> at 0x7fa496287b30>
8562,2020-12-22 17:00:00,<function <lambda> at 0x7fa4962879f0>,<function <lambda> at 0x7fa496287a90>,<function <lambda> at 0x7fa496287b30>
8563,2020-12-22 18:00:00,<function <lambda> at 0x7fa4962879f0>,<function <lambda> at 0x7fa496287a90>,<function <lambda> at 0x7fa496287b30>
8564,2020-12-22 19:00:00,<function <lambda> at 0x7fa4962879f0>,<function <lambda> at 0x7fa496287a90>,<function <lambda> at 0x7fa496287b30>
8565,2020-12-22 20:00:00,<function <lambda> at 0x7fa4962879f0>,<function <lambda> at 0x7fa496287a90>,<function <lambda> at 0x7fa496287b30>
8566,2020-12-22 21:00:00,<function <lambda> at 0x7fa4962879f0>,<function <lambda> at 0x7fa496287a90>,<function <lambda> at 0x7fa496287b30>
8567,2020-12-22 22:00:00,<function <lambda> at 0x7fa4962879f0>,<function <lambda> at 0x7fa496287a90>,<function <lambda> at 0x7fa496287b30>
8568,2020-12-22 23:00:00,<function <lambda> at 0x7fa4962879f0>,<function <lambda> at 0x7fa496287a90>,<function <lambda> at 0x7fa496287b30>
8569,2020-12-23 00:00:00,<function <lambda> at 0x7fa4962879f0>,<function <lambda> at 0x7fa496287a90>,<function <lambda> at 0x7fa496287b30>
8570,2020-12-23 01:00:00,<function <lambda> at 0x7fa4962879f0>,<function <lambda> at 0x7fa496287a90>,<function <lambda> at 0x7fa496287b30>
8571,2020-12-23 02:00:00,<function <lambda> at 0x7fa4962879f0>,<function <lambda> at 0x7fa496287a90>,<function <lambda> at 0x7fa496287b30>
8572,2020-12-23 03:00:00,<function <lambda> at 0x7fa4962879f0>,<function <lambda> at 0x7fa496287a90>,<function <lambda> at 0x7fa496287b30>
8573,2020-12-23 04:00:00,<function <lambda> at 0x7fa4962879f0>,<function <lambda> at 0x7fa496287a90>,<function <lambda> at 0x7fa496287b30>
8574,2020-12-23 05:00:00,<function <lambda> at 0x7fa4962879f0>,<function <lambda> at 0x7fa496287a90>,<function <lambda> at 0x7fa496287b30>
8575,2020-12-23 06:00:00,<function <lambda> at 0x7fa4962879f0>,<function <lambda> at 0x7fa496287a90>,<function <lambda> at 0x7fa496287b30>
8576,2020-12-23 07:00:00,<function <lambda> at 0x7fa4962879f0>,<function <lambda> at 0x7fa496287a90>,<function <lambda> at 0x7fa496287b30>
8577,2020-12-23 08:00:00,<function <lambda> at 0x7fa4962879f0>,<function <lambda> at 0x7fa496287a90>,<function <lambda> at 0x7fa496287b30>
8578,2020-12-23 09:00:00,<function <lambda> at 0x7fa4962879f0>,<function <lambda> at 0x7fa496287a90>,<function <lambda> at 0x7fa496287b30>
8579,2020-12-23 10:00:00,<function <lambda> at 0x7fa4962879f0>,<function <lambda> at 0x7fa496287a90>,<function <lambda> at 0x7fa496287b30>
8580,2020-12-23 11:00:00,<function <lambda> at 0x7fa4962879f0>,<function <lambda> at 0x7fa496287a90>,<function <lambda> at 0x7fa496287b30>
8581,2020-12-23 12:00:00,<function <lambda> at 0x7fa4962879f0>,<function <lambda> at 0x7fa496287a90>,<function <lambda> at 0x7fa496287b30>
8582,2020-12-23 13:00:00,<function <lambda> at 0x7fa4962879f0>,<function <lambda> at 0x7fa496287a90>,<function <lambda> at 0x7fa496287b30>
8583,2020-12-23 14:00:00,<function <lambda> at 0x7fa4962879f0>,<function <lambda> at 0x7fa496287a90>,<function <lambda> at 0x7fa496287b30>
8584,2020-12-23 15:00:00,<function <lambda> at 0x7fa4962879f0>,<function <lambda> at 0x7fa496287a90>,<function <lambda> at 0x7fa496287b30>
8585,2020-12-23 16:00:00,<function <lambda> at 0x7fa4962879f0>,<function <lambda> at 0x7fa496287a90>,<function <lambda> at 0x7fa496287b30>
8586,2020-12-23 17:00:00,<function <lambda> at 0x7fa4962879f0>,<function <lambda> at 0x7fa496287a90>,<function <lambda> at 0x7fa496287b30>
8587,2020-12-23 18:00:00,<function <lambda> at 0x7fa4962879f0>,<function <lambda> at 0x7fa496287a90>,<function <lambda> at 0x7fa496287b30>
8588,2020-12-23 19:00:00,<function <lambda> at 0x7fa4962879f0>,<function <lambda> at 0x7fa496287a90>,<function <lambda> at 0x7fa496287b30>
8589,2020-12-23 20:00:00,<function <lambda> at 0x7fa4962879f0>,<function <lambda> at 0x7fa496287a90>,<function <lambda> at 0x7fa496287b30>
8590,2020-12-23 21:00:00,<function <lambda> at 0x7fa4962879f0>,<function <lambda> at 0x7fa496287a90>,<function <lambda> at 0x7fa496287b30>
8591,2020-12-23 22:00:00,<function <lambda> at 0x7fa4962879f0>,<function <lambda> at 0x7fa496287a90>,<function <lambda> at 0x7fa496287b30>
8592,2020-12-23 23:00:00,<function <lambda> at 0x7fa4962879f0>,<function <lambda> at 0x7fa496287a90>,<function <lambda> at 0x7fa496287b30>
8593,2020-12-24 00:00:00,<function <lambda> at 0x7fa4962879f0>,<function <lambda> at 0x7fa496287a90>,<function <lambda> at 0x7fa496287b30>
8594,2020-12-24 01:00:00,<function <lambda> at 0x7fa4962879f0>,<function <lambda> at 0x7fa496287a90>,<function <lambda> at 0x7fa496287b30>
8595,2020-12-24 02:00:00,<function <lambda> at 0x7fa4962879f0>,<function <lambda> at 0x7fa496287a90>,<function <lambda> at 0x7fa496287b30>
8596,2020-12-24 03:00:00,<function <lambda> at 0x7fa4962879f0>,<function <lambda> at 0x7fa496287a90>,<function <lambda> at 0x7fa496287b30>
8597,2020-12-24 04:00:00,<function <lambda> at 0x7fa4962879f0>,<function <lambda> at 0x7fa496287a90>,<function <lambda> at 0x7fa496287b30>
8598,2020-12-24 05:00:00,<function <lambda> at 0x7fa4962879f0>,<function <lambda> at 0x7fa496287a90>,<function <lambda> at 0x7fa496287b30>
8599,2020-12-24 06:00:00,<function <lambda> at 0x7fa4962879f0>,<function <lambda> at 0x7fa496287a90>,<function <lambda> at 0x7fa496287b30>
8600,2020-12-24 07:00:00,<function <lambda> at 0x7fa4962879f0>,<function <lambda> at 0x7fa496287a90>,<function <lambda> at 0x7fa496287b30>
8601,2020-12-24 08:00:00,<function <lambda> at 0x7fa4962879f0>,<function <lambda> at 0x7fa496287a90>,<function <lambda> at 0x7fa496287b30>
8602,2020-12-24 09:00:00,<function <lambda> at 0x7fa4962879f0>,<function <lambda> at 0x7fa496287a90>,<function <lambda> at 0x7fa496287b30>
8603,2020-12-24 10:00:00,<function <lambda> at 0x7fa4962879f0>,<function <lambda> at 0x7fa496287a90>,<function <lambda> at 0x7fa496287b30>
8604,2020-12-24 11:00:00,<function <lambda> at 0x7fa4962879f0>,<function <lambda> at 0x7fa496287a90>,<function <lambda> at 0x7fa496287b30>
8605,2020-12-24 12:00:00,<function <lambda> at 0x7fa4962879f0>,<function <lambda> at 0x7fa496287a90>,<function <lambda> at 0x7fa496287b30>
8606,2020-12-24 13:00:00,<function <lambda> at 0x7fa4962879f0>,<function <lambda> at 0x7fa496287a90>,<function <lambda> at 0x7fa496287b30>
8607,2020-12-24 14:00:00,<function <lambda> at 0x7fa4962879f0>,<function <lambda> at 0x7fa496287a90>,<function <lambda> at 0x7fa496287b30>
8608,2020-12-24 15:00:00,<function <lambda> at 0x7fa4962879f0>,<function <lambda> at 0x7fa496287a90>,<function <lambda> at 0x7fa496287b30>
8609,2020-12-24 16:00:00,<function <lambda> at 0x7fa4962879f0>,<function <lambda> at 0x7fa496287a90>,<function <lambda> at 0x7fa496287b30>
8610,2020-12-24 17:00:00,<function <lambda> at 0x7fa4962879f0>,<function <lambda> at 0x7fa496287a90>,<function <lambda> at 0x7fa496287b30>
8611,2020-12-24 18:00:00,<function <lambda> at 0x7fa4962879f0>,<function <lambda> at 0x7fa496287a90>,<function <lambda> at 0x7fa496287b30>
8612,2020-12-24 19:00:00,<function <lambda> at 0x7fa4962879f0>,<function <lambda> at 0x7fa496287a90>,<function <lambda> at 0x7fa496287b30>
8613,2020-12-24 20:00:00,<function <lambda> at 0x7fa4962879f0>,<function <lambda> at 0x7fa496287a90>,<function <lambda> at 0x7fa496287b30>
8614,2020-12-24 21:00:00,<function <lambda> at 0x7fa4962879f0>,<function <lambda> at 0x7fa496287a90>,<function <lambda> at 0x7fa496287b30>
8615,2020-12-24 22:00:00,<function <lambda> at 0x7fa4962879f0>,<function <lambda> at 0x7fa496287a90>,<function <lambda> at 0x7fa496287b30>
8616,2020-12-24 23:00:00,<function <lambda> at 0x7fa4962879f0>,<function <lambda> at 0x7fa496287a90>,<function <lambda> at 0x7fa496287b30>
8617,2020-12-25 00:00:00,<function <lambda> at 0x7fa4962879f0>,<function <lambda> at 0x7fa496287a90>,<function <lambda> at 0x7fa496287b30>
8618,2020-12-25 01:00:00,<function <lambda> at 0x7fa4962879f0>,<function <lambda> at 0x7fa496287a90>,<function <lambda> at 0x7fa496287b30>
8619,2020-12-25 02:00:00,<function <lambda> at 0x7fa4962879f0>,<function <lambda> at 0x7fa496287a90>,<function <lambda> at 0x7fa496287b30>
8620,2020-12-25 03:00:00,<function <lambda> at 0x7fa4962879f0>,<function <lambda> at 0x7fa496287a90>,<function <lambda> at 0x7fa496287b30>
8621,2020-12-25 04:00:00,<function <lambda> at 0x7fa4962879f0>,<function <lambda> at 0x7fa496287a90>,<function <lambda> at 0x7fa496287b30>
8622,2020-12-25 05:00:00,<function <lambda> at 0x7fa4962879f0>,<function <lambda> at 0x7fa496287a90>,<function <lambda> at 0x7fa496287b30>
8623,2020-12-25 06:00:00,<function <lambda> at 0x7fa4962879f0>,<function <lambda> at 0x7fa496287a90>,<function <lambda> at 0x7fa496287b30>
8624,2020-12-25 07:00:00,<function <lambda> at 0x7fa4962879f0>,<function <lambda> at 0x7fa496287a90>,<function <lambda> at 0x7fa496287b30>
8625,2020-12-25 08:00:00,<function <lambda> at 0x7fa4962879f0>,<function <lambda> at 0x7fa496287a90>,<function <lambda> at 0x7fa496287b30>
8626,2020-12-25 09:00:00,<function <lambda> at 0x7fa4962879f0>,<function <lambda> at 0x7fa496287a90>,<function <lambda> at 0x7fa496287b30>
8627,2020-12-25 10:00:00,<function <lambda> at 0x7fa4962879f0>,<function <lambda> at 0x7fa496287a90>,<function <lambda> at 0x7fa496287b30>
8628,2020-12-25 11:00:00,<function <lambda> at 0x7fa4962879f0>,<function <lambda> at 0x7fa496287a90>,<function <lambda> at 0x7fa496287b30>
8629,2020-12-25 12:00:00,<function <lambda> at 0x7fa4962879f0>,<function <lambda> at 0x7fa496287a90>,<function <lambda> at 0x7fa496287b30>
8630,2020-12-25 13:00:00,<function <lambda> at 0x7fa4962879f0>,<function <lambda> at 0x7fa496287a90>,<function <lambda> at 0x7fa496287b30>
8631,2020-12-25 14:00:00,<function <lambda> at 0x7fa4962879f0>,<function <lambda> at 0x7fa496287a90>,<function <lambda> at 0x7fa496287b30>
8632,2020-12-25 15:00:00,<function <lambda> at 0x7fa4962879f0>,<function <lambda> at 0x7fa496287a90>,<function <lambda> at 0x7fa496287b30>
8633,2020-12-25 16:00:00,<function <lambda> at 0x7fa4962879f0>,<function <lambda> at 0x7fa496287a90>,<function <lambda> at 0x7fa496287b30>
8634,2020-12-25 17:00:00,<function <lambda> at 0x7fa4962879f0>,<function <lambda> at 0x7fa496287a90>,<function <lambda> at 0x7fa496287b30>
8635,2020-12-25 18:00:00,<function <lambda> at 0x7fa4962879f0>,<function <lambda> at 0x7fa496287a90>,<function <lambda> at 0x7fa496287b30>
8636,2020-12-25 19:00:00,<function <lambda> at 0x7fa4962879f0>,<function <lambda> at 0x7fa496287a90>,<function <lambda> at 0x7fa496287b30>
8637,2020-12-25 20:00:00,<function <lambda> at 0x7fa4962879f0>,<function <lambda> at 0x7fa496287a90>,<function <lambda> at 0x7fa496287b30>
8638,2020-12-25 21:00:00,<function <lambda> at 0x7fa4962879f0>,<function <lambda> at 0x7fa496287a90>,<function <lambda> at 0x7fa496287b30>
8639,2020-12-25 22:00:00,<function <lambda> at 0x7fa4962879f0>,<function <lambda> at 0x7fa496287a90>,<function <lambda> at 0x7fa496287b30>
8640,2020-12-25 23:00:00,<function <lambda> at 0x7fa4962879f0>,<function <lambda> at 0x7fa496287a90>,<function <lambda> at 0x7fa496287b30>
8641,2020-12-26 00:00:00,<function <lambda> at 0x7fa4962879f0>,<function <lambda> at 0x7fa496287a90>,<function <lambda> at 0x7fa496287b30>
8642,2020-12-26 01:00:00,<function <lambda> at 0x7fa4962879f0>,<function <lambda> at 0x7fa496287a90>,<function <lambda> at 0x7fa496287b30>
8643,2020-12-26 02:00:00,<function <lambda> at 0x7fa4962879f0>,<function <lambda> at 0x7fa496287a90>,<function <lambda> at 0x7fa496287b30>
8644,2020-12-26 03:00:00,<function <lambda> at 0x7fa4962879f0>,<function <lambda> at 0x7fa496287a90>,<function <lambda> at 0x7fa496287b30>
8645,2020-12-26 04:00:00,<function <lambda> at 0x7fa4962879f0>,<function <lambda> at 0x7fa496287a90>,<function <lambda> at 0x7fa496287b30>
8646,2020-12-26 05:00:00,<function <lambda> at 0x7fa4962879f0>,<function <lambda> at 0x7fa496287a90>,<function <lambda> at 0x7fa496287b30>
8647,2020-12-26 06:00:00,<function <lambda> at 0x7fa4962879f0>,<function <lambda> at 0x7fa496287a90>,<function <lambda> at 0x7fa496287b30>
8648,2020-12-26 07:00:00,<function <lambda> at 0x7fa4962879f0>,<function <lambda> at 0x7fa496287a90>,<function <lambda> at 0x7fa496287b30>
8649,2020-12-26 08:00:00,<function <lambda> at 0x7fa4962879f0>,<function <lambda> at 0x7fa496287a90>,<function <lambda> at 0x7fa496287b30>
8650,2020-12-26 09:00:00,<function <lambda> at 0x7fa4962879f0>,<function <lambda> at 0x7fa496287a90>,<function <lambda> at 0x7fa496287b30>
8651,2020-12-26 10:00:00,<function <lambda> at 0x7fa4962879f0>,<function <lambda> at 0x7fa496287a90>,<function <lambda> at 0x7fa496287b30>
8652,2020-12-26 11:00:00,<function <lambda> at 0x7fa4962879f0>,<function <lambda> at 0x7fa496287a90>,<function <lambda> at 0x7fa496287b30>
8653,2020-12-26 12:00:00,<function <lambda> at 0x7fa4962879f0>,<function <lambda> at 0x7fa496287a90>,<function <lambda> at 0x7fa496287b30>
8654,2020-12-26 13:00:00,<function <lambda> at 0x7fa4962879f0>,<function <lambda> at 0x7fa496287a90>,<function <lambda> at 0x7fa496287b30>
8655,2020-12-26 14:00:00,<function <lambda> at 0x7fa4962879f0>,<function <lambda> at 0x7fa496287a90>,<function <lambda> at 0x7fa496287b30>
8656,2020-12-26 15:00:00,<function <lambda> at 0x7fa4962879f0>,<function <lambda> at 0x7fa496287a90>,<function <lambda> at 0x7fa496287b30>
8657,2020-12-26 16:00:00,<function <lambda> at 0x7fa4962879f0>,<function <lambda> at 0x7fa496287a90>,<function <lambda> at 0x7fa496287b30>
8658,2020-12-26 17:00:00,<function <lambda> at 0x7fa4962879f0>,<function <lambda> at 0x7fa496287a90>,<function <lambda> at 0x7fa496287b30>
8659,2020-12-26 18:00:00,<function <lambda> at 0x7fa4962879f0>,<function <lambda> at 0x7fa496287a90>,<function <lambda> at 0x7fa496287b30>
8660,2020-12-26 19:00:00,<function <lambda> at 0x7fa4962879f0>,<function <lambda> at 0x7fa496287a90>,<function <lambda> at 0x7fa496287b30>
8661,2020-12-26 20:00:00,<function <lambda> at 0x7fa4962879f0>,<function <lambda> at 0x7fa496287a90>,<function <lambda> at 0x7fa496287b30>
8662,2020-12-26 21:00:00,<function <lambda> at 0x7fa4962879f0>,<function <lambda> at 0x7fa496287a90>,<function <lambda> at 0x7fa496287b30>
8663,2020-12-26 22:00:00,<function <lambda> at 0x7fa4962879f0>,<function <lambda> at 0x7fa496287a90>,<function <lambda> at 0x7fa496287b30>
8664,2020-12-26 23:00:00,<function <lambda> at 0x7fa4962879f0>,<function <lambda> at 0x7fa496287a90>,<function <lambda> at 0x7fa496287b30>
8665,2020-12-27 00:00:00,<function <lambda> at 0x7fa4962879f0>,<function <lambda> at 0x7fa496287a90>,<function <lambda> at 0x7fa496287b30>
8666,2020-12-27 01:00:00,<function <lambda> at 0x7fa4962879f0>,<function <lambda> at 0x7fa496287a90>,<function <lambda> at 0x7fa496287b30>
8667,2020-12-27 02:00:00,<function <lambda> at 0x7fa4962879f0>,<function <lambda> at 0x7fa496287a90>,<function <lambda> at 0x7fa496287b30>
8668,2020-12-27 03:00:00,<function <lambda> at 0x7fa4962879f0>,<function <lambda> at 0x7fa496287a90>,<function <lambda> at 0x7fa496287b30>
8669,2020-12-27 04:00:00,<function <lambda> at 0x7fa4962879f0>,<function <lambda> at 0x7fa496287a90>,<function <lambda> at 0x7fa496287b30>
8670,2020-12-27 05:00:00,<function <lambda> at 0x7fa4962879f0>,<function <lambda> at 0x7fa496287a90>,<function <lambda> at 0x7fa496287b30>
8671,2020-12-27 06:00:00,<function <lambda> at 0x7fa4962879f0>,<function <lambda> at 0x7fa496287a90>,<function <lambda> at 0x7fa496287b30>
8672,2020-12-27 07:00:00,<function <lambda> at 0x7fa4962879f0>,<function <lambda> at 0x7fa496287a90>,<function <lambda> at 0x7fa496287b30>
8673,2020-12-27 08:00:00,<function <lambda> at 0x7fa4962879f0>,<function <lambda> at 0x7fa496287a90>,<function <lambda> at 0x7fa496287b30>
8674,2020-12-27 09:00:00,<function <lambda> at 0x7fa4962879f0>,<function <lambda> at 0x7fa496287a90>,<function <lambda> at 0x7fa496287b30>
8675,2020-12-27 10:00:00,<function <lambda> at 0x7fa4962879f0>,<function <lambda> at 0x7fa496287a90>,<function <lambda> at 0x7fa496287b30>
8676,2020-12-27 11:00:00,<function <lambda> at 0x7fa4962879f0>,<function <lambda> at 0x7fa496287a90>,<function <lambda> at 0x7fa496287b30>
8677,2020-12-27 12:00:00,<function <lambda> at 0x7fa4962879f0>,<function <lambda> at 0x7fa496287a90>,<function <lambda> at 0x7fa496287b30>
8678,2020-12-27 13:00:00,<function <lambda> at 0x7fa4962879f0>,<function <lambda> at 0x7fa496287a90>,<function <lambda> at 0x7fa496287b30>
8679,2020-12-27 14:00:00,<function <lambda> at 0x7fa4962879f0>,<function <lambda> at 0x7fa496287a90>,<function <lambda> at 0x7fa496287b30>
8680,2020-12-27 15:00:00,<function <lambda> at 0x7fa4962879f0>,<function <lambda> at 0x7fa496287a90>,<function <lambda> at 0x7fa496287b30>
8681,2020-12-27 16:00:00,<function <lambda> at 0x7fa4962879f0>,<function <lambda> at 0x7fa496287a90>,<function <lambda> at 0x7fa496287b30>
8682,2020-12-27 17:00:00,<function <lambda> at 0x7fa4962879f0>,<function <lambda> at 0x7fa496287a90>,<function <lambda> at 0x7fa496287b30>
8683,2020-12-27 18:00:00,<function <lambda> at 0x7fa4962879f0>,<function <lambda> at 0x7fa496287a90>,<function <lambda> at 0x7fa496287b30>
8684,2020-12-27 19:00:00,<function <lambda> at 0x7fa4962879f0>,<function <lambda> at 0x7fa496287a90>,<function <lambda> at 0x7fa496287b30>
8685,2020-12-27 20:00:00,<function <lambda> at 0x7fa4962879f0>,<function <lambda> at 0x7fa496287a90>,<function <lambda> at 0x7fa496287b30>
8686,2020-12-27 21:00:00,<function <lambda> at 0x7fa4962879f0>,<function <lambda> at 0x7fa496287a90>,<function <lambda> at 0x7fa496287b30>
8687,2020-12-27 22:00:00,<function <lambda> at 0x7fa4962879f0>,<function <lambda> at 0x7fa496287a90>,<function <lambda> at 0x7fa496287b30>
8688,2020-12-27 23:00:00,<function <lambda> at 0x7fa4962879f0>,<function <lambda> at 0x7fa496287a90>,<function <lambda> at 0x7fa496287b30>
8689,2020-12-28 00:00:00,<function <lambda> at 0x7fa4962879f0>,<function <lambda> at 0x7fa496287a90>,<function <lambda> at 0x7fa496287b30>
8690,2020-12-28 01:00:00,<function <lambda> at 0x7fa4962879f0>,<function <lambda> at 0x7fa496287a90>,<function <lambda> at 0x7fa496287b30>
8691,2020-12-28 02:00:00,<function <lambda> at 0x7fa4962879f0>,<function <lambda> at 0x7fa496287a90>,<function <lambda> at 0x7fa496287b30>
8692,2020-12-28 03:00:00,<function <lambda> at 0x7fa4962879f0>,<function <lambda> at 0x7fa496287a90>,<function <lambda> at 0x7fa496287b30>
8693,2020-12-28 04:00:00,<function <lambda> at 0x7fa4962879f0>,<function <lambda> at 0x7fa496287a90>,<function <lambda> at 0x7fa496287b30>
8694,2020-12-28 05:00:00,<function <lambda> at 0x7fa4962879f0>,<function <lambda> at 0x7fa496287a90>,<function <lambda> at 0x7fa496287b30>
8695,2020-12-28 06:00:00,<function <lambda> at 0x7fa4962879f0>,<function <lambda> at 0x7fa496287a90>,<function <lambda> at 0x7fa496287b30>
8696,2020-12-28 07:00:00,<function <lambda> at 0x7fa4962879f0>,<function <lambda> at 0x7fa496287a90>,<function <lambda> at 0x7fa496287b30>
8697,2020-12-28 08:00:00,<function <lambda> at 0x7fa4962879f0>,<function <lambda> at 0x7fa496287a90>,<function <lambda> at 0x7fa496287b30>
8698,2020-12-28 09:00:00,<function <lambda> at 0x7fa4962879f0>,<function <lambda> at 0x7fa496287a90>,<function <lambda> at 0x7fa496287b30>
8699,2020-12-28 10:00:00,<function <lambda> at 0x7fa4962879f0>,<function <lambda> at 0x7fa496287a90>,<function <lambda> at 0x7fa496287b30>
8700,2020-12-28 11:00:00,<function <lambda> at 0x7fa4962879f0>,<function <lambda> at 0x7fa496287a90>,<function <lambda> at 0x7fa496287b30>
8701,2020-12-28 12:00:00,<function <lambda> at 0x7fa4962879f0>,<function <lambda> at 0x7fa496287a90>,<function <lambda> at 0x7fa496287b30>
8702,2020-12-28 13:00:00,<function <lambda> at 0x7fa4962879f0>,<function <lambda> at 0x7fa496287a90>,<function <lambda> at 0x7fa496287b30>
8703,2020-12-28 14:00:00,<function <lambda> at 0x7fa4962879f0>,<function <lambda> at 0x7fa496287a90>,<function <lambda> at 0x7fa496287b30>
8704,2020-12-28 15:00:00,<function <lambda> at 0x7fa4962879f0>,<function <lambda> at 0x7fa496287a90>,<function <lambda> at 0x7fa496287b30>
8705,2020-12-28 16:00:00,<function <lambda> at 0x7fa4962879f0>,<function <lambda> at 0x7fa496287a90>,<function <lambda> at 0x7fa496287b30>
8706,2020-12-28 17:00:00,<function <lambda> at 0x7fa4962879f0>,<function <lambda> at 0x7fa496287a90>,<function <lambda> at 0x7fa496287b30>
8707,2020-12-28 18:00:00,<function <lambda> at 0x7fa4962879f0>,<function <lambda> at 0x7fa496287a90>,<function <lambda> at 0x7fa496287b30>
8708,2020-12-28 19:00:00,<function <lambda> at 0x7fa4962879f0>,<function <lambda> at 0x7fa496287a90>,<function <lambda> at 0x7fa496287b30>
8709,2020-12-28 20:00:00,<function <lambda> at 0x7fa4962879f0>,<function <lambda> at 0x7fa496287a90>,<function <lambda> at 0x7fa496287b30>
8710,2020-12-28 21:00:00,<function <lambda> at 0x7fa4962879f0>,<function <lambda> at 0x7fa496287a90>,<function <lambda> at 0x7fa496287b30>
8711,2020-12-28 22:00:00,<function <lambda> at 0x7fa4962879f0>,<function <lambda> at 0x7fa496287a90>,<function <lambda> at 0x7fa496287b30>
8712,2020-12-28 23:00:00,<function <lambda> at 0x7fa4962879f0>,<function <lambda> at 0x7fa496287a90>,<function <lambda> at 0x7fa496287b30>
8713,2020-12-29 00:00:00,<function <lambda> at 0x7fa4962879f0>,<function <lambda> at 0x7fa496287a90>,<function <lambda> at 0x7fa496287b30>
8714,2020-12-29 01:00:00,<function <lambda> at 0x7fa4962879f0>,<function <lambda> at 0x7fa496287a90>,<function <lambda> at 0x7fa496287b30>
8715,2020-12-29 02:00:00,<function <lambda> at 0x7fa4962879f0>,<function <lambda> at 0x7fa496287a90>,<function <lambda> at 0x7fa496287b30>
8716,2020-12-29 03:00:00,<function <lambda> at 0x7fa4962879f0>,<function <lambda> at 0x7fa496287a90>,<function <lambda> at 0x7fa496287b30>
8717,2020-12-29 04:00:00,<function <lambda> at 0x7fa4962879f0>,<function <lambda> at 0x7fa496287a90>,<function <lambda> at 0x7fa496287b30>
8718,2020-12-29 05:00:00,<function <lambda> at 0x7fa4962879f0>,<function <lambda> at 0x7fa496287a90>,<function <lambda> at 0x7fa496287b30>
8719,2020-12-29 06:00:00,<function <lambda> at 0x7fa4962879f0>,<function <lambda> at 0x7fa496287a90>,<function <lambda> at 0x7fa496287b30>
8720,2020-12-29 07:00:00,<function <lambda> at 0x7fa4962879f0>,<function <lambda> at 0x7fa496287a90>,<function <lambda> at 0x7fa496287b30>
8721,2020-12-29 08:00:00,<function <lambda> at 0x7fa4962879f0>,<function <lambda> at 0x7fa496287a90>,<function <lambda> at 0x7fa496287b30>
8722,2020-12-29 09:00:00,<function <lambda> at 0x7fa4962879f0>,<function <lambda> at 0x7fa496287a90>,<function <lambda> at 0x7fa496287b30>
8723,2020-12-29 10:00:00,<function <lambda> at 0x7fa4962879f0>,<function <lambda> at 0x7fa496287a90>,<function <lambda> at 0x7fa496287b30>
8724,2020-12-29 11:00:00,<function <lambda> at 0x7fa4962879f0>,<function <lambda> at 0x7fa496287a90>,<function <lambda> at 0x7fa496287b30>
8725,2020-12-29 12:00:00,<function <lambda> at 0x7fa4962879f0>,<function <lambda> at 0x7fa496287a90>,<function <lambda> at 0x7fa496287b30>
8726,2020-12-29 13:00:00,<function <lambda> at 0x7fa4962879f0>,<function <lambda> at 0x7fa496287a90>,<function <lambda> at 0x7fa496287b30>
8727,2020-12-29 14:00:00,<function <lambda> at 0x7fa4962879f0>,<function <lambda> at 0x7fa496287a90>,<function <lambda> at 0x7fa496287b30>
8728,2020-12-29 15:00:00,<function <lambda> at 0x7fa4962879f0>,<function <lambda> at 0x7fa496287a90>,<function <lambda> at 0x7fa496287b30>
8729,2020-12-29 16:00:00,<function <lambda> at 0x7fa4962879f0>,<function <lambda> at 0x7fa496287a90>,<function <lambda> at 0x7fa496287b30>
8730,2020-12-29 17:00:00,<function <lambda> at 0x7fa4962879f0>,<function <lambda> at 0x7fa496287a90>,<function <lambda> at 0x7fa496287b30>
8731,2020-12-29 18:00:00,<function <lambda> at 0x7fa4962879f0>,<function <lambda> at 0x7fa496287a90>,<function <lambda> at 0x7fa496287b30>
8732,2020-12-29 19:00:00,<function <lambda> at 0x7fa4962879f0>,<function <lambda> at 0x7fa496287a90>,<function <lambda> at 0x7fa496287b30>
8733,2020-12-29 20:00:00,<function <lambda> at 0x7fa4962879f0>,<function <lambda> at 0x7fa496287a90>,<function <lambda> at 0x7fa496287b30>
8734,2020-12-29 21:00:00,<function <lambda> at 0x7fa4962879f0>,<function <lambda> at 0x7fa496287a90>,<function <lambda> at 0x7fa496287b30>
8735,2020-12-29 22:00:00,<function <lambda> at 0x7fa4962879f0>,<function <lambda> at 0x7fa496287a90>,<function <lambda> at 0x7fa496287b30>
8736,2020-12-29 23:00:00,<function <lambda> at 0x7fa4962879f0>,<function <lambda> at 0x7fa496287a90>,<function <lambda> at 0x7fa496287b30>
8737,2020-12-30 00:00:00,<function <lambda> at 0x7fa4962879f0>,<function <lambda> at 0x7fa496287a90>,<function <lambda> at 0x7fa496287b30>
8738,2020-12-30 01:00:00,<function <lambda> at 0x7fa4962879f0>,<function <lambda> at 0x7fa496287a90>,<function <lambda> at 0x7fa496287b30>
8739,2020-12-30 02:00:00,<function <lambda> at 0x7fa4962879f0>,<function <lambda> at 0x7fa496287a90>,<function <lambda> at 0x7fa496287b30>
8740,2020-12-30 03:00:00,<function <lambda> at 0x7fa4962879f0>,<function <lambda> at 0x7fa496287a90>,<function <lambda> at 0x7fa496287b30>
8741,2020-12-30 04:00:00,<function <lambda> at 0x7fa4962879f0>,<function <lambda> at 0x7fa496287a90>,<function <lambda> at 0x7fa496287b30>
8742,2020-12-30 05:00:00,<function <lambda> at 0x7fa4962879f0>,<function <lambda> at 0x7fa496287a90>,<function <lambda> at 0x7fa496287b30>
8743,2020-12-30 06:00:00,<function <lambda> at 0x7fa4962879f0>,<function <lambda> at 0x7fa496287a90>,<function <lambda> at 0x7fa496287b30>
8744,2020-12-30 07:00:00,<function <lambda> at 0x7fa4962879f0>,<function <lambda> at 0x7fa496287a90>,<function <lambda> at 0x7fa496287b30>
8745,2020-12-30 08:00:00,<function <lambda> at 0x7fa4962879f0>,<function <lambda> at 0x7fa496287a90>,<function <lambda> at 0x7fa496287b30>
8746,2020-12-30 09:00:00,<function <lambda> at 0x7fa4962879f0>,<function <lambda> at 0x7fa496287a90>,<function <lambda> at 0x7fa496287b30>
8747,2020-12-30 10:00:00,<function <lambda> at 0x7fa4962879f0>,<function <lambda> at 0x7fa496287a90>,<function <lambda> at 0x7fa496287b30>
8748,2020-12-30 11:00:00,<function <lambda> at 0x7fa4962879f0>,<function <lambda> at 0x7fa496287a90>,<function <lambda> at 0x7fa496287b30>
8749,2020-12-30 12:00:00,<function <lambda> at 0x7fa4962879f0>,<function <lambda> at 0x7fa496287a90>,<function <lambda> at 0x7fa496287b30>
8750,2020-12-30 13:00:00,<function <lambda> at 0x7fa4962879f0>,<function <lambda> at 0x7fa496287a90>,<function <lambda> at 0x7fa496287b30>
8751,2020-12-30 14:00:00,<function <lambda> at 0x7fa4962879f0>,<function <lambda> at 0x7fa496287a90>,<function <lambda> at 0x7fa496287b30>
8752,2020-12-30 15:00:00,<function <lambda> at 0x7fa4962879f0>,<function <lambda> at 0x7fa496287a90>,<function <lambda> at 0x7fa496287b30>
8753,2020-12-30 16:00:00,<function <lambda> at 0x7fa4962879f0>,<function <lambda> at 0x7fa496287a90>,<function <lambda> at 0x7fa496287b30>
8754,2020-12-30 17:00:00,<function <lambda> at 0x7fa4962879f0>,<function <lambda> at 0x7fa496287a90>,<function <lambda> at 0x7fa496287b30>
8755,2020-12-30 18:00:00,<function <lambda> at 0x7fa4962879f0>,<function <lambda> at 0x7fa496287a90>,<function <lambda> at 0x7fa496287b30>
8756,2020-12-30 19:00:00,<function <lambda> at 0x7fa4962879f0>,<function <lambda> at 0x7fa496287a90>,<function <lambda> at 0x7fa496287b30>
8757,2020-12-30 20:00:00,<function <lambda> at 0x7fa4962879f0>,<function <lambda> at 0x7fa496287a90>,<function <lambda> at 0x7fa496287b30>
8758,2020-12-30 21:00:00,<function <lambda> at 0x7fa4962879f0>,<function <lambda> at 0x7fa496287a90>,<function <lambda> at 0x7fa496287b30>
8759,2020-12-30 22:00:00,<function <lambda> at 0x7fa4962879f0>,<function <lambda> at 0x7fa496287a90>,<function <lambda> at 0x7fa496287b30>
8760,2020-12-30 23:00:00,<function <lambda> at 0x7fa4962879f0>,<function <lambda> at 0x7fa496287a90>,<function <lambda> at 0x7fa496287b30>
8761,2020-12-31 00:00:00,<function <lambda> at 0x7fa4962879f0>,<function <lambda> at 0x7fa496287a90>,<function <lambda> at 0x7fa496287b30>
8762,2020-12-31 01:00:00,<function <lambda> at 0x7fa4962879f0>,<function <lambda> at 0x7fa496287a90>,<function <lambda> at 0x7fa496287b30>
8763,2020-12-31 02:00:00,<function <lambda> at 0x7fa4962879f0>,<function <lambda> at 0x7fa496287a90>,<function <lambda> at 0x7fa496287b30>
8764,2020-12-31 03:00:00,<function <lambda> at 0x7fa4962879f0>,<function <lambda> at 0x7fa496287a90>,<function <lambda> at 0x7fa496287b30>
8765,2020-12-31 04:00:00,<function <lambda> at 0x7fa4962879f0>,<function <lambda> at 0x7fa496287a90>,<function <lambda> at 0x7fa496287b30>
8766,2020-12-31 05:00:00,<function <lambda> at 0x7fa4962879f0>,<function <lambda> at 0x7fa496287a90>,<function <lambda> at 0x7fa496287b30>
8767,2020-12-31 06:00:00,<function <lambda> at 0x7fa4962879f0>,<function <lambda> at 0x7fa496287a90>,<function <lambda> at 0x7fa496287b30>
8768,2020-12-31 07:00:00,<function <lambda> at 0x7fa4962879f0>,<function <lambda> at 0x7fa496287a90>,<function <lambda> at 0x7fa496287b30>
8769,2020-12-31 08:00:00,<function <lambda> at 0x7fa4962879f0>,<function <lambda> at 0x7fa496287a90>,<function <lambda> at 0x7fa496287b30>
8770,2020-12-31 09:00:00,<function <lambda> at 0x7fa4962879f0>,<function <lambda> at 0x7fa496287a90>,<function <lambda> at 0x7fa496287b30>
8771,2020-12-31 10:00:00,<function <lambda> at 0x7fa4962879f0>,<function <lambda> at 0x7fa496287a90>,<function <lambda> at 0x7fa496287b30>
8772,2020-12-31 11:00:00,<function <lambda> at 0x7fa4962879f0>,<function <lambda> at 0x7fa496287a90>,<function <lambda> at 0x7fa496287b30>
8773,2020-12-31 12:00:00,<function <lambda> at 0x7fa4962879f0>,<function <lambda> at 0x7fa496287a90>,<function <lambda> at 0x7fa496287b30>
8774,2020-12-31 13:00:00,<function <lambda> at 0x7fa4962879f0>,<function <lambda> at 0x7fa496287a90>,<function <lambda> at 0x7fa496287b30>
8775,2020-12-31 14:00:00,<function <lambda> at 0x7fa4962879f0>,<function <lambda> at 0x7fa496287a90>,<function <lambda> at 0x7fa496287b30>
8776,2020-12-31 15:00:00,<function <lambda> at 0x7fa4962879f0>,<function <lambda> at 0x7fa496287a90>,<function <lambda> at 0x7fa496287b30>
8777,2020-12-31 16:00:00,<function <lambda> at 0x7fa4962879f0>,<function <lambda> at 0x7fa496287a90>,<function <lambda> at 0x7fa496287b30>
8778,2020-12-31 17:00:00,<function <lambda> at 0x7fa4962879f0>,<function <lambda> at 0x7fa496287a90>,<function <lambda> at 0x7fa496287b30>
8779,2020-12-31 18:00:00,<function <lambda> at 0x7fa4962879f0>,<function <lambda> at 0x7fa496287a90>,<function <lambda> at 0x7fa496287b30>
8780,2020-12-31 19:00:00,<function <lambda> at 0x7fa4962879f0>,<function <lambda> at 0x7fa496287a90>,<function <lambda> at 0x7fa496287b30>
8781,2020-12-31 20:00:00,<function <lambda> at 0x7fa4962879f0>,<function <lambda> at 0x7fa496287a90>,<function <lambda> at 0x7fa496287b30>
8782,2020-12-31 21:00:00,<function <lambda> at 0x7fa4962879f0>,<function <lambda> at 0x7fa496287a90>,<function <lambda> at 0x7fa496287b30>
8783,2020-12-31 22:00:00,<function <lambda> at 0x7fa4962879f0>,<function <lambda> at 0x7fa496287a90>,<function <lambda> at 0x7fa496287b30>
8784,2020-12-31 23:00:00,<function <lambda> at 0x7fa4962879f0>,<function <lambda> at 0x7fa496287a90>,<function <lambda> at 0x7fa496287b30>
8785,2021-01-01 00:00:00,<function <lambda> at 0x7fa4962879f0>,<function <lambda> at 0x7fa496287a90>,<function <lambda> at 0x7fa496287b30>
8786,2021-01-01 01:00:00,<function <lambda> at 0x7fa4962879f0>,<function <lambda> at 0x7fa496287a90>,<function <lambda> at 0x7fa496287b30>
8787,2021-01-01 02:00:00,<function <lambda> at 0x7fa4962879f0>,<function <lambda> at 0x7fa496287a90>,<function <lambda> at 0x7fa496287b30>
8788,2021-01-01 03:00:00,<function <lambda> at 0x7fa4962879f0>,<function <lambda> at 0x7fa496287a90>,<function <lambda> at 0x7fa496287b30>
8789,2021-01-01 04:00:00,<function <lambda> at 0x7fa4962879f0>,<function <lambda> at 0x7fa496287a90>,<function <lambda> at 0x7fa496287b30>
8790,2021-01-01 05:00:00,<function <lambda> at 0x7fa4962879f0>,<function <lambda> at 0x7fa496287a90>,<function <lambda> at 0x7fa496287b30>
8791,2021-01-01 06:00:00,<function <lambda> at 0x7fa4962879f0>,<function <lambda> at 0x7fa496287a90>,<function <lambda> at 0x7fa496287b30>
8792,2021-01-01 07:00:00,<function <lambda> at 0x7fa4962879f0>,<function <lambda> at 0x7fa496287a90>,<function <lambda> at 0x7fa496287b30>
8793,2021-01-01 08:00:00,<function <lambda> at 0x7fa4962879f0>,<function <lambda> at 0x7fa496287a90>,<function <lambda> at 0x7fa496287b30>
8794,2021-01-01 09:00:00,<function <lambda> at 0x7fa4962879f0>,<function <lambda> at 0x7fa496287a90>,<function <lambda> at 0x7fa496287b30>
8795,2021-01-01 10:00:00,<function <lambda> at 0x7fa4962879f0>,<function <lambda> at 0x7fa496287a90>,<function <lambda> at 0x7fa496287b30>
8796,2021-01-01 11:00:00,<function <lambda> at 0x7fa4962879f0>,<function <lambda> at 0x7fa496287a90>,<function <lambda> at 0x7fa496287b30>
8797,2021-01-01 12:00:00,<function <lambda> at 0x7fa4962879f0>,<function <lambda> at 0x7fa496287a90>,<function <lambda> at 0x7fa496287b30>
8798,2021-01-01 13:00:00,<function <lambda> at 0x7fa4962879f0>,<function <lambda> at 0x7fa496287a90>,<function <lambda> at 0x7fa496287b30>
8799,2021-01-01 14:00:00,<function <lambda> at 0x7fa4962879f0>,<function <lambda> at 0x7fa496287a90>,<function <lambda> at 0x7fa496287b30>
8800,2021-01-01 15:00:00,<function <lambda> at 0x7fa4962879f0>,<function <lambda> at 0x7fa496287a90>,<function <lambda> at 0x7fa496287b30>
8801,2021-01-01 16:00:00,<function <lambda> at 0x7fa4962879f0>,<function <lambda> at 0x7fa496287a90>,<function <lambda> at 0x7fa496287b30>
8802,2021-01-01 17:00:00,<function <lambda> at 0x7fa4962879f0>,<function <lambda> at 0x7fa496287a90>,<function <lambda> at 0x7fa496287b30>
8803,2021-01-01 18:00:00,<function <lambda> at 0x7fa4962879f0>,<function <lambda> at 0x7fa496287a90>,<function <lambda> at 0x7fa496287b30>
8804,2021-01-01 19:00:00,<function <lambda> at 0x7fa4962879f0>,<function <lambda> at 0x7fa496287a90>,<function <lambda> at 0x7fa496287b30>
8805,2021-01-01 20:00:00,<function <lambda> at 0x7fa4962879f0>,<function <lambda> at 0x7fa496287a90>,<function <lambda> at 0x7fa496287b30>
8806,2021-01-01 21:00:00,<function <lambda> at 0x7fa4962879f0>,<function <lambda> at 0x7fa496287a90>,<function <lambda> at 0x7fa496287b30>
8807,2021-01-01 22:00:00,<function <lambda> at 0x7fa4962879f0>,<function <lambda> at 0x7fa496287a90>,<function <lambda> at 0x7fa496287b30>
8808,2021-01-01 23:00:00,<function <lambda> at 0x7fa4962879f0>,<function <lambda> at 0x7fa496287a90>,<function <lambda> at 0x7fa496287b30>
8809,2021-01-02 00:00:00,<function <lambda> at 0x7fa4962879f0>,<function <lambda> at 0x7fa496287a90>,<function <lambda> at 0x7fa496287b30>
8810,2021-01-02 01:00:00,<function <lambda> at 0x7fa4962879f0>,<function <lambda> at 0x7fa496287a90>,<function <lambda> at 0x7fa496287b30>
8811,2021-01-02 02:00:00,<function <lambda> at 0x7fa4962879f0>,<function <lambda> at 0x7fa496287a90>,<function <lambda> at 0x7fa496287b30>
8812,2021-01-02 03:00:00,<function <lambda> at 0x7fa4962879f0>,<function <lambda> at 0x7fa496287a90>,<function <lambda> at 0x7fa496287b30>
8813,2021-01-02 04:00:00,<function <lambda> at 0x7fa4962879f0>,<function <lambda> at 0x7fa496287a90>,<function <lambda> at 0x7fa496287b30>
8814,2021-01-02 05:00:00,<function <lambda> at 0x7fa4962879f0>,<function <lambda> at 0x7fa496287a90>,<function <lambda> at 0x7fa496287b30>
8815,2021-01-02 06:00:00,<function <lambda> at 0x7fa4962879f0>,<function <lambda> at 0x7fa496287a90>,<function <lambda> at 0x7fa496287b30>
8816,2021-01-02 07:00:00,<function <lambda> at 0x7fa4962879f0>,<function <lambda> at 0x7fa496287a90>,<function <lambda> at 0x7fa496287b30>
8817,2021-01-02 08:00:00,<function <lambda> at 0x7fa4962879f0>,<function <lambda> at 0x7fa496287a90>,<function <lambda> at 0x7fa496287b30>
8818,2021-01-02 09:00:00,<function <lambda> at 0x7fa4962879f0>,<function <lambda> at 0x7fa496287a90>,<function <lambda> at 0x7fa496287b30>
8819,2021-01-02 10:00:00,<function <lambda> at 0x7fa4962879f0>,<function <lambda> at 0x7fa496287a90>,<function <lambda> at 0x7fa496287b30>
8820,2021-01-02 11:00:00,<function <lambda> at 0x7fa4962879f0>,<function <lambda> at 0x7fa496287a90>,<function <lambda> at 0x7fa496287b30>
8821,2021-01-02 12:00:00,<function <lambda> at 0x7fa4962879f0>,<function <lambda> at 0x7fa496287a90>,<function <lambda> at 0x7fa496287b30>
8822,2021-01-02 13:00:00,<function <lambda> at 0x7fa4962879f0>,<function <lambda> at 0x7fa496287a90>,<function <lambda> at 0x7fa496287b30>
8823,2021-01-02 14:00:00,<function <lambda> at 0x7fa4962879f0>,<function <lambda> at 0x7fa496287a90>,<function <lambda> at 0x7fa496287b30>
8824,2021-01-02 15:00:00,<function <lambda> at 0x7fa4962879f0>,<function <lambda> at 0x7fa496287a90>,<function <lambda> at 0x7fa496287b30>
8825,2021-01-02 16:00:00,<function <lambda> at 0x7fa4962879f0>,<function <lambda> at 0x7fa496287a90>,<function <lambda> at 0x7fa496287b30>
8826,2021-01-02 17:00:00,<function <lambda> at 0x7fa4962879f0>,<function <lambda> at 0x7fa496287a90>,<function <lambda> at 0x7fa496287b30>
8827,2021-01-02 18:00:00,<function <lambda> at 0x7fa4962879f0>,<function <lambda> at 0x7fa496287a90>,<function <lambda> at 0x7fa496287b30>
8828,2021-01-02 19:00:00,<function <lambda> at 0x7fa4962879f0>,<function <lambda> at 0x7fa496287a90>,<function <lambda> at 0x7fa496287b30>
8829,2021-01-02 20:00:00,<function <lambda> at 0x7fa4962879f0>,<function <lambda> at 0x7fa496287a90>,<function <lambda> at 0x7fa496287b30>
8830,2021-01-02 21:00:00,<function <lambda> at 0x7fa4962879f0>,<function <lambda> at 0x7fa496287a90>,<function <lambda> at 0x7fa496287b30>
8831,2021-01-02 22:00:00,<function <lambda> at 0x7fa4962879f0>,<function <lambda> at 0x7fa496287a90>,<function <lambda> at 0x7fa496287b30>
8832,2021-01-02 23:00:00,<function <lambda> at 0x7fa4962879f0>,<function <lambda> at 0x7fa496287a90>,<function <lambda> at 0x7fa496287b30>
8833,2021-01-03 00:00:00,<function <lambda> at 0x7fa4962879f0>,<function <lambda> at 0x7fa496287a90>,<function <lambda> at 0x7fa496287b30>
8834,2021-01-03 01:00:00,<function <lambda> at 0x7fa4962879f0>,<function <lambda> at 0x7fa496287a90>,<function <lambda> at 0x7fa496287b30>
8835,2021-01-03 02:00:00,<function <lambda> at 0x7fa4962879f0>,<function <lambda> at 0x7fa496287a90>,<function <lambda> at 0x7fa496287b30>
8836,2021-01-03 03:00:00,<function <lambda> at 0x7fa4962879f0>,<function <lambda> at 0x7fa496287a90>,<function <lambda> at 0x7fa496287b30>
8837,2021-01-03 04:00:00,<function <lambda> at 0x7fa4962879f0>,<function <lambda> at 0x7fa496287a90>,<function <lambda> at 0x7fa496287b30>
8838,2021-01-03 05:00:00,<function <lambda> at 0x7fa4962879f0>,<function <lambda> at 0x7fa496287a90>,<function <lambda> at 0x7fa496287b30>
8839,2021-01-03 06:00:00,<function <lambda> at 0x7fa4962879f0>,<function <lambda> at 0x7fa496287a90>,<function <lambda> at 0x7fa496287b30>
8840,2021-01-03 07:00:00,<function <lambda> at 0x7fa4962879f0>,<function <lambda> at 0x7fa496287a90>,<function <lambda> at 0x7fa496287b30>
8841,2021-01-03 08:00:00,<function <lambda> at 0x7fa4962879f0>,<function <lambda> at 0x7fa496287a90>,<function <lambda> at 0x7fa496287b30>
8842,2021-01-03 09:00:00,<function <lambda> at 0x7fa4962879f0>,<function <lambda> at 0x7fa496287a90>,<function <lambda> at 0x7fa496287b30>
8843,2021-01-03 10:00:00,<function <lambda> at 0x7fa4962879f0>,<function <lambda> at 0x7fa496287a90>,<function <lambda> at 0x7fa496287b30>
8844,2021-01-03 11:00:00,<function <lambda> at 0x7fa4962879f0>,<function <lambda> at 0x7fa496287a90>,<function <lambda> at 0x7fa496287b30>
8845,2021-01-03 12:00:00,<function <lambda> at 0x7fa4962879f0>,<function <lambda> at 0x7fa496287a90>,<function <lambda> at 0x7fa496287b30>
8846,2021-01-03 13:00:00,<function <lambda> at 0x7fa4962879f0>,<function <lambda> at 0x7fa496287a90>,<function <lambda> at 0x7fa496287b30>
8847,2021-01-03 14:00:00,<function <lambda> at 0x7fa4962879f0>,<function <lambda> at 0x7fa496287a90>,<function <lambda> at 0x7fa496287b30>
8848,2021-01-03 15:00:00,<function <lambda> at 0x7fa4962879f0>,<function <lambda> at 0x7fa496287a90>,<function <lambda> at 0x7fa496287b30>
8849,2021-01-03 16:00:00,<function <lambda> at 0x7fa4962879f0>,<function <lambda> at 0x7fa496287a90>,<function <lambda> at 0x7fa496287b30>
8850,2021-01-03 17:00:00,<function <lambda> at 0x7fa4962879f0>,<function <lambda> at 0x7fa496287a90>,<function <lambda> at 0x7fa496287b30>
8851,2021-01-03 18:00:00,<function <lambda> at 0x7fa4962879f0>,<function <lambda> at 0x7fa496287a90>,<function <lambda> at 0x7fa496287b30>
8852,2021-01-03 19:00:00,<function <lambda> at 0x7fa4962879f0>,<function <lambda> at 0x7fa496287a90>,<function <lambda> at 0x7fa496287b30>
8853,2021-01-03 20:00:00,<function <lambda> at 0x7fa4962879f0>,<function <lambda> at 0x7fa496287a90>,<function <lambda> at 0x7fa496287b30>
8854,2021-01-03 21:00:00,<function <lambda> at 0x7fa4962879f0>,<function <lambda> at 0x7fa496287a90>,<function <lambda> at 0x7fa496287b30>
8855,2021-01-03 22:00:00,<function <lambda> at 0x7fa4962879f0>,<function <lambda> at 0x7fa496287a90>,<function <lambda> at 0x7fa496287b30>
8856,2021-01-03 23:00:00,<function <lambda> at 0x7fa4962879f0>,<function <lambda> at 0x7fa496287a90>,<function <lambda> at 0x7fa496287b30>
8857,2021-01-04 00:00:00,<function <lambda> at 0x7fa4962879f0>,<function <lambda> at 0x7fa496287a90>,<function <lambda> at 0x7fa496287b30>
8858,2021-01-04 01:00:00,<function <lambda> at 0x7fa4962879f0>,<function <lambda> at 0x7fa496287a90>,<function <lambda> at 0x7fa496287b30>
8859,2021-01-04 02:00:00,<function <lambda> at 0x7fa4962879f0>,<function <lambda> at 0x7fa496287a90>,<function <lambda> at 0x7fa496287b30>
8860,2021-01-04 03:00:00,<function <lambda> at 0x7fa4962879f0>,<function <lambda> at 0x7fa496287a90>,<function <lambda> at 0x7fa496287b30>
8861,2021-01-04 04:00:00,<function <lambda> at 0x7fa4962879f0>,<function <lambda> at 0x7fa496287a90>,<function <lambda> at 0x7fa496287b30>
8862,2021-01-04 05:00:00,<function <lambda> at 0x7fa4962879f0>,<function <lambda> at 0x7fa496287a90>,<function <lambda> at 0x7fa496287b30>
8863,2021-01-04 06:00:00,<function <lambda> at 0x7fa4962879f0>,<function <lambda> at 0x7fa496287a90>,<function <lambda> at 0x7fa496287b30>
8864,2021-01-04 07:00:00,<function <lambda> at 0x7fa4962879f0>,<function <lambda> at 0x7fa496287a90>,<function <lambda> at 0x7fa496287b30>
8865,2021-01-04 08:00:00,<function <lambda> at 0x7fa4962879f0>,<function <lambda> at 0x7fa496287a90>,<function <lambda> at 0x7fa496287b30>
8866,2021-01-04 09:00:00,<function <lambda> at 0x7fa4962879f0>,<function <lambda> at 0x7fa496287a90>,<function <lambda> at 0x7fa496287b30>
8867,2021-01-04 10:00:00,<function <lambda> at 0x7fa4962879f0>,<function <lambda> at 0x7fa496287a90>,<function <lambda> at 0x7fa496287b30>
8868,2021-01-04 11:00:00,<function <lambda> at 0x7fa4962879f0>,<function <lambda> at 0x7fa496287a90>,<function <lambda> at 0x7fa496287b30>
8869,2021-01-04 12:00:00,<function <lambda> at 0x7fa4962879f0>,<function <lambda> at 0x7fa496287a90>,<function <lambda> at 0x7fa496287b30>
8870,2021-01-04 13:00:00,<function <lambda> at 0x7fa4962879f0>,<function <lambda> at 0x7fa496287a90>,<function <lambda> at 0x7fa496287b30>
8871,2021-01-04 14:00:00,<function <lambda> at 0x7fa4962879f0>,<function <lambda> at 0x7fa496287a90>,<function <lambda> at 0x7fa496287b30>
8872,2021-01-04 15:00:00,<function <lambda> at 0x7fa4962879f0>,<function <lambda> at 0x7fa496287a90>,<function <lambda> at 0x7fa496287b30>
8873,2021-01-04 16:00:00,<function <lambda> at 0x7fa4962879f0>,<function <lambda> at 0x7fa496287a90>,<function <lambda> at 0x7fa496287b30>
8874,2021-01-04 17:00:00,<function <lambda> at 0x7fa4962879f0>,<function <lambda> at 0x7fa496287a90>,<function <lambda> at 0x7fa496287b30>
8875,2021-01-04 18:00:00,<function <lambda> at 0x7fa4962879f0>,<function <lambda> at 0x7fa496287a90>,<function <lambda> at 0x7fa496287b30>
8876,2021-01-04 19:00:00,<function <lambda> at 0x7fa4962879f0>,<function <lambda> at 0x7fa496287a90>,<function <lambda> at 0x7fa496287b30>
8877,2021-01-04 20:00:00,<function <lambda> at 0x7fa4962879f0>,<function <lambda> at 0x7fa496287a90>,<function <lambda> at 0x7fa496287b30>
8878,2021-01-04 21:00:00,<function <lambda> at 0x7fa4962879f0>,<function <lambda> at 0x7fa496287a90>,<function <lambda> at 0x7fa496287b30>
8879,2021-01-04 22:00:00,<function <lambda> at 0x7fa4962879f0>,<function <lambda> at 0x7fa496287a90>,<function <lambda> at 0x7fa496287b30>
8880,2021-01-04 23:00:00,<function <lambda> at 0x7fa4962879f0>,<function <lambda> at 0x7fa496287a90>,<function <lambda> at 0x7fa496287b30>
8881,2021-01-05 00:00:00,<function <lambda> at 0x7fa4962879f0>,<function <lambda> at 0x7fa496287a90>,<function <lambda> at 0x7fa496287b30>
8882,2021-01-05 01:00:00,<function <lambda> at 0x7fa4962879f0>,<function <lambda> at 0x7fa496287a90>,<function <lambda> at 0x7fa496287b30>
8883,2021-01-05 02:00:00,<function <lambda> at 0x7fa4962879f0>,<function <lambda> at 0x7fa496287a90>,<function <lambda> at 0x7fa496287b30>
8884,2021-01-05 03:00:00,<function <lambda> at 0x7fa4962879f0>,<function <lambda> at 0x7fa496287a90>,<function <lambda> at 0x7fa496287b30>
8885,2021-01-05 04:00:00,<function <lambda> at 0x7fa4962879f0>,<function <lambda> at 0x7fa496287a90>,<function <lambda> at 0x7fa496287b30>
8886,2021-01-05 05:00:00,<function <lambda> at 0x7fa4962879f0>,<function <lambda> at 0x7fa496287a90>,<function <lambda> at 0x7fa496287b30>
8887,2021-01-05 06:00:00,<function <lambda> at 0x7fa4962879f0>,<function <lambda> at 0x7fa496287a90>,<function <lambda> at 0x7fa496287b30>
8888,2021-01-05 07:00:00,<function <lambda> at 0x7fa4962879f0>,<function <lambda> at 0x7fa496287a90>,<function <lambda> at 0x7fa496287b30>
8889,2021-01-05 08:00:00,<function <lambda> at 0x7fa4962879f0>,<function <lambda> at 0x7fa496287a90>,<function <lambda> at 0x7fa496287b30>
8890,2021-01-05 09:00:00,<function <lambda> at 0x7fa4962879f0>,<function <lambda> at 0x7fa496287a90>,<function <lambda> at 0x7fa496287b30>
8891,2021-01-05 10:00:00,<function <lambda> at 0x7fa4962879f0>,<function <lambda> at 0x7fa496287a90>,<function <lambda> at 0x7fa496287b30>
8892,2021-01-05 11:00:00,<function <lambda> at 0x7fa4962879f0>,<function <lambda> at 0x7fa496287a90>,<function <lambda> at 0x7fa496287b30>
8893,2021-01-05 12:00:00,<function <lambda> at 0x7fa4962879f0>,<function <lambda> at 0x7fa496287a90>,<function <lambda> at 0x7fa496287b30>
8894,2021-01-05 13:00:00,<function <lambda> at 0x7fa4962879f0>,<function <lambda> at 0x7fa496287a90>,<function <lambda> at 0x7fa496287b30>
8895,2021-01-05 14:00:00,<function <lambda> at 0x7fa4962879f0>,<function <lambda> at 0x7fa496287a90>,<function <lambda> at 0x7fa496287b30>
8896,2021-01-05 15:00:00,<function <lambda> at 0x7fa4962879f0>,<function <lambda> at 0x7fa496287a90>,<function <lambda> at 0x7fa496287b30>
8897,2021-01-05 16:00:00,<function <lambda> at 0x7fa4962879f0>,<function <lambda> at 0x7fa496287a90>,<function <lambda> at 0x7fa496287b30>
8898,2021-01-05 17:00:00,<function <lambda> at 0x7fa4962879f0>,<function <lambda> at 0x7fa496287a90>,<function <lambda> at 0x7fa496287b30>
8899,2021-01-05 18:00:00,<function <lambda> at 0x7fa4962879f0>,<function <lambda> at 0x7fa496287a90>,<function <lambda> at 0x7fa496287b30>
8900,2021-01-05 19:00:00,<function <lambda> at 0x7fa4962879f0>,<function <lambda> at 0x7fa496287a90>,<function <lambda> at 0x7fa496287b30>
8901,2021-01-05 20:00:00,<function <lambda> at 0x7fa4962879f0>,<function <lambda> at 0x7fa496287a90>,<function <lambda> at 0x7fa496287b30>
8902,2021-01-05 21:00:00,<function <lambda> at 0x7fa4962879f0>,<function <lambda> at 0x7fa496287a90>,<function <lambda> at 0x7fa496287b30>
8903,2021-01-05 22:00:00,<function <lambda> at 0x7fa4962879f0>,<function <lambda> at 0x7fa496287a90>,<function <lambda> at 0x7fa496287b30>
8904,2021-01-05 23:00:00,<function <lambda> at 0x7fa4962879f0>,<function <lambda> at 0x7fa496287a90>,<function <lambda> at 0x7fa496287b30>
8905,2021-01-06 00:00:00,<function <lambda> at 0x7fa4962879f0>,<function <lambda> at 0x7fa496287a90>,<function <lambda> at 0x7fa496287b30>
8906,2021-01-06 01:00:00,<function <lambda> at 0x7fa4962879f0>,<function <lambda> at 0x7fa496287a90>,<function <lambda> at 0x7fa496287b30>
8907,2021-01-06 02:00:00,<function <lambda> at 0x7fa4962879f0>,<function <lambda> at 0x7fa496287a90>,<function <lambda> at 0x7fa496287b30>
8908,2021-01-06 03:00:00,<function <lambda> at 0x7fa4962879f0>,<function <lambda> at 0x7fa496287a90>,<function <lambda> at 0x7fa496287b30>
8909,2021-01-06 04:00:00,<function <lambda> at 0x7fa4962879f0>,<function <lambda> at 0x7fa496287a90>,<function <lambda> at 0x7fa496287b30>
8910,2021-01-06 05:00:00,<function <lambda> at 0x7fa4962879f0>,<function <lambda> at 0x7fa496287a90>,<function <lambda> at 0x7fa496287b30>
8911,2021-01-06 06:00:00,<function <lambda> at 0x7fa4962879f0>,<function <lambda> at 0x7fa496287a90>,<function <lambda> at 0x7fa496287b30>
8912,2021-01-06 07:00:00,<function <lambda> at 0x7fa4962879f0>,<function <lambda> at 0x7fa496287a90>,<function <lambda> at 0x7fa496287b30>
8913,2021-01-06 08:00:00,<function <lambda> at 0x7fa4962879f0>,<function <lambda> at 0x7fa496287a90>,<function <lambda> at 0x7fa496287b30>
8914,2021-01-06 09:00:00,<function <lambda> at 0x7fa4962879f0>,<function <lambda> at 0x7fa496287a90>,<function <lambda> at 0x7fa496287b30>
8915,2021-01-06 10:00:00,<function <lambda> at 0x7fa4962879f0>,<function <lambda> at 0x7fa496287a90>,<function <lambda> at 0x7fa496287b30>
8916,2021-01-06 11:00:00,<function <lambda> at 0x7fa4962879f0>,<function <lambda> at 0x7fa496287a90>,<function <lambda> at 0x7fa496287b30>
8917,2021-01-06 12:00:00,<function <lambda> at 0x7fa4962879f0>,<function <lambda> at 0x7fa496287a90>,<function <lambda> at 0x7fa496287b30>
8918,2021-01-06 13:00:00,<function <lambda> at 0x7fa4962879f0>,<function <lambda> at 0x7fa496287a90>,<function <lambda> at 0x7fa496287b30>
8919,2021-01-06 14:00:00,<function <lambda> at 0x7fa4962879f0>,<function <lambda> at 0x7fa496287a90>,<function <lambda> at 0x7fa496287b30>
8920,2021-01-06 15:00:00,<function <lambda> at 0x7fa4962879f0>,<function <lambda> at 0x7fa496287a90>,<function <lambda> at 0x7fa496287b30>
8921,2021-01-06 16:00:00,<function <lambda> at 0x7fa4962879f0>,<function <lambda> at 0x7fa496287a90>,<function <lambda> at 0x7fa496287b30>
8922,2021-01-06 17:00:00,<function <lambda> at 0x7fa4962879f0>,<function <lambda> at 0x7fa496287a90>,<function <lambda> at 0x7fa496287b30>
8923,2021-01-06 18:00:00,<function <lambda> at 0x7fa4962879f0>,<function <lambda> at 0x7fa496287a90>,<function <lambda> at 0x7fa496287b30>
8924,2021-01-06 19:00:00,<function <lambda> at 0x7fa4962879f0>,<function <lambda> at 0x7fa496287a90>,<function <lambda> at 0x7fa496287b30>
8925,2021-01-06 20:00:00,<function <lambda> at 0x7fa4962879f0>,<function <lambda> at 0x7fa496287a90>,<function <lambda> at 0x7fa496287b30>
8926,2021-01-06 21:00:00,<function <lambda> at 0x7fa4962879f0>,<function <lambda> at 0x7fa496287a90>,<function <lambda> at 0x7fa496287b30>
8927,2021-01-06 22:00:00,<function <lambda> at 0x7fa4962879f0>,<function <lambda> at 0x7fa496287a90>,<function <lambda> at 0x7fa496287b30>
8928,2021-01-06 23:00:00,<function <lambda> at 0x7fa4962879f0>,<function <lambda> at 0x7fa496287a90>,<function <lambda> at 0x7fa496287b30>
8929,2021-01-07 00:00:00,<function <lambda> at 0x7fa4962879f0>,<function <lambda> at 0x7fa496287a90>,<function <lambda> at 0x7fa496287b30>
8930,2021-01-07 01:00:00,<function <lambda> at 0x7fa4962879f0>,<function <lambda> at 0x7fa496287a90>,<function <lambda> at 0x7fa496287b30>
8931,2021-01-07 02:00:00,<function <lambda> at 0x7fa4962879f0>,<function <lambda> at 0x7fa496287a90>,<function <lambda> at 0x7fa496287b30>
8932,2021-01-07 03:00:00,<function <lambda> at 0x7fa4962879f0>,<function <lambda> at 0x7fa496287a90>,<function <lambda> at 0x7fa496287b30>
8933,2021-01-07 04:00:00,<function <lambda> at 0x7fa4962879f0>,<function <lambda> at 0x7fa496287a90>,<function <lambda> at 0x7fa496287b30>
8934,2021-01-07 05:00:00,<function <lambda> at 0x7fa4962879f0>,<function <lambda> at 0x7fa496287a90>,<function <lambda> at 0x7fa496287b30>
8935,2021-01-07 06:00:00,<function <lambda> at 0x7fa4962879f0>,<function <lambda> at 0x7fa496287a90>,<function <lambda> at 0x7fa496287b30>
8936,2021-01-07 07:00:00,<function <lambda> at 0x7fa4962879f0>,<function <lambda> at 0x7fa496287a90>,<function <lambda> at 0x7fa496287b30>
8937,2021-01-07 08:00:00,<function <lambda> at 0x7fa4962879f0>,<function <lambda> at 0x7fa496287a90>,<function <lambda> at 0x7fa496287b30>
8938,2021-01-07 09:00:00,<function <lambda> at 0x7fa4962879f0>,<function <lambda> at 0x7fa496287a90>,<function <lambda> at 0x7fa496287b30>
8939,2021-01-07 10:00:00,<function <lambda> at 0x7fa4962879f0>,<function <lambda> at 0x7fa496287a90>,<function <lambda> at 0x7fa496287b30>
8940,2021-01-07 11:00:00,<function <lambda> at 0x7fa4962879f0>,<function <lambda> at 0x7fa496287a90>,<function <lambda> at 0x7fa496287b30>
8941,2021-01-07 12:00:00,<function <lambda> at 0x7fa4962879f0>,<function <lambda> at 0x7fa496287a90>,<function <lambda> at 0x7fa496287b30>
8942,2021-01-07 13:00:00,<function <lambda> at 0x7fa4962879f0>,<function <lambda> at 0x7fa496287a90>,<function <lambda> at 0x7fa496287b30>
8943,2021-01-07 14:00:00,<function <lambda> at 0x7fa4962879f0>,<function <lambda> at 0x7fa496287a90>,<function <lambda> at 0x7fa496287b30>
8944,2021-01-07 15:00:00,<function <lambda> at 0x7fa4962879f0>,<function <lambda> at 0x7fa496287a90>,<function <lambda> at 0x7fa496287b30>
8945,2021-01-07 16:00:00,<function <lambda> at 0x7fa4962879f0>,<function <lambda> at 0x7fa496287a90>,<function <lambda> at 0x7fa496287b30>
8946,2021-01-07 17:00:00,<function <lambda> at 0x7fa4962879f0>,<function <lambda> at 0x7fa496287a90>,<function <lambda> at 0x7fa496287b30>
8947,2021-01-07 18:00:00,<function <lambda> at 0x7fa4962879f0>,<function <lambda> at 0x7fa496287a90>,<function <lambda> at 0x7fa496287b30>
8948,2021-01-07 19:00:00,<function <lambda> at 0x7fa4962879f0>,<function <lambda> at 0x7fa496287a90>,<function <lambda> at 0x7fa496287b30>
8949,2021-01-07 20:00:00,<function <lambda> at 0x7fa4962879f0>,<function <lambda> at 0x7fa496287a90>,<function <lambda> at 0x7fa496287b30>
8950,2021-01-07 21:00:00,<function <lambda> at 0x7fa4962879f0>,<function <lambda> at 0x7fa496287a90>,<function <lambda> at 0x7fa496287b30>
8951,2021-01-07 22:00:00,<function <lambda> at 0x7fa4962879f0>,<function <lambda> at 0x7fa496287a90>,<function <lambda> at 0x7fa496287b30>
8952,2021-01-07 23:00:00,<function <lambda> at 0x7fa4962879f0>,<function <lambda> at 0x7fa496287a90>,<function <lambda> at 0x7fa496287b30>
8953,2021-01-08 00:00:00,<function <lambda> at 0x7fa4962879f0>,<function <lambda> at 0x7fa496287a90>,<function <lambda> at 0x7fa496287b30>
8954,2021-01-08 01:00:00,<function <lambda> at 0x7fa4962879f0>,<function <lambda> at 0x7fa496287a90>,<function <lambda> at 0x7fa496287b30>
8955,2021-01-08 02:00:00,<function <lambda> at 0x7fa4962879f0>,<function <lambda> at 0x7fa496287a90>,<function <lambda> at 0x7fa496287b30>
8956,2021-01-08 03:00:00,<function <lambda> at 0x7fa4962879f0>,<function <lambda> at 0x7fa496287a90>,<function <lambda> at 0x7fa496287b30>
8957,2021-01-08 04:00:00,<function <lambda> at 0x7fa4962879f0>,<function <lambda> at 0x7fa496287a90>,<function <lambda> at 0x7fa496287b30>
8958,2021-01-08 05:00:00,<function <lambda> at 0x7fa4962879f0>,<function <lambda> at 0x7fa496287a90>,<function <lambda> at 0x7fa496287b30>
8959,2021-01-08 06:00:00,<function <lambda> at 0x7fa4962879f0>,<function <lambda> at 0x7fa496287a90>,<function <lambda> at 0x7fa496287b30>
8960,2021-01-08 07:00:00,<function <lambda> at 0x7fa4962879f0>,<function <lambda> at 0x7fa496287a90>,<function <lambda> at 0x7fa496287b30>
8961,2021-01-08 08:00:00,<function <lambda> at 0x7fa4962879f0>,<function <lambda> at 0x7fa496287a90>,<function <lambda> at 0x7fa496287b30>
8962,2021-01-08 09:00:00,<function <lambda> at 0x7fa4962879f0>,<function <lambda> at 0x7fa496287a90>,<function <lambda> at 0x7fa496287b30>
8963,2021-01-08 10:00:00,<function <lambda> at 0x7fa4962879f0>,<function <lambda> at 0x7fa496287a90>,<function <lambda> at 0x7fa496287b30>
8964,2021-01-08 11:00:00,<function <lambda> at 0x7fa4962879f0>,<function <lambda> at 0x7fa496287a90>,<function <lambda> at 0x7fa496287b30>
8965,2021-01-08 12:00:00,<function <lambda> at 0x7fa4962879f0>,<function <lambda> at 0x7fa496287a90>,<function <lambda> at 0x7fa496287b30>
8966,2021-01-08 13:00:00,<function <lambda> at 0x7fa4962879f0>,<function <lambda> at 0x7fa496287a90>,<function <lambda> at 0x7fa496287b30>
8967,2021-01-08 14:00:00,<function <lambda> at 0x7fa4962879f0>,<function <lambda> at 0x7fa496287a90>,<function <lambda> at 0x7fa496287b30>
8968,2021-01-08 15:00:00,<function <lambda> at 0x7fa4962879f0>,<function <lambda> at 0x7fa496287a90>,<function <lambda> at 0x7fa496287b30>
8969,2021-01-08 16:00:00,<function <lambda> at 0x7fa4962879f0>,<function <lambda> at 0x7fa496287a90>,<function <lambda> at 0x7fa496287b30>
8970,2021-01-08 17:00:00,<function <lambda> at 0x7fa4962879f0>,<function <lambda> at 0x7fa496287a90>,<function <lambda> at 0x7fa496287b30>
8971,2021-01-08 18:00:00,<function <lambda> at 0x7fa4962879f0>,<function <lambda> at 0x7fa496287a90>,<function <lambda> at 0x7fa496287b30>
8972,2021-01-08 19:00:00,<function <lambda> at 0x7fa4962879f0>,<function <lambda> at 0x7fa496287a90>,<function <lambda> at 0x7fa496287b30>
8973,2021-01-08 20:00:00,<function <lambda> at 0x7fa4962879f0>,<function <lambda> at 0x7fa496287a90>,<function <lambda> at 0x7fa496287b30>
8974,2021-01-08 21:00:00,<function <lambda> at 0x7fa4962879f0>,<function <lambda> at 0x7fa496287a90>,<function <lambda> at 0x7fa496287b30>
8975,2021-01-08 22:00:00,<function <lambda> at 0x7fa4962879f0>,<function <lambda> at 0x7fa496287a90>,<function <lambda> at 0x7fa496287b30>
8976,2021-01-08 23:00:00,<function <lambda> at 0x7fa4962879f0>,<function <lambda> at 0x7fa496287a90>,<function <lambda> at 0x7fa496287b30>
8977,2021-01-09 00:00:00,<function <lambda> at 0x7fa4962879f0>,<function <lambda> at 0x7fa496287a90>,<function <lambda> at 0x7fa496287b30>
8978,2021-01-09 01:00:00,<function <lambda> at 0x7fa4962879f0>,<function <lambda> at 0x7fa496287a90>,<function <lambda> at 0x7fa496287b30>
8979,2021-01-09 02:00:00,<function <lambda> at 0x7fa4962879f0>,<function <lambda> at 0x7fa496287a90>,<function <lambda> at 0x7fa496287b30>
8980,2021-01-09 03:00:00,<function <lambda> at 0x7fa4962879f0>,<function <lambda> at 0x7fa496287a90>,<function <lambda> at 0x7fa496287b30>
8981,2021-01-09 04:00:00,<function <lambda> at 0x7fa4962879f0>,<function <lambda> at 0x7fa496287a90>,<function <lambda> at 0x7fa496287b30>
8982,2021-01-09 05:00:00,<function <lambda> at 0x7fa4962879f0>,<function <lambda> at 0x7fa496287a90>,<function <lambda> at 0x7fa496287b30>
8983,2021-01-09 06:00:00,<function <lambda> at 0x7fa4962879f0>,<function <lambda> at 0x7fa496287a90>,<function <lambda> at 0x7fa496287b30>
8984,2021-01-09 07:00:00,<function <lambda> at 0x7fa4962879f0>,<function <lambda> at 0x7fa496287a90>,<function <lambda> at 0x7fa496287b30>
8985,2021-01-09 08:00:00,<function <lambda> at 0x7fa4962879f0>,<function <lambda> at 0x7fa496287a90>,<function <lambda> at 0x7fa496287b30>
8986,2021-01-09 09:00:00,<function <lambda> at 0x7fa4962879f0>,<function <lambda> at 0x7fa496287a90>,<function <lambda> at 0x7fa496287b30>
8987,2021-01-09 10:00:00,<function <lambda> at 0x7fa4962879f0>,<function <lambda> at 0x7fa496287a90>,<function <lambda> at 0x7fa496287b30>
8988,2021-01-09 11:00:00,<function <lambda> at 0x7fa4962879f0>,<function <lambda> at 0x7fa496287a90>,<function <lambda> at 0x7fa496287b30>
8989,2021-01-09 12:00:00,<function <lambda> at 0x7fa4962879f0>,<function <lambda> at 0x7fa496287a90>,<function <lambda> at 0x7fa496287b30>
8990,2021-01-09 13:00:00,<function <lambda> at 0x7fa4962879f0>,<function <lambda> at 0x7fa496287a90>,<function <lambda> at 0x7fa496287b30>
8991,2021-01-09 14:00:00,<function <lambda> at 0x7fa4962879f0>,<function <lambda> at 0x7fa496287a90>,<function <lambda> at 0x7fa496287b30>
8992,2021-01-09 15:00:00,<function <lambda> at 0x7fa4962879f0>,<function <lambda> at 0x7fa496287a90>,<function <lambda> at 0x7fa496287b30>
8993,2021-01-09 16:00:00,<function <lambda> at 0x7fa4962879f0>,<function <lambda> at 0x7fa496287a90>,<function <lambda> at 0x7fa496287b30>
8994,2021-01-09 17:00:00,<function <lambda> at 0x7fa4962879f0>,<function <lambda> at 0x7fa496287a90>,<function <lambda> at 0x7fa496287b30>
8995,2021-01-09 18:00:00,<function <lambda> at 0x7fa4962879f0>,<function <lambda> at 0x7fa496287a90>,<function <lambda> at 0x7fa496287b30>
8996,2021-01-09 19:00:00,<function <lambda> at 0x7fa4962879f0>,<function <lambda> at 0x7fa496287a90>,<function <lambda> at 0x7fa496287b30>
8997,2021-01-09 20:00:00,<function <lambda> at 0x7fa4962879f0>,<function <lambda> at 0x7fa496287a90>,<function <lambda> at 0x7fa496287b30>
8998,2021-01-09 21:00:00,<function <lambda> at 0x7fa4962879f0>,<function <lambda> at 0x7fa496287a90>,<function <lambda> at 0x7fa496287b30>
8999,2021-01-09 22:00:00,<function <lambda> at 0x7fa4962879f0>,<function <lambda> at 0x7fa496287a90>,<function <lambda> at 0x7fa496287b30>
9000,2021-01-09 23:00:00,<function <lambda> at 0x7fa4962879f0>,<function <lambda> at 0x7fa496287a90>,<function <lambda> at 0x7fa496287b30>
9001,2021-01-10 00:00:00,<function <lambda> at 0x7fa4962879f0>,<function <lambda> at 0x7fa496287a90>,<function <lambda> at 0x7fa496287b30>
9002,2021-01-10 01:00:00,<function <lambda> at 0x7fa4962879f0>,<function <lambda> at 0x7fa496287a90>,<function <lambda> at 0x7fa496287b30>
9003,2021-01-10 02:00:00,<function <lambda> at 0x7fa4962879f0>,<function <lambda> at 0x7fa496287a90>,<function <lambda> at 0x7fa496287b30>
9004,2021-01-10 03:00:00,<function <lambda> at 0x7fa4962879f0>,<function <lambda> at 0x7fa496287a90>,<function <lambda> at 0x7fa496287b30>
9005,2021-01-10 04:00:00,<function <lambda> at 0x7fa4962879f0>,<function <lambda> at 0x7fa496287a90>,<function <lambda> at 0x7fa496287b30>
9006,2021-01-10 05:00:00,<function <lambda> at 0x7fa4962879f0>,<function <lambda> at 0x7fa496287a90>,<function <lambda> at 0x7fa496287b30>
9007,2021-01-10 06:00:00,<function <lambda> at 0x7fa4962879f0>,<function <lambda> at 0x7fa496287a90>,<function <lambda> at 0x7fa496287b30>
9008,2021-01-10 07:00:00,<function <lambda> at 0x7fa4962879f0>,<function <lambda> at 0x7fa496287a90>,<function <lambda> at 0x7fa496287b30>
9009,2021-01-10 08:00:00,<function <lambda> at 0x7fa4962879f0>,<function <lambda> at 0x7fa496287a90>,<function <lambda> at 0x7fa496287b30>
9010,2021-01-10 09:00:00,<function <lambda> at 0x7fa4962879f0>,<function <lambda> at 0x7fa496287a90>,<function <lambda> at 0x7fa496287b30>
9011,2021-01-10 10:00:00,<function <lambda> at 0x7fa4962879f0>,<function <lambda> at 0x7fa496287a90>,<function <lambda> at 0x7fa496287b30>
9012,2021-01-10 11:00:00,<function <lambda> at 0x7fa4962879f0>,<function <lambda> at 0x7fa496287a90>,<function <lambda> at 0x7fa496287b30>
9013,2021-01-10 12:00:00,<function <lambda> at 0x7fa4962879f0>,<function <lambda> at 0x7fa496287a90>,<function <lambda> at 0x7fa496287b30>
9014,2021-01-10 13:00:00,<function <lambda> at 0x7fa4962879f0>,<function <lambda> at 0x7fa496287a90>,<function <lambda> at 0x7fa496287b30>
9015,2021-01-10 14:00:00,<function <lambda> at 0x7fa4962879f0>,<function <lambda> at 0x7fa496287a90>,<function <lambda> at 0x7fa496287b30>
9016,2021-01-10 15:00:00,<function <lambda> at 0x7fa4962879f0>,<function <lambda> at 0x7fa496287a90>,<function <lambda> at 0x7fa496287b30>
9017,2021-01-10 16:00:00,<function <lambda> at 0x7fa4962879f0>,<function <lambda> at 0x7fa496287a90>,<function <lambda> at 0x7fa496287b30>
9018,2021-01-10 17:00:00,<function <lambda> at 0x7fa4962879f0>,<function <lambda> at 0x7fa496287a90>,<function <lambda> at 0x7fa496287b30>
9019,2021-01-10 18:00:00,<function <lambda> at 0x7fa4962879f0>,<function <lambda> at 0x7fa496287a90>,<function <lambda> at 0x7fa496287b30>
9020,2021-01-10 19:00:00,<function <lambda> at 0x7fa4962879f0>,<function <lambda> at 0x7fa496287a90>,<function <lambda> at 0x7fa496287b30>
9021,2021-01-10 20:00:00,<function <lambda> at 0x7fa4962879f0>,<function <lambda> at 0x7fa496287a90>,<function <lambda> at 0x7fa496287b30>
9022,2021-01-10 21:00:00,<function <lambda> at 0x7fa4962879f0>,<function <lambda> at 0x7fa496287a90>,<function <lambda> at 0x7fa496287b30>
9023,2021-01-10 22:00:00,<function <lambda> at 0x7fa4962879f0>,<function <lambda> at 0x7fa496287a90>,<function <lambda> at 0x7fa496287b30>
9024,2021-01-10 23:00:00,<function <lambda> at 0x7fa4962879f0>,<function <lambda> at 0x7fa496287a90>,<function <lambda> at 0x7fa496287b30>
9025,2021-01-11 00:00:00,<function <lambda> at 0x7fa4962879f0>,<function <lambda> at 0x7fa496287a90>,<function <lambda> at 0x7fa496287b30>
9026,2021-01-11 01:00:00,<function <lambda> at 0x7fa4962879f0>,<function <lambda> at 0x7fa496287a90>,<function <lambda> at 0x7fa496287b30>
9027,2021-01-11 02:00:00,<function <lambda> at 0x7fa4962879f0>,<function <lambda> at 0x7fa496287a90>,<function <lambda> at 0x7fa496287b30>
9028,2021-01-11 03:00:00,<function <lambda> at 0x7fa4962879f0>,<function <lambda> at 0x7fa496287a90>,<function <lambda> at 0x7fa496287b30>
9029,2021-01-11 04:00:00,<function <lambda> at 0x7fa4962879f0>,<function <lambda> at 0x7fa496287a90>,<function <lambda> at 0x7fa496287b30>
9030,2021-01-11 05:00:00,<function <lambda> at 0x7fa4962879f0>,<function <lambda> at 0x7fa496287a90>,<function <lambda> at 0x7fa496287b30>
9031,2021-01-11 06:00:00,<function <lambda> at 0x7fa4962879f0>,<function <lambda> at 0x7fa496287a90>,<function <lambda> at 0x7fa496287b30>
9032,2021-01-11 07:00:00,<function <lambda> at 0x7fa4962879f0>,<function <lambda> at 0x7fa496287a90>,<function <lambda> at 0x7fa496287b30>
9033,2021-01-11 08:00:00,<function <lambda> at 0x7fa4962879f0>,<function <lambda> at 0x7fa496287a90>,<function <lambda> at 0x7fa496287b30>
9034,2021-01-11 09:00:00,<function <lambda> at 0x7fa4962879f0>,<function <lambda> at 0x7fa496287a90>,<function <lambda> at 0x7fa496287b30>
9035,2021-01-11 10:00:00,<function <lambda> at 0x7fa4962879f0>,<function <lambda> at 0x7fa496287a90>,<function <lambda> at 0x7fa496287b30>
9036,2021-01-11 11:00:00,<function <lambda> at 0x7fa4962879f0>,<function <lambda> at 0x7fa496287a90>,<function <lambda> at 0x7fa496287b30>
9037,2021-01-11 12:00:00,<function <lambda> at 0x7fa4962879f0>,<function <lambda> at 0x7fa496287a90>,<function <lambda> at 0x7fa496287b30>
9038,2021-01-11 13:00:00,<function <lambda> at 0x7fa4962879f0>,<function <lambda> at 0x7fa496287a90>,<function <lambda> at 0x7fa496287b30>
9039,2021-01-11 14:00:00,<function <lambda> at 0x7fa4962879f0>,<function <lambda> at 0x7fa496287a90>,<function <lambda> at 0x7fa496287b30>
9040,2021-01-11 15:00:00,<function <lambda> at 0x7fa4962879f0>,<function <lambda> at 0x7fa496287a90>,<function <lambda> at 0x7fa496287b30>
9041,2021-01-11 16:00:00,<function <lambda> at 0x7fa4962879f0>,<function <lambda> at 0x7fa496287a90>,<function <lambda> at 0x7fa496287b30>
9042,2021-01-11 17:00:00,<function <lambda> at 0x7fa4962879f0>,<function <lambda> at 0x7fa496287a90>,<function <lambda> at 0x7fa496287b30>
9043,2021-01-11 18:00:00,<function <lambda> at 0x7fa4962879f0>,<function <lambda> at 0x7fa496287a90>,<function <lambda> at 0x7fa496287b30>
9044,2021-01-11 19:00:00,<function <lambda> at 0x7fa4962879f0>,<function <lambda> at 0x7fa496287a90>,<function <lambda> at 0x7fa496287b30>
9045,2021-01-11 20:00:00,<function <lambda> at 0x7fa4962879f0>,<function <lambda> at 0x7fa496287a90>,<function <lambda> at 0x7fa496287b30>
9046,2021-01-11 21:00:00,<function <lambda> at 0x7fa4962879f0>,<function <lambda> at 0x7fa496287a90>,<function <lambda> at 0x7fa496287b30>
9047,2021-01-11 22:00:00,<function <lambda> at 0x7fa4962879f0>,<function <lambda> at 0x7fa496287a90>,<function <lambda> at 0x7fa496287b30>
9048,2021-01-11 23:00:00,<function <lambda> at 0x7fa4962879f0>,<function <lambda> at 0x7fa496287a90>,<function <lambda> at 0x7fa496287b30>
9049,2021-01-12 00:00:00,<function <lambda> at 0x7fa4962879f0>,<function <lambda> at 0x7fa496287a90>,<function <lambda> at 0x7fa496287b30>
9050,2021-01-12 01:00:00,<function <lambda> at 0x7fa4962879f0>,<function <lambda> at 0x7fa496287a90>,<function <lambda> at 0x7fa496287b30>
9051,2021-01-12 02:00:00,<function <lambda> at 0x7fa4962879f0>,<function <lambda> at 0x7fa496287a90>,<function <lambda> at 0x7fa496287b30>
9052,2021-01-12 03:00:00,<function <lambda> at 0x7fa4962879f0>,<function <lambda> at 0x7fa496287a90>,<function <lambda> at 0x7fa496287b30>
9053,2021-01-12 04:00:00,<function <lambda> at 0x7fa4962879f0>,<function <lambda> at 0x7fa496287a90>,<function <lambda> at 0x7fa496287b30>
9054,2021-01-12 05:00:00,<function <lambda> at 0x7fa4962879f0>,<function <lambda> at 0x7fa496287a90>,<function <lambda> at 0x7fa496287b30>
9055,2021-01-12 06:00:00,<function <lambda> at 0x7fa4962879f0>,<function <lambda> at 0x7fa496287a90>,<function <lambda> at 0x7fa496287b30>
9056,2021-01-12 07:00:00,<function <lambda> at 0x7fa4962879f0>,<function <lambda> at 0x7fa496287a90>,<function <lambda> at 0x7fa496287b30>
9057,2021-01-12 08:00:00,<function <lambda> at 0x7fa4962879f0>,<function <lambda> at 0x7fa496287a90>,<function <lambda> at 0x7fa496287b30>
9058,2021-01-12 09:00:00,<function <lambda> at 0x7fa4962879f0>,<function <lambda> at 0x7fa496287a90>,<function <lambda> at 0x7fa496287b30>
9059,2021-01-12 10:00:00,<function <lambda> at 0x7fa4962879f0>,<function <lambda> at 0x7fa496287a90>,<function <lambda> at 0x7fa496287b30>
9060,2021-01-12 11:00:00,<function <lambda> at 0x7fa4962879f0>,<function <lambda> at 0x7fa496287a90>,<function <lambda> at 0x7fa496287b30>
9061,2021-01-12 12:00:00,<function <lambda> at 0x7fa4962879f0>,<function <lambda> at 0x7fa496287a90>,<function <lambda> at 0x7fa496287b30>
9062,2021-01-12 13:00:00,<function <lambda> at 0x7fa4962879f0>,<function <lambda> at 0x7fa496287a90>,<function <lambda> at 0x7fa496287b30>
9063,2021-01-12 14:00:00,<function <lambda> at 0x7fa4962879f0>,<function <lambda> at 0x7fa496287a90>,<function <lambda> at 0x7fa496287b30>
9064,2021-01-12 15:00:00,<function <lambda> at 0x7fa4962879f0>,<function <lambda> at 0x7fa496287a90>,<function <lambda> at 0x7fa496287b30>
9065,2021-01-12 16:00:00,<function <lambda> at 0x7fa4962879f0>,<function <lambda> at 0x7fa496287a90>,<function <lambda> at 0x7fa496287b30>
9066,2021-01-12 17:00:00,<function <lambda> at 0x7fa4962879f0>,<function <lambda> at 0x7fa496287a90>,<function <lambda> at 0x7fa496287b30>
9067,2021-01-12 18:00:00,<function <lambda> at 0x7fa4962879f0>,<function <lambda> at 0x7fa496287a90>,<function <lambda> at 0x7fa496287b30>
9068,2021-01-12 19:00:00,<function <lambda> at 0x7fa4962879f0>,<function <lambda> at 0x7fa496287a90>,<function <lambda> at 0x7fa496287b30>
9069,2021-01-12 20:00:00,<function <lambda> at 0x7fa4962879f0>,<function <lambda> at 0x7fa496287a90>,<function <lambda> at 0x7fa496287b30>
9070,2021-01-12 21:00:00,<function <lambda> at 0x7fa4962879f0>,<function <lambda> at 0x7fa496287a90>,<function <lambda> at 0x7fa496287b30>
9071,2021-01-12 22:00:00,<function <lambda> at 0x7fa4962879f0>,<function <lambda> at 0x7fa496287a90>,<function <lambda> at 0x7fa496287b30>
9072,2021-01-12 23:00:00,<function <lambda> at 0x7fa4962879f0>,<function <lambda> at 0x7fa496287a90>,<function <lambda> at 0x7fa496287b30>
9073,2021-01-13 00:00:00,<function <lambda> at 0x7fa4962879f0>,<function <lambda> at 0x7fa496287a90>,<function <lambda> at 0x7fa496287b30>
9074,2021-01-13 01:00:00,<function <lambda> at 0x7fa4962879f0>,<function <lambda> at 0x7fa496287a90>,<function <lambda> at 0x7fa496287b30>
9075,2021-01-13 02:00:00,<function <lambda> at 0x7fa4962879f0>,<function <lambda> at 0x7fa496287a90>,<function <lambda> at 0x7fa496287b30>
9076,2021-01-13 03:00:00,<function <lambda> at 0x7fa4962879f0>,<function <lambda> at 0x7fa496287a90>,<function <lambda> at 0x7fa496287b30>
9077,2021-01-13 04:00:00,<function <lambda> at 0x7fa4962879f0>,<function <lambda> at 0x7fa496287a90>,<function <lambda> at 0x7fa496287b30>
9078,2021-01-13 05:00:00,<function <lambda> at 0x7fa4962879f0>,<function <lambda> at 0x7fa496287a90>,<function <lambda> at 0x7fa496287b30>
9079,2021-01-13 06:00:00,<function <lambda> at 0x7fa4962879f0>,<function <lambda> at 0x7fa496287a90>,<function <lambda> at 0x7fa496287b30>
9080,2021-01-13 07:00:00,<function <lambda> at 0x7fa4962879f0>,<function <lambda> at 0x7fa496287a90>,<function <lambda> at 0x7fa496287b30>
9081,2021-01-13 08:00:00,<function <lambda> at 0x7fa4962879f0>,<function <lambda> at 0x7fa496287a90>,<function <lambda> at 0x7fa496287b30>
9082,2021-01-13 09:00:00,<function <lambda> at 0x7fa4962879f0>,<function <lambda> at 0x7fa496287a90>,<function <lambda> at 0x7fa496287b30>
9083,2021-01-13 10:00:00,<function <lambda> at 0x7fa4962879f0>,<function <lambda> at 0x7fa496287a90>,<function <lambda> at 0x7fa496287b30>
9084,2021-01-13 11:00:00,<function <lambda> at 0x7fa4962879f0>,<function <lambda> at 0x7fa496287a90>,<function <lambda> at 0x7fa496287b30>
9085,2021-01-13 12:00:00,<function <lambda> at 0x7fa4962879f0>,<function <lambda> at 0x7fa496287a90>,<function <lambda> at 0x7fa496287b30>
9086,2021-01-13 13:00:00,<function <lambda> at 0x7fa4962879f0>,<function <lambda> at 0x7fa496287a90>,<function <lambda> at 0x7fa496287b30>
9087,2021-01-13 14:00:00,<function <lambda> at 0x7fa4962879f0>,<function <lambda> at 0x7fa496287a90>,<function <lambda> at 0x7fa496287b30>
9088,2021-01-13 15:00:00,<function <lambda> at 0x7fa4962879f0>,<function <lambda> at 0x7fa496287a90>,<function <lambda> at 0x7fa496287b30>
9089,2021-01-13 16:00:00,<function <lambda> at 0x7fa4962879f0>,<function <lambda> at 0x7fa496287a90>,<function <lambda> at 0x7fa496287b30>
9090,2021-01-13 17:00:00,<function <lambda> at 0x7fa4962879f0>,<function <lambda> at 0x7fa496287a90>,<function <lambda> at 0x7fa496287b30>
9091,2021-01-13 18:00:00,<function <lambda> at 0x7fa4962879f0>,<function <lambda> at 0x7fa496287a90>,<function <lambda> at 0x7fa496287b30>
9092,2021-01-13 19:00:00,<function <lambda> at 0x7fa4962879f0>,<function <lambda> at 0x7fa496287a90>,<function <lambda> at 0x7fa496287b30>
9093,2021-01-13 20:00:00,<function <lambda> at 0x7fa4962879f0>,<function <lambda> at 0x7fa496287a90>,<function <lambda> at 0x7fa496287b30>
9094,2021-01-13 21:00:00,<function <lambda> at 0x7fa4962879f0>,<function <lambda> at 0x7fa496287a90>,<function <lambda> at 0x7fa496287b30>
9095,2021-01-13 22:00:00,<function <lambda> at 0x7fa4962879f0>,<function <lambda> at 0x7fa496287a90>,<function <lambda> at 0x7fa496287b30>
9096,2021-01-13 23:00:00,<function <lambda> at 0x7fa4962879f0>,<function <lambda> at 0x7fa496287a90>,<function <lambda> at 0x7fa496287b30>
9097,2021-01-14 00:00:00,<function <lambda> at 0x7fa4962879f0>,<function <lambda> at 0x7fa496287a90>,<function <lambda> at 0x7fa496287b30>
9098,2021-01-14 01:00:00,<function <lambda> at 0x7fa4962879f0>,<function <lambda> at 0x7fa496287a90>,<function <lambda> at 0x7fa496287b30>
9099,2021-01-14 02:00:00,<function <lambda> at 0x7fa4962879f0>,<function <lambda> at 0x7fa496287a90>,<function <lambda> at 0x7fa496287b30>
9100,2021-01-14 03:00:00,<function <lambda> at 0x7fa4962879f0>,<function <lambda> at 0x7fa496287a90>,<function <lambda> at 0x7fa496287b30>
9101,2021-01-14 04:00:00,<function <lambda> at 0x7fa4962879f0>,<function <lambda> at 0x7fa496287a90>,<function <lambda> at 0x7fa496287b30>
9102,2021-01-14 05:00:00,<function <lambda> at 0x7fa4962879f0>,<function <lambda> at 0x7fa496287a90>,<function <lambda> at 0x7fa496287b30>
9103,2021-01-14 06:00:00,<function <lambda> at 0x7fa4962879f0>,<function <lambda> at 0x7fa496287a90>,<function <lambda> at 0x7fa496287b30>
9104,2021-01-14 07:00:00,<function <lambda> at 0x7fa4962879f0>,<function <lambda> at 0x7fa496287a90>,<function <lambda> at 0x7fa496287b30>
9105,2021-01-14 08:00:00,<function <lambda> at 0x7fa4962879f0>,<function <lambda> at 0x7fa496287a90>,<function <lambda> at 0x7fa496287b30>
9106,2021-01-14 09:00:00,<function <lambda> at 0x7fa4962879f0>,<function <lambda> at 0x7fa496287a90>,<function <lambda> at 0x7fa496287b30>
9107,2021-01-14 10:00:00,<function <lambda> at 0x7fa4962879f0>,<function <lambda> at 0x7fa496287a90>,<function <lambda> at 0x7fa496287b30>
9108,2021-01-14 11:00:00,<function <lambda> at 0x7fa4962879f0>,<function <lambda> at 0x7fa496287a90>,<function <lambda> at 0x7fa496287b30>
9109,2021-01-14 12:00:00,<function <lambda> at 0x7fa4962879f0>,<function <lambda> at 0x7fa496287a90>,<function <lambda> at 0x7fa496287b30>
9110,2021-01-14 13:00:00,<function <lambda> at 0x7fa4962879f0>,<function <lambda> at 0x7fa496287a90>,<function <lambda> at 0x7fa496287b30>
9111,2021-01-14 14:00:00,<function <lambda> at 0x7fa4962879f0>,<function <lambda> at 0x7fa496287a90>,<function <lambda> at 0x7fa496287b30>
9112,2021-01-14 15:00:00,<function <lambda> at 0x7fa4962879f0>,<function <lambda> at 0x7fa496287a90>,<function <lambda> at 0x7fa496287b30>
9113,2021-01-14 16:00:00,<function <lambda> at 0x7fa4962879f0>,<function <lambda> at 0x7fa496287a90>,<function <lambda> at 0x7fa496287b30>
9114,2021-01-14 17:00:00,<function <lambda> at 0x7fa4962879f0>,<function <lambda> at 0x7fa496287a90>,<function <lambda> at 0x7fa496287b30>
9115,2021-01-14 18:00:00,<function <lambda> at 0x7fa4962879f0>,<function <lambda> at 0x7fa496287a90>,<function <lambda> at 0x7fa496287b30>
9116,2021-01-14 19:00:00,<function <lambda> at 0x7fa4962879f0>,<function <lambda> at 0x7fa496287a90>,<function <lambda> at 0x7fa496287b30>
9117,2021-01-14 20:00:00,<function <lambda> at 0x7fa4962879f0>,<function <lambda> at 0x7fa496287a90>,<function <lambda> at 0x7fa496287b30>
9118,2021-01-14 21:00:00,<function <lambda> at 0x7fa4962879f0>,<function <lambda> at 0x7fa496287a90>,<function <lambda> at 0x7fa496287b30>
9119,2021-01-14 22:00:00,<function <lambda> at 0x7fa4962879f0>,<function <lambda> at 0x7fa496287a90>,<function <lambda> at 0x7fa496287b30>
9120,2021-01-14 23:00:00,<function <lambda> at 0x7fa4962879f0>,<function <lambda> at 0x7fa496287a90>,<function <lambda> at 0x7fa496287b30>
9121,2021-01-15 00:00:00,<function <lambda> at 0x7fa4962879f0>,<function <lambda> at 0x7fa496287a90>,<function <lambda> at 0x7fa496287b30>
9122,2021-01-15 01:00:00,<function <lambda> at 0x7fa4962879f0>,<function <lambda> at 0x7fa496287a90>,<function <lambda> at 0x7fa496287b30>
9123,2021-01-15 02:00:00,<function <lambda> at 0x7fa4962879f0>,<function <lambda> at 0x7fa496287a90>,<function <lambda> at 0x7fa496287b30>
9124,2021-01-15 03:00:00,<function <lambda> at 0x7fa4962879f0>,<function <lambda> at 0x7fa496287a90>,<function <lambda> at 0x7fa496287b30>
9125,2021-01-15 04:00:00,<function <lambda> at 0x7fa4962879f0>,<function <lambda> at 0x7fa496287a90>,<function <lambda> at 0x7fa496287b30>
9126,2021-01-15 05:00:00,<function <lambda> at 0x7fa4962879f0>,<function <lambda> at 0x7fa496287a90>,<function <lambda> at 0x7fa496287b30>
9127,2021-01-15 06:00:00,<function <lambda> at 0x7fa4962879f0>,<function <lambda> at 0x7fa496287a90>,<function <lambda> at 0x7fa496287b30>
9128,2021-01-15 07:00:00,<function <lambda> at 0x7fa4962879f0>,<function <lambda> at 0x7fa496287a90>,<function <lambda> at 0x7fa496287b30>
9129,2021-01-15 08:00:00,<function <lambda> at 0x7fa4962879f0>,<function <lambda> at 0x7fa496287a90>,<function <lambda> at 0x7fa496287b30>
9130,2021-01-15 09:00:00,<function <lambda> at 0x7fa4962879f0>,<function <lambda> at 0x7fa496287a90>,<function <lambda> at 0x7fa496287b30>
9131,2021-01-15 10:00:00,<function <lambda> at 0x7fa4962879f0>,<function <lambda> at 0x7fa496287a90>,<function <lambda> at 0x7fa496287b30>
9132,2021-01-15 11:00:00,<function <lambda> at 0x7fa4962879f0>,<function <lambda> at 0x7fa496287a90>,<function <lambda> at 0x7fa496287b30>
9133,2021-01-15 12:00:00,<function <lambda> at 0x7fa4962879f0>,<function <lambda> at 0x7fa496287a90>,<function <lambda> at 0x7fa496287b30>
9134,2021-01-15 13:00:00,<function <lambda> at 0x7fa4962879f0>,<function <lambda> at 0x7fa496287a90>,<function <lambda> at 0x7fa496287b30>
9135,2021-01-15 14:00:00,<function <lambda> at 0x7fa4962879f0>,<function <lambda> at 0x7fa496287a90>,<function <lambda> at 0x7fa496287b30>
9136,2021-01-15 15:00:00,<function <lambda> at 0x7fa4962879f0>,<function <lambda> at 0x7fa496287a90>,<function <lambda> at 0x7fa496287b30>
9137,2021-01-15 16:00:00,<function <lambda> at 0x7fa4962879f0>,<function <lambda> at 0x7fa496287a90>,<function <lambda> at 0x7fa496287b30>
9138,2021-01-15 17:00:00,<function <lambda> at 0x7fa4962879f0>,<function <lambda> at 0x7fa496287a90>,<function <lambda> at 0x7fa496287b30>
9139,2021-01-15 18:00:00,<function <lambda> at 0x7fa4962879f0>,<function <lambda> at 0x7fa496287a90>,<function <lambda> at 0x7fa496287b30>
9140,2021-01-15 19:00:00,<function <lambda> at 0x7fa4962879f0>,<function <lambda> at 0x7fa496287a90>,<function <lambda> at 0x7fa496287b30>
9141,2021-01-15 20:00:00,<function <lambda> at 0x7fa4962879f0>,<function <lambda> at 0x7fa496287a90>,<function <lambda> at 0x7fa496287b30>
9142,2021-01-15 21:00:00,<function <lambda> at 0x7fa4962879f0>,<function <lambda> at 0x7fa496287a90>,<function <lambda> at 0x7fa496287b30>
9143,2021-01-15 22:00:00,<function <lambda> at 0x7fa4962879f0>,<function <lambda> at 0x7fa496287a90>,<function <lambda> at 0x7fa496287b30>
9144,2021-01-15 23:00:00,<function <lambda> at 0x7fa4962879f0>,<function <lambda> at 0x7fa496287a90>,<function <lambda> at 0x7fa496287b30>
9145,2021-01-16 00:00:00,<function <lambda> at 0x7fa4962879f0>,<function <lambda> at 0x7fa496287a90>,<function <lambda> at 0x7fa496287b30>
9146,2021-01-16 01:00:00,<function <lambda> at 0x7fa4962879f0>,<function <lambda> at 0x7fa496287a90>,<function <lambda> at 0x7fa496287b30>
9147,2021-01-16 02:00:00,<function <lambda> at 0x7fa4962879f0>,<function <lambda> at 0x7fa496287a90>,<function <lambda> at 0x7fa496287b30>
9148,2021-01-16 03:00:00,<function <lambda> at 0x7fa4962879f0>,<function <lambda> at 0x7fa496287a90>,<function <lambda> at 0x7fa496287b30>
9149,2021-01-16 04:00:00,<function <lambda> at 0x7fa4962879f0>,<function <lambda> at 0x7fa496287a90>,<function <lambda> at 0x7fa496287b30>
9150,2021-01-16 05:00:00,<function <lambda> at 0x7fa4962879f0>,<function <lambda> at 0x7fa496287a90>,<function <lambda> at 0x7fa496287b30>
9151,2021-01-16 06:00:00,<function <lambda> at 0x7fa4962879f0>,<function <lambda> at 0x7fa496287a90>,<function <lambda> at 0x7fa496287b30>
9152,2021-01-16 07:00:00,<function <lambda> at 0x7fa4962879f0>,<function <lambda> at 0x7fa496287a90>,<function <lambda> at 0x7fa496287b30>
9153,2021-01-16 08:00:00,<function <lambda> at 0x7fa4962879f0>,<function <lambda> at 0x7fa496287a90>,<function <lambda> at 0x7fa496287b30>
9154,2021-01-16 09:00:00,<function <lambda> at 0x7fa4962879f0>,<function <lambda> at 0x7fa496287a90>,<function <lambda> at 0x7fa496287b30>
9155,2021-01-16 10:00:00,<function <lambda> at 0x7fa4962879f0>,<function <lambda> at 0x7fa496287a90>,<function <lambda> at 0x7fa496287b30>
9156,2021-01-16 11:00:00,<function <lambda> at 0x7fa4962879f0>,<function <lambda> at 0x7fa496287a90>,<function <lambda> at 0x7fa496287b30>
9157,2021-01-16 12:00:00,<function <lambda> at 0x7fa4962879f0>,<function <lambda> at 0x7fa496287a90>,<function <lambda> at 0x7fa496287b30>
9158,2021-01-16 13:00:00,<function <lambda> at 0x7fa4962879f0>,<function <lambda> at 0x7fa496287a90>,<function <lambda> at 0x7fa496287b30>
9159,2021-01-16 14:00:00,<function <lambda> at 0x7fa4962879f0>,<function <lambda> at 0x7fa496287a90>,<function <lambda> at 0x7fa496287b30>
9160,2021-01-16 15:00:00,<function <lambda> at 0x7fa4962879f0>,<function <lambda> at 0x7fa496287a90>,<function <lambda> at 0x7fa496287b30>
9161,2021-01-16 16:00:00,<function <lambda> at 0x7fa4962879f0>,<function <lambda> at 0x7fa496287a90>,<function <lambda> at 0x7fa496287b30>
9162,2021-01-16 17:00:00,<function <lambda> at 0x7fa4962879f0>,<function <lambda> at 0x7fa496287a90>,<function <lambda> at 0x7fa496287b30>
9163,2021-01-16 18:00:00,<function <lambda> at 0x7fa4962879f0>,<function <lambda> at 0x7fa496287a90>,<function <lambda> at 0x7fa496287b30>
9164,2021-01-16 19:00:00,<function <lambda> at 0x7fa4962879f0>,<function <lambda> at 0x7fa496287a90>,<function <lambda> at 0x7fa496287b30>
9165,2021-01-16 20:00:00,<function <lambda> at 0x7fa4962879f0>,<function <lambda> at 0x7fa496287a90>,<function <lambda> at 0x7fa496287b30>
9166,2021-01-16 21:00:00,<function <lambda> at 0x7fa4962879f0>,<function <lambda> at 0x7fa496287a90>,<function <lambda> at 0x7fa496287b30>
9167,2021-01-16 22:00:00,<function <lambda> at 0x7fa4962879f0>,<function <lambda> at 0x7fa496287a90>,<function <lambda> at 0x7fa496287b30>
9168,2021-01-16 23:00:00,<function <lambda> at 0x7fa4962879f0>,<function <lambda> at 0x7fa496287a90>,<function <lambda> at 0x7fa496287b30>
9169,2021-01-17 00:00:00,<function <lambda> at 0x7fa4962879f0>,<function <lambda> at 0x7fa496287a90>,<function <lambda> at 0x7fa496287b30>
9170,2021-01-17 01:00:00,<function <lambda> at 0x7fa4962879f0>,<function <lambda> at 0x7fa496287a90>,<function <lambda> at 0x7fa496287b30>
9171,2021-01-17 02:00:00,<function <lambda> at 0x7fa4962879f0>,<function <lambda> at 0x7fa496287a90>,<function <lambda> at 0x7fa496287b30>
9172,2021-01-17 03:00:00,<function <lambda> at 0x7fa4962879f0>,<function <lambda> at 0x7fa496287a90>,<function <lambda> at 0x7fa496287b30>
9173,2021-01-17 04:00:00,<function <lambda> at 0x7fa4962879f0>,<function <lambda> at 0x7fa496287a90>,<function <lambda> at 0x7fa496287b30>
9174,2021-01-17 05:00:00,<function <lambda> at 0x7fa4962879f0>,<function <lambda> at 0x7fa496287a90>,<function <lambda> at 0x7fa496287b30>
9175,2021-01-17 06:00:00,<function <lambda> at 0x7fa4962879f0>,<function <lambda> at 0x7fa496287a90>,<function <lambda> at 0x7fa496287b30>
9176,2021-01-17 07:00:00,<function <lambda> at 0x7fa4962879f0>,<function <lambda> at 0x7fa496287a90>,<function <lambda> at 0x7fa496287b30>
9177,2021-01-17 08:00:00,<function <lambda> at 0x7fa4962879f0>,<function <lambda> at 0x7fa496287a90>,<function <lambda> at 0x7fa496287b30>
9178,2021-01-17 09:00:00,<function <lambda> at 0x7fa4962879f0>,<function <lambda> at 0x7fa496287a90>,<function <lambda> at 0x7fa496287b30>
9179,2021-01-17 10:00:00,<function <lambda> at 0x7fa4962879f0>,<function <lambda> at 0x7fa496287a90>,<function <lambda> at 0x7fa496287b30>
9180,2021-01-17 11:00:00,<function <lambda> at 0x7fa4962879f0>,<function <lambda> at 0x7fa496287a90>,<function <lambda> at 0x7fa496287b30>
9181,2021-01-17 12:00:00,<function <lambda> at 0x7fa4962879f0>,<function <lambda> at 0x7fa496287a90>,<function <lambda> at 0x7fa496287b30>
9182,2021-01-17 13:00:00,<function <lambda> at 0x7fa4962879f0>,<function <lambda> at 0x7fa496287a90>,<function <lambda> at 0x7fa496287b30>
9183,2021-01-17 14:00:00,<function <lambda> at 0x7fa4962879f0>,<function <lambda> at 0x7fa496287a90>,<function <lambda> at 0x7fa496287b30>
9184,2021-01-17 15:00:00,<function <lambda> at 0x7fa4962879f0>,<function <lambda> at 0x7fa496287a90>,<function <lambda> at 0x7fa496287b30>
9185,2021-01-17 16:00:00,<function <lambda> at 0x7fa4962879f0>,<function <lambda> at 0x7fa496287a90>,<function <lambda> at 0x7fa496287b30>
9186,2021-01-17 17:00:00,<function <lambda> at 0x7fa4962879f0>,<function <lambda> at 0x7fa496287a90>,<function <lambda> at 0x7fa496287b30>
9187,2021-01-17 18:00:00,<function <lambda> at 0x7fa4962879f0>,<function <lambda> at 0x7fa496287a90>,<function <lambda> at 0x7fa496287b30>
9188,2021-01-17 19:00:00,<function <lambda> at 0x7fa4962879f0>,<function <lambda> at 0x7fa496287a90>,<function <lambda> at 0x7fa496287b30>
9189,2021-01-17 20:00:00,<function <lambda> at 0x7fa4962879f0>,<function <lambda> at 0x7fa496287a90>,<function <lambda> at 0x7fa496287b30>
9190,2021-01-17 21:00:00,<function <lambda> at 0x7fa4962879f0>,<function <lambda> at 0x7fa496287a90>,<function <lambda> at 0x7fa496287b30>
9191,2021-01-17 22:00:00,<function <lambda> at 0x7fa4962879f0>,<function <lambda> at 0x7fa496287a90>,<function <lambda> at 0x7fa496287b30>
9192,2021-01-17 23:00:00,<function <lambda> at 0x7fa4962879f0>,<function <lambda> at 0x7fa496287a90>,<function <lambda> at 0x7fa496287b30>
9193,2021-01-18 00:00:00,<function <lambda> at 0x7fa4962879f0>,<function <lambda> at 0x7fa496287a90>,<function <lambda> at 0x7fa496287b30>
9194,2021-01-18 01:00:00,<function <lambda> at 0x7fa4962879f0>,<function <lambda> at 0x7fa496287a90>,<function <lambda> at 0x7fa496287b30>
9195,2021-01-18 02:00:00,<function <lambda> at 0x7fa4962879f0>,<function <lambda> at 0x7fa496287a90>,<function <lambda> at 0x7fa496287b30>
9196,2021-01-18 03:00:00,<function <lambda> at 0x7fa4962879f0>,<function <lambda> at 0x7fa496287a90>,<function <lambda> at 0x7fa496287b30>
9197,2021-01-18 04:00:00,<function <lambda> at 0x7fa4962879f0>,<function <lambda> at 0x7fa496287a90>,<function <lambda> at 0x7fa496287b30>
9198,2021-01-18 05:00:00,<function <lambda> at 0x7fa4962879f0>,<function <lambda> at 0x7fa496287a90>,<function <lambda> at 0x7fa496287b30>
9199,2021-01-18 06:00:00,<function <lambda> at 0x7fa4962879f0>,<function <lambda> at 0x7fa496287a90>,<function <lambda> at 0x7fa496287b30>
9200,2021-01-18 07:00:00,<function <lambda> at 0x7fa4962879f0>,<function <lambda> at 0x7fa496287a90>,<function <lambda> at 0x7fa496287b30>
9201,2021-01-18 08:00:00,<function <lambda> at 0x7fa4962879f0>,<function <lambda> at 0x7fa496287a90>,<function <lambda> at 0x7fa496287b30>
9202,2021-01-18 09:00:00,<function <lambda> at 0x7fa4962879f0>,<function <lambda> at 0x7fa496287a90>,<function <lambda> at 0x7fa496287b30>
9203,2021-01-18 10:00:00,<function <lambda> at 0x7fa4962879f0>,<function <lambda> at 0x7fa496287a90>,<function <lambda> at 0x7fa496287b30>
9204,2021-01-18 11:00:00,<function <lambda> at 0x7fa4962879f0>,<function <lambda> at 0x7fa496287a90>,<function <lambda> at 0x7fa496287b30>
9205,2021-01-18 12:00:00,<function <lambda> at 0x7fa4962879f0>,<function <lambda> at 0x7fa496287a90>,<function <lambda> at 0x7fa496287b30>
9206,2021-01-18 13:00:00,<function <lambda> at 0x7fa4962879f0>,<function <lambda> at 0x7fa496287a90>,<function <lambda> at 0x7fa496287b30>
9207,2021-01-18 14:00:00,<function <lambda> at 0x7fa4962879f0>,<function <lambda> at 0x7fa496287a90>,<function <lambda> at 0x7fa496287b30>
9208,2021-01-18 15:00:00,<function <lambda> at 0x7fa4962879f0>,<function <lambda> at 0x7fa496287a90>,<function <lambda> at 0x7fa496287b30>
9209,2021-01-18 16:00:00,<function <lambda> at 0x7fa4962879f0>,<function <lambda> at 0x7fa496287a90>,<function <lambda> at 0x7fa496287b30>
9210,2021-01-18 17:00:00,<function <lambda> at 0x7fa4962879f0>,<function <lambda> at 0x7fa496287a90>,<function <lambda> at 0x7fa496287b30>
9211,2021-01-18 18:00:00,<function <lambda> at 0x7fa4962879f0>,<function <lambda> at 0x7fa496287a90>,<function <lambda> at 0x7fa496287b30>
9212,2021-01-18 19:00:00,<function <lambda> at 0x7fa4962879f0>,<function <lambda> at 0x7fa496287a90>,<function <lambda> at 0x7fa496287b30>
9213,2021-01-18 20:00:00,<function <lambda> at 0x7fa4962879f0>,<function <lambda> at 0x7fa496287a90>,<function <lambda> at 0x7fa496287b30>
9214,2021-01-18 21:00:00,<function <lambda> at 0x7fa4962879f0>,<function <lambda> at 0x7fa496287a90>,<function <lambda> at 0x7fa496287b30>
9215,2021-01-18 22:00:00,<function <lambda> at 0x7fa4962879f0>,<function <lambda> at 0x7fa496287a90>,<function <lambda> at 0x7fa496287b30>
9216,2021-01-18 23:00:00,<function <lambda> at 0x7fa4962879f0>,<function <lambda> at 0x7fa496287a90>,<function <lambda> at 0x7fa496287b30>
9217,2021-01-19 00:00:00,<function <lambda> at 0x7fa4962879f0>,<function <lambda> at 0x7fa496287a90>,<function <lambda> at 0x7fa496287b30>
9218,2021-01-19 01:00:00,<function <lambda> at 0x7fa4962879f0>,<function <lambda> at 0x7fa496287a90>,<function <lambda> at 0x7fa496287b30>
9219,2021-01-19 02:00:00,<function <lambda> at 0x7fa4962879f0>,<function <lambda> at 0x7fa496287a90>,<function <lambda> at 0x7fa496287b30>
9220,2021-01-19 03:00:00,<function <lambda> at 0x7fa4962879f0>,<function <lambda> at 0x7fa496287a90>,<function <lambda> at 0x7fa496287b30>
9221,2021-01-19 04:00:00,<function <lambda> at 0x7fa4962879f0>,<function <lambda> at 0x7fa496287a90>,<function <lambda> at 0x7fa496287b30>
9222,2021-01-19 05:00:00,<function <lambda> at 0x7fa4962879f0>,<function <lambda> at 0x7fa496287a90>,<function <lambda> at 0x7fa496287b30>
9223,2021-01-19 06:00:00,<function <lambda> at 0x7fa4962879f0>,<function <lambda> at 0x7fa496287a90>,<function <lambda> at 0x7fa496287b30>
9224,2021-01-19 07:00:00,<function <lambda> at 0x7fa4962879f0>,<function <lambda> at 0x7fa496287a90>,<function <lambda> at 0x7fa496287b30>
9225,2021-01-19 08:00:00,<function <lambda> at 0x7fa4962879f0>,<function <lambda> at 0x7fa496287a90>,<function <lambda> at 0x7fa496287b30>
9226,2021-01-19 09:00:00,<function <lambda> at 0x7fa4962879f0>,<function <lambda> at 0x7fa496287a90>,<function <lambda> at 0x7fa496287b30>
9227,2021-01-19 10:00:00,<function <lambda> at 0x7fa4962879f0>,<function <lambda> at 0x7fa496287a90>,<function <lambda> at 0x7fa496287b30>
9228,2021-01-19 11:00:00,<function <lambda> at 0x7fa4962879f0>,<function <lambda> at 0x7fa496287a90>,<function <lambda> at 0x7fa496287b30>
9229,2021-01-19 12:00:00,<function <lambda> at 0x7fa4962879f0>,<function <lambda> at 0x7fa496287a90>,<function <lambda> at 0x7fa496287b30>
9230,2021-01-19 13:00:00,<function <lambda> at 0x7fa4962879f0>,<function <lambda> at 0x7fa496287a90>,<function <lambda> at 0x7fa496287b30>
9231,2021-01-19 14:00:00,<function <lambda> at 0x7fa4962879f0>,<function <lambda> at 0x7fa496287a90>,<function <lambda> at 0x7fa496287b30>
9232,2021-01-19 15:00:00,<function <lambda> at 0x7fa4962879f0>,<function <lambda> at 0x7fa496287a90>,<function <lambda> at 0x7fa496287b30>
9233,2021-01-19 16:00:00,<function <lambda> at 0x7fa4962879f0>,<function <lambda> at 0x7fa496287a90>,<function <lambda> at 0x7fa496287b30>
9234,2021-01-19 17:00:00,<function <lambda> at 0x7fa4962879f0>,<function <lambda> at 0x7fa496287a90>,<function <lambda> at 0x7fa496287b30>
9235,2021-01-19 18:00:00,<function <lambda> at 0x7fa4962879f0>,<function <lambda> at 0x7fa496287a90>,<function <lambda> at 0x7fa496287b30>
9236,2021-01-19 19:00:00,<function <lambda> at 0x7fa4962879f0>,<function <lambda> at 0x7fa496287a90>,<function <lambda> at 0x7fa496287b30>
9237,2021-01-19 20:00:00,<function <lambda> at 0x7fa4962879f0>,<function <lambda> at 0x7fa496287a90>,<function <lambda> at 0x7fa496287b30>
9238,2021-01-19 21:00:00,<function <lambda> at 0x7fa4962879f0>,<function <lambda> at 0x7fa496287a90>,<function <lambda> at 0x7fa496287b30>
9239,2021-01-19 22:00:00,<function <lambda> at 0x7fa4962879f0>,<function <lambda> at 0x7fa496287a90>,<function <lambda> at 0x7fa496287b30>
9240,2021-01-19 23:00:00,<function <lambda> at 0x7fa4962879f0>,<function <lambda> at 0x7fa496287a90>,<function <lambda> at 0x7fa496287b30>
9241,2021-01-20 00:00:00,<function <lambda> at 0x7fa4962879f0>,<function <lambda> at 0x7fa496287a90>,<function <lambda> at 0x7fa496287b30>
9242,2021-01-20 01:00:00,<function <lambda> at 0x7fa4962879f0>,<function <lambda> at 0x7fa496287a90>,<function <lambda> at 0x7fa496287b30>
9243,2021-01-20 02:00:00,<function <lambda> at 0x7fa4962879f0>,<function <lambda> at 0x7fa496287a90>,<function <lambda> at 0x7fa496287b30>
9244,2021-01-20 03:00:00,<function <lambda> at 0x7fa4962879f0>,<function <lambda> at 0x7fa496287a90>,<function <lambda> at 0x7fa496287b30>
9245,2021-01-20 04:00:00,<function <lambda> at 0x7fa4962879f0>,<function <lambda> at 0x7fa496287a90>,<function <lambda> at 0x7fa496287b30>
9246,2021-01-20 05:00:00,<function <lambda> at 0x7fa4962879f0>,<function <lambda> at 0x7fa496287a90>,<function <lambda> at 0x7fa496287b30>
9247,2021-01-20 06:00:00,<function <lambda> at 0x7fa4962879f0>,<function <lambda> at 0x7fa496287a90>,<function <lambda> at 0x7fa496287b30>
9248,2021-01-20 07:00:00,<function <lambda> at 0x7fa4962879f0>,<function <lambda> at 0x7fa496287a90>,<function <lambda> at 0x7fa496287b30>
9249,2021-01-20 08:00:00,<function <lambda> at 0x7fa4962879f0>,<function <lambda> at 0x7fa496287a90>,<function <lambda> at 0x7fa496287b30>
9250,2021-01-20 09:00:00,<function <lambda> at 0x7fa4962879f0>,<function <lambda> at 0x7fa496287a90>,<function <lambda> at 0x7fa496287b30>
9251,2021-01-20 10:00:00,<function <lambda> at 0x7fa4962879f0>,<function <lambda> at 0x7fa496287a90>,<function <lambda> at 0x7fa496287b30>
9252,2021-01-20 11:00:00,<function <lambda> at 0x7fa4962879f0>,<function <lambda> at 0x7fa496287a90>,<function <lambda> at 0x7fa496287b30>
9253,2021-01-20 12:00:00,<function <lambda> at 0x7fa4962879f0>,<function <lambda> at 0x7fa496287a90>,<function <lambda> at 0x7fa496287b30>
9254,2021-01-20 13:00:00,<function <lambda> at 0x7fa4962879f0>,<function <lambda> at 0x7fa496287a90>,<function <lambda> at 0x7fa496287b30>
9255,2021-01-20 14:00:00,<function <lambda> at 0x7fa4962879f0>,<function <lambda> at 0x7fa496287a90>,<function <lambda> at 0x7fa496287b30>
9256,2021-01-20 15:00:00,<function <lambda> at 0x7fa4962879f0>,<function <lambda> at 0x7fa496287a90>,<function <lambda> at 0x7fa496287b30>
9257,2021-01-20 16:00:00,<function <lambda> at 0x7fa4962879f0>,<function <lambda> at 0x7fa496287a90>,<function <lambda> at 0x7fa496287b30>
9258,2021-01-20 17:00:00,<function <lambda> at 0x7fa4962879f0>,<function <lambda> at 0x7fa496287a90>,<function <lambda> at 0x7fa496287b30>
9259,2021-01-20 18:00:00,<function <lambda> at 0x7fa4962879f0>,<function <lambda> at 0x7fa496287a90>,<function <lambda> at 0x7fa496287b30>
9260,2021-01-20 19:00:00,<function <lambda> at 0x7fa4962879f0>,<function <lambda> at 0x7fa496287a90>,<function <lambda> at 0x7fa496287b30>
9261,2021-01-20 20:00:00,<function <lambda> at 0x7fa4962879f0>,<function <lambda> at 0x7fa496287a90>,<function <lambda> at 0x7fa496287b30>
9262,2021-01-20 21:00:00,<function <lambda> at 0x7fa4962879f0>,<function <lambda> at 0x7fa496287a90>,<function <lambda> at 0x7fa496287b30>
9263,2021-01-20 22:00:00,<function <lambda> at 0x7fa4962879f0>,<function <lambda> at 0x7fa496287a90>,<function <lambda> at 0x7fa496287b30>
9264,2021-01-20 23:00:00,<function <lambda> at 0x7fa4962879f0>,<function <lambda> at 0x7fa496287a90>,<function <lambda> at 0x7fa496287b30>
9265,2021-01-21 00:00:00,<function <lambda> at 0x7fa4962879f0>,<function <lambda> at 0x7fa496287a90>,<function <lambda> at 0x7fa496287b30>
9266,2021-01-21 01:00:00,<function <lambda> at 0x7fa4962879f0>,<function <lambda> at 0x7fa496287a90>,<function <lambda> at 0x7fa496287b30>
9267,2021-01-21 02:00:00,<function <lambda> at 0x7fa4962879f0>,<function <lambda> at 0x7fa496287a90>,<function <lambda> at 0x7fa496287b30>
9268,2021-01-21 03:00:00,<function <lambda> at 0x7fa4962879f0>,<function <lambda> at 0x7fa496287a90>,<function <lambda> at 0x7fa496287b30>
9269,2021-01-21 04:00:00,<function <lambda> at 0x7fa4962879f0>,<function <lambda> at 0x7fa496287a90>,<function <lambda> at 0x7fa496287b30>
9270,2021-01-21 05:00:00,<function <lambda> at 0x7fa4962879f0>,<function <lambda> at 0x7fa496287a90>,<function <lambda> at 0x7fa496287b30>
9271,2021-01-21 06:00:00,<function <lambda> at 0x7fa4962879f0>,<function <lambda> at 0x7fa496287a90>,<function <lambda> at 0x7fa496287b30>
9272,2021-01-21 07:00:00,<function <lambda> at 0x7fa4962879f0>,<function <lambda> at 0x7fa496287a90>,<function <lambda> at 0x7fa496287b30>
9273,2021-01-21 08:00:00,<function <lambda> at 0x7fa4962879f0>,<function <lambda> at 0x7fa496287a90>,<function <lambda> at 0x7fa496287b30>
9274,2021-01-21 09:00:00,<function <lambda> at 0x7fa4962879f0>,<function <lambda> at 0x7fa496287a90>,<function <lambda> at 0x7fa496287b30>
9275,2021-01-21 10:00:00,<function <lambda> at 0x7fa4962879f0>,<function <lambda> at 0x7fa496287a90>,<function <lambda> at 0x7fa496287b30>
9276,2021-01-21 11:00:00,<function <lambda> at 0x7fa4962879f0>,<function <lambda> at 0x7fa496287a90>,<function <lambda> at 0x7fa496287b30>
9277,2021-01-21 12:00:00,<function <lambda> at 0x7fa4962879f0>,<function <lambda> at 0x7fa496287a90>,<function <lambda> at 0x7fa496287b30>
9278,2021-01-21 13:00:00,<function <lambda> at 0x7fa4962879f0>,<function <lambda> at 0x7fa496287a90>,<function <lambda> at 0x7fa496287b30>
9279,2021-01-21 14:00:00,<function <lambda> at 0x7fa4962879f0>,<function <lambda> at 0x7fa496287a90>,<function <lambda> at 0x7fa496287b30>
9280,2021-01-21 15:00:00,<function <lambda> at 0x7fa4962879f0>,<function <lambda> at 0x7fa496287a90>,<function <lambda> at 0x7fa496287b30>
9281,2021-01-21 16:00:00,<function <lambda> at 0x7fa4962879f0>,<function <lambda> at 0x7fa496287a90>,<function <lambda> at 0x7fa496287b30>
9282,2021-01-21 17:00:00,<function <lambda> at 0x7fa4962879f0>,<function <lambda> at 0x7fa496287a90>,<function <lambda> at 0x7fa496287b30>
9283,2021-01-21 18:00:00,<function <lambda> at 0x7fa4962879f0>,<function <lambda> at 0x7fa496287a90>,<function <lambda> at 0x7fa496287b30>
9284,2021-01-21 19:00:00,<function <lambda> at 0x7fa4962879f0>,<function <lambda> at 0x7fa496287a90>,<function <lambda> at 0x7fa496287b30>
9285,2021-01-21 20:00:00,<function <lambda> at 0x7fa4962879f0>,<function <lambda> at 0x7fa496287a90>,<function <lambda> at 0x7fa496287b30>
9286,2021-01-21 21:00:00,<function <lambda> at 0x7fa4962879f0>,<function <lambda> at 0x7fa496287a90>,<function <lambda> at 0x7fa496287b30>
9287,2021-01-21 22:00:00,<function <lambda> at 0x7fa4962879f0>,<function <lambda> at 0x7fa496287a90>,<function <lambda> at 0x7fa496287b30>
9288,2021-01-21 23:00:00,<function <lambda> at 0x7fa4962879f0>,<function <lambda> at 0x7fa496287a90>,<function <lambda> at 0x7fa496287b30>
9289,2021-01-22 00:00:00,<function <lambda> at 0x7fa4962879f0>,<function <lambda> at 0x7fa496287a90>,<function <lambda> at 0x7fa496287b30>
9290,2021-01-22 01:00:00,<function <lambda> at 0x7fa4962879f0>,<function <lambda> at 0x7fa496287a90>,<function <lambda> at 0x7fa496287b30>
9291,2021-01-22 02:00:00,<function <lambda> at 0x7fa4962879f0>,<function <lambda> at 0x7fa496287a90>,<function <lambda> at 0x7fa496287b30>
9292,2021-01-22 03:00:00,<function <lambda> at 0x7fa4962879f0>,<function <lambda> at 0x7fa496287a90>,<function <lambda> at 0x7fa496287b30>
9293,2021-01-22 04:00:00,<function <lambda> at 0x7fa4962879f0>,<function <lambda> at 0x7fa496287a90>,<function <lambda> at 0x7fa496287b30>
9294,2021-01-22 05:00:00,<function <lambda> at 0x7fa4962879f0>,<function <lambda> at 0x7fa496287a90>,<function <lambda> at 0x7fa496287b30>
9295,2021-01-22 06:00:00,<function <lambda> at 0x7fa4962879f0>,<function <lambda> at 0x7fa496287a90>,<function <lambda> at 0x7fa496287b30>
9296,2021-01-22 07:00:00,<function <lambda> at 0x7fa4962879f0>,<function <lambda> at 0x7fa496287a90>,<function <lambda> at 0x7fa496287b30>
9297,2021-01-22 08:00:00,<function <lambda> at 0x7fa4962879f0>,<function <lambda> at 0x7fa496287a90>,<function <lambda> at 0x7fa496287b30>
9298,2021-01-22 09:00:00,<function <lambda> at 0x7fa4962879f0>,<function <lambda> at 0x7fa496287a90>,<function <lambda> at 0x7fa496287b30>
9299,2021-01-22 10:00:00,<function <lambda> at 0x7fa4962879f0>,<function <lambda> at 0x7fa496287a90>,<function <lambda> at 0x7fa496287b30>
9300,2021-01-22 11:00:00,<function <lambda> at 0x7fa4962879f0>,<function <lambda> at 0x7fa496287a90>,<function <lambda> at 0x7fa496287b30>
9301,2021-01-22 12:00:00,<function <lambda> at 0x7fa4962879f0>,<function <lambda> at 0x7fa496287a90>,<function <lambda> at 0x7fa496287b30>
9302,2021-01-22 13:00:00,<function <lambda> at 0x7fa4962879f0>,<function <lambda> at 0x7fa496287a90>,<function <lambda> at 0x7fa496287b30>
9303,2021-01-22 14:00:00,<function <lambda> at 0x7fa4962879f0>,<function <lambda> at 0x7fa496287a90>,<function <lambda> at 0x7fa496287b30>
9304,2021-01-22 15:00:00,<function <lambda> at 0x7fa4962879f0>,<function <lambda> at 0x7fa496287a90>,<function <lambda> at 0x7fa496287b30>
9305,2021-01-22 16:00:00,<function <lambda> at 0x7fa4962879f0>,<function <lambda> at 0x7fa496287a90>,<function <lambda> at 0x7fa496287b30>
9306,2021-01-22 17:00:00,<function <lambda> at 0x7fa4962879f0>,<function <lambda> at 0x7fa496287a90>,<function <lambda> at 0x7fa496287b30>
9307,2021-01-22 18:00:00,<function <lambda> at 0x7fa4962879f0>,<function <lambda> at 0x7fa496287a90>,<function <lambda> at 0x7fa496287b30>
9308,2021-01-22 19:00:00,<function <lambda> at 0x7fa4962879f0>,<function <lambda> at 0x7fa496287a90>,<function <lambda> at 0x7fa496287b30>
9309,2021-01-22 20:00:00,<function <lambda> at 0x7fa4962879f0>,<function <lambda> at 0x7fa496287a90>,<function <lambda> at 0x7fa496287b30>
9310,2021-01-22 21:00:00,<function <lambda> at 0x7fa4962879f0>,<function <lambda> at 0x7fa496287a90>,<function <lambda> at 0x7fa496287b30>
9311,2021-01-22 22:00:00,<function <lambda> at 0x7fa4962879f0>,<function <lambda> at 0x7fa496287a90>,<function <lambda> at 0x7fa496287b30>
9312,2021-01-22 23:00:00,<function <lambda> at 0x7fa4962879f0>,<function <lambda> at 0x7fa496287a90>,<function <lambda> at 0x7fa496287b30>
9313,2021-01-23 00:00:00,<function <lambda> at 0x7fa4962879f0>,<function <lambda> at 0x7fa496287a90>,<function <lambda> at 0x7fa496287b30>
9314,2021-01-23 01:00:00,<function <lambda> at 0x7fa4962879f0>,<function <lambda> at 0x7fa496287a90>,<function <lambda> at 0x7fa496287b30>
9315,2021-01-23 02:00:00,<function <lambda> at 0x7fa4962879f0>,<function <lambda> at 0x7fa496287a90>,<function <lambda> at 0x7fa496287b30>
9316,2021-01-23 03:00:00,<function <lambda> at 0x7fa4962879f0>,<function <lambda> at 0x7fa496287a90>,<function <lambda> at 0x7fa496287b30>
9317,2021-01-23 04:00:00,<function <lambda> at 0x7fa4962879f0>,<function <lambda> at 0x7fa496287a90>,<function <lambda> at 0x7fa496287b30>
9318,2021-01-23 05:00:00,<function <lambda> at 0x7fa4962879f0>,<function <lambda> at 0x7fa496287a90>,<function <lambda> at 0x7fa496287b30>
9319,2021-01-23 06:00:00,<function <lambda> at 0x7fa4962879f0>,<function <lambda> at 0x7fa496287a90>,<function <lambda> at 0x7fa496287b30>
9320,2021-01-23 07:00:00,<function <lambda> at 0x7fa4962879f0>,<function <lambda> at 0x7fa496287a90>,<function <lambda> at 0x7fa496287b30>
9321,2021-01-23 08:00:00,<function <lambda> at 0x7fa4962879f0>,<function <lambda> at 0x7fa496287a90>,<function <lambda> at 0x7fa496287b30>
9322,2021-01-23 09:00:00,<function <lambda> at 0x7fa4962879f0>,<function <lambda> at 0x7fa496287a90>,<function <lambda> at 0x7fa496287b30>
9323,2021-01-23 10:00:00,<function <lambda> at 0x7fa4962879f0>,<function <lambda> at 0x7fa496287a90>,<function <lambda> at 0x7fa496287b30>
9324,2021-01-23 11:00:00,<function <lambda> at 0x7fa4962879f0>,<function <lambda> at 0x7fa496287a90>,<function <lambda> at 0x7fa496287b30>
9325,2021-01-23 12:00:00,<function <lambda> at 0x7fa4962879f0>,<function <lambda> at 0x7fa496287a90>,<function <lambda> at 0x7fa496287b30>
9326,2021-01-23 13:00:00,<function <lambda> at 0x7fa4962879f0>,<function <lambda> at 0x7fa496287a90>,<function <lambda> at 0x7fa496287b30>
9327,2021-01-23 14:00:00,<function <lambda> at 0x7fa4962879f0>,<function <lambda> at 0x7fa496287a90>,<function <lambda> at 0x7fa496287b30>
9328,2021-01-23 15:00:00,<function <lambda> at 0x7fa4962879f0>,<function <lambda> at 0x7fa496287a90>,<function <lambda> at 0x7fa496287b30>
9329,2021-01-23 16:00:00,<function <lambda> at 0x7fa4962879f0>,<function <lambda> at 0x7fa496287a90>,<function <lambda> at 0x7fa496287b30>
9330,2021-01-23 17:00:00,<function <lambda> at 0x7fa4962879f0>,<function <lambda> at 0x7fa496287a90>,<function <lambda> at 0x7fa496287b30>
9331,2021-01-23 18:00:00,<function <lambda> at 0x7fa4962879f0>,<function <lambda> at 0x7fa496287a90>,<function <lambda> at 0x7fa496287b30>
9332,2021-01-23 19:00:00,<function <lambda> at 0x7fa4962879f0>,<function <lambda> at 0x7fa496287a90>,<function <lambda> at 0x7fa496287b30>
9333,2021-01-23 20:00:00,<function <lambda> at 0x7fa4962879f0>,<function <lambda> at 0x7fa496287a90>,<function <lambda> at 0x7fa496287b30>
9334,2021-01-23 21:00:00,<function <lambda> at 0x7fa4962879f0>,<function <lambda> at 0x7fa496287a90>,<function <lambda> at 0x7fa496287b30>
9335,2021-01-23 22:00:00,<function <lambda> at 0x7fa4962879f0>,<function <lambda> at 0x7fa496287a90>,<function <lambda> at 0x7fa496287b30>
9336,2021-01-23 23:00:00,<function <lambda> at 0x7fa4962879f0>,<function <lambda> at 0x7fa496287a90>,<function <lambda> at 0x7fa496287b30>
9337,2021-01-24 00:00:00,<function <lambda> at 0x7fa4962879f0>,<function <lambda> at 0x7fa496287a90>,<function <lambda> at 0x7fa496287b30>
9338,2021-01-24 01:00:00,<function <lambda> at 0x7fa4962879f0>,<function <lambda> at 0x7fa496287a90>,<function <lambda> at 0x7fa496287b30>
9339,2021-01-24 02:00:00,<function <lambda> at 0x7fa4962879f0>,<function <lambda> at 0x7fa496287a90>,<function <lambda> at 0x7fa496287b30>
9340,2021-01-24 03:00:00,<function <lambda> at 0x7fa4962879f0>,<function <lambda> at 0x7fa496287a90>,<function <lambda> at 0x7fa496287b30>
9341,2021-01-24 04:00:00,<function <lambda> at 0x7fa4962879f0>,<function <lambda> at 0x7fa496287a90>,<function <lambda> at 0x7fa496287b30>
9342,2021-01-24 05:00:00,<function <lambda> at 0x7fa4962879f0>,<function <lambda> at 0x7fa496287a90>,<function <lambda> at 0x7fa496287b30>
9343,2021-01-24 06:00:00,<function <lambda> at 0x7fa4962879f0>,<function <lambda> at 0x7fa496287a90>,<function <lambda> at 0x7fa496287b30>
9344,2021-01-24 07:00:00,<function <lambda> at 0x7fa4962879f0>,<function <lambda> at 0x7fa496287a90>,<function <lambda> at 0x7fa496287b30>
9345,2021-01-24 08:00:00,<function <lambda> at 0x7fa4962879f0>,<function <lambda> at 0x7fa496287a90>,<function <lambda> at 0x7fa496287b30>
9346,2021-01-24 09:00:00,<function <lambda> at 0x7fa4962879f0>,<function <lambda> at 0x7fa496287a90>,<function <lambda> at 0x7fa496287b30>
9347,2021-01-24 10:00:00,<function <lambda> at 0x7fa4962879f0>,<function <lambda> at 0x7fa496287a90>,<function <lambda> at 0x7fa496287b30>
9348,2021-01-24 11:00:00,<function <lambda> at 0x7fa4962879f0>,<function <lambda> at 0x7fa496287a90>,<function <lambda> at 0x7fa496287b30>
9349,2021-01-24 12:00:00,<function <lambda> at 0x7fa4962879f0>,<function <lambda> at 0x7fa496287a90>,<function <lambda> at 0x7fa496287b30>
9350,2021-01-24 13:00:00,<function <lambda> at 0x7fa4962879f0>,<function <lambda> at 0x7fa496287a90>,<function <lambda> at 0x7fa496287b30>
9351,2021-01-24 14:00:00,<function <lambda> at 0x7fa4962879f0>,<function <lambda> at 0x7fa496287a90>,<function <lambda> at 0x7fa496287b30>
9352,2021-01-24 15:00:00,<function <lambda> at 0x7fa4962879f0>,<function <lambda> at 0x7fa496287a90>,<function <lambda> at 0x7fa496287b30>
9353,2021-01-24 16:00:00,<function <lambda> at 0x7fa4962879f0>,<function <lambda> at 0x7fa496287a90>,<function <lambda> at 0x7fa496287b30>
9354,2021-01-24 17:00:00,<function <lambda> at 0x7fa4962879f0>,<function <lambda> at 0x7fa496287a90>,<function <lambda> at 0x7fa496287b30>
9355,2021-01-24 18:00:00,<function <lambda> at 0x7fa4962879f0>,<function <lambda> at 0x7fa496287a90>,<function <lambda> at 0x7fa496287b30>
9356,2021-01-24 19:00:00,<function <lambda> at 0x7fa4962879f0>,<function <lambda> at 0x7fa496287a90>,<function <lambda> at 0x7fa496287b30>
9357,2021-01-24 20:00:00,<function <lambda> at 0x7fa4962879f0>,<function <lambda> at 0x7fa496287a90>,<function <lambda> at 0x7fa496287b30>
9358,2021-01-24 21:00:00,<function <lambda> at 0x7fa4962879f0>,<function <lambda> at 0x7fa496287a90>,<function <lambda> at 0x7fa496287b30>
9359,2021-01-24 22:00:00,<function <lambda> at 0x7fa4962879f0>,<function <lambda> at 0x7fa496287a90>,<function <lambda> at 0x7fa496287b30>
9360,2021-01-24 23:00:00,<function <lambda> at 0x7fa4962879f0>,<function <lambda> at 0x7fa496287a90>,<function <lambda> at 0x7fa496287b30>
9361,2021-01-25 00:00:00,<function <lambda> at 0x7fa4962879f0>,<function <lambda> at 0x7fa496287a90>,<function <lambda> at 0x7fa496287b30>
9362,2021-01-25 01:00:00,<function <lambda> at 0x7fa4962879f0>,<function <lambda> at 0x7fa496287a90>,<function <lambda> at 0x7fa496287b30>
9363,2021-01-25 02:00:00,<function <lambda> at 0x7fa4962879f0>,<function <lambda> at 0x7fa496287a90>,<function <lambda> at 0x7fa496287b30>
9364,2021-01-25 03:00:00,<function <lambda> at 0x7fa4962879f0>,<function <lambda> at 0x7fa496287a90>,<function <lambda> at 0x7fa496287b30>
9365,2021-01-25 04:00:00,<function <lambda> at 0x7fa4962879f0>,<function <lambda> at 0x7fa496287a90>,<function <lambda> at 0x7fa496287b30>
9366,2021-01-25 05:00:00,<function <lambda> at 0x7fa4962879f0>,<function <lambda> at 0x7fa496287a90>,<function <lambda> at 0x7fa496287b30>
9367,2021-01-25 06:00:00,<function <lambda> at 0x7fa4962879f0>,<function <lambda> at 0x7fa496287a90>,<function <lambda> at 0x7fa496287b30>
9368,2021-01-25 07:00:00,<function <lambda> at 0x7fa4962879f0>,<function <lambda> at 0x7fa496287a90>,<function <lambda> at 0x7fa496287b30>
9369,2021-01-25 08:00:00,<function <lambda> at 0x7fa4962879f0>,<function <lambda> at 0x7fa496287a90>,<function <lambda> at 0x7fa496287b30>
9370,2021-01-25 09:00:00,<function <lambda> at 0x7fa4962879f0>,<function <lambda> at 0x7fa496287a90>,<function <lambda> at 0x7fa496287b30>
9371,2021-01-25 10:00:00,<function <lambda> at 0x7fa4962879f0>,<function <lambda> at 0x7fa496287a90>,<function <lambda> at 0x7fa496287b30>
9372,2021-01-25 11:00:00,<function <lambda> at 0x7fa4962879f0>,<function <lambda> at 0x7fa496287a90>,<function <lambda> at 0x7fa496287b30>
9373,2021-01-25 12:00:00,<function <lambda> at 0x7fa4962879f0>,<function <lambda> at 0x7fa496287a90>,<function <lambda> at 0x7fa496287b30>
9374,2021-01-25 13:00:00,<function <lambda> at 0x7fa4962879f0>,<function <lambda> at 0x7fa496287a90>,<function <lambda> at 0x7fa496287b30>
9375,2021-01-25 14:00:00,<function <lambda> at 0x7fa4962879f0>,<function <lambda> at 0x7fa496287a90>,<function <lambda> at 0x7fa496287b30>
9376,2021-01-25 15:00:00,<function <lambda> at 0x7fa4962879f0>,<function <lambda> at 0x7fa496287a90>,<function <lambda> at 0x7fa496287b30>
9377,2021-01-25 16:00:00,<function <lambda> at 0x7fa4962879f0>,<function <lambda> at 0x7fa496287a90>,<function <lambda> at 0x7fa496287b30>
9378,2021-01-25 17:00:00,<function <lambda> at 0x7fa4962879f0>,<function <lambda> at 0x7fa496287a90>,<function <lambda> at 0x7fa496287b30>
9379,2021-01-25 18:00:00,<function <lambda> at 0x7fa4962879f0>,<function <lambda> at 0x7fa496287a90>,<function <lambda> at 0x7fa496287b30>
9380,2021-01-25 19:00:00,<function <lambda> at 0x7fa4962879f0>,<function <lambda> at 0x7fa496287a90>,<function <lambda> at 0x7fa496287b30>
9381,2021-01-25 20:00:00,<function <lambda> at 0x7fa4962879f0>,<function <lambda> at 0x7fa496287a90>,<function <lambda> at 0x7fa496287b30>
9382,2021-01-25 21:00:00,<function <lambda> at 0x7fa4962879f0>,<function <lambda> at 0x7fa496287a90>,<function <lambda> at 0x7fa496287b30>
9383,2021-01-25 22:00:00,<function <lambda> at 0x7fa4962879f0>,<function <lambda> at 0x7fa496287a90>,<function <lambda> at 0x7fa496287b30>
9384,2021-01-25 23:00:00,<function <lambda> at 0x7fa4962879f0>,<function <lambda> at 0x7fa496287a90>,<function <lambda> at 0x7fa496287b30>
9385,2021-01-26 00:00:00,<function <lambda> at 0x7fa4962879f0>,<function <lambda> at 0x7fa496287a90>,<function <lambda> at 0x7fa496287b30>
9386,2021-01-26 01:00:00,<function <lambda> at 0x7fa4962879f0>,<function <lambda> at 0x7fa496287a90>,<function <lambda> at 0x7fa496287b30>
9387,2021-01-26 02:00:00,<function <lambda> at 0x7fa4962879f0>,<function <lambda> at 0x7fa496287a90>,<function <lambda> at 0x7fa496287b30>
9388,2021-01-26 03:00:00,<function <lambda> at 0x7fa4962879f0>,<function <lambda> at 0x7fa496287a90>,<function <lambda> at 0x7fa496287b30>
9389,2021-01-26 04:00:00,<function <lambda> at 0x7fa4962879f0>,<function <lambda> at 0x7fa496287a90>,<function <lambda> at 0x7fa496287b30>
9390,2021-01-26 05:00:00,<function <lambda> at 0x7fa4962879f0>,<function <lambda> at 0x7fa496287a90>,<function <lambda> at 0x7fa496287b30>
9391,2021-01-26 06:00:00,<function <lambda> at 0x7fa4962879f0>,<function <lambda> at 0x7fa496287a90>,<function <lambda> at 0x7fa496287b30>
9392,2021-01-26 07:00:00,<function <lambda> at 0x7fa4962879f0>,<function <lambda> at 0x7fa496287a90>,<function <lambda> at 0x7fa496287b30>
9393,2021-01-26 08:00:00,<function <lambda> at 0x7fa4962879f0>,<function <lambda> at 0x7fa496287a90>,<function <lambda> at 0x7fa496287b30>
9394,2021-01-26 09:00:00,<function <lambda> at 0x7fa4962879f0>,<function <lambda> at 0x7fa496287a90>,<function <lambda> at 0x7fa496287b30>
9395,2021-01-26 10:00:00,<function <lambda> at 0x7fa4962879f0>,<function <lambda> at 0x7fa496287a90>,<function <lambda> at 0x7fa496287b30>
9396,2021-01-26 11:00:00,<function <lambda> at 0x7fa4962879f0>,<function <lambda> at 0x7fa496287a90>,<function <lambda> at 0x7fa496287b30>
9397,2021-01-26 12:00:00,<function <lambda> at 0x7fa4962879f0>,<function <lambda> at 0x7fa496287a90>,<function <lambda> at 0x7fa496287b30>
9398,2021-01-26 13:00:00,<function <lambda> at 0x7fa4962879f0>,<function <lambda> at 0x7fa496287a90>,<function <lambda> at 0x7fa496287b30>
9399,2021-01-26 14:00:00,<function <lambda> at 0x7fa4962879f0>,<function <lambda> at 0x7fa496287a90>,<function <lambda> at 0x7fa496287b30>
9400,2021-01-26 15:00:00,<function <lambda> at 0x7fa4962879f0>,<function <lambda> at 0x7fa496287a90>,<function <lambda> at 0x7fa496287b30>
9401,2021-01-26 16:00:00,<function <lambda> at 0x7fa4962879f0>,<function <lambda> at 0x7fa496287a90>,<function <lambda> at 0x7fa496287b30>
9402,2021-01-26 17:00:00,<function <lambda> at 0x7fa4962879f0>,<function <lambda> at 0x7fa496287a90>,<function <lambda> at 0x7fa496287b30>
9403,2021-01-26 18:00:00,<function <lambda> at 0x7fa4962879f0>,<function <lambda> at 0x7fa496287a90>,<function <lambda> at 0x7fa496287b30>
9404,2021-01-26 19:00:00,<function <lambda> at 0x7fa4962879f0>,<function <lambda> at 0x7fa496287a90>,<function <lambda> at 0x7fa496287b30>
9405,2021-01-26 20:00:00,<function <lambda> at 0x7fa4962879f0>,<function <lambda> at 0x7fa496287a90>,<function <lambda> at 0x7fa496287b30>
9406,2021-01-26 21:00:00,<function <lambda> at 0x7fa4962879f0>,<function <lambda> at 0x7fa496287a90>,<function <lambda> at 0x7fa496287b30>
9407,2021-01-26 22:00:00,<function <lambda> at 0x7fa4962879f0>,<function <lambda> at 0x7fa496287a90>,<function <lambda> at 0x7fa496287b30>
9408,2021-01-26 23:00:00,<function <lambda> at 0x7fa4962879f0>,<function <lambda> at 0x7fa496287a90>,<function <lambda> at 0x7fa496287b30>
9409,2021-01-27 00:00:00,<function <lambda> at 0x7fa4962879f0>,<function <lambda> at 0x7fa496287a90>,<function <lambda> at 0x7fa496287b30>
9410,2021-01-27 01:00:00,<function <lambda> at 0x7fa4962879f0>,<function <lambda> at 0x7fa496287a90>,<function <lambda> at 0x7fa496287b30>
9411,2021-01-27 02:00:00,<function <lambda> at 0x7fa4962879f0>,<function <lambda> at 0x7fa496287a90>,<function <lambda> at 0x7fa496287b30>
9412,2021-01-27 03:00:00,<function <lambda> at 0x7fa4962879f0>,<function <lambda> at 0x7fa496287a90>,<function <lambda> at 0x7fa496287b30>
9413,2021-01-27 04:00:00,<function <lambda> at 0x7fa4962879f0>,<function <lambda> at 0x7fa496287a90>,<function <lambda> at 0x7fa496287b30>
9414,2021-01-27 05:00:00,<function <lambda> at 0x7fa4962879f0>,<function <lambda> at 0x7fa496287a90>,<function <lambda> at 0x7fa496287b30>
9415,2021-01-27 06:00:00,<function <lambda> at 0x7fa4962879f0>,<function <lambda> at 0x7fa496287a90>,<function <lambda> at 0x7fa496287b30>
9416,2021-01-27 07:00:00,<function <lambda> at 0x7fa4962879f0>,<function <lambda> at 0x7fa496287a90>,<function <lambda> at 0x7fa496287b30>
9417,2021-01-27 08:00:00,<function <lambda> at 0x7fa4962879f0>,<function <lambda> at 0x7fa496287a90>,<function <lambda> at 0x7fa496287b30>
9418,2021-01-27 09:00:00,<function <lambda> at 0x7fa4962879f0>,<function <lambda> at 0x7fa496287a90>,<function <lambda> at 0x7fa496287b30>
9419,2021-01-27 10:00:00,<function <lambda> at 0x7fa4962879f0>,<function <lambda> at 0x7fa496287a90>,<function <lambda> at 0x7fa496287b30>
9420,2021-01-27 11:00:00,<function <lambda> at 0x7fa4962879f0>,<function <lambda> at 0x7fa496287a90>,<function <lambda> at 0x7fa496287b30>
9421,2021-01-27 12:00:00,<function <lambda> at 0x7fa4962879f0>,<function <lambda> at 0x7fa496287a90>,<function <lambda> at 0x7fa496287b30>
9422,2021-01-27 13:00:00,<function <lambda> at 0x7fa4962879f0>,<function <lambda> at 0x7fa496287a90>,<function <lambda> at 0x7fa496287b30>
9423,2021-01-27 14:00:00,<function <lambda> at 0x7fa4962879f0>,<function <lambda> at 0x7fa496287a90>,<function <lambda> at 0x7fa496287b30>
9424,2021-01-27 15:00:00,<function <lambda> at 0x7fa4962879f0>,<function <lambda> at 0x7fa496287a90>,<function <lambda> at 0x7fa496287b30>
9425,2021-01-27 16:00:00,<function <lambda> at 0x7fa4962879f0>,<function <lambda> at 0x7fa496287a90>,<function <lambda> at 0x7fa496287b30>
9426,2021-01-27 17:00:00,<function <lambda> at 0x7fa4962879f0>,<function <lambda> at 0x7fa496287a90>,<function <lambda> at 0x7fa496287b30>
9427,2021-01-27 18:00:00,<function <lambda> at 0x7fa4962879f0>,<function <lambda> at 0x7fa496287a90>,<function <lambda> at 0x7fa496287b30>
9428,2021-01-27 19:00:00,<function <lambda> at 0x7fa4962879f0>,<function <lambda> at 0x7fa496287a90>,<function <lambda> at 0x7fa496287b30>
9429,2021-01-27 20:00:00,<function <lambda> at 0x7fa4962879f0>,<function <lambda> at 0x7fa496287a90>,<function <lambda> at 0x7fa496287b30>
9430,2021-01-27 21:00:00,<function <lambda> at 0x7fa4962879f0>,<function <lambda> at 0x7fa496287a90>,<function <lambda> at 0x7fa496287b30>
9431,2021-01-27 22:00:00,<function <lambda> at 0x7fa4962879f0>,<function <lambda> at 0x7fa496287a90>,<function <lambda> at 0x7fa496287b30>
9432,2021-01-27 23:00:00,<function <lambda> at 0x7fa4962879f0>,<function <lambda> at 0x7fa496287a90>,<function <lambda> at 0x7fa496287b30>
9433,2021-01-28 00:00:00,<function <lambda> at 0x7fa4962879f0>,<function <lambda> at 0x7fa496287a90>,<function <lambda> at 0x7fa496287b30>
9434,2021-01-28 01:00:00,<function <lambda> at 0x7fa4962879f0>,<function <lambda> at 0x7fa496287a90>,<function <lambda> at 0x7fa496287b30>
9435,2021-01-28 02:00:00,<function <lambda> at 0x7fa4962879f0>,<function <lambda> at 0x7fa496287a90>,<function <lambda> at 0x7fa496287b30>
9436,2021-01-28 03:00:00,<function <lambda> at 0x7fa4962879f0>,<function <lambda> at 0x7fa496287a90>,<function <lambda> at 0x7fa496287b30>
9437,2021-01-28 04:00:00,<function <lambda> at 0x7fa4962879f0>,<function <lambda> at 0x7fa496287a90>,<function <lambda> at 0x7fa496287b30>
9438,2021-01-28 05:00:00,<function <lambda> at 0x7fa4962879f0>,<function <lambda> at 0x7fa496287a90>,<function <lambda> at 0x7fa496287b30>
9439,2021-01-28 06:00:00,<function <lambda> at 0x7fa4962879f0>,<function <lambda> at 0x7fa496287a90>,<function <lambda> at 0x7fa496287b30>
9440,2021-01-28 07:00:00,<function <lambda> at 0x7fa4962879f0>,<function <lambda> at 0x7fa496287a90>,<function <lambda> at 0x7fa496287b30>
9441,2021-01-28 08:00:00,<function <lambda> at 0x7fa4962879f0>,<function <lambda> at 0x7fa496287a90>,<function <lambda> at 0x7fa496287b30>
9442,2021-01-28 09:00:00,<function <lambda> at 0x7fa4962879f0>,<function <lambda> at 0x7fa496287a90>,<function <lambda> at 0x7fa496287b30>
9443,2021-01-28 10:00:00,<function <lambda> at 0x7fa4962879f0>,<function <lambda> at 0x7fa496287a90>,<function <lambda> at 0x7fa496287b30>
9444,2021-01-28 11:00:00,<function <lambda> at 0x7fa4962879f0>,<function <lambda> at 0x7fa496287a90>,<function <lambda> at 0x7fa496287b30>
9445,2021-01-28 12:00:00,<function <lambda> at 0x7fa4962879f0>,<function <lambda> at 0x7fa496287a90>,<function <lambda> at 0x7fa496287b30>
9446,2021-01-28 13:00:00,<function <lambda> at 0x7fa4962879f0>,<function <lambda> at 0x7fa496287a90>,<function <lambda> at 0x7fa496287b30>
9447,2021-01-28 14:00:00,<function <lambda> at 0x7fa4962879f0>,<function <lambda> at 0x7fa496287a90>,<function <lambda> at 0x7fa496287b30>
9448,2021-01-28 15:00:00,<function <lambda> at 0x7fa4962879f0>,<function <lambda> at 0x7fa496287a90>,<function <lambda> at 0x7fa496287b30>
9449,2021-01-28 16:00:00,<function <lambda> at 0x7fa4962879f0>,<function <lambda> at 0x7fa496287a90>,<function <lambda> at 0x7fa496287b30>
9450,2021-01-28 17:00:00,<function <lambda> at 0x7fa4962879f0>,<function <lambda> at 0x7fa496287a90>,<function <lambda> at 0x7fa496287b30>
9451,2021-01-28 18:00:00,<function <lambda> at 0x7fa4962879f0>,<function <lambda> at 0x7fa496287a90>,<function <lambda> at 0x7fa496287b30>
9452,2021-01-28 19:00:00,<function <lambda> at 0x7fa4962879f0>,<function <lambda> at 0x7fa496287a90>,<function <lambda> at 0x7fa496287b30>
9453,2021-01-28 20:00:00,<function <lambda> at 0x7fa4962879f0>,<function <lambda> at 0x7fa496287a90>,<function <lambda> at 0x7fa496287b30>
9454,2021-01-28 21:00:00,<function <lambda> at 0x7fa4962879f0>,<function <lambda> at 0x7fa496287a90>,<function <lambda> at 0x7fa496287b30>
9455,2021-01-28 22:00:00,<function <lambda> at 0x7fa4962879f0>,<function <lambda> at 0x7fa496287a90>,<function <lambda> at 0x7fa496287b30>
9456,2021-01-28 23:00:00,<function <lambda> at 0x7fa4962879f0>,<function <lambda> at 0x7fa496287a90>,<function <lambda> at 0x7fa496287b30>
9457,2021-01-29 00:00:00,<function <lambda> at 0x7fa4962879f0>,<function <lambda> at 0x7fa496287a90>,<function <lambda> at 0x7fa496287b30>
9458,2021-01-29 01:00:00,<function <lambda> at 0x7fa4962879f0>,<function <lambda> at 0x7fa496287a90>,<function <lambda> at 0x7fa496287b30>
9459,2021-01-29 02:00:00,<function <lambda> at 0x7fa4962879f0>,<function <lambda> at 0x7fa496287a90>,<function <lambda> at 0x7fa496287b30>
9460,2021-01-29 03:00:00,<function <lambda> at 0x7fa4962879f0>,<function <lambda> at 0x7fa496287a90>,<function <lambda> at 0x7fa496287b30>
9461,2021-01-29 04:00:00,<function <lambda> at 0x7fa4962879f0>,<function <lambda> at 0x7fa496287a90>,<function <lambda> at 0x7fa496287b30>
9462,2021-01-29 05:00:00,<function <lambda> at 0x7fa4962879f0>,<function <lambda> at 0x7fa496287a90>,<function <lambda> at 0x7fa496287b30>
9463,2021-01-29 06:00:00,<function <lambda> at 0x7fa4962879f0>,<function <lambda> at 0x7fa496287a90>,<function <lambda> at 0x7fa496287b30>
9464,2021-01-29 07:00:00,<function <lambda> at 0x7fa4962879f0>,<function <lambda> at 0x7fa496287a90>,<function <lambda> at 0x7fa496287b30>
9465,2021-01-29 08:00:00,<function <lambda> at 0x7fa4962879f0>,<function <lambda> at 0x7fa496287a90>,<function <lambda> at 0x7fa496287b30>
9466,2021-01-29 09:00:00,<function <lambda> at 0x7fa4962879f0>,<function <lambda> at 0x7fa496287a90>,<function <lambda> at 0x7fa496287b30>
9467,2021-01-29 10:00:00,<function <lambda> at 0x7fa4962879f0>,<function <lambda> at 0x7fa496287a90>,<function <lambda> at 0x7fa496287b30>
9468,2021-01-29 11:00:00,<function <lambda> at 0x7fa4962879f0>,<function <lambda> at 0x7fa496287a90>,<function <lambda> at 0x7fa496287b30>
9469,2021-01-29 12:00:00,<function <lambda> at 0x7fa4962879f0>,<function <lambda> at 0x7fa496287a90>,<function <lambda> at 0x7fa496287b30>
9470,2021-01-29 13:00:00,<function <lambda> at 0x7fa4962879f0>,<function <lambda> at 0x7fa496287a90>,<function <lambda> at 0x7fa496287b30>
9471,2021-01-29 14:00:00,<function <lambda> at 0x7fa4962879f0>,<function <lambda> at 0x7fa496287a90>,<function <lambda> at 0x7fa496287b30>
9472,2021-01-29 15:00:00,<function <lambda> at 0x7fa4962879f0>,<function <lambda> at 0x7fa496287a90>,<function <lambda> at 0x7fa496287b30>
9473,2021-01-29 16:00:00,<function <lambda> at 0x7fa4962879f0>,<function <lambda> at 0x7fa496287a90>,<function <lambda> at 0x7fa496287b30>
9474,2021-01-29 17:00:00,<function <lambda> at 0x7fa4962879f0>,<function <lambda> at 0x7fa496287a90>,<function <lambda> at 0x7fa496287b30>
9475,2021-01-29 18:00:00,<function <lambda> at 0x7fa4962879f0>,<function <lambda> at 0x7fa496287a90>,<function <lambda> at 0x7fa496287b30>
9476,2021-01-29 19:00:00,<function <lambda> at 0x7fa4962879f0>,<function <lambda> at 0x7fa496287a90>,<function <lambda> at 0x7fa496287b30>
9477,2021-01-29 20:00:00,<function <lambda> at 0x7fa4962879f0>,<function <lambda> at 0x7fa496287a90>,<function <lambda> at 0x7fa496287b30>
9478,2021-01-29 21:00:00,<function <lambda> at 0x7fa4962879f0>,<function <lambda> at 0x7fa496287a90>,<function <lambda> at 0x7fa496287b30>
9479,2021-01-29 22:00:00,<function <lambda> at 0x7fa4962879f0>,<function <lambda> at 0x7fa496287a90>,<function <lambda> at 0x7fa496287b30>
9480,2021-01-29 23:00:00,<function <lambda> at 0x7fa4962879f0>,<function <lambda> at 0x7fa496287a90>,<function <lambda> at 0x7fa496287b30>
9481,2021-01-30 00:00:00,<function <lambda> at 0x7fa4962879f0>,<function <lambda> at 0x7fa496287a90>,<function <lambda> at 0x7fa496287b30>
9482,2021-01-30 01:00:00,<function <lambda> at 0x7fa4962879f0>,<function <lambda> at 0x7fa496287a90>,<function <lambda> at 0x7fa496287b30>
9483,2021-01-30 02:00:00,<function <lambda> at 0x7fa4962879f0>,<function <lambda> at 0x7fa496287a90>,<function <lambda> at 0x7fa496287b30>
9484,2021-01-30 03:00:00,<function <lambda> at 0x7fa4962879f0>,<function <lambda> at 0x7fa496287a90>,<function <lambda> at 0x7fa496287b30>
9485,2021-01-30 04:00:00,<function <lambda> at 0x7fa4962879f0>,<function <lambda> at 0x7fa496287a90>,<function <lambda> at 0x7fa496287b30>
9486,2021-01-30 05:00:00,<function <lambda> at 0x7fa4962879f0>,<function <lambda> at 0x7fa496287a90>,<function <lambda> at 0x7fa496287b30>
9487,2021-01-30 06:00:00,<function <lambda> at 0x7fa4962879f0>,<function <lambda> at 0x7fa496287a90>,<function <lambda> at 0x7fa496287b30>
9488,2021-01-30 07:00:00,<function <lambda> at 0x7fa4962879f0>,<function <lambda> at 0x7fa496287a90>,<function <lambda> at 0x7fa496287b30>
9489,2021-01-30 08:00:00,<function <lambda> at 0x7fa4962879f0>,<function <lambda> at 0x7fa496287a90>,<function <lambda> at 0x7fa496287b30>
9490,2021-01-30 09:00:00,<function <lambda> at 0x7fa4962879f0>,<function <lambda> at 0x7fa496287a90>,<function <lambda> at 0x7fa496287b30>
9491,2021-01-30 10:00:00,<function <lambda> at 0x7fa4962879f0>,<function <lambda> at 0x7fa496287a90>,<function <lambda> at 0x7fa496287b30>
9492,2021-01-30 11:00:00,<function <lambda> at 0x7fa4962879f0>,<function <lambda> at 0x7fa496287a90>,<function <lambda> at 0x7fa496287b30>
9493,2021-01-30 12:00:00,<function <lambda> at 0x7fa4962879f0>,<function <lambda> at 0x7fa496287a90>,<function <lambda> at 0x7fa496287b30>
9494,2021-01-30 13:00:00,<function <lambda> at 0x7fa4962879f0>,<function <lambda> at 0x7fa496287a90>,<function <lambda> at 0x7fa496287b30>
9495,2021-01-30 14:00:00,<function <lambda> at 0x7fa4962879f0>,<function <lambda> at 0x7fa496287a90>,<function <lambda> at 0x7fa496287b30>
9496,2021-01-30 15:00:00,<function <lambda> at 0x7fa4962879f0>,<function <lambda> at 0x7fa496287a90>,<function <lambda> at 0x7fa496287b30>
9497,2021-01-30 16:00:00,<function <lambda> at 0x7fa4962879f0>,<function <lambda> at 0x7fa496287a90>,<function <lambda> at 0x7fa496287b30>
9498,2021-01-30 17:00:00,<function <lambda> at 0x7fa4962879f0>,<function <lambda> at 0x7fa496287a90>,<function <lambda> at 0x7fa496287b30>
9499,2021-01-30 18:00:00,<function <lambda> at 0x7fa4962879f0>,<function <lambda> at 0x7fa496287a90>,<function <lambda> at 0x7fa496287b30>
9500,2021-01-30 19:00:00,<function <lambda> at 0x7fa4962879f0>,<function <lambda> at 0x7fa496287a90>,<function <lambda> at 0x7fa496287b30>
9501,2021-01-30 20:00:00,<function <lambda> at 0x7fa4962879f0>,<function <lambda> at 0x7fa496287a90>,<function <lambda> at 0x7fa496287b30>
9502,2021-01-30 21:00:00,<function <lambda> at 0x7fa4962879f0>,<function <lambda> at 0x7fa496287a90>,<function <lambda> at 0x7fa496287b30>
9503,2021-01-30 22:00:00,<function <lambda> at 0x7fa4962879f0>,<function <lambda> at 0x7fa496287a90>,<function <lambda> at 0x7fa496287b30>
9504,2021-01-30 23:00:00,<function <lambda> at 0x7fa4962879f0>,<function <lambda> at 0x7fa496287a90>,<function <lambda> at 0x7fa496287b30>
9505,2021-01-31 00:00:00,<function <lambda> at 0x7fa4962879f0>,<function <lambda> at 0x7fa496287a90>,<function <lambda> at 0x7fa496287b30>
9506,2021-01-31 01:00:00,<function <lambda> at 0x7fa4962879f0>,<function <lambda> at 0x7fa496287a90>,<function <lambda> at 0x7fa496287b30>
9507,2021-01-31 02:00:00,<function <lambda> at 0x7fa4962879f0>,<function <lambda> at 0x7fa496287a90>,<function <lambda> at 0x7fa496287b30>
9508,2021-01-31 03:00:00,<function <lambda> at 0x7fa4962879f0>,<function <lambda> at 0x7fa496287a90>,<function <lambda> at 0x7fa496287b30>
9509,2021-01-31 04:00:00,<function <lambda> at 0x7fa4962879f0>,<function <lambda> at 0x7fa496287a90>,<function <lambda> at 0x7fa496287b30>
9510,2021-01-31 05:00:00,<function <lambda> at 0x7fa4962879f0>,<function <lambda> at 0x7fa496287a90>,<function <lambda> at 0x7fa496287b30>
9511,2021-01-31 06:00:00,<function <lambda> at 0x7fa4962879f0>,<function <lambda> at 0x7fa496287a90>,<function <lambda> at 0x7fa496287b30>
9512,2021-01-31 07:00:00,<function <lambda> at 0x7fa4962879f0>,<function <lambda> at 0x7fa496287a90>,<function <lambda> at 0x7fa496287b30>
9513,2021-01-31 08:00:00,<function <lambda> at 0x7fa4962879f0>,<function <lambda> at 0x7fa496287a90>,<function <lambda> at 0x7fa496287b30>
9514,2021-01-31 09:00:00,<function <lambda> at 0x7fa4962879f0>,<function <lambda> at 0x7fa496287a90>,<function <lambda> at 0x7fa496287b30>
9515,2021-01-31 10:00:00,<function <lambda> at 0x7fa4962879f0>,<function <lambda> at 0x7fa496287a90>,<function <lambda> at 0x7fa496287b30>
9516,2021-01-31 11:00:00,<function <lambda> at 0x7fa4962879f0>,<function <lambda> at 0x7fa496287a90>,<function <lambda> at 0x7fa496287b30>
9517,2021-01-31 12:00:00,<function <lambda> at 0x7fa4962879f0>,<function <lambda> at 0x7fa496287a90>,<function <lambda> at 0x7fa496287b30>
9518,2021-01-31 13:00:00,<function <lambda> at 0x7fa4962879f0>,<function <lambda> at 0x7fa496287a90>,<function <lambda> at 0x7fa496287b30>
9519,2021-01-31 14:00:00,<function <lambda> at 0x7fa4962879f0>,<function <lambda> at 0x7fa496287a90>,<function <lambda> at 0x7fa496287b30>
9520,2021-01-31 15:00:00,<function <lambda> at 0x7fa4962879f0>,<function <lambda> at 0x7fa496287a90>,<function <lambda> at 0x7fa496287b30>
9521,2021-01-31 16:00:00,<function <lambda> at 0x7fa4962879f0>,<function <lambda> at 0x7fa496287a90>,<function <lambda> at 0x7fa496287b30>
9522,2021-01-31 17:00:00,<function <lambda> at 0x7fa4962879f0>,<function <lambda> at 0x7fa496287a90>,<function <lambda> at 0x7fa496287b30>
9523,2021-01-31 18:00:00,<function <lambda> at 0x7fa4962879f0>,<function <lambda> at 0x7fa496287a90>,<function <lambda> at 0x7fa496287b30>
9524,2021-01-31 19:00:00,<function <lambda> at 0x7fa4962879f0>,<function <lambda> at 0x7fa496287a90>,<function <lambda> at 0x7fa496287b30>
9525,2021-01-31 20:00:00,<function <lambda> at 0x7fa4962879f0>,<function <lambda> at 0x7fa496287a90>,<function <lambda> at 0x7fa496287b30>
9526,2021-01-31 21:00:00,<function <lambda> at 0x7fa4962879f0>,<function <lambda> at 0x7fa496287a90>,<function <lambda> at 0x7fa496287b30>
9527,2021-01-31 22:00:00,<function <lambda> at 0x7fa4962879f0>,<function <lambda> at 0x7fa496287a90>,<function <lambda> at 0x7fa496287b30>
9528,2021-01-31 23:00:00,<function <lambda> at 0x7fa4962879f0>,<function <lambda> at 0x7fa496287a90>,<function <lambda> at 0x7fa496287b30>
9529,2021-02-01 00:00:00,<function <lambda> at 0x7fa4962879f0>,<function <lambda> at 0x7fa496287a90>,<function <lambda> at 0x7fa496287b30>
9530,2021-02-01 01:00:00,<function <lambda> at 0x7fa4962879f0>,<function <lambda> at 0x7fa496287a90>,<function <lambda> at 0x7fa496287b30>
9531,2021-02-01 02:00:00,<function <lambda> at 0x7fa4962879f0>,<function <lambda> at 0x7fa496287a90>,<function <lambda> at 0x7fa496287b30>
9532,2021-02-01 03:00:00,<function <lambda> at 0x7fa4962879f0>,<function <lambda> at 0x7fa496287a90>,<function <lambda> at 0x7fa496287b30>
9533,2021-02-01 04:00:00,<function <lambda> at 0x7fa4962879f0>,<function <lambda> at 0x7fa496287a90>,<function <lambda> at 0x7fa496287b30>
9534,2021-02-01 05:00:00,<function <lambda> at 0x7fa4962879f0>,<function <lambda> at 0x7fa496287a90>,<function <lambda> at 0x7fa496287b30>
9535,2021-02-01 06:00:00,<function <lambda> at 0x7fa4962879f0>,<function <lambda> at 0x7fa496287a90>,<function <lambda> at 0x7fa496287b30>
9536,2021-02-01 07:00:00,<function <lambda> at 0x7fa4962879f0>,<function <lambda> at 0x7fa496287a90>,<function <lambda> at 0x7fa496287b30>
9537,2021-02-01 08:00:00,<function <lambda> at 0x7fa4962879f0>,<function <lambda> at 0x7fa496287a90>,<function <lambda> at 0x7fa496287b30>
9538,2021-02-01 09:00:00,<function <lambda> at 0x7fa4962879f0>,<function <lambda> at 0x7fa496287a90>,<function <lambda> at 0x7fa496287b30>
9539,2021-02-01 10:00:00,<function <lambda> at 0x7fa4962879f0>,<function <lambda> at 0x7fa496287a90>,<function <lambda> at 0x7fa496287b30>
9540,2021-02-01 11:00:00,<function <lambda> at 0x7fa4962879f0>,<function <lambda> at 0x7fa496287a90>,<function <lambda> at 0x7fa496287b30>
9541,2021-02-01 12:00:00,<function <lambda> at 0x7fa4962879f0>,<function <lambda> at 0x7fa496287a90>,<function <lambda> at 0x7fa496287b30>
9542,2021-02-01 13:00:00,<function <lambda> at 0x7fa4962879f0>,<function <lambda> at 0x7fa496287a90>,<function <lambda> at 0x7fa496287b30>
9543,2021-02-01 14:00:00,<function <lambda> at 0x7fa4962879f0>,<function <lambda> at 0x7fa496287a90>,<function <lambda> at 0x7fa496287b30>
9544,2021-02-01 15:00:00,<function <lambda> at 0x7fa4962879f0>,<function <lambda> at 0x7fa496287a90>,<function <lambda> at 0x7fa496287b30>
9545,2021-02-01 16:00:00,<function <lambda> at 0x7fa4962879f0>,<function <lambda> at 0x7fa496287a90>,<function <lambda> at 0x7fa496287b30>
9546,2021-02-01 17:00:00,<function <lambda> at 0x7fa4962879f0>,<function <lambda> at 0x7fa496287a90>,<function <lambda> at 0x7fa496287b30>
9547,2021-02-01 18:00:00,<function <lambda> at 0x7fa4962879f0>,<function <lambda> at 0x7fa496287a90>,<function <lambda> at 0x7fa496287b30>
9548,2021-02-01 19:00:00,<function <lambda> at 0x7fa4962879f0>,<function <lambda> at 0x7fa496287a90>,<function <lambda> at 0x7fa496287b30>
9549,2021-02-01 20:00:00,<function <lambda> at 0x7fa4962879f0>,<function <lambda> at 0x7fa496287a90>,<function <lambda> at 0x7fa496287b30>
9550,2021-02-01 21:00:00,<function <lambda> at 0x7fa4962879f0>,<function <lambda> at 0x7fa496287a90>,<function <lambda> at 0x7fa496287b30>
9551,2021-02-01 22:00:00,<function <lambda> at 0x7fa4962879f0>,<function <lambda> at 0x7fa496287a90>,<function <lambda> at 0x7fa496287b30>
9552,2021-02-01 23:00:00,<function <lambda> at 0x7fa4962879f0>,<function <lambda> at 0x7fa496287a90>,<function <lambda> at 0x7fa496287b30>
9553,2021-02-02 00:00:00,<function <lambda> at 0x7fa4962879f0>,<function <lambda> at 0x7fa496287a90>,<function <lambda> at 0x7fa496287b30>
9554,2021-02-02 01:00:00,<function <lambda> at 0x7fa4962879f0>,<function <lambda> at 0x7fa496287a90>,<function <lambda> at 0x7fa496287b30>
9555,2021-02-02 02:00:00,<function <lambda> at 0x7fa4962879f0>,<function <lambda> at 0x7fa496287a90>,<function <lambda> at 0x7fa496287b30>
9556,2021-02-02 03:00:00,<function <lambda> at 0x7fa4962879f0>,<function <lambda> at 0x7fa496287a90>,<function <lambda> at 0x7fa496287b30>
9557,2021-02-02 04:00:00,<function <lambda> at 0x7fa4962879f0>,<function <lambda> at 0x7fa496287a90>,<function <lambda> at 0x7fa496287b30>
9558,2021-02-02 05:00:00,<function <lambda> at 0x7fa4962879f0>,<function <lambda> at 0x7fa496287a90>,<function <lambda> at 0x7fa496287b30>
9559,2021-02-02 06:00:00,<function <lambda> at 0x7fa4962879f0>,<function <lambda> at 0x7fa496287a90>,<function <lambda> at 0x7fa496287b30>
9560,2021-02-02 07:00:00,<function <lambda> at 0x7fa4962879f0>,<function <lambda> at 0x7fa496287a90>,<function <lambda> at 0x7fa496287b30>
9561,2021-02-02 08:00:00,<function <lambda> at 0x7fa4962879f0>,<function <lambda> at 0x7fa496287a90>,<function <lambda> at 0x7fa496287b30>
9562,2021-02-02 09:00:00,<function <lambda> at 0x7fa4962879f0>,<function <lambda> at 0x7fa496287a90>,<function <lambda> at 0x7fa496287b30>
9563,2021-02-02 10:00:00,<function <lambda> at 0x7fa4962879f0>,<function <lambda> at 0x7fa496287a90>,<function <lambda> at 0x7fa496287b30>
9564,2021-02-02 11:00:00,<function <lambda> at 0x7fa4962879f0>,<function <lambda> at 0x7fa496287a90>,<function <lambda> at 0x7fa496287b30>
9565,2021-02-02 12:00:00,<function <lambda> at 0x7fa4962879f0>,<function <lambda> at 0x7fa496287a90>,<function <lambda> at 0x7fa496287b30>
9566,2021-02-02 13:00:00,<function <lambda> at 0x7fa4962879f0>,<function <lambda> at 0x7fa496287a90>,<function <lambda> at 0x7fa496287b30>
9567,2021-02-02 14:00:00,<function <lambda> at 0x7fa4962879f0>,<function <lambda> at 0x7fa496287a90>,<function <lambda> at 0x7fa496287b30>
9568,2021-02-02 15:00:00,<function <lambda> at 0x7fa4962879f0>,<function <lambda> at 0x7fa496287a90>,<function <lambda> at 0x7fa496287b30>
9569,2021-02-02 16:00:00,<function <lambda> at 0x7fa4962879f0>,<function <lambda> at 0x7fa496287a90>,<function <lambda> at 0x7fa496287b30>
9570,2021-02-02 17:00:00,<function <lambda> at 0x7fa4962879f0>,<function <lambda> at 0x7fa496287a90>,<function <lambda> at 0x7fa496287b30>
9571,2021-02-02 18:00:00,<function <lambda> at 0x7fa4962879f0>,<function <lambda> at 0x7fa496287a90>,<function <lambda> at 0x7fa496287b30>
9572,2021-02-02 19:00:00,<function <lambda> at 0x7fa4962879f0>,<function <lambda> at 0x7fa496287a90>,<function <lambda> at 0x7fa496287b30>
9573,2021-02-02 20:00:00,<function <lambda> at 0x7fa4962879f0>,<function <lambda> at 0x7fa496287a90>,<function <lambda> at 0x7fa496287b30>
9574,2021-02-02 21:00:00,<function <lambda> at 0x7fa4962879f0>,<function <lambda> at 0x7fa496287a90>,<function <lambda> at 0x7fa496287b30>
9575,2021-02-02 22:00:00,<function <lambda> at 0x7fa4962879f0>,<function <lambda> at 0x7fa496287a90>,<function <lambda> at 0x7fa496287b30>
9576,2021-02-02 23:00:00,<function <lambda> at 0x7fa4962879f0>,<function <lambda> at 0x7fa496287a90>,<function <lambda> at 0x7fa496287b30>
9577,2021-02-03 00:00:00,<function <lambda> at 0x7fa4962879f0>,<function <lambda> at 0x7fa496287a90>,<function <lambda> at 0x7fa496287b30>
9578,2021-02-03 01:00:00,<function <lambda> at 0x7fa4962879f0>,<function <lambda> at 0x7fa496287a90>,<function <lambda> at 0x7fa496287b30>
9579,2021-02-03 02:00:00,<function <lambda> at 0x7fa4962879f0>,<function <lambda> at 0x7fa496287a90>,<function <lambda> at 0x7fa496287b30>
9580,2021-02-03 03:00:00,<function <lambda> at 0x7fa4962879f0>,<function <lambda> at 0x7fa496287a90>,<function <lambda> at 0x7fa496287b30>
9581,2021-02-03 04:00:00,<function <lambda> at 0x7fa4962879f0>,<function <lambda> at 0x7fa496287a90>,<function <lambda> at 0x7fa496287b30>
9582,2021-02-03 05:00:00,<function <lambda> at 0x7fa4962879f0>,<function <lambda> at 0x7fa496287a90>,<function <lambda> at 0x7fa496287b30>
9583,2021-02-03 06:00:00,<function <lambda> at 0x7fa4962879f0>,<function <lambda> at 0x7fa496287a90>,<function <lambda> at 0x7fa496287b30>
9584,2021-02-03 07:00:00,<function <lambda> at 0x7fa4962879f0>,<function <lambda> at 0x7fa496287a90>,<function <lambda> at 0x7fa496287b30>
9585,2021-02-03 08:00:00,<function <lambda> at 0x7fa4962879f0>,<function <lambda> at 0x7fa496287a90>,<function <lambda> at 0x7fa496287b30>
9586,2021-02-03 09:00:00,<function <lambda> at 0x7fa4962879f0>,<function <lambda> at 0x7fa496287a90>,<function <lambda> at 0x7fa496287b30>
9587,2021-02-03 10:00:00,<function <lambda> at 0x7fa4962879f0>,<function <lambda> at 0x7fa496287a90>,<function <lambda> at 0x7fa496287b30>
9588,2021-02-03 11:00:00,<function <lambda> at 0x7fa4962879f0>,<function <lambda> at 0x7fa496287a90>,<function <lambda> at 0x7fa496287b30>
9589,2021-02-03 12:00:00,<function <lambda> at 0x7fa4962879f0>,<function <lambda> at 0x7fa496287a90>,<function <lambda> at 0x7fa496287b30>
9590,2021-02-03 13:00:00,<function <lambda> at 0x7fa4962879f0>,<function <lambda> at 0x7fa496287a90>,<function <lambda> at 0x7fa496287b30>
9591,2021-02-03 14:00:00,<function <lambda> at 0x7fa4962879f0>,<function <lambda> at 0x7fa496287a90>,<function <lambda> at 0x7fa496287b30>
9592,2021-02-03 15:00:00,<function <lambda> at 0x7fa4962879f0>,<function <lambda> at 0x7fa496287a90>,<function <lambda> at 0x7fa496287b30>
9593,2021-02-03 16:00:00,<function <lambda> at 0x7fa4962879f0>,<function <lambda> at 0x7fa496287a90>,<function <lambda> at 0x7fa496287b30>
9594,2021-02-03 17:00:00,<function <lambda> at 0x7fa4962879f0>,<function <lambda> at 0x7fa496287a90>,<function <lambda> at 0x7fa496287b30>
9595,2021-02-03 18:00:00,<function <lambda> at 0x7fa4962879f0>,<function <lambda> at 0x7fa496287a90>,<function <lambda> at 0x7fa496287b30>
9596,2021-02-03 19:00:00,<function <lambda> at 0x7fa4962879f0>,<function <lambda> at 0x7fa496287a90>,<function <lambda> at 0x7fa496287b30>
9597,2021-02-03 20:00:00,<function <lambda> at 0x7fa4962879f0>,<function <lambda> at 0x7fa496287a90>,<function <lambda> at 0x7fa496287b30>
9598,2021-02-03 21:00:00,<function <lambda> at 0x7fa4962879f0>,<function <lambda> at 0x7fa496287a90>,<function <lambda> at 0x7fa496287b30>
9599,2021-02-03 22:00:00,<function <lambda> at 0x7fa4962879f0>,<function <lambda> at 0x7fa496287a90>,<function <lambda> at 0x7fa496287b30>
9600,2021-02-03 23:00:00,<function <lambda> at 0x7fa4962879f0>,<function <lambda> at 0x7fa496287a90>,<function <lambda> at 0x7fa496287b30>
9601,2021-02-04 00:00:00,<function <lambda> at 0x7fa4962879f0>,<function <lambda> at 0x7fa496287a90>,<function <lambda> at 0x7fa496287b30>
9602,2021-02-04 01:00:00,<function <lambda> at 0x7fa4962879f0>,<function <lambda> at 0x7fa496287a90>,<function <lambda> at 0x7fa496287b30>
9603,2021-02-04 02:00:00,<function <lambda> at 0x7fa4962879f0>,<function <lambda> at 0x7fa496287a90>,<function <lambda> at 0x7fa496287b30>
9604,2021-02-04 03:00:00,<function <lambda> at 0x7fa4962879f0>,<function <lambda> at 0x7fa496287a90>,<function <lambda> at 0x7fa496287b30>
9605,2021-02-04 04:00:00,<function <lambda> at 0x7fa4962879f0>,<function <lambda> at 0x7fa496287a90>,<function <lambda> at 0x7fa496287b30>
9606,2021-02-04 05:00:00,<function <lambda> at 0x7fa4962879f0>,<function <lambda> at 0x7fa496287a90>,<function <lambda> at 0x7fa496287b30>
9607,2021-02-04 06:00:00,<function <lambda> at 0x7fa4962879f0>,<function <lambda> at 0x7fa496287a90>,<function <lambda> at 0x7fa496287b30>
9608,2021-02-04 07:00:00,<function <lambda> at 0x7fa4962879f0>,<function <lambda> at 0x7fa496287a90>,<function <lambda> at 0x7fa496287b30>
9609,2021-02-04 08:00:00,<function <lambda> at 0x7fa4962879f0>,<function <lambda> at 0x7fa496287a90>,<function <lambda> at 0x7fa496287b30>
9610,2021-02-04 09:00:00,<function <lambda> at 0x7fa4962879f0>,<function <lambda> at 0x7fa496287a90>,<function <lambda> at 0x7fa496287b30>
9611,2021-02-04 10:00:00,<function <lambda> at 0x7fa4962879f0>,<function <lambda> at 0x7fa496287a90>,<function <lambda> at 0x7fa496287b30>
9612,2021-02-04 11:00:00,<function <lambda> at 0x7fa4962879f0>,<function <lambda> at 0x7fa496287a90>,<function <lambda> at 0x7fa496287b30>
9613,2021-02-04 12:00:00,<function <lambda> at 0x7fa4962879f0>,<function <lambda> at 0x7fa496287a90>,<function <lambda> at 0x7fa496287b30>
9614,2021-02-04 13:00:00,<function <lambda> at 0x7fa4962879f0>,<function <lambda> at 0x7fa496287a90>,<function <lambda> at 0x7fa496287b30>
9615,2021-02-04 14:00:00,<function <lambda> at 0x7fa4962879f0>,<function <lambda> at 0x7fa496287a90>,<function <lambda> at 0x7fa496287b30>
9616,2021-02-04 15:00:00,<function <lambda> at 0x7fa4962879f0>,<function <lambda> at 0x7fa496287a90>,<function <lambda> at 0x7fa496287b30>
9617,2021-02-04 16:00:00,<function <lambda> at 0x7fa4962879f0>,<function <lambda> at 0x7fa496287a90>,<function <lambda> at 0x7fa496287b30>
9618,2021-02-04 17:00:00,<function <lambda> at 0x7fa4962879f0>,<function <lambda> at 0x7fa496287a90>,<function <lambda> at 0x7fa496287b30>
9619,2021-02-04 18:00:00,<function <lambda> at 0x7fa4962879f0>,<function <lambda> at 0x7fa496287a90>,<function <lambda> at 0x7fa496287b30>
9620,2021-02-04 19:00:00,<function <lambda> at 0x7fa4962879f0>,<function <lambda> at 0x7fa496287a90>,<function <lambda> at 0x7fa496287b30>
9621,2021-02-04 20:00:00,<function <lambda> at 0x7fa4962879f0>,<function <lambda> at 0x7fa496287a90>,<function <lambda> at 0x7fa496287b30>
9622,2021-02-04 21:00:00,<function <lambda> at 0x7fa4962879f0>,<function <lambda> at 0x7fa496287a90>,<function <lambda> at 0x7fa496287b30>
9623,2021-02-04 22:00:00,<function <lambda> at 0x7fa4962879f0>,<function <lambda> at 0x7fa496287a90>,<function <lambda> at 0x7fa496287b30>
9624,2021-02-04 23:00:00,<function <lambda> at 0x7fa4962879f0>,<function <lambda> at 0x7fa496287a90>,<function <lambda> at 0x7fa496287b30>
9625,2021-02-05 00:00:00,<function <lambda> at 0x7fa4962879f0>,<function <lambda> at 0x7fa496287a90>,<function <lambda> at 0x7fa496287b30>
9626,2021-02-05 01:00:00,<function <lambda> at 0x7fa4962879f0>,<function <lambda> at 0x7fa496287a90>,<function <lambda> at 0x7fa496287b30>
9627,2021-02-05 02:00:00,<function <lambda> at 0x7fa4962879f0>,<function <lambda> at 0x7fa496287a90>,<function <lambda> at 0x7fa496287b30>
9628,2021-02-05 03:00:00,<function <lambda> at 0x7fa4962879f0>,<function <lambda> at 0x7fa496287a90>,<function <lambda> at 0x7fa496287b30>
9629,2021-02-05 04:00:00,<function <lambda> at 0x7fa4962879f0>,<function <lambda> at 0x7fa496287a90>,<function <lambda> at 0x7fa496287b30>
9630,2021-02-05 05:00:00,<function <lambda> at 0x7fa4962879f0>,<function <lambda> at 0x7fa496287a90>,<function <lambda> at 0x7fa496287b30>
9631,2021-02-05 06:00:00,<function <lambda> at 0x7fa4962879f0>,<function <lambda> at 0x7fa496287a90>,<function <lambda> at 0x7fa496287b30>
9632,2021-02-05 07:00:00,<function <lambda> at 0x7fa4962879f0>,<function <lambda> at 0x7fa496287a90>,<function <lambda> at 0x7fa496287b30>
9633,2021-02-05 08:00:00,<function <lambda> at 0x7fa4962879f0>,<function <lambda> at 0x7fa496287a90>,<function <lambda> at 0x7fa496287b30>
9634,2021-02-05 09:00:00,<function <lambda> at 0x7fa4962879f0>,<function <lambda> at 0x7fa496287a90>,<function <lambda> at 0x7fa496287b30>
9635,2021-02-05 10:00:00,<function <lambda> at 0x7fa4962879f0>,<function <lambda> at 0x7fa496287a90>,<function <lambda> at 0x7fa496287b30>
9636,2021-02-05 11:00:00,<function <lambda> at 0x7fa4962879f0>,<function <lambda> at 0x7fa496287a90>,<function <lambda> at 0x7fa496287b30>
9637,2021-02-05 12:00:00,<function <lambda> at 0x7fa4962879f0>,<function <lambda> at 0x7fa496287a90>,<function <lambda> at 0x7fa496287b30>
9638,2021-02-05 13:00:00,<function <lambda> at 0x7fa4962879f0>,<function <lambda> at 0x7fa496287a90>,<function <lambda> at 0x7fa496287b30>
9639,2021-02-05 14:00:00,<function <lambda> at 0x7fa4962879f0>,<function <lambda> at 0x7fa496287a90>,<function <lambda> at 0x7fa496287b30>
9640,2021-02-05 15:00:00,<function <lambda> at 0x7fa4962879f0>,<function <lambda> at 0x7fa496287a90>,<function <lambda> at 0x7fa496287b30>
9641,2021-02-05 16:00:00,<function <lambda> at 0x7fa4962879f0>,<function <lambda> at 0x7fa496287a90>,<function <lambda> at 0x7fa496287b30>
9642,2021-02-05 17:00:00,<function <lambda> at 0x7fa4962879f0>,<function <lambda> at 0x7fa496287a90>,<function <lambda> at 0x7fa496287b30>
9643,2021-02-05 18:00:00,<function <lambda> at 0x7fa4962879f0>,<function <lambda> at 0x7fa496287a90>,<function <lambda> at 0x7fa496287b30>
9644,2021-02-05 19:00:00,<function <lambda> at 0x7fa4962879f0>,<function <lambda> at 0x7fa496287a90>,<function <lambda> at 0x7fa496287b30>
9645,2021-02-05 20:00:00,<function <lambda> at 0x7fa4962879f0>,<function <lambda> at 0x7fa496287a90>,<function <lambda> at 0x7fa496287b30>
9646,2021-02-05 21:00:00,<function <lambda> at 0x7fa4962879f0>,<function <lambda> at 0x7fa496287a90>,<function <lambda> at 0x7fa496287b30>
9647,2021-02-05 22:00:00,<function <lambda> at 0x7fa4962879f0>,<function <lambda> at 0x7fa496287a90>,<function <lambda> at 0x7fa496287b30>
9648,2021-02-05 23:00:00,<function <lambda> at 0x7fa4962879f0>,<function <lambda> at 0x7fa496287a90>,<function <lambda> at 0x7fa496287b30>
9649,2021-02-06 00:00:00,<function <lambda> at 0x7fa4962879f0>,<function <lambda> at 0x7fa496287a90>,<function <lambda> at 0x7fa496287b30>
9650,2021-02-06 01:00:00,<function <lambda> at 0x7fa4962879f0>,<function <lambda> at 0x7fa496287a90>,<function <lambda> at 0x7fa496287b30>
9651,2021-02-06 02:00:00,<function <lambda> at 0x7fa4962879f0>,<function <lambda> at 0x7fa496287a90>,<function <lambda> at 0x7fa496287b30>
9652,2021-02-06 03:00:00,<function <lambda> at 0x7fa4962879f0>,<function <lambda> at 0x7fa496287a90>,<function <lambda> at 0x7fa496287b30>
9653,2021-02-06 04:00:00,<function <lambda> at 0x7fa4962879f0>,<function <lambda> at 0x7fa496287a90>,<function <lambda> at 0x7fa496287b30>
9654,2021-02-06 05:00:00,<function <lambda> at 0x7fa4962879f0>,<function <lambda> at 0x7fa496287a90>,<function <lambda> at 0x7fa496287b30>
9655,2021-02-06 06:00:00,<function <lambda> at 0x7fa4962879f0>,<function <lambda> at 0x7fa496287a90>,<function <lambda> at 0x7fa496287b30>
9656,2021-02-06 07:00:00,<function <lambda> at 0x7fa4962879f0>,<function <lambda> at 0x7fa496287a90>,<function <lambda> at 0x7fa496287b30>
9657,2021-02-06 08:00:00,<function <lambda> at 0x7fa4962879f0>,<function <lambda> at 0x7fa496287a90>,<function <lambda> at 0x7fa496287b30>
9658,2021-02-06 09:00:00,<function <lambda> at 0x7fa4962879f0>,<function <lambda> at 0x7fa496287a90>,<function <lambda> at 0x7fa496287b30>
9659,2021-02-06 10:00:00,<function <lambda> at 0x7fa4962879f0>,<function <lambda> at 0x7fa496287a90>,<function <lambda> at 0x7fa496287b30>
9660,2021-02-06 11:00:00,<function <lambda> at 0x7fa4962879f0>,<function <lambda> at 0x7fa496287a90>,<function <lambda> at 0x7fa496287b30>
9661,2021-02-06 12:00:00,<function <lambda> at 0x7fa4962879f0>,<function <lambda> at 0x7fa496287a90>,<function <lambda> at 0x7fa496287b30>
9662,2021-02-06 13:00:00,<function <lambda> at 0x7fa4962879f0>,<function <lambda> at 0x7fa496287a90>,<function <lambda> at 0x7fa496287b30>
9663,2021-02-06 14:00:00,<function <lambda> at 0x7fa4962879f0>,<function <lambda> at 0x7fa496287a90>,<function <lambda> at 0x7fa496287b30>
9664,2021-02-06 15:00:00,<function <lambda> at 0x7fa4962879f0>,<function <lambda> at 0x7fa496287a90>,<function <lambda> at 0x7fa496287b30>
9665,2021-02-06 16:00:00,<function <lambda> at 0x7fa4962879f0>,<function <lambda> at 0x7fa496287a90>,<function <lambda> at 0x7fa496287b30>
9666,2021-02-06 17:00:00,<function <lambda> at 0x7fa4962879f0>,<function <lambda> at 0x7fa496287a90>,<function <lambda> at 0x7fa496287b30>
9667,2021-02-06 18:00:00,<function <lambda> at 0x7fa4962879f0>,<function <lambda> at 0x7fa496287a90>,<function <lambda> at 0x7fa496287b30>
9668,2021-02-06 19:00:00,<function <lambda> at 0x7fa4962879f0>,<function <lambda> at 0x7fa496287a90>,<function <lambda> at 0x7fa496287b30>
9669,2021-02-06 20:00:00,<function <lambda> at 0x7fa4962879f0>,<function <lambda> at 0x7fa496287a90>,<function <lambda> at 0x7fa496287b30>
9670,2021-02-06 21:00:00,<function <lambda> at 0x7fa4962879f0>,<function <lambda> at 0x7fa496287a90>,<function <lambda> at 0x7fa496287b30>
9671,2021-02-06 22:00:00,<function <lambda> at 0x7fa4962879f0>,<function <lambda> at 0x7fa496287a90>,<function <lambda> at 0x7fa496287b30>
9672,2021-02-06 23:00:00,<function <lambda> at 0x7fa4962879f0>,<function <lambda> at 0x7fa496287a90>,<function <lambda> at 0x7fa496287b30>
9673,2021-02-07 00:00:00,<function <lambda> at 0x7fa4962879f0>,<function <lambda> at 0x7fa496287a90>,<function <lambda> at 0x7fa496287b30>
9674,2021-02-07 01:00:00,<function <lambda> at 0x7fa4962879f0>,<function <lambda> at 0x7fa496287a90>,<function <lambda> at 0x7fa496287b30>
9675,2021-02-07 02:00:00,<function <lambda> at 0x7fa4962879f0>,<function <lambda> at 0x7fa496287a90>,<function <lambda> at 0x7fa496287b30>
9676,2021-02-07 03:00:00,<function <lambda> at 0x7fa4962879f0>,<function <lambda> at 0x7fa496287a90>,<function <lambda> at 0x7fa496287b30>
9677,2021-02-07 04:00:00,<function <lambda> at 0x7fa4962879f0>,<function <lambda> at 0x7fa496287a90>,<function <lambda> at 0x7fa496287b30>
9678,2021-02-07 05:00:00,<function <lambda> at 0x7fa4962879f0>,<function <lambda> at 0x7fa496287a90>,<function <lambda> at 0x7fa496287b30>
9679,2021-02-07 06:00:00,<function <lambda> at 0x7fa4962879f0>,<function <lambda> at 0x7fa496287a90>,<function <lambda> at 0x7fa496287b30>
9680,2021-02-07 07:00:00,<function <lambda> at 0x7fa4962879f0>,<function <lambda> at 0x7fa496287a90>,<function <lambda> at 0x7fa496287b30>
9681,2021-02-07 08:00:00,<function <lambda> at 0x7fa4962879f0>,<function <lambda> at 0x7fa496287a90>,<function <lambda> at 0x7fa496287b30>
9682,2021-02-07 09:00:00,<function <lambda> at 0x7fa4962879f0>,<function <lambda> at 0x7fa496287a90>,<function <lambda> at 0x7fa496287b30>
9683,2021-02-07 10:00:00,<function <lambda> at 0x7fa4962879f0>,<function <lambda> at 0x7fa496287a90>,<function <lambda> at 0x7fa496287b30>
9684,2021-02-07 11:00:00,<function <lambda> at 0x7fa4962879f0>,<function <lambda> at 0x7fa496287a90>,<function <lambda> at 0x7fa496287b30>
9685,2021-02-07 12:00:00,<function <lambda> at 0x7fa4962879f0>,<function <lambda> at 0x7fa496287a90>,<function <lambda> at 0x7fa496287b30>
9686,2021-02-07 13:00:00,<function <lambda> at 0x7fa4962879f0>,<function <lambda> at 0x7fa496287a90>,<function <lambda> at 0x7fa496287b30>
9687,2021-02-07 14:00:00,<function <lambda> at 0x7fa4962879f0>,<function <lambda> at 0x7fa496287a90>,<function <lambda> at 0x7fa496287b30>
9688,2021-02-07 15:00:00,<function <lambda> at 0x7fa4962879f0>,<function <lambda> at 0x7fa496287a90>,<function <lambda> at 0x7fa496287b30>
9689,2021-02-07 16:00:00,<function <lambda> at 0x7fa4962879f0>,<function <lambda> at 0x7fa496287a90>,<function <lambda> at 0x7fa496287b30>
9690,2021-02-07 17:00:00,<function <lambda> at 0x7fa4962879f0>,<function <lambda> at 0x7fa496287a90>,<function <lambda> at 0x7fa496287b30>
9691,2021-02-07 18:00:00,<function <lambda> at 0x7fa4962879f0>,<function <lambda> at 0x7fa496287a90>,<function <lambda> at 0x7fa496287b30>
9692,2021-02-07 19:00:00,<function <lambda> at 0x7fa4962879f0>,<function <lambda> at 0x7fa496287a90>,<function <lambda> at 0x7fa496287b30>
9693,2021-02-07 20:00:00,<function <lambda> at 0x7fa4962879f0>,<function <lambda> at 0x7fa496287a90>,<function <lambda> at 0x7fa496287b30>
9694,2021-02-07 21:00:00,<function <lambda> at 0x7fa4962879f0>,<function <lambda> at 0x7fa496287a90>,<function <lambda> at 0x7fa496287b30>
9695,2021-02-07 22:00:00,<function <lambda> at 0x7fa4962879f0>,<function <lambda> at 0x7fa496287a90>,<function <lambda> at 0x7fa496287b30>
9696,2021-02-07 23:00:00,<function <lambda> at 0x7fa4962879f0>,<function <lambda> at 0x7fa496287a90>,<function <lambda> at 0x7fa496287b30>
9697,2021-02-08 00:00:00,<function <lambda> at 0x7fa4962879f0>,<function <lambda> at 0x7fa496287a90>,<function <lambda> at 0x7fa496287b30>
9698,2021-02-08 01:00:00,<function <lambda> at 0x7fa4962879f0>,<function <lambda> at 0x7fa496287a90>,<function <lambda> at 0x7fa496287b30>
9699,2021-02-08 02:00:00,<function <lambda> at 0x7fa4962879f0>,<function <lambda> at 0x7fa496287a90>,<function <lambda> at 0x7fa496287b30>
9700,2021-02-08 03:00:00,<function <lambda> at 0x7fa4962879f0>,<function <lambda> at 0x7fa496287a90>,<function <lambda> at 0x7fa496287b30>
9701,2021-02-08 04:00:00,<function <lambda> at 0x7fa4962879f0>,<function <lambda> at 0x7fa496287a90>,<function <lambda> at 0x7fa496287b30>
9702,2021-02-08 05:00:00,<function <lambda> at 0x7fa4962879f0>,<function <lambda> at 0x7fa496287a90>,<function <lambda> at 0x7fa496287b30>
9703,2021-02-08 06:00:00,<function <lambda> at 0x7fa4962879f0>,<function <lambda> at 0x7fa496287a90>,<function <lambda> at 0x7fa496287b30>
9704,2021-02-08 07:00:00,<function <lambda> at 0x7fa4962879f0>,<function <lambda> at 0x7fa496287a90>,<function <lambda> at 0x7fa496287b30>
9705,2021-02-08 08:00:00,<function <lambda> at 0x7fa4962879f0>,<function <lambda> at 0x7fa496287a90>,<function <lambda> at 0x7fa496287b30>
9706,2021-02-08 09:00:00,<function <lambda> at 0x7fa4962879f0>,<function <lambda> at 0x7fa496287a90>,<function <lambda> at 0x7fa496287b30>
9707,2021-02-08 10:00:00,<function <lambda> at 0x7fa4962879f0>,<function <lambda> at 0x7fa496287a90>,<function <lambda> at 0x7fa496287b30>
9708,2021-02-08 11:00:00,<function <lambda> at 0x7fa4962879f0>,<function <lambda> at 0x7fa496287a90>,<function <lambda> at 0x7fa496287b30>
9709,2021-02-08 12:00:00,<function <lambda> at 0x7fa4962879f0>,<function <lambda> at 0x7fa496287a90>,<function <lambda> at 0x7fa496287b30>
9710,2021-02-08 13:00:00,<function <lambda> at 0x7fa4962879f0>,<function <lambda> at 0x7fa496287a90>,<function <lambda> at 0x7fa496287b30>
9711,2021-02-08 14:00:00,<function <lambda> at 0x7fa4962879f0>,<function <lambda> at 0x7fa496287a90>,<function <lambda> at 0x7fa496287b30>
9712,2021-02-08 15:00:00,<function <lambda> at 0x7fa4962879f0>,<function <lambda> at 0x7fa496287a90>,<function <lambda> at 0x7fa496287b30>
9713,2021-02-08 16:00:00,<function <lambda> at 0x7fa4962879f0>,<function <lambda> at 0x7fa496287a90>,<function <lambda> at 0x7fa496287b30>
9714,2021-02-08 17:00:00,<function <lambda> at 0x7fa4962879f0>,<function <lambda> at 0x7fa496287a90>,<function <lambda> at 0x7fa496287b30>
9715,2021-02-08 18:00:00,<function <lambda> at 0x7fa4962879f0>,<function <lambda> at 0x7fa496287a90>,<function <lambda> at 0x7fa496287b30>
9716,2021-02-08 19:00:00,<function <lambda> at 0x7fa4962879f0>,<function <lambda> at 0x7fa496287a90>,<function <lambda> at 0x7fa496287b30>
9717,2021-02-08 20:00:00,<function <lambda> at 0x7fa4962879f0>,<function <lambda> at 0x7fa496287a90>,<function <lambda> at 0x7fa496287b30>
9718,2021-02-08 21:00:00,<function <lambda> at 0x7fa4962879f0>,<function <lambda> at 0x7fa496287a90>,<function <lambda> at 0x7fa496287b30>
9719,2021-02-08 22:00:00,<function <lambda> at 0x7fa4962879f0>,<function <lambda> at 0x7fa496287a90>,<function <lambda> at 0x7fa496287b30>
9720,2021-02-08 23:00:00,<function <lambda> at 0x7fa4962879f0>,<function <lambda> at 0x7fa496287a90>,<function <lambda> at 0x7fa496287b30>
9721,2021-02-09 00:00:00,<function <lambda> at 0x7fa4962879f0>,<function <lambda> at 0x7fa496287a90>,<function <lambda> at 0x7fa496287b30>
9722,2021-02-09 01:00:00,<function <lambda> at 0x7fa4962879f0>,<function <lambda> at 0x7fa496287a90>,<function <lambda> at 0x7fa496287b30>
9723,2021-02-09 02:00:00,<function <lambda> at 0x7fa4962879f0>,<function <lambda> at 0x7fa496287a90>,<function <lambda> at 0x7fa496287b30>
9724,2021-02-09 03:00:00,<function <lambda> at 0x7fa4962879f0>,<function <lambda> at 0x7fa496287a90>,<function <lambda> at 0x7fa496287b30>
9725,2021-02-09 04:00:00,<function <lambda> at 0x7fa4962879f0>,<function <lambda> at 0x7fa496287a90>,<function <lambda> at 0x7fa496287b30>
9726,2021-02-09 05:00:00,<function <lambda> at 0x7fa4962879f0>,<function <lambda> at 0x7fa496287a90>,<function <lambda> at 0x7fa496287b30>
9727,2021-02-09 06:00:00,<function <lambda> at 0x7fa4962879f0>,<function <lambda> at 0x7fa496287a90>,<function <lambda> at 0x7fa496287b30>
9728,2021-02-09 07:00:00,<function <lambda> at 0x7fa4962879f0>,<function <lambda> at 0x7fa496287a90>,<function <lambda> at 0x7fa496287b30>
9729,2021-02-09 08:00:00,<function <lambda> at 0x7fa4962879f0>,<function <lambda> at 0x7fa496287a90>,<function <lambda> at 0x7fa496287b30>
9730,2021-02-09 09:00:00,<function <lambda> at 0x7fa4962879f0>,<function <lambda> at 0x7fa496287a90>,<function <lambda> at 0x7fa496287b30>
9731,2021-02-09 10:00:00,<function <lambda> at 0x7fa4962879f0>,<function <lambda> at 0x7fa496287a90>,<function <lambda> at 0x7fa496287b30>
9732,2021-02-09 11:00:00,<function <lambda> at 0x7fa4962879f0>,<function <lambda> at 0x7fa496287a90>,<function <lambda> at 0x7fa496287b30>
9733,2021-02-09 12:00:00,<function <lambda> at 0x7fa4962879f0>,<function <lambda> at 0x7fa496287a90>,<function <lambda> at 0x7fa496287b30>
9734,2021-02-09 13:00:00,<function <lambda> at 0x7fa4962879f0>,<function <lambda> at 0x7fa496287a90>,<function <lambda> at 0x7fa496287b30>
9735,2021-02-09 14:00:00,<function <lambda> at 0x7fa4962879f0>,<function <lambda> at 0x7fa496287a90>,<function <lambda> at 0x7fa496287b30>
9736,2021-02-09 15:00:00,<function <lambda> at 0x7fa4962879f0>,<function <lambda> at 0x7fa496287a90>,<function <lambda> at 0x7fa496287b30>
9737,2021-02-09 16:00:00,<function <lambda> at 0x7fa4962879f0>,<function <lambda> at 0x7fa496287a90>,<function <lambda> at 0x7fa496287b30>
9738,2021-02-09 17:00:00,<function <lambda> at 0x7fa4962879f0>,<function <lambda> at 0x7fa496287a90>,<function <lambda> at 0x7fa496287b30>
9739,2021-02-09 18:00:00,<function <lambda> at 0x7fa4962879f0>,<function <lambda> at 0x7fa496287a90>,<function <lambda> at 0x7fa496287b30>
9740,2021-02-09 19:00:00,<function <lambda> at 0x7fa4962879f0>,<function <lambda> at 0x7fa496287a90>,<function <lambda> at 0x7fa496287b30>
9741,2021-02-09 20:00:00,<function <lambda> at 0x7fa4962879f0>,<function <lambda> at 0x7fa496287a90>,<function <lambda> at 0x7fa496287b30>
9742,2021-02-09 21:00:00,<function <lambda> at 0x7fa4962879f0>,<function <lambda> at 0x7fa496287a90>,<function <lambda> at 0x7fa496287b30>
9743,2021-02-09 22:00:00,<function <lambda> at 0x7fa4962879f0>,<function <lambda> at 0x7fa496287a90>,<function <lambda> at 0x7fa496287b30>
9744,2021-02-09 23:00:00,<function <lambda> at 0x7fa4962879f0>,<function <lambda> at 0x7fa496287a90>,<function <lambda> at 0x7fa496287b30>
9745,2021-02-10 00:00:00,<function <lambda> at 0x7fa4962879f0>,<function <lambda> at 0x7fa496287a90>,<function <lambda> at 0x7fa496287b30>
9746,2021-02-10 01:00:00,<function <lambda> at 0x7fa4962879f0>,<function <lambda> at 0x7fa496287a90>,<function <lambda> at 0x7fa496287b30>
9747,2021-02-10 02:00:00,<function <lambda> at 0x7fa4962879f0>,<function <lambda> at 0x7fa496287a90>,<function <lambda> at 0x7fa496287b30>
9748,2021-02-10 03:00:00,<function <lambda> at 0x7fa4962879f0>,<function <lambda> at 0x7fa496287a90>,<function <lambda> at 0x7fa496287b30>
9749,2021-02-10 04:00:00,<function <lambda> at 0x7fa4962879f0>,<function <lambda> at 0x7fa496287a90>,<function <lambda> at 0x7fa496287b30>
9750,2021-02-10 05:00:00,<function <lambda> at 0x7fa4962879f0>,<function <lambda> at 0x7fa496287a90>,<function <lambda> at 0x7fa496287b30>
9751,2021-02-10 06:00:00,<function <lambda> at 0x7fa4962879f0>,<function <lambda> at 0x7fa496287a90>,<function <lambda> at 0x7fa496287b30>
9752,2021-02-10 07:00:00,<function <lambda> at 0x7fa4962879f0>,<function <lambda> at 0x7fa496287a90>,<function <lambda> at 0x7fa496287b30>
9753,2021-02-10 08:00:00,<function <lambda> at 0x7fa4962879f0>,<function <lambda> at 0x7fa496287a90>,<function <lambda> at 0x7fa496287b30>
9754,2021-02-10 09:00:00,<function <lambda> at 0x7fa4962879f0>,<function <lambda> at 0x7fa496287a90>,<function <lambda> at 0x7fa496287b30>
9755,2021-02-10 10:00:00,<function <lambda> at 0x7fa4962879f0>,<function <lambda> at 0x7fa496287a90>,<function <lambda> at 0x7fa496287b30>
9756,2021-02-10 11:00:00,<function <lambda> at 0x7fa4962879f0>,<function <lambda> at 0x7fa496287a90>,<function <lambda> at 0x7fa496287b30>
9757,2021-02-10 12:00:00,<function <lambda> at 0x7fa4962879f0>,<function <lambda> at 0x7fa496287a90>,<function <lambda> at 0x7fa496287b30>
9758,2021-02-10 13:00:00,<function <lambda> at 0x7fa4962879f0>,<function <lambda> at 0x7fa496287a90>,<function <lambda> at 0x7fa496287b30>
9759,2021-02-10 14:00:00,<function <lambda> at 0x7fa4962879f0>,<function <lambda> at 0x7fa496287a90>,<function <lambda> at 0x7fa496287b30>
9760,2021-02-10 15:00:00,<function <lambda> at 0x7fa4962879f0>,<function <lambda> at 0x7fa496287a90>,<function <lambda> at 0x7fa496287b30>
9761,2021-02-10 16:00:00,<function <lambda> at 0x7fa4962879f0>,<function <lambda> at 0x7fa496287a90>,<function <lambda> at 0x7fa496287b30>
9762,2021-02-10 17:00:00,<function <lambda> at 0x7fa4962879f0>,<function <lambda> at 0x7fa496287a90>,<function <lambda> at 0x7fa496287b30>
9763,2021-02-10 18:00:00,<function <lambda> at 0x7fa4962879f0>,<function <lambda> at 0x7fa496287a90>,<function <lambda> at 0x7fa496287b30>
9764,2021-02-10 19:00:00,<function <lambda> at 0x7fa4962879f0>,<function <lambda> at 0x7fa496287a90>,<function <lambda> at 0x7fa496287b30>
9765,2021-02-10 20:00:00,<function <lambda> at 0x7fa4962879f0>,<function <lambda> at 0x7fa496287a90>,<function <lambda> at 0x7fa496287b30>
9766,2021-02-10 21:00:00,<function <lambda> at 0x7fa4962879f0>,<function <lambda> at 0x7fa496287a90>,<function <lambda> at 0x7fa496287b30>
9767,2021-02-10 22:00:00,<function <lambda> at 0x7fa4962879f0>,<function <lambda> at 0x7fa496287a90>,<function <lambda> at 0x7fa496287b30>
9768,2021-02-10 23:00:00,<function <lambda> at 0x7fa4962879f0>,<function <lambda> at 0x7fa496287a90>,<function <lambda> at 0x7fa496287b30>
9769,2021-02-11 00:00:00,<function <lambda> at 0x7fa4962879f0>,<function <lambda> at 0x7fa496287a90>,<function <lambda> at 0x7fa496287b30>
9770,2021-02-11 01:00:00,<function <lambda> at 0x7fa4962879f0>,<function <lambda> at 0x7fa496287a90>,<function <lambda> at 0x7fa496287b30>
9771,2021-02-11 02:00:00,<function <lambda> at 0x7fa4962879f0>,<function <lambda> at 0x7fa496287a90>,<function <lambda> at 0x7fa496287b30>
9772,2021-02-11 03:00:00,<function <lambda> at 0x7fa4962879f0>,<function <lambda> at 0x7fa496287a90>,<function <lambda> at 0x7fa496287b30>
9773,2021-02-11 04:00:00,<function <lambda> at 0x7fa4962879f0>,<function <lambda> at 0x7fa496287a90>,<function <lambda> at 0x7fa496287b30>
9774,2021-02-11 05:00:00,<function <lambda> at 0x7fa4962879f0>,<function <lambda> at 0x7fa496287a90>,<function <lambda> at 0x7fa496287b30>
9775,2021-02-11 06:00:00,<function <lambda> at 0x7fa4962879f0>,<function <lambda> at 0x7fa496287a90>,<function <lambda> at 0x7fa496287b30>
9776,2021-02-11 07:00:00,<function <lambda> at 0x7fa4962879f0>,<function <lambda> at 0x7fa496287a90>,<function <lambda> at 0x7fa496287b30>
9777,2021-02-11 08:00:00,<function <lambda> at 0x7fa4962879f0>,<function <lambda> at 0x7fa496287a90>,<function <lambda> at 0x7fa496287b30>
9778,2021-02-11 09:00:00,<function <lambda> at 0x7fa4962879f0>,<function <lambda> at 0x7fa496287a90>,<function <lambda> at 0x7fa496287b30>
9779,2021-02-11 10:00:00,<function <lambda> at 0x7fa4962879f0>,<function <lambda> at 0x7fa496287a90>,<function <lambda> at 0x7fa496287b30>
9780,2021-02-11 11:00:00,<function <lambda> at 0x7fa4962879f0>,<function <lambda> at 0x7fa496287a90>,<function <lambda> at 0x7fa496287b30>
9781,2021-02-11 12:00:00,<function <lambda> at 0x7fa4962879f0>,<function <lambda> at 0x7fa496287a90>,<function <lambda> at 0x7fa496287b30>
9782,2021-02-11 13:00:00,<function <lambda> at 0x7fa4962879f0>,<function <lambda> at 0x7fa496287a90>,<function <lambda> at 0x7fa496287b30>
9783,2021-02-11 14:00:00,<function <lambda> at 0x7fa4962879f0>,<function <lambda> at 0x7fa496287a90>,<function <lambda> at 0x7fa496287b30>
9784,2021-02-11 15:00:00,<function <lambda> at 0x7fa4962879f0>,<function <lambda> at 0x7fa496287a90>,<function <lambda> at 0x7fa496287b30>
9785,2021-02-11 16:00:00,<function <lambda> at 0x7fa4962879f0>,<function <lambda> at 0x7fa496287a90>,<function <lambda> at 0x7fa496287b30>
9786,2021-02-11 17:00:00,<function <lambda> at 0x7fa4962879f0>,<function <lambda> at 0x7fa496287a90>,<function <lambda> at 0x7fa496287b30>
9787,2021-02-11 18:00:00,<function <lambda> at 0x7fa4962879f0>,<function <lambda> at 0x7fa496287a90>,<function <lambda> at 0x7fa496287b30>
9788,2021-02-11 19:00:00,<function <lambda> at 0x7fa4962879f0>,<function <lambda> at 0x7fa496287a90>,<function <lambda> at 0x7fa496287b30>
9789,2021-02-11 20:00:00,<function <lambda> at 0x7fa4962879f0>,<function <lambda> at 0x7fa496287a90>,<function <lambda> at 0x7fa496287b30>
9790,2021-02-11 21:00:00,<function <lambda> at 0x7fa4962879f0>,<function <lambda> at 0x7fa496287a90>,<function <lambda> at 0x7fa496287b30>
9791,2021-02-11 22:00:00,<function <lambda> at 0x7fa4962879f0>,<function <lambda> at 0x7fa496287a90>,<function <lambda> at 0x7fa496287b30>
9792,2021-02-11 23:00:00,<function <lambda> at 0x7fa4962879f0>,<function <lambda> at 0x7fa496287a90>,<function <lambda> at 0x7fa496287b30>
9793,2021-02-12 00:00:00,<function <lambda> at 0x7fa4962879f0>,<function <lambda> at 0x7fa496287a90>,<function <lambda> at 0x7fa496287b30>
9794,2021-02-12 01:00:00,<function <lambda> at 0x7fa4962879f0>,<function <lambda> at 0x7fa496287a90>,<function <lambda> at 0x7fa496287b30>
9795,2021-02-12 02:00:00,<function <lambda> at 0x7fa4962879f0>,<function <lambda> at 0x7fa496287a90>,<function <lambda> at 0x7fa496287b30>
9796,2021-02-12 03:00:00,<function <lambda> at 0x7fa4962879f0>,<function <lambda> at 0x7fa496287a90>,<function <lambda> at 0x7fa496287b30>
9797,2021-02-12 04:00:00,<function <lambda> at 0x7fa4962879f0>,<function <lambda> at 0x7fa496287a90>,<function <lambda> at 0x7fa496287b30>
9798,2021-02-12 05:00:00,<function <lambda> at 0x7fa4962879f0>,<function <lambda> at 0x7fa496287a90>,<function <lambda> at 0x7fa496287b30>
9799,2021-02-12 06:00:00,<function <lambda> at 0x7fa4962879f0>,<function <lambda> at 0x7fa496287a90>,<function <lambda> at 0x7fa496287b30>
9800,2021-02-12 07:00:00,<function <lambda> at 0x7fa4962879f0>,<function <lambda> at 0x7fa496287a90>,<function <lambda> at 0x7fa496287b30>
9801,2021-02-12 08:00:00,<function <lambda> at 0x7fa4962879f0>,<function <lambda> at 0x7fa496287a90>,<function <lambda> at 0x7fa496287b30>
9802,2021-02-12 09:00:00,<function <lambda> at 0x7fa4962879f0>,<function <lambda> at 0x7fa496287a90>,<function <lambda> at 0x7fa496287b30>
9803,2021-02-12 10:00:00,<function <lambda> at 0x7fa4962879f0>,<function <lambda> at 0x7fa496287a90>,<function <lambda> at 0x7fa496287b30>
9804,2021-02-12 11:00:00,<function <lambda> at 0x7fa4962879f0>,<function <lambda> at 0x7fa496287a90>,<function <lambda> at 0x7fa496287b30>
9805,2021-02-12 12:00:00,<function <lambda> at 0x7fa4962879f0>,<function <lambda> at 0x7fa496287a90>,<function <lambda> at 0x7fa496287b30>
9806,2021-02-12 13:00:00,<function <lambda> at 0x7fa4962879f0>,<function <lambda> at 0x7fa496287a90>,<function <lambda> at 0x7fa496287b30>
9807,2021-02-12 14:00:00,<function <lambda> at 0x7fa4962879f0>,<function <lambda> at 0x7fa496287a90>,<function <lambda> at 0x7fa496287b30>
9808,2021-02-12 15:00:00,<function <lambda> at 0x7fa4962879f0>,<function <lambda> at 0x7fa496287a90>,<function <lambda> at 0x7fa496287b30>
9809,2021-02-12 16:00:00,<function <lambda> at 0x7fa4962879f0>,<function <lambda> at 0x7fa496287a90>,<function <lambda> at 0x7fa496287b30>
9810,2021-02-12 17:00:00,<function <lambda> at 0x7fa4962879f0>,<function <lambda> at 0x7fa496287a90>,<function <lambda> at 0x7fa496287b30>
9811,2021-02-12 18:00:00,<function <lambda> at 0x7fa4962879f0>,<function <lambda> at 0x7fa496287a90>,<function <lambda> at 0x7fa496287b30>
9812,2021-02-12 19:00:00,<function <lambda> at 0x7fa4962879f0>,<function <lambda> at 0x7fa496287a90>,<function <lambda> at 0x7fa496287b30>
9813,2021-02-12 20:00:00,<function <lambda> at 0x7fa4962879f0>,<function <lambda> at 0x7fa496287a90>,<function <lambda> at 0x7fa496287b30>
9814,2021-02-12 21:00:00,<function <lambda> at 0x7fa4962879f0>,<function <lambda> at 0x7fa496287a90>,<function <lambda> at 0x7fa496287b30>
9815,2021-02-12 22:00:00,<function <lambda> at 0x7fa4962879f0>,<function <lambda> at 0x7fa496287a90>,<function <lambda> at 0x7fa496287b30>
9816,2021-02-12 23:00:00,<function <lambda> at 0x7fa4962879f0>,<function <lambda> at 0x7fa496287a90>,<function <lambda> at 0x7fa496287b30>
9817,2021-02-13 00:00:00,<function <lambda> at 0x7fa4962879f0>,<function <lambda> at 0x7fa496287a90>,<function <lambda> at 0x7fa496287b30>
9818,2021-02-13 01:00:00,<function <lambda> at 0x7fa4962879f0>,<function <lambda> at 0x7fa496287a90>,<function <lambda> at 0x7fa496287b30>
9819,2021-02-13 02:00:00,<function <lambda> at 0x7fa4962879f0>,<function <lambda> at 0x7fa496287a90>,<function <lambda> at 0x7fa496287b30>
9820,2021-02-13 03:00:00,<function <lambda> at 0x7fa4962879f0>,<function <lambda> at 0x7fa496287a90>,<function <lambda> at 0x7fa496287b30>
9821,2021-02-13 04:00:00,<function <lambda> at 0x7fa4962879f0>,<function <lambda> at 0x7fa496287a90>,<function <lambda> at 0x7fa496287b30>
9822,2021-02-13 05:00:00,<function <lambda> at 0x7fa4962879f0>,<function <lambda> at 0x7fa496287a90>,<function <lambda> at 0x7fa496287b30>
9823,2021-02-13 06:00:00,<function <lambda> at 0x7fa4962879f0>,<function <lambda> at 0x7fa496287a90>,<function <lambda> at 0x7fa496287b30>
9824,2021-02-13 07:00:00,<function <lambda> at 0x7fa4962879f0>,<function <lambda> at 0x7fa496287a90>,<function <lambda> at 0x7fa496287b30>
9825,2021-02-13 08:00:00,<function <lambda> at 0x7fa4962879f0>,<function <lambda> at 0x7fa496287a90>,<function <lambda> at 0x7fa496287b30>
9826,2021-02-13 09:00:00,<function <lambda> at 0x7fa4962879f0>,<function <lambda> at 0x7fa496287a90>,<function <lambda> at 0x7fa496287b30>
9827,2021-02-13 10:00:00,<function <lambda> at 0x7fa4962879f0>,<function <lambda> at 0x7fa496287a90>,<function <lambda> at 0x7fa496287b30>
9828,2021-02-13 11:00:00,<function <lambda> at 0x7fa4962879f0>,<function <lambda> at 0x7fa496287a90>,<function <lambda> at 0x7fa496287b30>
9829,2021-02-13 12:00:00,<function <lambda> at 0x7fa4962879f0>,<function <lambda> at 0x7fa496287a90>,<function <lambda> at 0x7fa496287b30>
9830,2021-02-13 13:00:00,<function <lambda> at 0x7fa4962879f0>,<function <lambda> at 0x7fa496287a90>,<function <lambda> at 0x7fa496287b30>
9831,2021-02-13 14:00:00,<function <lambda> at 0x7fa4962879f0>,<function <lambda> at 0x7fa496287a90>,<function <lambda> at 0x7fa496287b30>
9832,2021-02-13 15:00:00,<function <lambda> at 0x7fa4962879f0>,<function <lambda> at 0x7fa496287a90>,<function <lambda> at 0x7fa496287b30>
9833,2021-02-13 16:00:00,<function <lambda> at 0x7fa4962879f0>,<function <lambda> at 0x7fa496287a90>,<function <lambda> at 0x7fa496287b30>
9834,2021-02-13 17:00:00,<function <lambda> at 0x7fa4962879f0>,<function <lambda> at 0x7fa496287a90>,<function <lambda> at 0x7fa496287b30>
9835,2021-02-13 18:00:00,<function <lambda> at 0x7fa4962879f0>,<function <lambda> at 0x7fa496287a90>,<function <lambda> at 0x7fa496287b30>
9836,2021-02-13 19:00:00,<function <lambda> at 0x7fa4962879f0>,<function <lambda> at 0x7fa496287a90>,<function <lambda> at 0x7fa496287b30>
9837,2021-02-13 20:00:00,<function <lambda> at 0x7fa4962879f0>,<function <lambda> at 0x7fa496287a90>,<function <lambda> at 0x7fa496287b30>
9838,2021-02-13 21:00:00,<function <lambda> at 0x7fa4962879f0>,<function <lambda> at 0x7fa496287a90>,<function <lambda> at 0x7fa496287b30>
9839,2021-02-13 22:00:00,<function <lambda> at 0x7fa4962879f0>,<function <lambda> at 0x7fa496287a90>,<function <lambda> at 0x7fa496287b30>
9840,2021-02-13 23:00:00,<function <lambda> at 0x7fa4962879f0>,<function <lambda> at 0x7fa496287a90>,<function <lambda> at 0x7fa496287b30>
9841,2021-02-14 00:00:00,<function <lambda> at 0x7fa4962879f0>,<function <lambda> at 0x7fa496287a90>,<function <lambda> at 0x7fa496287b30>
9842,2021-02-14 01:00:00,<function <lambda> at 0x7fa4962879f0>,<function <lambda> at 0x7fa496287a90>,<function <lambda> at 0x7fa496287b30>
9843,2021-02-14 02:00:00,<function <lambda> at 0x7fa4962879f0>,<function <lambda> at 0x7fa496287a90>,<function <lambda> at 0x7fa496287b30>
9844,2021-02-14 03:00:00,<function <lambda> at 0x7fa4962879f0>,<function <lambda> at 0x7fa496287a90>,<function <lambda> at 0x7fa496287b30>
9845,2021-02-14 04:00:00,<function <lambda> at 0x7fa4962879f0>,<function <lambda> at 0x7fa496287a90>,<function <lambda> at 0x7fa496287b30>
9846,2021-02-14 05:00:00,<function <lambda> at 0x7fa4962879f0>,<function <lambda> at 0x7fa496287a90>,<function <lambda> at 0x7fa496287b30>
9847,2021-02-14 06:00:00,<function <lambda> at 0x7fa4962879f0>,<function <lambda> at 0x7fa496287a90>,<function <lambda> at 0x7fa496287b30>
9848,2021-02-14 07:00:00,<function <lambda> at 0x7fa4962879f0>,<function <lambda> at 0x7fa496287a90>,<function <lambda> at 0x7fa496287b30>
9849,2021-02-14 08:00:00,<function <lambda> at 0x7fa4962879f0>,<function <lambda> at 0x7fa496287a90>,<function <lambda> at 0x7fa496287b30>
9850,2021-02-14 09:00:00,<function <lambda> at 0x7fa4962879f0>,<function <lambda> at 0x7fa496287a90>,<function <lambda> at 0x7fa496287b30>
9851,2021-02-14 10:00:00,<function <lambda> at 0x7fa4962879f0>,<function <lambda> at 0x7fa496287a90>,<function <lambda> at 0x7fa496287b30>
9852,2021-02-14 11:00:00,<function <lambda> at 0x7fa4962879f0>,<function <lambda> at 0x7fa496287a90>,<function <lambda> at 0x7fa496287b30>
9853,2021-02-14 12:00:00,<function <lambda> at 0x7fa4962879f0>,<function <lambda> at 0x7fa496287a90>,<function <lambda> at 0x7fa496287b30>
9854,2021-02-14 13:00:00,<function <lambda> at 0x7fa4962879f0>,<function <lambda> at 0x7fa496287a90>,<function <lambda> at 0x7fa496287b30>
9855,2021-02-14 14:00:00,<function <lambda> at 0x7fa4962879f0>,<function <lambda> at 0x7fa496287a90>,<function <lambda> at 0x7fa496287b30>
9856,2021-02-14 15:00:00,<function <lambda> at 0x7fa4962879f0>,<function <lambda> at 0x7fa496287a90>,<function <lambda> at 0x7fa496287b30>
9857,2021-02-14 16:00:00,<function <lambda> at 0x7fa4962879f0>,<function <lambda> at 0x7fa496287a90>,<function <lambda> at 0x7fa496287b30>
9858,2021-02-14 17:00:00,<function <lambda> at 0x7fa4962879f0>,<function <lambda> at 0x7fa496287a90>,<function <lambda> at 0x7fa496287b30>
9859,2021-02-14 18:00:00,<function <lambda> at 0x7fa4962879f0>,<function <lambda> at 0x7fa496287a90>,<function <lambda> at 0x7fa496287b30>
9860,2021-02-14 19:00:00,<function <lambda> at 0x7fa4962879f0>,<function <lambda> at 0x7fa496287a90>,<function <lambda> at 0x7fa496287b30>
9861,2021-02-14 20:00:00,<function <lambda> at 0x7fa4962879f0>,<function <lambda> at 0x7fa496287a90>,<function <lambda> at 0x7fa496287b30>
9862,2021-02-14 21:00:00,<function <lambda> at 0x7fa4962879f0>,<function <lambda> at 0x7fa496287a90>,<function <lambda> at 0x7fa496287b30>
9863,2021-02-14 22:00:00,<function <lambda> at 0x7fa4962879f0>,<function <lambda> at 0x7fa496287a90>,<function <lambda> at 0x7fa496287b30>
9864,2021-02-14 23:00:00,<function <lambda> at 0x7fa4962879f0>,<function <lambda> at 0x7fa496287a90>,<function <lambda> at 0x7fa496287b30>
9865,2021-02-15 00:00:00,<function <lambda> at 0x7fa4962879f0>,<function <lambda> at 0x7fa496287a90>,<function <lambda> at 0x7fa496287b30>
9866,2021-02-15 01:00:00,<function <lambda> at 0x7fa4962879f0>,<function <lambda> at 0x7fa496287a90>,<function <lambda> at 0x7fa496287b30>
9867,2021-02-15 02:00:00,<function <lambda> at 0x7fa4962879f0>,<function <lambda> at 0x7fa496287a90>,<function <lambda> at 0x7fa496287b30>
9868,2021-02-15 03:00:00,<function <lambda> at 0x7fa4962879f0>,<function <lambda> at 0x7fa496287a90>,<function <lambda> at 0x7fa496287b30>
9869,2021-02-15 04:00:00,<function <lambda> at 0x7fa4962879f0>,<function <lambda> at 0x7fa496287a90>,<function <lambda> at 0x7fa496287b30>
9870,2021-02-15 05:00:00,<function <lambda> at 0x7fa4962879f0>,<function <lambda> at 0x7fa496287a90>,<function <lambda> at 0x7fa496287b30>
9871,2021-02-15 06:00:00,<function <lambda> at 0x7fa4962879f0>,<function <lambda> at 0x7fa496287a90>,<function <lambda> at 0x7fa496287b30>
9872,2021-02-15 07:00:00,<function <lambda> at 0x7fa4962879f0>,<function <lambda> at 0x7fa496287a90>,<function <lambda> at 0x7fa496287b30>
9873,2021-02-15 08:00:00,<function <lambda> at 0x7fa4962879f0>,<function <lambda> at 0x7fa496287a90>,<function <lambda> at 0x7fa496287b30>
9874,2021-02-15 09:00:00,<function <lambda> at 0x7fa4962879f0>,<function <lambda> at 0x7fa496287a90>,<function <lambda> at 0x7fa496287b30>
9875,2021-02-15 10:00:00,<function <lambda> at 0x7fa4962879f0>,<function <lambda> at 0x7fa496287a90>,<function <lambda> at 0x7fa496287b30>
9876,2021-02-15 11:00:00,<function <lambda> at 0x7fa4962879f0>,<function <lambda> at 0x7fa496287a90>,<function <lambda> at 0x7fa496287b30>
9877,2021-02-15 12:00:00,<function <lambda> at 0x7fa4962879f0>,<function <lambda> at 0x7fa496287a90>,<function <lambda> at 0x7fa496287b30>
9878,2021-02-15 13:00:00,<function <lambda> at 0x7fa4962879f0>,<function <lambda> at 0x7fa496287a90>,<function <lambda> at 0x7fa496287b30>
9879,2021-02-15 14:00:00,<function <lambda> at 0x7fa4962879f0>,<function <lambda> at 0x7fa496287a90>,<function <lambda> at 0x7fa496287b30>
9880,2021-02-15 15:00:00,<function <lambda> at 0x7fa4962879f0>,<function <lambda> at 0x7fa496287a90>,<function <lambda> at 0x7fa496287b30>
9881,2021-02-15 16:00:00,<function <lambda> at 0x7fa4962879f0>,<function <lambda> at 0x7fa496287a90>,<function <lambda> at 0x7fa496287b30>
9882,2021-02-15 17:00:00,<function <lambda> at 0x7fa4962879f0>,<function <lambda> at 0x7fa496287a90>,<function <lambda> at 0x7fa496287b30>
9883,2021-02-15 18:00:00,<function <lambda> at 0x7fa4962879f0>,<function <lambda> at 0x7fa496287a90>,<function <lambda> at 0x7fa496287b30>
9884,2021-02-15 19:00:00,<function <lambda> at 0x7fa4962879f0>,<function <lambda> at 0x7fa496287a90>,<function <lambda> at 0x7fa496287b30>
9885,2021-02-15 20:00:00,<function <lambda> at 0x7fa4962879f0>,<function <lambda> at 0x7fa496287a90>,<function <lambda> at 0x7fa496287b30>
9886,2021-02-15 21:00:00,<function <lambda> at 0x7fa4962879f0>,<function <lambda> at 0x7fa496287a90>,<function <lambda> at 0x7fa496287b30>
9887,2021-02-15 22:00:00,<function <lambda> at 0x7fa4962879f0>,<function <lambda> at 0x7fa496287a90>,<function <lambda> at 0x7fa496287b30>
9888,2021-02-15 23:00:00,<function <lambda> at 0x7fa4962879f0>,<function <lambda> at 0x7fa496287a90>,<function <lambda> at 0x7fa496287b30>
9889,2021-02-16 00:00:00,<function <lambda> at 0x7fa4962879f0>,<function <lambda> at 0x7fa496287a90>,<function <lambda> at 0x7fa496287b30>
9890,2021-02-16 01:00:00,<function <lambda> at 0x7fa4962879f0>,<function <lambda> at 0x7fa496287a90>,<function <lambda> at 0x7fa496287b30>
9891,2021-02-16 02:00:00,<function <lambda> at 0x7fa4962879f0>,<function <lambda> at 0x7fa496287a90>,<function <lambda> at 0x7fa496287b30>
9892,2021-02-16 03:00:00,<function <lambda> at 0x7fa4962879f0>,<function <lambda> at 0x7fa496287a90>,<function <lambda> at 0x7fa496287b30>
9893,2021-02-16 04:00:00,<function <lambda> at 0x7fa4962879f0>,<function <lambda> at 0x7fa496287a90>,<function <lambda> at 0x7fa496287b30>
9894,2021-02-16 05:00:00,<function <lambda> at 0x7fa4962879f0>,<function <lambda> at 0x7fa496287a90>,<function <lambda> at 0x7fa496287b30>
9895,2021-02-16 06:00:00,<function <lambda> at 0x7fa4962879f0>,<function <lambda> at 0x7fa496287a90>,<function <lambda> at 0x7fa496287b30>
9896,2021-02-16 07:00:00,<function <lambda> at 0x7fa4962879f0>,<function <lambda> at 0x7fa496287a90>,<function <lambda> at 0x7fa496287b30>
9897,2021-02-16 08:00:00,<function <lambda> at 0x7fa4962879f0>,<function <lambda> at 0x7fa496287a90>,<function <lambda> at 0x7fa496287b30>
9898,2021-02-16 09:00:00,<function <lambda> at 0x7fa4962879f0>,<function <lambda> at 0x7fa496287a90>,<function <lambda> at 0x7fa496287b30>
9899,2021-02-16 10:00:00,<function <lambda> at 0x7fa4962879f0>,<function <lambda> at 0x7fa496287a90>,<function <lambda> at 0x7fa496287b30>
9900,2021-02-16 11:00:00,<function <lambda> at 0x7fa4962879f0>,<function <lambda> at 0x7fa496287a90>,<function <lambda> at 0x7fa496287b30>
9901,2021-02-16 12:00:00,<function <lambda> at 0x7fa4962879f0>,<function <lambda> at 0x7fa496287a90>,<function <lambda> at 0x7fa496287b30>
9902,2021-02-16 13:00:00,<function <lambda> at 0x7fa4962879f0>,<function <lambda> at 0x7fa496287a90>,<function <lambda> at 0x7fa496287b30>
9903,2021-02-16 14:00:00,<function <lambda> at 0x7fa4962879f0>,<function <lambda> at 0x7fa496287a90>,<function <lambda> at 0x7fa496287b30>
9904,2021-02-16 15:00:00,<function <lambda> at 0x7fa4962879f0>,<function <lambda> at 0x7fa496287a90>,<function <lambda> at 0x7fa496287b30>
9905,2021-02-16 16:00:00,<function <lambda> at 0x7fa4962879f0>,<function <lambda> at 0x7fa496287a90>,<function <lambda> at 0x7fa496287b30>
9906,2021-02-16 17:00:00,<function <lambda> at 0x7fa4962879f0>,<function <lambda> at 0x7fa496287a90>,<function <lambda> at 0x7fa496287b30>
9907,2021-02-16 18:00:00,<function <lambda> at 0x7fa4962879f0>,<function <lambda> at 0x7fa496287a90>,<function <lambda> at 0x7fa496287b30>
9908,2021-02-16 19:00:00,<function <lambda> at 0x7fa4962879f0>,<function <lambda> at 0x7fa496287a90>,<function <lambda> at 0x7fa496287b30>
9909,2021-02-16 20:00:00,<function <lambda> at 0x7fa4962879f0>,<function <lambda> at 0x7fa496287a90>,<function <lambda> at 0x7fa496287b30>
9910,2021-02-16 21:00:00,<function <lambda> at 0x7fa4962879f0>,<function <lambda> at 0x7fa496287a90>,<function <lambda> at 0x7fa496287b30>
9911,2021-02-16 22:00:00,<function <lambda> at 0x7fa4962879f0>,<function <lambda> at 0x7fa496287a90>,<function <lambda> at 0x7fa496287b30>
9912,2021-02-16 23:00:00,<function <lambda> at 0x7fa4962879f0>,<function <lambda> at 0x7fa496287a90>,<function <lambda> at 0x7fa496287b30>
9913,2021-02-17 00:00:00,<function <lambda> at 0x7fa4962879f0>,<function <lambda> at 0x7fa496287a90>,<function <lambda> at 0x7fa496287b30>
9914,2021-02-17 01:00:00,<function <lambda> at 0x7fa4962879f0>,<function <lambda> at 0x7fa496287a90>,<function <lambda> at 0x7fa496287b30>
9915,2021-02-17 02:00:00,<function <lambda> at 0x7fa4962879f0>,<function <lambda> at 0x7fa496287a90>,<function <lambda> at 0x7fa496287b30>
9916,2021-02-17 03:00:00,<function <lambda> at 0x7fa4962879f0>,<function <lambda> at 0x7fa496287a90>,<function <lambda> at 0x7fa496287b30>
9917,2021-02-17 04:00:00,<function <lambda> at 0x7fa4962879f0>,<function <lambda> at 0x7fa496287a90>,<function <lambda> at 0x7fa496287b30>
9918,2021-02-17 05:00:00,<function <lambda> at 0x7fa4962879f0>,<function <lambda> at 0x7fa496287a90>,<function <lambda> at 0x7fa496287b30>
9919,2021-02-17 06:00:00,<function <lambda> at 0x7fa4962879f0>,<function <lambda> at 0x7fa496287a90>,<function <lambda> at 0x7fa496287b30>
9920,2021-02-17 07:00:00,<function <lambda> at 0x7fa4962879f0>,<function <lambda> at 0x7fa496287a90>,<function <lambda> at 0x7fa496287b30>
9921,2021-02-17 08:00:00,<function <lambda> at 0x7fa4962879f0>,<function <lambda> at 0x7fa496287a90>,<function <lambda> at 0x7fa496287b30>
9922,2021-02-17 09:00:00,<function <lambda> at 0x7fa4962879f0>,<function <lambda> at 0x7fa496287a90>,<function <lambda> at 0x7fa496287b30>
9923,2021-02-17 10:00:00,<function <lambda> at 0x7fa4962879f0>,<function <lambda> at 0x7fa496287a90>,<function <lambda> at 0x7fa496287b30>
9924,2021-02-17 11:00:00,<function <lambda> at 0x7fa4962879f0>,<function <lambda> at 0x7fa496287a90>,<function <lambda> at 0x7fa496287b30>
9925,2021-02-17 12:00:00,<function <lambda> at 0x7fa4962879f0>,<function <lambda> at 0x7fa496287a90>,<function <lambda> at 0x7fa496287b30>
9926,2021-02-17 13:00:00,<function <lambda> at 0x7fa4962879f0>,<function <lambda> at 0x7fa496287a90>,<function <lambda> at 0x7fa496287b30>
9927,2021-02-17 14:00:00,<function <lambda> at 0x7fa4962879f0>,<function <lambda> at 0x7fa496287a90>,<function <lambda> at 0x7fa496287b30>
9928,2021-02-17 15:00:00,<function <lambda> at 0x7fa4962879f0>,<function <lambda> at 0x7fa496287a90>,<function <lambda> at 0x7fa496287b30>
9929,2021-02-17 16:00:00,<function <lambda> at 0x7fa4962879f0>,<function <lambda> at 0x7fa496287a90>,<function <lambda> at 0x7fa496287b30>
9930,2021-02-17 17:00:00,<function <lambda> at 0x7fa4962879f0>,<function <lambda> at 0x7fa496287a90>,<function <lambda> at 0x7fa496287b30>
9931,2021-02-17 18:00:00,<function <lambda> at 0x7fa4962879f0>,<function <lambda> at 0x7fa496287a90>,<function <lambda> at 0x7fa496287b30>
9932,2021-02-17 19:00:00,<function <lambda> at 0x7fa4962879f0>,<function <lambda> at 0x7fa496287a90>,<function <lambda> at 0x7fa496287b30>
9933,2021-02-17 20:00:00,<function <lambda> at 0x7fa4962879f0>,<function <lambda> at 0x7fa496287a90>,<function <lambda> at 0x7fa496287b30>
9934,2021-02-17 21:00:00,<function <lambda> at 0x7fa4962879f0>,<function <lambda> at 0x7fa496287a90>,<function <lambda> at 0x7fa496287b30>
9935,2021-02-17 22:00:00,<function <lambda> at 0x7fa4962879f0>,<function <lambda> at 0x7fa496287a90>,<function <lambda> at 0x7fa496287b30>
9936,2021-02-17 23:00:00,<function <lambda> at 0x7fa4962879f0>,<function <lambda> at 0x7fa496287a90>,<function <lambda> at 0x7fa496287b30>
9937,2021-02-18 00:00:00,<function <lambda> at 0x7fa4962879f0>,<function <lambda> at 0x7fa496287a90>,<function <lambda> at 0x7fa496287b30>
9938,2021-02-18 01:00:00,<function <lambda> at 0x7fa4962879f0>,<function <lambda> at 0x7fa496287a90>,<function <lambda> at 0x7fa496287b30>
9939,2021-02-18 02:00:00,<function <lambda> at 0x7fa4962879f0>,<function <lambda> at 0x7fa496287a90>,<function <lambda> at 0x7fa496287b30>
9940,2021-02-18 03:00:00,<function <lambda> at 0x7fa4962879f0>,<function <lambda> at 0x7fa496287a90>,<function <lambda> at 0x7fa496287b30>
9941,2021-02-18 04:00:00,<function <lambda> at 0x7fa4962879f0>,<function <lambda> at 0x7fa496287a90>,<function <lambda> at 0x7fa496287b30>
9942,2021-02-18 05:00:00,<function <lambda> at 0x7fa4962879f0>,<function <lambda> at 0x7fa496287a90>,<function <lambda> at 0x7fa496287b30>
9943,2021-02-18 06:00:00,<function <lambda> at 0x7fa4962879f0>,<function <lambda> at 0x7fa496287a90>,<function <lambda> at 0x7fa496287b30>
9944,2021-02-18 07:00:00,<function <lambda> at 0x7fa4962879f0>,<function <lambda> at 0x7fa496287a90>,<function <lambda> at 0x7fa496287b30>
9945,2021-02-18 08:00:00,<function <lambda> at 0x7fa4962879f0>,<function <lambda> at 0x7fa496287a90>,<function <lambda> at 0x7fa496287b30>
9946,2021-02-18 09:00:00,<function <lambda> at 0x7fa4962879f0>,<function <lambda> at 0x7fa496287a90>,<function <lambda> at 0x7fa496287b30>
9947,2021-02-18 10:00:00,<function <lambda> at 0x7fa4962879f0>,<function <lambda> at 0x7fa496287a90>,<function <lambda> at 0x7fa496287b30>
9948,2021-02-18 11:00:00,<function <lambda> at 0x7fa4962879f0>,<function <lambda> at 0x7fa496287a90>,<function <lambda> at 0x7fa496287b30>
9949,2021-02-18 12:00:00,<function <lambda> at 0x7fa4962879f0>,<function <lambda> at 0x7fa496287a90>,<function <lambda> at 0x7fa496287b30>
9950,2021-02-18 13:00:00,<function <lambda> at 0x7fa4962879f0>,<function <lambda> at 0x7fa496287a90>,<function <lambda> at 0x7fa496287b30>
9951,2021-02-18 14:00:00,<function <lambda> at 0x7fa4962879f0>,<function <lambda> at 0x7fa496287a90>,<function <lambda> at 0x7fa496287b30>
9952,2021-02-18 15:00:00,<function <lambda> at 0x7fa4962879f0>,<function <lambda> at 0x7fa496287a90>,<function <lambda> at 0x7fa496287b30>
9953,2021-02-18 16:00:00,<function <lambda> at 0x7fa4962879f0>,<function <lambda> at 0x7fa496287a90>,<function <lambda> at 0x7fa496287b30>
9954,2021-02-18 17:00:00,<function <lambda> at 0x7fa4962879f0>,<function <lambda> at 0x7fa496287a90>,<function <lambda> at 0x7fa496287b30>
9955,2021-02-18 18:00:00,<function <lambda> at 0x7fa4962879f0>,<function <lambda> at 0x7fa496287a90>,<function <lambda> at 0x7fa496287b30>
9956,2021-02-18 19:00:00,<function <lambda> at 0x7fa4962879f0>,<function <lambda> at 0x7fa496287a90>,<function <lambda> at 0x7fa496287b30>
9957,2021-02-18 20:00:00,<function <lambda> at 0x7fa4962879f0>,<function <lambda> at 0x7fa496287a90>,<function <lambda> at 0x7fa496287b30>
9958,2021-02-18 21:00:00,<function <lambda> at 0x7fa4962879f0>,<function <lambda> at 0x7fa496287a90>,<function <lambda> at 0x7fa496287b30>
9959,2021-02-18 22:00:00,<function <lambda> at 0x7fa4962879f0>,<function <lambda> at 0x7fa496287a90>,<function <lambda> at 0x7fa496287b30>
9960,2021-02-18 23:00:00,<function <lambda> at 0x7fa4962879f0>,<function <lambda> at 0x7fa496287a90>,<function <lambda> at 0x7fa496287b30>
9961,2021-02-19 00:00:00,<function <lambda> at 0x7fa4962879f0>,<function <lambda> at 0x7fa496287a90>,<function <lambda> at 0x7fa496287b30>
9962,2021-02-19 01:00:00,<function <lambda> at 0x7fa4962879f0>,<function <lambda> at 0x7fa496287a90>,<function <lambda> at 0x7fa496287b30>
9963,2021-02-19 02:00:00,<function <lambda> at 0x7fa4962879f0>,<function <lambda> at 0x7fa496287a90>,<function <lambda> at 0x7fa496287b30>
9964,2021-02-19 03:00:00,<function <lambda> at 0x7fa4962879f0>,<function <lambda> at 0x7fa496287a90>,<function <lambda> at 0x7fa496287b30>
9965,2021-02-19 04:00:00,<function <lambda> at 0x7fa4962879f0>,<function <lambda> at 0x7fa496287a90>,<function <lambda> at 0x7fa496287b30>
9966,2021-02-19 05:00:00,<function <lambda> at 0x7fa4962879f0>,<function <lambda> at 0x7fa496287a90>,<function <lambda> at 0x7fa496287b30>
9967,2021-02-19 06:00:00,<function <lambda> at 0x7fa4962879f0>,<function <lambda> at 0x7fa496287a90>,<function <lambda> at 0x7fa496287b30>
9968,2021-02-19 07:00:00,<function <lambda> at 0x7fa4962879f0>,<function <lambda> at 0x7fa496287a90>,<function <lambda> at 0x7fa496287b30>
9969,2021-02-19 08:00:00,<function <lambda> at 0x7fa4962879f0>,<function <lambda> at 0x7fa496287a90>,<function <lambda> at 0x7fa496287b30>
9970,2021-02-19 09:00:00,<function <lambda> at 0x7fa4962879f0>,<function <lambda> at 0x7fa496287a90>,<function <lambda> at 0x7fa496287b30>
9971,2021-02-19 10:00:00,<function <lambda> at 0x7fa4962879f0>,<function <lambda> at 0x7fa496287a90>,<function <lambda> at 0x7fa496287b30>
9972,2021-02-19 11:00:00,<function <lambda> at 0x7fa4962879f0>,<function <lambda> at 0x7fa496287a90>,<function <lambda> at 0x7fa496287b30>
9973,2021-02-19 12:00:00,<function <lambda> at 0x7fa4962879f0>,<function <lambda> at 0x7fa496287a90>,<function <lambda> at 0x7fa496287b30>
9974,2021-02-19 13:00:00,<function <lambda> at 0x7fa4962879f0>,<function <lambda> at 0x7fa496287a90>,<function <lambda> at 0x7fa496287b30>
9975,2021-02-19 14:00:00,<function <lambda> at 0x7fa4962879f0>,<function <lambda> at 0x7fa496287a90>,<function <lambda> at 0x7fa496287b30>
9976,2021-02-19 15:00:00,<function <lambda> at 0x7fa4962879f0>,<function <lambda> at 0x7fa496287a90>,<function <lambda> at 0x7fa496287b30>
9977,2021-02-19 16:00:00,<function <lambda> at 0x7fa4962879f0>,<function <lambda> at 0x7fa496287a90>,<function <lambda> at 0x7fa496287b30>
9978,2021-02-19 17:00:00,<function <lambda> at 0x7fa4962879f0>,<function <lambda> at 0x7fa496287a90>,<function <lambda> at 0x7fa496287b30>
9979,2021-02-19 18:00:00,<function <lambda> at 0x7fa4962879f0>,<function <lambda> at 0x7fa496287a90>,<function <lambda> at 0x7fa496287b30>
9980,2021-02-19 19:00:00,<function <lambda> at 0x7fa4962879f0>,<function <lambda> at 0x7fa496287a90>,<function <lambda> at 0x7fa496287b30>
9981,2021-02-19 20:00:00,<function <lambda> at 0x7fa4962879f0>,<function <lambda> at 0x7fa496287a90>,<function <lambda> at 0x7fa496287b30>
9982,2021-02-19 21:00:00,<function <lambda> at 0x7fa4962879f0>,<function <lambda> at 0x7fa496287a90>,<function <lambda> at 0x7fa496287b30>
9983,2021-02-19 22:00:00,<function <lambda> at 0x7fa4962879f0>,<function <lambda> at 0x7fa496287a90>,<function <lambda> at 0x7fa496287b30>
9984,2021-02-19 23:00:00,<function <lambda> at 0x7fa4962879f0>,<function <lambda> at 0x7fa496287a90>,<function <lambda> at 0x7fa496287b30>
9985,2021-02-20 00:00:00,<function <lambda> at 0x7fa4962879f0>,<function <lambda> at 0x7fa496287a90>,<function <lambda> at 0x7fa496287b30>
9986,2021-02-20 01:00:00,<function <lambda> at 0x7fa4962879f0>,<function <lambda> at 0x7fa496287a90>,<function <lambda> at 0x7fa496287b30>
9987,2021-02-20 02:00:00,<function <lambda> at 0x7fa4962879f0>,<function <lambda> at 0x7fa496287a90>,<function <lambda> at 0x7fa496287b30>
9988,2021-02-20 03:00:00,<function <lambda> at 0x7fa4962879f0>,<function <lambda> at 0x7fa496287a90>,<function <lambda> at 0x7fa496287b30>
9989,2021-02-20 04:00:00,<function <lambda> at 0x7fa4962879f0>,<function <lambda> at 0x7fa496287a90>,<function <lambda> at 0x7fa496287b30>
9990,2021-02-20 05:00:00,<function <lambda> at 0x7fa4962879f0>,<function <lambda> at 0x7fa496287a90>,<function <lambda> at 0x7fa496287b30>
9991,2021-02-20 06:00:00,<function <lambda> at 0x7fa4962879f0>,<function <lambda> at 0x7fa496287a90>,<function <lambda> at 0x7fa496287b30>
9992,2021-02-20 07:00:00,<function <lambda> at 0x7fa4962879f0>,<function <lambda> at 0x7fa496287a90>,<function <lambda> at 0x7fa496287b30>
9993,2021-02-20 08:00:00,<function <lambda> at 0x7fa4962879f0>,<function <lambda> at 0x7fa496287a90>,<function <lambda> at 0x7fa496287b30>
9994,2021-02-20 09:00:00,<function <lambda> at 0x7fa4962879f0>,<function <lambda> at 0x7fa496287a90>,<function <lambda> at 0x7fa496287b30>
9995,2021-02-20 10:00:00,<function <lambda> at 0x7fa4962879f0>,<function <lambda> at 0x7fa496287a90>,<function <lambda> at 0x7fa496287b30>
9996,2021-02-20 11:00:00,<function <lambda> at 0x7fa4962879f0>,<function <lambda> at 0x7fa496287a90>,<function <lambda> at 0x7fa496287b30>
9997,2021-02-20 12:00:00,<function <lambda> at 0x7fa4962879f0>,<function <lambda> at 0x7fa496287a90>,<function <lambda> at 0x7fa496287b30>
9998,2021-02-20 13:00:00,<function <lambda> at 0x7fa4962879f0>,<function <lambda> at 0x7fa496287a90>,<function <lambda> at 0x7fa496287b30>
9999,2021-02-20 14:00:00,<function <lambda> at 0x7fa4962879f0>,<function <lambda> at 0x7fa496287a90>,<function <lambda> at 0x7fa496287b30>
10000,2021-02-20 15:00:00,<function <lambda> at 0x7fa4962879f0>,<function <lambda> at 0x7fa496287a90>,<function <lambda> at 0x7fa496287b30>
10001,2021-02-20 16:00:00,<function <lambda> at 0x7fa4962879f0>,<function <lambda> at 0x7fa496287a90>,<function <lambda> at 0x7fa496287b30>
10002,2021-02-20 17:00:00,<function <lambda> at 0x7fa4962879f0>,<function <lambda> at 0x7fa496287a90>,<function <lambda> at 0x7fa496287b30>
10003,2021-02-20 18:00:00,<function <lambda> at 0x7fa4962879f0>,<function <lambda> at 0x7fa496287a90>,<function <lambda> at 0x7fa496287b30>
10004,2021-02-20 19:00:00,<function <lambda> at 0x7fa4962879f0>,<function <lambda> at 0x7fa496287a90>,<function <lambda> at 0x7fa496287b30>
10005,2021-02-20 20:00:00,<function <lambda> at 0x7fa4962879f0>,<function <lambda> at 0x7fa496287a90>,<function <lambda> at 0x7fa496287b30>
10006,2021-02-20 21:00:00,<function <lambda> at 0x7fa4962879f0>,<function <lambda> at 0x7fa496287a90>,<function <lambda> at 0x7fa496287b30>
10007,2021-02-20 22:00:00,<function <lambda> at 0x7fa4962879f0>,<function <lambda> at 0x7fa496287a90>,<function <lambda> at 0x7fa496287b30>
10008,2021-02-20 23:00:00,<function <lambda> at 0x7fa4962879f0>,<function <lambda> at 0x7fa496287a90>,<function <lambda> at 0x7fa496287b30>
10009,2021-02-21 00:00:00,<function <lambda> at 0x7fa4962879f0>,<function <lambda> at 0x7fa496287a90>,<function <lambda> at 0x7fa496287b30>
10010,2021-02-21 01:00:00,<function <lambda> at 0x7fa4962879f0>,<function <lambda> at 0x7fa496287a90>,<function <lambda> at 0x7fa496287b30>
10011,2021-02-21 02:00:00,<function <lambda> at 0x7fa4962879f0>,<function <lambda> at 0x7fa496287a90>,<function <lambda> at 0x7fa496287b30>
10012,2021-02-21 03:00:00,<function <lambda> at 0x7fa4962879f0>,<function <lambda> at 0x7fa496287a90>,<function <lambda> at 0x7fa496287b30>
10013,2021-02-21 04:00:00,<function <lambda> at 0x7fa4962879f0>,<function <lambda> at 0x7fa496287a90>,<function <lambda> at 0x7fa496287b30>
10014,2021-02-21 05:00:00,<function <lambda> at 0x7fa4962879f0>,<function <lambda> at 0x7fa496287a90>,<function <lambda> at 0x7fa496287b30>
10015,2021-02-21 06:00:00,<function <lambda> at 0x7fa4962879f0>,<function <lambda> at 0x7fa496287a90>,<function <lambda> at 0x7fa496287b30>
10016,2021-02-21 07:00:00,<function <lambda> at 0x7fa4962879f0>,<function <lambda> at 0x7fa496287a90>,<function <lambda> at 0x7fa496287b30>
10017,2021-02-21 08:00:00,<function <lambda> at 0x7fa4962879f0>,<function <lambda> at 0x7fa496287a90>,<function <lambda> at 0x7fa496287b30>
10018,2021-02-21 09:00:00,<function <lambda> at 0x7fa4962879f0>,<function <lambda> at 0x7fa496287a90>,<function <lambda> at 0x7fa496287b30>
10019,2021-02-21 10:00:00,<function <lambda> at 0x7fa4962879f0>,<function <lambda> at 0x7fa496287a90>,<function <lambda> at 0x7fa496287b30>
10020,2021-02-21 11:00:00,<function <lambda> at 0x7fa4962879f0>,<function <lambda> at 0x7fa496287a90>,<function <lambda> at 0x7fa496287b30>
10021,2021-02-21 12:00:00,<function <lambda> at 0x7fa4962879f0>,<function <lambda> at 0x7fa496287a90>,<function <lambda> at 0x7fa496287b30>
10022,2021-02-21 13:00:00,<function <lambda> at 0x7fa4962879f0>,<function <lambda> at 0x7fa496287a90>,<function <lambda> at 0x7fa496287b30>
10023,2021-02-21 14:00:00,<function <lambda> at 0x7fa4962879f0>,<function <lambda> at 0x7fa496287a90>,<function <lambda> at 0x7fa496287b30>
10024,2021-02-21 15:00:00,<function <lambda> at 0x7fa4962879f0>,<function <lambda> at 0x7fa496287a90>,<function <lambda> at 0x7fa496287b30>
10025,2021-02-21 16:00:00,<function <lambda> at 0x7fa4962879f0>,<function <lambda> at 0x7fa496287a90>,<function <lambda> at 0x7fa496287b30>
10026,2021-02-21 17:00:00,<function <lambda> at 0x7fa4962879f0>,<function <lambda> at 0x7fa496287a90>,<function <lambda> at 0x7fa496287b30>
10027,2021-02-21 18:00:00,<function <lambda> at 0x7fa4962879f0>,<function <lambda> at 0x7fa496287a90>,<function <lambda> at 0x7fa496287b30>
10028,2021-02-21 19:00:00,<function <lambda> at 0x7fa4962879f0>,<function <lambda> at 0x7fa496287a90>,<function <lambda> at 0x7fa496287b30>
10029,2021-02-21 20:00:00,<function <lambda> at 0x7fa4962879f0>,<function <lambda> at 0x7fa496287a90>,<function <lambda> at 0x7fa496287b30>
10030,2021-02-21 21:00:00,<function <lambda> at 0x7fa4962879f0>,<function <lambda> at 0x7fa496287a90>,<function <lambda> at 0x7fa496287b30>
10031,2021-02-21 22:00:00,<function <lambda> at 0x7fa4962879f0>,<function <lambda> at 0x7fa496287a90>,<function <lambda> at 0x7fa496287b30>
10032,2021-02-21 23:00:00,<function <lambda> at 0x7fa4962879f0>,<function <lambda> at 0x7fa496287a90>,<function <lambda> at 0x7fa496287b30>
10033,2021-02-22 00:00:00,<function <lambda> at 0x7fa4962879f0>,<function <lambda> at 0x7fa496287a90>,<function <lambda> at 0x7fa496287b30>
10034,2021-02-22 01:00:00,<function <lambda> at 0x7fa4962879f0>,<function <lambda> at 0x7fa496287a90>,<function <lambda> at 0x7fa496287b30>
10035,2021-02-22 02:00:00,<function <lambda> at 0x7fa4962879f0>,<function <lambda> at 0x7fa496287a90>,<function <lambda> at 0x7fa496287b30>
10036,2021-02-22 03:00:00,<function <lambda> at 0x7fa4962879f0>,<function <lambda> at 0x7fa496287a90>,<function <lambda> at 0x7fa496287b30>
10037,2021-02-22 04:00:00,<function <lambda> at 0x7fa4962879f0>,<function <lambda> at 0x7fa496287a90>,<function <lambda> at 0x7fa496287b30>
10038,2021-02-22 05:00:00,<function <lambda> at 0x7fa4962879f0>,<function <lambda> at 0x7fa496287a90>,<function <lambda> at 0x7fa496287b30>
10039,2021-02-22 06:00:00,<function <lambda> at 0x7fa4962879f0>,<function <lambda> at 0x7fa496287a90>,<function <lambda> at 0x7fa496287b30>
10040,2021-02-22 07:00:00,<function <lambda> at 0x7fa4962879f0>,<function <lambda> at 0x7fa496287a90>,<function <lambda> at 0x7fa496287b30>
10041,2021-02-22 08:00:00,<function <lambda> at 0x7fa4962879f0>,<function <lambda> at 0x7fa496287a90>,<function <lambda> at 0x7fa496287b30>
10042,2021-02-22 09:00:00,<function <lambda> at 0x7fa4962879f0>,<function <lambda> at 0x7fa496287a90>,<function <lambda> at 0x7fa496287b30>
10043,2021-02-22 10:00:00,<function <lambda> at 0x7fa4962879f0>,<function <lambda> at 0x7fa496287a90>,<function <lambda> at 0x7fa496287b30>
10044,2021-02-22 11:00:00,<function <lambda> at 0x7fa4962879f0>,<function <lambda> at 0x7fa496287a90>,<function <lambda> at 0x7fa496287b30>
10045,2021-02-22 12:00:00,<function <lambda> at 0x7fa4962879f0>,<function <lambda> at 0x7fa496287a90>,<function <lambda> at 0x7fa496287b30>
10046,2021-02-22 13:00:00,<function <lambda> at 0x7fa4962879f0>,<function <lambda> at 0x7fa496287a90>,<function <lambda> at 0x7fa496287b30>
10047,2021-02-22 14:00:00,<function <lambda> at 0x7fa4962879f0>,<function <lambda> at 0x7fa496287a90>,<function <lambda> at 0x7fa496287b30>
10048,2021-02-22 15:00:00,<function <lambda> at 0x7fa4962879f0>,<function <lambda> at 0x7fa496287a90>,<function <lambda> at 0x7fa496287b30>
10049,2021-02-22 16:00:00,<function <lambda> at 0x7fa4962879f0>,<function <lambda> at 0x7fa496287a90>,<function <lambda> at 0x7fa496287b30>
10050,2021-02-22 17:00:00,<function <lambda> at 0x7fa4962879f0>,<function <lambda> at 0x7fa496287a90>,<function <lambda> at 0x7fa496287b30>
10051,2021-02-22 18:00:00,<function <lambda> at 0x7fa4962879f0>,<function <lambda> at 0x7fa496287a90>,<function <lambda> at 0x7fa496287b30>
10052,2021-02-22 19:00:00,<function <lambda> at 0x7fa4962879f0>,<function <lambda> at 0x7fa496287a90>,<function <lambda> at 0x7fa496287b30>
10053,2021-02-22 20:00:00,<function <lambda> at 0x7fa4962879f0>,<function <lambda> at 0x7fa496287a90>,<function <lambda> at 0x7fa496287b30>
10054,2021-02-22 21:00:00,<function <lambda> at 0x7fa4962879f0>,<function <lambda> at 0x7fa496287a90>,<function <lambda> at 0x7fa496287b30>
10055,2021-02-22 22:00:00,<function <lambda> at 0x7fa4962879f0>,<function <lambda> at 0x7fa496287a90>,<function <lambda> at 0x7fa496287b30>
10056,2021-02-22 23:00:00,<function <lambda> at 0x7fa4962879f0>,<function <lambda> at 0x7fa496287a90>,<function <lambda> at 0x7fa496287b30>
10057,2021-02-23 00:00:00,<function <lambda> at 0x7fa4962879f0>,<function <lambda> at 0x7fa496287a90>,<function <lambda> at 0x7fa496287b30>
10058,2021-02-23 01:00:00,<function <lambda> at 0x7fa4962879f0>,<function <lambda> at 0x7fa496287a90>,<function <lambda> at 0x7fa496287b30>
10059,2021-02-23 02:00:00,<function <lambda> at 0x7fa4962879f0>,<function <lambda> at 0x7fa496287a90>,<function <lambda> at 0x7fa496287b30>
10060,2021-02-23 03:00:00,<function <lambda> at 0x7fa4962879f0>,<function <lambda> at 0x7fa496287a90>,<function <lambda> at 0x7fa496287b30>
10061,2021-02-23 04:00:00,<function <lambda> at 0x7fa4962879f0>,<function <lambda> at 0x7fa496287a90>,<function <lambda> at 0x7fa496287b30>
10062,2021-02-23 05:00:00,<function <lambda> at 0x7fa4962879f0>,<function <lambda> at 0x7fa496287a90>,<function <lambda> at 0x7fa496287b30>
10063,2021-02-23 06:00:00,<function <lambda> at 0x7fa4962879f0>,<function <lambda> at 0x7fa496287a90>,<function <lambda> at 0x7fa496287b30>
10064,2021-02-23 07:00:00,<function <lambda> at 0x7fa4962879f0>,<function <lambda> at 0x7fa496287a90>,<function <lambda> at 0x7fa496287b30>
10065,2021-02-23 08:00:00,<function <lambda> at 0x7fa4962879f0>,<function <lambda> at 0x7fa496287a90>,<function <lambda> at 0x7fa496287b30>
10066,2021-02-23 09:00:00,<function <lambda> at 0x7fa4962879f0>,<function <lambda> at 0x7fa496287a90>,<function <lambda> at 0x7fa496287b30>
10067,2021-02-23 10:00:00,<function <lambda> at 0x7fa4962879f0>,<function <lambda> at 0x7fa496287a90>,<function <lambda> at 0x7fa496287b30>
10068,2021-02-23 11:00:00,<function <lambda> at 0x7fa4962879f0>,<function <lambda> at 0x7fa496287a90>,<function <lambda> at 0x7fa496287b30>
10069,2021-02-23 12:00:00,<function <lambda> at 0x7fa4962879f0>,<function <lambda> at 0x7fa496287a90>,<function <lambda> at 0x7fa496287b30>
10070,2021-02-23 13:00:00,<function <lambda> at 0x7fa4962879f0>,<function <lambda> at 0x7fa496287a90>,<function <lambda> at 0x7fa496287b30>
10071,2021-02-23 14:00:00,<function <lambda> at 0x7fa4962879f0>,<function <lambda> at 0x7fa496287a90>,<function <lambda> at 0x7fa496287b30>
10072,2021-02-23 15:00:00,<function <lambda> at 0x7fa4962879f0>,<function <lambda> at 0x7fa496287a90>,<function <lambda> at 0x7fa496287b30>
10073,2021-02-23 16:00:00,<function <lambda> at 0x7fa4962879f0>,<function <lambda> at 0x7fa496287a90>,<function <lambda> at 0x7fa496287b30>
10074,2021-02-23 17:00:00,<function <lambda> at 0x7fa4962879f0>,<function <lambda> at 0x7fa496287a90>,<function <lambda> at 0x7fa496287b30>
10075,2021-02-23 18:00:00,<function <lambda> at 0x7fa4962879f0>,<function <lambda> at 0x7fa496287a90>,<function <lambda> at 0x7fa496287b30>
10076,2021-02-23 19:00:00,<function <lambda> at 0x7fa4962879f0>,<function <lambda> at 0x7fa496287a90>,<function <lambda> at 0x7fa496287b30>
10077,2021-02-23 20:00:00,<function <lambda> at 0x7fa4962879f0>,<function <lambda> at 0x7fa496287a90>,<function <lambda> at 0x7fa496287b30>
10078,2021-02-23 21:00:00,<function <lambda> at 0x7fa4962879f0>,<function <lambda> at 0x7fa496287a90>,<function <lambda> at 0x7fa496287b30>
10079,2021-02-23 22:00:00,<function <lambda> at 0x7fa4962879f0>,<function <lambda> at 0x7fa496287a90>,<function <lambda> at 0x7fa496287b30>
10080,2021-02-23 23:00:00,<function <lambda> at 0x7fa4962879f0>,<function <lambda> at 0x7fa496287a90>,<function <lambda> at 0x7fa496287b30>
10081,2021-02-24 00:00:00,<function <lambda> at 0x7fa4962879f0>,<function <lambda> at 0x7fa496287a90>,<function <lambda> at 0x7fa496287b30>
10082,2021-02-24 01:00:00,<function <lambda> at 0x7fa4962879f0>,<function <lambda> at 0x7fa496287a90>,<function <lambda> at 0x7fa496287b30>
10083,2021-02-24 02:00:00,<function <lambda> at 0x7fa4962879f0>,<function <lambda> at 0x7fa496287a90>,<function <lambda> at 0x7fa496287b30>
10084,2021-02-24 03:00:00,<function <lambda> at 0x7fa4962879f0>,<function <lambda> at 0x7fa496287a90>,<function <lambda> at 0x7fa496287b30>
10085,2021-02-24 04:00:00,<function <lambda> at 0x7fa4962879f0>,<function <lambda> at 0x7fa496287a90>,<function <lambda> at 0x7fa496287b30>
10086,2021-02-24 05:00:00,<function <lambda> at 0x7fa4962879f0>,<function <lambda> at 0x7fa496287a90>,<function <lambda> at 0x7fa496287b30>
10087,2021-02-24 06:00:00,<function <lambda> at 0x7fa4962879f0>,<function <lambda> at 0x7fa496287a90>,<function <lambda> at 0x7fa496287b30>
10088,2021-02-24 07:00:00,<function <lambda> at 0x7fa4962879f0>,<function <lambda> at 0x7fa496287a90>,<function <lambda> at 0x7fa496287b30>
10089,2021-02-24 08:00:00,<function <lambda> at 0x7fa4962879f0>,<function <lambda> at 0x7fa496287a90>,<function <lambda> at 0x7fa496287b30>
10090,2021-02-24 09:00:00,<function <lambda> at 0x7fa4962879f0>,<function <lambda> at 0x7fa496287a90>,<function <lambda> at 0x7fa496287b30>
10091,2021-02-24 10:00:00,<function <lambda> at 0x7fa4962879f0>,<function <lambda> at 0x7fa496287a90>,<function <lambda> at 0x7fa496287b30>
10092,2021-02-24 11:00:00,<function <lambda> at 0x7fa4962879f0>,<function <lambda> at 0x7fa496287a90>,<function <lambda> at 0x7fa496287b30>
10093,2021-02-24 12:00:00,<function <lambda> at 0x7fa4962879f0>,<function <lambda> at 0x7fa496287a90>,<function <lambda> at 0x7fa496287b30>
10094,2021-02-24 13:00:00,<function <lambda> at 0x7fa4962879f0>,<function <lambda> at 0x7fa496287a90>,<function <lambda> at 0x7fa496287b30>
10095,2021-02-24 14:00:00,<function <lambda> at 0x7fa4962879f0>,<function <lambda> at 0x7fa496287a90>,<function <lambda> at 0x7fa496287b30>
10096,2021-02-24 15:00:00,<function <lambda> at 0x7fa4962879f0>,<function <lambda> at 0x7fa496287a90>,<function <lambda> at 0x7fa496287b30>
10097,2021-02-24 16:00:00,<function <lambda> at 0x7fa4962879f0>,<function <lambda> at 0x7fa496287a90>,<function <lambda> at 0x7fa496287b30>
10098,2021-02-24 17:00:00,<function <lambda> at 0x7fa4962879f0>,<function <lambda> at 0x7fa496287a90>,<function <lambda> at 0x7fa496287b30>
10099,2021-02-24 18:00:00,<function <lambda> at 0x7fa4962879f0>,<function <lambda> at 0x7fa496287a90>,<function <lambda> at 0x7fa496287b30>
10100,2021-02-24 19:00:00,<function <lambda> at 0x7fa4962879f0>,<function <lambda> at 0x7fa496287a90>,<function <lambda> at 0x7fa496287b30>
10101,2021-02-24 20:00:00,<function <lambda> at 0x7fa4962879f0>,<function <lambda> at 0x7fa496287a90>,<function <lambda> at 0x7fa496287b30>
10102,2021-02-24 21:00:00,<function <lambda> at 0x7fa4962879f0>,<function <lambda> at 0x7fa496287a90>,<function <lambda> at 0x7fa496287b30>
10103,2021-02-24 22:00:00,<function <lambda> at 0x7fa4962879f0>,<function <lambda> at 0x7fa496287a90>,<function <lambda> at 0x7fa496287b30>
10104,2021-02-24 23:00:00,<function <lambda> at 0x7fa4962879f0>,<function <lambda> at 0x7fa496287a90>,<function <lambda> at 0x7fa496287b30>
10105,2021-02-25 00:00:00,<function <lambda> at 0x7fa4962879f0>,<function <lambda> at 0x7fa496287a90>,<function <lambda> at 0x7fa496287b30>
10106,2021-02-25 01:00:00,<function <lambda> at 0x7fa4962879f0>,<function <lambda> at 0x7fa496287a90>,<function <lambda> at 0x7fa496287b30>
10107,2021-02-25 02:00:00,<function <lambda> at 0x7fa4962879f0>,<function <lambda> at 0x7fa496287a90>,<function <lambda> at 0x7fa496287b30>
10108,2021-02-25 03:00:00,<function <lambda> at 0x7fa4962879f0>,<function <lambda> at 0x7fa496287a90>,<function <lambda> at 0x7fa496287b30>
10109,2021-02-25 04:00:00,<function <lambda> at 0x7fa4962879f0>,<function <lambda> at 0x7fa496287a90>,<function <lambda> at 0x7fa496287b30>
10110,2021-02-25 05:00:00,<function <lambda> at 0x7fa4962879f0>,<function <lambda> at 0x7fa496287a90>,<function <lambda> at 0x7fa496287b30>
10111,2021-02-25 06:00:00,<function <lambda> at 0x7fa4962879f0>,<function <lambda> at 0x7fa496287a90>,<function <lambda> at 0x7fa496287b30>
10112,2021-02-25 07:00:00,<function <lambda> at 0x7fa4962879f0>,<function <lambda> at 0x7fa496287a90>,<function <lambda> at 0x7fa496287b30>
10113,2021-02-25 08:00:00,<function <lambda> at 0x7fa4962879f0>,<function <lambda> at 0x7fa496287a90>,<function <lambda> at 0x7fa496287b30>
10114,2021-02-25 09:00:00,<function <lambda> at 0x7fa4962879f0>,<function <lambda> at 0x7fa496287a90>,<function <lambda> at 0x7fa496287b30>
10115,2021-02-25 10:00:00,<function <lambda> at 0x7fa4962879f0>,<function <lambda> at 0x7fa496287a90>,<function <lambda> at 0x7fa496287b30>
10116,2021-02-25 11:00:00,<function <lambda> at 0x7fa4962879f0>,<function <lambda> at 0x7fa496287a90>,<function <lambda> at 0x7fa496287b30>
10117,2021-02-25 12:00:00,<function <lambda> at 0x7fa4962879f0>,<function <lambda> at 0x7fa496287a90>,<function <lambda> at 0x7fa496287b30>
10118,2021-02-25 13:00:00,<function <lambda> at 0x7fa4962879f0>,<function <lambda> at 0x7fa496287a90>,<function <lambda> at 0x7fa496287b30>
10119,2021-02-25 14:00:00,<function <lambda> at 0x7fa4962879f0>,<function <lambda> at 0x7fa496287a90>,<function <lambda> at 0x7fa496287b30>
10120,2021-02-25 15:00:00,<function <lambda> at 0x7fa4962879f0>,<function <lambda> at 0x7fa496287a90>,<function <lambda> at 0x7fa496287b30>
10121,2021-02-25 16:00:00,<function <lambda> at 0x7fa4962879f0>,<function <lambda> at 0x7fa496287a90>,<function <lambda> at 0x7fa496287b30>
10122,2021-02-25 17:00:00,<function <lambda> at 0x7fa4962879f0>,<function <lambda> at 0x7fa496287a90>,<function <lambda> at 0x7fa496287b30>
10123,2021-02-25 18:00:00,<function <lambda> at 0x7fa4962879f0>,<function <lambda> at 0x7fa496287a90>,<function <lambda> at 0x7fa496287b30>
10124,2021-02-25 19:00:00,<function <lambda> at 0x7fa4962879f0>,<function <lambda> at 0x7fa496287a90>,<function <lambda> at 0x7fa496287b30>
10125,2021-02-25 20:00:00,<function <lambda> at 0x7fa4962879f0>,<function <lambda> at 0x7fa496287a90>,<function <lambda> at 0x7fa496287b30>
10126,2021-02-25 21:00:00,<function <lambda> at 0x7fa4962879f0>,<function <lambda> at 0x7fa496287a90>,<function <lambda> at 0x7fa496287b30>
10127,2021-02-25 22:00:00,<function <lambda> at 0x7fa4962879f0>,<function <lambda> at 0x7fa496287a90>,<function <lambda> at 0x7fa496287b30>
10128,2021-02-25 23:00:00,<function <lambda> at 0x7fa4962879f0>,<function <lambda> at 0x7fa496287a90>,<function <lambda> at 0x7fa496287b30>
10129,2021-02-26 00:00:00,<function <lambda> at 0x7fa4962879f0>,<function <lambda> at 0x7fa496287a90>,<function <lambda> at 0x7fa496287b30>
10130,2021-02-26 01:00:00,<function <lambda> at 0x7fa4962879f0>,<function <lambda> at 0x7fa496287a90>,<function <lambda> at 0x7fa496287b30>
10131,2021-02-26 02:00:00,<function <lambda> at 0x7fa4962879f0>,<function <lambda> at 0x7fa496287a90>,<function <lambda> at 0x7fa496287b30>
10132,2021-02-26 03:00:00,<function <lambda> at 0x7fa4962879f0>,<function <lambda> at 0x7fa496287a90>,<function <lambda> at 0x7fa496287b30>
10133,2021-02-26 04:00:00,<function <lambda> at 0x7fa4962879f0>,<function <lambda> at 0x7fa496287a90>,<function <lambda> at 0x7fa496287b30>
10134,2021-02-26 05:00:00,<function <lambda> at 0x7fa4962879f0>,<function <lambda> at 0x7fa496287a90>,<function <lambda> at 0x7fa496287b30>
10135,2021-02-26 06:00:00,<function <lambda> at 0x7fa4962879f0>,<function <lambda> at 0x7fa496287a90>,<function <lambda> at 0x7fa496287b30>
10136,2021-02-26 07:00:00,<function <lambda> at 0x7fa4962879f0>,<function <lambda> at 0x7fa496287a90>,<function <lambda> at 0x7fa496287b30>
10137,2021-02-26 08:00:00,<function <lambda> at 0x7fa4962879f0>,<function <lambda> at 0x7fa496287a90>,<function <lambda> at 0x7fa496287b30>
10138,2021-02-26 09:00:00,<function <lambda> at 0x7fa4962879f0>,<function <lambda> at 0x7fa496287a90>,<function <lambda> at 0x7fa496287b30>
10139,2021-02-26 10:00:00,<function <lambda> at 0x7fa4962879f0>,<function <lambda> at 0x7fa496287a90>,<function <lambda> at 0x7fa496287b30>
10140,2021-02-26 11:00:00,<function <lambda> at 0x7fa4962879f0>,<function <lambda> at 0x7fa496287a90>,<function <lambda> at 0x7fa496287b30>
10141,2021-02-26 12:00:00,<function <lambda> at 0x7fa4962879f0>,<function <lambda> at 0x7fa496287a90>,<function <lambda> at 0x7fa496287b30>
10142,2021-02-26 13:00:00,<function <lambda> at 0x7fa4962879f0>,<function <lambda> at 0x7fa496287a90>,<function <lambda> at 0x7fa496287b30>
10143,2021-02-26 14:00:00,<function <lambda> at 0x7fa4962879f0>,<function <lambda> at 0x7fa496287a90>,<function <lambda> at 0x7fa496287b30>
10144,2021-02-26 15:00:00,<function <lambda> at 0x7fa4962879f0>,<function <lambda> at 0x7fa496287a90>,<function <lambda> at 0x7fa496287b30>
10145,2021-02-26 16:00:00,<function <lambda> at 0x7fa4962879f0>,<function <lambda> at 0x7fa496287a90>,<function <lambda> at 0x7fa496287b30>
10146,2021-02-26 17:00:00,<function <lambda> at 0x7fa4962879f0>,<function <lambda> at 0x7fa496287a90>,<function <lambda> at 0x7fa496287b30>
10147,2021-02-26 18:00:00,<function <lambda> at 0x7fa4962879f0>,<function <lambda> at 0x7fa496287a90>,<function <lambda> at 0x7fa496287b30>
10148,2021-02-26 19:00:00,<function <lambda> at 0x7fa4962879f0>,<function <lambda> at 0x7fa496287a90>,<function <lambda> at 0x7fa496287b30>
10149,2021-02-26 20:00:00,<function <lambda> at 0x7fa4962879f0>,<function <lambda> at 0x7fa496287a90>,<function <lambda> at 0x7fa496287b30>
10150,2021-02-26 21:00:00,<function <lambda> at 0x7fa4962879f0>,<function <lambda> at 0x7fa496287a90>,<function <lambda> at 0x7fa496287b30>
10151,2021-02-26 22:00:00,<function <lambda> at 0x7fa4962879f0>,<function <lambda> at 0x7fa496287a90>,<function <lambda> at 0x7fa496287b30>
10152,2021-02-26 23:00:00,<function <lambda> at 0x7fa4962879f0>,<function <lambda> at 0x7fa496287a90>,<function <lambda> at 0x7fa496287b30>
10153,2021-02-27 00:00:00,<function <lambda> at 0x7fa4962879f0>,<function <lambda> at 0x7fa496287a90>,<function <lambda> at 0x7fa496287b30>
10154,2021-02-27 01:00:00,<function <lambda> at 0x7fa4962879f0>,<function <lambda> at 0x7fa496287a90>,<function <lambda> at 0x7fa496287b30>
10155,2021-02-27 02:00:00,<function <lambda> at 0x7fa4962879f0>,<function <lambda> at 0x7fa496287a90>,<function <lambda> at 0x7fa496287b30>
10156,2021-02-27 03:00:00,<function <lambda> at 0x7fa4962879f0>,<function <lambda> at 0x7fa496287a90>,<function <lambda> at 0x7fa496287b30>
10157,2021-02-27 04:00:00,<function <lambda> at 0x7fa4962879f0>,<function <lambda> at 0x7fa496287a90>,<function <lambda> at 0x7fa496287b30>
10158,2021-02-27 05:00:00,<function <lambda> at 0x7fa4962879f0>,<function <lambda> at 0x7fa496287a90>,<function <lambda> at 0x7fa496287b30>
10159,2021-02-27 06:00:00,<function <lambda> at 0x7fa4962879f0>,<function <lambda> at 0x7fa496287a90>,<function <lambda> at 0x7fa496287b30>
10160,2021-02-27 07:00:00,<function <lambda> at 0x7fa4962879f0>,<function <lambda> at 0x7fa496287a90>,<function <lambda> at 0x7fa496287b30>
10161,2021-02-27 08:00:00,<function <lambda> at 0x7fa4962879f0>,<function <lambda> at 0x7fa496287a90>,<function <lambda> at 0x7fa496287b30>
10162,2021-02-27 09:00:00,<function <lambda> at 0x7fa4962879f0>,<function <lambda> at 0x7fa496287a90>,<function <lambda> at 0x7fa496287b30>
10163,2021-02-27 10:00:00,<function <lambda> at 0x7fa4962879f0>,<function <lambda> at 0x7fa496287a90>,<function <lambda> at 0x7fa496287b30>
10164,2021-02-27 11:00:00,<function <lambda> at 0x7fa4962879f0>,<function <lambda> at 0x7fa496287a90>,<function <lambda> at 0x7fa496287b30>
10165,2021-02-27 12:00:00,<function <lambda> at 0x7fa4962879f0>,<function <lambda> at 0x7fa496287a90>,<function <lambda> at 0x7fa496287b30>
10166,2021-02-27 13:00:00,<function <lambda> at 0x7fa4962879f0>,<function <lambda> at 0x7fa496287a90>,<function <lambda> at 0x7fa496287b30>
10167,2021-02-27 14:00:00,<function <lambda> at 0x7fa4962879f0>,<function <lambda> at 0x7fa496287a90>,<function <lambda> at 0x7fa496287b30>
10168,2021-02-27 15:00:00,<function <lambda> at 0x7fa4962879f0>,<function <lambda> at 0x7fa496287a90>,<function <lambda> at 0x7fa496287b30>
10169,2021-02-27 16:00:00,<function <lambda> at 0x7fa4962879f0>,<function <lambda> at 0x7fa496287a90>,<function <lambda> at 0x7fa496287b30>
10170,2021-02-27 17:00:00,<function <lambda> at 0x7fa4962879f0>,<function <lambda> at 0x7fa496287a90>,<function <lambda> at 0x7fa496287b30>
10171,2021-02-27 18:00:00,<function <lambda> at 0x7fa4962879f0>,<function <lambda> at 0x7fa496287a90>,<function <lambda> at 0x7fa496287b30>
10172,2021-02-27 19:00:00,<function <lambda> at 0x7fa4962879f0>,<function <lambda> at 0x7fa496287a90>,<function <lambda> at 0x7fa496287b30>
10173,2021-02-27 20:00:00,<function <lambda> at 0x7fa4962879f0>,<function <lambda> at 0x7fa496287a90>,<function <lambda> at 0x7fa496287b30>
10174,2021-02-27 21:00:00,<function <lambda> at 0x7fa4962879f0>,<function <lambda> at 0x7fa496287a90>,<function <lambda> at 0x7fa496287b30>
10175,2021-02-27 22:00:00,<function <lambda> at 0x7fa4962879f0>,<function <lambda> at 0x7fa496287a90>,<function <lambda> at 0x7fa496287b30>
10176,2021-02-27 23:00:00,<function <lambda> at 0x7fa4962879f0>,<function <lambda> at 0x7fa496287a90>,<function <lambda> at 0x7fa496287b30>
10177,2021-02-28 00:00:00,<function <lambda> at 0x7fa4962879f0>,<function <lambda> at 0x7fa496287a90>,<function <lambda> at 0x7fa496287b30>
10178,2021-02-28 01:00:00,<function <lambda> at 0x7fa4962879f0>,<function <lambda> at 0x7fa496287a90>,<function <lambda> at 0x7fa496287b30>
10179,2021-02-28 02:00:00,<function <lambda> at 0x7fa4962879f0>,<function <lambda> at 0x7fa496287a90>,<function <lambda> at 0x7fa496287b30>
10180,2021-02-28 03:00:00,<function <lambda> at 0x7fa4962879f0>,<function <lambda> at 0x7fa496287a90>,<function <lambda> at 0x7fa496287b30>
10181,2021-02-28 04:00:00,<function <lambda> at 0x7fa4962879f0>,<function <lambda> at 0x7fa496287a90>,<function <lambda> at 0x7fa496287b30>
10182,2021-02-28 05:00:00,<function <lambda> at 0x7fa4962879f0>,<function <lambda> at 0x7fa496287a90>,<function <lambda> at 0x7fa496287b30>
10183,2021-02-28 06:00:00,<function <lambda> at 0x7fa4962879f0>,<function <lambda> at 0x7fa496287a90>,<function <lambda> at 0x7fa496287b30>
10184,2021-02-28 07:00:00,<function <lambda> at 0x7fa4962879f0>,<function <lambda> at 0x7fa496287a90>,<function <lambda> at 0x7fa496287b30>
10185,2021-02-28 08:00:00,<function <lambda> at 0x7fa4962879f0>,<function <lambda> at 0x7fa496287a90>,<function <lambda> at 0x7fa496287b30>
10186,2021-02-28 09:00:00,<function <lambda> at 0x7fa4962879f0>,<function <lambda> at 0x7fa496287a90>,<function <lambda> at 0x7fa496287b30>
10187,2021-02-28 10:00:00,<function <lambda> at 0x7fa4962879f0>,<function <lambda> at 0x7fa496287a90>,<function <lambda> at 0x7fa496287b30>
10188,2021-02-28 11:00:00,<function <lambda> at 0x7fa4962879f0>,<function <lambda> at 0x7fa496287a90>,<function <lambda> at 0x7fa496287b30>
10189,2021-02-28 12:00:00,<function <lambda> at 0x7fa4962879f0>,<function <lambda> at 0x7fa496287a90>,<function <lambda> at 0x7fa496287b30>
10190,2021-02-28 13:00:00,<function <lambda> at 0x7fa4962879f0>,<function <lambda> at 0x7fa496287a90>,<function <lambda> at 0x7fa496287b30>
10191,2021-02-28 14:00:00,<function <lambda> at 0x7fa4962879f0>,<function <lambda> at 0x7fa496287a90>,<function <lambda> at 0x7fa496287b30>
10192,2021-02-28 15:00:00,<function <lambda> at 0x7fa4962879f0>,<function <lambda> at 0x7fa496287a90>,<function <lambda> at 0x7fa496287b30>
10193,2021-02-28 16:00:00,<function <lambda> at 0x7fa4962879f0>,<function <lambda> at 0x7fa496287a90>,<function <lambda> at 0x7fa496287b30>
10194,2021-02-28 17:00:00,<function <lambda> at 0x7fa4962879f0>,<function <lambda> at 0x7fa496287a90>,<function <lambda> at 0x7fa496287b30>
10195,2021-02-28 18:00:00,<function <lambda> at 0x7fa4962879f0>,<function <lambda> at 0x7fa496287a90>,<function <lambda> at 0x7fa496287b30>
10196,2021-02-28 19:00:00,<function <lambda> at 0x7fa4962879f0>,<function <lambda> at 0x7fa496287a90>,<function <lambda> at 0x7fa496287b30>
10197,2021-02-28 20:00:00,<function <lambda> at 0x7fa4962879f0>,<function <lambda> at 0x7fa496287a90>,<function <lambda> at 0x7fa496287b30>
10198,2021-02-28 21:00:00,<function <lambda> at 0x7fa4962879f0>,<function <lambda> at 0x7fa496287a90>,<function <lambda> at 0x7fa496287b30>
10199,2021-02-28 22:00:00,<function <lambda> at 0x7fa4962879f0>,<function <lambda> at 0x7fa496287a90>,<function <lambda> at 0x7fa496287b30>
10200,2021-02-28 23:00:00,<function <lambda> at 0x7fa4962879f0>,<function <lambda> at 0x7fa496287a90>,<function <lambda> at 0x7fa496287b30>
10201,2021-03-01 00:00:00,<function <lambda> at 0x7fa4962879f0>,<function <lambda> at 0x7fa496287a90>,<function <lambda> at 0x7fa496287b30>
10202,2021-03-01 01:00:00,<function <lambda> at 0x7fa4962879f0>,<function <lambda> at 0x7fa496287a90>,<function <lambda> at 0x7fa496287b30>
10203,2021-03-01 02:00:00,<function <lambda> at 0x7fa4962879f0>,<function <lambda> at 0x7fa496287a90>,<function <lambda> at 0x7fa496287b30>
10204,2021-03-01 03:00:00,<function <lambda> at 0x7fa4962879f0>,<function <lambda> at 0x7fa496287a90>,<function <lambda> at 0x7fa496287b30>
10205,2021-03-01 04:00:00,<function <lambda> at 0x7fa4962879f0>,<function <lambda> at 0x7fa496287a90>,<function <lambda> at 0x7fa496287b30>
10206,2021-03-01 05:00:00,<function <lambda> at 0x7fa4962879f0>,<function <lambda> at 0x7fa496287a90>,<function <lambda> at 0x7fa496287b30>
10207,2021-03-01 06:00:00,<function <lambda> at 0x7fa4962879f0>,<function <lambda> at 0x7fa496287a90>,<function <lambda> at 0x7fa496287b30>
10208,2021-03-01 07:00:00,<function <lambda> at 0x7fa4962879f0>,<function <lambda> at 0x7fa496287a90>,<function <lambda> at 0x7fa496287b30>
10209,2021-03-01 08:00:00,<function <lambda> at 0x7fa4962879f0>,<function <lambda> at 0x7fa496287a90>,<function <lambda> at 0x7fa496287b30>
10210,2021-03-01 09:00:00,<function <lambda> at 0x7fa4962879f0>,<function <lambda> at 0x7fa496287a90>,<function <lambda> at 0x7fa496287b30>
10211,2021-03-01 10:00:00,<function <lambda> at 0x7fa4962879f0>,<function <lambda> at 0x7fa496287a90>,<function <lambda> at 0x7fa496287b30>
10212,2021-03-01 11:00:00,<function <lambda> at 0x7fa4962879f0>,<function <lambda> at 0x7fa496287a90>,<function <lambda> at 0x7fa496287b30>
10213,2021-03-01 12:00:00,<function <lambda> at 0x7fa4962879f0>,<function <lambda> at 0x7fa496287a90>,<function <lambda> at 0x7fa496287b30>
10214,2021-03-01 13:00:00,<function <lambda> at 0x7fa4962879f0>,<function <lambda> at 0x7fa496287a90>,<function <lambda> at 0x7fa496287b30>
10215,2021-03-01 14:00:00,<function <lambda> at 0x7fa4962879f0>,<function <lambda> at 0x7fa496287a90>,<function <lambda> at 0x7fa496287b30>
10216,2021-03-01 15:00:00,<function <lambda> at 0x7fa4962879f0>,<function <lambda> at 0x7fa496287a90>,<function <lambda> at 0x7fa496287b30>
10217,2021-03-01 16:00:00,<function <lambda> at 0x7fa4962879f0>,<function <lambda> at 0x7fa496287a90>,<function <lambda> at 0x7fa496287b30>
10218,2021-03-01 17:00:00,<function <lambda> at 0x7fa4962879f0>,<function <lambda> at 0x7fa496287a90>,<function <lambda> at 0x7fa496287b30>
10219,2021-03-01 18:00:00,<function <lambda> at 0x7fa4962879f0>,<function <lambda> at 0x7fa496287a90>,<function <lambda> at 0x7fa496287b30>
10220,2021-03-01 19:00:00,<function <lambda> at 0x7fa4962879f0>,<function <lambda> at 0x7fa496287a90>,<function <lambda> at 0x7fa496287b30>
10221,2021-03-01 20:00:00,<function <lambda> at 0x7fa4962879f0>,<function <lambda> at 0x7fa496287a90>,<function <lambda> at 0x7fa496287b30>
10222,2021-03-01 21:00:00,<function <lambda> at 0x7fa4962879f0>,<function <lambda> at 0x7fa496287a90>,<function <lambda> at 0x7fa496287b30>
10223,2021-03-01 22:00:00,<function <lambda> at 0x7fa4962879f0>,<function <lambda> at 0x7fa496287a90>,<function <lambda> at 0x7fa496287b30>
10224,2021-03-01 23:00:00,<function <lambda> at 0x7fa4962879f0>,<function <lambda> at 0x7fa496287a90>,<function <lambda> at 0x7fa496287b30>
10225,2021-03-02 00:00:00,<function <lambda> at 0x7fa4962879f0>,<function <lambda> at 0x7fa496287a90>,<function <lambda> at 0x7fa496287b30>
10226,2021-03-02 01:00:00,<function <lambda> at 0x7fa4962879f0>,<function <lambda> at 0x7fa496287a90>,<function <lambda> at 0x7fa496287b30>
10227,2021-03-02 02:00:00,<function <lambda> at 0x7fa4962879f0>,<function <lambda> at 0x7fa496287a90>,<function <lambda> at 0x7fa496287b30>
10228,2021-03-02 03:00:00,<function <lambda> at 0x7fa4962879f0>,<function <lambda> at 0x7fa496287a90>,<function <lambda> at 0x7fa496287b30>
10229,2021-03-02 04:00:00,<function <lambda> at 0x7fa4962879f0>,<function <lambda> at 0x7fa496287a90>,<function <lambda> at 0x7fa496287b30>
10230,2021-03-02 05:00:00,<function <lambda> at 0x7fa4962879f0>,<function <lambda> at 0x7fa496287a90>,<function <lambda> at 0x7fa496287b30>
10231,2021-03-02 06:00:00,<function <lambda> at 0x7fa4962879f0>,<function <lambda> at 0x7fa496287a90>,<function <lambda> at 0x7fa496287b30>
10232,2021-03-02 07:00:00,<function <lambda> at 0x7fa4962879f0>,<function <lambda> at 0x7fa496287a90>,<function <lambda> at 0x7fa496287b30>
10233,2021-03-02 08:00:00,<function <lambda> at 0x7fa4962879f0>,<function <lambda> at 0x7fa496287a90>,<function <lambda> at 0x7fa496287b30>
10234,2021-03-02 09:00:00,<function <lambda> at 0x7fa4962879f0>,<function <lambda> at 0x7fa496287a90>,<function <lambda> at 0x7fa496287b30>
10235,2021-03-02 10:00:00,<function <lambda> at 0x7fa4962879f0>,<function <lambda> at 0x7fa496287a90>,<function <lambda> at 0x7fa496287b30>
10236,2021-03-02 11:00:00,<function <lambda> at 0x7fa4962879f0>,<function <lambda> at 0x7fa496287a90>,<function <lambda> at 0x7fa496287b30>
10237,2021-03-02 12:00:00,<function <lambda> at 0x7fa4962879f0>,<function <lambda> at 0x7fa496287a90>,<function <lambda> at 0x7fa496287b30>
10238,2021-03-02 13:00:00,<function <lambda> at 0x7fa4962879f0>,<function <lambda> at 0x7fa496287a90>,<function <lambda> at 0x7fa496287b30>
10239,2021-03-02 14:00:00,<function <lambda> at 0x7fa4962879f0>,<function <lambda> at 0x7fa496287a90>,<function <lambda> at 0x7fa496287b30>
10240,2021-03-02 15:00:00,<function <lambda> at 0x7fa4962879f0>,<function <lambda> at 0x7fa496287a90>,<function <lambda> at 0x7fa496287b30>
10241,2021-03-02 16:00:00,<function <lambda> at 0x7fa4962879f0>,<function <lambda> at 0x7fa496287a90>,<function <lambda> at 0x7fa496287b30>
10242,2021-03-02 17:00:00,<function <lambda> at 0x7fa4962879f0>,<function <lambda> at 0x7fa496287a90>,<function <lambda> at 0x7fa496287b30>
10243,2021-03-02 18:00:00,<function <lambda> at 0x7fa4962879f0>,<function <lambda> at 0x7fa496287a90>,<function <lambda> at 0x7fa496287b30>
10244,2021-03-02 19:00:00,<function <lambda> at 0x7fa4962879f0>,<function <lambda> at 0x7fa496287a90>,<function <lambda> at 0x7fa496287b30>
10245,2021-03-02 20:00:00,<function <lambda> at 0x7fa4962879f0>,<function <lambda> at 0x7fa496287a90>,<function <lambda> at 0x7fa496287b30>
10246,2021-03-02 21:00:00,<function <lambda> at 0x7fa4962879f0>,<function <lambda> at 0x7fa496287a90>,<function <lambda> at 0x7fa496287b30>
10247,2021-03-02 22:00:00,<function <lambda> at 0x7fa4962879f0>,<function <lambda> at 0x7fa496287a90>,<function <lambda> at 0x7fa496287b30>
10248,2021-03-02 23:00:00,<function <lambda> at 0x7fa4962879f0>,<function <lambda> at 0x7fa496287a90>,<function <lambda> at 0x7fa496287b30>
10249,2021-03-03 00:00:00,<function <lambda> at 0x7fa4962879f0>,<function <lambda> at 0x7fa496287a90>,<function <lambda> at 0x7fa496287b30>
10250,2021-03-03 01:00:00,<function <lambda> at 0x7fa4962879f0>,<function <lambda> at 0x7fa496287a90>,<function <lambda> at 0x7fa496287b30>
10251,2021-03-03 02:00:00,<function <lambda> at 0x7fa4962879f0>,<function <lambda> at 0x7fa496287a90>,<function <lambda> at 0x7fa496287b30>
10252,2021-03-03 03:00:00,<function <lambda> at 0x7fa4962879f0>,<function <lambda> at 0x7fa496287a90>,<function <lambda> at 0x7fa496287b30>
10253,2021-03-03 04:00:00,<function <lambda> at 0x7fa4962879f0>,<function <lambda> at 0x7fa496287a90>,<function <lambda> at 0x7fa496287b30>
10254,2021-03-03 05:00:00,<function <lambda> at 0x7fa4962879f0>,<function <lambda> at 0x7fa496287a90>,<function <lambda> at 0x7fa496287b30>
10255,2021-03-03 06:00:00,<function <lambda> at 0x7fa4962879f0>,<function <lambda> at 0x7fa496287a90>,<function <lambda> at 0x7fa496287b30>
10256,2021-03-03 07:00:00,<function <lambda> at 0x7fa4962879f0>,<function <lambda> at 0x7fa496287a90>,<function <lambda> at 0x7fa496287b30>
10257,2021-03-03 08:00:00,<function <lambda> at 0x7fa4962879f0>,<function <lambda> at 0x7fa496287a90>,<function <lambda> at 0x7fa496287b30>
10258,2021-03-03 09:00:00,<function <lambda> at 0x7fa4962879f0>,<function <lambda> at 0x7fa496287a90>,<function <lambda> at 0x7fa496287b30>
10259,2021-03-03 10:00:00,<function <lambda> at 0x7fa4962879f0>,<function <lambda> at 0x7fa496287a90>,<function <lambda> at 0x7fa496287b30>
10260,2021-03-03 11:00:00,<function <lambda> at 0x7fa4962879f0>,<function <lambda> at 0x7fa496287a90>,<function <lambda> at 0x7fa496287b30>
10261,2021-03-03 12:00:00,<function <lambda> at 0x7fa4962879f0>,<function <lambda> at 0x7fa496287a90>,<function <lambda> at 0x7fa496287b30>
10262,2021-03-03 13:00:00,<function <lambda> at 0x7fa4962879f0>,<function <lambda> at 0x7fa496287a90>,<function <lambda> at 0x7fa496287b30>
10263,2021-03-03 14:00:00,<function <lambda> at 0x7fa4962879f0>,<function <lambda> at 0x7fa496287a90>,<function <lambda> at 0x7fa496287b30>
10264,2021-03-03 15:00:00,<function <lambda> at 0x7fa4962879f0>,<function <lambda> at 0x7fa496287a90>,<function <lambda> at 0x7fa496287b30>
10265,2021-03-03 16:00:00,<function <lambda> at 0x7fa4962879f0>,<function <lambda> at 0x7fa496287a90>,<function <lambda> at 0x7fa496287b30>
10266,2021-03-03 17:00:00,<function <lambda> at 0x7fa4962879f0>,<function <lambda> at 0x7fa496287a90>,<function <lambda> at 0x7fa496287b30>
10267,2021-03-03 18:00:00,<function <lambda> at 0x7fa4962879f0>,<function <lambda> at 0x7fa496287a90>,<function <lambda> at 0x7fa496287b30>
10268,2021-03-03 19:00:00,<function <lambda> at 0x7fa4962879f0>,<function <lambda> at 0x7fa496287a90>,<function <lambda> at 0x7fa496287b30>
10269,2021-03-03 20:00:00,<function <lambda> at 0x7fa4962879f0>,<function <lambda> at 0x7fa496287a90>,<function <lambda> at 0x7fa496287b30>
10270,2021-03-03 21:00:00,<function <lambda> at 0x7fa4962879f0>,<function <lambda> at 0x7fa496287a90>,<function <lambda> at 0x7fa496287b30>
10271,2021-03-03 22:00:00,<function <lambda> at 0x7fa4962879f0>,<function <lambda> at 0x7fa496287a90>,<function <lambda> at 0x7fa496287b30>
10272,2021-03-03 23:00:00,<function <lambda> at 0x7fa4962879f0>,<function <lambda> at 0x7fa496287a90>,<function <lambda> at 0x7fa496287b30>
10273,2021-03-04 00:00:00,<function <lambda> at 0x7fa4962879f0>,<function <lambda> at 0x7fa496287a90>,<function <lambda> at 0x7fa496287b30>
10274,2021-03-04 01:00:00,<function <lambda> at 0x7fa4962879f0>,<function <lambda> at 0x7fa496287a90>,<function <lambda> at 0x7fa496287b30>
10275,2021-03-04 02:00:00,<function <lambda> at 0x7fa4962879f0>,<function <lambda> at 0x7fa496287a90>,<function <lambda> at 0x7fa496287b30>
10276,2021-03-04 03:00:00,<function <lambda> at 0x7fa4962879f0>,<function <lambda> at 0x7fa496287a90>,<function <lambda> at 0x7fa496287b30>
10277,2021-03-04 04:00:00,<function <lambda> at 0x7fa4962879f0>,<function <lambda> at 0x7fa496287a90>,<function <lambda> at 0x7fa496287b30>
10278,2021-03-04 05:00:00,<function <lambda> at 0x7fa4962879f0>,<function <lambda> at 0x7fa496287a90>,<function <lambda> at 0x7fa496287b30>
10279,2021-03-04 06:00:00,<function <lambda> at 0x7fa4962879f0>,<function <lambda> at 0x7fa496287a90>,<function <lambda> at 0x7fa496287b30>
10280,2021-03-04 07:00:00,<function <lambda> at 0x7fa4962879f0>,<function <lambda> at 0x7fa496287a90>,<function <lambda> at 0x7fa496287b30>
10281,2021-03-04 08:00:00,<function <lambda> at 0x7fa4962879f0>,<function <lambda> at 0x7fa496287a90>,<function <lambda> at 0x7fa496287b30>
10282,2021-03-04 09:00:00,<function <lambda> at 0x7fa4962879f0>,<function <lambda> at 0x7fa496287a90>,<function <lambda> at 0x7fa496287b30>
10283,2021-03-04 10:00:00,<function <lambda> at 0x7fa4962879f0>,<function <lambda> at 0x7fa496287a90>,<function <lambda> at 0x7fa496287b30>
10284,2021-03-04 11:00:00,<function <lambda> at 0x7fa4962879f0>,<function <lambda> at 0x7fa496287a90>,<function <lambda> at 0x7fa496287b30>
10285,2021-03-04 12:00:00,<function <lambda> at 0x7fa4962879f0>,<function <lambda> at 0x7fa496287a90>,<function <lambda> at 0x7fa496287b30>
10286,2021-03-04 13:00:00,<function <lambda> at 0x7fa4962879f0>,<function <lambda> at 0x7fa496287a90>,<function <lambda> at 0x7fa496287b30>
10287,2021-03-04 14:00:00,<function <lambda> at 0x7fa4962879f0>,<function <lambda> at 0x7fa496287a90>,<function <lambda> at 0x7fa496287b30>
10288,2021-03-04 15:00:00,<function <lambda> at 0x7fa4962879f0>,<function <lambda> at 0x7fa496287a90>,<function <lambda> at 0x7fa496287b30>
10289,2021-03-04 16:00:00,<function <lambda> at 0x7fa4962879f0>,<function <lambda> at 0x7fa496287a90>,<function <lambda> at 0x7fa496287b30>
10290,2021-03-04 17:00:00,<function <lambda> at 0x7fa4962879f0>,<function <lambda> at 0x7fa496287a90>,<function <lambda> at 0x7fa496287b30>
10291,2021-03-04 18:00:00,<function <lambda> at 0x7fa4962879f0>,<function <lambda> at 0x7fa496287a90>,<function <lambda> at 0x7fa496287b30>
10292,2021-03-04 19:00:00,<function <lambda> at 0x7fa4962879f0>,<function <lambda> at 0x7fa496287a90>,<function <lambda> at 0x7fa496287b30>
10293,2021-03-04 20:00:00,<function <lambda> at 0x7fa4962879f0>,<function <lambda> at 0x7fa496287a90>,<function <lambda> at 0x7fa496287b30>
10294,2021-03-04 21:00:00,<function <lambda> at 0x7fa4962879f0>,<function <lambda> at 0x7fa496287a90>,<function <lambda> at 0x7fa496287b30>
10295,2021-03-04 22:00:00,<function <lambda> at 0x7fa4962879f0>,<function <lambda> at 0x7fa496287a90>,<function <lambda> at 0x7fa496287b30>
10296,2021-03-04 23:00:00,<function <lambda> at 0x7fa4962879f0>,<function <lambda> at 0x7fa496287a90>,<function <lambda> at 0x7fa496287b30>
10297,2021-03-05 00:00:00,<function <lambda> at 0x7fa4962879f0>,<function <lambda> at 0x7fa496287a90>,<function <lambda> at 0x7fa496287b30>
10298,2021-03-05 01:00:00,<function <lambda> at 0x7fa4962879f0>,<function <lambda> at 0x7fa496287a90>,<function <lambda> at 0x7fa496287b30>
10299,2021-03-05 02:00:00,<function <lambda> at 0x7fa4962879f0>,<function <lambda> at 0x7fa496287a90>,<function <lambda> at 0x7fa496287b30>
10300,2021-03-05 03:00:00,<function <lambda> at 0x7fa4962879f0>,<function <lambda> at 0x7fa496287a90>,<function <lambda> at 0x7fa496287b30>
10301,2021-03-05 04:00:00,<function <lambda> at 0x7fa4962879f0>,<function <lambda> at 0x7fa496287a90>,<function <lambda> at 0x7fa496287b30>
10302,2021-03-05 05:00:00,<function <lambda> at 0x7fa4962879f0>,<function <lambda> at 0x7fa496287a90>,<function <lambda> at 0x7fa496287b30>
10303,2021-03-05 06:00:00,<function <lambda> at 0x7fa4962879f0>,<function <lambda> at 0x7fa496287a90>,<function <lambda> at 0x7fa496287b30>
10304,2021-03-05 07:00:00,<function <lambda> at 0x7fa4962879f0>,<function <lambda> at 0x7fa496287a90>,<function <lambda> at 0x7fa496287b30>
10305,2021-03-05 08:00:00,<function <lambda> at 0x7fa4962879f0>,<function <lambda> at 0x7fa496287a90>,<function <lambda> at 0x7fa496287b30>
10306,2021-03-05 09:00:00,<function <lambda> at 0x7fa4962879f0>,<function <lambda> at 0x7fa496287a90>,<function <lambda> at 0x7fa496287b30>
10307,2021-03-05 10:00:00,<function <lambda> at 0x7fa4962879f0>,<function <lambda> at 0x7fa496287a90>,<function <lambda> at 0x7fa496287b30>
10308,2021-03-05 11:00:00,<function <lambda> at 0x7fa4962879f0>,<function <lambda> at 0x7fa496287a90>,<function <lambda> at 0x7fa496287b30>
10309,2021-03-05 12:00:00,<function <lambda> at 0x7fa4962879f0>,<function <lambda> at 0x7fa496287a90>,<function <lambda> at 0x7fa496287b30>
10310,2021-03-05 13:00:00,<function <lambda> at 0x7fa4962879f0>,<function <lambda> at 0x7fa496287a90>,<function <lambda> at 0x7fa496287b30>
10311,2021-03-05 14:00:00,<function <lambda> at 0x7fa4962879f0>,<function <lambda> at 0x7fa496287a90>,<function <lambda> at 0x7fa496287b30>
10312,2021-03-05 15:00:00,<function <lambda> at 0x7fa4962879f0>,<function <lambda> at 0x7fa496287a90>,<function <lambda> at 0x7fa496287b30>
10313,2021-03-05 16:00:00,<function <lambda> at 0x7fa4962879f0>,<function <lambda> at 0x7fa496287a90>,<function <lambda> at 0x7fa496287b30>
10314,2021-03-05 17:00:00,<function <lambda> at 0x7fa4962879f0>,<function <lambda> at 0x7fa496287a90>,<function <lambda> at 0x7fa496287b30>
10315,2021-03-05 18:00:00,<function <lambda> at 0x7fa4962879f0>,<function <lambda> at 0x7fa496287a90>,<function <lambda> at 0x7fa496287b30>
10316,2021-03-05 19:00:00,<function <lambda> at 0x7fa4962879f0>,<function <lambda> at 0x7fa496287a90>,<function <lambda> at 0x7fa496287b30>
10317,2021-03-05 20:00:00,<function <lambda> at 0x7fa4962879f0>,<function <lambda> at 0x7fa496287a90>,<function <lambda> at 0x7fa496287b30>
10318,2021-03-05 21:00:00,<function <lambda> at 0x7fa4962879f0>,<function <lambda> at 0x7fa496287a90>,<function <lambda> at 0x7fa496287b30>
10319,2021-03-05 22:00:00,<function <lambda> at 0x7fa4962879f0>,<function <lambda> at 0x7fa496287a90>,<function <lambda> at 0x7fa496287b30>
10320,2021-03-05 23:00:00,<function <lambda> at 0x7fa4962879f0>,<function <lambda> at 0x7fa496287a90>,<function <lambda> at 0x7fa496287b30>
10321,2021-03-06 00:00:00,<function <lambda> at 0x7fa4962879f0>,<function <lambda> at 0x7fa496287a90>,<function <lambda> at 0x7fa496287b30>
10322,2021-03-06 01:00:00,<function <lambda> at 0x7fa4962879f0>,<function <lambda> at 0x7fa496287a90>,<function <lambda> at 0x7fa496287b30>
10323,2021-03-06 02:00:00,<function <lambda> at 0x7fa4962879f0>,<function <lambda> at 0x7fa496287a90>,<function <lambda> at 0x7fa496287b30>
10324,2021-03-06 03:00:00,<function <lambda> at 0x7fa4962879f0>,<function <lambda> at 0x7fa496287a90>,<function <lambda> at 0x7fa496287b30>
10325,2021-03-06 04:00:00,<function <lambda> at 0x7fa4962879f0>,<function <lambda> at 0x7fa496287a90>,<function <lambda> at 0x7fa496287b30>
10326,2021-03-06 05:00:00,<function <lambda> at 0x7fa4962879f0>,<function <lambda> at 0x7fa496287a90>,<function <lambda> at 0x7fa496287b30>
10327,2021-03-06 06:00:00,<function <lambda> at 0x7fa4962879f0>,<function <lambda> at 0x7fa496287a90>,<function <lambda> at 0x7fa496287b30>
10328,2021-03-06 07:00:00,<function <lambda> at 0x7fa4962879f0>,<function <lambda> at 0x7fa496287a90>,<function <lambda> at 0x7fa496287b30>
10329,2021-03-06 08:00:00,<function <lambda> at 0x7fa4962879f0>,<function <lambda> at 0x7fa496287a90>,<function <lambda> at 0x7fa496287b30>
10330,2021-03-06 09:00:00,<function <lambda> at 0x7fa4962879f0>,<function <lambda> at 0x7fa496287a90>,<function <lambda> at 0x7fa496287b30>
10331,2021-03-06 10:00:00,<function <lambda> at 0x7fa4962879f0>,<function <lambda> at 0x7fa496287a90>,<function <lambda> at 0x7fa496287b30>
10332,2021-03-06 11:00:00,<function <lambda> at 0x7fa4962879f0>,<function <lambda> at 0x7fa496287a90>,<function <lambda> at 0x7fa496287b30>
10333,2021-03-06 12:00:00,<function <lambda> at 0x7fa4962879f0>,<function <lambda> at 0x7fa496287a90>,<function <lambda> at 0x7fa496287b30>
10334,2021-03-06 13:00:00,<function <lambda> at 0x7fa4962879f0>,<function <lambda> at 0x7fa496287a90>,<function <lambda> at 0x7fa496287b30>
10335,2021-03-06 14:00:00,<function <lambda> at 0x7fa4962879f0>,<function <lambda> at 0x7fa496287a90>,<function <lambda> at 0x7fa496287b30>
10336,2021-03-06 15:00:00,<function <lambda> at 0x7fa4962879f0>,<function <lambda> at 0x7fa496287a90>,<function <lambda> at 0x7fa496287b30>
10337,2021-03-06 16:00:00,<function <lambda> at 0x7fa4962879f0>,<function <lambda> at 0x7fa496287a90>,<function <lambda> at 0x7fa496287b30>
10338,2021-03-06 17:00:00,<function <lambda> at 0x7fa4962879f0>,<function <lambda> at 0x7fa496287a90>,<function <lambda> at 0x7fa496287b30>
10339,2021-03-06 18:00:00,<function <lambda> at 0x7fa4962879f0>,<function <lambda> at 0x7fa496287a90>,<function <lambda> at 0x7fa496287b30>
10340,2021-03-06 19:00:00,<function <lambda> at 0x7fa4962879f0>,<function <lambda> at 0x7fa496287a90>,<function <lambda> at 0x7fa496287b30>
10341,2021-03-06 20:00:00,<function <lambda> at 0x7fa4962879f0>,<function <lambda> at 0x7fa496287a90>,<function <lambda> at 0x7fa496287b30>
10342,2021-03-06 21:00:00,<function <lambda> at 0x7fa4962879f0>,<function <lambda> at 0x7fa496287a90>,<function <lambda> at 0x7fa496287b30>
10343,2021-03-06 22:00:00,<function <lambda> at 0x7fa4962879f0>,<function <lambda> at 0x7fa496287a90>,<function <lambda> at 0x7fa496287b30>
10344,2021-03-06 23:00:00,<function <lambda> at 0x7fa4962879f0>,<function <lambda> at 0x7fa496287a90>,<function <lambda> at 0x7fa496287b30>
10345,2021-03-07 00:00:00,<function <lambda> at 0x7fa4962879f0>,<function <lambda> at 0x7fa496287a90>,<function <lambda> at 0x7fa496287b30>
10346,2021-03-07 01:00:00,<function <lambda> at 0x7fa4962879f0>,<function <lambda> at 0x7fa496287a90>,<function <lambda> at 0x7fa496287b30>
10347,2021-03-07 02:00:00,<function <lambda> at 0x7fa4962879f0>,<function <lambda> at 0x7fa496287a90>,<function <lambda> at 0x7fa496287b30>
10348,2021-03-07 03:00:00,<function <lambda> at 0x7fa4962879f0>,<function <lambda> at 0x7fa496287a90>,<function <lambda> at 0x7fa496287b30>
10349,2021-03-07 04:00:00,<function <lambda> at 0x7fa4962879f0>,<function <lambda> at 0x7fa496287a90>,<function <lambda> at 0x7fa496287b30>
10350,2021-03-07 05:00:00,<function <lambda> at 0x7fa4962879f0>,<function <lambda> at 0x7fa496287a90>,<function <lambda> at 0x7fa496287b30>
10351,2021-03-07 06:00:00,<function <lambda> at 0x7fa4962879f0>,<function <lambda> at 0x7fa496287a90>,<function <lambda> at 0x7fa496287b30>
10352,2021-03-07 07:00:00,<function <lambda> at 0x7fa4962879f0>,<function <lambda> at 0x7fa496287a90>,<function <lambda> at 0x7fa496287b30>
10353,2021-03-07 08:00:00,<function <lambda> at 0x7fa4962879f0>,<function <lambda> at 0x7fa496287a90>,<function <lambda> at 0x7fa496287b30>
10354,2021-03-07 09:00:00,<function <lambda> at 0x7fa4962879f0>,<function <lambda> at 0x7fa496287a90>,<function <lambda> at 0x7fa496287b30>
10355,2021-03-07 10:00:00,<function <lambda> at 0x7fa4962879f0>,<function <lambda> at 0x7fa496287a90>,<function <lambda> at 0x7fa496287b30>
10356,2021-03-07 11:00:00,<function <lambda> at 0x7fa4962879f0>,<function <lambda> at 0x7fa496287a90>,<function <lambda> at 0x7fa496287b30>
10357,2021-03-07 12:00:00,<function <lambda> at 0x7fa4962879f0>,<function <lambda> at 0x7fa496287a90>,<function <lambda> at 0x7fa496287b30>
10358,2021-03-07 13:00:00,<function <lambda> at 0x7fa4962879f0>,<function <lambda> at 0x7fa496287a90>,<function <lambda> at 0x7fa496287b30>
10359,2021-03-07 14:00:00,<function <lambda> at 0x7fa4962879f0>,<function <lambda> at 0x7fa496287a90>,<function <lambda> at 0x7fa496287b30>
10360,2021-03-07 15:00:00,<function <lambda> at 0x7fa4962879f0>,<function <lambda> at 0x7fa496287a90>,<function <lambda> at 0x7fa496287b30>
10361,2021-03-07 16:00:00,<function <lambda> at 0x7fa4962879f0>,<function <lambda> at 0x7fa496287a90>,<function <lambda> at 0x7fa496287b30>
10362,2021-03-07 17:00:00,<function <lambda> at 0x7fa4962879f0>,<function <lambda> at 0x7fa496287a90>,<function <lambda> at 0x7fa496287b30>
10363,2021-03-07 18:00:00,<function <lambda> at 0x7fa4962879f0>,<function <lambda> at 0x7fa496287a90>,<function <lambda> at 0x7fa496287b30>
10364,2021-03-07 19:00:00,<function <lambda> at 0x7fa4962879f0>,<function <lambda> at 0x7fa496287a90>,<function <lambda> at 0x7fa496287b30>
10365,2021-03-07 20:00:00,<function <lambda> at 0x7fa4962879f0>,<function <lambda> at 0x7fa496287a90>,<function <lambda> at 0x7fa496287b30>
10366,2021-03-07 21:00:00,<function <lambda> at 0x7fa4962879f0>,<function <lambda> at 0x7fa496287a90>,<function <lambda> at 0x7fa496287b30>
10367,2021-03-07 22:00:00,<function <lambda> at 0x7fa4962879f0>,<function <lambda> at 0x7fa496287a90>,<function <lambda> at 0x7fa496287b30>
10368,2021-03-07 23:00:00,<function <lambda> at 0x7fa4962879f0>,<function <lambda> at 0x7fa496287a90>,<function <lambda> at 0x7fa496287b30>
10369,2021-03-08 00:00:00,<function <lambda> at 0x7fa4962879f0>,<function <lambda> at 0x7fa496287a90>,<function <lambda> at 0x7fa496287b30>
10370,2021-03-08 01:00:00,<function <lambda> at 0x7fa4962879f0>,<function <lambda> at 0x7fa496287a90>,<function <lambda> at 0x7fa496287b30>
10371,2021-03-08 02:00:00,<function <lambda> at 0x7fa4962879f0>,<function <lambda> at 0x7fa496287a90>,<function <lambda> at 0x7fa496287b30>
10372,2021-03-08 03:00:00,<function <lambda> at 0x7fa4962879f0>,<function <lambda> at 0x7fa496287a90>,<function <lambda> at 0x7fa496287b30>
10373,2021-03-08 04:00:00,<function <lambda> at 0x7fa4962879f0>,<function <lambda> at 0x7fa496287a90>,<function <lambda> at 0x7fa496287b30>
10374,2021-03-08 05:00:00,<function <lambda> at 0x7fa4962879f0>,<function <lambda> at 0x7fa496287a90>,<function <lambda> at 0x7fa496287b30>
10375,2021-03-08 06:00:00,<function <lambda> at 0x7fa4962879f0>,<function <lambda> at 0x7fa496287a90>,<function <lambda> at 0x7fa496287b30>
10376,2021-03-08 07:00:00,<function <lambda> at 0x7fa4962879f0>,<function <lambda> at 0x7fa496287a90>,<function <lambda> at 0x7fa496287b30>
10377,2021-03-08 08:00:00,<function <lambda> at 0x7fa4962879f0>,<function <lambda> at 0x7fa496287a90>,<function <lambda> at 0x7fa496287b30>
10378,2021-03-08 09:00:00,<function <lambda> at 0x7fa4962879f0>,<function <lambda> at 0x7fa496287a90>,<function <lambda> at 0x7fa496287b30>
10379,2021-03-08 10:00:00,<function <lambda> at 0x7fa4962879f0>,<function <lambda> at 0x7fa496287a90>,<function <lambda> at 0x7fa496287b30>
10380,2021-03-08 11:00:00,<function <lambda> at 0x7fa4962879f0>,<function <lambda> at 0x7fa496287a90>,<function <lambda> at 0x7fa496287b30>
10381,2021-03-08 12:00:00,<function <lambda> at 0x7fa4962879f0>,<function <lambda> at 0x7fa496287a90>,<function <lambda> at 0x7fa496287b30>
10382,2021-03-08 13:00:00,<function <lambda> at 0x7fa4962879f0>,<function <lambda> at 0x7fa496287a90>,<function <lambda> at 0x7fa496287b30>
10383,2021-03-08 14:00:00,<function <lambda> at 0x7fa4962879f0>,<function <lambda> at 0x7fa496287a90>,<function <lambda> at 0x7fa496287b30>
10384,2021-03-08 15:00:00,<function <lambda> at 0x7fa4962879f0>,<function <lambda> at 0x7fa496287a90>,<function <lambda> at 0x7fa496287b30>
10385,2021-03-08 16:00:00,<function <lambda> at 0x7fa4962879f0>,<function <lambda> at 0x7fa496287a90>,<function <lambda> at 0x7fa496287b30>
10386,2021-03-08 17:00:00,<function <lambda> at 0x7fa4962879f0>,<function <lambda> at 0x7fa496287a90>,<function <lambda> at 0x7fa496287b30>
10387,2021-03-08 18:00:00,<function <lambda> at 0x7fa4962879f0>,<function <lambda> at 0x7fa496287a90>,<function <lambda> at 0x7fa496287b30>
10388,2021-03-08 19:00:00,<function <lambda> at 0x7fa4962879f0>,<function <lambda> at 0x7fa496287a90>,<function <lambda> at 0x7fa496287b30>
10389,2021-03-08 20:00:00,<function <lambda> at 0x7fa4962879f0>,<function <lambda> at 0x7fa496287a90>,<function <lambda> at 0x7fa496287b30>
10390,2021-03-08 21:00:00,<function <lambda> at 0x7fa4962879f0>,<function <lambda> at 0x7fa496287a90>,<function <lambda> at 0x7fa496287b30>
10391,2021-03-08 22:00:00,<function <lambda> at 0x7fa4962879f0>,<function <lambda> at 0x7fa496287a90>,<function <lambda> at 0x7fa496287b30>
10392,2021-03-08 23:00:00,<function <lambda> at 0x7fa4962879f0>,<function <lambda> at 0x7fa496287a90>,<function <lambda> at 0x7fa496287b30>
10393,2021-03-09 00:00:00,<function <lambda> at 0x7fa4962879f0>,<function <lambda> at 0x7fa496287a90>,<function <lambda> at 0x7fa496287b30>
10394,2021-03-09 01:00:00,<function <lambda> at 0x7fa4962879f0>,<function <lambda> at 0x7fa496287a90>,<function <lambda> at 0x7fa496287b30>
10395,2021-03-09 02:00:00,<function <lambda> at 0x7fa4962879f0>,<function <lambda> at 0x7fa496287a90>,<function <lambda> at 0x7fa496287b30>
10396,2021-03-09 03:00:00,<function <lambda> at 0x7fa4962879f0>,<function <lambda> at 0x7fa496287a90>,<function <lambda> at 0x7fa496287b30>
10397,2021-03-09 04:00:00,<function <lambda> at 0x7fa4962879f0>,<function <lambda> at 0x7fa496287a90>,<function <lambda> at 0x7fa496287b30>
10398,2021-03-09 05:00:00,<function <lambda> at 0x7fa4962879f0>,<function <lambda> at 0x7fa496287a90>,<function <lambda> at 0x7fa496287b30>
10399,2021-03-09 06:00:00,<function <lambda> at 0x7fa4962879f0>,<function <lambda> at 0x7fa496287a90>,<function <lambda> at 0x7fa496287b30>
10400,2021-03-09 07:00:00,<function <lambda> at 0x7fa4962879f0>,<function <lambda> at 0x7fa496287a90>,<function <lambda> at 0x7fa496287b30>
10401,2021-03-09 08:00:00,<function <lambda> at 0x7fa4962879f0>,<function <lambda> at 0x7fa496287a90>,<function <lambda> at 0x7fa496287b30>
10402,2021-03-09 09:00:00,<function <lambda> at 0x7fa4962879f0>,<function <lambda> at 0x7fa496287a90>,<function <lambda> at 0x7fa496287b30>
10403,2021-03-09 10:00:00,<function <lambda> at 0x7fa4962879f0>,<function <lambda> at 0x7fa496287a90>,<function <lambda> at 0x7fa496287b30>
10404,2021-03-09 11:00:00,<function <lambda> at 0x7fa4962879f0>,<function <lambda> at 0x7fa496287a90>,<function <lambda> at 0x7fa496287b30>
10405,2021-03-09 12:00:00,<function <lambda> at 0x7fa4962879f0>,<function <lambda> at 0x7fa496287a90>,<function <lambda> at 0x7fa496287b30>
10406,2021-03-09 13:00:00,<function <lambda> at 0x7fa4962879f0>,<function <lambda> at 0x7fa496287a90>,<function <lambda> at 0x7fa496287b30>
10407,2021-03-09 14:00:00,<function <lambda> at 0x7fa4962879f0>,<function <lambda> at 0x7fa496287a90>,<function <lambda> at 0x7fa496287b30>
10408,2021-03-09 15:00:00,<function <lambda> at 0x7fa4962879f0>,<function <lambda> at 0x7fa496287a90>,<function <lambda> at 0x7fa496287b30>
10409,2021-03-09 16:00:00,<function <lambda> at 0x7fa4962879f0>,<function <lambda> at 0x7fa496287a90>,<function <lambda> at 0x7fa496287b30>
10410,2021-03-09 17:00:00,<function <lambda> at 0x7fa4962879f0>,<function <lambda> at 0x7fa496287a90>,<function <lambda> at 0x7fa496287b30>
10411,2021-03-09 18:00:00,<function <lambda> at 0x7fa4962879f0>,<function <lambda> at 0x7fa496287a90>,<function <lambda> at 0x7fa496287b30>
10412,2021-03-09 19:00:00,<function <lambda> at 0x7fa4962879f0>,<function <lambda> at 0x7fa496287a90>,<function <lambda> at 0x7fa496287b30>
10413,2021-03-09 20:00:00,<function <lambda> at 0x7fa4962879f0>,<function <lambda> at 0x7fa496287a90>,<function <lambda> at 0x7fa496287b30>
10414,2021-03-09 21:00:00,<function <lambda> at 0x7fa4962879f0>,<function <lambda> at 0x7fa496287a90>,<function <lambda> at 0x7fa496287b30>
10415,2021-03-09 22:00:00,<function <lambda> at 0x7fa4962879f0>,<function <lambda> at 0x7fa496287a90>,<function <lambda> at 0x7fa496287b30>
10416,2021-03-09 23:00:00,<function <lambda> at 0x7fa4962879f0>,<function <lambda> at 0x7fa496287a90>,<function <lambda> at 0x7fa496287b30>
10417,2021-03-10 00:00:00,<function <lambda> at 0x7fa4962879f0>,<function <lambda> at 0x7fa496287a90>,<function <lambda> at 0x7fa496287b30>
10418,2021-03-10 01:00:00,<function <lambda> at 0x7fa4962879f0>,<function <lambda> at 0x7fa496287a90>,<function <lambda> at 0x7fa496287b30>
10419,2021-03-10 02:00:00,<function <lambda> at 0x7fa4962879f0>,<function <lambda> at 0x7fa496287a90>,<function <lambda> at 0x7fa496287b30>
10420,2021-03-10 03:00:00,<function <lambda> at 0x7fa4962879f0>,<function <lambda> at 0x7fa496287a90>,<function <lambda> at 0x7fa496287b30>
10421,2021-03-10 04:00:00,<function <lambda> at 0x7fa4962879f0>,<function <lambda> at 0x7fa496287a90>,<function <lambda> at 0x7fa496287b30>
10422,2021-03-10 05:00:00,<function <lambda> at 0x7fa4962879f0>,<function <lambda> at 0x7fa496287a90>,<function <lambda> at 0x7fa496287b30>
10423,2021-03-10 06:00:00,<function <lambda> at 0x7fa4962879f0>,<function <lambda> at 0x7fa496287a90>,<function <lambda> at 0x7fa496287b30>
10424,2021-03-10 07:00:00,<function <lambda> at 0x7fa4962879f0>,<function <lambda> at 0x7fa496287a90>,<function <lambda> at 0x7fa496287b30>
10425,2021-03-10 08:00:00,<function <lambda> at 0x7fa4962879f0>,<function <lambda> at 0x7fa496287a90>,<function <lambda> at 0x7fa496287b30>
10426,2021-03-10 09:00:00,<function <lambda> at 0x7fa4962879f0>,<function <lambda> at 0x7fa496287a90>,<function <lambda> at 0x7fa496287b30>
10427,2021-03-10 10:00:00,<function <lambda> at 0x7fa4962879f0>,<function <lambda> at 0x7fa496287a90>,<function <lambda> at 0x7fa496287b30>
10428,2021-03-10 11:00:00,<function <lambda> at 0x7fa4962879f0>,<function <lambda> at 0x7fa496287a90>,<function <lambda> at 0x7fa496287b30>
10429,2021-03-10 12:00:00,<function <lambda> at 0x7fa4962879f0>,<function <lambda> at 0x7fa496287a90>,<function <lambda> at 0x7fa496287b30>
10430,2021-03-10 13:00:00,<function <lambda> at 0x7fa4962879f0>,<function <lambda> at 0x7fa496287a90>,<function <lambda> at 0x7fa496287b30>
10431,2021-03-10 14:00:00,<function <lambda> at 0x7fa4962879f0>,<function <lambda> at 0x7fa496287a90>,<function <lambda> at 0x7fa496287b30>
10432,2021-03-10 15:00:00,<function <lambda> at 0x7fa4962879f0>,<function <lambda> at 0x7fa496287a90>,<function <lambda> at 0x7fa496287b30>
10433,2021-03-10 16:00:00,<function <lambda> at 0x7fa4962879f0>,<function <lambda> at 0x7fa496287a90>,<function <lambda> at 0x7fa496287b30>
10434,2021-03-10 17:00:00,<function <lambda> at 0x7fa4962879f0>,<function <lambda> at 0x7fa496287a90>,<function <lambda> at 0x7fa496287b30>
10435,2021-03-10 18:00:00,<function <lambda> at 0x7fa4962879f0>,<function <lambda> at 0x7fa496287a90>,<function <lambda> at 0x7fa496287b30>
10436,2021-03-10 19:00:00,<function <lambda> at 0x7fa4962879f0>,<function <lambda> at 0x7fa496287a90>,<function <lambda> at 0x7fa496287b30>
10437,2021-03-10 20:00:00,<function <lambda> at 0x7fa4962879f0>,<function <lambda> at 0x7fa496287a90>,<function <lambda> at 0x7fa496287b30>
10438,2021-03-10 21:00:00,<function <lambda> at 0x7fa4962879f0>,<function <lambda> at 0x7fa496287a90>,<function <lambda> at 0x7fa496287b30>
10439,2021-03-10 22:00:00,<function <lambda> at 0x7fa4962879f0>,<function <lambda> at 0x7fa496287a90>,<function <lambda> at 0x7fa496287b30>
10440,2021-03-10 23:00:00,<function <lambda> at 0x7fa4962879f0>,<function <lambda> at 0x7fa496287a90>,<function <lambda> at 0x7fa496287b30>
10441,2021-03-11 00:00:00,<function <lambda> at 0x7fa4962879f0>,<function <lambda> at 0x7fa496287a90>,<function <lambda> at 0x7fa496287b30>
10442,2021-03-11 01:00:00,<function <lambda> at 0x7fa4962879f0>,<function <lambda> at 0x7fa496287a90>,<function <lambda> at 0x7fa496287b30>
10443,2021-03-11 02:00:00,<function <lambda> at 0x7fa4962879f0>,<function <lambda> at 0x7fa496287a90>,<function <lambda> at 0x7fa496287b30>
10444,2021-03-11 03:00:00,<function <lambda> at 0x7fa4962879f0>,<function <lambda> at 0x7fa496287a90>,<function <lambda> at 0x7fa496287b30>
10445,2021-03-11 04:00:00,<function <lambda> at 0x7fa4962879f0>,<function <lambda> at 0x7fa496287a90>,<function <lambda> at 0x7fa496287b30>
10446,2021-03-11 05:00:00,<function <lambda> at 0x7fa4962879f0>,<function <lambda> at 0x7fa496287a90>,<function <lambda> at 0x7fa496287b30>
10447,2021-03-11 06:00:00,<function <lambda> at 0x7fa4962879f0>,<function <lambda> at 0x7fa496287a90>,<function <lambda> at 0x7fa496287b30>
10448,2021-03-11 07:00:00,<function <lambda> at 0x7fa4962879f0>,<function <lambda> at 0x7fa496287a90>,<function <lambda> at 0x7fa496287b30>
10449,2021-03-11 08:00:00,<function <lambda> at 0x7fa4962879f0>,<function <lambda> at 0x7fa496287a90>,<function <lambda> at 0x7fa496287b30>
10450,2021-03-11 09:00:00,<function <lambda> at 0x7fa4962879f0>,<function <lambda> at 0x7fa496287a90>,<function <lambda> at 0x7fa496287b30>
10451,2021-03-11 10:00:00,<function <lambda> at 0x7fa4962879f0>,<function <lambda> at 0x7fa496287a90>,<function <lambda> at 0x7fa496287b30>
10452,2021-03-11 11:00:00,<function <lambda> at 0x7fa4962879f0>,<function <lambda> at 0x7fa496287a90>,<function <lambda> at 0x7fa496287b30>
10453,2021-03-11 12:00:00,<function <lambda> at 0x7fa4962879f0>,<function <lambda> at 0x7fa496287a90>,<function <lambda> at 0x7fa496287b30>
10454,2021-03-11 13:00:00,<function <lambda> at 0x7fa4962879f0>,<function <lambda> at 0x7fa496287a90>,<function <lambda> at 0x7fa496287b30>
10455,2021-03-11 14:00:00,<function <lambda> at 0x7fa4962879f0>,<function <lambda> at 0x7fa496287a90>,<function <lambda> at 0x7fa496287b30>
10456,2021-03-11 15:00:00,<function <lambda> at 0x7fa4962879f0>,<function <lambda> at 0x7fa496287a90>,<function <lambda> at 0x7fa496287b30>
10457,2021-03-11 16:00:00,<function <lambda> at 0x7fa4962879f0>,<function <lambda> at 0x7fa496287a90>,<function <lambda> at 0x7fa496287b30>
10458,2021-03-11 17:00:00,<function <lambda> at 0x7fa4962879f0>,<function <lambda> at 0x7fa496287a90>,<function <lambda> at 0x7fa496287b30>
10459,2021-03-11 18:00:00,<function <lambda> at 0x7fa4962879f0>,<function <lambda> at 0x7fa496287a90>,<function <lambda> at 0x7fa496287b30>
10460,2021-03-11 19:00:00,<function <lambda> at 0x7fa4962879f0>,<function <lambda> at 0x7fa496287a90>,<function <lambda> at 0x7fa496287b30>
10461,2021-03-11 20:00:00,<function <lambda> at 0x7fa4962879f0>,<function <lambda> at 0x7fa496287a90>,<function <lambda> at 0x7fa496287b30>
10462,2021-03-11 21:00:00,<function <lambda> at 0x7fa4962879f0>,<function <lambda> at 0x7fa496287a90>,<function <lambda> at 0x7fa496287b30>
10463,2021-03-11 22:00:00,<function <lambda> at 0x7fa4962879f0>,<function <lambda> at 0x7fa496287a90>,<function <lambda> at 0x7fa496287b30>
10464,2021-03-11 23:00:00,<function <lambda> at 0x7fa4962879f0>,<function <lambda> at 0x7fa496287a90>,<function <lambda> at 0x7fa496287b30>
10465,2021-03-12 00:00:00,<function <lambda> at 0x7fa4962879f0>,<function <lambda> at 0x7fa496287a90>,<function <lambda> at 0x7fa496287b30>
10466,2021-03-12 01:00:00,<function <lambda> at 0x7fa4962879f0>,<function <lambda> at 0x7fa496287a90>,<function <lambda> at 0x7fa496287b30>
10467,2021-03-12 02:00:00,<function <lambda> at 0x7fa4962879f0>,<function <lambda> at 0x7fa496287a90>,<function <lambda> at 0x7fa496287b30>
10468,2021-03-12 03:00:00,<function <lambda> at 0x7fa4962879f0>,<function <lambda> at 0x7fa496287a90>,<function <lambda> at 0x7fa496287b30>
10469,2021-03-12 04:00:00,<function <lambda> at 0x7fa4962879f0>,<function <lambda> at 0x7fa496287a90>,<function <lambda> at 0x7fa496287b30>
10470,2021-03-12 05:00:00,<function <lambda> at 0x7fa4962879f0>,<function <lambda> at 0x7fa496287a90>,<function <lambda> at 0x7fa496287b30>
10471,2021-03-12 06:00:00,<function <lambda> at 0x7fa4962879f0>,<function <lambda> at 0x7fa496287a90>,<function <lambda> at 0x7fa496287b30>
10472,2021-03-12 07:00:00,<function <lambda> at 0x7fa4962879f0>,<function <lambda> at 0x7fa496287a90>,<function <lambda> at 0x7fa496287b30>
10473,2021-03-12 08:00:00,<function <lambda> at 0x7fa4962879f0>,<function <lambda> at 0x7fa496287a90>,<function <lambda> at 0x7fa496287b30>
10474,2021-03-12 09:00:00,<function <lambda> at 0x7fa4962879f0>,<function <lambda> at 0x7fa496287a90>,<function <lambda> at 0x7fa496287b30>
10475,2021-03-12 10:00:00,<function <lambda> at 0x7fa4962879f0>,<function <lambda> at 0x7fa496287a90>,<function <lambda> at 0x7fa496287b30>
10476,2021-03-12 11:00:00,<function <lambda> at 0x7fa4962879f0>,<function <lambda> at 0x7fa496287a90>,<function <lambda> at 0x7fa496287b30>
10477,2021-03-12 12:00:00,<function <lambda> at 0x7fa4962879f0>,<function <lambda> at 0x7fa496287a90>,<function <lambda> at 0x7fa496287b30>
10478,2021-03-12 13:00:00,<function <lambda> at 0x7fa4962879f0>,<function <lambda> at 0x7fa496287a90>,<function <lambda> at 0x7fa496287b30>
10479,2021-03-12 14:00:00,<function <lambda> at 0x7fa4962879f0>,<function <lambda> at 0x7fa496287a90>,<function <lambda> at 0x7fa496287b30>
10480,2021-03-12 15:00:00,<function <lambda> at 0x7fa4962879f0>,<function <lambda> at 0x7fa496287a90>,<function <lambda> at 0x7fa496287b30>
10481,2021-03-12 16:00:00,<function <lambda> at 0x7fa4962879f0>,<function <lambda> at 0x7fa496287a90>,<function <lambda> at 0x7fa496287b30>
10482,2021-03-12 17:00:00,<function <lambda> at 0x7fa4962879f0>,<function <lambda> at 0x7fa496287a90>,<function <lambda> at 0x7fa496287b30>
10483,2021-03-12 18:00:00,<function <lambda> at 0x7fa4962879f0>,<function <lambda> at 0x7fa496287a90>,<function <lambda> at 0x7fa496287b30>
10484,2021-03-12 19:00:00,<function <lambda> at 0x7fa4962879f0>,<function <lambda> at 0x7fa496287a90>,<function <lambda> at 0x7fa496287b30>
10485,2021-03-12 20:00:00,<function <lambda> at 0x7fa4962879f0>,<function <lambda> at 0x7fa496287a90>,<function <lambda> at 0x7fa496287b30>
10486,2021-03-12 21:00:00,<function <lambda> at 0x7fa4962879f0>,<function <lambda> at 0x7fa496287a90>,<function <lambda> at 0x7fa496287b30>
10487,2021-03-12 22:00:00,<function <lambda> at 0x7fa4962879f0>,<function <lambda> at 0x7fa496287a90>,<function <lambda> at 0x7fa496287b30>
10488,2021-03-12 23:00:00,<function <lambda> at 0x7fa4962879f0>,<function <lambda> at 0x7fa496287a90>,<function <lambda> at 0x7fa496287b30>
10489,2021-03-13 00:00:00,<function <lambda> at 0x7fa4962879f0>,<function <lambda> at 0x7fa496287a90>,<function <lambda> at 0x7fa496287b30>
10490,2021-03-13 01:00:00,<function <lambda> at 0x7fa4962879f0>,<function <lambda> at 0x7fa496287a90>,<function <lambda> at 0x7fa496287b30>
10491,2021-03-13 02:00:00,<function <lambda> at 0x7fa4962879f0>,<function <lambda> at 0x7fa496287a90>,<function <lambda> at 0x7fa496287b30>
10492,2021-03-13 03:00:00,<function <lambda> at 0x7fa4962879f0>,<function <lambda> at 0x7fa496287a90>,<function <lambda> at 0x7fa496287b30>
10493,2021-03-13 04:00:00,<function <lambda> at 0x7fa4962879f0>,<function <lambda> at 0x7fa496287a90>,<function <lambda> at 0x7fa496287b30>
10494,2021-03-13 05:00:00,<function <lambda> at 0x7fa4962879f0>,<function <lambda> at 0x7fa496287a90>,<function <lambda> at 0x7fa496287b30>
10495,2021-03-13 06:00:00,<function <lambda> at 0x7fa4962879f0>,<function <lambda> at 0x7fa496287a90>,<function <lambda> at 0x7fa496287b30>
10496,2021-03-13 07:00:00,<function <lambda> at 0x7fa4962879f0>,<function <lambda> at 0x7fa496287a90>,<function <lambda> at 0x7fa496287b30>
10497,2021-03-13 08:00:00,<function <lambda> at 0x7fa4962879f0>,<function <lambda> at 0x7fa496287a90>,<function <lambda> at 0x7fa496287b30>
10498,2021-03-13 09:00:00,<function <lambda> at 0x7fa4962879f0>,<function <lambda> at 0x7fa496287a90>,<function <lambda> at 0x7fa496287b30>
10499,2021-03-13 10:00:00,<function <lambda> at 0x7fa4962879f0>,<function <lambda> at 0x7fa496287a90>,<function <lambda> at 0x7fa496287b30>
10500,2021-03-13 11:00:00,<function <lambda> at 0x7fa4962879f0>,<function <lambda> at 0x7fa496287a90>,<function <lambda> at 0x7fa496287b30>
10501,2021-03-13 12:00:00,<function <lambda> at 0x7fa4962879f0>,<function <lambda> at 0x7fa496287a90>,<function <lambda> at 0x7fa496287b30>
10502,2021-03-13 13:00:00,<function <lambda> at 0x7fa4962879f0>,<function <lambda> at 0x7fa496287a90>,<function <lambda> at 0x7fa496287b30>
10503,2021-03-13 14:00:00,<function <lambda> at 0x7fa4962879f0>,<function <lambda> at 0x7fa496287a90>,<function <lambda> at 0x7fa496287b30>
10504,2021-03-13 15:00:00,<function <lambda> at 0x7fa4962879f0>,<function <lambda> at 0x7fa496287a90>,<function <lambda> at 0x7fa496287b30>
10505,2021-03-13 16:00:00,<function <lambda> at 0x7fa4962879f0>,<function <lambda> at 0x7fa496287a90>,<function <lambda> at 0x7fa496287b30>
10506,2021-03-13 17:00:00,<function <lambda> at 0x7fa4962879f0>,<function <lambda> at 0x7fa496287a90>,<function <lambda> at 0x7fa496287b30>
10507,2021-03-13 18:00:00,<function <lambda> at 0x7fa4962879f0>,<function <lambda> at 0x7fa496287a90>,<function <lambda> at 0x7fa496287b30>
10508,2021-03-13 19:00:00,<function <lambda> at 0x7fa4962879f0>,<function <lambda> at 0x7fa496287a90>,<function <lambda> at 0x7fa496287b30>
10509,2021-03-13 20:00:00,<function <lambda> at 0x7fa4962879f0>,<function <lambda> at 0x7fa496287a90>,<function <lambda> at 0x7fa496287b30>
10510,2021-03-13 21:00:00,<function <lambda> at 0x7fa4962879f0>,<function <lambda> at 0x7fa496287a90>,<function <lambda> at 0x7fa496287b30>
10511,2021-03-13 22:00:00,<function <lambda> at 0x7fa4962879f0>,<function <lambda> at 0x7fa496287a90>,<function <lambda> at 0x7fa496287b30>
10512,2021-03-13 23:00:00,<function <lambda> at 0x7fa4962879f0>,<function <lambda> at 0x7fa496287a90>,<function <lambda> at 0x7fa496287b30>
10513,2021-03-14 00:00:00,<function <lambda> at 0x7fa4962879f0>,<function <lambda> at 0x7fa496287a90>,<function <lambda> at 0x7fa496287b30>
10514,2021-03-14 01:00:00,<function <lambda> at 0x7fa4962879f0>,<function <lambda> at 0x7fa496287a90>,<function <lambda> at 0x7fa496287b30>
10515,2021-03-14 02:00:00,<function <lambda> at 0x7fa4962879f0>,<function <lambda> at 0x7fa496287a90>,<function <lambda> at 0x7fa496287b30>
10516,2021-03-14 03:00:00,<function <lambda> at 0x7fa4962879f0>,<function <lambda> at 0x7fa496287a90>,<function <lambda> at 0x7fa496287b30>
10517,2021-03-14 04:00:00,<function <lambda> at 0x7fa4962879f0>,<function <lambda> at 0x7fa496287a90>,<function <lambda> at 0x7fa496287b30>
10518,2021-03-14 05:00:00,<function <lambda> at 0x7fa4962879f0>,<function <lambda> at 0x7fa496287a90>,<function <lambda> at 0x7fa496287b30>
10519,2021-03-14 06:00:00,<function <lambda> at 0x7fa4962879f0>,<function <lambda> at 0x7fa496287a90>,<function <lambda> at 0x7fa496287b30>
10520,2021-03-14 07:00:00,<function <lambda> at 0x7fa4962879f0>,<function <lambda> at 0x7fa496287a90>,<function <lambda> at 0x7fa496287b30>
10521,2021-03-14 08:00:00,<function <lambda> at 0x7fa4962879f0>,<function <lambda> at 0x7fa496287a90>,<function <lambda> at 0x7fa496287b30>
10522,2021-03-14 09:00:00,<function <lambda> at 0x7fa4962879f0>,<function <lambda> at 0x7fa496287a90>,<function <lambda> at 0x7fa496287b30>
10523,2021-03-14 10:00:00,<function <lambda> at 0x7fa4962879f0>,<function <lambda> at 0x7fa496287a90>,<function <lambda> at 0x7fa496287b30>
10524,2021-03-14 11:00:00,<function <lambda> at 0x7fa4962879f0>,<function <lambda> at 0x7fa496287a90>,<function <lambda> at 0x7fa496287b30>
10525,2021-03-14 12:00:00,<function <lambda> at 0x7fa4962879f0>,<function <lambda> at 0x7fa496287a90>,<function <lambda> at 0x7fa496287b30>
10526,2021-03-14 13:00:00,<function <lambda> at 0x7fa4962879f0>,<function <lambda> at 0x7fa496287a90>,<function <lambda> at 0x7fa496287b30>
10527,2021-03-14 14:00:00,<function <lambda> at 0x7fa4962879f0>,<function <lambda> at 0x7fa496287a90>,<function <lambda> at 0x7fa496287b30>
10528,2021-03-14 15:00:00,<function <lambda> at 0x7fa4962879f0>,<function <lambda> at 0x7fa496287a90>,<function <lambda> at 0x7fa496287b30>
10529,2021-03-14 16:00:00,<function <lambda> at 0x7fa4962879f0>,<function <lambda> at 0x7fa496287a90>,<function <lambda> at 0x7fa496287b30>
10530,2021-03-14 17:00:00,<function <lambda> at 0x7fa4962879f0>,<function <lambda> at 0x7fa496287a90>,<function <lambda> at 0x7fa496287b30>
10531,2021-03-14 18:00:00,<function <lambda> at 0x7fa4962879f0>,<function <lambda> at 0x7fa496287a90>,<function <lambda> at 0x7fa496287b30>
10532,2021-03-14 19:00:00,<function <lambda> at 0x7fa4962879f0>,<function <lambda> at 0x7fa496287a90>,<function <lambda> at 0x7fa496287b30>
10533,2021-03-14 20:00:00,<function <lambda> at 0x7fa4962879f0>,<function <lambda> at 0x7fa496287a90>,<function <lambda> at 0x7fa496287b30>
10534,2021-03-14 21:00:00,<function <lambda> at 0x7fa4962879f0>,<function <lambda> at 0x7fa496287a90>,<function <lambda> at 0x7fa496287b30>
10535,2021-03-14 22:00:00,<function <lambda> at 0x7fa4962879f0>,<function <lambda> at 0x7fa496287a90>,<function <lambda> at 0x7fa496287b30>
10536,2021-03-14 23:00:00,<function <lambda> at 0x7fa4962879f0>,<function <lambda> at 0x7fa496287a90>,<function <lambda> at 0x7fa496287b30>
10537,2021-03-15 00:00:00,<function <lambda> at 0x7fa4962879f0>,<function <lambda> at 0x7fa496287a90>,<function <lambda> at 0x7fa496287b30>
10538,2021-03-15 01:00:00,<function <lambda> at 0x7fa4962879f0>,<function <lambda> at 0x7fa496287a90>,<function <lambda> at 0x7fa496287b30>
10539,2021-03-15 02:00:00,<function <lambda> at 0x7fa4962879f0>,<function <lambda> at 0x7fa496287a90>,<function <lambda> at 0x7fa496287b30>
10540,2021-03-15 03:00:00,<function <lambda> at 0x7fa4962879f0>,<function <lambda> at 0x7fa496287a90>,<function <lambda> at 0x7fa496287b30>
10541,2021-03-15 04:00:00,<function <lambda> at 0x7fa4962879f0>,<function <lambda> at 0x7fa496287a90>,<function <lambda> at 0x7fa496287b30>
10542,2021-03-15 05:00:00,<function <lambda> at 0x7fa4962879f0>,<function <lambda> at 0x7fa496287a90>,<function <lambda> at 0x7fa496287b30>
10543,2021-03-15 06:00:00,<function <lambda> at 0x7fa4962879f0>,<function <lambda> at 0x7fa496287a90>,<function <lambda> at 0x7fa496287b30>
10544,2021-03-15 07:00:00,<function <lambda> at 0x7fa4962879f0>,<function <lambda> at 0x7fa496287a90>,<function <lambda> at 0x7fa496287b30>
10545,2021-03-15 08:00:00,<function <lambda> at 0x7fa4962879f0>,<function <lambda> at 0x7fa496287a90>,<function <lambda> at 0x7fa496287b30>
10546,2021-03-15 09:00:00,<function <lambda> at 0x7fa4962879f0>,<function <lambda> at 0x7fa496287a90>,<function <lambda> at 0x7fa496287b30>
10547,2021-03-15 10:00:00,<function <lambda> at 0x7fa4962879f0>,<function <lambda> at 0x7fa496287a90>,<function <lambda> at 0x7fa496287b30>
10548,2021-03-15 11:00:00,<function <lambda> at 0x7fa4962879f0>,<function <lambda> at 0x7fa496287a90>,<function <lambda> at 0x7fa496287b30>
10549,2021-03-15 12:00:00,<function <lambda> at 0x7fa4962879f0>,<function <lambda> at 0x7fa496287a90>,<function <lambda> at 0x7fa496287b30>
10550,2021-03-15 13:00:00,<function <lambda> at 0x7fa4962879f0>,<function <lambda> at 0x7fa496287a90>,<function <lambda> at 0x7fa496287b30>
10551,2021-03-15 14:00:00,<function <lambda> at 0x7fa4962879f0>,<function <lambda> at 0x7fa496287a90>,<function <lambda> at 0x7fa496287b30>
10552,2021-03-15 15:00:00,<function <lambda> at 0x7fa4962879f0>,<function <lambda> at 0x7fa496287a90>,<function <lambda> at 0x7fa496287b30>
10553,2021-03-15 16:00:00,<function <lambda> at 0x7fa4962879f0>,<function <lambda> at 0x7fa496287a90>,<function <lambda> at 0x7fa496287b30>
10554,2021-03-15 17:00:00,<function <lambda> at 0x7fa4962879f0>,<function <lambda> at 0x7fa496287a90>,<function <lambda> at 0x7fa496287b30>
10555,2021-03-15 18:00:00,<function <lambda> at 0x7fa4962879f0>,<function <lambda> at 0x7fa496287a90>,<function <lambda> at 0x7fa496287b30>
10556,2021-03-15 19:00:00,<function <lambda> at 0x7fa4962879f0>,<function <lambda> at 0x7fa496287a90>,<function <lambda> at 0x7fa496287b30>
10557,2021-03-15 20:00:00,<function <lambda> at 0x7fa4962879f0>,<function <lambda> at 0x7fa496287a90>,<function <lambda> at 0x7fa496287b30>
10558,2021-03-15 21:00:00,<function <lambda> at 0x7fa4962879f0>,<function <lambda> at 0x7fa496287a90>,<function <lambda> at 0x7fa496287b30>
10559,2021-03-15 22:00:00,<function <lambda> at 0x7fa4962879f0>,<function <lambda> at 0x7fa496287a90>,<function <lambda> at 0x7fa496287b30>
10560,2021-03-15 23:00:00,<function <lambda> at 0x7fa4962879f0>,<function <lambda> at 0x7fa496287a90>,<function <lambda> at 0x7fa496287b30>
10561,2021-03-16 00:00:00,<function <lambda> at 0x7fa4962879f0>,<function <lambda> at 0x7fa496287a90>,<function <lambda> at 0x7fa496287b30>
10562,2021-03-16 01:00:00,<function <lambda> at 0x7fa4962879f0>,<function <lambda> at 0x7fa496287a90>,<function <lambda> at 0x7fa496287b30>
10563,2021-03-16 02:00:00,<function <lambda> at 0x7fa4962879f0>,<function <lambda> at 0x7fa496287a90>,<function <lambda> at 0x7fa496287b30>
10564,2021-03-16 03:00:00,<function <lambda> at 0x7fa4962879f0>,<function <lambda> at 0x7fa496287a90>,<function <lambda> at 0x7fa496287b30>
10565,2021-03-16 04:00:00,<function <lambda> at 0x7fa4962879f0>,<function <lambda> at 0x7fa496287a90>,<function <lambda> at 0x7fa496287b30>
10566,2021-03-16 05:00:00,<function <lambda> at 0x7fa4962879f0>,<function <lambda> at 0x7fa496287a90>,<function <lambda> at 0x7fa496287b30>
10567,2021-03-16 06:00:00,<function <lambda> at 0x7fa4962879f0>,<function <lambda> at 0x7fa496287a90>,<function <lambda> at 0x7fa496287b30>
10568,2021-03-16 07:00:00,<function <lambda> at 0x7fa4962879f0>,<function <lambda> at 0x7fa496287a90>,<function <lambda> at 0x7fa496287b30>
10569,2021-03-16 08:00:00,<function <lambda> at 0x7fa4962879f0>,<function <lambda> at 0x7fa496287a90>,<function <lambda> at 0x7fa496287b30>
10570,2021-03-16 09:00:00,<function <lambda> at 0x7fa4962879f0>,<function <lambda> at 0x7fa496287a90>,<function <lambda> at 0x7fa496287b30>
10571,2021-03-16 10:00:00,<function <lambda> at 0x7fa4962879f0>,<function <lambda> at 0x7fa496287a90>,<function <lambda> at 0x7fa496287b30>
10572,2021-03-16 11:00:00,<function <lambda> at 0x7fa4962879f0>,<function <lambda> at 0x7fa496287a90>,<function <lambda> at 0x7fa496287b30>
10573,2021-03-16 12:00:00,<function <lambda> at 0x7fa4962879f0>,<function <lambda> at 0x7fa496287a90>,<function <lambda> at 0x7fa496287b30>
10574,2021-03-16 13:00:00,<function <lambda> at 0x7fa4962879f0>,<function <lambda> at 0x7fa496287a90>,<function <lambda> at 0x7fa496287b30>
10575,2021-03-16 14:00:00,<function <lambda> at 0x7fa4962879f0>,<function <lambda> at 0x7fa496287a90>,<function <lambda> at 0x7fa496287b30>
10576,2021-03-16 15:00:00,<function <lambda> at 0x7fa4962879f0>,<function <lambda> at 0x7fa496287a90>,<function <lambda> at 0x7fa496287b30>
10577,2021-03-16 16:00:00,<function <lambda> at 0x7fa4962879f0>,<function <lambda> at 0x7fa496287a90>,<function <lambda> at 0x7fa496287b30>
10578,2021-03-16 17:00:00,<function <lambda> at 0x7fa4962879f0>,<function <lambda> at 0x7fa496287a90>,<function <lambda> at 0x7fa496287b30>
10579,2021-03-16 18:00:00,<function <lambda> at 0x7fa4962879f0>,<function <lambda> at 0x7fa496287a90>,<function <lambda> at 0x7fa496287b30>
10580,2021-03-16 19:00:00,<function <lambda> at 0x7fa4962879f0>,<function <lambda> at 0x7fa496287a90>,<function <lambda> at 0x7fa496287b30>
10581,2021-03-16 20:00:00,<function <lambda> at 0x7fa4962879f0>,<function <lambda> at 0x7fa496287a90>,<function <lambda> at 0x7fa496287b30>
10582,2021-03-16 21:00:00,<function <lambda> at 0x7fa4962879f0>,<function <lambda> at 0x7fa496287a90>,<function <lambda> at 0x7fa496287b30>
10583,2021-03-16 22:00:00,<function <lambda> at 0x7fa4962879f0>,<function <lambda> at 0x7fa496287a90>,<function <lambda> at 0x7fa496287b30>
10584,2021-03-16 23:00:00,<function <lambda> at 0x7fa4962879f0>,<function <lambda> at 0x7fa496287a90>,<function <lambda> at 0x7fa496287b30>
10585,2021-03-17 00:00:00,<function <lambda> at 0x7fa4962879f0>,<function <lambda> at 0x7fa496287a90>,<function <lambda> at 0x7fa496287b30>
10586,2021-03-17 01:00:00,<function <lambda> at 0x7fa4962879f0>,<function <lambda> at 0x7fa496287a90>,<function <lambda> at 0x7fa496287b30>
10587,2021-03-17 02:00:00,<function <lambda> at 0x7fa4962879f0>,<function <lambda> at 0x7fa496287a90>,<function <lambda> at 0x7fa496287b30>
10588,2021-03-17 03:00:00,<function <lambda> at 0x7fa4962879f0>,<function <lambda> at 0x7fa496287a90>,<function <lambda> at 0x7fa496287b30>
10589,2021-03-17 04:00:00,<function <lambda> at 0x7fa4962879f0>,<function <lambda> at 0x7fa496287a90>,<function <lambda> at 0x7fa496287b30>
10590,2021-03-17 05:00:00,<function <lambda> at 0x7fa4962879f0>,<function <lambda> at 0x7fa496287a90>,<function <lambda> at 0x7fa496287b30>
10591,2021-03-17 06:00:00,<function <lambda> at 0x7fa4962879f0>,<function <lambda> at 0x7fa496287a90>,<function <lambda> at 0x7fa496287b30>
10592,2021-03-17 07:00:00,<function <lambda> at 0x7fa4962879f0>,<function <lambda> at 0x7fa496287a90>,<function <lambda> at 0x7fa496287b30>
10593,2021-03-17 08:00:00,<function <lambda> at 0x7fa4962879f0>,<function <lambda> at 0x7fa496287a90>,<function <lambda> at 0x7fa496287b30>
10594,2021-03-17 09:00:00,<function <lambda> at 0x7fa4962879f0>,<function <lambda> at 0x7fa496287a90>,<function <lambda> at 0x7fa496287b30>
10595,2021-03-17 10:00:00,<function <lambda> at 0x7fa4962879f0>,<function <lambda> at 0x7fa496287a90>,<function <lambda> at 0x7fa496287b30>
10596,2021-03-17 11:00:00,<function <lambda> at 0x7fa4962879f0>,<function <lambda> at 0x7fa496287a90>,<function <lambda> at 0x7fa496287b30>
10597,2021-03-17 12:00:00,<function <lambda> at 0x7fa4962879f0>,<function <lambda> at 0x7fa496287a90>,<function <lambda> at 0x7fa496287b30>
10598,2021-03-17 13:00:00,<function <lambda> at 0x7fa4962879f0>,<function <lambda> at 0x7fa496287a90>,<function <lambda> at 0x7fa496287b30>
10599,2021-03-17 14:00:00,<function <lambda> at 0x7fa4962879f0>,<function <lambda> at 0x7fa496287a90>,<function <lambda> at 0x7fa496287b30>
10600,2021-03-17 15:00:00,<function <lambda> at 0x7fa4962879f0>,<function <lambda> at 0x7fa496287a90>,<function <lambda> at 0x7fa496287b30>
10601,2021-03-17 16:00:00,<function <lambda> at 0x7fa4962879f0>,<function <lambda> at 0x7fa496287a90>,<function <lambda> at 0x7fa496287b30>
10602,2021-03-17 17:00:00,<function <lambda> at 0x7fa4962879f0>,<function <lambda> at 0x7fa496287a90>,<function <lambda> at 0x7fa496287b30>
10603,2021-03-17 18:00:00,<function <lambda> at 0x7fa4962879f0>,<function <lambda> at 0x7fa496287a90>,<function <lambda> at 0x7fa496287b30>
10604,2021-03-17 19:00:00,<function <lambda> at 0x7fa4962879f0>,<function <lambda> at 0x7fa496287a90>,<function <lambda> at 0x7fa496287b30>
10605,2021-03-17 20:00:00,<function <lambda> at 0x7fa4962879f0>,<function <lambda> at 0x7fa496287a90>,<function <lambda> at 0x7fa496287b30>
10606,2021-03-17 21:00:00,<function <lambda> at 0x7fa4962879f0>,<function <lambda> at 0x7fa496287a90>,<function <lambda> at 0x7fa496287b30>
10607,2021-03-17 22:00:00,<function <lambda> at 0x7fa4962879f0>,<function <lambda> at 0x7fa496287a90>,<function <lambda> at 0x7fa496287b30>
10608,2021-03-17 23:00:00,<function <lambda> at 0x7fa4962879f0>,<function <lambda> at 0x7fa496287a90>,<function <lambda> at 0x7fa496287b30>
10609,2021-03-18 00:00:00,<function <lambda> at 0x7fa4962879f0>,<function <lambda> at 0x7fa496287a90>,<function <lambda> at 0x7fa496287b30>
10610,2021-03-18 01:00:00,<function <lambda> at 0x7fa4962879f0>,<function <lambda> at 0x7fa496287a90>,<function <lambda> at 0x7fa496287b30>
10611,2021-03-18 02:00:00,<function <lambda> at 0x7fa4962879f0>,<function <lambda> at 0x7fa496287a90>,<function <lambda> at 0x7fa496287b30>
10612,2021-03-18 03:00:00,<function <lambda> at 0x7fa4962879f0>,<function <lambda> at 0x7fa496287a90>,<function <lambda> at 0x7fa496287b30>
10613,2021-03-18 04:00:00,<function <lambda> at 0x7fa4962879f0>,<function <lambda> at 0x7fa496287a90>,<function <lambda> at 0x7fa496287b30>
10614,2021-03-18 05:00:00,<function <lambda> at 0x7fa4962879f0>,<function <lambda> at 0x7fa496287a90>,<function <lambda> at 0x7fa496287b30>
10615,2021-03-18 06:00:00,<function <lambda> at 0x7fa4962879f0>,<function <lambda> at 0x7fa496287a90>,<function <lambda> at 0x7fa496287b30>
10616,2021-03-18 07:00:00,<function <lambda> at 0x7fa4962879f0>,<function <lambda> at 0x7fa496287a90>,<function <lambda> at 0x7fa496287b30>
10617,2021-03-18 08:00:00,<function <lambda> at 0x7fa4962879f0>,<function <lambda> at 0x7fa496287a90>,<function <lambda> at 0x7fa496287b30>
10618,2021-03-18 09:00:00,<function <lambda> at 0x7fa4962879f0>,<function <lambda> at 0x7fa496287a90>,<function <lambda> at 0x7fa496287b30>
10619,2021-03-18 10:00:00,<function <lambda> at 0x7fa4962879f0>,<function <lambda> at 0x7fa496287a90>,<function <lambda> at 0x7fa496287b30>
10620,2021-03-18 11:00:00,<function <lambda> at 0x7fa4962879f0>,<function <lambda> at 0x7fa496287a90>,<function <lambda> at 0x7fa496287b30>
10621,2021-03-18 12:00:00,<function <lambda> at 0x7fa4962879f0>,<function <lambda> at 0x7fa496287a90>,<function <lambda> at 0x7fa496287b30>
10622,2021-03-18 13:00:00,<function <lambda> at 0x7fa4962879f0>,<function <lambda> at 0x7fa496287a90>,<function <lambda> at 0x7fa496287b30>
10623,2021-03-18 14:00:00,<function <lambda> at 0x7fa4962879f0>,<function <lambda> at 0x7fa496287a90>,<function <lambda> at 0x7fa496287b30>
10624,2021-03-18 15:00:00,<function <lambda> at 0x7fa4962879f0>,<function <lambda> at 0x7fa496287a90>,<function <lambda> at 0x7fa496287b30>
10625,2021-03-18 16:00:00,<function <lambda> at 0x7fa4962879f0>,<function <lambda> at 0x7fa496287a90>,<function <lambda> at 0x7fa496287b30>
10626,2021-03-18 17:00:00,<function <lambda> at 0x7fa4962879f0>,<function <lambda> at 0x7fa496287a90>,<function <lambda> at 0x7fa496287b30>
10627,2021-03-18 18:00:00,<function <lambda> at 0x7fa4962879f0>,<function <lambda> at 0x7fa496287a90>,<function <lambda> at 0x7fa496287b30>
10628,2021-03-18 19:00:00,<function <lambda> at 0x7fa4962879f0>,<function <lambda> at 0x7fa496287a90>,<function <lambda> at 0x7fa496287b30>
10629,2021-03-18 20:00:00,<function <lambda> at 0x7fa4962879f0>,<function <lambda> at 0x7fa496287a90>,<function <lambda> at 0x7fa496287b30>
10630,2021-03-18 21:00:00,<function <lambda> at 0x7fa4962879f0>,<function <lambda> at 0x7fa496287a90>,<function <lambda> at 0x7fa496287b30>
10631,2021-03-18 22:00:00,<function <lambda> at 0x7fa4962879f0>,<function <lambda> at 0x7fa496287a90>,<function <lambda> at 0x7fa496287b30>
10632,2021-03-18 23:00:00,<function <lambda> at 0x7fa4962879f0>,<function <lambda> at 0x7fa496287a90>,<function <lambda> at 0x7fa496287b30>
10633,2021-03-19 00:00:00,<function <lambda> at 0x7fa4962879f0>,<function <lambda> at 0x7fa496287a90>,<function <lambda> at 0x7fa496287b30>
10634,2021-03-19 01:00:00,<function <lambda> at 0x7fa4962879f0>,<function <lambda> at 0x7fa496287a90>,<function <lambda> at 0x7fa496287b30>
10635,2021-03-19 02:00:00,<function <lambda> at 0x7fa4962879f0>,<function <lambda> at 0x7fa496287a90>,<function <lambda> at 0x7fa496287b30>
10636,2021-03-19 03:00:00,<function <lambda> at 0x7fa4962879f0>,<function <lambda> at 0x7fa496287a90>,<function <lambda> at 0x7fa496287b30>
10637,2021-03-19 04:00:00,<function <lambda> at 0x7fa4962879f0>,<function <lambda> at 0x7fa496287a90>,<function <lambda> at 0x7fa496287b30>
10638,2021-03-19 05:00:00,<function <lambda> at 0x7fa4962879f0>,<function <lambda> at 0x7fa496287a90>,<function <lambda> at 0x7fa496287b30>
10639,2021-03-19 06:00:00,<function <lambda> at 0x7fa4962879f0>,<function <lambda> at 0x7fa496287a90>,<function <lambda> at 0x7fa496287b30>
10640,2021-03-19 07:00:00,<function <lambda> at 0x7fa4962879f0>,<function <lambda> at 0x7fa496287a90>,<function <lambda> at 0x7fa496287b30>
10641,2021-03-19 08:00:00,<function <lambda> at 0x7fa4962879f0>,<function <lambda> at 0x7fa496287a90>,<function <lambda> at 0x7fa496287b30>
10642,2021-03-19 09:00:00,<function <lambda> at 0x7fa4962879f0>,<function <lambda> at 0x7fa496287a90>,<function <lambda> at 0x7fa496287b30>
10643,2021-03-19 10:00:00,<function <lambda> at 0x7fa4962879f0>,<function <lambda> at 0x7fa496287a90>,<function <lambda> at 0x7fa496287b30>
10644,2021-03-19 11:00:00,<function <lambda> at 0x7fa4962879f0>,<function <lambda> at 0x7fa496287a90>,<function <lambda> at 0x7fa496287b30>
10645,2021-03-19 12:00:00,<function <lambda> at 0x7fa4962879f0>,<function <lambda> at 0x7fa496287a90>,<function <lambda> at 0x7fa496287b30>
10646,2021-03-19 13:00:00,<function <lambda> at 0x7fa4962879f0>,<function <lambda> at 0x7fa496287a90>,<function <lambda> at 0x7fa496287b30>
10647,2021-03-19 14:00:00,<function <lambda> at 0x7fa4962879f0>,<function <lambda> at 0x7fa496287a90>,<function <lambda> at 0x7fa496287b30>
10648,2021-03-19 15:00:00,<function <lambda> at 0x7fa4962879f0>,<function <lambda> at 0x7fa496287a90>,<function <lambda> at 0x7fa496287b30>
10649,2021-03-19 16:00:00,<function <lambda> at 0x7fa4962879f0>,<function <lambda> at 0x7fa496287a90>,<function <lambda> at 0x7fa496287b30>
10650,2021-03-19 17:00:00,<function <lambda> at 0x7fa4962879f0>,<function <lambda> at 0x7fa496287a90>,<function <lambda> at 0x7fa496287b30>
10651,2021-03-19 18:00:00,<function <lambda> at 0x7fa4962879f0>,<function <lambda> at 0x7fa496287a90>,<function <lambda> at 0x7fa496287b30>
10652,2021-03-19 19:00:00,<function <lambda> at 0x7fa4962879f0>,<function <lambda> at 0x7fa496287a90>,<function <lambda> at 0x7fa496287b30>
10653,2021-03-19 20:00:00,<function <lambda> at 0x7fa4962879f0>,<function <lambda> at 0x7fa496287a90>,<function <lambda> at 0x7fa496287b30>
10654,2021-03-19 21:00:00,<function <lambda> at 0x7fa4962879f0>,<function <lambda> at 0x7fa496287a90>,<function <lambda> at 0x7fa496287b30>
10655,2021-03-19 22:00:00,<function <lambda> at 0x7fa4962879f0>,<function <lambda> at 0x7fa496287a90>,<function <lambda> at 0x7fa496287b30>
10656,2021-03-19 23:00:00,<function <lambda> at 0x7fa4962879f0>,<function <lambda> at 0x7fa496287a90>,<function <lambda> at 0x7fa496287b30>
10657,2021-03-20 00:00:00,<function <lambda> at 0x7fa4962879f0>,<function <lambda> at 0x7fa496287a90>,<function <lambda> at 0x7fa496287b30>
10658,2021-03-20 01:00:00,<function <lambda> at 0x7fa4962879f0>,<function <lambda> at 0x7fa496287a90>,<function <lambda> at 0x7fa496287b30>
10659,2021-03-20 02:00:00,<function <lambda> at 0x7fa4962879f0>,<function <lambda> at 0x7fa496287a90>,<function <lambda> at 0x7fa496287b30>
10660,2021-03-20 03:00:00,<function <lambda> at 0x7fa4962879f0>,<function <lambda> at 0x7fa496287a90>,<function <lambda> at 0x7fa496287b30>
10661,2021-03-20 04:00:00,<function <lambda> at 0x7fa4962879f0>,<function <lambda> at 0x7fa496287a90>,<function <lambda> at 0x7fa496287b30>
10662,2021-03-20 05:00:00,<function <lambda> at 0x7fa4962879f0>,<function <lambda> at 0x7fa496287a90>,<function <lambda> at 0x7fa496287b30>
10663,2021-03-20 06:00:00,<function <lambda> at 0x7fa4962879f0>,<function <lambda> at 0x7fa496287a90>,<function <lambda> at 0x7fa496287b30>
10664,2021-03-20 07:00:00,<function <lambda> at 0x7fa4962879f0>,<function <lambda> at 0x7fa496287a90>,<function <lambda> at 0x7fa496287b30>
10665,2021-03-20 08:00:00,<function <lambda> at 0x7fa4962879f0>,<function <lambda> at 0x7fa496287a90>,<function <lambda> at 0x7fa496287b30>
10666,2021-03-20 09:00:00,<function <lambda> at 0x7fa4962879f0>,<function <lambda> at 0x7fa496287a90>,<function <lambda> at 0x7fa496287b30>
10667,2021-03-20 10:00:00,<function <lambda> at 0x7fa4962879f0>,<function <lambda> at 0x7fa496287a90>,<function <lambda> at 0x7fa496287b30>
10668,2021-03-20 11:00:00,<function <lambda> at 0x7fa4962879f0>,<function <lambda> at 0x7fa496287a90>,<function <lambda> at 0x7fa496287b30>
10669,2021-03-20 12:00:00,<function <lambda> at 0x7fa4962879f0>,<function <lambda> at 0x7fa496287a90>,<function <lambda> at 0x7fa496287b30>
10670,2021-03-20 13:00:00,<function <lambda> at 0x7fa4962879f0>,<function <lambda> at 0x7fa496287a90>,<function <lambda> at 0x7fa496287b30>
10671,2021-03-20 14:00:00,<function <lambda> at 0x7fa4962879f0>,<function <lambda> at 0x7fa496287a90>,<function <lambda> at 0x7fa496287b30>
10672,2021-03-20 15:00:00,<function <lambda> at 0x7fa4962879f0>,<function <lambda> at 0x7fa496287a90>,<function <lambda> at 0x7fa496287b30>
10673,2021-03-20 16:00:00,<function <lambda> at 0x7fa4962879f0>,<function <lambda> at 0x7fa496287a90>,<function <lambda> at 0x7fa496287b30>
10674,2021-03-20 17:00:00,<function <lambda> at 0x7fa4962879f0>,<function <lambda> at 0x7fa496287a90>,<function <lambda> at 0x7fa496287b30>
10675,2021-03-20 18:00:00,<function <lambda> at 0x7fa4962879f0>,<function <lambda> at 0x7fa496287a90>,<function <lambda> at 0x7fa496287b30>
10676,2021-03-20 19:00:00,<function <lambda> at 0x7fa4962879f0>,<function <lambda> at 0x7fa496287a90>,<function <lambda> at 0x7fa496287b30>
10677,2021-03-20 20:00:00,<function <lambda> at 0x7fa4962879f0>,<function <lambda> at 0x7fa496287a90>,<function <lambda> at 0x7fa496287b30>
10678,2021-03-20 21:00:00,<function <lambda> at 0x7fa4962879f0>,<function <lambda> at 0x7fa496287a90>,<function <lambda> at 0x7fa496287b30>
10679,2021-03-20 22:00:00,<function <lambda> at 0x7fa4962879f0>,<function <lambda> at 0x7fa496287a90>,<function <lambda> at 0x7fa496287b30>
10680,2021-03-20 23:00:00,<function <lambda> at 0x7fa4962879f0>,<function <lambda> at 0x7fa496287a90>,<function <lambda> at 0x7fa496287b30>
10681,2021-03-21 00:00:00,<function <lambda> at 0x7fa4962879f0>,<function <lambda> at 0x7fa496287a90>,<function <lambda> at 0x7fa496287b30>
10682,2021-03-21 01:00:00,<function <lambda> at 0x7fa4962879f0>,<function <lambda> at 0x7fa496287a90>,<function <lambda> at 0x7fa496287b30>
10683,2021-03-21 02:00:00,<function <lambda> at 0x7fa4962879f0>,<function <lambda> at 0x7fa496287a90>,<function <lambda> at 0x7fa496287b30>
10684,2021-03-21 03:00:00,<function <lambda> at 0x7fa4962879f0>,<function <lambda> at 0x7fa496287a90>,<function <lambda> at 0x7fa496287b30>
10685,2021-03-21 04:00:00,<function <lambda> at 0x7fa4962879f0>,<function <lambda> at 0x7fa496287a90>,<function <lambda> at 0x7fa496287b30>
10686,2021-03-21 05:00:00,<function <lambda> at 0x7fa4962879f0>,<function <lambda> at 0x7fa496287a90>,<function <lambda> at 0x7fa496287b30>
10687,2021-03-21 06:00:00,<function <lambda> at 0x7fa4962879f0>,<function <lambda> at 0x7fa496287a90>,<function <lambda> at 0x7fa496287b30>
10688,2021-03-21 07:00:00,<function <lambda> at 0x7fa4962879f0>,<function <lambda> at 0x7fa496287a90>,<function <lambda> at 0x7fa496287b30>
10689,2021-03-21 08:00:00,<function <lambda> at 0x7fa4962879f0>,<function <lambda> at 0x7fa496287a90>,<function <lambda> at 0x7fa496287b30>
10690,2021-03-21 09:00:00,<function <lambda> at 0x7fa4962879f0>,<function <lambda> at 0x7fa496287a90>,<function <lambda> at 0x7fa496287b30>
10691,2021-03-21 10:00:00,<function <lambda> at 0x7fa4962879f0>,<function <lambda> at 0x7fa496287a90>,<function <lambda> at 0x7fa496287b30>
10692,2021-03-21 11:00:00,<function <lambda> at 0x7fa4962879f0>,<function <lambda> at 0x7fa496287a90>,<function <lambda> at 0x7fa496287b30>
10693,2021-03-21 12:00:00,<function <lambda> at 0x7fa4962879f0>,<function <lambda> at 0x7fa496287a90>,<function <lambda> at 0x7fa496287b30>
10694,2021-03-21 13:00:00,<function <lambda> at 0x7fa4962879f0>,<function <lambda> at 0x7fa496287a90>,<function <lambda> at 0x7fa496287b30>
10695,2021-03-21 14:00:00,<function <lambda> at 0x7fa4962879f0>,<function <lambda> at 0x7fa496287a90>,<function <lambda> at 0x7fa496287b30>
10696,2021-03-21 15:00:00,<function <lambda> at 0x7fa4962879f0>,<function <lambda> at 0x7fa496287a90>,<function <lambda> at 0x7fa496287b30>
10697,2021-03-21 16:00:00,<function <lambda> at 0x7fa4962879f0>,<function <lambda> at 0x7fa496287a90>,<function <lambda> at 0x7fa496287b30>
10698,2021-03-21 17:00:00,<function <lambda> at 0x7fa4962879f0>,<function <lambda> at 0x7fa496287a90>,<function <lambda> at 0x7fa496287b30>
10699,2021-03-21 18:00:00,<function <lambda> at 0x7fa4962879f0>,<function <lambda> at 0x7fa496287a90>,<function <lambda> at 0x7fa496287b30>
10700,2021-03-21 19:00:00,<function <lambda> at 0x7fa4962879f0>,<function <lambda> at 0x7fa496287a90>,<function <lambda> at 0x7fa496287b30>
10701,2021-03-21 20:00:00,<function <lambda> at 0x7fa4962879f0>,<function <lambda> at 0x7fa496287a90>,<function <lambda> at 0x7fa496287b30>
10702,2021-03-21 21:00:00,<function <lambda> at 0x7fa4962879f0>,<function <lambda> at 0x7fa496287a90>,<function <lambda> at 0x7fa496287b30>
10703,2021-03-21 22:00:00,<function <lambda> at 0x7fa4962879f0>,<function <lambda> at 0x7fa496287a90>,<function <lambda> at 0x7fa496287b30>
10704,2021-03-21 23:00:00,<function <lambda> at 0x7fa4962879f0>,<function <lambda> at 0x7fa496287a90>,<function <lambda> at 0x7fa496287b30>
10705,2021-03-22 00:00:00,<function <lambda> at 0x7fa4962879f0>,<function <lambda> at 0x7fa496287a90>,<function <lambda> at 0x7fa496287b30>
10706,2021-03-22 01:00:00,<function <lambda> at 0x7fa4962879f0>,<function <lambda> at 0x7fa496287a90>,<function <lambda> at 0x7fa496287b30>
10707,2021-03-22 02:00:00,<function <lambda> at 0x7fa4962879f0>,<function <lambda> at 0x7fa496287a90>,<function <lambda> at 0x7fa496287b30>
10708,2021-03-22 03:00:00,<function <lambda> at 0x7fa4962879f0>,<function <lambda> at 0x7fa496287a90>,<function <lambda> at 0x7fa496287b30>
10709,2021-03-22 04:00:00,<function <lambda> at 0x7fa4962879f0>,<function <lambda> at 0x7fa496287a90>,<function <lambda> at 0x7fa496287b30>
10710,2021-03-22 05:00:00,<function <lambda> at 0x7fa4962879f0>,<function <lambda> at 0x7fa496287a90>,<function <lambda> at 0x7fa496287b30>
10711,2021-03-22 06:00:00,<function <lambda> at 0x7fa4962879f0>,<function <lambda> at 0x7fa496287a90>,<function <lambda> at 0x7fa496287b30>
10712,2021-03-22 07:00:00,<function <lambda> at 0x7fa4962879f0>,<function <lambda> at 0x7fa496287a90>,<function <lambda> at 0x7fa496287b30>
10713,2021-03-22 08:00:00,<function <lambda> at 0x7fa4962879f0>,<function <lambda> at 0x7fa496287a90>,<function <lambda> at 0x7fa496287b30>
10714,2021-03-22 09:00:00,<function <lambda> at 0x7fa4962879f0>,<function <lambda> at 0x7fa496287a90>,<function <lambda> at 0x7fa496287b30>
10715,2021-03-22 10:00:00,<function <lambda> at 0x7fa4962879f0>,<function <lambda> at 0x7fa496287a90>,<function <lambda> at 0x7fa496287b30>
10716,2021-03-22 11:00:00,<function <lambda> at 0x7fa4962879f0>,<function <lambda> at 0x7fa496287a90>,<function <lambda> at 0x7fa496287b30>
10717,2021-03-22 12:00:00,<function <lambda> at 0x7fa4962879f0>,<function <lambda> at 0x7fa496287a90>,<function <lambda> at 0x7fa496287b30>
10718,2021-03-22 13:00:00,<function <lambda> at 0x7fa4962879f0>,<function <lambda> at 0x7fa496287a90>,<function <lambda> at 0x7fa496287b30>
10719,2021-03-22 14:00:00,<function <lambda> at 0x7fa4962879f0>,<function <lambda> at 0x7fa496287a90>,<function <lambda> at 0x7fa496287b30>
10720,2021-03-22 15:00:00,<function <lambda> at 0x7fa4962879f0>,<function <lambda> at 0x7fa496287a90>,<function <lambda> at 0x7fa496287b30>
10721,2021-03-22 16:00:00,<function <lambda> at 0x7fa4962879f0>,<function <lambda> at 0x7fa496287a90>,<function <lambda> at 0x7fa496287b30>
10722,2021-03-22 17:00:00,<function <lambda> at 0x7fa4962879f0>,<function <lambda> at 0x7fa496287a90>,<function <lambda> at 0x7fa496287b30>
10723,2021-03-22 18:00:00,<function <lambda> at 0x7fa4962879f0>,<function <lambda> at 0x7fa496287a90>,<function <lambda> at 0x7fa496287b30>
10724,2021-03-22 19:00:00,<function <lambda> at 0x7fa4962879f0>,<function <lambda> at 0x7fa496287a90>,<function <lambda> at 0x7fa496287b30>
10725,2021-03-22 20:00:00,<function <lambda> at 0x7fa4962879f0>,<function <lambda> at 0x7fa496287a90>,<function <lambda> at 0x7fa496287b30>
10726,2021-03-22 21:00:00,<function <lambda> at 0x7fa4962879f0>,<function <lambda> at 0x7fa496287a90>,<function <lambda> at 0x7fa496287b30>
10727,2021-03-22 22:00:00,<function <lambda> at 0x7fa4962879f0>,<function <lambda> at 0x7fa496287a90>,<function <lambda> at 0x7fa496287b30>
10728,2021-03-22 23:00:00,<function <lambda> at 0x7fa4962879f0>,<function <lambda> at 0x7fa496287a90>,<function <lambda> at 0x7fa496287b30>
10729,2021-03-23 00:00:00,<function <lambda> at 0x7fa4962879f0>,<function <lambda> at 0x7fa496287a90>,<function <lambda> at 0x7fa496287b30>
10730,2021-03-23 01:00:00,<function <lambda> at 0x7fa4962879f0>,<function <lambda> at 0x7fa496287a90>,<function <lambda> at 0x7fa496287b30>
10731,2021-03-23 02:00:00,<function <lambda> at 0x7fa4962879f0>,<function <lambda> at 0x7fa496287a90>,<function <lambda> at 0x7fa496287b30>
10732,2021-03-23 03:00:00,<function <lambda> at 0x7fa4962879f0>,<function <lambda> at 0x7fa496287a90>,<function <lambda> at 0x7fa496287b30>
10733,2021-03-23 04:00:00,<function <lambda> at 0x7fa4962879f0>,<function <lambda> at 0x7fa496287a90>,<function <lambda> at 0x7fa496287b30>
10734,2021-03-23 05:00:00,<function <lambda> at 0x7fa4962879f0>,<function <lambda> at 0x7fa496287a90>,<function <lambda> at 0x7fa496287b30>
10735,2021-03-23 06:00:00,<function <lambda> at 0x7fa4962879f0>,<function <lambda> at 0x7fa496287a90>,<function <lambda> at 0x7fa496287b30>
10736,2021-03-23 07:00:00,<function <lambda> at 0x7fa4962879f0>,<function <lambda> at 0x7fa496287a90>,<function <lambda> at 0x7fa496287b30>
10737,2021-03-23 08:00:00,<function <lambda> at 0x7fa4962879f0>,<function <lambda> at 0x7fa496287a90>,<function <lambda> at 0x7fa496287b30>
10738,2021-03-23 09:00:00,<function <lambda> at 0x7fa4962879f0>,<function <lambda> at 0x7fa496287a90>,<function <lambda> at 0x7fa496287b30>
10739,2021-03-23 10:00:00,<function <lambda> at 0x7fa4962879f0>,<function <lambda> at 0x7fa496287a90>,<function <lambda> at 0x7fa496287b30>
10740,2021-03-23 11:00:00,<function <lambda> at 0x7fa4962879f0>,<function <lambda> at 0x7fa496287a90>,<function <lambda> at 0x7fa496287b30>
10741,2021-03-23 12:00:00,<function <lambda> at 0x7fa4962879f0>,<function <lambda> at 0x7fa496287a90>,<function <lambda> at 0x7fa496287b30>
10742,2021-03-23 13:00:00,<function <lambda> at 0x7fa4962879f0>,<function <lambda> at 0x7fa496287a90>,<function <lambda> at 0x7fa496287b30>
10743,2021-03-23 14:00:00,<function <lambda> at 0x7fa4962879f0>,<function <lambda> at 0x7fa496287a90>,<function <lambda> at 0x7fa496287b30>
10744,2021-03-23 15:00:00,<function <lambda> at 0x7fa4962879f0>,<function <lambda> at 0x7fa496287a90>,<function <lambda> at 0x7fa496287b30>
10745,2021-03-23 16:00:00,<function <lambda> at 0x7fa4962879f0>,<function <lambda> at 0x7fa496287a90>,<function <lambda> at 0x7fa496287b30>
10746,2021-03-23 17:00:00,<function <lambda> at 0x7fa4962879f0>,<function <lambda> at 0x7fa496287a90>,<function <lambda> at 0x7fa496287b30>
10747,2021-03-23 18:00:00,<function <lambda> at 0x7fa4962879f0>,<function <lambda> at 0x7fa496287a90>,<function <lambda> at 0x7fa496287b30>
10748,2021-03-23 19:00:00,<function <lambda> at 0x7fa4962879f0>,<function <lambda> at 0x7fa496287a90>,<function <lambda> at 0x7fa496287b30>
10749,2021-03-23 20:00:00,<function <lambda> at 0x7fa4962879f0>,<function <lambda> at 0x7fa496287a90>,<function <lambda> at 0x7fa496287b30>
10750,2021-03-23 21:00:00,<function <lambda> at 0x7fa4962879f0>,<function <lambda> at 0x7fa496287a90>,<function <lambda> at 0x7fa496287b30>
10751,2021-03-23 22:00:00,<function <lambda> at 0x7fa4962879f0>,<function <lambda> at 0x7fa496287a90>,<function <lambda> at 0x7fa496287b30>
10752,2021-03-23 23:00:00,<function <lambda> at 0x7fa4962879f0>,<function <lambda> at 0x7fa496287a90>,<function <lambda> at 0x7fa496287b30>
10753,2021-03-24 00:00:00,<function <lambda> at 0x7fa4962879f0>,<function <lambda> at 0x7fa496287a90>,<function <lambda> at 0x7fa496287b30>
10754,2021-03-24 01:00:00,<function <lambda> at 0x7fa4962879f0>,<function <lambda> at 0x7fa496287a90>,<function <lambda> at 0x7fa496287b30>
10755,2021-03-24 02:00:00,<function <lambda> at 0x7fa4962879f0>,<function <lambda> at 0x7fa496287a90>,<function <lambda> at 0x7fa496287b30>
10756,2021-03-24 03:00:00,<function <lambda> at 0x7fa4962879f0>,<function <lambda> at 0x7fa496287a90>,<function <lambda> at 0x7fa496287b30>
10757,2021-03-24 04:00:00,<function <lambda> at 0x7fa4962879f0>,<function <lambda> at 0x7fa496287a90>,<function <lambda> at 0x7fa496287b30>
10758,2021-03-24 05:00:00,<function <lambda> at 0x7fa4962879f0>,<function <lambda> at 0x7fa496287a90>,<function <lambda> at 0x7fa496287b30>
10759,2021-03-24 06:00:00,<function <lambda> at 0x7fa4962879f0>,<function <lambda> at 0x7fa496287a90>,<function <lambda> at 0x7fa496287b30>
10760,2021-03-24 07:00:00,<function <lambda> at 0x7fa4962879f0>,<function <lambda> at 0x7fa496287a90>,<function <lambda> at 0x7fa496287b30>
10761,2021-03-24 08:00:00,<function <lambda> at 0x7fa4962879f0>,<function <lambda> at 0x7fa496287a90>,<function <lambda> at 0x7fa496287b30>
10762,2021-03-24 09:00:00,<function <lambda> at 0x7fa4962879f0>,<function <lambda> at 0x7fa496287a90>,<function <lambda> at 0x7fa496287b30>
10763,2021-03-24 10:00:00,<function <lambda> at 0x7fa4962879f0>,<function <lambda> at 0x7fa496287a90>,<function <lambda> at 0x7fa496287b30>
10764,2021-03-24 11:00:00,<function <lambda> at 0x7fa4962879f0>,<function <lambda> at 0x7fa496287a90>,<function <lambda> at 0x7fa496287b30>
10765,2021-03-24 12:00:00,<function <lambda> at 0x7fa4962879f0>,<function <lambda> at 0x7fa496287a90>,<function <lambda> at 0x7fa496287b30>
10766,2021-03-24 13:00:00,<function <lambda> at 0x7fa4962879f0>,<function <lambda> at 0x7fa496287a90>,<function <lambda> at 0x7fa496287b30>
10767,2021-03-24 14:00:00,<function <lambda> at 0x7fa4962879f0>,<function <lambda> at 0x7fa496287a90>,<function <lambda> at 0x7fa496287b30>
10768,2021-03-24 15:00:00,<function <lambda> at 0x7fa4962879f0>,<function <lambda> at 0x7fa496287a90>,<function <lambda> at 0x7fa496287b30>
10769,2021-03-24 16:00:00,<function <lambda> at 0x7fa4962879f0>,<function <lambda> at 0x7fa496287a90>,<function <lambda> at 0x7fa496287b30>
10770,2021-03-24 17:00:00,<function <lambda> at 0x7fa4962879f0>,<function <lambda> at 0x7fa496287a90>,<function <lambda> at 0x7fa496287b30>
10771,2021-03-24 18:00:00,<function <lambda> at 0x7fa4962879f0>,<function <lambda> at 0x7fa496287a90>,<function <lambda> at 0x7fa496287b30>
10772,2021-03-24 19:00:00,<function <lambda> at 0x7fa4962879f0>,<function <lambda> at 0x7fa496287a90>,<function <lambda> at 0x7fa496287b30>
10773,2021-03-24 20:00:00,<function <lambda> at 0x7fa4962879f0>,<function <lambda> at 0x7fa496287a90>,<function <lambda> at 0x7fa496287b30>
10774,2021-03-24 21:00:00,<function <lambda> at 0x7fa4962879f0>,<function <lambda> at 0x7fa496287a90>,<function <lambda> at 0x7fa496287b30>
10775,2021-03-24 22:00:00,<function <lambda> at 0x7fa4962879f0>,<function <lambda> at 0x7fa496287a90>,<function <lambda> at 0x7fa496287b30>
10776,2021-03-24 23:00:00,<function <lambda> at 0x7fa4962879f0>,<function <lambda> at 0x7fa496287a90>,<function <lambda> at 0x7fa496287b30>
10777,2021-03-25 00:00:00,<function <lambda> at 0x7fa4962879f0>,<function <lambda> at 0x7fa496287a90>,<function <lambda> at 0x7fa496287b30>
10778,2021-03-25 01:00:00,<function <lambda> at 0x7fa4962879f0>,<function <lambda> at 0x7fa496287a90>,<function <lambda> at 0x7fa496287b30>
10779,2021-03-25 02:00:00,<function <lambda> at 0x7fa4962879f0>,<function <lambda> at 0x7fa496287a90>,<function <lambda> at 0x7fa496287b30>
10780,2021-03-25 03:00:00,<function <lambda> at 0x7fa4962879f0>,<function <lambda> at 0x7fa496287a90>,<function <lambda> at 0x7fa496287b30>
10781,2021-03-25 04:00:00,<function <lambda> at 0x7fa4962879f0>,<function <lambda> at 0x7fa496287a90>,<function <lambda> at 0x7fa496287b30>
10782,2021-03-25 05:00:00,<function <lambda> at 0x7fa4962879f0>,<function <lambda> at 0x7fa496287a90>,<function <lambda> at 0x7fa496287b30>
10783,2021-03-25 06:00:00,<function <lambda> at 0x7fa4962879f0>,<function <lambda> at 0x7fa496287a90>,<function <lambda> at 0x7fa496287b30>
10784,2021-03-25 07:00:00,<function <lambda> at 0x7fa4962879f0>,<function <lambda> at 0x7fa496287a90>,<function <lambda> at 0x7fa496287b30>
10785,2021-03-25 08:00:00,<function <lambda> at 0x7fa4962879f0>,<function <lambda> at 0x7fa496287a90>,<function <lambda> at 0x7fa496287b30>
10786,2021-03-25 09:00:00,<function <lambda> at 0x7fa4962879f0>,<function <lambda> at 0x7fa496287a90>,<function <lambda> at 0x7fa496287b30>
10787,2021-03-25 10:00:00,<function <lambda> at 0x7fa4962879f0>,<function <lambda> at 0x7fa496287a90>,<function <lambda> at 0x7fa496287b30>
10788,2021-03-25 11:00:00,<function <lambda> at 0x7fa4962879f0>,<function <lambda> at 0x7fa496287a90>,<function <lambda> at 0x7fa496287b30>
10789,2021-03-25 12:00:00,<function <lambda> at 0x7fa4962879f0>,<function <lambda> at 0x7fa496287a90>,<function <lambda> at 0x7fa496287b30>
10790,2021-03-25 13:00:00,<function <lambda> at 0x7fa4962879f0>,<function <lambda> at 0x7fa496287a90>,<function <lambda> at 0x7fa496287b30>
10791,2021-03-25 14:00:00,<function <lambda> at 0x7fa4962879f0>,<function <lambda> at 0x7fa496287a90>,<function <lambda> at 0x7fa496287b30>
10792,2021-03-25 15:00:00,<function <lambda> at 0x7fa4962879f0>,<function <lambda> at 0x7fa496287a90>,<function <lambda> at 0x7fa496287b30>
10793,2021-03-25 16:00:00,<function <lambda> at 0x7fa4962879f0>,<function <lambda> at 0x7fa496287a90>,<function <lambda> at 0x7fa496287b30>
10794,2021-03-25 17:00:00,<function <lambda> at 0x7fa4962879f0>,<function <lambda> at 0x7fa496287a90>,<function <lambda> at 0x7fa496287b30>
10795,2021-03-25 18:00:00,<function <lambda> at 0x7fa4962879f0>,<function <lambda> at 0x7fa496287a90>,<function <lambda> at 0x7fa496287b30>
10796,2021-03-25 19:00:00,<function <lambda> at 0x7fa4962879f0>,<function <lambda> at 0x7fa496287a90>,<function <lambda> at 0x7fa496287b30>
10797,2021-03-25 20:00:00,<function <lambda> at 0x7fa4962879f0>,<function <lambda> at 0x7fa496287a90>,<function <lambda> at 0x7fa496287b30>
10798,2021-03-25 21:00:00,<function <lambda> at 0x7fa4962879f0>,<function <lambda> at 0x7fa496287a90>,<function <lambda> at 0x7fa496287b30>
10799,2021-03-25 22:00:00,<function <lambda> at 0x7fa4962879f0>,<function <lambda> at 0x7fa496287a90>,<function <lambda> at 0x7fa496287b30>
10800,2021-03-25 23:00:00,<function <lambda> at 0x7fa4962879f0>,<function <lambda> at 0x7fa496287a90>,<function <lambda> at 0x7fa496287b30>
10801,2021-03-26 00:00:00,<function <lambda> at 0x7fa4962879f0>,<function <lambda> at 0x7fa496287a90>,<function <lambda> at 0x7fa496287b30>
10802,2021-03-26 01:00:00,<function <lambda> at 0x7fa4962879f0>,<function <lambda> at 0x7fa496287a90>,<function <lambda> at 0x7fa496287b30>
10803,2021-03-26 02:00:00,<function <lambda> at 0x7fa4962879f0>,<function <lambda> at 0x7fa496287a90>,<function <lambda> at 0x7fa496287b30>
10804,2021-03-26 03:00:00,<function <lambda> at 0x7fa4962879f0>,<function <lambda> at 0x7fa496287a90>,<function <lambda> at 0x7fa496287b30>
10805,2021-03-26 04:00:00,<function <lambda> at 0x7fa4962879f0>,<function <lambda> at 0x7fa496287a90>,<function <lambda> at 0x7fa496287b30>
10806,2021-03-26 05:00:00,<function <lambda> at 0x7fa4962879f0>,<function <lambda> at 0x7fa496287a90>,<function <lambda> at 0x7fa496287b30>
10807,2021-03-26 06:00:00,<function <lambda> at 0x7fa4962879f0>,<function <lambda> at 0x7fa496287a90>,<function <lambda> at 0x7fa496287b30>
10808,2021-03-26 07:00:00,<function <lambda> at 0x7fa4962879f0>,<function <lambda> at 0x7fa496287a90>,<function <lambda> at 0x7fa496287b30>
10809,2021-03-26 08:00:00,<function <lambda> at 0x7fa4962879f0>,<function <lambda> at 0x7fa496287a90>,<function <lambda> at 0x7fa496287b30>
10810,2021-03-26 09:00:00,<function <lambda> at 0x7fa4962879f0>,<function <lambda> at 0x7fa496287a90>,<function <lambda> at 0x7fa496287b30>
10811,2021-03-26 10:00:00,<function <lambda> at 0x7fa4962879f0>,<function <lambda> at 0x7fa496287a90>,<function <lambda> at 0x7fa496287b30>
10812,2021-03-26 11:00:00,<function <lambda> at 0x7fa4962879f0>,<function <lambda> at 0x7fa496287a90>,<function <lambda> at 0x7fa496287b30>
10813,2021-03-26 12:00:00,<function <lambda> at 0x7fa4962879f0>,<function <lambda> at 0x7fa496287a90>,<function <lambda> at 0x7fa496287b30>
10814,2021-03-26 13:00:00,<function <lambda> at 0x7fa4962879f0>,<function <lambda> at 0x7fa496287a90>,<function <lambda> at 0x7fa496287b30>
10815,2021-03-26 14:00:00,<function <lambda> at 0x7fa4962879f0>,<function <lambda> at 0x7fa496287a90>,<function <lambda> at 0x7fa496287b30>
10816,2021-03-26 15:00:00,<function <lambda> at 0x7fa4962879f0>,<function <lambda> at 0x7fa496287a90>,<function <lambda> at 0x7fa496287b30>
10817,2021-03-26 16:00:00,<function <lambda> at 0x7fa4962879f0>,<function <lambda> at 0x7fa496287a90>,<function <lambda> at 0x7fa496287b30>
10818,2021-03-26 17:00:00,<function <lambda> at 0x7fa4962879f0>,<function <lambda> at 0x7fa496287a90>,<function <lambda> at 0x7fa496287b30>
10819,2021-03-26 18:00:00,<function <lambda> at 0x7fa4962879f0>,<function <lambda> at 0x7fa496287a90>,<function <lambda> at 0x7fa496287b30>
10820,2021-03-26 19:00:00,<function <lambda> at 0x7fa4962879f0>,<function <lambda> at 0x7fa496287a90>,<function <lambda> at 0x7fa496287b30>
10821,2021-03-26 20:00:00,<function <lambda> at 0x7fa4962879f0>,<function <lambda> at 0x7fa496287a90>,<function <lambda> at 0x7fa496287b30>
10822,2021-03-26 21:00:00,<function <lambda> at 0x7fa4962879f0>,<function <lambda> at 0x7fa496287a90>,<function <lambda> at 0x7fa496287b30>
10823,2021-03-26 22:00:00,<function <lambda> at 0x7fa4962879f0>,<function <lambda> at 0x7fa496287a90>,<function <lambda> at 0x7fa496287b30>
10824,2021-03-26 23:00:00,<function <lambda> at 0x7fa4962879f0>,<function <lambda> at 0x7fa496287a90>,<function <lambda> at 0x7fa496287b30>
10825,2021-03-27 00:00:00,<function <lambda> at 0x7fa4962879f0>,<function <lambda> at 0x7fa496287a90>,<function <lambda> at 0x7fa496287b30>
10826,2021-03-27 01:00:00,<function <lambda> at 0x7fa4962879f0>,<function <lambda> at 0x7fa496287a90>,<function <lambda> at 0x7fa496287b30>
10827,2021-03-27 02:00:00,<function <lambda> at 0x7fa4962879f0>,<function <lambda> at 0x7fa496287a90>,<function <lambda> at 0x7fa496287b30>
10828,2021-03-27 03:00:00,<function <lambda> at 0x7fa4962879f0>,<function <lambda> at 0x7fa496287a90>,<function <lambda> at 0x7fa496287b30>
10829,2021-03-27 04:00:00,<function <lambda> at 0x7fa4962879f0>,<function <lambda> at 0x7fa496287a90>,<function <lambda> at 0x7fa496287b30>
10830,2021-03-27 05:00:00,<function <lambda> at 0x7fa4962879f0>,<function <lambda> at 0x7fa496287a90>,<function <lambda> at 0x7fa496287b30>
10831,2021-03-27 06:00:00,<function <lambda> at 0x7fa4962879f0>,<function <lambda> at 0x7fa496287a90>,<function <lambda> at 0x7fa496287b30>
10832,2021-03-27 07:00:00,<function <lambda> at 0x7fa4962879f0>,<function <lambda> at 0x7fa496287a90>,<function <lambda> at 0x7fa496287b30>
10833,2021-03-27 08:00:00,<function <lambda> at 0x7fa4962879f0>,<function <lambda> at 0x7fa496287a90>,<function <lambda> at 0x7fa496287b30>
10834,2021-03-27 09:00:00,<function <lambda> at 0x7fa4962879f0>,<function <lambda> at 0x7fa496287a90>,<function <lambda> at 0x7fa496287b30>
10835,2021-03-27 10:00:00,<function <lambda> at 0x7fa4962879f0>,<function <lambda> at 0x7fa496287a90>,<function <lambda> at 0x7fa496287b30>
10836,2021-03-27 11:00:00,<function <lambda> at 0x7fa4962879f0>,<function <lambda> at 0x7fa496287a90>,<function <lambda> at 0x7fa496287b30>
10837,2021-03-27 12:00:00,<function <lambda> at 0x7fa4962879f0>,<function <lambda> at 0x7fa496287a90>,<function <lambda> at 0x7fa496287b30>
10838,2021-03-27 13:00:00,<function <lambda> at 0x7fa4962879f0>,<function <lambda> at 0x7fa496287a90>,<function <lambda> at 0x7fa496287b30>
10839,2021-03-27 14:00:00,<function <lambda> at 0x7fa4962879f0>,<function <lambda> at 0x7fa496287a90>,<function <lambda> at 0x7fa496287b30>
10840,2021-03-27 15:00:00,<function <lambda> at 0x7fa4962879f0>,<function <lambda> at 0x7fa496287a90>,<function <lambda> at 0x7fa496287b30>
10841,2021-03-27 16:00:00,<function <lambda> at 0x7fa4962879f0>,<function <lambda> at 0x7fa496287a90>,<function <lambda> at 0x7fa496287b30>
10842,2021-03-27 17:00:00,<function <lambda> at 0x7fa4962879f0>,<function <lambda> at 0x7fa496287a90>,<function <lambda> at 0x7fa496287b30>
10843,2021-03-27 18:00:00,<function <lambda> at 0x7fa4962879f0>,<function <lambda> at 0x7fa496287a90>,<function <lambda> at 0x7fa496287b30>
10844,2021-03-27 19:00:00,<function <lambda> at 0x7fa4962879f0>,<function <lambda> at 0x7fa496287a90>,<function <lambda> at 0x7fa496287b30>
10845,2021-03-27 20:00:00,<function <lambda> at 0x7fa4962879f0>,<function <lambda> at 0x7fa496287a90>,<function <lambda> at 0x7fa496287b30>
10846,2021-03-27 21:00:00,<function <lambda> at 0x7fa4962879f0>,<function <lambda> at 0x7fa496287a90>,<function <lambda> at 0x7fa496287b30>
10847,2021-03-27 22:00:00,<function <lambda> at 0x7fa4962879f0>,<function <lambda> at 0x7fa496287a90>,<function <lambda> at 0x7fa496287b30>
10848,2021-03-27 23:00:00,<function <lambda> at 0x7fa4962879f0>,<function <lambda> at 0x7fa496287a90>,<function <lambda> at 0x7fa496287b30>
10849,2021-03-28 00:00:00,<function <lambda> at 0x7fa4962879f0>,<function <lambda> at 0x7fa496287a90>,<function <lambda> at 0x7fa496287b30>
10850,2021-03-28 01:00:00,<function <lambda> at 0x7fa4962879f0>,<function <lambda> at 0x7fa496287a90>,<function <lambda> at 0x7fa496287b30>
10851,2021-03-28 02:00:00,<function <lambda> at 0x7fa4962879f0>,<function <lambda> at 0x7fa496287a90>,<function <lambda> at 0x7fa496287b30>
10852,2021-03-28 03:00:00,<function <lambda> at 0x7fa4962879f0>,<function <lambda> at 0x7fa496287a90>,<function <lambda> at 0x7fa496287b30>
10853,2021-03-28 04:00:00,<function <lambda> at 0x7fa4962879f0>,<function <lambda> at 0x7fa496287a90>,<function <lambda> at 0x7fa496287b30>
10854,2021-03-28 05:00:00,<function <lambda> at 0x7fa4962879f0>,<function <lambda> at 0x7fa496287a90>,<function <lambda> at 0x7fa496287b30>
10855,2021-03-28 06:00:00,<function <lambda> at 0x7fa4962879f0>,<function <lambda> at 0x7fa496287a90>,<function <lambda> at 0x7fa496287b30>
10856,2021-03-28 07:00:00,<function <lambda> at 0x7fa4962879f0>,<function <lambda> at 0x7fa496287a90>,<function <lambda> at 0x7fa496287b30>
10857,2021-03-28 08:00:00,<function <lambda> at 0x7fa4962879f0>,<function <lambda> at 0x7fa496287a90>,<function <lambda> at 0x7fa496287b30>
10858,2021-03-28 09:00:00,<function <lambda> at 0x7fa4962879f0>,<function <lambda> at 0x7fa496287a90>,<function <lambda> at 0x7fa496287b30>
10859,2021-03-28 10:00:00,<function <lambda> at 0x7fa4962879f0>,<function <lambda> at 0x7fa496287a90>,<function <lambda> at 0x7fa496287b30>
10860,2021-03-28 11:00:00,<function <lambda> at 0x7fa4962879f0>,<function <lambda> at 0x7fa496287a90>,<function <lambda> at 0x7fa496287b30>
10861,2021-03-28 12:00:00,<function <lambda> at 0x7fa4962879f0>,<function <lambda> at 0x7fa496287a90>,<function <lambda> at 0x7fa496287b30>
10862,2021-03-28 13:00:00,<function <lambda> at 0x7fa4962879f0>,<function <lambda> at 0x7fa496287a90>,<function <lambda> at 0x7fa496287b30>
10863,2021-03-28 14:00:00,<function <lambda> at 0x7fa4962879f0>,<function <lambda> at 0x7fa496287a90>,<function <lambda> at 0x7fa496287b30>
10864,2021-03-28 15:00:00,<function <lambda> at 0x7fa4962879f0>,<function <lambda> at 0x7fa496287a90>,<function <lambda> at 0x7fa496287b30>
10865,2021-03-28 16:00:00,<function <lambda> at 0x7fa4962879f0>,<function <lambda> at 0x7fa496287a90>,<function <lambda> at 0x7fa496287b30>
10866,2021-03-28 17:00:00,<function <lambda> at 0x7fa4962879f0>,<function <lambda> at 0x7fa496287a90>,<function <lambda> at 0x7fa496287b30>
10867,2021-03-28 18:00:00,<function <lambda> at 0x7fa4962879f0>,<function <lambda> at 0x7fa496287a90>,<function <lambda> at 0x7fa496287b30>
10868,2021-03-28 19:00:00,<function <lambda> at 0x7fa4962879f0>,<function <lambda> at 0x7fa496287a90>,<function <lambda> at 0x7fa496287b30>
10869,2021-03-28 20:00:00,<function <lambda> at 0x7fa4962879f0>,<function <lambda> at 0x7fa496287a90>,<function <lambda> at 0x7fa496287b30>
10870,2021-03-28 21:00:00,<function <lambda> at 0x7fa4962879f0>,<function <lambda> at 0x7fa496287a90>,<function <lambda> at 0x7fa496287b30>
10871,2021-03-28 22:00:00,<function <lambda> at 0x7fa4962879f0>,<function <lambda> at 0x7fa496287a90>,<function <lambda> at 0x7fa496287b30>
10872,2021-03-28 23:00:00,<function <lambda> at 0x7fa4962879f0>,<function <lambda> at 0x7fa496287a90>,<function <lambda> at 0x7fa496287b30>
10873,2021-03-29 00:00:00,<function <lambda> at 0x7fa4962879f0>,<function <lambda> at 0x7fa496287a90>,<function <lambda> at 0x7fa496287b30>
10874,2021-03-29 01:00:00,<function <lambda> at 0x7fa4962879f0>,<function <lambda> at 0x7fa496287a90>,<function <lambda> at 0x7fa496287b30>
10875,2021-03-29 02:00:00,<function <lambda> at 0x7fa4962879f0>,<function <lambda> at 0x7fa496287a90>,<function <lambda> at 0x7fa496287b30>
10876,2021-03-29 03:00:00,<function <lambda> at 0x7fa4962879f0>,<function <lambda> at 0x7fa496287a90>,<function <lambda> at 0x7fa496287b30>
10877,2021-03-29 04:00:00,<function <lambda> at 0x7fa4962879f0>,<function <lambda> at 0x7fa496287a90>,<function <lambda> at 0x7fa496287b30>
10878,2021-03-29 05:00:00,<function <lambda> at 0x7fa4962879f0>,<function <lambda> at 0x7fa496287a90>,<function <lambda> at 0x7fa496287b30>
10879,2021-03-29 06:00:00,<function <lambda> at 0x7fa4962879f0>,<function <lambda> at 0x7fa496287a90>,<function <lambda> at 0x7fa496287b30>
10880,2021-03-29 07:00:00,<function <lambda> at 0x7fa4962879f0>,<function <lambda> at 0x7fa496287a90>,<function <lambda> at 0x7fa496287b30>
10881,2021-03-29 08:00:00,<function <lambda> at 0x7fa4962879f0>,<function <lambda> at 0x7fa496287a90>,<function <lambda> at 0x7fa496287b30>
10882,2021-03-29 09:00:00,<function <lambda> at 0x7fa4962879f0>,<function <lambda> at 0x7fa496287a90>,<function <lambda> at 0x7fa496287b30>
10883,2021-03-29 10:00:00,<function <lambda> at 0x7fa4962879f0>,<function <lambda> at 0x7fa496287a90>,<function <lambda> at 0x7fa496287b30>
10884,2021-03-29 11:00:00,<function <lambda> at 0x7fa4962879f0>,<function <lambda> at 0x7fa496287a90>,<function <lambda> at 0x7fa496287b30>
10885,2021-03-29 12:00:00,<function <lambda> at 0x7fa4962879f0>,<function <lambda> at 0x7fa496287a90>,<function <lambda> at 0x7fa496287b30>
10886,2021-03-29 13:00:00,<function <lambda> at 0x7fa4962879f0>,<function <lambda> at 0x7fa496287a90>,<function <lambda> at 0x7fa496287b30>
10887,2021-03-29 14:00:00,<function <lambda> at 0x7fa4962879f0>,<function <lambda> at 0x7fa496287a90>,<function <lambda> at 0x7fa496287b30>
10888,2021-03-29 15:00:00,<function <lambda> at 0x7fa4962879f0>,<function <lambda> at 0x7fa496287a90>,<function <lambda> at 0x7fa496287b30>
10889,2021-03-29 16:00:00,<function <lambda> at 0x7fa4962879f0>,<function <lambda> at 0x7fa496287a90>,<function <lambda> at 0x7fa496287b30>
10890,2021-03-29 17:00:00,<function <lambda> at 0x7fa4962879f0>,<function <lambda> at 0x7fa496287a90>,<function <lambda> at 0x7fa496287b30>
10891,2021-03-29 18:00:00,<function <lambda> at 0x7fa4962879f0>,<function <lambda> at 0x7fa496287a90>,<function <lambda> at 0x7fa496287b30>
10892,2021-03-29 19:00:00,<function <lambda> at 0x7fa4962879f0>,<function <lambda> at 0x7fa496287a90>,<function <lambda> at 0x7fa496287b30>
10893,2021-03-29 20:00:00,<function <lambda> at 0x7fa4962879f0>,<function <lambda> at 0x7fa496287a90>,<function <lambda> at 0x7fa496287b30>
10894,2021-03-29 21:00:00,<function <lambda> at 0x7fa4962879f0>,<function <lambda> at 0x7fa496287a90>,<function <lambda> at 0x7fa496287b30>
10895,2021-03-29 22:00:00,<function <lambda> at 0x7fa4962879f0>,<function <lambda> at 0x7fa496287a90>,<function <lambda> at 0x7fa496287b30>
10896,2021-03-29 23:00:00,<function <lambda> at 0x7fa4962879f0>,<function <lambda> at 0x7fa496287a90>,<function <lambda> at 0x7fa496287b30>
10897,2021-03-30 00:00:00,<function <lambda> at 0x7fa4962879f0>,<function <lambda> at 0x7fa496287a90>,<function <lambda> at 0x7fa496287b30>
10898,2021-03-30 01:00:00,<function <lambda> at 0x7fa4962879f0>,<function <lambda> at 0x7fa496287a90>,<function <lambda> at 0x7fa496287b30>
10899,2021-03-30 02:00:00,<function <lambda> at 0x7fa4962879f0>,<function <lambda> at 0x7fa496287a90>,<function <lambda> at 0x7fa496287b30>
10900,2021-03-30 03:00:00,<function <lambda> at 0x7fa4962879f0>,<function <lambda> at 0x7fa496287a90>,<function <lambda> at 0x7fa496287b30>
10901,2021-03-30 04:00:00,<function <lambda> at 0x7fa4962879f0>,<function <lambda> at 0x7fa496287a90>,<function <lambda> at 0x7fa496287b30>
10902,2021-03-30 05:00:00,<function <lambda> at 0x7fa4962879f0>,<function <lambda> at 0x7fa496287a90>,<function <lambda> at 0x7fa496287b30>
10903,2021-03-30 06:00:00,<function <lambda> at 0x7fa4962879f0>,<function <lambda> at 0x7fa496287a90>,<function <lambda> at 0x7fa496287b30>
10904,2021-03-30 07:00:00,<function <lambda> at 0x7fa4962879f0>,<function <lambda> at 0x7fa496287a90>,<function <lambda> at 0x7fa496287b30>
10905,2021-03-30 08:00:00,<function <lambda> at 0x7fa4962879f0>,<function <lambda> at 0x7fa496287a90>,<function <lambda> at 0x7fa496287b30>
10906,2021-03-30 09:00:00,<function <lambda> at 0x7fa4962879f0>,<function <lambda> at 0x7fa496287a90>,<function <lambda> at 0x7fa496287b30>
10907,2021-03-30 10:00:00,<function <lambda> at 0x7fa4962879f0>,<function <lambda> at 0x7fa496287a90>,<function <lambda> at 0x7fa496287b30>
10908,2021-03-30 11:00:00,<function <lambda> at 0x7fa4962879f0>,<function <lambda> at 0x7fa496287a90>,<function <lambda> at 0x7fa496287b30>
10909,2021-03-30 12:00:00,<function <lambda> at 0x7fa4962879f0>,<function <lambda> at 0x7fa496287a90>,<function <lambda> at 0x7fa496287b30>
10910,2021-03-30 13:00:00,<function <lambda> at 0x7fa4962879f0>,<function <lambda> at 0x7fa496287a90>,<function <lambda> at 0x7fa496287b30>
10911,2021-03-30 14:00:00,<function <lambda> at 0x7fa4962879f0>,<function <lambda> at 0x7fa496287a90>,<function <lambda> at 0x7fa496287b30>
10912,2021-03-30 15:00:00,<function <lambda> at 0x7fa4962879f0>,<function <lambda> at 0x7fa496287a90>,<function <lambda> at 0x7fa496287b30>
10913,2021-03-30 16:00:00,<function <lambda> at 0x7fa4962879f0>,<function <lambda> at 0x7fa496287a90>,<function <lambda> at 0x7fa496287b30>
10914,2021-03-30 17:00:00,<function <lambda> at 0x7fa4962879f0>,<function <lambda> at 0x7fa496287a90>,<function <lambda> at 0x7fa496287b30>
10915,2021-03-30 18:00:00,<function <lambda> at 0x7fa4962879f0>,<function <lambda> at 0x7fa496287a90>,<function <lambda> at 0x7fa496287b30>
10916,2021-03-30 19:00:00,<function <lambda> at 0x7fa4962879f0>,<function <lambda> at 0x7fa496287a90>,<function <lambda> at 0x7fa496287b30>
10917,2021-03-30 20:00:00,<function <lambda> at 0x7fa4962879f0>,<function <lambda> at 0x7fa496287a90>,<function <lambda> at 0x7fa496287b30>
10918,2021-03-30 21:00:00,<function <lambda> at 0x7fa4962879f0>,<function <lambda> at 0x7fa496287a90>,<function <lambda> at 0x7fa496287b30>
10919,2021-03-30 22:00:00,<function <lambda> at 0x7fa4962879f0>,<function <lambda> at 0x7fa496287a90>,<function <lambda> at 0x7fa496287b30>
10920,2021-03-30 23:00:00,<function <lambda> at 0x7fa4962879f0>,<function <lambda> at 0x7fa496287a90>,<function <lambda> at 0x7fa496287b30>
10921,2021-03-31 00:00:00,<function <lambda> at 0x7fa4962879f0>,<function <lambda> at 0x7fa496287a90>,<function <lambda> at 0x7fa496287b30>
10922,2021-03-31 01:00:00,<function <lambda> at 0x7fa4962879f0>,<function <lambda> at 0x7fa496287a90>,<function <lambda> at 0x7fa496287b30>
10923,2021-03-31 02:00:00,<function <lambda> at 0x7fa4962879f0>,<function <lambda> at 0x7fa496287a90>,<function <lambda> at 0x7fa496287b30>
10924,2021-03-31 03:00:00,<function <lambda> at 0x7fa4962879f0>,<function <lambda> at 0x7fa496287a90>,<function <lambda> at 0x7fa496287b30>
10925,2021-03-31 04:00:00,<function <lambda> at 0x7fa4962879f0>,<function <lambda> at 0x7fa496287a90>,<function <lambda> at 0x7fa496287b30>
10926,2021-03-31 05:00:00,<function <lambda> at 0x7fa4962879f0>,<function <lambda> at 0x7fa496287a90>,<function <lambda> at 0x7fa496287b30>
10927,2021-03-31 06:00:00,<function <lambda> at 0x7fa4962879f0>,<function <lambda> at 0x7fa496287a90>,<function <lambda> at 0x7fa496287b30>
10928,2021-03-31 07:00:00,<function <lambda> at 0x7fa4962879f0>,<function <lambda> at 0x7fa496287a90>,<function <lambda> at 0x7fa496287b30>
10929,2021-03-31 08:00:00,<function <lambda> at 0x7fa4962879f0>,<function <lambda> at 0x7fa496287a90>,<function <lambda> at 0x7fa496287b30>
10930,2021-03-31 09:00:00,<function <lambda> at 0x7fa4962879f0>,<function <lambda> at 0x7fa496287a90>,<function <lambda> at 0x7fa496287b30>
10931,2021-03-31 10:00:00,<function <lambda> at 0x7fa4962879f0>,<function <lambda> at 0x7fa496287a90>,<function <lambda> at 0x7fa496287b30>
10932,2021-03-31 11:00:00,<function <lambda> at 0x7fa4962879f0>,<function <lambda> at 0x7fa496287a90>,<function <lambda> at 0x7fa496287b30>
10933,2021-03-31 12:00:00,<function <lambda> at 0x7fa4962879f0>,<function <lambda> at 0x7fa496287a90>,<function <lambda> at 0x7fa496287b30>
10934,2021-03-31 13:00:00,<function <lambda> at 0x7fa4962879f0>,<function <lambda> at 0x7fa496287a90>,<function <lambda> at 0x7fa496287b30>
10935,2021-03-31 14:00:00,<function <lambda> at 0x7fa4962879f0>,<function <lambda> at 0x7fa496287a90>,<function <lambda> at 0x7fa496287b30>
10936,2021-03-31 15:00:00,<function <lambda> at 0x7fa4962879f0>,<function <lambda> at 0x7fa496287a90>,<function <lambda> at 0x7fa496287b30>
10937,2021-03-31 16:00:00,<function <lambda> at 0x7fa4962879f0>,<function <lambda> at 0x7fa496287a90>,<function <lambda> at 0x7fa496287b30>
10938,2021-03-31 17:00:00,<function <lambda> at 0x7fa4962879f0>,<function <lambda> at 0x7fa496287a90>,<function <lambda> at 0x7fa496287b30>
10939,2021-03-31 18:00:00,<function <lambda> at 0x7fa4962879f0>,<function <lambda> at 0x7fa496287a90>,<function <lambda> at 0x7fa496287b30>
10940,2021-03-31 19:00:00,<function <lambda> at 0x7fa4962879f0>,<function <lambda> at 0x7fa496287a90>,<function <lambda> at 0x7fa496287b30>
10941,2021-03-31 20:00:00,<function <lambda> at 0x7fa4962879f0>,<function <lambda> at 0x7fa496287a90>,<function <lambda> at 0x7fa496287b30>
10942,2021-03-31 21:00:00,<function <lambda> at 0x7fa4962879f0>,<function <lambda> at 0x7fa496287a90>,<function <lambda> at 0x7fa496287b30>
10943,2021-03-31 22:00:00,<function <lambda> at 0x7fa4962879f0>,<function <lambda> at 0x7fa496287a90>,<function <lambda> at 0x7fa496287b30>
10944,2021-03-31 23:00:00,<function <lambda> at 0x7fa4962879f0>,<function <lambda> at 0x7fa496287a90>,<function <lambda> at 0x7fa496287b30>
10945,2021-04-01 00:00:00,<function <lambda> at 0x7fa4962879f0>,<function <lambda> at 0x7fa496287a90>,<function <lambda> at 0x7fa496287b30>
10946,2021-04-01 01:00:00,<function <lambda> at 0x7fa4962879f0>,<function <lambda> at 0x7fa496287a90>,<function <lambda> at 0x7fa496287b30>
10947,2021-04-01 02:00:00,<function <lambda> at 0x7fa4962879f0>,<function <lambda> at 0x7fa496287a90>,<function <lambda> at 0x7fa496287b30>
10948,2021-04-01 03:00:00,<function <lambda> at 0x7fa4962879f0>,<function <lambda> at 0x7fa496287a90>,<function <lambda> at 0x7fa496287b30>
10949,2021-04-01 04:00:00,<function <lambda> at 0x7fa4962879f0>,<function <lambda> at 0x7fa496287a90>,<function <lambda> at 0x7fa496287b30>
10950,2021-04-01 05:00:00,<function <lambda> at 0x7fa4962879f0>,<function <lambda> at 0x7fa496287a90>,<function <lambda> at 0x7fa496287b30>
10951,2021-04-01 06:00:00,<function <lambda> at 0x7fa4962879f0>,<function <lambda> at 0x7fa496287a90>,<function <lambda> at 0x7fa496287b30>
10952,2021-04-01 07:00:00,<function <lambda> at 0x7fa4962879f0>,<function <lambda> at 0x7fa496287a90>,<function <lambda> at 0x7fa496287b30>
10953,2021-04-01 08:00:00,<function <lambda> at 0x7fa4962879f0>,<function <lambda> at 0x7fa496287a90>,<function <lambda> at 0x7fa496287b30>
10954,2021-04-01 09:00:00,<function <lambda> at 0x7fa4962879f0>,<function <lambda> at 0x7fa496287a90>,<function <lambda> at 0x7fa496287b30>
10955,2021-04-01 10:00:00,<function <lambda> at 0x7fa4962879f0>,<function <lambda> at 0x7fa496287a90>,<function <lambda> at 0x7fa496287b30>
10956,2021-04-01 11:00:00,<function <lambda> at 0x7fa4962879f0>,<function <lambda> at 0x7fa496287a90>,<function <lambda> at 0x7fa496287b30>
10957,2021-04-01 12:00:00,<function <lambda> at 0x7fa4962879f0>,<function <lambda> at 0x7fa496287a90>,<function <lambda> at 0x7fa496287b30>
10958,2021-04-01 13:00:00,<function <lambda> at 0x7fa4962879f0>,<function <lambda> at 0x7fa496287a90>,<function <lambda> at 0x7fa496287b30>
10959,2021-04-01 14:00:00,<function <lambda> at 0x7fa4962879f0>,<function <lambda> at 0x7fa496287a90>,<function <lambda> at 0x7fa496287b30>
10960,2021-04-01 15:00:00,<function <lambda> at 0x7fa4962879f0>,<function <lambda> at 0x7fa496287a90>,<function <lambda> at 0x7fa496287b30>
10961,2021-04-01 16:00:00,<function <lambda> at 0x7fa4962879f0>,<function <lambda> at 0x7fa496287a90>,<function <lambda> at 0x7fa496287b30>
10962,2021-04-01 17:00:00,<function <lambda> at 0x7fa4962879f0>,<function <lambda> at 0x7fa496287a90>,<function <lambda> at 0x7fa496287b30>
10963,2021-04-01 18:00:00,<function <lambda> at 0x7fa4962879f0>,<function <lambda> at 0x7fa496287a90>,<function <lambda> at 0x7fa496287b30>
10964,2021-04-01 19:00:00,<function <lambda> at 0x7fa4962879f0>,<function <lambda> at 0x7fa496287a90>,<function <lambda> at 0x7fa496287b30>
10965,2021-04-01 20:00:00,<function <lambda> at 0x7fa4962879f0>,<function <lambda> at 0x7fa496287a90>,<function <lambda> at 0x7fa496287b30>
10966,2021-04-01 21:00:00,<function <lambda> at 0x7fa4962879f0>,<function <lambda> at 0x7fa496287a90>,<function <lambda> at 0x7fa496287b30>
10967,2021-04-01 22:00:00,<function <lambda> at 0x7fa4962879f0>,<function <lambda> at 0x7fa496287a90>,<function <lambda> at 0x7fa496287b30>
10968,2021-04-01 23:00:00,<function <lambda> at 0x7fa4962879f0>,<function <lambda> at 0x7fa496287a90>,<function <lambda> at 0x7fa496287b30>
10969,2021-04-02 00:00:00,<function <lambda> at 0x7fa4962879f0>,<function <lambda> at 0x7fa496287a90>,<function <lambda> at 0x7fa496287b30>
10970,2021-04-02 01:00:00,<function <lambda> at 0x7fa4962879f0>,<function <lambda> at 0x7fa496287a90>,<function <lambda> at 0x7fa496287b30>
10971,2021-04-02 02:00:00,<function <lambda> at 0x7fa4962879f0>,<function <lambda> at 0x7fa496287a90>,<function <lambda> at 0x7fa496287b30>
10972,2021-04-02 03:00:00,<function <lambda> at 0x7fa4962879f0>,<function <lambda> at 0x7fa496287a90>,<function <lambda> at 0x7fa496287b30>
10973,2021-04-02 04:00:00,<function <lambda> at 0x7fa4962879f0>,<function <lambda> at 0x7fa496287a90>,<function <lambda> at 0x7fa496287b30>
10974,2021-04-02 05:00:00,<function <lambda> at 0x7fa4962879f0>,<function <lambda> at 0x7fa496287a90>,<function <lambda> at 0x7fa496287b30>
10975,2021-04-02 06:00:00,<function <lambda> at 0x7fa4962879f0>,<function <lambda> at 0x7fa496287a90>,<function <lambda> at 0x7fa496287b30>
10976,2021-04-02 07:00:00,<function <lambda> at 0x7fa4962879f0>,<function <lambda> at 0x7fa496287a90>,<function <lambda> at 0x7fa496287b30>
10977,2021-04-02 08:00:00,<function <lambda> at 0x7fa4962879f0>,<function <lambda> at 0x7fa496287a90>,<function <lambda> at 0x7fa496287b30>
10978,2021-04-02 09:00:00,<function <lambda> at 0x7fa4962879f0>,<function <lambda> at 0x7fa496287a90>,<function <lambda> at 0x7fa496287b30>
10979,2021-04-02 10:00:00,<function <lambda> at 0x7fa4962879f0>,<function <lambda> at 0x7fa496287a90>,<function <lambda> at 0x7fa496287b30>
10980,2021-04-02 11:00:00,<function <lambda> at 0x7fa4962879f0>,<function <lambda> at 0x7fa496287a90>,<function <lambda> at 0x7fa496287b30>
10981,2021-04-02 12:00:00,<function <lambda> at 0x7fa4962879f0>,<function <lambda> at 0x7fa496287a90>,<function <lambda> at 0x7fa496287b30>
10982,2021-04-02 13:00:00,<function <lambda> at 0x7fa4962879f0>,<function <lambda> at 0x7fa496287a90>,<function <lambda> at 0x7fa496287b30>
10983,2021-04-02 14:00:00,<function <lambda> at 0x7fa4962879f0>,<function <lambda> at 0x7fa496287a90>,<function <lambda> at 0x7fa496287b30>
10984,2021-04-02 15:00:00,<function <lambda> at 0x7fa4962879f0>,<function <lambda> at 0x7fa496287a90>,<function <lambda> at 0x7fa496287b30>
10985,2021-04-02 16:00:00,<function <lambda> at 0x7fa4962879f0>,<function <lambda> at 0x7fa496287a90>,<function <lambda> at 0x7fa496287b30>
10986,2021-04-02 17:00:00,<function <lambda> at 0x7fa4962879f0>,<function <lambda> at 0x7fa496287a90>,<function <lambda> at 0x7fa496287b30>
10987,2021-04-02 18:00:00,<function <lambda> at 0x7fa4962879f0>,<function <lambda> at 0x7fa496287a90>,<function <lambda> at 0x7fa496287b30>
10988,2021-04-02 19:00:00,<function <lambda> at 0x7fa4962879f0>,<function <lambda> at 0x7fa496287a90>,<function <lambda> at 0x7fa496287b30>
10989,2021-04-02 20:00:00,<function <lambda> at 0x7fa4962879f0>,<function <lambda> at 0x7fa496287a90>,<function <lambda> at 0x7fa496287b30>
10990,2021-04-02 21:00:00,<function <lambda> at 0x7fa4962879f0>,<function <lambda> at 0x7fa496287a90>,<function <lambda> at 0x7fa496287b30>
10991,2021-04-02 22:00:00,<function <lambda> at 0x7fa4962879f0>,<function <lambda> at 0x7fa496287a90>,<function <lambda> at 0x7fa496287b30>
10992,2021-04-02 23:00:00,<function <lambda> at 0x7fa4962879f0>,<function <lambda> at 0x7fa496287a90>,<function <lambda> at 0x7fa496287b30>
10993,2021-04-03 00:00:00,<function <lambda> at 0x7fa4962879f0>,<function <lambda> at 0x7fa496287a90>,<function <lambda> at 0x7fa496287b30>
10994,2021-04-03 01:00:00,<function <lambda> at 0x7fa4962879f0>,<function <lambda> at 0x7fa496287a90>,<function <lambda> at 0x7fa496287b30>
10995,2021-04-03 02:00:00,<function <lambda> at 0x7fa4962879f0>,<function <lambda> at 0x7fa496287a90>,<function <lambda> at 0x7fa496287b30>
10996,2021-04-03 03:00:00,<function <lambda> at 0x7fa4962879f0>,<function <lambda> at 0x7fa496287a90>,<function <lambda> at 0x7fa496287b30>
10997,2021-04-03 04:00:00,<function <lambda> at 0x7fa4962879f0>,<function <lambda> at 0x7fa496287a90>,<function <lambda> at 0x7fa496287b30>
10998,2021-04-03 05:00:00,<function <lambda> at 0x7fa4962879f0>,<function <lambda> at 0x7fa496287a90>,<function <lambda> at 0x7fa496287b30>
10999,2021-04-03 06:00:00,<function <lambda> at 0x7fa4962879f0>,<function <lambda> at 0x7fa496287a90>,<function <lambda> at 0x7fa496287b30>
11000,2021-04-03 07:00:00,<function <lambda> at 0x7fa4962879f0>,<function <lambda> at 0x7fa496287a90>,<function <lambda> at 0x7fa496287b30>
11001,2021-04-03 08:00:00,<function <lambda> at 0x7fa4962879f0>,<function <lambda> at 0x7fa496287a90>,<function <lambda> at 0x7fa496287b30>
11002,2021-04-03 09:00:00,<function <lambda> at 0x7fa4962879f0>,<function <lambda> at 0x7fa496287a90>,<function <lambda> at 0x7fa496287b30>
11003,2021-04-03 10:00:00,<function <lambda> at 0x7fa4962879f0>,<function <lambda> at 0x7fa496287a90>,<function <lambda> at 0x7fa496287b30>
11004,2021-04-03 11:00:00,<function <lambda> at 0x7fa4962879f0>,<function <lambda> at 0x7fa496287a90>,<function <lambda> at 0x7fa496287b30>
11005,2021-04-03 12:00:00,<function <lambda> at 0x7fa4962879f0>,<function <lambda> at 0x7fa496287a90>,<function <lambda> at 0x7fa496287b30>
11006,2021-04-03 13:00:00,<function <lambda> at 0x7fa4962879f0>,<function <lambda> at 0x7fa496287a90>,<function <lambda> at 0x7fa496287b30>
11007,2021-04-03 14:00:00,<function <lambda> at 0x7fa4962879f0>,<function <lambda> at 0x7fa496287a90>,<function <lambda> at 0x7fa496287b30>
11008,2021-04-03 15:00:00,<function <lambda> at 0x7fa4962879f0>,<function <lambda> at 0x7fa496287a90>,<function <lambda> at 0x7fa496287b30>
11009,2021-04-03 16:00:00,<function <lambda> at 0x7fa4962879f0>,<function <lambda> at 0x7fa496287a90>,<function <lambda> at 0x7fa496287b30>
11010,2021-04-03 17:00:00,<function <lambda> at 0x7fa4962879f0>,<function <lambda> at 0x7fa496287a90>,<function <lambda> at 0x7fa496287b30>
11011,2021-04-03 18:00:00,<function <lambda> at 0x7fa4962879f0>,<function <lambda> at 0x7fa496287a90>,<function <lambda> at 0x7fa496287b30>
11012,2021-04-03 19:00:00,<function <lambda> at 0x7fa4962879f0>,<function <lambda> at 0x7fa496287a90>,<function <lambda> at 0x7fa496287b30>
11013,2021-04-03 20:00:00,<function <lambda> at 0x7fa4962879f0>,<function <lambda> at 0x7fa496287a90>,<function <lambda> at 0x7fa496287b30>
11014,2021-04-03 21:00:00,<function <lambda> at 0x7fa4962879f0>,<function <lambda> at 0x7fa496287a90>,<function <lambda> at 0x7fa496287b30>
11015,2021-04-03 22:00:00,<function <lambda> at 0x7fa4962879f0>,<function <lambda> at 0x7fa496287a90>,<function <lambda> at 0x7fa496287b30>
11016,2021-04-03 23:00:00,<function <lambda> at 0x7fa4962879f0>,<function <lambda> at 0x7fa496287a90>,<function <lambda> at 0x7fa496287b30>
11017,2021-04-04 00:00:00,<function <lambda> at 0x7fa4962879f0>,<function <lambda> at 0x7fa496287a90>,<function <lambda> at 0x7fa496287b30>
11018,2021-04-04 01:00:00,<function <lambda> at 0x7fa4962879f0>,<function <lambda> at 0x7fa496287a90>,<function <lambda> at 0x7fa496287b30>
11019,2021-04-04 02:00:00,<function <lambda> at 0x7fa4962879f0>,<function <lambda> at 0x7fa496287a90>,<function <lambda> at 0x7fa496287b30>
11020,2021-04-04 03:00:00,<function <lambda> at 0x7fa4962879f0>,<function <lambda> at 0x7fa496287a90>,<function <lambda> at 0x7fa496287b30>
11021,2021-04-04 04:00:00,<function <lambda> at 0x7fa4962879f0>,<function <lambda> at 0x7fa496287a90>,<function <lambda> at 0x7fa496287b30>
11022,2021-04-04 05:00:00,<function <lambda> at 0x7fa4962879f0>,<function <lambda> at 0x7fa496287a90>,<function <lambda> at 0x7fa496287b30>
11023,2021-04-04 06:00:00,<function <lambda> at 0x7fa4962879f0>,<function <lambda> at 0x7fa496287a90>,<function <lambda> at 0x7fa496287b30>
11024,2021-04-04 07:00:00,<function <lambda> at 0x7fa4962879f0>,<function <lambda> at 0x7fa496287a90>,<function <lambda> at 0x7fa496287b30>
11025,2021-04-04 08:00:00,<function <lambda> at 0x7fa4962879f0>,<function <lambda> at 0x7fa496287a90>,<function <lambda> at 0x7fa496287b30>
11026,2021-04-04 09:00:00,<function <lambda> at 0x7fa4962879f0>,<function <lambda> at 0x7fa496287a90>,<function <lambda> at 0x7fa496287b30>
11027,2021-04-04 10:00:00,<function <lambda> at 0x7fa4962879f0>,<function <lambda> at 0x7fa496287a90>,<function <lambda> at 0x7fa496287b30>
11028,2021-04-04 11:00:00,<function <lambda> at 0x7fa4962879f0>,<function <lambda> at 0x7fa496287a90>,<function <lambda> at 0x7fa496287b30>
11029,2021-04-04 12:00:00,<function <lambda> at 0x7fa4962879f0>,<function <lambda> at 0x7fa496287a90>,<function <lambda> at 0x7fa496287b30>
11030,2021-04-04 13:00:00,<function <lambda> at 0x7fa4962879f0>,<function <lambda> at 0x7fa496287a90>,<function <lambda> at 0x7fa496287b30>
11031,2021-04-04 14:00:00,<function <lambda> at 0x7fa4962879f0>,<function <lambda> at 0x7fa496287a90>,<function <lambda> at 0x7fa496287b30>
11032,2021-04-04 15:00:00,<function <lambda> at 0x7fa4962879f0>,<function <lambda> at 0x7fa496287a90>,<function <lambda> at 0x7fa496287b30>
11033,2021-04-04 16:00:00,<function <lambda> at 0x7fa4962879f0>,<function <lambda> at 0x7fa496287a90>,<function <lambda> at 0x7fa496287b30>
11034,2021-04-04 17:00:00,<function <lambda> at 0x7fa4962879f0>,<function <lambda> at 0x7fa496287a90>,<function <lambda> at 0x7fa496287b30>
11035,2021-04-04 18:00:00,<function <lambda> at 0x7fa4962879f0>,<function <lambda> at 0x7fa496287a90>,<function <lambda> at 0x7fa496287b30>
11036,2021-04-04 19:00:00,<function <lambda> at 0x7fa4962879f0>,<function <lambda> at 0x7fa496287a90>,<function <lambda> at 0x7fa496287b30>
11037,2021-04-04 20:00:00,<function <lambda> at 0x7fa4962879f0>,<function <lambda> at 0x7fa496287a90>,<function <lambda> at 0x7fa496287b30>
11038,2021-04-04 21:00:00,<function <lambda> at 0x7fa4962879f0>,<function <lambda> at 0x7fa496287a90>,<function <lambda> at 0x7fa496287b30>
11039,2021-04-04 22:00:00,<function <lambda> at 0x7fa4962879f0>,<function <lambda> at 0x7fa496287a90>,<function <lambda> at 0x7fa496287b30>
11040,2021-04-04 23:00:00,<function <lambda> at 0x7fa4962879f0>,<function <lambda> at 0x7fa496287a90>,<function <lambda> at 0x7fa496287b30>
11041,2021-04-05 00:00:00,<function <lambda> at 0x7fa4962879f0>,<function <lambda> at 0x7fa496287a90>,<function <lambda> at 0x7fa496287b30>
11042,2021-04-05 01:00:00,<function <lambda> at 0x7fa4962879f0>,<function <lambda> at 0x7fa496287a90>,<function <lambda> at 0x7fa496287b30>
11043,2021-04-05 02:00:00,<function <lambda> at 0x7fa4962879f0>,<function <lambda> at 0x7fa496287a90>,<function <lambda> at 0x7fa496287b30>
11044,2021-04-05 03:00:00,<function <lambda> at 0x7fa4962879f0>,<function <lambda> at 0x7fa496287a90>,<function <lambda> at 0x7fa496287b30>
11045,2021-04-05 04:00:00,<function <lambda> at 0x7fa4962879f0>,<function <lambda> at 0x7fa496287a90>,<function <lambda> at 0x7fa496287b30>
11046,2021-04-05 05:00:00,<function <lambda> at 0x7fa4962879f0>,<function <lambda> at 0x7fa496287a90>,<function <lambda> at 0x7fa496287b30>
11047,2021-04-05 06:00:00,<function <lambda> at 0x7fa4962879f0>,<function <lambda> at 0x7fa496287a90>,<function <lambda> at 0x7fa496287b30>
11048,2021-04-05 07:00:00,<function <lambda> at 0x7fa4962879f0>,<function <lambda> at 0x7fa496287a90>,<function <lambda> at 0x7fa496287b30>
11049,2021-04-05 08:00:00,<function <lambda> at 0x7fa4962879f0>,<function <lambda> at 0x7fa496287a90>,<function <lambda> at 0x7fa496287b30>
11050,2021-04-05 09:00:00,<function <lambda> at 0x7fa4962879f0>,<function <lambda> at 0x7fa496287a90>,<function <lambda> at 0x7fa496287b30>
11051,2021-04-05 10:00:00,<function <lambda> at 0x7fa4962879f0>,<function <lambda> at 0x7fa496287a90>,<function <lambda> at 0x7fa496287b30>
11052,2021-04-05 11:00:00,<function <lambda> at 0x7fa4962879f0>,<function <lambda> at 0x7fa496287a90>,<function <lambda> at 0x7fa496287b30>
11053,2021-04-05 12:00:00,<function <lambda> at 0x7fa4962879f0>,<function <lambda> at 0x7fa496287a90>,<function <lambda> at 0x7fa496287b30>
11054,2021-04-05 13:00:00,<function <lambda> at 0x7fa4962879f0>,<function <lambda> at 0x7fa496287a90>,<function <lambda> at 0x7fa496287b30>
11055,2021-04-05 14:00:00,<function <lambda> at 0x7fa4962879f0>,<function <lambda> at 0x7fa496287a90>,<function <lambda> at 0x7fa496287b30>
11056,2021-04-05 15:00:00,<function <lambda> at 0x7fa4962879f0>,<function <lambda> at 0x7fa496287a90>,<function <lambda> at 0x7fa496287b30>
11057,2021-04-05 16:00:00,<function <lambda> at 0x7fa4962879f0>,<function <lambda> at 0x7fa496287a90>,<function <lambda> at 0x7fa496287b30>
11058,2021-04-05 17:00:00,<function <lambda> at 0x7fa4962879f0>,<function <lambda> at 0x7fa496287a90>,<function <lambda> at 0x7fa496287b30>
11059,2021-04-05 18:00:00,<function <lambda> at 0x7fa4962879f0>,<function <lambda> at 0x7fa496287a90>,<function <lambda> at 0x7fa496287b30>
11060,2021-04-05 19:00:00,<function <lambda> at 0x7fa4962879f0>,<function <lambda> at 0x7fa496287a90>,<function <lambda> at 0x7fa496287b30>
11061,2021-04-05 20:00:00,<function <lambda> at 0x7fa4962879f0>,<function <lambda> at 0x7fa496287a90>,<function <lambda> at 0x7fa496287b30>
11062,2021-04-05 21:00:00,<function <lambda> at 0x7fa4962879f0>,<function <lambda> at 0x7fa496287a90>,<function <lambda> at 0x7fa496287b30>
11063,2021-04-05 22:00:00,<function <lambda> at 0x7fa4962879f0>,<function <lambda> at 0x7fa496287a90>,<function <lambda> at 0x7fa496287b30>
11064,2021-04-05 23:00:00,<function <lambda> at 0x7fa4962879f0>,<function <lambda> at 0x7fa496287a90>,<function <lambda> at 0x7fa496287b30>
11065,2021-04-06 00:00:00,<function <lambda> at 0x7fa4962879f0>,<function <lambda> at 0x7fa496287a90>,<function <lambda> at 0x7fa496287b30>
11066,2021-04-06 01:00:00,<function <lambda> at 0x7fa4962879f0>,<function <lambda> at 0x7fa496287a90>,<function <lambda> at 0x7fa496287b30>
11067,2021-04-06 02:00:00,<function <lambda> at 0x7fa4962879f0>,<function <lambda> at 0x7fa496287a90>,<function <lambda> at 0x7fa496287b30>
11068,2021-04-06 03:00:00,<function <lambda> at 0x7fa4962879f0>,<function <lambda> at 0x7fa496287a90>,<function <lambda> at 0x7fa496287b30>
11069,2021-04-06 04:00:00,<function <lambda> at 0x7fa4962879f0>,<function <lambda> at 0x7fa496287a90>,<function <lambda> at 0x7fa496287b30>
11070,2021-04-06 05:00:00,<function <lambda> at 0x7fa4962879f0>,<function <lambda> at 0x7fa496287a90>,<function <lambda> at 0x7fa496287b30>
11071,2021-04-06 06:00:00,<function <lambda> at 0x7fa4962879f0>,<function <lambda> at 0x7fa496287a90>,<function <lambda> at 0x7fa496287b30>
11072,2021-04-06 07:00:00,<function <lambda> at 0x7fa4962879f0>,<function <lambda> at 0x7fa496287a90>,<function <lambda> at 0x7fa496287b30>
11073,2021-04-06 08:00:00,<function <lambda> at 0x7fa4962879f0>,<function <lambda> at 0x7fa496287a90>,<function <lambda> at 0x7fa496287b30>
11074,2021-04-06 09:00:00,<function <lambda> at 0x7fa4962879f0>,<function <lambda> at 0x7fa496287a90>,<function <lambda> at 0x7fa496287b30>
11075,2021-04-06 10:00:00,<function <lambda> at 0x7fa4962879f0>,<function <lambda> at 0x7fa496287a90>,<function <lambda> at 0x7fa496287b30>
11076,2021-04-06 11:00:00,<function <lambda> at 0x7fa4962879f0>,<function <lambda> at 0x7fa496287a90>,<function <lambda> at 0x7fa496287b30>
11077,2021-04-06 12:00:00,<function <lambda> at 0x7fa4962879f0>,<function <lambda> at 0x7fa496287a90>,<function <lambda> at 0x7fa496287b30>
11078,2021-04-06 13:00:00,<function <lambda> at 0x7fa4962879f0>,<function <lambda> at 0x7fa496287a90>,<function <lambda> at 0x7fa496287b30>
11079,2021-04-06 14:00:00,<function <lambda> at 0x7fa4962879f0>,<function <lambda> at 0x7fa496287a90>,<function <lambda> at 0x7fa496287b30>
11080,2021-04-06 15:00:00,<function <lambda> at 0x7fa4962879f0>,<function <lambda> at 0x7fa496287a90>,<function <lambda> at 0x7fa496287b30>
11081,2021-04-06 16:00:00,<function <lambda> at 0x7fa4962879f0>,<function <lambda> at 0x7fa496287a90>,<function <lambda> at 0x7fa496287b30>
11082,2021-04-06 17:00:00,<function <lambda> at 0x7fa4962879f0>,<function <lambda> at 0x7fa496287a90>,<function <lambda> at 0x7fa496287b30>
11083,2021-04-06 18:00:00,<function <lambda> at 0x7fa4962879f0>,<function <lambda> at 0x7fa496287a90>,<function <lambda> at 0x7fa496287b30>
11084,2021-04-06 19:00:00,<function <lambda> at 0x7fa4962879f0>,<function <lambda> at 0x7fa496287a90>,<function <lambda> at 0x7fa496287b30>
11085,2021-04-06 20:00:00,<function <lambda> at 0x7fa4962879f0>,<function <lambda> at 0x7fa496287a90>,<function <lambda> at 0x7fa496287b30>
11086,2021-04-06 21:00:00,<function <lambda> at 0x7fa4962879f0>,<function <lambda> at 0x7fa496287a90>,<function <lambda> at 0x7fa496287b30>
11087,2021-04-06 22:00:00,<function <lambda> at 0x7fa4962879f0>,<function <lambda> at 0x7fa496287a90>,<function <lambda> at 0x7fa496287b30>
11088,2021-04-06 23:00:00,<function <lambda> at 0x7fa4962879f0>,<function <lambda> at 0x7fa496287a90>,<function <lambda> at 0x7fa496287b30>
11089,2021-04-07 00:00:00,<function <lambda> at 0x7fa4962879f0>,<function <lambda> at 0x7fa496287a90>,<function <lambda> at 0x7fa496287b30>
11090,2021-04-07 01:00:00,<function <lambda> at 0x7fa4962879f0>,<function <lambda> at 0x7fa496287a90>,<function <lambda> at 0x7fa496287b30>
11091,2021-04-07 02:00:00,<function <lambda> at 0x7fa4962879f0>,<function <lambda> at 0x7fa496287a90>,<function <lambda> at 0x7fa496287b30>
11092,2021-04-07 03:00:00,<function <lambda> at 0x7fa4962879f0>,<function <lambda> at 0x7fa496287a90>,<function <lambda> at 0x7fa496287b30>
11093,2021-04-07 04:00:00,<function <lambda> at 0x7fa4962879f0>,<function <lambda> at 0x7fa496287a90>,<function <lambda> at 0x7fa496287b30>
11094,2021-04-07 05:00:00,<function <lambda> at 0x7fa4962879f0>,<function <lambda> at 0x7fa496287a90>,<function <lambda> at 0x7fa496287b30>
11095,2021-04-07 06:00:00,<function <lambda> at 0x7fa4962879f0>,<function <lambda> at 0x7fa496287a90>,<function <lambda> at 0x7fa496287b30>
11096,2021-04-07 07:00:00,<function <lambda> at 0x7fa4962879f0>,<function <lambda> at 0x7fa496287a90>,<function <lambda> at 0x7fa496287b30>
11097,2021-04-07 08:00:00,<function <lambda> at 0x7fa4962879f0>,<function <lambda> at 0x7fa496287a90>,<function <lambda> at 0x7fa496287b30>
11098,2021-04-07 09:00:00,<function <lambda> at 0x7fa4962879f0>,<function <lambda> at 0x7fa496287a90>,<function <lambda> at 0x7fa496287b30>
11099,2021-04-07 10:00:00,<function <lambda> at 0x7fa4962879f0>,<function <lambda> at 0x7fa496287a90>,<function <lambda> at 0x7fa496287b30>
11100,2021-04-07 11:00:00,<function <lambda> at 0x7fa4962879f0>,<function <lambda> at 0x7fa496287a90>,<function <lambda> at 0x7fa496287b30>
11101,2021-04-07 12:00:00,<function <lambda> at 0x7fa4962879f0>,<function <lambda> at 0x7fa496287a90>,<function <lambda> at 0x7fa496287b30>
11102,2021-04-07 13:00:00,<function <lambda> at 0x7fa4962879f0>,<function <lambda> at 0x7fa496287a90>,<function <lambda> at 0x7fa496287b30>
11103,2021-04-07 14:00:00,<function <lambda> at 0x7fa4962879f0>,<function <lambda> at 0x7fa496287a90>,<function <lambda> at 0x7fa496287b30>
11104,2021-04-07 15:00:00,<function <lambda> at 0x7fa4962879f0>,<function <lambda> at 0x7fa496287a90>,<function <lambda> at 0x7fa496287b30>
11105,2021-04-07 16:00:00,<function <lambda> at 0x7fa4962879f0>,<function <lambda> at 0x7fa496287a90>,<function <lambda> at 0x7fa496287b30>
11106,2021-04-07 17:00:00,<function <lambda> at 0x7fa4962879f0>,<function <lambda> at 0x7fa496287a90>,<function <lambda> at 0x7fa496287b30>
11107,2021-04-07 18:00:00,<function <lambda> at 0x7fa4962879f0>,<function <lambda> at 0x7fa496287a90>,<function <lambda> at 0x7fa496287b30>
11108,2021-04-07 19:00:00,<function <lambda> at 0x7fa4962879f0>,<function <lambda> at 0x7fa496287a90>,<function <lambda> at 0x7fa496287b30>
11109,2021-04-07 20:00:00,<function <lambda> at 0x7fa4962879f0>,<function <lambda> at 0x7fa496287a90>,<function <lambda> at 0x7fa496287b30>
11110,2021-04-07 21:00:00,<function <lambda> at 0x7fa4962879f0>,<function <lambda> at 0x7fa496287a90>,<function <lambda> at 0x7fa496287b30>
11111,2021-04-07 22:00:00,<function <lambda> at 0x7fa4962879f0>,<function <lambda> at 0x7fa496287a90>,<function <lambda> at 0x7fa496287b30>
11112,2021-04-07 23:00:00,<function <lambda> at 0x7fa4962879f0>,<function <lambda> at 0x7fa496287a90>,<function <lambda> at 0x7fa496287b30>
11113,2021-04-08 00:00:00,<function <lambda> at 0x7fa4962879f0>,<function <lambda> at 0x7fa496287a90>,<function <lambda> at 0x7fa496287b30>
11114,2021-04-08 01:00:00,<function <lambda> at 0x7fa4962879f0>,<function <lambda> at 0x7fa496287a90>,<function <lambda> at 0x7fa496287b30>
11115,2021-04-08 02:00:00,<function <lambda> at 0x7fa4962879f0>,<function <lambda> at 0x7fa496287a90>,<function <lambda> at 0x7fa496287b30>
11116,2021-04-08 03:00:00,<function <lambda> at 0x7fa4962879f0>,<function <lambda> at 0x7fa496287a90>,<function <lambda> at 0x7fa496287b30>
11117,2021-04-08 04:00:00,<function <lambda> at 0x7fa4962879f0>,<function <lambda> at 0x7fa496287a90>,<function <lambda> at 0x7fa496287b30>
11118,2021-04-08 05:00:00,<function <lambda> at 0x7fa4962879f0>,<function <lambda> at 0x7fa496287a90>,<function <lambda> at 0x7fa496287b30>
11119,2021-04-08 06:00:00,<function <lambda> at 0x7fa4962879f0>,<function <lambda> at 0x7fa496287a90>,<function <lambda> at 0x7fa496287b30>
11120,2021-04-08 07:00:00,<function <lambda> at 0x7fa4962879f0>,<function <lambda> at 0x7fa496287a90>,<function <lambda> at 0x7fa496287b30>
11121,2021-04-08 08:00:00,<function <lambda> at 0x7fa4962879f0>,<function <lambda> at 0x7fa496287a90>,<function <lambda> at 0x7fa496287b30>
11122,2021-04-08 09:00:00,<function <lambda> at 0x7fa4962879f0>,<function <lambda> at 0x7fa496287a90>,<function <lambda> at 0x7fa496287b30>
11123,2021-04-08 10:00:00,<function <lambda> at 0x7fa4962879f0>,<function <lambda> at 0x7fa496287a90>,<function <lambda> at 0x7fa496287b30>
11124,2021-04-08 11:00:00,<function <lambda> at 0x7fa4962879f0>,<function <lambda> at 0x7fa496287a90>,<function <lambda> at 0x7fa496287b30>
11125,2021-04-08 12:00:00,<function <lambda> at 0x7fa4962879f0>,<function <lambda> at 0x7fa496287a90>,<function <lambda> at 0x7fa496287b30>
11126,2021-04-08 13:00:00,<function <lambda> at 0x7fa4962879f0>,<function <lambda> at 0x7fa496287a90>,<function <lambda> at 0x7fa496287b30>
11127,2021-04-08 14:00:00,<function <lambda> at 0x7fa4962879f0>,<function <lambda> at 0x7fa496287a90>,<function <lambda> at 0x7fa496287b30>
11128,2021-04-08 15:00:00,<function <lambda> at 0x7fa4962879f0>,<function <lambda> at 0x7fa496287a90>,<function <lambda> at 0x7fa496287b30>
11129,2021-04-08 16:00:00,<function <lambda> at 0x7fa4962879f0>,<function <lambda> at 0x7fa496287a90>,<function <lambda> at 0x7fa496287b30>
11130,2021-04-08 17:00:00,<function <lambda> at 0x7fa4962879f0>,<function <lambda> at 0x7fa496287a90>,<function <lambda> at 0x7fa496287b30>
11131,2021-04-08 18:00:00,<function <lambda> at 0x7fa4962879f0>,<function <lambda> at 0x7fa496287a90>,<function <lambda> at 0x7fa496287b30>
11132,2021-04-08 19:00:00,<function <lambda> at 0x7fa4962879f0>,<function <lambda> at 0x7fa496287a90>,<function <lambda> at 0x7fa496287b30>
11133,2021-04-08 20:00:00,<function <lambda> at 0x7fa4962879f0>,<function <lambda> at 0x7fa496287a90>,<function <lambda> at 0x7fa496287b30>
11134,2021-04-08 21:00:00,<function <lambda> at 0x7fa4962879f0>,<function <lambda> at 0x7fa496287a90>,<function <lambda> at 0x7fa496287b30>
11135,2021-04-08 22:00:00,<function <lambda> at 0x7fa4962879f0>,<function <lambda> at 0x7fa496287a90>,<function <lambda> at 0x7fa496287b30>
11136,2021-04-08 23:00:00,<function <lambda> at 0x7fa4962879f0>,<function <lambda> at 0x7fa496287a90>,<function <lambda> at 0x7fa496287b30>
11137,2021-04-09 00:00:00,<function <lambda> at 0x7fa4962879f0>,<function <lambda> at 0x7fa496287a90>,<function <lambda> at 0x7fa496287b30>
11138,2021-04-09 01:00:00,<function <lambda> at 0x7fa4962879f0>,<function <lambda> at 0x7fa496287a90>,<function <lambda> at 0x7fa496287b30>
11139,2021-04-09 02:00:00,<function <lambda> at 0x7fa4962879f0>,<function <lambda> at 0x7fa496287a90>,<function <lambda> at 0x7fa496287b30>
11140,2021-04-09 03:00:00,<function <lambda> at 0x7fa4962879f0>,<function <lambda> at 0x7fa496287a90>,<function <lambda> at 0x7fa496287b30>
11141,2021-04-09 04:00:00,<function <lambda> at 0x7fa4962879f0>,<function <lambda> at 0x7fa496287a90>,<function <lambda> at 0x7fa496287b30>
11142,2021-04-09 05:00:00,<function <lambda> at 0x7fa4962879f0>,<function <lambda> at 0x7fa496287a90>,<function <lambda> at 0x7fa496287b30>
11143,2021-04-09 06:00:00,<function <lambda> at 0x7fa4962879f0>,<function <lambda> at 0x7fa496287a90>,<function <lambda> at 0x7fa496287b30>
11144,2021-04-09 07:00:00,<function <lambda> at 0x7fa4962879f0>,<function <lambda> at 0x7fa496287a90>,<function <lambda> at 0x7fa496287b30>
11145,2021-04-09 08:00:00,<function <lambda> at 0x7fa4962879f0>,<function <lambda> at 0x7fa496287a90>,<function <lambda> at 0x7fa496287b30>
11146,2021-04-09 09:00:00,<function <lambda> at 0x7fa4962879f0>,<function <lambda> at 0x7fa496287a90>,<function <lambda> at 0x7fa496287b30>
11147,2021-04-09 10:00:00,<function <lambda> at 0x7fa4962879f0>,<function <lambda> at 0x7fa496287a90>,<function <lambda> at 0x7fa496287b30>
11148,2021-04-09 11:00:00,<function <lambda> at 0x7fa4962879f0>,<function <lambda> at 0x7fa496287a90>,<function <lambda> at 0x7fa496287b30>
11149,2021-04-09 12:00:00,<function <lambda> at 0x7fa4962879f0>,<function <lambda> at 0x7fa496287a90>,<function <lambda> at 0x7fa496287b30>
11150,2021-04-09 13:00:00,<function <lambda> at 0x7fa4962879f0>,<function <lambda> at 0x7fa496287a90>,<function <lambda> at 0x7fa496287b30>
11151,2021-04-09 14:00:00,<function <lambda> at 0x7fa4962879f0>,<function <lambda> at 0x7fa496287a90>,<function <lambda> at 0x7fa496287b30>
11152,2021-04-09 15:00:00,<function <lambda> at 0x7fa4962879f0>,<function <lambda> at 0x7fa496287a90>,<function <lambda> at 0x7fa496287b30>
11153,2021-04-09 16:00:00,<function <lambda> at 0x7fa4962879f0>,<function <lambda> at 0x7fa496287a90>,<function <lambda> at 0x7fa496287b30>
11154,2021-04-09 17:00:00,<function <lambda> at 0x7fa4962879f0>,<function <lambda> at 0x7fa496287a90>,<function <lambda> at 0x7fa496287b30>
11155,2021-04-09 18:00:00,<function <lambda> at 0x7fa4962879f0>,<function <lambda> at 0x7fa496287a90>,<function <lambda> at 0x7fa496287b30>
11156,2021-04-09 19:00:00,<function <lambda> at 0x7fa4962879f0>,<function <lambda> at 0x7fa496287a90>,<function <lambda> at 0x7fa496287b30>
11157,2021-04-09 20:00:00,<function <lambda> at 0x7fa4962879f0>,<function <lambda> at 0x7fa496287a90>,<function <lambda> at 0x7fa496287b30>
11158,2021-04-09 21:00:00,<function <lambda> at 0x7fa4962879f0>,<function <lambda> at 0x7fa496287a90>,<function <lambda> at 0x7fa496287b30>
11159,2021-04-09 22:00:00,<function <lambda> at 0x7fa4962879f0>,<function <lambda> at 0x7fa496287a90>,<function <lambda> at 0x7fa496287b30>
11160,2021-04-09 23:00:00,<function <lambda> at 0x7fa4962879f0>,<function <lambda> at 0x7fa496287a90>,<function <lambda> at 0x7fa496287b30>
11161,2021-04-10 00:00:00,<function <lambda> at 0x7fa4962879f0>,<function <lambda> at 0x7fa496287a90>,<function <lambda> at 0x7fa496287b30>
11162,2021-04-10 01:00:00,<function <lambda> at 0x7fa4962879f0>,<function <lambda> at 0x7fa496287a90>,<function <lambda> at 0x7fa496287b30>
11163,2021-04-10 02:00:00,<function <lambda> at 0x7fa4962879f0>,<function <lambda> at 0x7fa496287a90>,<function <lambda> at 0x7fa496287b30>
11164,2021-04-10 03:00:00,<function <lambda> at 0x7fa4962879f0>,<function <lambda> at 0x7fa496287a90>,<function <lambda> at 0x7fa496287b30>
11165,2021-04-10 04:00:00,<function <lambda> at 0x7fa4962879f0>,<function <lambda> at 0x7fa496287a90>,<function <lambda> at 0x7fa496287b30>
11166,2021-04-10 05:00:00,<function <lambda> at 0x7fa4962879f0>,<function <lambda> at 0x7fa496287a90>,<function <lambda> at 0x7fa496287b30>
11167,2021-04-10 06:00:00,<function <lambda> at 0x7fa4962879f0>,<function <lambda> at 0x7fa496287a90>,<function <lambda> at 0x7fa496287b30>
11168,2021-04-10 07:00:00,<function <lambda> at 0x7fa4962879f0>,<function <lambda> at 0x7fa496287a90>,<function <lambda> at 0x7fa496287b30>
11169,2021-04-10 08:00:00,<function <lambda> at 0x7fa4962879f0>,<function <lambda> at 0x7fa496287a90>,<function <lambda> at 0x7fa496287b30>
11170,2021-04-10 09:00:00,<function <lambda> at 0x7fa4962879f0>,<function <lambda> at 0x7fa496287a90>,<function <lambda> at 0x7fa496287b30>
11171,2021-04-10 10:00:00,<function <lambda> at 0x7fa4962879f0>,<function <lambda> at 0x7fa496287a90>,<function <lambda> at 0x7fa496287b30>
11172,2021-04-10 11:00:00,<function <lambda> at 0x7fa4962879f0>,<function <lambda> at 0x7fa496287a90>,<function <lambda> at 0x7fa496287b30>
11173,2021-04-10 12:00:00,<function <lambda> at 0x7fa4962879f0>,<function <lambda> at 0x7fa496287a90>,<function <lambda> at 0x7fa496287b30>
11174,2021-04-10 13:00:00,<function <lambda> at 0x7fa4962879f0>,<function <lambda> at 0x7fa496287a90>,<function <lambda> at 0x7fa496287b30>
11175,2021-04-10 14:00:00,<function <lambda> at 0x7fa4962879f0>,<function <lambda> at 0x7fa496287a90>,<function <lambda> at 0x7fa496287b30>
11176,2021-04-10 15:00:00,<function <lambda> at 0x7fa4962879f0>,<function <lambda> at 0x7fa496287a90>,<function <lambda> at 0x7fa496287b30>
11177,2021-04-10 16:00:00,<function <lambda> at 0x7fa4962879f0>,<function <lambda> at 0x7fa496287a90>,<function <lambda> at 0x7fa496287b30>
11178,2021-04-10 17:00:00,<function <lambda> at 0x7fa4962879f0>,<function <lambda> at 0x7fa496287a90>,<function <lambda> at 0x7fa496287b30>
11179,2021-04-10 18:00:00,<function <lambda> at 0x7fa4962879f0>,<function <lambda> at 0x7fa496287a90>,<function <lambda> at 0x7fa496287b30>
11180,2021-04-10 19:00:00,<function <lambda> at 0x7fa4962879f0>,<function <lambda> at 0x7fa496287a90>,<function <lambda> at 0x7fa496287b30>
11181,2021-04-10 20:00:00,<function <lambda> at 0x7fa4962879f0>,<function <lambda> at 0x7fa496287a90>,<function <lambda> at 0x7fa496287b30>
11182,2021-04-10 21:00:00,<function <lambda> at 0x7fa4962879f0>,<function <lambda> at 0x7fa496287a90>,<function <lambda> at 0x7fa496287b30>
11183,2021-04-10 22:00:00,<function <lambda> at 0x7fa4962879f0>,<function <lambda> at 0x7fa496287a90>,<function <lambda> at 0x7fa496287b30>
11184,2021-04-10 23:00:00,<function <lambda> at 0x7fa4962879f0>,<function <lambda> at 0x7fa496287a90>,<function <lambda> at 0x7fa496287b30>
11185,2021-04-11 00:00:00,<function <lambda> at 0x7fa4962879f0>,<function <lambda> at 0x7fa496287a90>,<function <lambda> at 0x7fa496287b30>
11186,2021-04-11 01:00:00,<function <lambda> at 0x7fa4962879f0>,<function <lambda> at 0x7fa496287a90>,<function <lambda> at 0x7fa496287b30>
11187,2021-04-11 02:00:00,<function <lambda> at 0x7fa4962879f0>,<function <lambda> at 0x7fa496287a90>,<function <lambda> at 0x7fa496287b30>
11188,2021-04-11 03:00:00,<function <lambda> at 0x7fa4962879f0>,<function <lambda> at 0x7fa496287a90>,<function <lambda> at 0x7fa496287b30>
11189,2021-04-11 04:00:00,<function <lambda> at 0x7fa4962879f0>,<function <lambda> at 0x7fa496287a90>,<function <lambda> at 0x7fa496287b30>
11190,2021-04-11 05:00:00,<function <lambda> at 0x7fa4962879f0>,<function <lambda> at 0x7fa496287a90>,<function <lambda> at 0x7fa496287b30>
11191,2021-04-11 06:00:00,<function <lambda> at 0x7fa4962879f0>,<function <lambda> at 0x7fa496287a90>,<function <lambda> at 0x7fa496287b30>
11192,2021-04-11 07:00:00,<function <lambda> at 0x7fa4962879f0>,<function <lambda> at 0x7fa496287a90>,<function <lambda> at 0x7fa496287b30>
11193,2021-04-11 08:00:00,<function <lambda> at 0x7fa4962879f0>,<function <lambda> at 0x7fa496287a90>,<function <lambda> at 0x7fa496287b30>
11194,2021-04-11 09:00:00,<function <lambda> at 0x7fa4962879f0>,<function <lambda> at 0x7fa496287a90>,<function <lambda> at 0x7fa496287b30>
11195,2021-04-11 10:00:00,<function <lambda> at 0x7fa4962879f0>,<function <lambda> at 0x7fa496287a90>,<function <lambda> at 0x7fa496287b30>
11196,2021-04-11 11:00:00,<function <lambda> at 0x7fa4962879f0>,<function <lambda> at 0x7fa496287a90>,<function <lambda> at 0x7fa496287b30>
11197,2021-04-11 12:00:00,<function <lambda> at 0x7fa4962879f0>,<function <lambda> at 0x7fa496287a90>,<function <lambda> at 0x7fa496287b30>
11198,2021-04-11 13:00:00,<function <lambda> at 0x7fa4962879f0>,<function <lambda> at 0x7fa496287a90>,<function <lambda> at 0x7fa496287b30>
11199,2021-04-11 14:00:00,<function <lambda> at 0x7fa4962879f0>,<function <lambda> at 0x7fa496287a90>,<function <lambda> at 0x7fa496287b30>
11200,2021-04-11 15:00:00,<function <lambda> at 0x7fa4962879f0>,<function <lambda> at 0x7fa496287a90>,<function <lambda> at 0x7fa496287b30>
11201,2021-04-11 16:00:00,<function <lambda> at 0x7fa4962879f0>,<function <lambda> at 0x7fa496287a90>,<function <lambda> at 0x7fa496287b30>
11202,2021-04-11 17:00:00,<function <lambda> at 0x7fa4962879f0>,<function <lambda> at 0x7fa496287a90>,<function <lambda> at 0x7fa496287b30>
11203,2021-04-11 18:00:00,<function <lambda> at 0x7fa4962879f0>,<function <lambda> at 0x7fa496287a90>,<function <lambda> at 0x7fa496287b30>
11204,2021-04-11 19:00:00,<function <lambda> at 0x7fa4962879f0>,<function <lambda> at 0x7fa496287a90>,<function <lambda> at 0x7fa496287b30>
11205,2021-04-11 20:00:00,<function <lambda> at 0x7fa4962879f0>,<function <lambda> at 0x7fa496287a90>,<function <lambda> at 0x7fa496287b30>
11206,2021-04-11 21:00:00,<function <lambda> at 0x7fa4962879f0>,<function <lambda> at 0x7fa496287a90>,<function <lambda> at 0x7fa496287b30>
11207,2021-04-11 22:00:00,<function <lambda> at 0x7fa4962879f0>,<function <lambda> at 0x7fa496287a90>,<function <lambda> at 0x7fa496287b30>
11208,2021-04-11 23:00:00,<function <lambda> at 0x7fa4962879f0>,<function <lambda> at 0x7fa496287a90>,<function <lambda> at 0x7fa496287b30>
11209,2021-04-12 00:00:00,<function <lambda> at 0x7fa4962879f0>,<function <lambda> at 0x7fa496287a90>,<function <lambda> at 0x7fa496287b30>
11210,2021-04-12 01:00:00,<function <lambda> at 0x7fa4962879f0>,<function <lambda> at 0x7fa496287a90>,<function <lambda> at 0x7fa496287b30>
11211,2021-04-12 02:00:00,<function <lambda> at 0x7fa4962879f0>,<function <lambda> at 0x7fa496287a90>,<function <lambda> at 0x7fa496287b30>
11212,2021-04-12 03:00:00,<function <lambda> at 0x7fa4962879f0>,<function <lambda> at 0x7fa496287a90>,<function <lambda> at 0x7fa496287b30>
11213,2021-04-12 04:00:00,<function <lambda> at 0x7fa4962879f0>,<function <lambda> at 0x7fa496287a90>,<function <lambda> at 0x7fa496287b30>
11214,2021-04-12 05:00:00,<function <lambda> at 0x7fa4962879f0>,<function <lambda> at 0x7fa496287a90>,<function <lambda> at 0x7fa496287b30>
11215,2021-04-12 06:00:00,<function <lambda> at 0x7fa4962879f0>,<function <lambda> at 0x7fa496287a90>,<function <lambda> at 0x7fa496287b30>
11216,2021-04-12 07:00:00,<function <lambda> at 0x7fa4962879f0>,<function <lambda> at 0x7fa496287a90>,<function <lambda> at 0x7fa496287b30>
11217,2021-04-12 08:00:00,<function <lambda> at 0x7fa4962879f0>,<function <lambda> at 0x7fa496287a90>,<function <lambda> at 0x7fa496287b30>
11218,2021-04-12 09:00:00,<function <lambda> at 0x7fa4962879f0>,<function <lambda> at 0x7fa496287a90>,<function <lambda> at 0x7fa496287b30>
11219,2021-04-12 10:00:00,<function <lambda> at 0x7fa4962879f0>,<function <lambda> at 0x7fa496287a90>,<function <lambda> at 0x7fa496287b30>
11220,2021-04-12 11:00:00,<function <lambda> at 0x7fa4962879f0>,<function <lambda> at 0x7fa496287a90>,<function <lambda> at 0x7fa496287b30>
11221,2021-04-12 12:00:00,<function <lambda> at 0x7fa4962879f0>,<function <lambda> at 0x7fa496287a90>,<function <lambda> at 0x7fa496287b30>
11222,2021-04-12 13:00:00,<function <lambda> at 0x7fa4962879f0>,<function <lambda> at 0x7fa496287a90>,<function <lambda> at 0x7fa496287b30>
11223,2021-04-12 14:00:00,<function <lambda> at 0x7fa4962879f0>,<function <lambda> at 0x7fa496287a90>,<function <lambda> at 0x7fa496287b30>
11224,2021-04-12 15:00:00,<function <lambda> at 0x7fa4962879f0>,<function <lambda> at 0x7fa496287a90>,<function <lambda> at 0x7fa496287b30>
11225,2021-04-12 16:00:00,<function <lambda> at 0x7fa4962879f0>,<function <lambda> at 0x7fa496287a90>,<function <lambda> at 0x7fa496287b30>
11226,2021-04-12 17:00:00,<function <lambda> at 0x7fa4962879f0>,<function <lambda> at 0x7fa496287a90>,<function <lambda> at 0x7fa496287b30>
11227,2021-04-12 18:00:00,<function <lambda> at 0x7fa4962879f0>,<function <lambda> at 0x7fa496287a90>,<function <lambda> at 0x7fa496287b30>
11228,2021-04-12 19:00:00,<function <lambda> at 0x7fa4962879f0>,<function <lambda> at 0x7fa496287a90>,<function <lambda> at 0x7fa496287b30>
11229,2021-04-12 20:00:00,<function <lambda> at 0x7fa4962879f0>,<function <lambda> at 0x7fa496287a90>,<function <lambda> at 0x7fa496287b30>
11230,2021-04-12 21:00:00,<function <lambda> at 0x7fa4962879f0>,<function <lambda> at 0x7fa496287a90>,<function <lambda> at 0x7fa496287b30>
11231,2021-04-12 22:00:00,<function <lambda> at 0x7fa4962879f0>,<function <lambda> at 0x7fa496287a90>,<function <lambda> at 0x7fa496287b30>
11232,2021-04-12 23:00:00,<function <lambda> at 0x7fa4962879f0>,<function <lambda> at 0x7fa496287a90>,<function <lambda> at 0x7fa496287b30>
11233,2021-04-13 00:00:00,<function <lambda> at 0x7fa4962879f0>,<function <lambda> at 0x7fa496287a90>,<function <lambda> at 0x7fa496287b30>
11234,2021-04-13 01:00:00,<function <lambda> at 0x7fa4962879f0>,<function <lambda> at 0x7fa496287a90>,<function <lambda> at 0x7fa496287b30>
11235,2021-04-13 02:00:00,<function <lambda> at 0x7fa4962879f0>,<function <lambda> at 0x7fa496287a90>,<function <lambda> at 0x7fa496287b30>
11236,2021-04-13 03:00:00,<function <lambda> at 0x7fa4962879f0>,<function <lambda> at 0x7fa496287a90>,<function <lambda> at 0x7fa496287b30>
11237,2021-04-13 04:00:00,<function <lambda> at 0x7fa4962879f0>,<function <lambda> at 0x7fa496287a90>,<function <lambda> at 0x7fa496287b30>
11238,2021-04-13 05:00:00,<function <lambda> at 0x7fa4962879f0>,<function <lambda> at 0x7fa496287a90>,<function <lambda> at 0x7fa496287b30>
11239,2021-04-13 06:00:00,<function <lambda> at 0x7fa4962879f0>,<function <lambda> at 0x7fa496287a90>,<function <lambda> at 0x7fa496287b30>
11240,2021-04-13 07:00:00,<function <lambda> at 0x7fa4962879f0>,<function <lambda> at 0x7fa496287a90>,<function <lambda> at 0x7fa496287b30>
11241,2021-04-13 08:00:00,<function <lambda> at 0x7fa4962879f0>,<function <lambda> at 0x7fa496287a90>,<function <lambda> at 0x7fa496287b30>
11242,2021-04-13 09:00:00,<function <lambda> at 0x7fa4962879f0>,<function <lambda> at 0x7fa496287a90>,<function <lambda> at 0x7fa496287b30>
11243,2021-04-13 10:00:00,<function <lambda> at 0x7fa4962879f0>,<function <lambda> at 0x7fa496287a90>,<function <lambda> at 0x7fa496287b30>
11244,2021-04-13 11:00:00,<function <lambda> at 0x7fa4962879f0>,<function <lambda> at 0x7fa496287a90>,<function <lambda> at 0x7fa496287b30>
11245,2021-04-13 12:00:00,<function <lambda> at 0x7fa4962879f0>,<function <lambda> at 0x7fa496287a90>,<function <lambda> at 0x7fa496287b30>
11246,2021-04-13 13:00:00,<function <lambda> at 0x7fa4962879f0>,<function <lambda> at 0x7fa496287a90>,<function <lambda> at 0x7fa496287b30>
11247,2021-04-13 14:00:00,<function <lambda> at 0x7fa4962879f0>,<function <lambda> at 0x7fa496287a90>,<function <lambda> at 0x7fa496287b30>
11248,2021-04-13 15:00:00,<function <lambda> at 0x7fa4962879f0>,<function <lambda> at 0x7fa496287a90>,<function <lambda> at 0x7fa496287b30>
11249,2021-04-13 16:00:00,<function <lambda> at 0x7fa4962879f0>,<function <lambda> at 0x7fa496287a90>,<function <lambda> at 0x7fa496287b30>
11250,2021-04-13 17:00:00,<function <lambda> at 0x7fa4962879f0>,<function <lambda> at 0x7fa496287a90>,<function <lambda> at 0x7fa496287b30>
11251,2021-04-13 18:00:00,<function <lambda> at 0x7fa4962879f0>,<function <lambda> at 0x7fa496287a90>,<function <lambda> at 0x7fa496287b30>
11252,2021-04-13 19:00:00,<function <lambda> at 0x7fa4962879f0>,<function <lambda> at 0x7fa496287a90>,<function <lambda> at 0x7fa496287b30>
11253,2021-04-13 20:00:00,<function <lambda> at 0x7fa4962879f0>,<function <lambda> at 0x7fa496287a90>,<function <lambda> at 0x7fa496287b30>
11254,2021-04-13 21:00:00,<function <lambda> at 0x7fa4962879f0>,<function <lambda> at 0x7fa496287a90>,<function <lambda> at 0x7fa496287b30>
11255,2021-04-13 22:00:00,<function <lambda> at 0x7fa4962879f0>,<function <lambda> at 0x7fa496287a90>,<function <lambda> at 0x7fa496287b30>
11256,2021-04-13 23:00:00,<function <lambda> at 0x7fa4962879f0>,<function <lambda> at 0x7fa496287a90>,<function <lambda> at 0x7fa496287b30>
11257,2021-04-14 00:00:00,<function <lambda> at 0x7fa4962879f0>,<function <lambda> at 0x7fa496287a90>,<function <lambda> at 0x7fa496287b30>
11258,2021-04-14 01:00:00,<function <lambda> at 0x7fa4962879f0>,<function <lambda> at 0x7fa496287a90>,<function <lambda> at 0x7fa496287b30>
11259,2021-04-14 02:00:00,<function <lambda> at 0x7fa4962879f0>,<function <lambda> at 0x7fa496287a90>,<function <lambda> at 0x7fa496287b30>
11260,2021-04-14 03:00:00,<function <lambda> at 0x7fa4962879f0>,<function <lambda> at 0x7fa496287a90>,<function <lambda> at 0x7fa496287b30>
11261,2021-04-14 04:00:00,<function <lambda> at 0x7fa4962879f0>,<function <lambda> at 0x7fa496287a90>,<function <lambda> at 0x7fa496287b30>
11262,2021-04-14 05:00:00,<function <lambda> at 0x7fa4962879f0>,<function <lambda> at 0x7fa496287a90>,<function <lambda> at 0x7fa496287b30>
11263,2021-04-14 06:00:00,<function <lambda> at 0x7fa4962879f0>,<function <lambda> at 0x7fa496287a90>,<function <lambda> at 0x7fa496287b30>
11264,2021-04-14 07:00:00,<function <lambda> at 0x7fa4962879f0>,<function <lambda> at 0x7fa496287a90>,<function <lambda> at 0x7fa496287b30>
11265,2021-04-14 08:00:00,<function <lambda> at 0x7fa4962879f0>,<function <lambda> at 0x7fa496287a90>,<function <lambda> at 0x7fa496287b30>
11266,2021-04-14 09:00:00,<function <lambda> at 0x7fa4962879f0>,<function <lambda> at 0x7fa496287a90>,<function <lambda> at 0x7fa496287b30>
11267,2021-04-14 10:00:00,<function <lambda> at 0x7fa4962879f0>,<function <lambda> at 0x7fa496287a90>,<function <lambda> at 0x7fa496287b30>
11268,2021-04-14 11:00:00,<function <lambda> at 0x7fa4962879f0>,<function <lambda> at 0x7fa496287a90>,<function <lambda> at 0x7fa496287b30>
11269,2021-04-14 12:00:00,<function <lambda> at 0x7fa4962879f0>,<function <lambda> at 0x7fa496287a90>,<function <lambda> at 0x7fa496287b30>
11270,2021-04-14 13:00:00,<function <lambda> at 0x7fa4962879f0>,<function <lambda> at 0x7fa496287a90>,<function <lambda> at 0x7fa496287b30>
11271,2021-04-14 14:00:00,<function <lambda> at 0x7fa4962879f0>,<function <lambda> at 0x7fa496287a90>,<function <lambda> at 0x7fa496287b30>
11272,2021-04-14 15:00:00,<function <lambda> at 0x7fa4962879f0>,<function <lambda> at 0x7fa496287a90>,<function <lambda> at 0x7fa496287b30>
11273,2021-04-14 16:00:00,<function <lambda> at 0x7fa4962879f0>,<function <lambda> at 0x7fa496287a90>,<function <lambda> at 0x7fa496287b30>
11274,2021-04-14 17:00:00,<function <lambda> at 0x7fa4962879f0>,<function <lambda> at 0x7fa496287a90>,<function <lambda> at 0x7fa496287b30>
11275,2021-04-14 18:00:00,<function <lambda> at 0x7fa4962879f0>,<function <lambda> at 0x7fa496287a90>,<function <lambda> at 0x7fa496287b30>
11276,2021-04-14 19:00:00,<function <lambda> at 0x7fa4962879f0>,<function <lambda> at 0x7fa496287a90>,<function <lambda> at 0x7fa496287b30>
11277,2021-04-14 20:00:00,<function <lambda> at 0x7fa4962879f0>,<function <lambda> at 0x7fa496287a90>,<function <lambda> at 0x7fa496287b30>
11278,2021-04-14 21:00:00,<function <lambda> at 0x7fa4962879f0>,<function <lambda> at 0x7fa496287a90>,<function <lambda> at 0x7fa496287b30>
11279,2021-04-14 22:00:00,<function <lambda> at 0x7fa4962879f0>,<function <lambda> at 0x7fa496287a90>,<function <lambda> at 0x7fa496287b30>
11280,2021-04-14 23:00:00,<function <lambda> at 0x7fa4962879f0>,<function <lambda> at 0x7fa496287a90>,<function <lambda> at 0x7fa496287b30>
11281,2021-04-15 00:00:00,<function <lambda> at 0x7fa4962879f0>,<function <lambda> at 0x7fa496287a90>,<function <lambda> at 0x7fa496287b30>
11282,2021-04-15 01:00:00,<function <lambda> at 0x7fa4962879f0>,<function <lambda> at 0x7fa496287a90>,<function <lambda> at 0x7fa496287b30>
11283,2021-04-15 02:00:00,<function <lambda> at 0x7fa4962879f0>,<function <lambda> at 0x7fa496287a90>,<function <lambda> at 0x7fa496287b30>
11284,2021-04-15 03:00:00,<function <lambda> at 0x7fa4962879f0>,<function <lambda> at 0x7fa496287a90>,<function <lambda> at 0x7fa496287b30>
11285,2021-04-15 04:00:00,<function <lambda> at 0x7fa4962879f0>,<function <lambda> at 0x7fa496287a90>,<function <lambda> at 0x7fa496287b30>
11286,2021-04-15 05:00:00,<function <lambda> at 0x7fa4962879f0>,<function <lambda> at 0x7fa496287a90>,<function <lambda> at 0x7fa496287b30>
11287,2021-04-15 06:00:00,<function <lambda> at 0x7fa4962879f0>,<function <lambda> at 0x7fa496287a90>,<function <lambda> at 0x7fa496287b30>
11288,2021-04-15 07:00:00,<function <lambda> at 0x7fa4962879f0>,<function <lambda> at 0x7fa496287a90>,<function <lambda> at 0x7fa496287b30>
11289,2021-04-15 08:00:00,<function <lambda> at 0x7fa4962879f0>,<function <lambda> at 0x7fa496287a90>,<function <lambda> at 0x7fa496287b30>
11290,2021-04-15 09:00:00,<function <lambda> at 0x7fa4962879f0>,<function <lambda> at 0x7fa496287a90>,<function <lambda> at 0x7fa496287b30>
11291,2021-04-15 10:00:00,<function <lambda> at 0x7fa4962879f0>,<function <lambda> at 0x7fa496287a90>,<function <lambda> at 0x7fa496287b30>
11292,2021-04-15 11:00:00,<function <lambda> at 0x7fa4962879f0>,<function <lambda> at 0x7fa496287a90>,<function <lambda> at 0x7fa496287b30>
11293,2021-04-15 12:00:00,<function <lambda> at 0x7fa4962879f0>,<function <lambda> at 0x7fa496287a90>,<function <lambda> at 0x7fa496287b30>
11294,2021-04-15 13:00:00,<function <lambda> at 0x7fa4962879f0>,<function <lambda> at 0x7fa496287a90>,<function <lambda> at 0x7fa496287b30>
11295,2021-04-15 14:00:00,<function <lambda> at 0x7fa4962879f0>,<function <lambda> at 0x7fa496287a90>,<function <lambda> at 0x7fa496287b30>
11296,2021-04-15 15:00:00,<function <lambda> at 0x7fa4962879f0>,<function <lambda> at 0x7fa496287a90>,<function <lambda> at 0x7fa496287b30>
11297,2021-04-15 16:00:00,<function <lambda> at 0x7fa4962879f0>,<function <lambda> at 0x7fa496287a90>,<function <lambda> at 0x7fa496287b30>
11298,2021-04-15 17:00:00,<function <lambda> at 0x7fa4962879f0>,<function <lambda> at 0x7fa496287a90>,<function <lambda> at 0x7fa496287b30>
11299,2021-04-15 18:00:00,<function <lambda> at 0x7fa4962879f0>,<function <lambda> at 0x7fa496287a90>,<function <lambda> at 0x7fa496287b30>
11300,2021-04-15 19:00:00,<function <lambda> at 0x7fa4962879f0>,<function <lambda> at 0x7fa496287a90>,<function <lambda> at 0x7fa496287b30>
11301,2021-04-15 20:00:00,<function <lambda> at 0x7fa4962879f0>,<function <lambda> at 0x7fa496287a90>,<function <lambda> at 0x7fa496287b30>
11302,2021-04-15 21:00:00,<function <lambda> at 0x7fa4962879f0>,<function <lambda> at 0x7fa496287a90>,<function <lambda> at 0x7fa496287b30>
11303,2021-04-15 22:00:00,<function <lambda> at 0x7fa4962879f0>,<function <lambda> at 0x7fa496287a90>,<function <lambda> at 0x7fa496287b30>
11304,2021-04-15 23:00:00,<function <lambda> at 0x7fa4962879f0>,<function <lambda> at 0x7fa496287a90>,<function <lambda> at 0x7fa496287b30>
11305,2021-04-16 00:00:00,<function <lambda> at 0x7fa4962879f0>,<function <lambda> at 0x7fa496287a90>,<function <lambda> at 0x7fa496287b30>
11306,2021-04-16 01:00:00,<function <lambda> at 0x7fa4962879f0>,<function <lambda> at 0x7fa496287a90>,<function <lambda> at 0x7fa496287b30>
11307,2021-04-16 02:00:00,<function <lambda> at 0x7fa4962879f0>,<function <lambda> at 0x7fa496287a90>,<function <lambda> at 0x7fa496287b30>
11308,2021-04-16 03:00:00,<function <lambda> at 0x7fa4962879f0>,<function <lambda> at 0x7fa496287a90>,<function <lambda> at 0x7fa496287b30>
11309,2021-04-16 04:00:00,<function <lambda> at 0x7fa4962879f0>,<function <lambda> at 0x7fa496287a90>,<function <lambda> at 0x7fa496287b30>
11310,2021-04-16 05:00:00,<function <lambda> at 0x7fa4962879f0>,<function <lambda> at 0x7fa496287a90>,<function <lambda> at 0x7fa496287b30>
11311,2021-04-16 06:00:00,<function <lambda> at 0x7fa4962879f0>,<function <lambda> at 0x7fa496287a90>,<function <lambda> at 0x7fa496287b30>
11312,2021-04-16 07:00:00,<function <lambda> at 0x7fa4962879f0>,<function <lambda> at 0x7fa496287a90>,<function <lambda> at 0x7fa496287b30>
11313,2021-04-16 08:00:00,<function <lambda> at 0x7fa4962879f0>,<function <lambda> at 0x7fa496287a90>,<function <lambda> at 0x7fa496287b30>
11314,2021-04-16 09:00:00,<function <lambda> at 0x7fa4962879f0>,<function <lambda> at 0x7fa496287a90>,<function <lambda> at 0x7fa496287b30>
11315,2021-04-16 10:00:00,<function <lambda> at 0x7fa4962879f0>,<function <lambda> at 0x7fa496287a90>,<function <lambda> at 0x7fa496287b30>
11316,2021-04-16 11:00:00,<function <lambda> at 0x7fa4962879f0>,<function <lambda> at 0x7fa496287a90>,<function <lambda> at 0x7fa496287b30>
11317,2021-04-16 12:00:00,<function <lambda> at 0x7fa4962879f0>,<function <lambda> at 0x7fa496287a90>,<function <lambda> at 0x7fa496287b30>
11318,2021-04-16 13:00:00,<function <lambda> at 0x7fa4962879f0>,<function <lambda> at 0x7fa496287a90>,<function <lambda> at 0x7fa496287b30>
11319,2021-04-16 14:00:00,<function <lambda> at 0x7fa4962879f0>,<function <lambda> at 0x7fa496287a90>,<function <lambda> at 0x7fa496287b30>
11320,2021-04-16 15:00:00,<function <lambda> at 0x7fa4962879f0>,<function <lambda> at 0x7fa496287a90>,<function <lambda> at 0x7fa496287b30>
11321,2021-04-16 16:00:00,<function <lambda> at 0x7fa4962879f0>,<function <lambda> at 0x7fa496287a90>,<function <lambda> at 0x7fa496287b30>
11322,2021-04-16 17:00:00,<function <lambda> at 0x7fa4962879f0>,<function <lambda> at 0x7fa496287a90>,<function <lambda> at 0x7fa496287b30>
11323,2021-04-16 18:00:00,<function <lambda> at 0x7fa4962879f0>,<function <lambda> at 0x7fa496287a90>,<function <lambda> at 0x7fa496287b30>
11324,2021-04-16 19:00:00,<function <lambda> at 0x7fa4962879f0>,<function <lambda> at 0x7fa496287a90>,<function <lambda> at 0x7fa496287b30>
11325,2021-04-16 20:00:00,<function <lambda> at 0x7fa4962879f0>,<function <lambda> at 0x7fa496287a90>,<function <lambda> at 0x7fa496287b30>
11326,2021-04-16 21:00:00,<function <lambda> at 0x7fa4962879f0>,<function <lambda> at 0x7fa496287a90>,<function <lambda> at 0x7fa496287b30>
11327,2021-04-16 22:00:00,<function <lambda> at 0x7fa4962879f0>,<function <lambda> at 0x7fa496287a90>,<function <lambda> at 0x7fa496287b30>
11328,2021-04-16 23:00:00,<function <lambda> at 0x7fa4962879f0>,<function <lambda> at 0x7fa496287a90>,<function <lambda> at 0x7fa496287b30>
11329,2021-04-17 00:00:00,<function <lambda> at 0x7fa4962879f0>,<function <lambda> at 0x7fa496287a90>,<function <lambda> at 0x7fa496287b30>
11330,2021-04-17 01:00:00,<function <lambda> at 0x7fa4962879f0>,<function <lambda> at 0x7fa496287a90>,<function <lambda> at 0x7fa496287b30>
11331,2021-04-17 02:00:00,<function <lambda> at 0x7fa4962879f0>,<function <lambda> at 0x7fa496287a90>,<function <lambda> at 0x7fa496287b30>
11332,2021-04-17 03:00:00,<function <lambda> at 0x7fa4962879f0>,<function <lambda> at 0x7fa496287a90>,<function <lambda> at 0x7fa496287b30>
11333,2021-04-17 04:00:00,<function <lambda> at 0x7fa4962879f0>,<function <lambda> at 0x7fa496287a90>,<function <lambda> at 0x7fa496287b30>
11334,2021-04-17 05:00:00,<function <lambda> at 0x7fa4962879f0>,<function <lambda> at 0x7fa496287a90>,<function <lambda> at 0x7fa496287b30>
11335,2021-04-17 06:00:00,<function <lambda> at 0x7fa4962879f0>,<function <lambda> at 0x7fa496287a90>,<function <lambda> at 0x7fa496287b30>
11336,2021-04-17 07:00:00,<function <lambda> at 0x7fa4962879f0>,<function <lambda> at 0x7fa496287a90>,<function <lambda> at 0x7fa496287b30>
11337,2021-04-17 08:00:00,<function <lambda> at 0x7fa4962879f0>,<function <lambda> at 0x7fa496287a90>,<function <lambda> at 0x7fa496287b30>
11338,2021-04-17 09:00:00,<function <lambda> at 0x7fa4962879f0>,<function <lambda> at 0x7fa496287a90>,<function <lambda> at 0x7fa496287b30>
11339,2021-04-17 10:00:00,<function <lambda> at 0x7fa4962879f0>,<function <lambda> at 0x7fa496287a90>,<function <lambda> at 0x7fa496287b30>
11340,2021-04-17 11:00:00,<function <lambda> at 0x7fa4962879f0>,<function <lambda> at 0x7fa496287a90>,<function <lambda> at 0x7fa496287b30>
11341,2021-04-17 12:00:00,<function <lambda> at 0x7fa4962879f0>,<function <lambda> at 0x7fa496287a90>,<function <lambda> at 0x7fa496287b30>
11342,2021-04-17 13:00:00,<function <lambda> at 0x7fa4962879f0>,<function <lambda> at 0x7fa496287a90>,<function <lambda> at 0x7fa496287b30>
11343,2021-04-17 14:00:00,<function <lambda> at 0x7fa4962879f0>,<function <lambda> at 0x7fa496287a90>,<function <lambda> at 0x7fa496287b30>
11344,2021-04-17 15:00:00,<function <lambda> at 0x7fa4962879f0>,<function <lambda> at 0x7fa496287a90>,<function <lambda> at 0x7fa496287b30>
11345,2021-04-17 16:00:00,<function <lambda> at 0x7fa4962879f0>,<function <lambda> at 0x7fa496287a90>,<function <lambda> at 0x7fa496287b30>
11346,2021-04-17 17:00:00,<function <lambda> at 0x7fa4962879f0>,<function <lambda> at 0x7fa496287a90>,<function <lambda> at 0x7fa496287b30>
11347,2021-04-17 18:00:00,<function <lambda> at 0x7fa4962879f0>,<function <lambda> at 0x7fa496287a90>,<function <lambda> at 0x7fa496287b30>
11348,2021-04-17 19:00:00,<function <lambda> at 0x7fa4962879f0>,<function <lambda> at 0x7fa496287a90>,<function <lambda> at 0x7fa496287b30>
11349,2021-04-17 20:00:00,<function <lambda> at 0x7fa4962879f0>,<function <lambda> at 0x7fa496287a90>,<function <lambda> at 0x7fa496287b30>
11350,2021-04-17 21:00:00,<function <lambda> at 0x7fa4962879f0>,<function <lambda> at 0x7fa496287a90>,<function <lambda> at 0x7fa496287b30>
11351,2021-04-17 22:00:00,<function <lambda> at 0x7fa4962879f0>,<function <lambda> at 0x7fa496287a90>,<function <lambda> at 0x7fa496287b30>
11352,2021-04-17 23:00:00,<function <lambda> at 0x7fa4962879f0>,<function <lambda> at 0x7fa496287a90>,<function <lambda> at 0x7fa496287b30>
11353,2021-04-18 00:00:00,<function <lambda> at 0x7fa4962879f0>,<function <lambda> at 0x7fa496287a90>,<function <lambda> at 0x7fa496287b30>
11354,2021-04-18 01:00:00,<function <lambda> at 0x7fa4962879f0>,<function <lambda> at 0x7fa496287a90>,<function <lambda> at 0x7fa496287b30>
11355,2021-04-18 02:00:00,<function <lambda> at 0x7fa4962879f0>,<function <lambda> at 0x7fa496287a90>,<function <lambda> at 0x7fa496287b30>
11356,2021-04-18 03:00:00,<function <lambda> at 0x7fa4962879f0>,<function <lambda> at 0x7fa496287a90>,<function <lambda> at 0x7fa496287b30>
11357,2021-04-18 04:00:00,<function <lambda> at 0x7fa4962879f0>,<function <lambda> at 0x7fa496287a90>,<function <lambda> at 0x7fa496287b30>
11358,2021-04-18 05:00:00,<function <lambda> at 0x7fa4962879f0>,<function <lambda> at 0x7fa496287a90>,<function <lambda> at 0x7fa496287b30>
11359,2021-04-18 06:00:00,<function <lambda> at 0x7fa4962879f0>,<function <lambda> at 0x7fa496287a90>,<function <lambda> at 0x7fa496287b30>
11360,2021-04-18 07:00:00,<function <lambda> at 0x7fa4962879f0>,<function <lambda> at 0x7fa496287a90>,<function <lambda> at 0x7fa496287b30>
11361,2021-04-18 08:00:00,<function <lambda> at 0x7fa4962879f0>,<function <lambda> at 0x7fa496287a90>,<function <lambda> at 0x7fa496287b30>
11362,2021-04-18 09:00:00,<function <lambda> at 0x7fa4962879f0>,<function <lambda> at 0x7fa496287a90>,<function <lambda> at 0x7fa496287b30>
11363,2021-04-18 10:00:00,<function <lambda> at 0x7fa4962879f0>,<function <lambda> at 0x7fa496287a90>,<function <lambda> at 0x7fa496287b30>
11364,2021-04-18 11:00:00,<function <lambda> at 0x7fa4962879f0>,<function <lambda> at 0x7fa496287a90>,<function <lambda> at 0x7fa496287b30>
11365,2021-04-18 12:00:00,<function <lambda> at 0x7fa4962879f0>,<function <lambda> at 0x7fa496287a90>,<function <lambda> at 0x7fa496287b30>
11366,2021-04-18 13:00:00,<function <lambda> at 0x7fa4962879f0>,<function <lambda> at 0x7fa496287a90>,<function <lambda> at 0x7fa496287b30>
11367,2021-04-18 14:00:00,<function <lambda> at 0x7fa4962879f0>,<function <lambda> at 0x7fa496287a90>,<function <lambda> at 0x7fa496287b30>
11368,2021-04-18 15:00:00,<function <lambda> at 0x7fa4962879f0>,<function <lambda> at 0x7fa496287a90>,<function <lambda> at 0x7fa496287b30>
11369,2021-04-18 16:00:00,<function <lambda> at 0x7fa4962879f0>,<function <lambda> at 0x7fa496287a90>,<function <lambda> at 0x7fa496287b30>
11370,2021-04-18 17:00:00,<function <lambda> at 0x7fa4962879f0>,<function <lambda> at 0x7fa496287a90>,<function <lambda> at 0x7fa496287b30>
11371,2021-04-18 18:00:00,<function <lambda> at 0x7fa4962879f0>,<function <lambda> at 0x7fa496287a90>,<function <lambda> at 0x7fa496287b30>
11372,2021-04-18 19:00:00,<function <lambda> at 0x7fa4962879f0>,<function <lambda> at 0x7fa496287a90>,<function <lambda> at 0x7fa496287b30>
11373,2021-04-18 20:00:00,<function <lambda> at 0x7fa4962879f0>,<function <lambda> at 0x7fa496287a90>,<function <lambda> at 0x7fa496287b30>
11374,2021-04-18 21:00:00,<function <lambda> at 0x7fa4962879f0>,<function <lambda> at 0x7fa496287a90>,<function <lambda> at 0x7fa496287b30>
11375,2021-04-18 22:00:00,<function <lambda> at 0x7fa4962879f0>,<function <lambda> at 0x7fa496287a90>,<function <lambda> at 0x7fa496287b30>
11376,2021-04-18 23:00:00,<function <lambda> at 0x7fa4962879f0>,<function <lambda> at 0x7fa496287a90>,<function <lambda> at 0x7fa496287b30>
11377,2021-04-19 00:00:00,<function <lambda> at 0x7fa4962879f0>,<function <lambda> at 0x7fa496287a90>,<function <lambda> at 0x7fa496287b30>
11378,2021-04-19 01:00:00,<function <lambda> at 0x7fa4962879f0>,<function <lambda> at 0x7fa496287a90>,<function <lambda> at 0x7fa496287b30>
11379,2021-04-19 02:00:00,<function <lambda> at 0x7fa4962879f0>,<function <lambda> at 0x7fa496287a90>,<function <lambda> at 0x7fa496287b30>
11380,2021-04-19 03:00:00,<function <lambda> at 0x7fa4962879f0>,<function <lambda> at 0x7fa496287a90>,<function <lambda> at 0x7fa496287b30>
11381,2021-04-19 04:00:00,<function <lambda> at 0x7fa4962879f0>,<function <lambda> at 0x7fa496287a90>,<function <lambda> at 0x7fa496287b30>
11382,2021-04-19 05:00:00,<function <lambda> at 0x7fa4962879f0>,<function <lambda> at 0x7fa496287a90>,<function <lambda> at 0x7fa496287b30>
11383,2021-04-19 06:00:00,<function <lambda> at 0x7fa4962879f0>,<function <lambda> at 0x7fa496287a90>,<function <lambda> at 0x7fa496287b30>
11384,2021-04-19 07:00:00,<function <lambda> at 0x7fa4962879f0>,<function <lambda> at 0x7fa496287a90>,<function <lambda> at 0x7fa496287b30>
11385,2021-04-19 08:00:00,<function <lambda> at 0x7fa4962879f0>,<function <lambda> at 0x7fa496287a90>,<function <lambda> at 0x7fa496287b30>
11386,2021-04-19 09:00:00,<function <lambda> at 0x7fa4962879f0>,<function <lambda> at 0x7fa496287a90>,<function <lambda> at 0x7fa496287b30>
11387,2021-04-19 10:00:00,<function <lambda> at 0x7fa4962879f0>,<function <lambda> at 0x7fa496287a90>,<function <lambda> at 0x7fa496287b30>
11388,2021-04-19 11:00:00,<function <lambda> at 0x7fa4962879f0>,<function <lambda> at 0x7fa496287a90>,<function <lambda> at 0x7fa496287b30>
11389,2021-04-19 12:00:00,<function <lambda> at 0x7fa4962879f0>,<function <lambda> at 0x7fa496287a90>,<function <lambda> at 0x7fa496287b30>
11390,2021-04-19 13:00:00,<function <lambda> at 0x7fa4962879f0>,<function <lambda> at 0x7fa496287a90>,<function <lambda> at 0x7fa496287b30>
11391,2021-04-19 14:00:00,<function <lambda> at 0x7fa4962879f0>,<function <lambda> at 0x7fa496287a90>,<function <lambda> at 0x7fa496287b30>
11392,2021-04-19 15:00:00,<function <lambda> at 0x7fa4962879f0>,<function <lambda> at 0x7fa496287a90>,<function <lambda> at 0x7fa496287b30>
11393,2021-04-19 16:00:00,<function <lambda> at 0x7fa4962879f0>,<function <lambda> at 0x7fa496287a90>,<function <lambda> at 0x7fa496287b30>
11394,2021-04-19 17:00:00,<function <lambda> at 0x7fa4962879f0>,<function <lambda> at 0x7fa496287a90>,<function <lambda> at 0x7fa496287b30>
11395,2021-04-19 18:00:00,<function <lambda> at 0x7fa4962879f0>,<function <lambda> at 0x7fa496287a90>,<function <lambda> at 0x7fa496287b30>
11396,2021-04-19 19:00:00,<function <lambda> at 0x7fa4962879f0>,<function <lambda> at 0x7fa496287a90>,<function <lambda> at 0x7fa496287b30>
11397,2021-04-19 20:00:00,<function <lambda> at 0x7fa4962879f0>,<function <lambda> at 0x7fa496287a90>,<function <lambda> at 0x7fa496287b30>
11398,2021-04-19 21:00:00,<function <lambda> at 0x7fa4962879f0>,<function <lambda> at 0x7fa496287a90>,<function <lambda> at 0x7fa496287b30>
11399,2021-04-19 22:00:00,<function <lambda> at 0x7fa4962879f0>,<function <lambda> at 0x7fa496287a90>,<function <lambda> at 0x7fa496287b30>
11400,2021-04-19 23:00:00,<function <lambda> at 0x7fa4962879f0>,<function <lambda> at 0x7fa496287a90>,<function <lambda> at 0x7fa496287b30>
11401,2021-04-20 00:00:00,<function <lambda> at 0x7fa4962879f0>,<function <lambda> at 0x7fa496287a90>,<function <lambda> at 0x7fa496287b30>
11402,2021-04-20 01:00:00,<function <lambda> at 0x7fa4962879f0>,<function <lambda> at 0x7fa496287a90>,<function <lambda> at 0x7fa496287b30>
11403,2021-04-20 02:00:00,<function <lambda> at 0x7fa4962879f0>,<function <lambda> at 0x7fa496287a90>,<function <lambda> at 0x7fa496287b30>
11404,2021-04-20 03:00:00,<function <lambda> at 0x7fa4962879f0>,<function <lambda> at 0x7fa496287a90>,<function <lambda> at 0x7fa496287b30>
11405,2021-04-20 04:00:00,<function <lambda> at 0x7fa4962879f0>,<function <lambda> at 0x7fa496287a90>,<function <lambda> at 0x7fa496287b30>
11406,2021-04-20 05:00:00,<function <lambda> at 0x7fa4962879f0>,<function <lambda> at 0x7fa496287a90>,<function <lambda> at 0x7fa496287b30>
11407,2021-04-20 06:00:00,<function <lambda> at 0x7fa4962879f0>,<function <lambda> at 0x7fa496287a90>,<function <lambda> at 0x7fa496287b30>
11408,2021-04-20 07:00:00,<function <lambda> at 0x7fa4962879f0>,<function <lambda> at 0x7fa496287a90>,<function <lambda> at 0x7fa496287b30>
11409,2021-04-20 08:00:00,<function <lambda> at 0x7fa4962879f0>,<function <lambda> at 0x7fa496287a90>,<function <lambda> at 0x7fa496287b30>
11410,2021-04-20 09:00:00,<function <lambda> at 0x7fa4962879f0>,<function <lambda> at 0x7fa496287a90>,<function <lambda> at 0x7fa496287b30>
11411,2021-04-20 10:00:00,<function <lambda> at 0x7fa4962879f0>,<function <lambda> at 0x7fa496287a90>,<function <lambda> at 0x7fa496287b30>
11412,2021-04-20 11:00:00,<function <lambda> at 0x7fa4962879f0>,<function <lambda> at 0x7fa496287a90>,<function <lambda> at 0x7fa496287b30>
11413,2021-04-20 12:00:00,<function <lambda> at 0x7fa4962879f0>,<function <lambda> at 0x7fa496287a90>,<function <lambda> at 0x7fa496287b30>
11414,2021-04-20 13:00:00,<function <lambda> at 0x7fa4962879f0>,<function <lambda> at 0x7fa496287a90>,<function <lambda> at 0x7fa496287b30>
11415,2021-04-20 14:00:00,<function <lambda> at 0x7fa4962879f0>,<function <lambda> at 0x7fa496287a90>,<function <lambda> at 0x7fa496287b30>
11416,2021-04-20 15:00:00,<function <lambda> at 0x7fa4962879f0>,<function <lambda> at 0x7fa496287a90>,<function <lambda> at 0x7fa496287b30>
11417,2021-04-20 16:00:00,<function <lambda> at 0x7fa4962879f0>,<function <lambda> at 0x7fa496287a90>,<function <lambda> at 0x7fa496287b30>
11418,2021-04-20 17:00:00,<function <lambda> at 0x7fa4962879f0>,<function <lambda> at 0x7fa496287a90>,<function <lambda> at 0x7fa496287b30>
11419,2021-04-20 18:00:00,<function <lambda> at 0x7fa4962879f0>,<function <lambda> at 0x7fa496287a90>,<function <lambda> at 0x7fa496287b30>
11420,2021-04-20 19:00:00,<function <lambda> at 0x7fa4962879f0>,<function <lambda> at 0x7fa496287a90>,<function <lambda> at 0x7fa496287b30>
11421,2021-04-20 20:00:00,<function <lambda> at 0x7fa4962879f0>,<function <lambda> at 0x7fa496287a90>,<function <lambda> at 0x7fa496287b30>
11422,2021-04-20 21:00:00,<function <lambda> at 0x7fa4962879f0>,<function <lambda> at 0x7fa496287a90>,<function <lambda> at 0x7fa496287b30>
11423,2021-04-20 22:00:00,<function <lambda> at 0x7fa4962879f0>,<function <lambda> at 0x7fa496287a90>,<function <lambda> at 0x7fa496287b30>
11424,2021-04-20 23:00:00,<function <lambda> at 0x7fa4962879f0>,<function <lambda> at 0x7fa496287a90>,<function <lambda> at 0x7fa496287b30>
11425,2021-04-21 00:00:00,<function <lambda> at 0x7fa4962879f0>,<function <lambda> at 0x7fa496287a90>,<function <lambda> at 0x7fa496287b30>
11426,2021-04-21 01:00:00,<function <lambda> at 0x7fa4962879f0>,<function <lambda> at 0x7fa496287a90>,<function <lambda> at 0x7fa496287b30>
11427,2021-04-21 02:00:00,<function <lambda> at 0x7fa4962879f0>,<function <lambda> at 0x7fa496287a90>,<function <lambda> at 0x7fa496287b30>
11428,2021-04-21 03:00:00,<function <lambda> at 0x7fa4962879f0>,<function <lambda> at 0x7fa496287a90>,<function <lambda> at 0x7fa496287b30>
11429,2021-04-21 04:00:00,<function <lambda> at 0x7fa4962879f0>,<function <lambda> at 0x7fa496287a90>,<function <lambda> at 0x7fa496287b30>
11430,2021-04-21 05:00:00,<function <lambda> at 0x7fa4962879f0>,<function <lambda> at 0x7fa496287a90>,<function <lambda> at 0x7fa496287b30>
11431,2021-04-21 06:00:00,<function <lambda> at 0x7fa4962879f0>,<function <lambda> at 0x7fa496287a90>,<function <lambda> at 0x7fa496287b30>
11432,2021-04-21 07:00:00,<function <lambda> at 0x7fa4962879f0>,<function <lambda> at 0x7fa496287a90>,<function <lambda> at 0x7fa496287b30>
11433,2021-04-21 08:00:00,<function <lambda> at 0x7fa4962879f0>,<function <lambda> at 0x7fa496287a90>,<function <lambda> at 0x7fa496287b30>
11434,2021-04-21 09:00:00,<function <lambda> at 0x7fa4962879f0>,<function <lambda> at 0x7fa496287a90>,<function <lambda> at 0x7fa496287b30>
11435,2021-04-21 10:00:00,<function <lambda> at 0x7fa4962879f0>,<function <lambda> at 0x7fa496287a90>,<function <lambda> at 0x7fa496287b30>
11436,2021-04-21 11:00:00,<function <lambda> at 0x7fa4962879f0>,<function <lambda> at 0x7fa496287a90>,<function <lambda> at 0x7fa496287b30>
11437,2021-04-21 12:00:00,<function <lambda> at 0x7fa4962879f0>,<function <lambda> at 0x7fa496287a90>,<function <lambda> at 0x7fa496287b30>
11438,2021-04-21 13:00:00,<function <lambda> at 0x7fa4962879f0>,<function <lambda> at 0x7fa496287a90>,<function <lambda> at 0x7fa496287b30>
11439,2021-04-21 14:00:00,<function <lambda> at 0x7fa4962879f0>,<function <lambda> at 0x7fa496287a90>,<function <lambda> at 0x7fa496287b30>
11440,2021-04-21 15:00:00,<function <lambda> at 0x7fa4962879f0>,<function <lambda> at 0x7fa496287a90>,<function <lambda> at 0x7fa496287b30>
11441,2021-04-21 16:00:00,<function <lambda> at 0x7fa4962879f0>,<function <lambda> at 0x7fa496287a90>,<function <lambda> at 0x7fa496287b30>
11442,2021-04-21 17:00:00,<function <lambda> at 0x7fa4962879f0>,<function <lambda> at 0x7fa496287a90>,<function <lambda> at 0x7fa496287b30>
11443,2021-04-21 18:00:00,<function <lambda> at 0x7fa4962879f0>,<function <lambda> at 0x7fa496287a90>,<function <lambda> at 0x7fa496287b30>
11444,2021-04-21 19:00:00,<function <lambda> at 0x7fa4962879f0>,<function <lambda> at 0x7fa496287a90>,<function <lambda> at 0x7fa496287b30>
11445,2021-04-21 20:00:00,<function <lambda> at 0x7fa4962879f0>,<function <lambda> at 0x7fa496287a90>,<function <lambda> at 0x7fa496287b30>
11446,2021-04-21 21:00:00,<function <lambda> at 0x7fa4962879f0>,<function <lambda> at 0x7fa496287a90>,<function <lambda> at 0x7fa496287b30>
11447,2021-04-21 22:00:00,<function <lambda> at 0x7fa4962879f0>,<function <lambda> at 0x7fa496287a90>,<function <lambda> at 0x7fa496287b30>
11448,2021-04-21 23:00:00,<function <lambda> at 0x7fa4962879f0>,<function <lambda> at 0x7fa496287a90>,<function <lambda> at 0x7fa496287b30>
11449,2021-04-22 00:00:00,<function <lambda> at 0x7fa4962879f0>,<function <lambda> at 0x7fa496287a90>,<function <lambda> at 0x7fa496287b30>
11450,2021-04-22 01:00:00,<function <lambda> at 0x7fa4962879f0>,<function <lambda> at 0x7fa496287a90>,<function <lambda> at 0x7fa496287b30>
11451,2021-04-22 02:00:00,<function <lambda> at 0x7fa4962879f0>,<function <lambda> at 0x7fa496287a90>,<function <lambda> at 0x7fa496287b30>
11452,2021-04-22 03:00:00,<function <lambda> at 0x7fa4962879f0>,<function <lambda> at 0x7fa496287a90>,<function <lambda> at 0x7fa496287b30>
11453,2021-04-22 04:00:00,<function <lambda> at 0x7fa4962879f0>,<function <lambda> at 0x7fa496287a90>,<function <lambda> at 0x7fa496287b30>
11454,2021-04-22 05:00:00,<function <lambda> at 0x7fa4962879f0>,<function <lambda> at 0x7fa496287a90>,<function <lambda> at 0x7fa496287b30>
11455,2021-04-22 06:00:00,<function <lambda> at 0x7fa4962879f0>,<function <lambda> at 0x7fa496287a90>,<function <lambda> at 0x7fa496287b30>
11456,2021-04-22 07:00:00,<function <lambda> at 0x7fa4962879f0>,<function <lambda> at 0x7fa496287a90>,<function <lambda> at 0x7fa496287b30>
11457,2021-04-22 08:00:00,<function <lambda> at 0x7fa4962879f0>,<function <lambda> at 0x7fa496287a90>,<function <lambda> at 0x7fa496287b30>
11458,2021-04-22 09:00:00,<function <lambda> at 0x7fa4962879f0>,<function <lambda> at 0x7fa496287a90>,<function <lambda> at 0x7fa496287b30>
11459,2021-04-22 10:00:00,<function <lambda> at 0x7fa4962879f0>,<function <lambda> at 0x7fa496287a90>,<function <lambda> at 0x7fa496287b30>
11460,2021-04-22 11:00:00,<function <lambda> at 0x7fa4962879f0>,<function <lambda> at 0x7fa496287a90>,<function <lambda> at 0x7fa496287b30>
11461,2021-04-22 12:00:00,<function <lambda> at 0x7fa4962879f0>,<function <lambda> at 0x7fa496287a90>,<function <lambda> at 0x7fa496287b30>
11462,2021-04-22 13:00:00,<function <lambda> at 0x7fa4962879f0>,<function <lambda> at 0x7fa496287a90>,<function <lambda> at 0x7fa496287b30>
11463,2021-04-22 14:00:00,<function <lambda> at 0x7fa4962879f0>,<function <lambda> at 0x7fa496287a90>,<function <lambda> at 0x7fa496287b30>
11464,2021-04-22 15:00:00,<function <lambda> at 0x7fa4962879f0>,<function <lambda> at 0x7fa496287a90>,<function <lambda> at 0x7fa496287b30>
11465,2021-04-22 16:00:00,<function <lambda> at 0x7fa4962879f0>,<function <lambda> at 0x7fa496287a90>,<function <lambda> at 0x7fa496287b30>
11466,2021-04-22 17:00:00,<function <lambda> at 0x7fa4962879f0>,<function <lambda> at 0x7fa496287a90>,<function <lambda> at 0x7fa496287b30>
11467,2021-04-22 18:00:00,<function <lambda> at 0x7fa4962879f0>,<function <lambda> at 0x7fa496287a90>,<function <lambda> at 0x7fa496287b30>
11468,2021-04-22 19:00:00,<function <lambda> at 0x7fa4962879f0>,<function <lambda> at 0x7fa496287a90>,<function <lambda> at 0x7fa496287b30>
11469,2021-04-22 20:00:00,<function <lambda> at 0x7fa4962879f0>,<function <lambda> at 0x7fa496287a90>,<function <lambda> at 0x7fa496287b30>
11470,2021-04-22 21:00:00,<function <lambda> at 0x7fa4962879f0>,<function <lambda> at 0x7fa496287a90>,<function <lambda> at 0x7fa496287b30>
11471,2021-04-22 22:00:00,<function <lambda> at 0x7fa4962879f0>,<function <lambda> at 0x7fa496287a90>,<function <lambda> at 0x7fa496287b30>
11472,2021-04-22 23:00:00,<function <lambda> at 0x7fa4962879f0>,<function <lambda> at 0x7fa496287a90>,<function <lambda> at 0x7fa496287b30>
11473,2021-04-23 00:00:00,<function <lambda> at 0x7fa4962879f0>,<function <lambda> at 0x7fa496287a90>,<function <lambda> at 0x7fa496287b30>
11474,2021-04-23 01:00:00,<function <lambda> at 0x7fa4962879f0>,<function <lambda> at 0x7fa496287a90>,<function <lambda> at 0x7fa496287b30>
11475,2021-04-23 02:00:00,<function <lambda> at 0x7fa4962879f0>,<function <lambda> at 0x7fa496287a90>,<function <lambda> at 0x7fa496287b30>
11476,2021-04-23 03:00:00,<function <lambda> at 0x7fa4962879f0>,<function <lambda> at 0x7fa496287a90>,<function <lambda> at 0x7fa496287b30>
11477,2021-04-23 04:00:00,<function <lambda> at 0x7fa4962879f0>,<function <lambda> at 0x7fa496287a90>,<function <lambda> at 0x7fa496287b30>
11478,2021-04-23 05:00:00,<function <lambda> at 0x7fa4962879f0>,<function <lambda> at 0x7fa496287a90>,<function <lambda> at 0x7fa496287b30>
11479,2021-04-23 06:00:00,<function <lambda> at 0x7fa4962879f0>,<function <lambda> at 0x7fa496287a90>,<function <lambda> at 0x7fa496287b30>
11480,2021-04-23 07:00:00,<function <lambda> at 0x7fa4962879f0>,<function <lambda> at 0x7fa496287a90>,<function <lambda> at 0x7fa496287b30>
11481,2021-04-23 08:00:00,<function <lambda> at 0x7fa4962879f0>,<function <lambda> at 0x7fa496287a90>,<function <lambda> at 0x7fa496287b30>
11482,2021-04-23 09:00:00,<function <lambda> at 0x7fa4962879f0>,<function <lambda> at 0x7fa496287a90>,<function <lambda> at 0x7fa496287b30>
11483,2021-04-23 10:00:00,<function <lambda> at 0x7fa4962879f0>,<function <lambda> at 0x7fa496287a90>,<function <lambda> at 0x7fa496287b30>
11484,2021-04-23 11:00:00,<function <lambda> at 0x7fa4962879f0>,<function <lambda> at 0x7fa496287a90>,<function <lambda> at 0x7fa496287b30>
11485,2021-04-23 12:00:00,<function <lambda> at 0x7fa4962879f0>,<function <lambda> at 0x7fa496287a90>,<function <lambda> at 0x7fa496287b30>
11486,2021-04-23 13:00:00,<function <lambda> at 0x7fa4962879f0>,<function <lambda> at 0x7fa496287a90>,<function <lambda> at 0x7fa496287b30>
11487,2021-04-23 14:00:00,<function <lambda> at 0x7fa4962879f0>,<function <lambda> at 0x7fa496287a90>,<function <lambda> at 0x7fa496287b30>
11488,2021-04-23 15:00:00,<function <lambda> at 0x7fa4962879f0>,<function <lambda> at 0x7fa496287a90>,<function <lambda> at 0x7fa496287b30>
11489,2021-04-23 16:00:00,<function <lambda> at 0x7fa4962879f0>,<function <lambda> at 0x7fa496287a90>,<function <lambda> at 0x7fa496287b30>
11490,2021-04-23 17:00:00,<function <lambda> at 0x7fa4962879f0>,<function <lambda> at 0x7fa496287a90>,<function <lambda> at 0x7fa496287b30>
11491,2021-04-23 18:00:00,<function <lambda> at 0x7fa4962879f0>,<function <lambda> at 0x7fa496287a90>,<function <lambda> at 0x7fa496287b30>
11492,2021-04-23 19:00:00,<function <lambda> at 0x7fa4962879f0>,<function <lambda> at 0x7fa496287a90>,<function <lambda> at 0x7fa496287b30>
11493,2021-04-23 20:00:00,<function <lambda> at 0x7fa4962879f0>,<function <lambda> at 0x7fa496287a90>,<function <lambda> at 0x7fa496287b30>
11494,2021-04-23 21:00:00,<function <lambda> at 0x7fa4962879f0>,<function <lambda> at 0x7fa496287a90>,<function <lambda> at 0x7fa496287b30>
11495,2021-04-23 22:00:00,<function <lambda> at 0x7fa4962879f0>,<function <lambda> at 0x7fa496287a90>,<function <lambda> at 0x7fa496287b30>
11496,2021-04-23 23:00:00,<function <lambda> at 0x7fa4962879f0>,<function <lambda> at 0x7fa496287a90>,<function <lambda> at 0x7fa496287b30>
11497,2021-04-24 00:00:00,<function <lambda> at 0x7fa4962879f0>,<function <lambda> at 0x7fa496287a90>,<function <lambda> at 0x7fa496287b30>
11498,2021-04-24 01:00:00,<function <lambda> at 0x7fa4962879f0>,<function <lambda> at 0x7fa496287a90>,<function <lambda> at 0x7fa496287b30>
11499,2021-04-24 02:00:00,<function <lambda> at 0x7fa4962879f0>,<function <lambda> at 0x7fa496287a90>,<function <lambda> at 0x7fa496287b30>
11500,2021-04-24 03:00:00,<function <lambda> at 0x7fa4962879f0>,<function <lambda> at 0x7fa496287a90>,<function <lambda> at 0x7fa496287b30>
11501,2021-04-24 04:00:00,<function <lambda> at 0x7fa4962879f0>,<function <lambda> at 0x7fa496287a90>,<function <lambda> at 0x7fa496287b30>
11502,2021-04-24 05:00:00,<function <lambda> at 0x7fa4962879f0>,<function <lambda> at 0x7fa496287a90>,<function <lambda> at 0x7fa496287b30>
11503,2021-04-24 06:00:00,<function <lambda> at 0x7fa4962879f0>,<function <lambda> at 0x7fa496287a90>,<function <lambda> at 0x7fa496287b30>
11504,2021-04-24 07:00:00,<function <lambda> at 0x7fa4962879f0>,<function <lambda> at 0x7fa496287a90>,<function <lambda> at 0x7fa496287b30>
11505,2021-04-24 08:00:00,<function <lambda> at 0x7fa4962879f0>,<function <lambda> at 0x7fa496287a90>,<function <lambda> at 0x7fa496287b30>
11506,2021-04-24 09:00:00,<function <lambda> at 0x7fa4962879f0>,<function <lambda> at 0x7fa496287a90>,<function <lambda> at 0x7fa496287b30>
11507,2021-04-24 10:00:00,<function <lambda> at 0x7fa4962879f0>,<function <lambda> at 0x7fa496287a90>,<function <lambda> at 0x7fa496287b30>
11508,2021-04-24 11:00:00,<function <lambda> at 0x7fa4962879f0>,<function <lambda> at 0x7fa496287a90>,<function <lambda> at 0x7fa496287b30>
11509,2021-04-24 12:00:00,<function <lambda> at 0x7fa4962879f0>,<function <lambda> at 0x7fa496287a90>,<function <lambda> at 0x7fa496287b30>
11510,2021-04-24 13:00:00,<function <lambda> at 0x7fa4962879f0>,<function <lambda> at 0x7fa496287a90>,<function <lambda> at 0x7fa496287b30>
11511,2021-04-24 14:00:00,<function <lambda> at 0x7fa4962879f0>,<function <lambda> at 0x7fa496287a90>,<function <lambda> at 0x7fa496287b30>
11512,2021-04-24 15:00:00,<function <lambda> at 0x7fa4962879f0>,<function <lambda> at 0x7fa496287a90>,<function <lambda> at 0x7fa496287b30>
11513,2021-04-24 16:00:00,<function <lambda> at 0x7fa4962879f0>,<function <lambda> at 0x7fa496287a90>,<function <lambda> at 0x7fa496287b30>
11514,2021-04-24 17:00:00,<function <lambda> at 0x7fa4962879f0>,<function <lambda> at 0x7fa496287a90>,<function <lambda> at 0x7fa496287b30>
11515,2021-04-24 18:00:00,<function <lambda> at 0x7fa4962879f0>,<function <lambda> at 0x7fa496287a90>,<function <lambda> at 0x7fa496287b30>
11516,2021-04-24 19:00:00,<function <lambda> at 0x7fa4962879f0>,<function <lambda> at 0x7fa496287a90>,<function <lambda> at 0x7fa496287b30>
11517,2021-04-24 20:00:00,<function <lambda> at 0x7fa4962879f0>,<function <lambda> at 0x7fa496287a90>,<function <lambda> at 0x7fa496287b30>
11518,2021-04-24 21:00:00,<function <lambda> at 0x7fa4962879f0>,<function <lambda> at 0x7fa496287a90>,<function <lambda> at 0x7fa496287b30>
11519,2021-04-24 22:00:00,<function <lambda> at 0x7fa4962879f0>,<function <lambda> at 0x7fa496287a90>,<function <lambda> at 0x7fa496287b30>
11520,2021-04-24 23:00:00,<function <lambda> at 0x7fa4962879f0>,<function <lambda> at 0x7fa496287a90>,<function <lambda> at 0x7fa496287b30>
11521,2021-04-25 00:00:00,<function <lambda> at 0x7fa4962879f0>,<function <lambda> at 0x7fa496287a90>,<function <lambda> at 0x7fa496287b30>
11522,2021-04-25 01:00:00,<function <lambda> at 0x7fa4962879f0>,<function <lambda> at 0x7fa496287a90>,<function <lambda> at 0x7fa496287b30>
11523,2021-04-25 02:00:00,<function <lambda> at 0x7fa4962879f0>,<function <lambda> at 0x7fa496287a90>,<function <lambda> at 0x7fa496287b30>
11524,2021-04-25 03:00:00,<function <lambda> at 0x7fa4962879f0>,<function <lambda> at 0x7fa496287a90>,<function <lambda> at 0x7fa496287b30>
11525,2021-04-25 04:00:00,<function <lambda> at 0x7fa4962879f0>,<function <lambda> at 0x7fa496287a90>,<function <lambda> at 0x7fa496287b30>
11526,2021-04-25 05:00:00,<function <lambda> at 0x7fa4962879f0>,<function <lambda> at 0x7fa496287a90>,<function <lambda> at 0x7fa496287b30>
11527,2021-04-25 06:00:00,<function <lambda> at 0x7fa4962879f0>,<function <lambda> at 0x7fa496287a90>,<function <lambda> at 0x7fa496287b30>
11528,2021-04-25 07:00:00,<function <lambda> at 0x7fa4962879f0>,<function <lambda> at 0x7fa496287a90>,<function <lambda> at 0x7fa496287b30>
11529,2021-04-25 08:00:00,<function <lambda> at 0x7fa4962879f0>,<function <lambda> at 0x7fa496287a90>,<function <lambda> at 0x7fa496287b30>
11530,2021-04-25 09:00:00,<function <lambda> at 0x7fa4962879f0>,<function <lambda> at 0x7fa496287a90>,<function <lambda> at 0x7fa496287b30>
11531,2021-04-25 10:00:00,<function <lambda> at 0x7fa4962879f0>,<function <lambda> at 0x7fa496287a90>,<function <lambda> at 0x7fa496287b30>
11532,2021-04-25 11:00:00,<function <lambda> at 0x7fa4962879f0>,<function <lambda> at 0x7fa496287a90>,<function <lambda> at 0x7fa496287b30>
11533,2021-04-25 12:00:00,<function <lambda> at 0x7fa4962879f0>,<function <lambda> at 0x7fa496287a90>,<function <lambda> at 0x7fa496287b30>
11534,2021-04-25 13:00:00,<function <lambda> at 0x7fa4962879f0>,<function <lambda> at 0x7fa496287a90>,<function <lambda> at 0x7fa496287b30>
11535,2021-04-25 14:00:00,<function <lambda> at 0x7fa4962879f0>,<function <lambda> at 0x7fa496287a90>,<function <lambda> at 0x7fa496287b30>
11536,2021-04-25 15:00:00,<function <lambda> at 0x7fa4962879f0>,<function <lambda> at 0x7fa496287a90>,<function <lambda> at 0x7fa496287b30>
11537,2021-04-25 16:00:00,<function <lambda> at 0x7fa4962879f0>,<function <lambda> at 0x7fa496287a90>,<function <lambda> at 0x7fa496287b30>
11538,2021-04-25 17:00:00,<function <lambda> at 0x7fa4962879f0>,<function <lambda> at 0x7fa496287a90>,<function <lambda> at 0x7fa496287b30>
11539,2021-04-25 18:00:00,<function <lambda> at 0x7fa4962879f0>,<function <lambda> at 0x7fa496287a90>,<function <lambda> at 0x7fa496287b30>
11540,2021-04-25 19:00:00,<function <lambda> at 0x7fa4962879f0>,<function <lambda> at 0x7fa496287a90>,<function <lambda> at 0x7fa496287b30>
11541,2021-04-25 20:00:00,<function <lambda> at 0x7fa4962879f0>,<function <lambda> at 0x7fa496287a90>,<function <lambda> at 0x7fa496287b30>
11542,2021-04-25 21:00:00,<function <lambda> at 0x7fa4962879f0>,<function <lambda> at 0x7fa496287a90>,<function <lambda> at 0x7fa496287b30>
11543,2021-04-25 22:00:00,<function <lambda> at 0x7fa4962879f0>,<function <lambda> at 0x7fa496287a90>,<function <lambda> at 0x7fa496287b30>
11544,2021-04-25 23:00:00,<function <lambda> at 0x7fa4962879f0>,<function <lambda> at 0x7fa496287a90>,<function <lambda> at 0x7fa496287b30>
11545,2021-04-26 00:00:00,<function <lambda> at 0x7fa4962879f0>,<function <lambda> at 0x7fa496287a90>,<function <lambda> at 0x7fa496287b30>
11546,2021-04-26 01:00:00,<function <lambda> at 0x7fa4962879f0>,<function <lambda> at 0x7fa496287a90>,<function <lambda> at 0x7fa496287b30>
11547,2021-04-26 02:00:00,<function <lambda> at 0x7fa4962879f0>,<function <lambda> at 0x7fa496287a90>,<function <lambda> at 0x7fa496287b30>
11548,2021-04-26 03:00:00,<function <lambda> at 0x7fa4962879f0>,<function <lambda> at 0x7fa496287a90>,<function <lambda> at 0x7fa496287b30>
11549,2021-04-26 04:00:00,<function <lambda> at 0x7fa4962879f0>,<function <lambda> at 0x7fa496287a90>,<function <lambda> at 0x7fa496287b30>
11550,2021-04-26 05:00:00,<function <lambda> at 0x7fa4962879f0>,<function <lambda> at 0x7fa496287a90>,<function <lambda> at 0x7fa496287b30>
11551,2021-04-26 06:00:00,<function <lambda> at 0x7fa4962879f0>,<function <lambda> at 0x7fa496287a90>,<function <lambda> at 0x7fa496287b30>
11552,2021-04-26 07:00:00,<function <lambda> at 0x7fa4962879f0>,<function <lambda> at 0x7fa496287a90>,<function <lambda> at 0x7fa496287b30>
11553,2021-04-26 08:00:00,<function <lambda> at 0x7fa4962879f0>,<function <lambda> at 0x7fa496287a90>,<function <lambda> at 0x7fa496287b30>
11554,2021-04-26 09:00:00,<function <lambda> at 0x7fa4962879f0>,<function <lambda> at 0x7fa496287a90>,<function <lambda> at 0x7fa496287b30>
11555,2021-04-26 10:00:00,<function <lambda> at 0x7fa4962879f0>,<function <lambda> at 0x7fa496287a90>,<function <lambda> at 0x7fa496287b30>
11556,2021-04-26 11:00:00,<function <lambda> at 0x7fa4962879f0>,<function <lambda> at 0x7fa496287a90>,<function <lambda> at 0x7fa496287b30>
11557,2021-04-26 12:00:00,<function <lambda> at 0x7fa4962879f0>,<function <lambda> at 0x7fa496287a90>,<function <lambda> at 0x7fa496287b30>
11558,2021-04-26 13:00:00,<function <lambda> at 0x7fa4962879f0>,<function <lambda> at 0x7fa496287a90>,<function <lambda> at 0x7fa496287b30>
11559,2021-04-26 14:00:00,<function <lambda> at 0x7fa4962879f0>,<function <lambda> at 0x7fa496287a90>,<function <lambda> at 0x7fa496287b30>
11560,2021-04-26 15:00:00,<function <lambda> at 0x7fa4962879f0>,<function <lambda> at 0x7fa496287a90>,<function <lambda> at 0x7fa496287b30>
11561,2021-04-26 16:00:00,<function <lambda> at 0x7fa4962879f0>,<function <lambda> at 0x7fa496287a90>,<function <lambda> at 0x7fa496287b30>
11562,2021-04-26 17:00:00,<function <lambda> at 0x7fa4962879f0>,<function <lambda> at 0x7fa496287a90>,<function <lambda> at 0x7fa496287b30>
11563,2021-04-26 18:00:00,<function <lambda> at 0x7fa4962879f0>,<function <lambda> at 0x7fa496287a90>,<function <lambda> at 0x7fa496287b30>
11564,2021-04-26 19:00:00,<function <lambda> at 0x7fa4962879f0>,<function <lambda> at 0x7fa496287a90>,<function <lambda> at 0x7fa496287b30>
11565,2021-04-26 20:00:00,<function <lambda> at 0x7fa4962879f0>,<function <lambda> at 0x7fa496287a90>,<function <lambda> at 0x7fa496287b30>
11566,2021-04-26 21:00:00,<function <lambda> at 0x7fa4962879f0>,<function <lambda> at 0x7fa496287a90>,<function <lambda> at 0x7fa496287b30>
11567,2021-04-26 22:00:00,<function <lambda> at 0x7fa4962879f0>,<function <lambda> at 0x7fa496287a90>,<function <lambda> at 0x7fa496287b30>
11568,2021-04-26 23:00:00,<function <lambda> at 0x7fa4962879f0>,<function <lambda> at 0x7fa496287a90>,<function <lambda> at 0x7fa496287b30>
11569,2021-04-27 00:00:00,<function <lambda> at 0x7fa4962879f0>,<function <lambda> at 0x7fa496287a90>,<function <lambda> at 0x7fa496287b30>
11570,2021-04-27 01:00:00,<function <lambda> at 0x7fa4962879f0>,<function <lambda> at 0x7fa496287a90>,<function <lambda> at 0x7fa496287b30>
11571,2021-04-27 02:00:00,<function <lambda> at 0x7fa4962879f0>,<function <lambda> at 0x7fa496287a90>,<function <lambda> at 0x7fa496287b30>
11572,2021-04-27 03:00:00,<function <lambda> at 0x7fa4962879f0>,<function <lambda> at 0x7fa496287a90>,<function <lambda> at 0x7fa496287b30>
11573,2021-04-27 04:00:00,<function <lambda> at 0x7fa4962879f0>,<function <lambda> at 0x7fa496287a90>,<function <lambda> at 0x7fa496287b30>
11574,2021-04-27 05:00:00,<function <lambda> at 0x7fa4962879f0>,<function <lambda> at 0x7fa496287a90>,<function <lambda> at 0x7fa496287b30>
11575,2021-04-27 06:00:00,<function <lambda> at 0x7fa4962879f0>,<function <lambda> at 0x7fa496287a90>,<function <lambda> at 0x7fa496287b30>
11576,2021-04-27 07:00:00,<function <lambda> at 0x7fa4962879f0>,<function <lambda> at 0x7fa496287a90>,<function <lambda> at 0x7fa496287b30>
11577,2021-04-27 08:00:00,<function <lambda> at 0x7fa4962879f0>,<function <lambda> at 0x7fa496287a90>,<function <lambda> at 0x7fa496287b30>
11578,2021-04-27 09:00:00,<function <lambda> at 0x7fa4962879f0>,<function <lambda> at 0x7fa496287a90>,<function <lambda> at 0x7fa496287b30>
11579,2021-04-27 10:00:00,<function <lambda> at 0x7fa4962879f0>,<function <lambda> at 0x7fa496287a90>,<function <lambda> at 0x7fa496287b30>
11580,2021-04-27 11:00:00,<function <lambda> at 0x7fa4962879f0>,<function <lambda> at 0x7fa496287a90>,<function <lambda> at 0x7fa496287b30>
11581,2021-04-27 12:00:00,<function <lambda> at 0x7fa4962879f0>,<function <lambda> at 0x7fa496287a90>,<function <lambda> at 0x7fa496287b30>
11582,2021-04-27 13:00:00,<function <lambda> at 0x7fa4962879f0>,<function <lambda> at 0x7fa496287a90>,<function <lambda> at 0x7fa496287b30>
11583,2021-04-27 14:00:00,<function <lambda> at 0x7fa4962879f0>,<function <lambda> at 0x7fa496287a90>,<function <lambda> at 0x7fa496287b30>
11584,2021-04-27 15:00:00,<function <lambda> at 0x7fa4962879f0>,<function <lambda> at 0x7fa496287a90>,<function <lambda> at 0x7fa496287b30>
11585,2021-04-27 16:00:00,<function <lambda> at 0x7fa4962879f0>,<function <lambda> at 0x7fa496287a90>,<function <lambda> at 0x7fa496287b30>
11586,2021-04-27 17:00:00,<function <lambda> at 0x7fa4962879f0>,<function <lambda> at 0x7fa496287a90>,<function <lambda> at 0x7fa496287b30>
11587,2021-04-27 18:00:00,<function <lambda> at 0x7fa4962879f0>,<function <lambda> at 0x7fa496287a90>,<function <lambda> at 0x7fa496287b30>
11588,2021-04-27 19:00:00,<function <lambda> at 0x7fa4962879f0>,<function <lambda> at 0x7fa496287a90>,<function <lambda> at 0x7fa496287b30>
11589,2021-04-27 20:00:00,<function <lambda> at 0x7fa4962879f0>,<function <lambda> at 0x7fa496287a90>,<function <lambda> at 0x7fa496287b30>
11590,2021-04-27 21:00:00,<function <lambda> at 0x7fa4962879f0>,<function <lambda> at 0x7fa496287a90>,<function <lambda> at 0x7fa496287b30>
11591,2021-04-27 22:00:00,<function <lambda> at 0x7fa4962879f0>,<function <lambda> at 0x7fa496287a90>,<function <lambda> at 0x7fa496287b30>
11592,2021-04-27 23:00:00,<function <lambda> at 0x7fa4962879f0>,<function <lambda> at 0x7fa496287a90>,<function <lambda> at 0x7fa496287b30>
11593,2021-04-28 00:00:00,<function <lambda> at 0x7fa4962879f0>,<function <lambda> at 0x7fa496287a90>,<function <lambda> at 0x7fa496287b30>
11594,2021-04-28 01:00:00,<function <lambda> at 0x7fa4962879f0>,<function <lambda> at 0x7fa496287a90>,<function <lambda> at 0x7fa496287b30>
11595,2021-04-28 02:00:00,<function <lambda> at 0x7fa4962879f0>,<function <lambda> at 0x7fa496287a90>,<function <lambda> at 0x7fa496287b30>
11596,2021-04-28 03:00:00,<function <lambda> at 0x7fa4962879f0>,<function <lambda> at 0x7fa496287a90>,<function <lambda> at 0x7fa496287b30>
11597,2021-04-28 04:00:00,<function <lambda> at 0x7fa4962879f0>,<function <lambda> at 0x7fa496287a90>,<function <lambda> at 0x7fa496287b30>
11598,2021-04-28 05:00:00,<function <lambda> at 0x7fa4962879f0>,<function <lambda> at 0x7fa496287a90>,<function <lambda> at 0x7fa496287b30>
11599,2021-04-28 06:00:00,<function <lambda> at 0x7fa4962879f0>,<function <lambda> at 0x7fa496287a90>,<function <lambda> at 0x7fa496287b30>
11600,2021-04-28 07:00:00,<function <lambda> at 0x7fa4962879f0>,<function <lambda> at 0x7fa496287a90>,<function <lambda> at 0x7fa496287b30>
11601,2021-04-28 08:00:00,<function <lambda> at 0x7fa4962879f0>,<function <lambda> at 0x7fa496287a90>,<function <lambda> at 0x7fa496287b30>
11602,2021-04-28 09:00:00,<function <lambda> at 0x7fa4962879f0>,<function <lambda> at 0x7fa496287a90>,<function <lambda> at 0x7fa496287b30>
11603,2021-04-28 10:00:00,<function <lambda> at 0x7fa4962879f0>,<function <lambda> at 0x7fa496287a90>,<function <lambda> at 0x7fa496287b30>
11604,2021-04-28 11:00:00,<function <lambda> at 0x7fa4962879f0>,<function <lambda> at 0x7fa496287a90>,<function <lambda> at 0x7fa496287b30>
11605,2021-04-28 12:00:00,<function <lambda> at 0x7fa4962879f0>,<function <lambda> at 0x7fa496287a90>,<function <lambda> at 0x7fa496287b30>
11606,2021-04-28 13:00:00,<function <lambda> at 0x7fa4962879f0>,<function <lambda> at 0x7fa496287a90>,<function <lambda> at 0x7fa496287b30>
11607,2021-04-28 14:00:00,<function <lambda> at 0x7fa4962879f0>,<function <lambda> at 0x7fa496287a90>,<function <lambda> at 0x7fa496287b30>
11608,2021-04-28 15:00:00,<function <lambda> at 0x7fa4962879f0>,<function <lambda> at 0x7fa496287a90>,<function <lambda> at 0x7fa496287b30>
11609,2021-04-28 16:00:00,<function <lambda> at 0x7fa4962879f0>,<function <lambda> at 0x7fa496287a90>,<function <lambda> at 0x7fa496287b30>
11610,2021-04-28 17:00:00,<function <lambda> at 0x7fa4962879f0>,<function <lambda> at 0x7fa496287a90>,<function <lambda> at 0x7fa496287b30>
11611,2021-04-28 18:00:00,<function <lambda> at 0x7fa4962879f0>,<function <lambda> at 0x7fa496287a90>,<function <lambda> at 0x7fa496287b30>
11612,2021-04-28 19:00:00,<function <lambda> at 0x7fa4962879f0>,<function <lambda> at 0x7fa496287a90>,<function <lambda> at 0x7fa496287b30>
11613,2021-04-28 20:00:00,<function <lambda> at 0x7fa4962879f0>,<function <lambda> at 0x7fa496287a90>,<function <lambda> at 0x7fa496287b30>
11614,2021-04-28 21:00:00,<function <lambda> at 0x7fa4962879f0>,<function <lambda> at 0x7fa496287a90>,<function <lambda> at 0x7fa496287b30>
11615,2021-04-28 22:00:00,<function <lambda> at 0x7fa4962879f0>,<function <lambda> at 0x7fa496287a90>,<function <lambda> at 0x7fa496287b30>
11616,2021-04-28 23:00:00,<function <lambda> at 0x7fa4962879f0>,<function <lambda> at 0x7fa496287a90>,<function <lambda> at 0x7fa496287b30>
11617,2021-04-29 00:00:00,<function <lambda> at 0x7fa4962879f0>,<function <lambda> at 0x7fa496287a90>,<function <lambda> at 0x7fa496287b30>
11618,2021-04-29 01:00:00,<function <lambda> at 0x7fa4962879f0>,<function <lambda> at 0x7fa496287a90>,<function <lambda> at 0x7fa496287b30>
11619,2021-04-29 02:00:00,<function <lambda> at 0x7fa4962879f0>,<function <lambda> at 0x7fa496287a90>,<function <lambda> at 0x7fa496287b30>
11620,2021-04-29 03:00:00,<function <lambda> at 0x7fa4962879f0>,<function <lambda> at 0x7fa496287a90>,<function <lambda> at 0x7fa496287b30>
11621,2021-04-29 04:00:00,<function <lambda> at 0x7fa4962879f0>,<function <lambda> at 0x7fa496287a90>,<function <lambda> at 0x7fa496287b30>
11622,2021-04-29 05:00:00,<function <lambda> at 0x7fa4962879f0>,<function <lambda> at 0x7fa496287a90>,<function <lambda> at 0x7fa496287b30>
11623,2021-04-29 06:00:00,<function <lambda> at 0x7fa4962879f0>,<function <lambda> at 0x7fa496287a90>,<function <lambda> at 0x7fa496287b30>
11624,2021-04-29 07:00:00,<function <lambda> at 0x7fa4962879f0>,<function <lambda> at 0x7fa496287a90>,<function <lambda> at 0x7fa496287b30>
11625,2021-04-29 08:00:00,<function <lambda> at 0x7fa4962879f0>,<function <lambda> at 0x7fa496287a90>,<function <lambda> at 0x7fa496287b30>
11626,2021-04-29 09:00:00,<function <lambda> at 0x7fa4962879f0>,<function <lambda> at 0x7fa496287a90>,<function <lambda> at 0x7fa496287b30>
11627,2021-04-29 10:00:00,<function <lambda> at 0x7fa4962879f0>,<function <lambda> at 0x7fa496287a90>,<function <lambda> at 0x7fa496287b30>
11628,2021-04-29 11:00:00,<function <lambda> at 0x7fa4962879f0>,<function <lambda> at 0x7fa496287a90>,<function <lambda> at 0x7fa496287b30>
11629,2021-04-29 12:00:00,<function <lambda> at 0x7fa4962879f0>,<function <lambda> at 0x7fa496287a90>,<function <lambda> at 0x7fa496287b30>
11630,2021-04-29 13:00:00,<function <lambda> at 0x7fa4962879f0>,<function <lambda> at 0x7fa496287a90>,<function <lambda> at 0x7fa496287b30>
11631,2021-04-29 14:00:00,<function <lambda> at 0x7fa4962879f0>,<function <lambda> at 0x7fa496287a90>,<function <lambda> at 0x7fa496287b30>
11632,2021-04-29 15:00:00,<function <lambda> at 0x7fa4962879f0>,<function <lambda> at 0x7fa496287a90>,<function <lambda> at 0x7fa496287b30>
11633,2021-04-29 16:00:00,<function <lambda> at 0x7fa4962879f0>,<function <lambda> at 0x7fa496287a90>,<function <lambda> at 0x7fa496287b30>
11634,2021-04-29 17:00:00,<function <lambda> at 0x7fa4962879f0>,<function <lambda> at 0x7fa496287a90>,<function <lambda> at 0x7fa496287b30>
11635,2021-04-29 18:00:00,<function <lambda> at 0x7fa4962879f0>,<function <lambda> at 0x7fa496287a90>,<function <lambda> at 0x7fa496287b30>
11636,2021-04-29 19:00:00,<function <lambda> at 0x7fa4962879f0>,<function <lambda> at 0x7fa496287a90>,<function <lambda> at 0x7fa496287b30>
11637,2021-04-29 20:00:00,<function <lambda> at 0x7fa4962879f0>,<function <lambda> at 0x7fa496287a90>,<function <lambda> at 0x7fa496287b30>
11638,2021-04-29 21:00:00,<function <lambda> at 0x7fa4962879f0>,<function <lambda> at 0x7fa496287a90>,<function <lambda> at 0x7fa496287b30>
11639,2021-04-29 22:00:00,<function <lambda> at 0x7fa4962879f0>,<function <lambda> at 0x7fa496287a90>,<function <lambda> at 0x7fa496287b30>
11640,2021-04-29 23:00:00,<function <lambda> at 0x7fa4962879f0>,<function <lambda> at 0x7fa496287a90>,<function <lambda> at 0x7fa496287b30>
11641,2021-04-30 00:00:00,<function <lambda> at 0x7fa4962879f0>,<function <lambda> at 0x7fa496287a90>,<function <lambda> at 0x7fa496287b30>
11642,2021-04-30 01:00:00,<function <lambda> at 0x7fa4962879f0>,<function <lambda> at 0x7fa496287a90>,<function <lambda> at 0x7fa496287b30>
11643,2021-04-30 02:00:00,<function <lambda> at 0x7fa4962879f0>,<function <lambda> at 0x7fa496287a90>,<function <lambda> at 0x7fa496287b30>
11644,2021-04-30 03:00:00,<function <lambda> at 0x7fa4962879f0>,<function <lambda> at 0x7fa496287a90>,<function <lambda> at 0x7fa496287b30>
11645,2021-04-30 04:00:00,<function <lambda> at 0x7fa4962879f0>,<function <lambda> at 0x7fa496287a90>,<function <lambda> at 0x7fa496287b30>
11646,2021-04-30 05:00:00,<function <lambda> at 0x7fa4962879f0>,<function <lambda> at 0x7fa496287a90>,<function <lambda> at 0x7fa496287b30>
11647,2021-04-30 06:00:00,<function <lambda> at 0x7fa4962879f0>,<function <lambda> at 0x7fa496287a90>,<function <lambda> at 0x7fa496287b30>
11648,2021-04-30 07:00:00,<function <lambda> at 0x7fa4962879f0>,<function <lambda> at 0x7fa496287a90>,<function <lambda> at 0x7fa496287b30>
11649,2021-04-30 08:00:00,<function <lambda> at 0x7fa4962879f0>,<function <lambda> at 0x7fa496287a90>,<function <lambda> at 0x7fa496287b30>
11650,2021-04-30 09:00:00,<function <lambda> at 0x7fa4962879f0>,<function <lambda> at 0x7fa496287a90>,<function <lambda> at 0x7fa496287b30>
11651,2021-04-30 10:00:00,<function <lambda> at 0x7fa4962879f0>,<function <lambda> at 0x7fa496287a90>,<function <lambda> at 0x7fa496287b30>
11652,2021-04-30 11:00:00,<function <lambda> at 0x7fa4962879f0>,<function <lambda> at 0x7fa496287a90>,<function <lambda> at 0x7fa496287b30>
11653,2021-04-30 12:00:00,<function <lambda> at 0x7fa4962879f0>,<function <lambda> at 0x7fa496287a90>,<function <lambda> at 0x7fa496287b30>
11654,2021-04-30 13:00:00,<function <lambda> at 0x7fa4962879f0>,<function <lambda> at 0x7fa496287a90>,<function <lambda> at 0x7fa496287b30>
11655,2021-04-30 14:00:00,<function <lambda> at 0x7fa4962879f0>,<function <lambda> at 0x7fa496287a90>,<function <lambda> at 0x7fa496287b30>
11656,2021-04-30 15:00:00,<function <lambda> at 0x7fa4962879f0>,<function <lambda> at 0x7fa496287a90>,<function <lambda> at 0x7fa496287b30>
11657,2021-04-30 16:00:00,<function <lambda> at 0x7fa4962879f0>,<function <lambda> at 0x7fa496287a90>,<function <lambda> at 0x7fa496287b30>
11658,2021-04-30 17:00:00,<function <lambda> at 0x7fa4962879f0>,<function <lambda> at 0x7fa496287a90>,<function <lambda> at 0x7fa496287b30>
11659,2021-04-30 18:00:00,<function <lambda> at 0x7fa4962879f0>,<function <lambda> at 0x7fa496287a90>,<function <lambda> at 0x7fa496287b30>
11660,2021-04-30 19:00:00,<function <lambda> at 0x7fa4962879f0>,<function <lambda> at 0x7fa496287a90>,<function <lambda> at 0x7fa496287b30>
11661,2021-04-30 20:00:00,<function <lambda> at 0x7fa4962879f0>,<function <lambda> at 0x7fa496287a90>,<function <lambda> at 0x7fa496287b30>
11662,2021-04-30 21:00:00,<function <lambda> at 0x7fa4962879f0>,<function <lambda> at 0x7fa496287a90>,<function <lambda> at 0x7fa496287b30>
11663,2021-04-30 22:00:00,<function <lambda> at 0x7fa4962879f0>,<function <lambda> at 0x7fa496287a90>,<function <lambda> at 0x7fa496287b30>
11664,2021-04-30 23:00:00,<function <lambda> at 0x7fa4962879f0>,<function <lambda> at 0x7fa496287a90>,<function <lambda> at 0x7fa496287b30>
11665,2021-05-01 00:00:00,<function <lambda> at 0x7fa4962879f0>,<function <lambda> at 0x7fa496287a90>,<function <lambda> at 0x7fa496287b30>
11666,2021-05-01 01:00:00,<function <lambda> at 0x7fa4962879f0>,<function <lambda> at 0x7fa496287a90>,<function <lambda> at 0x7fa496287b30>
11667,2021-05-01 02:00:00,<function <lambda> at 0x7fa4962879f0>,<function <lambda> at 0x7fa496287a90>,<function <lambda> at 0x7fa496287b30>
11668,2021-05-01 03:00:00,<function <lambda> at 0x7fa4962879f0>,<function <lambda> at 0x7fa496287a90>,<function <lambda> at 0x7fa496287b30>
11669,2021-05-01 04:00:00,<function <lambda> at 0x7fa4962879f0>,<function <lambda> at 0x7fa496287a90>,<function <lambda> at 0x7fa496287b30>
11670,2021-05-01 05:00:00,<function <lambda> at 0x7fa4962879f0>,<function <lambda> at 0x7fa496287a90>,<function <lambda> at 0x7fa496287b30>
11671,2021-05-01 06:00:00,<function <lambda> at 0x7fa4962879f0>,<function <lambda> at 0x7fa496287a90>,<function <lambda> at 0x7fa496287b30>
11672,2021-05-01 07:00:00,<function <lambda> at 0x7fa4962879f0>,<function <lambda> at 0x7fa496287a90>,<function <lambda> at 0x7fa496287b30>
11673,2021-05-01 08:00:00,<function <lambda> at 0x7fa4962879f0>,<function <lambda> at 0x7fa496287a90>,<function <lambda> at 0x7fa496287b30>
11674,2021-05-01 09:00:00,<function <lambda> at 0x7fa4962879f0>,<function <lambda> at 0x7fa496287a90>,<function <lambda> at 0x7fa496287b30>
11675,2021-05-01 10:00:00,<function <lambda> at 0x7fa4962879f0>,<function <lambda> at 0x7fa496287a90>,<function <lambda> at 0x7fa496287b30>
11676,2021-05-01 11:00:00,<function <lambda> at 0x7fa4962879f0>,<function <lambda> at 0x7fa496287a90>,<function <lambda> at 0x7fa496287b30>
11677,2021-05-01 12:00:00,<function <lambda> at 0x7fa4962879f0>,<function <lambda> at 0x7fa496287a90>,<function <lambda> at 0x7fa496287b30>
11678,2021-05-01 13:00:00,<function <lambda> at 0x7fa4962879f0>,<function <lambda> at 0x7fa496287a90>,<function <lambda> at 0x7fa496287b30>
11679,2021-05-01 14:00:00,<function <lambda> at 0x7fa4962879f0>,<function <lambda> at 0x7fa496287a90>,<function <lambda> at 0x7fa496287b30>
11680,2021-05-01 15:00:00,<function <lambda> at 0x7fa4962879f0>,<function <lambda> at 0x7fa496287a90>,<function <lambda> at 0x7fa496287b30>
11681,2021-05-01 16:00:00,<function <lambda> at 0x7fa4962879f0>,<function <lambda> at 0x7fa496287a90>,<function <lambda> at 0x7fa496287b30>
11682,2021-05-01 17:00:00,<function <lambda> at 0x7fa4962879f0>,<function <lambda> at 0x7fa496287a90>,<function <lambda> at 0x7fa496287b30>
11683,2021-05-01 18:00:00,<function <lambda> at 0x7fa4962879f0>,<function <lambda> at 0x7fa496287a90>,<function <lambda> at 0x7fa496287b30>
11684,2021-05-01 19:00:00,<function <lambda> at 0x7fa4962879f0>,<function <lambda> at 0x7fa496287a90>,<function <lambda> at 0x7fa496287b30>
11685,2021-05-01 20:00:00,<function <lambda> at 0x7fa4962879f0>,<function <lambda> at 0x7fa496287a90>,<function <lambda> at 0x7fa496287b30>
11686,2021-05-01 21:00:00,<function <lambda> at 0x7fa4962879f0>,<function <lambda> at 0x7fa496287a90>,<function <lambda> at 0x7fa496287b30>
11687,2021-05-01 22:00:00,<function <lambda> at 0x7fa4962879f0>,<function <lambda> at 0x7fa496287a90>,<function <lambda> at 0x7fa496287b30>
11688,2021-05-01 23:00:00,<function <lambda> at 0x7fa4962879f0>,<function <lambda> at 0x7fa496287a90>,<function <lambda> at 0x7fa496287b30>
11689,2021-05-02 00:00:00,<function <lambda> at 0x7fa4962879f0>,<function <lambda> at 0x7fa496287a90>,<function <lambda> at 0x7fa496287b30>
11690,2021-05-02 01:00:00,<function <lambda> at 0x7fa4962879f0>,<function <lambda> at 0x7fa496287a90>,<function <lambda> at 0x7fa496287b30>
11691,2021-05-02 02:00:00,<function <lambda> at 0x7fa4962879f0>,<function <lambda> at 0x7fa496287a90>,<function <lambda> at 0x7fa496287b30>
11692,2021-05-02 03:00:00,<function <lambda> at 0x7fa4962879f0>,<function <lambda> at 0x7fa496287a90>,<function <lambda> at 0x7fa496287b30>
11693,2021-05-02 04:00:00,<function <lambda> at 0x7fa4962879f0>,<function <lambda> at 0x7fa496287a90>,<function <lambda> at 0x7fa496287b30>
11694,2021-05-02 05:00:00,<function <lambda> at 0x7fa4962879f0>,<function <lambda> at 0x7fa496287a90>,<function <lambda> at 0x7fa496287b30>
11695,2021-05-02 06:00:00,<function <lambda> at 0x7fa4962879f0>,<function <lambda> at 0x7fa496287a90>,<function <lambda> at 0x7fa496287b30>
11696,2021-05-02 07:00:00,<function <lambda> at 0x7fa4962879f0>,<function <lambda> at 0x7fa496287a90>,<function <lambda> at 0x7fa496287b30>
11697,2021-05-02 08:00:00,<function <lambda> at 0x7fa4962879f0>,<function <lambda> at 0x7fa496287a90>,<function <lambda> at 0x7fa496287b30>
11698,2021-05-02 09:00:00,<function <lambda> at 0x7fa4962879f0>,<function <lambda> at 0x7fa496287a90>,<function <lambda> at 0x7fa496287b30>
11699,2021-05-02 10:00:00,<function <lambda> at 0x7fa4962879f0>,<function <lambda> at 0x7fa496287a90>,<function <lambda> at 0x7fa496287b30>
11700,2021-05-02 11:00:00,<function <lambda> at 0x7fa4962879f0>,<function <lambda> at 0x7fa496287a90>,<function <lambda> at 0x7fa496287b30>
11701,2021-05-02 12:00:00,<function <lambda> at 0x7fa4962879f0>,<function <lambda> at 0x7fa496287a90>,<function <lambda> at 0x7fa496287b30>
11702,2021-05-02 13:00:00,<function <lambda> at 0x7fa4962879f0>,<function <lambda> at 0x7fa496287a90>,<function <lambda> at 0x7fa496287b30>
11703,2021-05-02 14:00:00,<function <lambda> at 0x7fa4962879f0>,<function <lambda> at 0x7fa496287a90>,<function <lambda> at 0x7fa496287b30>
11704,2021-05-02 15:00:00,<function <lambda> at 0x7fa4962879f0>,<function <lambda> at 0x7fa496287a90>,<function <lambda> at 0x7fa496287b30>
11705,2021-05-02 16:00:00,<function <lambda> at 0x7fa4962879f0>,<function <lambda> at 0x7fa496287a90>,<function <lambda> at 0x7fa496287b30>
11706,2021-05-02 17:00:00,<function <lambda> at 0x7fa4962879f0>,<function <lambda> at 0x7fa496287a90>,<function <lambda> at 0x7fa496287b30>
11707,2021-05-02 18:00:00,<function <lambda> at 0x7fa4962879f0>,<function <lambda> at 0x7fa496287a90>,<function <lambda> at 0x7fa496287b30>
11708,2021-05-02 19:00:00,<function <lambda> at 0x7fa4962879f0>,<function <lambda> at 0x7fa496287a90>,<function <lambda> at 0x7fa496287b30>
11709,2021-05-02 20:00:00,<function <lambda> at 0x7fa4962879f0>,<function <lambda> at 0x7fa496287a90>,<function <lambda> at 0x7fa496287b30>
11710,2021-05-02 21:00:00,<function <lambda> at 0x7fa4962879f0>,<function <lambda> at 0x7fa496287a90>,<function <lambda> at 0x7fa496287b30>
11711,2021-05-02 22:00:00,<function <lambda> at 0x7fa4962879f0>,<function <lambda> at 0x7fa496287a90>,<function <lambda> at 0x7fa496287b30>
11712,2021-05-02 23:00:00,<function <lambda> at 0x7fa4962879f0>,<function <lambda> at 0x7fa496287a90>,<function <lambda> at 0x7fa496287b30>
11713,2021-05-03 00:00:00,<function <lambda> at 0x7fa4962879f0>,<function <lambda> at 0x7fa496287a90>,<function <lambda> at 0x7fa496287b30>
11714,2021-05-03 01:00:00,<function <lambda> at 0x7fa4962879f0>,<function <lambda> at 0x7fa496287a90>,<function <lambda> at 0x7fa496287b30>
11715,2021-05-03 02:00:00,<function <lambda> at 0x7fa4962879f0>,<function <lambda> at 0x7fa496287a90>,<function <lambda> at 0x7fa496287b30>
11716,2021-05-03 03:00:00,<function <lambda> at 0x7fa4962879f0>,<function <lambda> at 0x7fa496287a90>,<function <lambda> at 0x7fa496287b30>
11717,2021-05-03 04:00:00,<function <lambda> at 0x7fa4962879f0>,<function <lambda> at 0x7fa496287a90>,<function <lambda> at 0x7fa496287b30>
11718,2021-05-03 05:00:00,<function <lambda> at 0x7fa4962879f0>,<function <lambda> at 0x7fa496287a90>,<function <lambda> at 0x7fa496287b30>
11719,2021-05-03 06:00:00,<function <lambda> at 0x7fa4962879f0>,<function <lambda> at 0x7fa496287a90>,<function <lambda> at 0x7fa496287b30>
11720,2021-05-03 07:00:00,<function <lambda> at 0x7fa4962879f0>,<function <lambda> at 0x7fa496287a90>,<function <lambda> at 0x7fa496287b30>
11721,2021-05-03 08:00:00,<function <lambda> at 0x7fa4962879f0>,<function <lambda> at 0x7fa496287a90>,<function <lambda> at 0x7fa496287b30>
11722,2021-05-03 09:00:00,<function <lambda> at 0x7fa4962879f0>,<function <lambda> at 0x7fa496287a90>,<function <lambda> at 0x7fa496287b30>
11723,2021-05-03 10:00:00,<function <lambda> at 0x7fa4962879f0>,<function <lambda> at 0x7fa496287a90>,<function <lambda> at 0x7fa496287b30>
11724,2021-05-03 11:00:00,<function <lambda> at 0x7fa4962879f0>,<function <lambda> at 0x7fa496287a90>,<function <lambda> at 0x7fa496287b30>
11725,2021-05-03 12:00:00,<function <lambda> at 0x7fa4962879f0>,<function <lambda> at 0x7fa496287a90>,<function <lambda> at 0x7fa496287b30>
11726,2021-05-03 13:00:00,<function <lambda> at 0x7fa4962879f0>,<function <lambda> at 0x7fa496287a90>,<function <lambda> at 0x7fa496287b30>
11727,2021-05-03 14:00:00,<function <lambda> at 0x7fa4962879f0>,<function <lambda> at 0x7fa496287a90>,<function <lambda> at 0x7fa496287b30>
11728,2021-05-03 15:00:00,<function <lambda> at 0x7fa4962879f0>,<function <lambda> at 0x7fa496287a90>,<function <lambda> at 0x7fa496287b30>
11729,2021-05-03 16:00:00,<function <lambda> at 0x7fa4962879f0>,<function <lambda> at 0x7fa496287a90>,<function <lambda> at 0x7fa496287b30>
11730,2021-05-03 17:00:00,<function <lambda> at 0x7fa4962879f0>,<function <lambda> at 0x7fa496287a90>,<function <lambda> at 0x7fa496287b30>
11731,2021-05-03 18:00:00,<function <lambda> at 0x7fa4962879f0>,<function <lambda> at 0x7fa496287a90>,<function <lambda> at 0x7fa496287b30>
11732,2021-05-03 19:00:00,<function <lambda> at 0x7fa4962879f0>,<function <lambda> at 0x7fa496287a90>,<function <lambda> at 0x7fa496287b30>
11733,2021-05-03 20:00:00,<function <lambda> at 0x7fa4962879f0>,<function <lambda> at 0x7fa496287a90>,<function <lambda> at 0x7fa496287b30>
11734,2021-05-03 21:00:00,<function <lambda> at 0x7fa4962879f0>,<function <lambda> at 0x7fa496287a90>,<function <lambda> at 0x7fa496287b30>
11735,2021-05-03 22:00:00,<function <lambda> at 0x7fa4962879f0>,<function <lambda> at 0x7fa496287a90>,<function <lambda> at 0x7fa496287b30>
11736,2021-05-03 23:00:00,<function <lambda> at 0x7fa4962879f0>,<function <lambda> at 0x7fa496287a90>,<function <lambda> at 0x7fa496287b30>
11737,2021-05-04 00:00:00,<function <lambda> at 0x7fa4962879f0>,<function <lambda> at 0x7fa496287a90>,<function <lambda> at 0x7fa496287b30>
11738,2021-05-04 01:00:00,<function <lambda> at 0x7fa4962879f0>,<function <lambda> at 0x7fa496287a90>,<function <lambda> at 0x7fa496287b30>
11739,2021-05-04 02:00:00,<function <lambda> at 0x7fa4962879f0>,<function <lambda> at 0x7fa496287a90>,<function <lambda> at 0x7fa496287b30>
11740,2021-05-04 03:00:00,<function <lambda> at 0x7fa4962879f0>,<function <lambda> at 0x7fa496287a90>,<function <lambda> at 0x7fa496287b30>
11741,2021-05-04 04:00:00,<function <lambda> at 0x7fa4962879f0>,<function <lambda> at 0x7fa496287a90>,<function <lambda> at 0x7fa496287b30>
11742,2021-05-04 05:00:00,<function <lambda> at 0x7fa4962879f0>,<function <lambda> at 0x7fa496287a90>,<function <lambda> at 0x7fa496287b30>
11743,2021-05-04 06:00:00,<function <lambda> at 0x7fa4962879f0>,<function <lambda> at 0x7fa496287a90>,<function <lambda> at 0x7fa496287b30>
11744,2021-05-04 07:00:00,<function <lambda> at 0x7fa4962879f0>,<function <lambda> at 0x7fa496287a90>,<function <lambda> at 0x7fa496287b30>
11745,2021-05-04 08:00:00,<function <lambda> at 0x7fa4962879f0>,<function <lambda> at 0x7fa496287a90>,<function <lambda> at 0x7fa496287b30>
11746,2021-05-04 09:00:00,<function <lambda> at 0x7fa4962879f0>,<function <lambda> at 0x7fa496287a90>,<function <lambda> at 0x7fa496287b30>
11747,2021-05-04 10:00:00,<function <lambda> at 0x7fa4962879f0>,<function <lambda> at 0x7fa496287a90>,<function <lambda> at 0x7fa496287b30>
11748,2021-05-04 11:00:00,<function <lambda> at 0x7fa4962879f0>,<function <lambda> at 0x7fa496287a90>,<function <lambda> at 0x7fa496287b30>
11749,2021-05-04 12:00:00,<function <lambda> at 0x7fa4962879f0>,<function <lambda> at 0x7fa496287a90>,<function <lambda> at 0x7fa496287b30>
11750,2021-05-04 13:00:00,<function <lambda> at 0x7fa4962879f0>,<function <lambda> at 0x7fa496287a90>,<function <lambda> at 0x7fa496287b30>
11751,2021-05-04 14:00:00,<function <lambda> at 0x7fa4962879f0>,<function <lambda> at 0x7fa496287a90>,<function <lambda> at 0x7fa496287b30>
11752,2021-05-04 15:00:00,<function <lambda> at 0x7fa4962879f0>,<function <lambda> at 0x7fa496287a90>,<function <lambda> at 0x7fa496287b30>
11753,2021-05-04 16:00:00,<function <lambda> at 0x7fa4962879f0>,<function <lambda> at 0x7fa496287a90>,<function <lambda> at 0x7fa496287b30>
11754,2021-05-04 17:00:00,<function <lambda> at 0x7fa4962879f0>,<function <lambda> at 0x7fa496287a90>,<function <lambda> at 0x7fa496287b30>
11755,2021-05-04 18:00:00,<function <lambda> at 0x7fa4962879f0>,<function <lambda> at 0x7fa496287a90>,<function <lambda> at 0x7fa496287b30>
11756,2021-05-04 19:00:00,<function <lambda> at 0x7fa4962879f0>,<function <lambda> at 0x7fa496287a90>,<function <lambda> at 0x7fa496287b30>
11757,2021-05-04 20:00:00,<function <lambda> at 0x7fa4962879f0>,<function <lambda> at 0x7fa496287a90>,<function <lambda> at 0x7fa496287b30>
11758,2021-05-04 21:00:00,<function <lambda> at 0x7fa4962879f0>,<function <lambda> at 0x7fa496287a90>,<function <lambda> at 0x7fa496287b30>
11759,2021-05-04 22:00:00,<function <lambda> at 0x7fa4962879f0>,<function <lambda> at 0x7fa496287a90>,<function <lambda> at 0x7fa496287b30>
11760,2021-05-04 23:00:00,<function <lambda> at 0x7fa4962879f0>,<function <lambda> at 0x7fa496287a90>,<function <lambda> at 0x7fa496287b30>
11761,2021-05-05 00:00:00,<function <lambda> at 0x7fa4962879f0>,<function <lambda> at 0x7fa496287a90>,<function <lambda> at 0x7fa496287b30>
11762,2021-05-05 01:00:00,<function <lambda> at 0x7fa4962879f0>,<function <lambda> at 0x7fa496287a90>,<function <lambda> at 0x7fa496287b30>
11763,2021-05-05 02:00:00,<function <lambda> at 0x7fa4962879f0>,<function <lambda> at 0x7fa496287a90>,<function <lambda> at 0x7fa496287b30>
11764,2021-05-05 03:00:00,<function <lambda> at 0x7fa4962879f0>,<function <lambda> at 0x7fa496287a90>,<function <lambda> at 0x7fa496287b30>
11765,2021-05-05 04:00:00,<function <lambda> at 0x7fa4962879f0>,<function <lambda> at 0x7fa496287a90>,<function <lambda> at 0x7fa496287b30>
11766,2021-05-05 05:00:00,<function <lambda> at 0x7fa4962879f0>,<function <lambda> at 0x7fa496287a90>,<function <lambda> at 0x7fa496287b30>
11767,2021-05-05 06:00:00,<function <lambda> at 0x7fa4962879f0>,<function <lambda> at 0x7fa496287a90>,<function <lambda> at 0x7fa496287b30>
11768,2021-05-05 07:00:00,<function <lambda> at 0x7fa4962879f0>,<function <lambda> at 0x7fa496287a90>,<function <lambda> at 0x7fa496287b30>
11769,2021-05-05 08:00:00,<function <lambda> at 0x7fa4962879f0>,<function <lambda> at 0x7fa496287a90>,<function <lambda> at 0x7fa496287b30>
11770,2021-05-05 09:00:00,<function <lambda> at 0x7fa4962879f0>,<function <lambda> at 0x7fa496287a90>,<function <lambda> at 0x7fa496287b30>
11771,2021-05-05 10:00:00,<function <lambda> at 0x7fa4962879f0>,<function <lambda> at 0x7fa496287a90>,<function <lambda> at 0x7fa496287b30>
11772,2021-05-05 11:00:00,<function <lambda> at 0x7fa4962879f0>,<function <lambda> at 0x7fa496287a90>,<function <lambda> at 0x7fa496287b30>
11773,2021-05-05 12:00:00,<function <lambda> at 0x7fa4962879f0>,<function <lambda> at 0x7fa496287a90>,<function <lambda> at 0x7fa496287b30>
11774,2021-05-05 13:00:00,<function <lambda> at 0x7fa4962879f0>,<function <lambda> at 0x7fa496287a90>,<function <lambda> at 0x7fa496287b30>
11775,2021-05-05 14:00:00,<function <lambda> at 0x7fa4962879f0>,<function <lambda> at 0x7fa496287a90>,<function <lambda> at 0x7fa496287b30>
11776,2021-05-05 15:00:00,<function <lambda> at 0x7fa4962879f0>,<function <lambda> at 0x7fa496287a90>,<function <lambda> at 0x7fa496287b30>
11777,2021-05-05 16:00:00,<function <lambda> at 0x7fa4962879f0>,<function <lambda> at 0x7fa496287a90>,<function <lambda> at 0x7fa496287b30>
11778,2021-05-05 17:00:00,<function <lambda> at 0x7fa4962879f0>,<function <lambda> at 0x7fa496287a90>,<function <lambda> at 0x7fa496287b30>
11779,2021-05-05 18:00:00,<function <lambda> at 0x7fa4962879f0>,<function <lambda> at 0x7fa496287a90>,<function <lambda> at 0x7fa496287b30>
11780,2021-05-05 19:00:00,<function <lambda> at 0x7fa4962879f0>,<function <lambda> at 0x7fa496287a90>,<function <lambda> at 0x7fa496287b30>
11781,2021-05-05 20:00:00,<function <lambda> at 0x7fa4962879f0>,<function <lambda> at 0x7fa496287a90>,<function <lambda> at 0x7fa496287b30>
11782,2021-05-05 21:00:00,<function <lambda> at 0x7fa4962879f0>,<function <lambda> at 0x7fa496287a90>,<function <lambda> at 0x7fa496287b30>
11783,2021-05-05 22:00:00,<function <lambda> at 0x7fa4962879f0>,<function <lambda> at 0x7fa496287a90>,<function <lambda> at 0x7fa496287b30>
11784,2021-05-05 23:00:00,<function <lambda> at 0x7fa4962879f0>,<function <lambda> at 0x7fa496287a90>,<function <lambda> at 0x7fa496287b30>
11785,2021-05-06 00:00:00,<function <lambda> at 0x7fa4962879f0>,<function <lambda> at 0x7fa496287a90>,<function <lambda> at 0x7fa496287b30>
11786,2021-05-06 01:00:00,<function <lambda> at 0x7fa4962879f0>,<function <lambda> at 0x7fa496287a90>,<function <lambda> at 0x7fa496287b30>
11787,2021-05-06 02:00:00,<function <lambda> at 0x7fa4962879f0>,<function <lambda> at 0x7fa496287a90>,<function <lambda> at 0x7fa496287b30>
11788,2021-05-06 03:00:00,<function <lambda> at 0x7fa4962879f0>,<function <lambda> at 0x7fa496287a90>,<function <lambda> at 0x7fa496287b30>
11789,2021-05-06 04:00:00,<function <lambda> at 0x7fa4962879f0>,<function <lambda> at 0x7fa496287a90>,<function <lambda> at 0x7fa496287b30>
11790,2021-05-06 05:00:00,<function <lambda> at 0x7fa4962879f0>,<function <lambda> at 0x7fa496287a90>,<function <lambda> at 0x7fa496287b30>
11791,2021-05-06 06:00:00,<function <lambda> at 0x7fa4962879f0>,<function <lambda> at 0x7fa496287a90>,<function <lambda> at 0x7fa496287b30>
11792,2021-05-06 07:00:00,<function <lambda> at 0x7fa4962879f0>,<function <lambda> at 0x7fa496287a90>,<function <lambda> at 0x7fa496287b30>
11793,2021-05-06 08:00:00,<function <lambda> at 0x7fa4962879f0>,<function <lambda> at 0x7fa496287a90>,<function <lambda> at 0x7fa496287b30>
11794,2021-05-06 09:00:00,<function <lambda> at 0x7fa4962879f0>,<function <lambda> at 0x7fa496287a90>,<function <lambda> at 0x7fa496287b30>
11795,2021-05-06 10:00:00,<function <lambda> at 0x7fa4962879f0>,<function <lambda> at 0x7fa496287a90>,<function <lambda> at 0x7fa496287b30>
11796,2021-05-06 11:00:00,<function <lambda> at 0x7fa4962879f0>,<function <lambda> at 0x7fa496287a90>,<function <lambda> at 0x7fa496287b30>
11797,2021-05-06 12:00:00,<function <lambda> at 0x7fa4962879f0>,<function <lambda> at 0x7fa496287a90>,<function <lambda> at 0x7fa496287b30>
11798,2021-05-06 13:00:00,<function <lambda> at 0x7fa4962879f0>,<function <lambda> at 0x7fa496287a90>,<function <lambda> at 0x7fa496287b30>
11799,2021-05-06 14:00:00,<function <lambda> at 0x7fa4962879f0>,<function <lambda> at 0x7fa496287a90>,<function <lambda> at 0x7fa496287b30>
11800,2021-05-06 15:00:00,<function <lambda> at 0x7fa4962879f0>,<function <lambda> at 0x7fa496287a90>,<function <lambda> at 0x7fa496287b30>
11801,2021-05-06 16:00:00,<function <lambda> at 0x7fa4962879f0>,<function <lambda> at 0x7fa496287a90>,<function <lambda> at 0x7fa496287b30>
11802,2021-05-06 17:00:00,<function <lambda> at 0x7fa4962879f0>,<function <lambda> at 0x7fa496287a90>,<function <lambda> at 0x7fa496287b30>
11803,2021-05-06 18:00:00,<function <lambda> at 0x7fa4962879f0>,<function <lambda> at 0x7fa496287a90>,<function <lambda> at 0x7fa496287b30>
11804,2021-05-06 19:00:00,<function <lambda> at 0x7fa4962879f0>,<function <lambda> at 0x7fa496287a90>,<function <lambda> at 0x7fa496287b30>
11805,2021-05-06 20:00:00,<function <lambda> at 0x7fa4962879f0>,<function <lambda> at 0x7fa496287a90>,<function <lambda> at 0x7fa496287b30>
11806,2021-05-06 21:00:00,<function <lambda> at 0x7fa4962879f0>,<function <lambda> at 0x7fa496287a90>,<function <lambda> at 0x7fa496287b30>
11807,2021-05-06 22:00:00,<function <lambda> at 0x7fa4962879f0>,<function <lambda> at 0x7fa496287a90>,<function <lambda> at 0x7fa496287b30>
11808,2021-05-06 23:00:00,<function <lambda> at 0x7fa4962879f0>,<function <lambda> at 0x7fa496287a90>,<function <lambda> at 0x7fa496287b30>
11809,2021-05-07 00:00:00,<function <lambda> at 0x7fa4962879f0>,<function <lambda> at 0x7fa496287a90>,<function <lambda> at 0x7fa496287b30>
11810,2021-05-07 01:00:00,<function <lambda> at 0x7fa4962879f0>,<function <lambda> at 0x7fa496287a90>,<function <lambda> at 0x7fa496287b30>
11811,2021-05-07 02:00:00,<function <lambda> at 0x7fa4962879f0>,<function <lambda> at 0x7fa496287a90>,<function <lambda> at 0x7fa496287b30>
11812,2021-05-07 03:00:00,<function <lambda> at 0x7fa4962879f0>,<function <lambda> at 0x7fa496287a90>,<function <lambda> at 0x7fa496287b30>
11813,2021-05-07 04:00:00,<function <lambda> at 0x7fa4962879f0>,<function <lambda> at 0x7fa496287a90>,<function <lambda> at 0x7fa496287b30>
11814,2021-05-07 05:00:00,<function <lambda> at 0x7fa4962879f0>,<function <lambda> at 0x7fa496287a90>,<function <lambda> at 0x7fa496287b30>
11815,2021-05-07 06:00:00,<function <lambda> at 0x7fa4962879f0>,<function <lambda> at 0x7fa496287a90>,<function <lambda> at 0x7fa496287b30>
11816,2021-05-07 07:00:00,<function <lambda> at 0x7fa4962879f0>,<function <lambda> at 0x7fa496287a90>,<function <lambda> at 0x7fa496287b30>
11817,2021-05-07 08:00:00,<function <lambda> at 0x7fa4962879f0>,<function <lambda> at 0x7fa496287a90>,<function <lambda> at 0x7fa496287b30>
11818,2021-05-07 09:00:00,<function <lambda> at 0x7fa4962879f0>,<function <lambda> at 0x7fa496287a90>,<function <lambda> at 0x7fa496287b30>
11819,2021-05-07 10:00:00,<function <lambda> at 0x7fa4962879f0>,<function <lambda> at 0x7fa496287a90>,<function <lambda> at 0x7fa496287b30>
11820,2021-05-07 11:00:00,<function <lambda> at 0x7fa4962879f0>,<function <lambda> at 0x7fa496287a90>,<function <lambda> at 0x7fa496287b30>
11821,2021-05-07 12:00:00,<function <lambda> at 0x7fa4962879f0>,<function <lambda> at 0x7fa496287a90>,<function <lambda> at 0x7fa496287b30>
11822,2021-05-07 13:00:00,<function <lambda> at 0x7fa4962879f0>,<function <lambda> at 0x7fa496287a90>,<function <lambda> at 0x7fa496287b30>
11823,2021-05-07 14:00:00,<function <lambda> at 0x7fa4962879f0>,<function <lambda> at 0x7fa496287a90>,<function <lambda> at 0x7fa496287b30>
11824,2021-05-07 15:00:00,<function <lambda> at 0x7fa4962879f0>,<function <lambda> at 0x7fa496287a90>,<function <lambda> at 0x7fa496287b30>
11825,2021-05-07 16:00:00,<function <lambda> at 0x7fa4962879f0>,<function <lambda> at 0x7fa496287a90>,<function <lambda> at 0x7fa496287b30>
11826,2021-05-07 17:00:00,<function <lambda> at 0x7fa4962879f0>,<function <lambda> at 0x7fa496287a90>,<function <lambda> at 0x7fa496287b30>
11827,2021-05-07 18:00:00,<function <lambda> at 0x7fa4962879f0>,<function <lambda> at 0x7fa496287a90>,<function <lambda> at 0x7fa496287b30>
11828,2021-05-07 19:00:00,<function <lambda> at 0x7fa4962879f0>,<function <lambda> at 0x7fa496287a90>,<function <lambda> at 0x7fa496287b30>
11829,2021-05-07 20:00:00,<function <lambda> at 0x7fa4962879f0>,<function <lambda> at 0x7fa496287a90>,<function <lambda> at 0x7fa496287b30>
11830,2021-05-07 21:00:00,<function <lambda> at 0x7fa4962879f0>,<function <lambda> at 0x7fa496287a90>,<function <lambda> at 0x7fa496287b30>
11831,2021-05-07 22:00:00,<function <lambda> at 0x7fa4962879f0>,<function <lambda> at 0x7fa496287a90>,<function <lambda> at 0x7fa496287b30>
11832,2021-05-07 23:00:00,<function <lambda> at 0x7fa4962879f0>,<function <lambda> at 0x7fa496287a90>,<function <lambda> at 0x7fa496287b30>
11833,2021-05-08 00:00:00,<function <lambda> at 0x7fa4962879f0>,<function <lambda> at 0x7fa496287a90>,<function <lambda> at 0x7fa496287b30>
11834,2021-05-08 01:00:00,<function <lambda> at 0x7fa4962879f0>,<function <lambda> at 0x7fa496287a90>,<function <lambda> at 0x7fa496287b30>
11835,2021-05-08 02:00:00,<function <lambda> at 0x7fa4962879f0>,<function <lambda> at 0x7fa496287a90>,<function <lambda> at 0x7fa496287b30>
11836,2021-05-08 03:00:00,<function <lambda> at 0x7fa4962879f0>,<function <lambda> at 0x7fa496287a90>,<function <lambda> at 0x7fa496287b30>
11837,2021-05-08 04:00:00,<function <lambda> at 0x7fa4962879f0>,<function <lambda> at 0x7fa496287a90>,<function <lambda> at 0x7fa496287b30>
11838,2021-05-08 05:00:00,<function <lambda> at 0x7fa4962879f0>,<function <lambda> at 0x7fa496287a90>,<function <lambda> at 0x7fa496287b30>
11839,2021-05-08 06:00:00,<function <lambda> at 0x7fa4962879f0>,<function <lambda> at 0x7fa496287a90>,<function <lambda> at 0x7fa496287b30>
11840,2021-05-08 07:00:00,<function <lambda> at 0x7fa4962879f0>,<function <lambda> at 0x7fa496287a90>,<function <lambda> at 0x7fa496287b30>
11841,2021-05-08 08:00:00,<function <lambda> at 0x7fa4962879f0>,<function <lambda> at 0x7fa496287a90>,<function <lambda> at 0x7fa496287b30>
11842,2021-05-08 09:00:00,<function <lambda> at 0x7fa4962879f0>,<function <lambda> at 0x7fa496287a90>,<function <lambda> at 0x7fa496287b30>
11843,2021-05-08 10:00:00,<function <lambda> at 0x7fa4962879f0>,<function <lambda> at 0x7fa496287a90>,<function <lambda> at 0x7fa496287b30>
11844,2021-05-08 11:00:00,<function <lambda> at 0x7fa4962879f0>,<function <lambda> at 0x7fa496287a90>,<function <lambda> at 0x7fa496287b30>
11845,2021-05-08 12:00:00,<function <lambda> at 0x7fa4962879f0>,<function <lambda> at 0x7fa496287a90>,<function <lambda> at 0x7fa496287b30>
11846,2021-05-08 13:00:00,<function <lambda> at 0x7fa4962879f0>,<function <lambda> at 0x7fa496287a90>,<function <lambda> at 0x7fa496287b30>
11847,2021-05-08 14:00:00,<function <lambda> at 0x7fa4962879f0>,<function <lambda> at 0x7fa496287a90>,<function <lambda> at 0x7fa496287b30>
11848,2021-05-08 15:00:00,<function <lambda> at 0x7fa4962879f0>,<function <lambda> at 0x7fa496287a90>,<function <lambda> at 0x7fa496287b30>
11849,2021-05-08 16:00:00,<function <lambda> at 0x7fa4962879f0>,<function <lambda> at 0x7fa496287a90>,<function <lambda> at 0x7fa496287b30>
11850,2021-05-08 17:00:00,<function <lambda> at 0x7fa4962879f0>,<function <lambda> at 0x7fa496287a90>,<function <lambda> at 0x7fa496287b30>
11851,2021-05-08 18:00:00,<function <lambda> at 0x7fa4962879f0>,<function <lambda> at 0x7fa496287a90>,<function <lambda> at 0x7fa496287b30>
11852,2021-05-08 19:00:00,<function <lambda> at 0x7fa4962879f0>,<function <lambda> at 0x7fa496287a90>,<function <lambda> at 0x7fa496287b30>
11853,2021-05-08 20:00:00,<function <lambda> at 0x7fa4962879f0>,<function <lambda> at 0x7fa496287a90>,<function <lambda> at 0x7fa496287b30>
11854,2021-05-08 21:00:00,<function <lambda> at 0x7fa4962879f0>,<function <lambda> at 0x7fa496287a90>,<function <lambda> at 0x7fa496287b30>
11855,2021-05-08 22:00:00,<function <lambda> at 0x7fa4962879f0>,<function <lambda> at 0x7fa496287a90>,<function <lambda> at 0x7fa496287b30>
11856,2021-05-08 23:00:00,<function <lambda> at 0x7fa4962879f0>,<function <lambda> at 0x7fa496287a90>,<function <lambda> at 0x7fa496287b30>
11857,2021-05-09 00:00:00,<function <lambda> at 0x7fa4962879f0>,<function <lambda> at 0x7fa496287a90>,<function <lambda> at 0x7fa496287b30>
11858,2021-05-09 01:00:00,<function <lambda> at 0x7fa4962879f0>,<function <lambda> at 0x7fa496287a90>,<function <lambda> at 0x7fa496287b30>
11859,2021-05-09 02:00:00,<function <lambda> at 0x7fa4962879f0>,<function <lambda> at 0x7fa496287a90>,<function <lambda> at 0x7fa496287b30>
11860,2021-05-09 03:00:00,<function <lambda> at 0x7fa4962879f0>,<function <lambda> at 0x7fa496287a90>,<function <lambda> at 0x7fa496287b30>
11861,2021-05-09 04:00:00,<function <lambda> at 0x7fa4962879f0>,<function <lambda> at 0x7fa496287a90>,<function <lambda> at 0x7fa496287b30>
11862,2021-05-09 05:00:00,<function <lambda> at 0x7fa4962879f0>,<function <lambda> at 0x7fa496287a90>,<function <lambda> at 0x7fa496287b30>
11863,2021-05-09 06:00:00,<function <lambda> at 0x7fa4962879f0>,<function <lambda> at 0x7fa496287a90>,<function <lambda> at 0x7fa496287b30>
11864,2021-05-09 07:00:00,<function <lambda> at 0x7fa4962879f0>,<function <lambda> at 0x7fa496287a90>,<function <lambda> at 0x7fa496287b30>
11865,2021-05-09 08:00:00,<function <lambda> at 0x7fa4962879f0>,<function <lambda> at 0x7fa496287a90>,<function <lambda> at 0x7fa496287b30>
11866,2021-05-09 09:00:00,<function <lambda> at 0x7fa4962879f0>,<function <lambda> at 0x7fa496287a90>,<function <lambda> at 0x7fa496287b30>
11867,2021-05-09 10:00:00,<function <lambda> at 0x7fa4962879f0>,<function <lambda> at 0x7fa496287a90>,<function <lambda> at 0x7fa496287b30>
11868,2021-05-09 11:00:00,<function <lambda> at 0x7fa4962879f0>,<function <lambda> at 0x7fa496287a90>,<function <lambda> at 0x7fa496287b30>
11869,2021-05-09 12:00:00,<function <lambda> at 0x7fa4962879f0>,<function <lambda> at 0x7fa496287a90>,<function <lambda> at 0x7fa496287b30>
11870,2021-05-09 13:00:00,<function <lambda> at 0x7fa4962879f0>,<function <lambda> at 0x7fa496287a90>,<function <lambda> at 0x7fa496287b30>
11871,2021-05-09 14:00:00,<function <lambda> at 0x7fa4962879f0>,<function <lambda> at 0x7fa496287a90>,<function <lambda> at 0x7fa496287b30>
11872,2021-05-09 15:00:00,<function <lambda> at 0x7fa4962879f0>,<function <lambda> at 0x7fa496287a90>,<function <lambda> at 0x7fa496287b30>
11873,2021-05-09 16:00:00,<function <lambda> at 0x7fa4962879f0>,<function <lambda> at 0x7fa496287a90>,<function <lambda> at 0x7fa496287b30>
11874,2021-05-09 17:00:00,<function <lambda> at 0x7fa4962879f0>,<function <lambda> at 0x7fa496287a90>,<function <lambda> at 0x7fa496287b30>
11875,2021-05-09 18:00:00,<function <lambda> at 0x7fa4962879f0>,<function <lambda> at 0x7fa496287a90>,<function <lambda> at 0x7fa496287b30>
11876,2021-05-09 19:00:00,<function <lambda> at 0x7fa4962879f0>,<function <lambda> at 0x7fa496287a90>,<function <lambda> at 0x7fa496287b30>
11877,2021-05-09 20:00:00,<function <lambda> at 0x7fa4962879f0>,<function <lambda> at 0x7fa496287a90>,<function <lambda> at 0x7fa496287b30>
11878,2021-05-09 21:00:00,<function <lambda> at 0x7fa4962879f0>,<function <lambda> at 0x7fa496287a90>,<function <lambda> at 0x7fa496287b30>
11879,2021-05-09 22:00:00,<function <lambda> at 0x7fa4962879f0>,<function <lambda> at 0x7fa496287a90>,<function <lambda> at 0x7fa496287b30>
11880,2021-05-09 23:00:00,<function <lambda> at 0x7fa4962879f0>,<function <lambda> at 0x7fa496287a90>,<function <lambda> at 0x7fa496287b30>
11881,2021-05-10 00:00:00,<function <lambda> at 0x7fa4962879f0>,<function <lambda> at 0x7fa496287a90>,<function <lambda> at 0x7fa496287b30>
11882,2021-05-10 01:00:00,<function <lambda> at 0x7fa4962879f0>,<function <lambda> at 0x7fa496287a90>,<function <lambda> at 0x7fa496287b30>
11883,2021-05-10 02:00:00,<function <lambda> at 0x7fa4962879f0>,<function <lambda> at 0x7fa496287a90>,<function <lambda> at 0x7fa496287b30>
11884,2021-05-10 03:00:00,<function <lambda> at 0x7fa4962879f0>,<function <lambda> at 0x7fa496287a90>,<function <lambda> at 0x7fa496287b30>
11885,2021-05-10 04:00:00,<function <lambda> at 0x7fa4962879f0>,<function <lambda> at 0x7fa496287a90>,<function <lambda> at 0x7fa496287b30>
11886,2021-05-10 05:00:00,<function <lambda> at 0x7fa4962879f0>,<function <lambda> at 0x7fa496287a90>,<function <lambda> at 0x7fa496287b30>
11887,2021-05-10 06:00:00,<function <lambda> at 0x7fa4962879f0>,<function <lambda> at 0x7fa496287a90>,<function <lambda> at 0x7fa496287b30>
11888,2021-05-10 07:00:00,<function <lambda> at 0x7fa4962879f0>,<function <lambda> at 0x7fa496287a90>,<function <lambda> at 0x7fa496287b30>
11889,2021-05-10 08:00:00,<function <lambda> at 0x7fa4962879f0>,<function <lambda> at 0x7fa496287a90>,<function <lambda> at 0x7fa496287b30>
11890,2021-05-10 09:00:00,<function <lambda> at 0x7fa4962879f0>,<function <lambda> at 0x7fa496287a90>,<function <lambda> at 0x7fa496287b30>
11891,2021-05-10 10:00:00,<function <lambda> at 0x7fa4962879f0>,<function <lambda> at 0x7fa496287a90>,<function <lambda> at 0x7fa496287b30>
11892,2021-05-10 11:00:00,<function <lambda> at 0x7fa4962879f0>,<function <lambda> at 0x7fa496287a90>,<function <lambda> at 0x7fa496287b30>
11893,2021-05-10 12:00:00,<function <lambda> at 0x7fa4962879f0>,<function <lambda> at 0x7fa496287a90>,<function <lambda> at 0x7fa496287b30>
11894,2021-05-10 13:00:00,<function <lambda> at 0x7fa4962879f0>,<function <lambda> at 0x7fa496287a90>,<function <lambda> at 0x7fa496287b30>
11895,2021-05-10 14:00:00,<function <lambda> at 0x7fa4962879f0>,<function <lambda> at 0x7fa496287a90>,<function <lambda> at 0x7fa496287b30>
11896,2021-05-10 15:00:00,<function <lambda> at 0x7fa4962879f0>,<function <lambda> at 0x7fa496287a90>,<function <lambda> at 0x7fa496287b30>
11897,2021-05-10 16:00:00,<function <lambda> at 0x7fa4962879f0>,<function <lambda> at 0x7fa496287a90>,<function <lambda> at 0x7fa496287b30>
11898,2021-05-10 17:00:00,<function <lambda> at 0x7fa4962879f0>,<function <lambda> at 0x7fa496287a90>,<function <lambda> at 0x7fa496287b30>
11899,2021-05-10 18:00:00,<function <lambda> at 0x7fa4962879f0>,<function <lambda> at 0x7fa496287a90>,<function <lambda> at 0x7fa496287b30>
11900,2021-05-10 19:00:00,<function <lambda> at 0x7fa4962879f0>,<function <lambda> at 0x7fa496287a90>,<function <lambda> at 0x7fa496287b30>
11901,2021-05-10 20:00:00,<function <lambda> at 0x7fa4962879f0>,<function <lambda> at 0x7fa496287a90>,<function <lambda> at 0x7fa496287b30>
11902,2021-05-10 21:00:00,<function <lambda> at 0x7fa4962879f0>,<function <lambda> at 0x7fa496287a90>,<function <lambda> at 0x7fa496287b30>
11903,2021-05-10 22:00:00,<function <lambda> at 0x7fa4962879f0>,<function <lambda> at 0x7fa496287a90>,<function <lambda> at 0x7fa496287b30>
11904,2021-05-10 23:00:00,<function <lambda> at 0x7fa4962879f0>,<function <lambda> at 0x7fa496287a90>,<function <lambda> at 0x7fa496287b30>
11905,2021-05-11 00:00:00,<function <lambda> at 0x7fa4962879f0>,<function <lambda> at 0x7fa496287a90>,<function <lambda> at 0x7fa496287b30>
11906,2021-05-11 01:00:00,<function <lambda> at 0x7fa4962879f0>,<function <lambda> at 0x7fa496287a90>,<function <lambda> at 0x7fa496287b30>
11907,2021-05-11 02:00:00,<function <lambda> at 0x7fa4962879f0>,<function <lambda> at 0x7fa496287a90>,<function <lambda> at 0x7fa496287b30>
11908,2021-05-11 03:00:00,<function <lambda> at 0x7fa4962879f0>,<function <lambda> at 0x7fa496287a90>,<function <lambda> at 0x7fa496287b30>
11909,2021-05-11 04:00:00,<function <lambda> at 0x7fa4962879f0>,<function <lambda> at 0x7fa496287a90>,<function <lambda> at 0x7fa496287b30>
11910,2021-05-11 05:00:00,<function <lambda> at 0x7fa4962879f0>,<function <lambda> at 0x7fa496287a90>,<function <lambda> at 0x7fa496287b30>
11911,2021-05-11 06:00:00,<function <lambda> at 0x7fa4962879f0>,<function <lambda> at 0x7fa496287a90>,<function <lambda> at 0x7fa496287b30>
11912,2021-05-11 07:00:00,<function <lambda> at 0x7fa4962879f0>,<function <lambda> at 0x7fa496287a90>,<function <lambda> at 0x7fa496287b30>
11913,2021-05-11 08:00:00,<function <lambda> at 0x7fa4962879f0>,<function <lambda> at 0x7fa496287a90>,<function <lambda> at 0x7fa496287b30>
11914,2021-05-11 09:00:00,<function <lambda> at 0x7fa4962879f0>,<function <lambda> at 0x7fa496287a90>,<function <lambda> at 0x7fa496287b30>
11915,2021-05-11 10:00:00,<function <lambda> at 0x7fa4962879f0>,<function <lambda> at 0x7fa496287a90>,<function <lambda> at 0x7fa496287b30>
11916,2021-05-11 11:00:00,<function <lambda> at 0x7fa4962879f0>,<function <lambda> at 0x7fa496287a90>,<function <lambda> at 0x7fa496287b30>
11917,2021-05-11 12:00:00,<function <lambda> at 0x7fa4962879f0>,<function <lambda> at 0x7fa496287a90>,<function <lambda> at 0x7fa496287b30>
11918,2021-05-11 13:00:00,<function <lambda> at 0x7fa4962879f0>,<function <lambda> at 0x7fa496287a90>,<function <lambda> at 0x7fa496287b30>
11919,2021-05-11 14:00:00,<function <lambda> at 0x7fa4962879f0>,<function <lambda> at 0x7fa496287a90>,<function <lambda> at 0x7fa496287b30>
11920,2021-05-11 15:00:00,<function <lambda> at 0x7fa4962879f0>,<function <lambda> at 0x7fa496287a90>,<function <lambda> at 0x7fa496287b30>
11921,2021-05-11 16:00:00,<function <lambda> at 0x7fa4962879f0>,<function <lambda> at 0x7fa496287a90>,<function <lambda> at 0x7fa496287b30>
11922,2021-05-11 17:00:00,<function <lambda> at 0x7fa4962879f0>,<function <lambda> at 0x7fa496287a90>,<function <lambda> at 0x7fa496287b30>
11923,2021-05-11 18:00:00,<function <lambda> at 0x7fa4962879f0>,<function <lambda> at 0x7fa496287a90>,<function <lambda> at 0x7fa496287b30>
11924,2021-05-11 19:00:00,<function <lambda> at 0x7fa4962879f0>,<function <lambda> at 0x7fa496287a90>,<function <lambda> at 0x7fa496287b30>
11925,2021-05-11 20:00:00,<function <lambda> at 0x7fa4962879f0>,<function <lambda> at 0x7fa496287a90>,<function <lambda> at 0x7fa496287b30>
11926,2021-05-11 21:00:00,<function <lambda> at 0x7fa4962879f0>,<function <lambda> at 0x7fa496287a90>,<function <lambda> at 0x7fa496287b30>
11927,2021-05-11 22:00:00,<function <lambda> at 0x7fa4962879f0>,<function <lambda> at 0x7fa496287a90>,<function <lambda> at 0x7fa496287b30>
11928,2021-05-11 23:00:00,<function <lambda> at 0x7fa4962879f0>,<function <lambda> at 0x7fa496287a90>,<function <lambda> at 0x7fa496287b30>
11929,2021-05-12 00:00:00,<function <lambda> at 0x7fa4962879f0>,<function <lambda> at 0x7fa496287a90>,<function <lambda> at 0x7fa496287b30>
11930,2021-05-12 01:00:00,<function <lambda> at 0x7fa4962879f0>,<function <lambda> at 0x7fa496287a90>,<function <lambda> at 0x7fa496287b30>
11931,2021-05-12 02:00:00,<function <lambda> at 0x7fa4962879f0>,<function <lambda> at 0x7fa496287a90>,<function <lambda> at 0x7fa496287b30>
11932,2021-05-12 03:00:00,<function <lambda> at 0x7fa4962879f0>,<function <lambda> at 0x7fa496287a90>,<function <lambda> at 0x7fa496287b30>
11933,2021-05-12 04:00:00,<function <lambda> at 0x7fa4962879f0>,<function <lambda> at 0x7fa496287a90>,<function <lambda> at 0x7fa496287b30>
11934,2021-05-12 05:00:00,<function <lambda> at 0x7fa4962879f0>,<function <lambda> at 0x7fa496287a90>,<function <lambda> at 0x7fa496287b30>
11935,2021-05-12 06:00:00,<function <lambda> at 0x7fa4962879f0>,<function <lambda> at 0x7fa496287a90>,<function <lambda> at 0x7fa496287b30>
11936,2021-05-12 07:00:00,<function <lambda> at 0x7fa4962879f0>,<function <lambda> at 0x7fa496287a90>,<function <lambda> at 0x7fa496287b30>
11937,2021-05-12 08:00:00,<function <lambda> at 0x7fa4962879f0>,<function <lambda> at 0x7fa496287a90>,<function <lambda> at 0x7fa496287b30>
11938,2021-05-12 09:00:00,<function <lambda> at 0x7fa4962879f0>,<function <lambda> at 0x7fa496287a90>,<function <lambda> at 0x7fa496287b30>
11939,2021-05-12 10:00:00,<function <lambda> at 0x7fa4962879f0>,<function <lambda> at 0x7fa496287a90>,<function <lambda> at 0x7fa496287b30>
11940,2021-05-12 11:00:00,<function <lambda> at 0x7fa4962879f0>,<function <lambda> at 0x7fa496287a90>,<function <lambda> at 0x7fa496287b30>
11941,2021-05-12 12:00:00,<function <lambda> at 0x7fa4962879f0>,<function <lambda> at 0x7fa496287a90>,<function <lambda> at 0x7fa496287b30>
11942,2021-05-12 13:00:00,<function <lambda> at 0x7fa4962879f0>,<function <lambda> at 0x7fa496287a90>,<function <lambda> at 0x7fa496287b30>
11943,2021-05-12 14:00:00,<function <lambda> at 0x7fa4962879f0>,<function <lambda> at 0x7fa496287a90>,<function <lambda> at 0x7fa496287b30>
11944,2021-05-12 15:00:00,<function <lambda> at 0x7fa4962879f0>,<function <lambda> at 0x7fa496287a90>,<function <lambda> at 0x7fa496287b30>
11945,2021-05-12 16:00:00,<function <lambda> at 0x7fa4962879f0>,<function <lambda> at 0x7fa496287a90>,<function <lambda> at 0x7fa496287b30>
11946,2021-05-12 17:00:00,<function <lambda> at 0x7fa4962879f0>,<function <lambda> at 0x7fa496287a90>,<function <lambda> at 0x7fa496287b30>
11947,2021-05-12 18:00:00,<function <lambda> at 0x7fa4962879f0>,<function <lambda> at 0x7fa496287a90>,<function <lambda> at 0x7fa496287b30>
11948,2021-05-12 19:00:00,<function <lambda> at 0x7fa4962879f0>,<function <lambda> at 0x7fa496287a90>,<function <lambda> at 0x7fa496287b30>
11949,2021-05-12 20:00:00,<function <lambda> at 0x7fa4962879f0>,<function <lambda> at 0x7fa496287a90>,<function <lambda> at 0x7fa496287b30>
11950,2021-05-12 21:00:00,<function <lambda> at 0x7fa4962879f0>,<function <lambda> at 0x7fa496287a90>,<function <lambda> at 0x7fa496287b30>
11951,2021-05-12 22:00:00,<function <lambda> at 0x7fa4962879f0>,<function <lambda> at 0x7fa496287a90>,<function <lambda> at 0x7fa496287b30>
11952,2021-05-12 23:00:00,<function <lambda> at 0x7fa4962879f0>,<function <lambda> at 0x7fa496287a90>,<function <lambda> at 0x7fa496287b30>
11953,2021-05-13 00:00:00,<function <lambda> at 0x7fa4962879f0>,<function <lambda> at 0x7fa496287a90>,<function <lambda> at 0x7fa496287b30>
11954,2021-05-13 01:00:00,<function <lambda> at 0x7fa4962879f0>,<function <lambda> at 0x7fa496287a90>,<function <lambda> at 0x7fa496287b30>
11955,2021-05-13 02:00:00,<function <lambda> at 0x7fa4962879f0>,<function <lambda> at 0x7fa496287a90>,<function <lambda> at 0x7fa496287b30>
11956,2021-05-13 03:00:00,<function <lambda> at 0x7fa4962879f0>,<function <lambda> at 0x7fa496287a90>,<function <lambda> at 0x7fa496287b30>
11957,2021-05-13 04:00:00,<function <lambda> at 0x7fa4962879f0>,<function <lambda> at 0x7fa496287a90>,<function <lambda> at 0x7fa496287b30>
11958,2021-05-13 05:00:00,<function <lambda> at 0x7fa4962879f0>,<function <lambda> at 0x7fa496287a90>,<function <lambda> at 0x7fa496287b30>
11959,2021-05-13 06:00:00,<function <lambda> at 0x7fa4962879f0>,<function <lambda> at 0x7fa496287a90>,<function <lambda> at 0x7fa496287b30>
11960,2021-05-13 07:00:00,<function <lambda> at 0x7fa4962879f0>,<function <lambda> at 0x7fa496287a90>,<function <lambda> at 0x7fa496287b30>
11961,2021-05-13 08:00:00,<function <lambda> at 0x7fa4962879f0>,<function <lambda> at 0x7fa496287a90>,<function <lambda> at 0x7fa496287b30>
11962,2021-05-13 09:00:00,<function <lambda> at 0x7fa4962879f0>,<function <lambda> at 0x7fa496287a90>,<function <lambda> at 0x7fa496287b30>
11963,2021-05-13 10:00:00,<function <lambda> at 0x7fa4962879f0>,<function <lambda> at 0x7fa496287a90>,<function <lambda> at 0x7fa496287b30>
11964,2021-05-13 11:00:00,<function <lambda> at 0x7fa4962879f0>,<function <lambda> at 0x7fa496287a90>,<function <lambda> at 0x7fa496287b30>
11965,2021-05-13 12:00:00,<function <lambda> at 0x7fa4962879f0>,<function <lambda> at 0x7fa496287a90>,<function <lambda> at 0x7fa496287b30>
11966,2021-05-13 13:00:00,<function <lambda> at 0x7fa4962879f0>,<function <lambda> at 0x7fa496287a90>,<function <lambda> at 0x7fa496287b30>
11967,2021-05-13 14:00:00,<function <lambda> at 0x7fa4962879f0>,<function <lambda> at 0x7fa496287a90>,<function <lambda> at 0x7fa496287b30>
11968,2021-05-13 15:00:00,<function <lambda> at 0x7fa4962879f0>,<function <lambda> at 0x7fa496287a90>,<function <lambda> at 0x7fa496287b30>
11969,2021-05-13 16:00:00,<function <lambda> at 0x7fa4962879f0>,<function <lambda> at 0x7fa496287a90>,<function <lambda> at 0x7fa496287b30>
11970,2021-05-13 17:00:00,<function <lambda> at 0x7fa4962879f0>,<function <lambda> at 0x7fa496287a90>,<function <lambda> at 0x7fa496287b30>
11971,2021-05-13 18:00:00,<function <lambda> at 0x7fa4962879f0>,<function <lambda> at 0x7fa496287a90>,<function <lambda> at 0x7fa496287b30>
11972,2021-05-13 19:00:00,<function <lambda> at 0x7fa4962879f0>,<function <lambda> at 0x7fa496287a90>,<function <lambda> at 0x7fa496287b30>
11973,2021-05-13 20:00:00,<function <lambda> at 0x7fa4962879f0>,<function <lambda> at 0x7fa496287a90>,<function <lambda> at 0x7fa496287b30>
11974,2021-05-13 21:00:00,<function <lambda> at 0x7fa4962879f0>,<function <lambda> at 0x7fa496287a90>,<function <lambda> at 0x7fa496287b30>
11975,2021-05-13 22:00:00,<function <lambda> at 0x7fa4962879f0>,<function <lambda> at 0x7fa496287a90>,<function <lambda> at 0x7fa496287b30>
11976,2021-05-13 23:00:00,<function <lambda> at 0x7fa4962879f0>,<function <lambda> at 0x7fa496287a90>,<function <lambda> at 0x7fa496287b30>
11977,2021-05-14 00:00:00,<function <lambda> at 0x7fa4962879f0>,<function <lambda> at 0x7fa496287a90>,<function <lambda> at 0x7fa496287b30>
11978,2021-05-14 01:00:00,<function <lambda> at 0x7fa4962879f0>,<function <lambda> at 0x7fa496287a90>,<function <lambda> at 0x7fa496287b30>
11979,2021-05-14 02:00:00,<function <lambda> at 0x7fa4962879f0>,<function <lambda> at 0x7fa496287a90>,<function <lambda> at 0x7fa496287b30>
11980,2021-05-14 03:00:00,<function <lambda> at 0x7fa4962879f0>,<function <lambda> at 0x7fa496287a90>,<function <lambda> at 0x7fa496287b30>
11981,2021-05-14 04:00:00,<function <lambda> at 0x7fa4962879f0>,<function <lambda> at 0x7fa496287a90>,<function <lambda> at 0x7fa496287b30>
11982,2021-05-14 05:00:00,<function <lambda> at 0x7fa4962879f0>,<function <lambda> at 0x7fa496287a90>,<function <lambda> at 0x7fa496287b30>
11983,2021-05-14 06:00:00,<function <lambda> at 0x7fa4962879f0>,<function <lambda> at 0x7fa496287a90>,<function <lambda> at 0x7fa496287b30>
11984,2021-05-14 07:00:00,<function <lambda> at 0x7fa4962879f0>,<function <lambda> at 0x7fa496287a90>,<function <lambda> at 0x7fa496287b30>
11985,2021-05-14 08:00:00,<function <lambda> at 0x7fa4962879f0>,<function <lambda> at 0x7fa496287a90>,<function <lambda> at 0x7fa496287b30>
11986,2021-05-14 09:00:00,<function <lambda> at 0x7fa4962879f0>,<function <lambda> at 0x7fa496287a90>,<function <lambda> at 0x7fa496287b30>
11987,2021-05-14 10:00:00,<function <lambda> at 0x7fa4962879f0>,<function <lambda> at 0x7fa496287a90>,<function <lambda> at 0x7fa496287b30>
11988,2021-05-14 11:00:00,<function <lambda> at 0x7fa4962879f0>,<function <lambda> at 0x7fa496287a90>,<function <lambda> at 0x7fa496287b30>
11989,2021-05-14 12:00:00,<function <lambda> at 0x7fa4962879f0>,<function <lambda> at 0x7fa496287a90>,<function <lambda> at 0x7fa496287b30>
11990,2021-05-14 13:00:00,<function <lambda> at 0x7fa4962879f0>,<function <lambda> at 0x7fa496287a90>,<function <lambda> at 0x7fa496287b30>
11991,2021-05-14 14:00:00,<function <lambda> at 0x7fa4962879f0>,<function <lambda> at 0x7fa496287a90>,<function <lambda> at 0x7fa496287b30>
11992,2021-05-14 15:00:00,<function <lambda> at 0x7fa4962879f0>,<function <lambda> at 0x7fa496287a90>,<function <lambda> at 0x7fa496287b30>
11993,2021-05-14 16:00:00,<function <lambda> at 0x7fa4962879f0>,<function <lambda> at 0x7fa496287a90>,<function <lambda> at 0x7fa496287b30>
11994,2021-05-14 17:00:00,<function <lambda> at 0x7fa4962879f0>,<function <lambda> at 0x7fa496287a90>,<function <lambda> at 0x7fa496287b30>
11995,2021-05-14 18:00:00,<function <lambda> at 0x7fa4962879f0>,<function <lambda> at 0x7fa496287a90>,<function <lambda> at 0x7fa496287b30>
11996,2021-05-14 19:00:00,<function <lambda> at 0x7fa4962879f0>,<function <lambda> at 0x7fa496287a90>,<function <lambda> at 0x7fa496287b30>
11997,2021-05-14 20:00:00,<function <lambda> at 0x7fa4962879f0>,<function <lambda> at 0x7fa496287a90>,<function <lambda> at 0x7fa496287b30>
11998,2021-05-14 21:00:00,<function <lambda> at 0x7fa4962879f0>,<function <lambda> at 0x7fa496287a90>,<function <lambda> at 0x7fa496287b30>
11999,2021-05-14 22:00:00,<function <lambda> at 0x7fa4962879f0>,<function <lambda> at 0x7fa496287a90>,<function <lambda> at 0x7fa496287b30>
12000,2021-05-14 23:00:00,<function <lambda> at 0x7fa4962879f0>,<function <lambda> at 0x7fa496287a90>,<function <lambda> at 0x7fa496287b30>
12001,2021-05-15 00:00:00,<function <lambda> at 0x7fa4962879f0>,<function <lambda> at 0x7fa496287a90>,<function <lambda> at 0x7fa496287b30>
12002,2021-05-15 01:00:00,<function <lambda> at 0x7fa4962879f0>,<function <lambda> at 0x7fa496287a90>,<function <lambda> at 0x7fa496287b30>
12003,2021-05-15 02:00:00,<function <lambda> at 0x7fa4962879f0>,<function <lambda> at 0x7fa496287a90>,<function <lambda> at 0x7fa496287b30>
12004,2021-05-15 03:00:00,<function <lambda> at 0x7fa4962879f0>,<function <lambda> at 0x7fa496287a90>,<function <lambda> at 0x7fa496287b30>
12005,2021-05-15 04:00:00,<function <lambda> at 0x7fa4962879f0>,<function <lambda> at 0x7fa496287a90>,<function <lambda> at 0x7fa496287b30>
12006,2021-05-15 05:00:00,<function <lambda> at 0x7fa4962879f0>,<function <lambda> at 0x7fa496287a90>,<function <lambda> at 0x7fa496287b30>
12007,2021-05-15 06:00:00,<function <lambda> at 0x7fa4962879f0>,<function <lambda> at 0x7fa496287a90>,<function <lambda> at 0x7fa496287b30>
12008,2021-05-15 07:00:00,<function <lambda> at 0x7fa4962879f0>,<function <lambda> at 0x7fa496287a90>,<function <lambda> at 0x7fa496287b30>
12009,2021-05-15 08:00:00,<function <lambda> at 0x7fa4962879f0>,<function <lambda> at 0x7fa496287a90>,<function <lambda> at 0x7fa496287b30>
12010,2021-05-15 09:00:00,<function <lambda> at 0x7fa4962879f0>,<function <lambda> at 0x7fa496287a90>,<function <lambda> at 0x7fa496287b30>
12011,2021-05-15 10:00:00,<function <lambda> at 0x7fa4962879f0>,<function <lambda> at 0x7fa496287a90>,<function <lambda> at 0x7fa496287b30>
12012,2021-05-15 11:00:00,<function <lambda> at 0x7fa4962879f0>,<function <lambda> at 0x7fa496287a90>,<function <lambda> at 0x7fa496287b30>
12013,2021-05-15 12:00:00,<function <lambda> at 0x7fa4962879f0>,<function <lambda> at 0x7fa496287a90>,<function <lambda> at 0x7fa496287b30>
12014,2021-05-15 13:00:00,<function <lambda> at 0x7fa4962879f0>,<function <lambda> at 0x7fa496287a90>,<function <lambda> at 0x7fa496287b30>
12015,2021-05-15 14:00:00,<function <lambda> at 0x7fa4962879f0>,<function <lambda> at 0x7fa496287a90>,<function <lambda> at 0x7fa496287b30>
12016,2021-05-15 15:00:00,<function <lambda> at 0x7fa4962879f0>,<function <lambda> at 0x7fa496287a90>,<function <lambda> at 0x7fa496287b30>
12017,2021-05-15 16:00:00,<function <lambda> at 0x7fa4962879f0>,<function <lambda> at 0x7fa496287a90>,<function <lambda> at 0x7fa496287b30>
12018,2021-05-15 17:00:00,<function <lambda> at 0x7fa4962879f0>,<function <lambda> at 0x7fa496287a90>,<function <lambda> at 0x7fa496287b30>
12019,2021-05-15 18:00:00,<function <lambda> at 0x7fa4962879f0>,<function <lambda> at 0x7fa496287a90>,<function <lambda> at 0x7fa496287b30>
12020,2021-05-15 19:00:00,<function <lambda> at 0x7fa4962879f0>,<function <lambda> at 0x7fa496287a90>,<function <lambda> at 0x7fa496287b30>
12021,2021-05-15 20:00:00,<function <lambda> at 0x7fa4962879f0>,<function <lambda> at 0x7fa496287a90>,<function <lambda> at 0x7fa496287b30>
12022,2021-05-15 21:00:00,<function <lambda> at 0x7fa4962879f0>,<function <lambda> at 0x7fa496287a90>,<function <lambda> at 0x7fa496287b30>
12023,2021-05-15 22:00:00,<function <lambda> at 0x7fa4962879f0>,<function <lambda> at 0x7fa496287a90>,<function <lambda> at 0x7fa496287b30>
12024,2021-05-15 23:00:00,<function <lambda> at 0x7fa4962879f0>,<function <lambda> at 0x7fa496287a90>,<function <lambda> at 0x7fa496287b30>
12025,2021-05-16 00:00:00,<function <lambda> at 0x7fa4962879f0>,<function <lambda> at 0x7fa496287a90>,<function <lambda> at 0x7fa496287b30>
12026,2021-05-16 01:00:00,<function <lambda> at 0x7fa4962879f0>,<function <lambda> at 0x7fa496287a90>,<function <lambda> at 0x7fa496287b30>
12027,2021-05-16 02:00:00,<function <lambda> at 0x7fa4962879f0>,<function <lambda> at 0x7fa496287a90>,<function <lambda> at 0x7fa496287b30>
12028,2021-05-16 03:00:00,<function <lambda> at 0x7fa4962879f0>,<function <lambda> at 0x7fa496287a90>,<function <lambda> at 0x7fa496287b30>
12029,2021-05-16 04:00:00,<function <lambda> at 0x7fa4962879f0>,<function <lambda> at 0x7fa496287a90>,<function <lambda> at 0x7fa496287b30>
12030,2021-05-16 05:00:00,<function <lambda> at 0x7fa4962879f0>,<function <lambda> at 0x7fa496287a90>,<function <lambda> at 0x7fa496287b30>
12031,2021-05-16 06:00:00,<function <lambda> at 0x7fa4962879f0>,<function <lambda> at 0x7fa496287a90>,<function <lambda> at 0x7fa496287b30>
12032,2021-05-16 07:00:00,<function <lambda> at 0x7fa4962879f0>,<function <lambda> at 0x7fa496287a90>,<function <lambda> at 0x7fa496287b30>
12033,2021-05-16 08:00:00,<function <lambda> at 0x7fa4962879f0>,<function <lambda> at 0x7fa496287a90>,<function <lambda> at 0x7fa496287b30>
12034,2021-05-16 09:00:00,<function <lambda> at 0x7fa4962879f0>,<function <lambda> at 0x7fa496287a90>,<function <lambda> at 0x7fa496287b30>
12035,2021-05-16 10:00:00,<function <lambda> at 0x7fa4962879f0>,<function <lambda> at 0x7fa496287a90>,<function <lambda> at 0x7fa496287b30>
12036,2021-05-16 11:00:00,<function <lambda> at 0x7fa4962879f0>,<function <lambda> at 0x7fa496287a90>,<function <lambda> at 0x7fa496287b30>
12037,2021-05-16 12:00:00,<function <lambda> at 0x7fa4962879f0>,<function <lambda> at 0x7fa496287a90>,<function <lambda> at 0x7fa496287b30>
12038,2021-05-16 13:00:00,<function <lambda> at 0x7fa4962879f0>,<function <lambda> at 0x7fa496287a90>,<function <lambda> at 0x7fa496287b30>
12039,2021-05-16 14:00:00,<function <lambda> at 0x7fa4962879f0>,<function <lambda> at 0x7fa496287a90>,<function <lambda> at 0x7fa496287b30>
12040,2021-05-16 15:00:00,<function <lambda> at 0x7fa4962879f0>,<function <lambda> at 0x7fa496287a90>,<function <lambda> at 0x7fa496287b30>
12041,2021-05-16 16:00:00,<function <lambda> at 0x7fa4962879f0>,<function <lambda> at 0x7fa496287a90>,<function <lambda> at 0x7fa496287b30>
12042,2021-05-16 17:00:00,<function <lambda> at 0x7fa4962879f0>,<function <lambda> at 0x7fa496287a90>,<function <lambda> at 0x7fa496287b30>
12043,2021-05-16 18:00:00,<function <lambda> at 0x7fa4962879f0>,<function <lambda> at 0x7fa496287a90>,<function <lambda> at 0x7fa496287b30>
12044,2021-05-16 19:00:00,<function <lambda> at 0x7fa4962879f0>,<function <lambda> at 0x7fa496287a90>,<function <lambda> at 0x7fa496287b30>
12045,2021-05-16 20:00:00,<function <lambda> at 0x7fa4962879f0>,<function <lambda> at 0x7fa496287a90>,<function <lambda> at 0x7fa496287b30>
12046,2021-05-16 21:00:00,<function <lambda> at 0x7fa4962879f0>,<function <lambda> at 0x7fa496287a90>,<function <lambda> at 0x7fa496287b30>
12047,2021-05-16 22:00:00,<function <lambda> at 0x7fa4962879f0>,<function <lambda> at 0x7fa496287a90>,<function <lambda> at 0x7fa496287b30>
12048,2021-05-16 23:00:00,<function <lambda> at 0x7fa4962879f0>,<function <lambda> at 0x7fa496287a90>,<function <lambda> at 0x7fa496287b30>
12049,2021-05-17 00:00:00,<function <lambda> at 0x7fa4962879f0>,<function <lambda> at 0x7fa496287a90>,<function <lambda> at 0x7fa496287b30>
12050,2021-05-17 01:00:00,<function <lambda> at 0x7fa4962879f0>,<function <lambda> at 0x7fa496287a90>,<function <lambda> at 0x7fa496287b30>
12051,2021-05-17 02:00:00,<function <lambda> at 0x7fa4962879f0>,<function <lambda> at 0x7fa496287a90>,<function <lambda> at 0x7fa496287b30>
12052,2021-05-17 03:00:00,<function <lambda> at 0x7fa4962879f0>,<function <lambda> at 0x7fa496287a90>,<function <lambda> at 0x7fa496287b30>
12053,2021-05-17 04:00:00,<function <lambda> at 0x7fa4962879f0>,<function <lambda> at 0x7fa496287a90>,<function <lambda> at 0x7fa496287b30>
12054,2021-05-17 05:00:00,<function <lambda> at 0x7fa4962879f0>,<function <lambda> at 0x7fa496287a90>,<function <lambda> at 0x7fa496287b30>
12055,2021-05-17 06:00:00,<function <lambda> at 0x7fa4962879f0>,<function <lambda> at 0x7fa496287a90>,<function <lambda> at 0x7fa496287b30>
12056,2021-05-17 07:00:00,<function <lambda> at 0x7fa4962879f0>,<function <lambda> at 0x7fa496287a90>,<function <lambda> at 0x7fa496287b30>
12057,2021-05-17 08:00:00,<function <lambda> at 0x7fa4962879f0>,<function <lambda> at 0x7fa496287a90>,<function <lambda> at 0x7fa496287b30>
12058,2021-05-17 09:00:00,<function <lambda> at 0x7fa4962879f0>,<function <lambda> at 0x7fa496287a90>,<function <lambda> at 0x7fa496287b30>
12059,2021-05-17 10:00:00,<function <lambda> at 0x7fa4962879f0>,<function <lambda> at 0x7fa496287a90>,<function <lambda> at 0x7fa496287b30>
12060,2021-05-17 11:00:00,<function <lambda> at 0x7fa4962879f0>,<function <lambda> at 0x7fa496287a90>,<function <lambda> at 0x7fa496287b30>
12061,2021-05-17 12:00:00,<function <lambda> at 0x7fa4962879f0>,<function <lambda> at 0x7fa496287a90>,<function <lambda> at 0x7fa496287b30>
12062,2021-05-17 13:00:00,<function <lambda> at 0x7fa4962879f0>,<function <lambda> at 0x7fa496287a90>,<function <lambda> at 0x7fa496287b30>
12063,2021-05-17 14:00:00,<function <lambda> at 0x7fa4962879f0>,<function <lambda> at 0x7fa496287a90>,<function <lambda> at 0x7fa496287b30>
12064,2021-05-17 15:00:00,<function <lambda> at 0x7fa4962879f0>,<function <lambda> at 0x7fa496287a90>,<function <lambda> at 0x7fa496287b30>
12065,2021-05-17 16:00:00,<function <lambda> at 0x7fa4962879f0>,<function <lambda> at 0x7fa496287a90>,<function <lambda> at 0x7fa496287b30>
12066,2021-05-17 17:00:00,<function <lambda> at 0x7fa4962879f0>,<function <lambda> at 0x7fa496287a90>,<function <lambda> at 0x7fa496287b30>
12067,2021-05-17 18:00:00,<function <lambda> at 0x7fa4962879f0>,<function <lambda> at 0x7fa496287a90>,<function <lambda> at 0x7fa496287b30>
12068,2021-05-17 19:00:00,<function <lambda> at 0x7fa4962879f0>,<function <lambda> at 0x7fa496287a90>,<function <lambda> at 0x7fa496287b30>
12069,2021-05-17 20:00:00,<function <lambda> at 0x7fa4962879f0>,<function <lambda> at 0x7fa496287a90>,<function <lambda> at 0x7fa496287b30>
12070,2021-05-17 21:00:00,<function <lambda> at 0x7fa4962879f0>,<function <lambda> at 0x7fa496287a90>,<function <lambda> at 0x7fa496287b30>
12071,2021-05-17 22:00:00,<function <lambda> at 0x7fa4962879f0>,<function <lambda> at 0x7fa496287a90>,<function <lambda> at 0x7fa496287b30>
12072,2021-05-17 23:00:00,<function <lambda> at 0x7fa4962879f0>,<function <lambda> at 0x7fa496287a90>,<function <lambda> at 0x7fa496287b30>
12073,2021-05-18 00:00:00,<function <lambda> at 0x7fa4962879f0>,<function <lambda> at 0x7fa496287a90>,<function <lambda> at 0x7fa496287b30>
12074,2021-05-18 01:00:00,<function <lambda> at 0x7fa4962879f0>,<function <lambda> at 0x7fa496287a90>,<function <lambda> at 0x7fa496287b30>
12075,2021-05-18 02:00:00,<function <lambda> at 0x7fa4962879f0>,<function <lambda> at 0x7fa496287a90>,<function <lambda> at 0x7fa496287b30>
12076,2021-05-18 03:00:00,<function <lambda> at 0x7fa4962879f0>,<function <lambda> at 0x7fa496287a90>,<function <lambda> at 0x7fa496287b30>
12077,2021-05-18 04:00:00,<function <lambda> at 0x7fa4962879f0>,<function <lambda> at 0x7fa496287a90>,<function <lambda> at 0x7fa496287b30>
12078,2021-05-18 05:00:00,<function <lambda> at 0x7fa4962879f0>,<function <lambda> at 0x7fa496287a90>,<function <lambda> at 0x7fa496287b30>
12079,2021-05-18 06:00:00,<function <lambda> at 0x7fa4962879f0>,<function <lambda> at 0x7fa496287a90>,<function <lambda> at 0x7fa496287b30>
12080,2021-05-18 07:00:00,<function <lambda> at 0x7fa4962879f0>,<function <lambda> at 0x7fa496287a90>,<function <lambda> at 0x7fa496287b30>
12081,2021-05-18 08:00:00,<function <lambda> at 0x7fa4962879f0>,<function <lambda> at 0x7fa496287a90>,<function <lambda> at 0x7fa496287b30>
12082,2021-05-18 09:00:00,<function <lambda> at 0x7fa4962879f0>,<function <lambda> at 0x7fa496287a90>,<function <lambda> at 0x7fa496287b30>
12083,2021-05-18 10:00:00,<function <lambda> at 0x7fa4962879f0>,<function <lambda> at 0x7fa496287a90>,<function <lambda> at 0x7fa496287b30>
12084,2021-05-18 11:00:00,<function <lambda> at 0x7fa4962879f0>,<function <lambda> at 0x7fa496287a90>,<function <lambda> at 0x7fa496287b30>
12085,2021-05-18 12:00:00,<function <lambda> at 0x7fa4962879f0>,<function <lambda> at 0x7fa496287a90>,<function <lambda> at 0x7fa496287b30>
12086,2021-05-18 13:00:00,<function <lambda> at 0x7fa4962879f0>,<function <lambda> at 0x7fa496287a90>,<function <lambda> at 0x7fa496287b30>
12087,2021-05-18 14:00:00,<function <lambda> at 0x7fa4962879f0>,<function <lambda> at 0x7fa496287a90>,<function <lambda> at 0x7fa496287b30>
12088,2021-05-18 15:00:00,<function <lambda> at 0x7fa4962879f0>,<function <lambda> at 0x7fa496287a90>,<function <lambda> at 0x7fa496287b30>
12089,2021-05-18 16:00:00,<function <lambda> at 0x7fa4962879f0>,<function <lambda> at 0x7fa496287a90>,<function <lambda> at 0x7fa496287b30>
12090,2021-05-18 17:00:00,<function <lambda> at 0x7fa4962879f0>,<function <lambda> at 0x7fa496287a90>,<function <lambda> at 0x7fa496287b30>
12091,2021-05-18 18:00:00,<function <lambda> at 0x7fa4962879f0>,<function <lambda> at 0x7fa496287a90>,<function <lambda> at 0x7fa496287b30>
12092,2021-05-18 19:00:00,<function <lambda> at 0x7fa4962879f0>,<function <lambda> at 0x7fa496287a90>,<function <lambda> at 0x7fa496287b30>
12093,2021-05-18 20:00:00,<function <lambda> at 0x7fa4962879f0>,<function <lambda> at 0x7fa496287a90>,<function <lambda> at 0x7fa496287b30>
12094,2021-05-18 21:00:00,<function <lambda> at 0x7fa4962879f0>,<function <lambda> at 0x7fa496287a90>,<function <lambda> at 0x7fa496287b30>
12095,2021-05-18 22:00:00,<function <lambda> at 0x7fa4962879f0>,<function <lambda> at 0x7fa496287a90>,<function <lambda> at 0x7fa496287b30>
12096,2021-05-18 23:00:00,<function <lambda> at 0x7fa4962879f0>,<function <lambda> at 0x7fa496287a90>,<function <lambda> at 0x7fa496287b30>
12097,2021-05-19 00:00:00,<function <lambda> at 0x7fa4962879f0>,<function <lambda> at 0x7fa496287a90>,<function <lambda> at 0x7fa496287b30>
12098,2021-05-19 01:00:00,<function <lambda> at 0x7fa4962879f0>,<function <lambda> at 0x7fa496287a90>,<function <lambda> at 0x7fa496287b30>
12099,2021-05-19 02:00:00,<function <lambda> at 0x7fa4962879f0>,<function <lambda> at 0x7fa496287a90>,<function <lambda> at 0x7fa496287b30>
12100,2021-05-19 03:00:00,<function <lambda> at 0x7fa4962879f0>,<function <lambda> at 0x7fa496287a90>,<function <lambda> at 0x7fa496287b30>
12101,2021-05-19 04:00:00,<function <lambda> at 0x7fa4962879f0>,<function <lambda> at 0x7fa496287a90>,<function <lambda> at 0x7fa496287b30>
12102,2021-05-19 05:00:00,<function <lambda> at 0x7fa4962879f0>,<function <lambda> at 0x7fa496287a90>,<function <lambda> at 0x7fa496287b30>
12103,2021-05-19 06:00:00,<function <lambda> at 0x7fa4962879f0>,<function <lambda> at 0x7fa496287a90>,<function <lambda> at 0x7fa496287b30>
12104,2021-05-19 07:00:00,<function <lambda> at 0x7fa4962879f0>,<function <lambda> at 0x7fa496287a90>,<function <lambda> at 0x7fa496287b30>
12105,2021-05-19 08:00:00,<function <lambda> at 0x7fa4962879f0>,<function <lambda> at 0x7fa496287a90>,<function <lambda> at 0x7fa496287b30>
12106,2021-05-19 09:00:00,<function <lambda> at 0x7fa4962879f0>,<function <lambda> at 0x7fa496287a90>,<function <lambda> at 0x7fa496287b30>
12107,2021-05-19 10:00:00,<function <lambda> at 0x7fa4962879f0>,<function <lambda> at 0x7fa496287a90>,<function <lambda> at 0x7fa496287b30>
12108,2021-05-19 11:00:00,<function <lambda> at 0x7fa4962879f0>,<function <lambda> at 0x7fa496287a90>,<function <lambda> at 0x7fa496287b30>
12109,2021-05-19 12:00:00,<function <lambda> at 0x7fa4962879f0>,<function <lambda> at 0x7fa496287a90>,<function <lambda> at 0x7fa496287b30>
12110,2021-05-19 13:00:00,<function <lambda> at 0x7fa4962879f0>,<function <lambda> at 0x7fa496287a90>,<function <lambda> at 0x7fa496287b30>
12111,2021-05-19 14:00:00,<function <lambda> at 0x7fa4962879f0>,<function <lambda> at 0x7fa496287a90>,<function <lambda> at 0x7fa496287b30>
12112,2021-05-19 15:00:00,<function <lambda> at 0x7fa4962879f0>,<function <lambda> at 0x7fa496287a90>,<function <lambda> at 0x7fa496287b30>
12113,2021-05-19 16:00:00,<function <lambda> at 0x7fa4962879f0>,<function <lambda> at 0x7fa496287a90>,<function <lambda> at 0x7fa496287b30>
12114,2021-05-19 17:00:00,<function <lambda> at 0x7fa4962879f0>,<function <lambda> at 0x7fa496287a90>,<function <lambda> at 0x7fa496287b30>
12115,2021-05-19 18:00:00,<function <lambda> at 0x7fa4962879f0>,<function <lambda> at 0x7fa496287a90>,<function <lambda> at 0x7fa496287b30>
12116,2021-05-19 19:00:00,<function <lambda> at 0x7fa4962879f0>,<function <lambda> at 0x7fa496287a90>,<function <lambda> at 0x7fa496287b30>
12117,2021-05-19 20:00:00,<function <lambda> at 0x7fa4962879f0>,<function <lambda> at 0x7fa496287a90>,<function <lambda> at 0x7fa496287b30>
12118,2021-05-19 21:00:00,<function <lambda> at 0x7fa4962879f0>,<function <lambda> at 0x7fa496287a90>,<function <lambda> at 0x7fa496287b30>
12119,2021-05-19 22:00:00,<function <lambda> at 0x7fa4962879f0>,<function <lambda> at 0x7fa496287a90>,<function <lambda> at 0x7fa496287b30>
12120,2021-05-19 23:00:00,<function <lambda> at 0x7fa4962879f0>,<function <lambda> at 0x7fa496287a90>,<function <lambda> at 0x7fa496287b30>
12121,2021-05-20 00:00:00,<function <lambda> at 0x7fa4962879f0>,<function <lambda> at 0x7fa496287a90>,<function <lambda> at 0x7fa496287b30>
12122,2021-05-20 01:00:00,<function <lambda> at 0x7fa4962879f0>,<function <lambda> at 0x7fa496287a90>,<function <lambda> at 0x7fa496287b30>
12123,2021-05-20 02:00:00,<function <lambda> at 0x7fa4962879f0>,<function <lambda> at 0x7fa496287a90>,<function <lambda> at 0x7fa496287b30>
12124,2021-05-20 03:00:00,<function <lambda> at 0x7fa4962879f0>,<function <lambda> at 0x7fa496287a90>,<function <lambda> at 0x7fa496287b30>
12125,2021-05-20 04:00:00,<function <lambda> at 0x7fa4962879f0>,<function <lambda> at 0x7fa496287a90>,<function <lambda> at 0x7fa496287b30>
12126,2021-05-20 05:00:00,<function <lambda> at 0x7fa4962879f0>,<function <lambda> at 0x7fa496287a90>,<function <lambda> at 0x7fa496287b30>
12127,2021-05-20 06:00:00,<function <lambda> at 0x7fa4962879f0>,<function <lambda> at 0x7fa496287a90>,<function <lambda> at 0x7fa496287b30>
12128,2021-05-20 07:00:00,<function <lambda> at 0x7fa4962879f0>,<function <lambda> at 0x7fa496287a90>,<function <lambda> at 0x7fa496287b30>
12129,2021-05-20 08:00:00,<function <lambda> at 0x7fa4962879f0>,<function <lambda> at 0x7fa496287a90>,<function <lambda> at 0x7fa496287b30>
12130,2021-05-20 09:00:00,<function <lambda> at 0x7fa4962879f0>,<function <lambda> at 0x7fa496287a90>,<function <lambda> at 0x7fa496287b30>
12131,2021-05-20 10:00:00,<function <lambda> at 0x7fa4962879f0>,<function <lambda> at 0x7fa496287a90>,<function <lambda> at 0x7fa496287b30>
12132,2021-05-20 11:00:00,<function <lambda> at 0x7fa4962879f0>,<function <lambda> at 0x7fa496287a90>,<function <lambda> at 0x7fa496287b30>
12133,2021-05-20 12:00:00,<function <lambda> at 0x7fa4962879f0>,<function <lambda> at 0x7fa496287a90>,<function <lambda> at 0x7fa496287b30>
12134,2021-05-20 13:00:00,<function <lambda> at 0x7fa4962879f0>,<function <lambda> at 0x7fa496287a90>,<function <lambda> at 0x7fa496287b30>
12135,2021-05-20 14:00:00,<function <lambda> at 0x7fa4962879f0>,<function <lambda> at 0x7fa496287a90>,<function <lambda> at 0x7fa496287b30>
12136,2021-05-20 15:00:00,<function <lambda> at 0x7fa4962879f0>,<function <lambda> at 0x7fa496287a90>,<function <lambda> at 0x7fa496287b30>
12137,2021-05-20 16:00:00,<function <lambda> at 0x7fa4962879f0>,<function <lambda> at 0x7fa496287a90>,<function <lambda> at 0x7fa496287b30>
12138,2021-05-20 17:00:00,<function <lambda> at 0x7fa4962879f0>,<function <lambda> at 0x7fa496287a90>,<function <lambda> at 0x7fa496287b30>
12139,2021-05-20 18:00:00,<function <lambda> at 0x7fa4962879f0>,<function <lambda> at 0x7fa496287a90>,<function <lambda> at 0x7fa496287b30>
12140,2021-05-20 19:00:00,<function <lambda> at 0x7fa4962879f0>,<function <lambda> at 0x7fa496287a90>,<function <lambda> at 0x7fa496287b30>
12141,2021-05-20 20:00:00,<function <lambda> at 0x7fa4962879f0>,<function <lambda> at 0x7fa496287a90>,<function <lambda> at 0x7fa496287b30>
12142,2021-05-20 21:00:00,<function <lambda> at 0x7fa4962879f0>,<function <lambda> at 0x7fa496287a90>,<function <lambda> at 0x7fa496287b30>
12143,2021-05-20 22:00:00,<function <lambda> at 0x7fa4962879f0>,<function <lambda> at 0x7fa496287a90>,<function <lambda> at 0x7fa496287b30>
12144,2021-05-20 23:00:00,<function <lambda> at 0x7fa4962879f0>,<function <lambda> at 0x7fa496287a90>,<function <lambda> at 0x7fa496287b30>
12145,2021-05-21 00:00:00,<function <lambda> at 0x7fa4962879f0>,<function <lambda> at 0x7fa496287a90>,<function <lambda> at 0x7fa496287b30>
12146,2021-05-21 01:00:00,<function <lambda> at 0x7fa4962879f0>,<function <lambda> at 0x7fa496287a90>,<function <lambda> at 0x7fa496287b30>
12147,2021-05-21 02:00:00,<function <lambda> at 0x7fa4962879f0>,<function <lambda> at 0x7fa496287a90>,<function <lambda> at 0x7fa496287b30>
12148,2021-05-21 03:00:00,<function <lambda> at 0x7fa4962879f0>,<function <lambda> at 0x7fa496287a90>,<function <lambda> at 0x7fa496287b30>
12149,2021-05-21 04:00:00,<function <lambda> at 0x7fa4962879f0>,<function <lambda> at 0x7fa496287a90>,<function <lambda> at 0x7fa496287b30>
12150,2021-05-21 05:00:00,<function <lambda> at 0x7fa4962879f0>,<function <lambda> at 0x7fa496287a90>,<function <lambda> at 0x7fa496287b30>
12151,2021-05-21 06:00:00,<function <lambda> at 0x7fa4962879f0>,<function <lambda> at 0x7fa496287a90>,<function <lambda> at 0x7fa496287b30>
12152,2021-05-21 07:00:00,<function <lambda> at 0x7fa4962879f0>,<function <lambda> at 0x7fa496287a90>,<function <lambda> at 0x7fa496287b30>
12153,2021-05-21 08:00:00,<function <lambda> at 0x7fa4962879f0>,<function <lambda> at 0x7fa496287a90>,<function <lambda> at 0x7fa496287b30>
12154,2021-05-21 09:00:00,<function <lambda> at 0x7fa4962879f0>,<function <lambda> at 0x7fa496287a90>,<function <lambda> at 0x7fa496287b30>
12155,2021-05-21 10:00:00,<function <lambda> at 0x7fa4962879f0>,<function <lambda> at 0x7fa496287a90>,<function <lambda> at 0x7fa496287b30>
12156,2021-05-21 11:00:00,<function <lambda> at 0x7fa4962879f0>,<function <lambda> at 0x7fa496287a90>,<function <lambda> at 0x7fa496287b30>
12157,2021-05-21 12:00:00,<function <lambda> at 0x7fa4962879f0>,<function <lambda> at 0x7fa496287a90>,<function <lambda> at 0x7fa496287b30>
12158,2021-05-21 13:00:00,<function <lambda> at 0x7fa4962879f0>,<function <lambda> at 0x7fa496287a90>,<function <lambda> at 0x7fa496287b30>
12159,2021-05-21 14:00:00,<function <lambda> at 0x7fa4962879f0>,<function <lambda> at 0x7fa496287a90>,<function <lambda> at 0x7fa496287b30>
12160,2021-05-21 15:00:00,<function <lambda> at 0x7fa4962879f0>,<function <lambda> at 0x7fa496287a90>,<function <lambda> at 0x7fa496287b30>
12161,2021-05-21 16:00:00,<function <lambda> at 0x7fa4962879f0>,<function <lambda> at 0x7fa496287a90>,<function <lambda> at 0x7fa496287b30>
12162,2021-05-21 17:00:00,<function <lambda> at 0x7fa4962879f0>,<function <lambda> at 0x7fa496287a90>,<function <lambda> at 0x7fa496287b30>
12163,2021-05-21 18:00:00,<function <lambda> at 0x7fa4962879f0>,<function <lambda> at 0x7fa496287a90>,<function <lambda> at 0x7fa496287b30>
12164,2021-05-21 19:00:00,<function <lambda> at 0x7fa4962879f0>,<function <lambda> at 0x7fa496287a90>,<function <lambda> at 0x7fa496287b30>
12165,2021-05-21 20:00:00,<function <lambda> at 0x7fa4962879f0>,<function <lambda> at 0x7fa496287a90>,<function <lambda> at 0x7fa496287b30>
12166,2021-05-21 21:00:00,<function <lambda> at 0x7fa4962879f0>,<function <lambda> at 0x7fa496287a90>,<function <lambda> at 0x7fa496287b30>
12167,2021-05-21 22:00:00,<function <lambda> at 0x7fa4962879f0>,<function <lambda> at 0x7fa496287a90>,<function <lambda> at 0x7fa496287b30>
12168,2021-05-21 23:00:00,<function <lambda> at 0x7fa4962879f0>,<function <lambda> at 0x7fa496287a90>,<function <lambda> at 0x7fa496287b30>
12169,2021-05-22 00:00:00,<function <lambda> at 0x7fa4962879f0>,<function <lambda> at 0x7fa496287a90>,<function <lambda> at 0x7fa496287b30>
12170,2021-05-22 01:00:00,<function <lambda> at 0x7fa4962879f0>,<function <lambda> at 0x7fa496287a90>,<function <lambda> at 0x7fa496287b30>
12171,2021-05-22 02:00:00,<function <lambda> at 0x7fa4962879f0>,<function <lambda> at 0x7fa496287a90>,<function <lambda> at 0x7fa496287b30>
12172,2021-05-22 03:00:00,<function <lambda> at 0x7fa4962879f0>,<function <lambda> at 0x7fa496287a90>,<function <lambda> at 0x7fa496287b30>
12173,2021-05-22 04:00:00,<function <lambda> at 0x7fa4962879f0>,<function <lambda> at 0x7fa496287a90>,<function <lambda> at 0x7fa496287b30>
12174,2021-05-22 05:00:00,<function <lambda> at 0x7fa4962879f0>,<function <lambda> at 0x7fa496287a90>,<function <lambda> at 0x7fa496287b30>
12175,2021-05-22 06:00:00,<function <lambda> at 0x7fa4962879f0>,<function <lambda> at 0x7fa496287a90>,<function <lambda> at 0x7fa496287b30>
12176,2021-05-22 07:00:00,<function <lambda> at 0x7fa4962879f0>,<function <lambda> at 0x7fa496287a90>,<function <lambda> at 0x7fa496287b30>
12177,2021-05-22 08:00:00,<function <lambda> at 0x7fa4962879f0>,<function <lambda> at 0x7fa496287a90>,<function <lambda> at 0x7fa496287b30>
12178,2021-05-22 09:00:00,<function <lambda> at 0x7fa4962879f0>,<function <lambda> at 0x7fa496287a90>,<function <lambda> at 0x7fa496287b30>
12179,2021-05-22 10:00:00,<function <lambda> at 0x7fa4962879f0>,<function <lambda> at 0x7fa496287a90>,<function <lambda> at 0x7fa496287b30>
12180,2021-05-22 11:00:00,<function <lambda> at 0x7fa4962879f0>,<function <lambda> at 0x7fa496287a90>,<function <lambda> at 0x7fa496287b30>
12181,2021-05-22 12:00:00,<function <lambda> at 0x7fa4962879f0>,<function <lambda> at 0x7fa496287a90>,<function <lambda> at 0x7fa496287b30>
12182,2021-05-22 13:00:00,<function <lambda> at 0x7fa4962879f0>,<function <lambda> at 0x7fa496287a90>,<function <lambda> at 0x7fa496287b30>
12183,2021-05-22 14:00:00,<function <lambda> at 0x7fa4962879f0>,<function <lambda> at 0x7fa496287a90>,<function <lambda> at 0x7fa496287b30>
12184,2021-05-22 15:00:00,<function <lambda> at 0x7fa4962879f0>,<function <lambda> at 0x7fa496287a90>,<function <lambda> at 0x7fa496287b30>
12185,2021-05-22 16:00:00,<function <lambda> at 0x7fa4962879f0>,<function <lambda> at 0x7fa496287a90>,<function <lambda> at 0x7fa496287b30>
12186,2021-05-22 17:00:00,<function <lambda> at 0x7fa4962879f0>,<function <lambda> at 0x7fa496287a90>,<function <lambda> at 0x7fa496287b30>
12187,2021-05-22 18:00:00,<function <lambda> at 0x7fa4962879f0>,<function <lambda> at 0x7fa496287a90>,<function <lambda> at 0x7fa496287b30>
12188,2021-05-22 19:00:00,<function <lambda> at 0x7fa4962879f0>,<function <lambda> at 0x7fa496287a90>,<function <lambda> at 0x7fa496287b30>
12189,2021-05-22 20:00:00,<function <lambda> at 0x7fa4962879f0>,<function <lambda> at 0x7fa496287a90>,<function <lambda> at 0x7fa496287b30>
12190,2021-05-22 21:00:00,<function <lambda> at 0x7fa4962879f0>,<function <lambda> at 0x7fa496287a90>,<function <lambda> at 0x7fa496287b30>
12191,2021-05-22 22:00:00,<function <lambda> at 0x7fa4962879f0>,<function <lambda> at 0x7fa496287a90>,<function <lambda> at 0x7fa496287b30>
12192,2021-05-22 23:00:00,<function <lambda> at 0x7fa4962879f0>,<function <lambda> at 0x7fa496287a90>,<function <lambda> at 0x7fa496287b30>
12193,2021-05-23 00:00:00,<function <lambda> at 0x7fa4962879f0>,<function <lambda> at 0x7fa496287a90>,<function <lambda> at 0x7fa496287b30>
12194,2021-05-23 01:00:00,<function <lambda> at 0x7fa4962879f0>,<function <lambda> at 0x7fa496287a90>,<function <lambda> at 0x7fa496287b30>
12195,2021-05-23 02:00:00,<function <lambda> at 0x7fa4962879f0>,<function <lambda> at 0x7fa496287a90>,<function <lambda> at 0x7fa496287b30>
12196,2021-05-23 03:00:00,<function <lambda> at 0x7fa4962879f0>,<function <lambda> at 0x7fa496287a90>,<function <lambda> at 0x7fa496287b30>
12197,2021-05-23 04:00:00,<function <lambda> at 0x7fa4962879f0>,<function <lambda> at 0x7fa496287a90>,<function <lambda> at 0x7fa496287b30>
12198,2021-05-23 05:00:00,<function <lambda> at 0x7fa4962879f0>,<function <lambda> at 0x7fa496287a90>,<function <lambda> at 0x7fa496287b30>
12199,2021-05-23 06:00:00,<function <lambda> at 0x7fa4962879f0>,<function <lambda> at 0x7fa496287a90>,<function <lambda> at 0x7fa496287b30>
12200,2021-05-23 07:00:00,<function <lambda> at 0x7fa4962879f0>,<function <lambda> at 0x7fa496287a90>,<function <lambda> at 0x7fa496287b30>
12201,2021-05-23 08:00:00,<function <lambda> at 0x7fa4962879f0>,<function <lambda> at 0x7fa496287a90>,<function <lambda> at 0x7fa496287b30>
12202,2021-05-23 09:00:00,<function <lambda> at 0x7fa4962879f0>,<function <lambda> at 0x7fa496287a90>,<function <lambda> at 0x7fa496287b30>
12203,2021-05-23 10:00:00,<function <lambda> at 0x7fa4962879f0>,<function <lambda> at 0x7fa496287a90>,<function <lambda> at 0x7fa496287b30>
12204,2021-05-23 11:00:00,<function <lambda> at 0x7fa4962879f0>,<function <lambda> at 0x7fa496287a90>,<function <lambda> at 0x7fa496287b30>
12205,2021-05-23 12:00:00,<function <lambda> at 0x7fa4962879f0>,<function <lambda> at 0x7fa496287a90>,<function <lambda> at 0x7fa496287b30>
12206,2021-05-23 13:00:00,<function <lambda> at 0x7fa4962879f0>,<function <lambda> at 0x7fa496287a90>,<function <lambda> at 0x7fa496287b30>
12207,2021-05-23 14:00:00,<function <lambda> at 0x7fa4962879f0>,<function <lambda> at 0x7fa496287a90>,<function <lambda> at 0x7fa496287b30>
12208,2021-05-23 15:00:00,<function <lambda> at 0x7fa4962879f0>,<function <lambda> at 0x7fa496287a90>,<function <lambda> at 0x7fa496287b30>
12209,2021-05-23 16:00:00,<function <lambda> at 0x7fa4962879f0>,<function <lambda> at 0x7fa496287a90>,<function <lambda> at 0x7fa496287b30>
12210,2021-05-23 17:00:00,<function <lambda> at 0x7fa4962879f0>,<function <lambda> at 0x7fa496287a90>,<function <lambda> at 0x7fa496287b30>
12211,2021-05-23 18:00:00,<function <lambda> at 0x7fa4962879f0>,<function <lambda> at 0x7fa496287a90>,<function <lambda> at 0x7fa496287b30>
12212,2021-05-23 19:00:00,<function <lambda> at 0x7fa4962879f0>,<function <lambda> at 0x7fa496287a90>,<function <lambda> at 0x7fa496287b30>
12213,2021-05-23 20:00:00,<function <lambda> at 0x7fa4962879f0>,<function <lambda> at 0x7fa496287a90>,<function <lambda> at 0x7fa496287b30>
12214,2021-05-23 21:00:00,<function <lambda> at 0x7fa4962879f0>,<function <lambda> at 0x7fa496287a90>,<function <lambda> at 0x7fa496287b30>
12215,2021-05-23 22:00:00,<function <lambda> at 0x7fa4962879f0>,<function <lambda> at 0x7fa496287a90>,<function <lambda> at 0x7fa496287b30>
12216,2021-05-23 23:00:00,<function <lambda> at 0x7fa4962879f0>,<function <lambda> at 0x7fa496287a90>,<function <lambda> at 0x7fa496287b30>
12217,2021-05-24 00:00:00,<function <lambda> at 0x7fa4962879f0>,<function <lambda> at 0x7fa496287a90>,<function <lambda> at 0x7fa496287b30>
12218,2021-05-24 01:00:00,<function <lambda> at 0x7fa4962879f0>,<function <lambda> at 0x7fa496287a90>,<function <lambda> at 0x7fa496287b30>
12219,2021-05-24 02:00:00,<function <lambda> at 0x7fa4962879f0>,<function <lambda> at 0x7fa496287a90>,<function <lambda> at 0x7fa496287b30>
12220,2021-05-24 03:00:00,<function <lambda> at 0x7fa4962879f0>,<function <lambda> at 0x7fa496287a90>,<function <lambda> at 0x7fa496287b30>
12221,2021-05-24 04:00:00,<function <lambda> at 0x7fa4962879f0>,<function <lambda> at 0x7fa496287a90>,<function <lambda> at 0x7fa496287b30>
12222,2021-05-24 05:00:00,<function <lambda> at 0x7fa4962879f0>,<function <lambda> at 0x7fa496287a90>,<function <lambda> at 0x7fa496287b30>
12223,2021-05-24 06:00:00,<function <lambda> at 0x7fa4962879f0>,<function <lambda> at 0x7fa496287a90>,<function <lambda> at 0x7fa496287b30>
12224,2021-05-24 07:00:00,<function <lambda> at 0x7fa4962879f0>,<function <lambda> at 0x7fa496287a90>,<function <lambda> at 0x7fa496287b30>
12225,2021-05-24 08:00:00,<function <lambda> at 0x7fa4962879f0>,<function <lambda> at 0x7fa496287a90>,<function <lambda> at 0x7fa496287b30>
12226,2021-05-24 09:00:00,<function <lambda> at 0x7fa4962879f0>,<function <lambda> at 0x7fa496287a90>,<function <lambda> at 0x7fa496287b30>
12227,2021-05-24 10:00:00,<function <lambda> at 0x7fa4962879f0>,<function <lambda> at 0x7fa496287a90>,<function <lambda> at 0x7fa496287b30>
12228,2021-05-24 11:00:00,<function <lambda> at 0x7fa4962879f0>,<function <lambda> at 0x7fa496287a90>,<function <lambda> at 0x7fa496287b30>
12229,2021-05-24 12:00:00,<function <lambda> at 0x7fa4962879f0>,<function <lambda> at 0x7fa496287a90>,<function <lambda> at 0x7fa496287b30>
12230,2021-05-24 13:00:00,<function <lambda> at 0x7fa4962879f0>,<function <lambda> at 0x7fa496287a90>,<function <lambda> at 0x7fa496287b30>
12231,2021-05-24 14:00:00,<function <lambda> at 0x7fa4962879f0>,<function <lambda> at 0x7fa496287a90>,<function <lambda> at 0x7fa496287b30>
12232,2021-05-24 15:00:00,<function <lambda> at 0x7fa4962879f0>,<function <lambda> at 0x7fa496287a90>,<function <lambda> at 0x7fa496287b30>
12233,2021-05-24 16:00:00,<function <lambda> at 0x7fa4962879f0>,<function <lambda> at 0x7fa496287a90>,<function <lambda> at 0x7fa496287b30>
12234,2021-05-24 17:00:00,<function <lambda> at 0x7fa4962879f0>,<function <lambda> at 0x7fa496287a90>,<function <lambda> at 0x7fa496287b30>
12235,2021-05-24 18:00:00,<function <lambda> at 0x7fa4962879f0>,<function <lambda> at 0x7fa496287a90>,<function <lambda> at 0x7fa496287b30>
12236,2021-05-24 19:00:00,<function <lambda> at 0x7fa4962879f0>,<function <lambda> at 0x7fa496287a90>,<function <lambda> at 0x7fa496287b30>
12237,2021-05-24 20:00:00,<function <lambda> at 0x7fa4962879f0>,<function <lambda> at 0x7fa496287a90>,<function <lambda> at 0x7fa496287b30>
12238,2021-05-24 21:00:00,<function <lambda> at 0x7fa4962879f0>,<function <lambda> at 0x7fa496287a90>,<function <lambda> at 0x7fa496287b30>
12239,2021-05-24 22:00:00,<function <lambda> at 0x7fa4962879f0>,<function <lambda> at 0x7fa496287a90>,<function <lambda> at 0x7fa496287b30>
12240,2021-05-24 23:00:00,<function <lambda> at 0x7fa4962879f0>,<function <lambda> at 0x7fa496287a90>,<function <lambda> at 0x7fa496287b30>
12241,2021-05-25 00:00:00,<function <lambda> at 0x7fa4962879f0>,<function <lambda> at 0x7fa496287a90>,<function <lambda> at 0x7fa496287b30>
12242,2021-05-25 01:00:00,<function <lambda> at 0x7fa4962879f0>,<function <lambda> at 0x7fa496287a90>,<function <lambda> at 0x7fa496287b30>
12243,2021-05-25 02:00:00,<function <lambda> at 0x7fa4962879f0>,<function <lambda> at 0x7fa496287a90>,<function <lambda> at 0x7fa496287b30>
12244,2021-05-25 03:00:00,<function <lambda> at 0x7fa4962879f0>,<function <lambda> at 0x7fa496287a90>,<function <lambda> at 0x7fa496287b30>
12245,2021-05-25 04:00:00,<function <lambda> at 0x7fa4962879f0>,<function <lambda> at 0x7fa496287a90>,<function <lambda> at 0x7fa496287b30>
12246,2021-05-25 05:00:00,<function <lambda> at 0x7fa4962879f0>,<function <lambda> at 0x7fa496287a90>,<function <lambda> at 0x7fa496287b30>
12247,2021-05-25 06:00:00,<function <lambda> at 0x7fa4962879f0>,<function <lambda> at 0x7fa496287a90>,<function <lambda> at 0x7fa496287b30>
12248,2021-05-25 07:00:00,<function <lambda> at 0x7fa4962879f0>,<function <lambda> at 0x7fa496287a90>,<function <lambda> at 0x7fa496287b30>
12249,2021-05-25 08:00:00,<function <lambda> at 0x7fa4962879f0>,<function <lambda> at 0x7fa496287a90>,<function <lambda> at 0x7fa496287b30>
12250,2021-05-25 09:00:00,<function <lambda> at 0x7fa4962879f0>,<function <lambda> at 0x7fa496287a90>,<function <lambda> at 0x7fa496287b30>
12251,2021-05-25 10:00:00,<function <lambda> at 0x7fa4962879f0>,<function <lambda> at 0x7fa496287a90>,<function <lambda> at 0x7fa496287b30>
12252,2021-05-25 11:00:00,<function <lambda> at 0x7fa4962879f0>,<function <lambda> at 0x7fa496287a90>,<function <lambda> at 0x7fa496287b30>
12253,2021-05-25 12:00:00,<function <lambda> at 0x7fa4962879f0>,<function <lambda> at 0x7fa496287a90>,<function <lambda> at 0x7fa496287b30>
12254,2021-05-25 13:00:00,<function <lambda> at 0x7fa4962879f0>,<function <lambda> at 0x7fa496287a90>,<function <lambda> at 0x7fa496287b30>
12255,2021-05-25 14:00:00,<function <lambda> at 0x7fa4962879f0>,<function <lambda> at 0x7fa496287a90>,<function <lambda> at 0x7fa496287b30>
12256,2021-05-25 15:00:00,<function <lambda> at 0x7fa4962879f0>,<function <lambda> at 0x7fa496287a90>,<function <lambda> at 0x7fa496287b30>
12257,2021-05-25 16:00:00,<function <lambda> at 0x7fa4962879f0>,<function <lambda> at 0x7fa496287a90>,<function <lambda> at 0x7fa496287b30>
12258,2021-05-25 17:00:00,<function <lambda> at 0x7fa4962879f0>,<function <lambda> at 0x7fa496287a90>,<function <lambda> at 0x7fa496287b30>
12259,2021-05-25 18:00:00,<function <lambda> at 0x7fa4962879f0>,<function <lambda> at 0x7fa496287a90>,<function <lambda> at 0x7fa496287b30>
12260,2021-05-25 19:00:00,<function <lambda> at 0x7fa4962879f0>,<function <lambda> at 0x7fa496287a90>,<function <lambda> at 0x7fa496287b30>
12261,2021-05-25 20:00:00,<function <lambda> at 0x7fa4962879f0>,<function <lambda> at 0x7fa496287a90>,<function <lambda> at 0x7fa496287b30>
12262,2021-05-25 21:00:00,<function <lambda> at 0x7fa4962879f0>,<function <lambda> at 0x7fa496287a90>,<function <lambda> at 0x7fa496287b30>
12263,2021-05-25 22:00:00,<function <lambda> at 0x7fa4962879f0>,<function <lambda> at 0x7fa496287a90>,<function <lambda> at 0x7fa496287b30>
12264,2021-05-25 23:00:00,<function <lambda> at 0x7fa4962879f0>,<function <lambda> at 0x7fa496287a90>,<function <lambda> at 0x7fa496287b30>
12265,2021-05-26 00:00:00,<function <lambda> at 0x7fa4962879f0>,<function <lambda> at 0x7fa496287a90>,<function <lambda> at 0x7fa496287b30>
12266,2021-05-26 01:00:00,<function <lambda> at 0x7fa4962879f0>,<function <lambda> at 0x7fa496287a90>,<function <lambda> at 0x7fa496287b30>
12267,2021-05-26 02:00:00,<function <lambda> at 0x7fa4962879f0>,<function <lambda> at 0x7fa496287a90>,<function <lambda> at 0x7fa496287b30>
12268,2021-05-26 03:00:00,<function <lambda> at 0x7fa4962879f0>,<function <lambda> at 0x7fa496287a90>,<function <lambda> at 0x7fa496287b30>
12269,2021-05-26 04:00:00,<function <lambda> at 0x7fa4962879f0>,<function <lambda> at 0x7fa496287a90>,<function <lambda> at 0x7fa496287b30>
12270,2021-05-26 05:00:00,<function <lambda> at 0x7fa4962879f0>,<function <lambda> at 0x7fa496287a90>,<function <lambda> at 0x7fa496287b30>
12271,2021-05-26 06:00:00,<function <lambda> at 0x7fa4962879f0>,<function <lambda> at 0x7fa496287a90>,<function <lambda> at 0x7fa496287b30>
12272,2021-05-26 07:00:00,<function <lambda> at 0x7fa4962879f0>,<function <lambda> at 0x7fa496287a90>,<function <lambda> at 0x7fa496287b30>
12273,2021-05-26 08:00:00,<function <lambda> at 0x7fa4962879f0>,<function <lambda> at 0x7fa496287a90>,<function <lambda> at 0x7fa496287b30>
12274,2021-05-26 09:00:00,<function <lambda> at 0x7fa4962879f0>,<function <lambda> at 0x7fa496287a90>,<function <lambda> at 0x7fa496287b30>
12275,2021-05-26 10:00:00,<function <lambda> at 0x7fa4962879f0>,<function <lambda> at 0x7fa496287a90>,<function <lambda> at 0x7fa496287b30>
12276,2021-05-26 11:00:00,<function <lambda> at 0x7fa4962879f0>,<function <lambda> at 0x7fa496287a90>,<function <lambda> at 0x7fa496287b30>
12277,2021-05-26 12:00:00,<function <lambda> at 0x7fa4962879f0>,<function <lambda> at 0x7fa496287a90>,<function <lambda> at 0x7fa496287b30>
12278,2021-05-26 13:00:00,<function <lambda> at 0x7fa4962879f0>,<function <lambda> at 0x7fa496287a90>,<function <lambda> at 0x7fa496287b30>
12279,2021-05-26 14:00:00,<function <lambda> at 0x7fa4962879f0>,<function <lambda> at 0x7fa496287a90>,<function <lambda> at 0x7fa496287b30>
12280,2021-05-26 15:00:00,<function <lambda> at 0x7fa4962879f0>,<function <lambda> at 0x7fa496287a90>,<function <lambda> at 0x7fa496287b30>
12281,2021-05-26 16:00:00,<function <lambda> at 0x7fa4962879f0>,<function <lambda> at 0x7fa496287a90>,<function <lambda> at 0x7fa496287b30>
12282,2021-05-26 17:00:00,<function <lambda> at 0x7fa4962879f0>,<function <lambda> at 0x7fa496287a90>,<function <lambda> at 0x7fa496287b30>
12283,2021-05-26 18:00:00,<function <lambda> at 0x7fa4962879f0>,<function <lambda> at 0x7fa496287a90>,<function <lambda> at 0x7fa496287b30>
12284,2021-05-26 19:00:00,<function <lambda> at 0x7fa4962879f0>,<function <lambda> at 0x7fa496287a90>,<function <lambda> at 0x7fa496287b30>
12285,2021-05-26 20:00:00,<function <lambda> at 0x7fa4962879f0>,<function <lambda> at 0x7fa496287a90>,<function <lambda> at 0x7fa496287b30>
12286,2021-05-26 21:00:00,<function <lambda> at 0x7fa4962879f0>,<function <lambda> at 0x7fa496287a90>,<function <lambda> at 0x7fa496287b30>
12287,2021-05-26 22:00:00,<function <lambda> at 0x7fa4962879f0>,<function <lambda> at 0x7fa496287a90>,<function <lambda> at 0x7fa496287b30>
12288,2021-05-26 23:00:00,<function <lambda> at 0x7fa4962879f0>,<function <lambda> at 0x7fa496287a90>,<function <lambda> at 0x7fa496287b30>
12289,2021-05-27 00:00:00,<function <lambda> at 0x7fa4962879f0>,<function <lambda> at 0x7fa496287a90>,<function <lambda> at 0x7fa496287b30>
12290,2021-05-27 01:00:00,<function <lambda> at 0x7fa4962879f0>,<function <lambda> at 0x7fa496287a90>,<function <lambda> at 0x7fa496287b30>
12291,2021-05-27 02:00:00,<function <lambda> at 0x7fa4962879f0>,<function <lambda> at 0x7fa496287a90>,<function <lambda> at 0x7fa496287b30>
12292,2021-05-27 03:00:00,<function <lambda> at 0x7fa4962879f0>,<function <lambda> at 0x7fa496287a90>,<function <lambda> at 0x7fa496287b30>
12293,2021-05-27 04:00:00,<function <lambda> at 0x7fa4962879f0>,<function <lambda> at 0x7fa496287a90>,<function <lambda> at 0x7fa496287b30>
12294,2021-05-27 05:00:00,<function <lambda> at 0x7fa4962879f0>,<function <lambda> at 0x7fa496287a90>,<function <lambda> at 0x7fa496287b30>
12295,2021-05-27 06:00:00,<function <lambda> at 0x7fa4962879f0>,<function <lambda> at 0x7fa496287a90>,<function <lambda> at 0x7fa496287b30>
12296,2021-05-27 07:00:00,<function <lambda> at 0x7fa4962879f0>,<function <lambda> at 0x7fa496287a90>,<function <lambda> at 0x7fa496287b30>
12297,2021-05-27 08:00:00,<function <lambda> at 0x7fa4962879f0>,<function <lambda> at 0x7fa496287a90>,<function <lambda> at 0x7fa496287b30>
12298,2021-05-27 09:00:00,<function <lambda> at 0x7fa4962879f0>,<function <lambda> at 0x7fa496287a90>,<function <lambda> at 0x7fa496287b30>
12299,2021-05-27 10:00:00,<function <lambda> at 0x7fa4962879f0>,<function <lambda> at 0x7fa496287a90>,<function <lambda> at 0x7fa496287b30>
12300,2021-05-27 11:00:00,<function <lambda> at 0x7fa4962879f0>,<function <lambda> at 0x7fa496287a90>,<function <lambda> at 0x7fa496287b30>
12301,2021-05-27 12:00:00,<function <lambda> at 0x7fa4962879f0>,<function <lambda> at 0x7fa496287a90>,<function <lambda> at 0x7fa496287b30>
12302,2021-05-27 13:00:00,<function <lambda> at 0x7fa4962879f0>,<function <lambda> at 0x7fa496287a90>,<function <lambda> at 0x7fa496287b30>
12303,2021-05-27 14:00:00,<function <lambda> at 0x7fa4962879f0>,<function <lambda> at 0x7fa496287a90>,<function <lambda> at 0x7fa496287b30>
12304,2021-05-27 15:00:00,<function <lambda> at 0x7fa4962879f0>,<function <lambda> at 0x7fa496287a90>,<function <lambda> at 0x7fa496287b30>
12305,2021-05-27 16:00:00,<function <lambda> at 0x7fa4962879f0>,<function <lambda> at 0x7fa496287a90>,<function <lambda> at 0x7fa496287b30>
12306,2021-05-27 17:00:00,<function <lambda> at 0x7fa4962879f0>,<function <lambda> at 0x7fa496287a90>,<function <lambda> at 0x7fa496287b30>
12307,2021-05-27 18:00:00,<function <lambda> at 0x7fa4962879f0>,<function <lambda> at 0x7fa496287a90>,<function <lambda> at 0x7fa496287b30>
12308,2021-05-27 19:00:00,<function <lambda> at 0x7fa4962879f0>,<function <lambda> at 0x7fa496287a90>,<function <lambda> at 0x7fa496287b30>
12309,2021-05-27 20:00:00,<function <lambda> at 0x7fa4962879f0>,<function <lambda> at 0x7fa496287a90>,<function <lambda> at 0x7fa496287b30>
12310,2021-05-27 21:00:00,<function <lambda> at 0x7fa4962879f0>,<function <lambda> at 0x7fa496287a90>,<function <lambda> at 0x7fa496287b30>
12311,2021-05-27 22:00:00,<function <lambda> at 0x7fa4962879f0>,<function <lambda> at 0x7fa496287a90>,<function <lambda> at 0x7fa496287b30>
12312,2021-05-27 23:00:00,<function <lambda> at 0x7fa4962879f0>,<function <lambda> at 0x7fa496287a90>,<function <lambda> at 0x7fa496287b30>
12313,2021-05-28 00:00:00,<function <lambda> at 0x7fa4962879f0>,<function <lambda> at 0x7fa496287a90>,<function <lambda> at 0x7fa496287b30>
12314,2021-05-28 01:00:00,<function <lambda> at 0x7fa4962879f0>,<function <lambda> at 0x7fa496287a90>,<function <lambda> at 0x7fa496287b30>
12315,2021-05-28 02:00:00,<function <lambda> at 0x7fa4962879f0>,<function <lambda> at 0x7fa496287a90>,<function <lambda> at 0x7fa496287b30>
12316,2021-05-28 03:00:00,<function <lambda> at 0x7fa4962879f0>,<function <lambda> at 0x7fa496287a90>,<function <lambda> at 0x7fa496287b30>
12317,2021-05-28 04:00:00,<function <lambda> at 0x7fa4962879f0>,<function <lambda> at 0x7fa496287a90>,<function <lambda> at 0x7fa496287b30>
12318,2021-05-28 05:00:00,<function <lambda> at 0x7fa4962879f0>,<function <lambda> at 0x7fa496287a90>,<function <lambda> at 0x7fa496287b30>
12319,2021-05-28 06:00:00,<function <lambda> at 0x7fa4962879f0>,<function <lambda> at 0x7fa496287a90>,<function <lambda> at 0x7fa496287b30>
12320,2021-05-28 07:00:00,<function <lambda> at 0x7fa4962879f0>,<function <lambda> at 0x7fa496287a90>,<function <lambda> at 0x7fa496287b30>
12321,2021-05-28 08:00:00,<function <lambda> at 0x7fa4962879f0>,<function <lambda> at 0x7fa496287a90>,<function <lambda> at 0x7fa496287b30>
12322,2021-05-28 09:00:00,<function <lambda> at 0x7fa4962879f0>,<function <lambda> at 0x7fa496287a90>,<function <lambda> at 0x7fa496287b30>
12323,2021-05-28 10:00:00,<function <lambda> at 0x7fa4962879f0>,<function <lambda> at 0x7fa496287a90>,<function <lambda> at 0x7fa496287b30>
12324,2021-05-28 11:00:00,<function <lambda> at 0x7fa4962879f0>,<function <lambda> at 0x7fa496287a90>,<function <lambda> at 0x7fa496287b30>
12325,2021-05-28 12:00:00,<function <lambda> at 0x7fa4962879f0>,<function <lambda> at 0x7fa496287a90>,<function <lambda> at 0x7fa496287b30>
12326,2021-05-28 13:00:00,<function <lambda> at 0x7fa4962879f0>,<function <lambda> at 0x7fa496287a90>,<function <lambda> at 0x7fa496287b30>
12327,2021-05-28 14:00:00,<function <lambda> at 0x7fa4962879f0>,<function <lambda> at 0x7fa496287a90>,<function <lambda> at 0x7fa496287b30>
12328,2021-05-28 15:00:00,<function <lambda> at 0x7fa4962879f0>,<function <lambda> at 0x7fa496287a90>,<function <lambda> at 0x7fa496287b30>
12329,2021-05-28 16:00:00,<function <lambda> at 0x7fa4962879f0>,<function <lambda> at 0x7fa496287a90>,<function <lambda> at 0x7fa496287b30>
12330,2021-05-28 17:00:00,<function <lambda> at 0x7fa4962879f0>,<function <lambda> at 0x7fa496287a90>,<function <lambda> at 0x7fa496287b30>
12331,2021-05-28 18:00:00,<function <lambda> at 0x7fa4962879f0>,<function <lambda> at 0x7fa496287a90>,<function <lambda> at 0x7fa496287b30>
12332,2021-05-28 19:00:00,<function <lambda> at 0x7fa4962879f0>,<function <lambda> at 0x7fa496287a90>,<function <lambda> at 0x7fa496287b30>
12333,2021-05-28 20:00:00,<function <lambda> at 0x7fa4962879f0>,<function <lambda> at 0x7fa496287a90>,<function <lambda> at 0x7fa496287b30>
12334,2021-05-28 21:00:00,<function <lambda> at 0x7fa4962879f0>,<function <lambda> at 0x7fa496287a90>,<function <lambda> at 0x7fa496287b30>
12335,2021-05-28 22:00:00,<function <lambda> at 0x7fa4962879f0>,<function <lambda> at 0x7fa496287a90>,<function <lambda> at 0x7fa496287b30>
12336,2021-05-28 23:00:00,<function <lambda> at 0x7fa4962879f0>,<function <lambda> at 0x7fa496287a90>,<function <lambda> at 0x7fa496287b30>
12337,2021-05-29 00:00:00,<function <lambda> at 0x7fa4962879f0>,<function <lambda> at 0x7fa496287a90>,<function <lambda> at 0x7fa496287b30>
12338,2021-05-29 01:00:00,<function <lambda> at 0x7fa4962879f0>,<function <lambda> at 0x7fa496287a90>,<function <lambda> at 0x7fa496287b30>
12339,2021-05-29 02:00:00,<function <lambda> at 0x7fa4962879f0>,<function <lambda> at 0x7fa496287a90>,<function <lambda> at 0x7fa496287b30>
12340,2021-05-29 03:00:00,<function <lambda> at 0x7fa4962879f0>,<function <lambda> at 0x7fa496287a90>,<function <lambda> at 0x7fa496287b30>
12341,2021-05-29 04:00:00,<function <lambda> at 0x7fa4962879f0>,<function <lambda> at 0x7fa496287a90>,<function <lambda> at 0x7fa496287b30>
12342,2021-05-29 05:00:00,<function <lambda> at 0x7fa4962879f0>,<function <lambda> at 0x7fa496287a90>,<function <lambda> at 0x7fa496287b30>
12343,2021-05-29 06:00:00,<function <lambda> at 0x7fa4962879f0>,<function <lambda> at 0x7fa496287a90>,<function <lambda> at 0x7fa496287b30>
12344,2021-05-29 07:00:00,<function <lambda> at 0x7fa4962879f0>,<function <lambda> at 0x7fa496287a90>,<function <lambda> at 0x7fa496287b30>
12345,2021-05-29 08:00:00,<function <lambda> at 0x7fa4962879f0>,<function <lambda> at 0x7fa496287a90>,<function <lambda> at 0x7fa496287b30>
12346,2021-05-29 09:00:00,<function <lambda> at 0x7fa4962879f0>,<function <lambda> at 0x7fa496287a90>,<function <lambda> at 0x7fa496287b30>
12347,2021-05-29 10:00:00,<function <lambda> at 0x7fa4962879f0>,<function <lambda> at 0x7fa496287a90>,<function <lambda> at 0x7fa496287b30>
12348,2021-05-29 11:00:00,<function <lambda> at 0x7fa4962879f0>,<function <lambda> at 0x7fa496287a90>,<function <lambda> at 0x7fa496287b30>
12349,2021-05-29 12:00:00,<function <lambda> at 0x7fa4962879f0>,<function <lambda> at 0x7fa496287a90>,<function <lambda> at 0x7fa496287b30>
12350,2021-05-29 13:00:00,<function <lambda> at 0x7fa4962879f0>,<function <lambda> at 0x7fa496287a90>,<function <lambda> at 0x7fa496287b30>
12351,2021-05-29 14:00:00,<function <lambda> at 0x7fa4962879f0>,<function <lambda> at 0x7fa496287a90>,<function <lambda> at 0x7fa496287b30>
12352,2021-05-29 15:00:00,<function <lambda> at 0x7fa4962879f0>,<function <lambda> at 0x7fa496287a90>,<function <lambda> at 0x7fa496287b30>
12353,2021-05-29 16:00:00,<function <lambda> at 0x7fa4962879f0>,<function <lambda> at 0x7fa496287a90>,<function <lambda> at 0x7fa496287b30>
12354,2021-05-29 17:00:00,<function <lambda> at 0x7fa4962879f0>,<function <lambda> at 0x7fa496287a90>,<function <lambda> at 0x7fa496287b30>
12355,2021-05-29 18:00:00,<function <lambda> at 0x7fa4962879f0>,<function <lambda> at 0x7fa496287a90>,<function <lambda> at 0x7fa496287b30>
12356,2021-05-29 19:00:00,<function <lambda> at 0x7fa4962879f0>,<function <lambda> at 0x7fa496287a90>,<function <lambda> at 0x7fa496287b30>
12357,2021-05-29 20:00:00,<function <lambda> at 0x7fa4962879f0>,<function <lambda> at 0x7fa496287a90>,<function <lambda> at 0x7fa496287b30>
12358,2021-05-29 21:00:00,<function <lambda> at 0x7fa4962879f0>,<function <lambda> at 0x7fa496287a90>,<function <lambda> at 0x7fa496287b30>
12359,2021-05-29 22:00:00,<function <lambda> at 0x7fa4962879f0>,<function <lambda> at 0x7fa496287a90>,<function <lambda> at 0x7fa496287b30>
12360,2021-05-29 23:00:00,<function <lambda> at 0x7fa4962879f0>,<function <lambda> at 0x7fa496287a90>,<function <lambda> at 0x7fa496287b30>
12361,2021-05-30 00:00:00,<function <lambda> at 0x7fa4962879f0>,<function <lambda> at 0x7fa496287a90>,<function <lambda> at 0x7fa496287b30>
12362,2021-05-30 01:00:00,<function <lambda> at 0x7fa4962879f0>,<function <lambda> at 0x7fa496287a90>,<function <lambda> at 0x7fa496287b30>
12363,2021-05-30 02:00:00,<function <lambda> at 0x7fa4962879f0>,<function <lambda> at 0x7fa496287a90>,<function <lambda> at 0x7fa496287b30>
12364,2021-05-30 03:00:00,<function <lambda> at 0x7fa4962879f0>,<function <lambda> at 0x7fa496287a90>,<function <lambda> at 0x7fa496287b30>
12365,2021-05-30 04:00:00,<function <lambda> at 0x7fa4962879f0>,<function <lambda> at 0x7fa496287a90>,<function <lambda> at 0x7fa496287b30>
12366,2021-05-30 05:00:00,<function <lambda> at 0x7fa4962879f0>,<function <lambda> at 0x7fa496287a90>,<function <lambda> at 0x7fa496287b30>
12367,2021-05-30 06:00:00,<function <lambda> at 0x7fa4962879f0>,<function <lambda> at 0x7fa496287a90>,<function <lambda> at 0x7fa496287b30>
12368,2021-05-30 07:00:00,<function <lambda> at 0x7fa4962879f0>,<function <lambda> at 0x7fa496287a90>,<function <lambda> at 0x7fa496287b30>
12369,2021-05-30 08:00:00,<function <lambda> at 0x7fa4962879f0>,<function <lambda> at 0x7fa496287a90>,<function <lambda> at 0x7fa496287b30>
12370,2021-05-30 09:00:00,<function <lambda> at 0x7fa4962879f0>,<function <lambda> at 0x7fa496287a90>,<function <lambda> at 0x7fa496287b30>
12371,2021-05-30 10:00:00,<function <lambda> at 0x7fa4962879f0>,<function <lambda> at 0x7fa496287a90>,<function <lambda> at 0x7fa496287b30>
12372,2021-05-30 11:00:00,<function <lambda> at 0x7fa4962879f0>,<function <lambda> at 0x7fa496287a90>,<function <lambda> at 0x7fa496287b30>
12373,2021-05-30 12:00:00,<function <lambda> at 0x7fa4962879f0>,<function <lambda> at 0x7fa496287a90>,<function <lambda> at 0x7fa496287b30>
12374,2021-05-30 13:00:00,<function <lambda> at 0x7fa4962879f0>,<function <lambda> at 0x7fa496287a90>,<function <lambda> at 0x7fa496287b30>
12375,2021-05-30 14:00:00,<function <lambda> at 0x7fa4962879f0>,<function <lambda> at 0x7fa496287a90>,<function <lambda> at 0x7fa496287b30>
12376,2021-05-30 15:00:00,<function <lambda> at 0x7fa4962879f0>,<function <lambda> at 0x7fa496287a90>,<function <lambda> at 0x7fa496287b30>
12377,2021-05-30 16:00:00,<function <lambda> at 0x7fa4962879f0>,<function <lambda> at 0x7fa496287a90>,<function <lambda> at 0x7fa496287b30>
12378,2021-05-30 17:00:00,<function <lambda> at 0x7fa4962879f0>,<function <lambda> at 0x7fa496287a90>,<function <lambda> at 0x7fa496287b30>
12379,2021-05-30 18:00:00,<function <lambda> at 0x7fa4962879f0>,<function <lambda> at 0x7fa496287a90>,<function <lambda> at 0x7fa496287b30>
12380,2021-05-30 19:00:00,<function <lambda> at 0x7fa4962879f0>,<function <lambda> at 0x7fa496287a90>,<function <lambda> at 0x7fa496287b30>
12381,2021-05-30 20:00:00,<function <lambda> at 0x7fa4962879f0>,<function <lambda> at 0x7fa496287a90>,<function <lambda> at 0x7fa496287b30>
12382,2021-05-30 21:00:00,<function <lambda> at 0x7fa4962879f0>,<function <lambda> at 0x7fa496287a90>,<function <lambda> at 0x7fa496287b30>
12383,2021-05-30 22:00:00,<function <lambda> at 0x7fa4962879f0>,<function <lambda> at 0x7fa496287a90>,<function <lambda> at 0x7fa496287b30>
12384,2021-05-30 23:00:00,<function <lambda> at 0x7fa4962879f0>,<function <lambda> at 0x7fa496287a90>,<function <lambda> at 0x7fa496287b30>
12385,2021-05-31 00:00:00,<function <lambda> at 0x7fa4962879f0>,<function <lambda> at 0x7fa496287a90>,<function <lambda> at 0x7fa496287b30>
12386,2021-05-31 01:00:00,<function <lambda> at 0x7fa4962879f0>,<function <lambda> at 0x7fa496287a90>,<function <lambda> at 0x7fa496287b30>
12387,2021-05-31 02:00:00,<function <lambda> at 0x7fa4962879f0>,<function <lambda> at 0x7fa496287a90>,<function <lambda> at 0x7fa496287b30>
12388,2021-05-31 03:00:00,<function <lambda> at 0x7fa4962879f0>,<function <lambda> at 0x7fa496287a90>,<function <lambda> at 0x7fa496287b30>
12389,2021-05-31 04:00:00,<function <lambda> at 0x7fa4962879f0>,<function <lambda> at 0x7fa496287a90>,<function <lambda> at 0x7fa496287b30>
12390,2021-05-31 05:00:00,<function <lambda> at 0x7fa4962879f0>,<function <lambda> at 0x7fa496287a90>,<function <lambda> at 0x7fa496287b30>
12391,2021-05-31 06:00:00,<function <lambda> at 0x7fa4962879f0>,<function <lambda> at 0x7fa496287a90>,<function <lambda> at 0x7fa496287b30>
12392,2021-05-31 07:00:00,<function <lambda> at 0x7fa4962879f0>,<function <lambda> at 0x7fa496287a90>,<function <lambda> at 0x7fa496287b30>
12393,2021-05-31 08:00:00,<function <lambda> at 0x7fa4962879f0>,<function <lambda> at 0x7fa496287a90>,<function <lambda> at 0x7fa496287b30>
12394,2021-05-31 09:00:00,<function <lambda> at 0x7fa4962879f0>,<function <lambda> at 0x7fa496287a90>,<function <lambda> at 0x7fa496287b30>
12395,2021-05-31 10:00:00,<function <lambda> at 0x7fa4962879f0>,<function <lambda> at 0x7fa496287a90>,<function <lambda> at 0x7fa496287b30>
12396,2021-05-31 11:00:00,<function <lambda> at 0x7fa4962879f0>,<function <lambda> at 0x7fa496287a90>,<function <lambda> at 0x7fa496287b30>
12397,2021-05-31 12:00:00,<function <lambda> at 0x7fa4962879f0>,<function <lambda> at 0x7fa496287a90>,<function <lambda> at 0x7fa496287b30>
12398,2021-05-31 13:00:00,<function <lambda> at 0x7fa4962879f0>,<function <lambda> at 0x7fa496287a90>,<function <lambda> at 0x7fa496287b30>
12399,2021-05-31 14:00:00,<function <lambda> at 0x7fa4962879f0>,<function <lambda> at 0x7fa496287a90>,<function <lambda> at 0x7fa496287b30>
12400,2021-05-31 15:00:00,<function <lambda> at 0x7fa4962879f0>,<function <lambda> at 0x7fa496287a90>,<function <lambda> at 0x7fa496287b30>
12401,2021-05-31 16:00:00,<function <lambda> at 0x7fa4962879f0>,<function <lambda> at 0x7fa496287a90>,<function <lambda> at 0x7fa496287b30>
12402,2021-05-31 17:00:00,<function <lambda> at 0x7fa4962879f0>,<function <lambda> at 0x7fa496287a90>,<function <lambda> at 0x7fa496287b30>
12403,2021-05-31 18:00:00,<function <lambda> at 0x7fa4962879f0>,<function <lambda> at 0x7fa496287a90>,<function <lambda> at 0x7fa496287b30>
12404,2021-05-31 19:00:00,<function <lambda> at 0x7fa4962879f0>,<function <lambda> at 0x7fa496287a90>,<function <lambda> at 0x7fa496287b30>
12405,2021-05-31 20:00:00,<function <lambda> at 0x7fa4962879f0>,<function <lambda> at 0x7fa496287a90>,<function <lambda> at 0x7fa496287b30>
12406,2021-05-31 21:00:00,<function <lambda> at 0x7fa4962879f0>,<function <lambda> at 0x7fa496287a90>,<function <lambda> at 0x7fa496287b30>
12407,2021-05-31 22:00:00,<function <lambda> at 0x7fa4962879f0>,<function <lambda> at 0x7fa496287a90>,<function <lambda> at 0x7fa496287b30>
12408,2021-05-31 23:00:00,<function <lambda> at 0x7fa4962879f0>,<function <lambda> at 0x7fa496287a90>,<function <lambda> at 0x7fa496287b30>
12409,2021-06-01 00:00:00,<function <lambda> at 0x7fa4962879f0>,<function <lambda> at 0x7fa496287a90>,<function <lambda> at 0x7fa496287b30>
12410,2021-06-01 01:00:00,<function <lambda> at 0x7fa4962879f0>,<function <lambda> at 0x7fa496287a90>,<function <lambda> at 0x7fa496287b30>
12411,2021-06-01 02:00:00,<function <lambda> at 0x7fa4962879f0>,<function <lambda> at 0x7fa496287a90>,<function <lambda> at 0x7fa496287b30>
12412,2021-06-01 03:00:00,<function <lambda> at 0x7fa4962879f0>,<function <lambda> at 0x7fa496287a90>,<function <lambda> at 0x7fa496287b30>
12413,2021-06-01 04:00:00,<function <lambda> at 0x7fa4962879f0>,<function <lambda> at 0x7fa496287a90>,<function <lambda> at 0x7fa496287b30>
12414,2021-06-01 05:00:00,<function <lambda> at 0x7fa4962879f0>,<function <lambda> at 0x7fa496287a90>,<function <lambda> at 0x7fa496287b30>
12415,2021-06-01 06:00:00,<function <lambda> at 0x7fa4962879f0>,<function <lambda> at 0x7fa496287a90>,<function <lambda> at 0x7fa496287b30>
12416,2021-06-01 07:00:00,<function <lambda> at 0x7fa4962879f0>,<function <lambda> at 0x7fa496287a90>,<function <lambda> at 0x7fa496287b30>
12417,2021-06-01 08:00:00,<function <lambda> at 0x7fa4962879f0>,<function <lambda> at 0x7fa496287a90>,<function <lambda> at 0x7fa496287b30>
12418,2021-06-01 09:00:00,<function <lambda> at 0x7fa4962879f0>,<function <lambda> at 0x7fa496287a90>,<function <lambda> at 0x7fa496287b30>
12419,2021-06-01 10:00:00,<function <lambda> at 0x7fa4962879f0>,<function <lambda> at 0x7fa496287a90>,<function <lambda> at 0x7fa496287b30>
12420,2021-06-01 11:00:00,<function <lambda> at 0x7fa4962879f0>,<function <lambda> at 0x7fa496287a90>,<function <lambda> at 0x7fa496287b30>
12421,2021-06-01 12:00:00,<function <lambda> at 0x7fa4962879f0>,<function <lambda> at 0x7fa496287a90>,<function <lambda> at 0x7fa496287b30>
12422,2021-06-01 13:00:00,<function <lambda> at 0x7fa4962879f0>,<function <lambda> at 0x7fa496287a90>,<function <lambda> at 0x7fa496287b30>
12423,2021-06-01 14:00:00,<function <lambda> at 0x7fa4962879f0>,<function <lambda> at 0x7fa496287a90>,<function <lambda> at 0x7fa496287b30>
12424,2021-06-01 15:00:00,<function <lambda> at 0x7fa4962879f0>,<function <lambda> at 0x7fa496287a90>,<function <lambda> at 0x7fa496287b30>
12425,2021-06-01 16:00:00,<function <lambda> at 0x7fa4962879f0>,<function <lambda> at 0x7fa496287a90>,<function <lambda> at 0x7fa496287b30>
12426,2021-06-01 17:00:00,<function <lambda> at 0x7fa4962879f0>,<function <lambda> at 0x7fa496287a90>,<function <lambda> at 0x7fa496287b30>
12427,2021-06-01 18:00:00,<function <lambda> at 0x7fa4962879f0>,<function <lambda> at 0x7fa496287a90>,<function <lambda> at 0x7fa496287b30>
12428,2021-06-01 19:00:00,<function <lambda> at 0x7fa4962879f0>,<function <lambda> at 0x7fa496287a90>,<function <lambda> at 0x7fa496287b30>
12429,2021-06-01 20:00:00,<function <lambda> at 0x7fa4962879f0>,<function <lambda> at 0x7fa496287a90>,<function <lambda> at 0x7fa496287b30>
12430,2021-06-01 21:00:00,<function <lambda> at 0x7fa4962879f0>,<function <lambda> at 0x7fa496287a90>,<function <lambda> at 0x7fa496287b30>
12431,2021-06-01 22:00:00,<function <lambda> at 0x7fa4962879f0>,<function <lambda> at 0x7fa496287a90>,<function <lambda> at 0x7fa496287b30>
12432,2021-06-01 23:00:00,<function <lambda> at 0x7fa4962879f0>,<function <lambda> at 0x7fa496287a90>,<function <lambda> at 0x7fa496287b30>
12433,2021-06-02 00:00:00,<function <lambda> at 0x7fa4962879f0>,<function <lambda> at 0x7fa496287a90>,<function <lambda> at 0x7fa496287b30>
12434,2021-06-02 01:00:00,<function <lambda> at 0x7fa4962879f0>,<function <lambda> at 0x7fa496287a90>,<function <lambda> at 0x7fa496287b30>
12435,2021-06-02 02:00:00,<function <lambda> at 0x7fa4962879f0>,<function <lambda> at 0x7fa496287a90>,<function <lambda> at 0x7fa496287b30>
12436,2021-06-02 03:00:00,<function <lambda> at 0x7fa4962879f0>,<function <lambda> at 0x7fa496287a90>,<function <lambda> at 0x7fa496287b30>
12437,2021-06-02 04:00:00,<function <lambda> at 0x7fa4962879f0>,<function <lambda> at 0x7fa496287a90>,<function <lambda> at 0x7fa496287b30>
12438,2021-06-02 05:00:00,<function <lambda> at 0x7fa4962879f0>,<function <lambda> at 0x7fa496287a90>,<function <lambda> at 0x7fa496287b30>
12439,2021-06-02 06:00:00,<function <lambda> at 0x7fa4962879f0>,<function <lambda> at 0x7fa496287a90>,<function <lambda> at 0x7fa496287b30>
12440,2021-06-02 07:00:00,<function <lambda> at 0x7fa4962879f0>,<function <lambda> at 0x7fa496287a90>,<function <lambda> at 0x7fa496287b30>
12441,2021-06-02 08:00:00,<function <lambda> at 0x7fa4962879f0>,<function <lambda> at 0x7fa496287a90>,<function <lambda> at 0x7fa496287b30>
12442,2021-06-02 09:00:00,<function <lambda> at 0x7fa4962879f0>,<function <lambda> at 0x7fa496287a90>,<function <lambda> at 0x7fa496287b30>
12443,2021-06-02 10:00:00,<function <lambda> at 0x7fa4962879f0>,<function <lambda> at 0x7fa496287a90>,<function <lambda> at 0x7fa496287b30>
12444,2021-06-02 11:00:00,<function <lambda> at 0x7fa4962879f0>,<function <lambda> at 0x7fa496287a90>,<function <lambda> at 0x7fa496287b30>
12445,2021-06-02 12:00:00,<function <lambda> at 0x7fa4962879f0>,<function <lambda> at 0x7fa496287a90>,<function <lambda> at 0x7fa496287b30>
12446,2021-06-02 13:00:00,<function <lambda> at 0x7fa4962879f0>,<function <lambda> at 0x7fa496287a90>,<function <lambda> at 0x7fa496287b30>
12447,2021-06-02 14:00:00,<function <lambda> at 0x7fa4962879f0>,<function <lambda> at 0x7fa496287a90>,<function <lambda> at 0x7fa496287b30>
12448,2021-06-02 15:00:00,<function <lambda> at 0x7fa4962879f0>,<function <lambda> at 0x7fa496287a90>,<function <lambda> at 0x7fa496287b30>
12449,2021-06-02 16:00:00,<function <lambda> at 0x7fa4962879f0>,<function <lambda> at 0x7fa496287a90>,<function <lambda> at 0x7fa496287b30>
12450,2021-06-02 17:00:00,<function <lambda> at 0x7fa4962879f0>,<function <lambda> at 0x7fa496287a90>,<function <lambda> at 0x7fa496287b30>
12451,2021-06-02 18:00:00,<function <lambda> at 0x7fa4962879f0>,<function <lambda> at 0x7fa496287a90>,<function <lambda> at 0x7fa496287b30>
12452,2021-06-02 19:00:00,<function <lambda> at 0x7fa4962879f0>,<function <lambda> at 0x7fa496287a90>,<function <lambda> at 0x7fa496287b30>
12453,2021-06-02 20:00:00,<function <lambda> at 0x7fa4962879f0>,<function <lambda> at 0x7fa496287a90>,<function <lambda> at 0x7fa496287b30>
12454,2021-06-02 21:00:00,<function <lambda> at 0x7fa4962879f0>,<function <lambda> at 0x7fa496287a90>,<function <lambda> at 0x7fa496287b30>
12455,2021-06-02 22:00:00,<function <lambda> at 0x7fa4962879f0>,<function <lambda> at 0x7fa496287a90>,<function <lambda> at 0x7fa496287b30>
12456,2021-06-02 23:00:00,<function <lambda> at 0x7fa4962879f0>,<function <lambda> at 0x7fa496287a90>,<function <lambda> at 0x7fa496287b30>
12457,2021-06-03 00:00:00,<function <lambda> at 0x7fa4962879f0>,<function <lambda> at 0x7fa496287a90>,<function <lambda> at 0x7fa496287b30>
12458,2021-06-03 01:00:00,<function <lambda> at 0x7fa4962879f0>,<function <lambda> at 0x7fa496287a90>,<function <lambda> at 0x7fa496287b30>
12459,2021-06-03 02:00:00,<function <lambda> at 0x7fa4962879f0>,<function <lambda> at 0x7fa496287a90>,<function <lambda> at 0x7fa496287b30>
12460,2021-06-03 03:00:00,<function <lambda> at 0x7fa4962879f0>,<function <lambda> at 0x7fa496287a90>,<function <lambda> at 0x7fa496287b30>
12461,2021-06-03 04:00:00,<function <lambda> at 0x7fa4962879f0>,<function <lambda> at 0x7fa496287a90>,<function <lambda> at 0x7fa496287b30>
12462,2021-06-03 05:00:00,<function <lambda> at 0x7fa4962879f0>,<function <lambda> at 0x7fa496287a90>,<function <lambda> at 0x7fa496287b30>
12463,2021-06-03 06:00:00,<function <lambda> at 0x7fa4962879f0>,<function <lambda> at 0x7fa496287a90>,<function <lambda> at 0x7fa496287b30>
12464,2021-06-03 07:00:00,<function <lambda> at 0x7fa4962879f0>,<function <lambda> at 0x7fa496287a90>,<function <lambda> at 0x7fa496287b30>
12465,2021-06-03 08:00:00,<function <lambda> at 0x7fa4962879f0>,<function <lambda> at 0x7fa496287a90>,<function <lambda> at 0x7fa496287b30>
12466,2021-06-03 09:00:00,<function <lambda> at 0x7fa4962879f0>,<function <lambda> at 0x7fa496287a90>,<function <lambda> at 0x7fa496287b30>
12467,2021-06-03 10:00:00,<function <lambda> at 0x7fa4962879f0>,<function <lambda> at 0x7fa496287a90>,<function <lambda> at 0x7fa496287b30>
12468,2021-06-03 11:00:00,<function <lambda> at 0x7fa4962879f0>,<function <lambda> at 0x7fa496287a90>,<function <lambda> at 0x7fa496287b30>
12469,2021-06-03 12:00:00,<function <lambda> at 0x7fa4962879f0>,<function <lambda> at 0x7fa496287a90>,<function <lambda> at 0x7fa496287b30>
12470,2021-06-03 13:00:00,<function <lambda> at 0x7fa4962879f0>,<function <lambda> at 0x7fa496287a90>,<function <lambda> at 0x7fa496287b30>
12471,2021-06-03 14:00:00,<function <lambda> at 0x7fa4962879f0>,<function <lambda> at 0x7fa496287a90>,<function <lambda> at 0x7fa496287b30>
12472,2021-06-03 15:00:00,<function <lambda> at 0x7fa4962879f0>,<function <lambda> at 0x7fa496287a90>,<function <lambda> at 0x7fa496287b30>
12473,2021-06-03 16:00:00,<function <lambda> at 0x7fa4962879f0>,<function <lambda> at 0x7fa496287a90>,<function <lambda> at 0x7fa496287b30>
12474,2021-06-03 17:00:00,<function <lambda> at 0x7fa4962879f0>,<function <lambda> at 0x7fa496287a90>,<function <lambda> at 0x7fa496287b30>
12475,2021-06-03 18:00:00,<function <lambda> at 0x7fa4962879f0>,<function <lambda> at 0x7fa496287a90>,<function <lambda> at 0x7fa496287b30>
12476,2021-06-03 19:00:00,<function <lambda> at 0x7fa4962879f0>,<function <lambda> at 0x7fa496287a90>,<function <lambda> at 0x7fa496287b30>
12477,2021-06-03 20:00:00,<function <lambda> at 0x7fa4962879f0>,<function <lambda> at 0x7fa496287a90>,<function <lambda> at 0x7fa496287b30>
12478,2021-06-03 21:00:00,<function <lambda> at 0x7fa4962879f0>,<function <lambda> at 0x7fa496287a90>,<function <lambda> at 0x7fa496287b30>
12479,2021-06-03 22:00:00,<function <lambda> at 0x7fa4962879f0>,<function <lambda> at 0x7fa496287a90>,<function <lambda> at 0x7fa496287b30>
12480,2021-06-03 23:00:00,<function <lambda> at 0x7fa4962879f0>,<function <lambda> at 0x7fa496287a90>,<function <lambda> at 0x7fa496287b30>
12481,2021-06-04 00:00:00,<function <lambda> at 0x7fa4962879f0>,<function <lambda> at 0x7fa496287a90>,<function <lambda> at 0x7fa496287b30>
12482,2021-06-04 01:00:00,<function <lambda> at 0x7fa4962879f0>,<function <lambda> at 0x7fa496287a90>,<function <lambda> at 0x7fa496287b30>
12483,2021-06-04 02:00:00,<function <lambda> at 0x7fa4962879f0>,<function <lambda> at 0x7fa496287a90>,<function <lambda> at 0x7fa496287b30>
12484,2021-06-04 03:00:00,<function <lambda> at 0x7fa4962879f0>,<function <lambda> at 0x7fa496287a90>,<function <lambda> at 0x7fa496287b30>
12485,2021-06-04 04:00:00,<function <lambda> at 0x7fa4962879f0>,<function <lambda> at 0x7fa496287a90>,<function <lambda> at 0x7fa496287b30>
12486,2021-06-04 05:00:00,<function <lambda> at 0x7fa4962879f0>,<function <lambda> at 0x7fa496287a90>,<function <lambda> at 0x7fa496287b30>
12487,2021-06-04 06:00:00,<function <lambda> at 0x7fa4962879f0>,<function <lambda> at 0x7fa496287a90>,<function <lambda> at 0x7fa496287b30>
12488,2021-06-04 07:00:00,<function <lambda> at 0x7fa4962879f0>,<function <lambda> at 0x7fa496287a90>,<function <lambda> at 0x7fa496287b30>
12489,2021-06-04 08:00:00,<function <lambda> at 0x7fa4962879f0>,<function <lambda> at 0x7fa496287a90>,<function <lambda> at 0x7fa496287b30>
12490,2021-06-04 09:00:00,<function <lambda> at 0x7fa4962879f0>,<function <lambda> at 0x7fa496287a90>,<function <lambda> at 0x7fa496287b30>
12491,2021-06-04 10:00:00,<function <lambda> at 0x7fa4962879f0>,<function <lambda> at 0x7fa496287a90>,<function <lambda> at 0x7fa496287b30>
12492,2021-06-04 11:00:00,<function <lambda> at 0x7fa4962879f0>,<function <lambda> at 0x7fa496287a90>,<function <lambda> at 0x7fa496287b30>
12493,2021-06-04 12:00:00,<function <lambda> at 0x7fa4962879f0>,<function <lambda> at 0x7fa496287a90>,<function <lambda> at 0x7fa496287b30>
12494,2021-06-04 13:00:00,<function <lambda> at 0x7fa4962879f0>,<function <lambda> at 0x7fa496287a90>,<function <lambda> at 0x7fa496287b30>
12495,2021-06-04 14:00:00,<function <lambda> at 0x7fa4962879f0>,<function <lambda> at 0x7fa496287a90>,<function <lambda> at 0x7fa496287b30>
12496,2021-06-04 15:00:00,<function <lambda> at 0x7fa4962879f0>,<function <lambda> at 0x7fa496287a90>,<function <lambda> at 0x7fa496287b30>
12497,2021-06-04 16:00:00,<function <lambda> at 0x7fa4962879f0>,<function <lambda> at 0x7fa496287a90>,<function <lambda> at 0x7fa496287b30>
12498,2021-06-04 17:00:00,<function <lambda> at 0x7fa4962879f0>,<function <lambda> at 0x7fa496287a90>,<function <lambda> at 0x7fa496287b30>
12499,2021-06-04 18:00:00,<function <lambda> at 0x7fa4962879f0>,<function <lambda> at 0x7fa496287a90>,<function <lambda> at 0x7fa496287b30>
12500,2021-06-04 19:00:00,<function <lambda> at 0x7fa4962879f0>,<function <lambda> at 0x7fa496287a90>,<function <lambda> at 0x7fa496287b30>
12501,2021-06-04 20:00:00,<function <lambda> at 0x7fa4962879f0>,<function <lambda> at 0x7fa496287a90>,<function <lambda> at 0x7fa496287b30>
12502,2021-06-04 21:00:00,<function <lambda> at 0x7fa4962879f0>,<function <lambda> at 0x7fa496287a90>,<function <lambda> at 0x7fa496287b30>
12503,2021-06-04 22:00:00,<function <lambda> at 0x7fa4962879f0>,<function <lambda> at 0x7fa496287a90>,<function <lambda> at 0x7fa496287b30>
12504,2021-06-04 23:00:00,<function <lambda> at 0x7fa4962879f0>,<function <lambda> at 0x7fa496287a90>,<function <lambda> at 0x7fa496287b30>
12505,2021-06-05 00:00:00,<function <lambda> at 0x7fa4962879f0>,<function <lambda> at 0x7fa496287a90>,<function <lambda> at 0x7fa496287b30>
12506,2021-06-05 01:00:00,<function <lambda> at 0x7fa4962879f0>,<function <lambda> at 0x7fa496287a90>,<function <lambda> at 0x7fa496287b30>
12507,2021-06-05 02:00:00,<function <lambda> at 0x7fa4962879f0>,<function <lambda> at 0x7fa496287a90>,<function <lambda> at 0x7fa496287b30>
12508,2021-06-05 03:00:00,<function <lambda> at 0x7fa4962879f0>,<function <lambda> at 0x7fa496287a90>,<function <lambda> at 0x7fa496287b30>
12509,2021-06-05 04:00:00,<function <lambda> at 0x7fa4962879f0>,<function <lambda> at 0x7fa496287a90>,<function <lambda> at 0x7fa496287b30>
12510,2021-06-05 05:00:00,<function <lambda> at 0x7fa4962879f0>,<function <lambda> at 0x7fa496287a90>,<function <lambda> at 0x7fa496287b30>
12511,2021-06-05 06:00:00,<function <lambda> at 0x7fa4962879f0>,<function <lambda> at 0x7fa496287a90>,<function <lambda> at 0x7fa496287b30>
12512,2021-06-05 07:00:00,<function <lambda> at 0x7fa4962879f0>,<function <lambda> at 0x7fa496287a90>,<function <lambda> at 0x7fa496287b30>
12513,2021-06-05 08:00:00,<function <lambda> at 0x7fa4962879f0>,<function <lambda> at 0x7fa496287a90>,<function <lambda> at 0x7fa496287b30>
12514,2021-06-05 09:00:00,<function <lambda> at 0x7fa4962879f0>,<function <lambda> at 0x7fa496287a90>,<function <lambda> at 0x7fa496287b30>
12515,2021-06-05 10:00:00,<function <lambda> at 0x7fa4962879f0>,<function <lambda> at 0x7fa496287a90>,<function <lambda> at 0x7fa496287b30>
12516,2021-06-05 11:00:00,<function <lambda> at 0x7fa4962879f0>,<function <lambda> at 0x7fa496287a90>,<function <lambda> at 0x7fa496287b30>
12517,2021-06-05 12:00:00,<function <lambda> at 0x7fa4962879f0>,<function <lambda> at 0x7fa496287a90>,<function <lambda> at 0x7fa496287b30>
12518,2021-06-05 13:00:00,<function <lambda> at 0x7fa4962879f0>,<function <lambda> at 0x7fa496287a90>,<function <lambda> at 0x7fa496287b30>
12519,2021-06-05 14:00:00,<function <lambda> at 0x7fa4962879f0>,<function <lambda> at 0x7fa496287a90>,<function <lambda> at 0x7fa496287b30>
12520,2021-06-05 15:00:00,<function <lambda> at 0x7fa4962879f0>,<function <lambda> at 0x7fa496287a90>,<function <lambda> at 0x7fa496287b30>
12521,2021-06-05 16:00:00,<function <lambda> at 0x7fa4962879f0>,<function <lambda> at 0x7fa496287a90>,<function <lambda> at 0x7fa496287b30>
12522,2021-06-05 17:00:00,<function <lambda> at 0x7fa4962879f0>,<function <lambda> at 0x7fa496287a90>,<function <lambda> at 0x7fa496287b30>
12523,2021-06-05 18:00:00,<function <lambda> at 0x7fa4962879f0>,<function <lambda> at 0x7fa496287a90>,<function <lambda> at 0x7fa496287b30>
12524,2021-06-05 19:00:00,<function <lambda> at 0x7fa4962879f0>,<function <lambda> at 0x7fa496287a90>,<function <lambda> at 0x7fa496287b30>
12525,2021-06-05 20:00:00,<function <lambda> at 0x7fa4962879f0>,<function <lambda> at 0x7fa496287a90>,<function <lambda> at 0x7fa496287b30>
12526,2021-06-05 21:00:00,<function <lambda> at 0x7fa4962879f0>,<function <lambda> at 0x7fa496287a90>,<function <lambda> at 0x7fa496287b30>
12527,2021-06-05 22:00:00,<function <lambda> at 0x7fa4962879f0>,<function <lambda> at 0x7fa496287a90>,<function <lambda> at 0x7fa496287b30>
12528,2021-06-05 23:00:00,<function <lambda> at 0x7fa4962879f0>,<function <lambda> at 0x7fa496287a90>,<function <lambda> at 0x7fa496287b30>
12529,2021-06-06 00:00:00,<function <lambda> at 0x7fa4962879f0>,<function <lambda> at 0x7fa496287a90>,<function <lambda> at 0x7fa496287b30>
12530,2021-06-06 01:00:00,<function <lambda> at 0x7fa4962879f0>,<function <lambda> at 0x7fa496287a90>,<function <lambda> at 0x7fa496287b30>
12531,2021-06-06 02:00:00,<function <lambda> at 0x7fa4962879f0>,<function <lambda> at 0x7fa496287a90>,<function <lambda> at 0x7fa496287b30>
12532,2021-06-06 03:00:00,<function <lambda> at 0x7fa4962879f0>,<function <lambda> at 0x7fa496287a90>,<function <lambda> at 0x7fa496287b30>
12533,2021-06-06 04:00:00,<function <lambda> at 0x7fa4962879f0>,<function <lambda> at 0x7fa496287a90>,<function <lambda> at 0x7fa496287b30>
12534,2021-06-06 05:00:00,<function <lambda> at 0x7fa4962879f0>,<function <lambda> at 0x7fa496287a90>,<function <lambda> at 0x7fa496287b30>
12535,2021-06-06 06:00:00,<function <lambda> at 0x7fa4962879f0>,<function <lambda> at 0x7fa496287a90>,<function <lambda> at 0x7fa496287b30>
12536,2021-06-06 07:00:00,<function <lambda> at 0x7fa4962879f0>,<function <lambda> at 0x7fa496287a90>,<function <lambda> at 0x7fa496287b30>
12537,2021-06-06 08:00:00,<function <lambda> at 0x7fa4962879f0>,<function <lambda> at 0x7fa496287a90>,<function <lambda> at 0x7fa496287b30>
12538,2021-06-06 09:00:00,<function <lambda> at 0x7fa4962879f0>,<function <lambda> at 0x7fa496287a90>,<function <lambda> at 0x7fa496287b30>
12539,2021-06-06 10:00:00,<function <lambda> at 0x7fa4962879f0>,<function <lambda> at 0x7fa496287a90>,<function <lambda> at 0x7fa496287b30>
12540,2021-06-06 11:00:00,<function <lambda> at 0x7fa4962879f0>,<function <lambda> at 0x7fa496287a90>,<function <lambda> at 0x7fa496287b30>
12541,2021-06-06 12:00:00,<function <lambda> at 0x7fa4962879f0>,<function <lambda> at 0x7fa496287a90>,<function <lambda> at 0x7fa496287b30>
12542,2021-06-06 13:00:00,<function <lambda> at 0x7fa4962879f0>,<function <lambda> at 0x7fa496287a90>,<function <lambda> at 0x7fa496287b30>
12543,2021-06-06 14:00:00,<function <lambda> at 0x7fa4962879f0>,<function <lambda> at 0x7fa496287a90>,<function <lambda> at 0x7fa496287b30>
12544,2021-06-06 15:00:00,<function <lambda> at 0x7fa4962879f0>,<function <lambda> at 0x7fa496287a90>,<function <lambda> at 0x7fa496287b30>
12545,2021-06-06 16:00:00,<function <lambda> at 0x7fa4962879f0>,<function <lambda> at 0x7fa496287a90>,<function <lambda> at 0x7fa496287b30>
12546,2021-06-06 17:00:00,<function <lambda> at 0x7fa4962879f0>,<function <lambda> at 0x7fa496287a90>,<function <lambda> at 0x7fa496287b30>
12547,2021-06-06 18:00:00,<function <lambda> at 0x7fa4962879f0>,<function <lambda> at 0x7fa496287a90>,<function <lambda> at 0x7fa496287b30>
12548,2021-06-06 19:00:00,<function <lambda> at 0x7fa4962879f0>,<function <lambda> at 0x7fa496287a90>,<function <lambda> at 0x7fa496287b30>
12549,2021-06-06 20:00:00,<function <lambda> at 0x7fa4962879f0>,<function <lambda> at 0x7fa496287a90>,<function <lambda> at 0x7fa496287b30>
12550,2021-06-06 21:00:00,<function <lambda> at 0x7fa4962879f0>,<function <lambda> at 0x7fa496287a90>,<function <lambda> at 0x7fa496287b30>
12551,2021-06-06 22:00:00,<function <lambda> at 0x7fa4962879f0>,<function <lambda> at 0x7fa496287a90>,<function <lambda> at 0x7fa496287b30>
12552,2021-06-06 23:00:00,<function <lambda> at 0x7fa4962879f0>,<function <lambda> at 0x7fa496287a90>,<function <lambda> at 0x7fa496287b30>
12553,2021-06-07 00:00:00,<function <lambda> at 0x7fa4962879f0>,<function <lambda> at 0x7fa496287a90>,<function <lambda> at 0x7fa496287b30>
12554,2021-06-07 01:00:00,<function <lambda> at 0x7fa4962879f0>,<function <lambda> at 0x7fa496287a90>,<function <lambda> at 0x7fa496287b30>
12555,2021-06-07 02:00:00,<function <lambda> at 0x7fa4962879f0>,<function <lambda> at 0x7fa496287a90>,<function <lambda> at 0x7fa496287b30>
12556,2021-06-07 03:00:00,<function <lambda> at 0x7fa4962879f0>,<function <lambda> at 0x7fa496287a90>,<function <lambda> at 0x7fa496287b30>
12557,2021-06-07 04:00:00,<function <lambda> at 0x7fa4962879f0>,<function <lambda> at 0x7fa496287a90>,<function <lambda> at 0x7fa496287b30>
12558,2021-06-07 05:00:00,<function <lambda> at 0x7fa4962879f0>,<function <lambda> at 0x7fa496287a90>,<function <lambda> at 0x7fa496287b30>
12559,2021-06-07 06:00:00,<function <lambda> at 0x7fa4962879f0>,<function <lambda> at 0x7fa496287a90>,<function <lambda> at 0x7fa496287b30>
12560,2021-06-07 07:00:00,<function <lambda> at 0x7fa4962879f0>,<function <lambda> at 0x7fa496287a90>,<function <lambda> at 0x7fa496287b30>
12561,2021-06-07 08:00:00,<function <lambda> at 0x7fa4962879f0>,<function <lambda> at 0x7fa496287a90>,<function <lambda> at 0x7fa496287b30>
12562,2021-06-07 09:00:00,<function <lambda> at 0x7fa4962879f0>,<function <lambda> at 0x7fa496287a90>,<function <lambda> at 0x7fa496287b30>
12563,2021-06-07 10:00:00,<function <lambda> at 0x7fa4962879f0>,<function <lambda> at 0x7fa496287a90>,<function <lambda> at 0x7fa496287b30>
12564,2021-06-07 11:00:00,<function <lambda> at 0x7fa4962879f0>,<function <lambda> at 0x7fa496287a90>,<function <lambda> at 0x7fa496287b30>
12565,2021-06-07 12:00:00,<function <lambda> at 0x7fa4962879f0>,<function <lambda> at 0x7fa496287a90>,<function <lambda> at 0x7fa496287b30>
12566,2021-06-07 13:00:00,<function <lambda> at 0x7fa4962879f0>,<function <lambda> at 0x7fa496287a90>,<function <lambda> at 0x7fa496287b30>
12567,2021-06-07 14:00:00,<function <lambda> at 0x7fa4962879f0>,<function <lambda> at 0x7fa496287a90>,<function <lambda> at 0x7fa496287b30>
12568,2021-06-07 15:00:00,<function <lambda> at 0x7fa4962879f0>,<function <lambda> at 0x7fa496287a90>,<function <lambda> at 0x7fa496287b30>
12569,2021-06-07 16:00:00,<function <lambda> at 0x7fa4962879f0>,<function <lambda> at 0x7fa496287a90>,<function <lambda> at 0x7fa496287b30>
12570,2021-06-07 17:00:00,<function <lambda> at 0x7fa4962879f0>,<function <lambda> at 0x7fa496287a90>,<function <lambda> at 0x7fa496287b30>
12571,2021-06-07 18:00:00,<function <lambda> at 0x7fa4962879f0>,<function <lambda> at 0x7fa496287a90>,<function <lambda> at 0x7fa496287b30>
12572,2021-06-07 19:00:00,<function <lambda> at 0x7fa4962879f0>,<function <lambda> at 0x7fa496287a90>,<function <lambda> at 0x7fa496287b30>
12573,2021-06-07 20:00:00,<function <lambda> at 0x7fa4962879f0>,<function <lambda> at 0x7fa496287a90>,<function <lambda> at 0x7fa496287b30>
12574,2021-06-07 21:00:00,<function <lambda> at 0x7fa4962879f0>,<function <lambda> at 0x7fa496287a90>,<function <lambda> at 0x7fa496287b30>
12575,2021-06-07 22:00:00,<function <lambda> at 0x7fa4962879f0>,<function <lambda> at 0x7fa496287a90>,<function <lambda> at 0x7fa496287b30>
12576,2021-06-07 23:00:00,<function <lambda> at 0x7fa4962879f0>,<function <lambda> at 0x7fa496287a90>,<function <lambda> at 0x7fa496287b30>
12577,2021-06-08 00:00:00,<function <lambda> at 0x7fa4962879f0>,<function <lambda> at 0x7fa496287a90>,<function <lambda> at 0x7fa496287b30>
12578,2021-06-08 01:00:00,<function <lambda> at 0x7fa4962879f0>,<function <lambda> at 0x7fa496287a90>,<function <lambda> at 0x7fa496287b30>
12579,2021-06-08 02:00:00,<function <lambda> at 0x7fa4962879f0>,<function <lambda> at 0x7fa496287a90>,<function <lambda> at 0x7fa496287b30>
12580,2021-06-08 03:00:00,<function <lambda> at 0x7fa4962879f0>,<function <lambda> at 0x7fa496287a90>,<function <lambda> at 0x7fa496287b30>
12581,2021-06-08 04:00:00,<function <lambda> at 0x7fa4962879f0>,<function <lambda> at 0x7fa496287a90>,<function <lambda> at 0x7fa496287b30>
12582,2021-06-08 05:00:00,<function <lambda> at 0x7fa4962879f0>,<function <lambda> at 0x7fa496287a90>,<function <lambda> at 0x7fa496287b30>
12583,2021-06-08 06:00:00,<function <lambda> at 0x7fa4962879f0>,<function <lambda> at 0x7fa496287a90>,<function <lambda> at 0x7fa496287b30>
12584,2021-06-08 07:00:00,<function <lambda> at 0x7fa4962879f0>,<function <lambda> at 0x7fa496287a90>,<function <lambda> at 0x7fa496287b30>
12585,2021-06-08 08:00:00,<function <lambda> at 0x7fa4962879f0>,<function <lambda> at 0x7fa496287a90>,<function <lambda> at 0x7fa496287b30>
12586,2021-06-08 09:00:00,<function <lambda> at 0x7fa4962879f0>,<function <lambda> at 0x7fa496287a90>,<function <lambda> at 0x7fa496287b30>
12587,2021-06-08 10:00:00,<function <lambda> at 0x7fa4962879f0>,<function <lambda> at 0x7fa496287a90>,<function <lambda> at 0x7fa496287b30>
12588,2021-06-08 11:00:00,<function <lambda> at 0x7fa4962879f0>,<function <lambda> at 0x7fa496287a90>,<function <lambda> at 0x7fa496287b30>
12589,2021-06-08 12:00:00,<function <lambda> at 0x7fa4962879f0>,<function <lambda> at 0x7fa496287a90>,<function <lambda> at 0x7fa496287b30>
12590,2021-06-08 13:00:00,<function <lambda> at 0x7fa4962879f0>,<function <lambda> at 0x7fa496287a90>,<function <lambda> at 0x7fa496287b30>
12591,2021-06-08 14:00:00,<function <lambda> at 0x7fa4962879f0>,<function <lambda> at 0x7fa496287a90>,<function <lambda> at 0x7fa496287b30>
12592,2021-06-08 15:00:00,<function <lambda> at 0x7fa4962879f0>,<function <lambda> at 0x7fa496287a90>,<function <lambda> at 0x7fa496287b30>
12593,2021-06-08 16:00:00,<function <lambda> at 0x7fa4962879f0>,<function <lambda> at 0x7fa496287a90>,<function <lambda> at 0x7fa496287b30>
12594,2021-06-08 17:00:00,<function <lambda> at 0x7fa4962879f0>,<function <lambda> at 0x7fa496287a90>,<function <lambda> at 0x7fa496287b30>
12595,2021-06-08 18:00:00,<function <lambda> at 0x7fa4962879f0>,<function <lambda> at 0x7fa496287a90>,<function <lambda> at 0x7fa496287b30>
12596,2021-06-08 19:00:00,<function <lambda> at 0x7fa4962879f0>,<function <lambda> at 0x7fa496287a90>,<function <lambda> at 0x7fa496287b30>
12597,2021-06-08 20:00:00,<function <lambda> at 0x7fa4962879f0>,<function <lambda> at 0x7fa496287a90>,<function <lambda> at 0x7fa496287b30>
12598,2021-06-08 21:00:00,<function <lambda> at 0x7fa4962879f0>,<function <lambda> at 0x7fa496287a90>,<function <lambda> at 0x7fa496287b30>
12599,2021-06-08 22:00:00,<function <lambda> at 0x7fa4962879f0>,<function <lambda> at 0x7fa496287a90>,<function <lambda> at 0x7fa496287b30>
12600,2021-06-08 23:00:00,<function <lambda> at 0x7fa4962879f0>,<function <lambda> at 0x7fa496287a90>,<function <lambda> at 0x7fa496287b30>
12601,2021-06-09 00:00:00,<function <lambda> at 0x7fa4962879f0>,<function <lambda> at 0x7fa496287a90>,<function <lambda> at 0x7fa496287b30>
12602,2021-06-09 01:00:00,<function <lambda> at 0x7fa4962879f0>,<function <lambda> at 0x7fa496287a90>,<function <lambda> at 0x7fa496287b30>
12603,2021-06-09 02:00:00,<function <lambda> at 0x7fa4962879f0>,<function <lambda> at 0x7fa496287a90>,<function <lambda> at 0x7fa496287b30>
12604,2021-06-09 03:00:00,<function <lambda> at 0x7fa4962879f0>,<function <lambda> at 0x7fa496287a90>,<function <lambda> at 0x7fa496287b30>
12605,2021-06-09 04:00:00,<function <lambda> at 0x7fa4962879f0>,<function <lambda> at 0x7fa496287a90>,<function <lambda> at 0x7fa496287b30>
12606,2021-06-09 05:00:00,<function <lambda> at 0x7fa4962879f0>,<function <lambda> at 0x7fa496287a90>,<function <lambda> at 0x7fa496287b30>
12607,2021-06-09 06:00:00,<function <lambda> at 0x7fa4962879f0>,<function <lambda> at 0x7fa496287a90>,<function <lambda> at 0x7fa496287b30>
12608,2021-06-09 07:00:00,<function <lambda> at 0x7fa4962879f0>,<function <lambda> at 0x7fa496287a90>,<function <lambda> at 0x7fa496287b30>
12609,2021-06-09 08:00:00,<function <lambda> at 0x7fa4962879f0>,<function <lambda> at 0x7fa496287a90>,<function <lambda> at 0x7fa496287b30>
12610,2021-06-09 09:00:00,<function <lambda> at 0x7fa4962879f0>,<function <lambda> at 0x7fa496287a90>,<function <lambda> at 0x7fa496287b30>
12611,2021-06-09 10:00:00,<function <lambda> at 0x7fa4962879f0>,<function <lambda> at 0x7fa496287a90>,<function <lambda> at 0x7fa496287b30>
12612,2021-06-09 11:00:00,<function <lambda> at 0x7fa4962879f0>,<function <lambda> at 0x7fa496287a90>,<function <lambda> at 0x7fa496287b30>
12613,2021-06-09 12:00:00,<function <lambda> at 0x7fa4962879f0>,<function <lambda> at 0x7fa496287a90>,<function <lambda> at 0x7fa496287b30>
12614,2021-06-09 13:00:00,<function <lambda> at 0x7fa4962879f0>,<function <lambda> at 0x7fa496287a90>,<function <lambda> at 0x7fa496287b30>
12615,2021-06-09 14:00:00,<function <lambda> at 0x7fa4962879f0>,<function <lambda> at 0x7fa496287a90>,<function <lambda> at 0x7fa496287b30>
12616,2021-06-09 15:00:00,<function <lambda> at 0x7fa4962879f0>,<function <lambda> at 0x7fa496287a90>,<function <lambda> at 0x7fa496287b30>
12617,2021-06-09 16:00:00,<function <lambda> at 0x7fa4962879f0>,<function <lambda> at 0x7fa496287a90>,<function <lambda> at 0x7fa496287b30>
12618,2021-06-09 17:00:00,<function <lambda> at 0x7fa4962879f0>,<function <lambda> at 0x7fa496287a90>,<function <lambda> at 0x7fa496287b30>
12619,2021-06-09 18:00:00,<function <lambda> at 0x7fa4962879f0>,<function <lambda> at 0x7fa496287a90>,<function <lambda> at 0x7fa496287b30>
12620,2021-06-09 19:00:00,<function <lambda> at 0x7fa4962879f0>,<function <lambda> at 0x7fa496287a90>,<function <lambda> at 0x7fa496287b30>
12621,2021-06-09 20:00:00,<function <lambda> at 0x7fa4962879f0>,<function <lambda> at 0x7fa496287a90>,<function <lambda> at 0x7fa496287b30>
12622,2021-06-09 21:00:00,<function <lambda> at 0x7fa4962879f0>,<function <lambda> at 0x7fa496287a90>,<function <lambda> at 0x7fa496287b30>
12623,2021-06-09 22:00:00,<function <lambda> at 0x7fa4962879f0>,<function <lambda> at 0x7fa496287a90>,<function <lambda> at 0x7fa496287b30>
12624,2021-06-09 23:00:00,<function <lambda> at 0x7fa4962879f0>,<function <lambda> at 0x7fa496287a90>,<function <lambda> at 0x7fa496287b30>
12625,2021-06-10 00:00:00,<function <lambda> at 0x7fa4962879f0>,<function <lambda> at 0x7fa496287a90>,<function <lambda> at 0x7fa496287b30>
12626,2021-06-10 01:00:00,<function <lambda> at 0x7fa4962879f0>,<function <lambda> at 0x7fa496287a90>,<function <lambda> at 0x7fa496287b30>
12627,2021-06-10 02:00:00,<function <lambda> at 0x7fa4962879f0>,<function <lambda> at 0x7fa496287a90>,<function <lambda> at 0x7fa496287b30>
12628,2021-06-10 03:00:00,<function <lambda> at 0x7fa4962879f0>,<function <lambda> at 0x7fa496287a90>,<function <lambda> at 0x7fa496287b30>
12629,2021-06-10 04:00:00,<function <lambda> at 0x7fa4962879f0>,<function <lambda> at 0x7fa496287a90>,<function <lambda> at 0x7fa496287b30>
12630,2021-06-10 05:00:00,<function <lambda> at 0x7fa4962879f0>,<function <lambda> at 0x7fa496287a90>,<function <lambda> at 0x7fa496287b30>
12631,2021-06-10 06:00:00,<function <lambda> at 0x7fa4962879f0>,<function <lambda> at 0x7fa496287a90>,<function <lambda> at 0x7fa496287b30>
12632,2021-06-10 07:00:00,<function <lambda> at 0x7fa4962879f0>,<function <lambda> at 0x7fa496287a90>,<function <lambda> at 0x7fa496287b30>
12633,2021-06-10 08:00:00,<function <lambda> at 0x7fa4962879f0>,<function <lambda> at 0x7fa496287a90>,<function <lambda> at 0x7fa496287b30>
12634,2021-06-10 09:00:00,<function <lambda> at 0x7fa4962879f0>,<function <lambda> at 0x7fa496287a90>,<function <lambda> at 0x7fa496287b30>
12635,2021-06-10 10:00:00,<function <lambda> at 0x7fa4962879f0>,<function <lambda> at 0x7fa496287a90>,<function <lambda> at 0x7fa496287b30>
12636,2021-06-10 11:00:00,<function <lambda> at 0x7fa4962879f0>,<function <lambda> at 0x7fa496287a90>,<function <lambda> at 0x7fa496287b30>
12637,2021-06-10 12:00:00,<function <lambda> at 0x7fa4962879f0>,<function <lambda> at 0x7fa496287a90>,<function <lambda> at 0x7fa496287b30>
12638,2021-06-10 13:00:00,<function <lambda> at 0x7fa4962879f0>,<function <lambda> at 0x7fa496287a90>,<function <lambda> at 0x7fa496287b30>
12639,2021-06-10 14:00:00,<function <lambda> at 0x7fa4962879f0>,<function <lambda> at 0x7fa496287a90>,<function <lambda> at 0x7fa496287b30>
12640,2021-06-10 15:00:00,<function <lambda> at 0x7fa4962879f0>,<function <lambda> at 0x7fa496287a90>,<function <lambda> at 0x7fa496287b30>
12641,2021-06-10 16:00:00,<function <lambda> at 0x7fa4962879f0>,<function <lambda> at 0x7fa496287a90>,<function <lambda> at 0x7fa496287b30>
12642,2021-06-10 17:00:00,<function <lambda> at 0x7fa4962879f0>,<function <lambda> at 0x7fa496287a90>,<function <lambda> at 0x7fa496287b30>
12643,2021-06-10 18:00:00,<function <lambda> at 0x7fa4962879f0>,<function <lambda> at 0x7fa496287a90>,<function <lambda> at 0x7fa496287b30>
12644,2021-06-10 19:00:00,<function <lambda> at 0x7fa4962879f0>,<function <lambda> at 0x7fa496287a90>,<function <lambda> at 0x7fa496287b30>
12645,2021-06-10 20:00:00,<function <lambda> at 0x7fa4962879f0>,<function <lambda> at 0x7fa496287a90>,<function <lambda> at 0x7fa496287b30>
12646,2021-06-10 21:00:00,<function <lambda> at 0x7fa4962879f0>,<function <lambda> at 0x7fa496287a90>,<function <lambda> at 0x7fa496287b30>
12647,2021-06-10 22:00:00,<function <lambda> at 0x7fa4962879f0>,<function <lambda> at 0x7fa496287a90>,<function <lambda> at 0x7fa496287b30>
12648,2021-06-10 23:00:00,<function <lambda> at 0x7fa4962879f0>,<function <lambda> at 0x7fa496287a90>,<function <lambda> at 0x7fa496287b30>
12649,2021-06-11 00:00:00,<function <lambda> at 0x7fa4962879f0>,<function <lambda> at 0x7fa496287a90>,<function <lambda> at 0x7fa496287b30>
12650,2021-06-11 01:00:00,<function <lambda> at 0x7fa4962879f0>,<function <lambda> at 0x7fa496287a90>,<function <lambda> at 0x7fa496287b30>
12651,2021-06-11 02:00:00,<function <lambda> at 0x7fa4962879f0>,<function <lambda> at 0x7fa496287a90>,<function <lambda> at 0x7fa496287b30>
12652,2021-06-11 03:00:00,<function <lambda> at 0x7fa4962879f0>,<function <lambda> at 0x7fa496287a90>,<function <lambda> at 0x7fa496287b30>
12653,2021-06-11 04:00:00,<function <lambda> at 0x7fa4962879f0>,<function <lambda> at 0x7fa496287a90>,<function <lambda> at 0x7fa496287b30>
12654,2021-06-11 05:00:00,<function <lambda> at 0x7fa4962879f0>,<function <lambda> at 0x7fa496287a90>,<function <lambda> at 0x7fa496287b30>
12655,2021-06-11 06:00:00,<function <lambda> at 0x7fa4962879f0>,<function <lambda> at 0x7fa496287a90>,<function <lambda> at 0x7fa496287b30>
12656,2021-06-11 07:00:00,<function <lambda> at 0x7fa4962879f0>,<function <lambda> at 0x7fa496287a90>,<function <lambda> at 0x7fa496287b30>
12657,2021-06-11 08:00:00,<function <lambda> at 0x7fa4962879f0>,<function <lambda> at 0x7fa496287a90>,<function <lambda> at 0x7fa496287b30>
12658,2021-06-11 09:00:00,<function <lambda> at 0x7fa4962879f0>,<function <lambda> at 0x7fa496287a90>,<function <lambda> at 0x7fa496287b30>
12659,2021-06-11 10:00:00,<function <lambda> at 0x7fa4962879f0>,<function <lambda> at 0x7fa496287a90>,<function <lambda> at 0x7fa496287b30>
12660,2021-06-11 11:00:00,<function <lambda> at 0x7fa4962879f0>,<function <lambda> at 0x7fa496287a90>,<function <lambda> at 0x7fa496287b30>
12661,2021-06-11 12:00:00,<function <lambda> at 0x7fa4962879f0>,<function <lambda> at 0x7fa496287a90>,<function <lambda> at 0x7fa496287b30>
12662,2021-06-11 13:00:00,<function <lambda> at 0x7fa4962879f0>,<function <lambda> at 0x7fa496287a90>,<function <lambda> at 0x7fa496287b30>
12663,2021-06-11 14:00:00,<function <lambda> at 0x7fa4962879f0>,<function <lambda> at 0x7fa496287a90>,<function <lambda> at 0x7fa496287b30>
12664,2021-06-11 15:00:00,<function <lambda> at 0x7fa4962879f0>,<function <lambda> at 0x7fa496287a90>,<function <lambda> at 0x7fa496287b30>
12665,2021-06-11 16:00:00,<function <lambda> at 0x7fa4962879f0>,<function <lambda> at 0x7fa496287a90>,<function <lambda> at 0x7fa496287b30>
12666,2021-06-11 17:00:00,<function <lambda> at 0x7fa4962879f0>,<function <lambda> at 0x7fa496287a90>,<function <lambda> at 0x7fa496287b30>
12667,2021-06-11 18:00:00,<function <lambda> at 0x7fa4962879f0>,<function <lambda> at 0x7fa496287a90>,<function <lambda> at 0x7fa496287b30>
12668,2021-06-11 19:00:00,<function <lambda> at 0x7fa4962879f0>,<function <lambda> at 0x7fa496287a90>,<function <lambda> at 0x7fa496287b30>
12669,2021-06-11 20:00:00,<function <lambda> at 0x7fa4962879f0>,<function <lambda> at 0x7fa496287a90>,<function <lambda> at 0x7fa496287b30>
12670,2021-06-11 21:00:00,<function <lambda> at 0x7fa4962879f0>,<function <lambda> at 0x7fa496287a90>,<function <lambda> at 0x7fa496287b30>
12671,2021-06-11 22:00:00,<function <lambda> at 0x7fa4962879f0>,<function <lambda> at 0x7fa496287a90>,<function <lambda> at 0x7fa496287b30>
12672,2021-06-11 23:00:00,<function <lambda> at 0x7fa4962879f0>,<function <lambda> at 0x7fa496287a90>,<function <lambda> at 0x7fa496287b30>
12673,2021-06-12 00:00:00,<function <lambda> at 0x7fa4962879f0>,<function <lambda> at 0x7fa496287a90>,<function <lambda> at 0x7fa496287b30>
12674,2021-06-12 01:00:00,<function <lambda> at 0x7fa4962879f0>,<function <lambda> at 0x7fa496287a90>,<function <lambda> at 0x7fa496287b30>
12675,2021-06-12 02:00:00,<function <lambda> at 0x7fa4962879f0>,<function <lambda> at 0x7fa496287a90>,<function <lambda> at 0x7fa496287b30>
12676,2021-06-12 03:00:00,<function <lambda> at 0x7fa4962879f0>,<function <lambda> at 0x7fa496287a90>,<function <lambda> at 0x7fa496287b30>
12677,2021-06-12 04:00:00,<function <lambda> at 0x7fa4962879f0>,<function <lambda> at 0x7fa496287a90>,<function <lambda> at 0x7fa496287b30>
12678,2021-06-12 05:00:00,<function <lambda> at 0x7fa4962879f0>,<function <lambda> at 0x7fa496287a90>,<function <lambda> at 0x7fa496287b30>
12679,2021-06-12 06:00:00,<function <lambda> at 0x7fa4962879f0>,<function <lambda> at 0x7fa496287a90>,<function <lambda> at 0x7fa496287b30>
12680,2021-06-12 07:00:00,<function <lambda> at 0x7fa4962879f0>,<function <lambda> at 0x7fa496287a90>,<function <lambda> at 0x7fa496287b30>
12681,2021-06-12 08:00:00,<function <lambda> at 0x7fa4962879f0>,<function <lambda> at 0x7fa496287a90>,<function <lambda> at 0x7fa496287b30>
12682,2021-06-12 09:00:00,<function <lambda> at 0x7fa4962879f0>,<function <lambda> at 0x7fa496287a90>,<function <lambda> at 0x7fa496287b30>
12683,2021-06-12 10:00:00,<function <lambda> at 0x7fa4962879f0>,<function <lambda> at 0x7fa496287a90>,<function <lambda> at 0x7fa496287b30>
12684,2021-06-12 11:00:00,<function <lambda> at 0x7fa4962879f0>,<function <lambda> at 0x7fa496287a90>,<function <lambda> at 0x7fa496287b30>
12685,2021-06-12 12:00:00,<function <lambda> at 0x7fa4962879f0>,<function <lambda> at 0x7fa496287a90>,<function <lambda> at 0x7fa496287b30>
12686,2021-06-12 13:00:00,<function <lambda> at 0x7fa4962879f0>,<function <lambda> at 0x7fa496287a90>,<function <lambda> at 0x7fa496287b30>
12687,2021-06-12 14:00:00,<function <lambda> at 0x7fa4962879f0>,<function <lambda> at 0x7fa496287a90>,<function <lambda> at 0x7fa496287b30>
12688,2021-06-12 15:00:00,<function <lambda> at 0x7fa4962879f0>,<function <lambda> at 0x7fa496287a90>,<function <lambda> at 0x7fa496287b30>
12689,2021-06-12 16:00:00,<function <lambda> at 0x7fa4962879f0>,<function <lambda> at 0x7fa496287a90>,<function <lambda> at 0x7fa496287b30>
12690,2021-06-12 17:00:00,<function <lambda> at 0x7fa4962879f0>,<function <lambda> at 0x7fa496287a90>,<function <lambda> at 0x7fa496287b30>
12691,2021-06-12 18:00:00,<function <lambda> at 0x7fa4962879f0>,<function <lambda> at 0x7fa496287a90>,<function <lambda> at 0x7fa496287b30>
12692,2021-06-12 19:00:00,<function <lambda> at 0x7fa4962879f0>,<function <lambda> at 0x7fa496287a90>,<function <lambda> at 0x7fa496287b30>
12693,2021-06-12 20:00:00,<function <lambda> at 0x7fa4962879f0>,<function <lambda> at 0x7fa496287a90>,<function <lambda> at 0x7fa496287b30>
12694,2021-06-12 21:00:00,<function <lambda> at 0x7fa4962879f0>,<function <lambda> at 0x7fa496287a90>,<function <lambda> at 0x7fa496287b30>
12695,2021-06-12 22:00:00,<function <lambda> at 0x7fa4962879f0>,<function <lambda> at 0x7fa496287a90>,<function <lambda> at 0x7fa496287b30>
12696,2021-06-12 23:00:00,<function <lambda> at 0x7fa4962879f0>,<function <lambda> at 0x7fa496287a90>,<function <lambda> at 0x7fa496287b30>
12697,2021-06-13 00:00:00,<function <lambda> at 0x7fa4962879f0>,<function <lambda> at 0x7fa496287a90>,<function <lambda> at 0x7fa496287b30>
12698,2021-06-13 01:00:00,<function <lambda> at 0x7fa4962879f0>,<function <lambda> at 0x7fa496287a90>,<function <lambda> at 0x7fa496287b30>
12699,2021-06-13 02:00:00,<function <lambda> at 0x7fa4962879f0>,<function <lambda> at 0x7fa496287a90>,<function <lambda> at 0x7fa496287b30>
12700,2021-06-13 03:00:00,<function <lambda> at 0x7fa4962879f0>,<function <lambda> at 0x7fa496287a90>,<function <lambda> at 0x7fa496287b30>
12701,2021-06-13 04:00:00,<function <lambda> at 0x7fa4962879f0>,<function <lambda> at 0x7fa496287a90>,<function <lambda> at 0x7fa496287b30>
12702,2021-06-13 05:00:00,<function <lambda> at 0x7fa4962879f0>,<function <lambda> at 0x7fa496287a90>,<function <lambda> at 0x7fa496287b30>
12703,2021-06-13 06:00:00,<function <lambda> at 0x7fa4962879f0>,<function <lambda> at 0x7fa496287a90>,<function <lambda> at 0x7fa496287b30>
12704,2021-06-13 07:00:00,<function <lambda> at 0x7fa4962879f0>,<function <lambda> at 0x7fa496287a90>,<function <lambda> at 0x7fa496287b30>
12705,2021-06-13 08:00:00,<function <lambda> at 0x7fa4962879f0>,<function <lambda> at 0x7fa496287a90>,<function <lambda> at 0x7fa496287b30>
12706,2021-06-13 09:00:00,<function <lambda> at 0x7fa4962879f0>,<function <lambda> at 0x7fa496287a90>,<function <lambda> at 0x7fa496287b30>
12707,2021-06-13 10:00:00,<function <lambda> at 0x7fa4962879f0>,<function <lambda> at 0x7fa496287a90>,<function <lambda> at 0x7fa496287b30>
12708,2021-06-13 11:00:00,<function <lambda> at 0x7fa4962879f0>,<function <lambda> at 0x7fa496287a90>,<function <lambda> at 0x7fa496287b30>
12709,2021-06-13 12:00:00,<function <lambda> at 0x7fa4962879f0>,<function <lambda> at 0x7fa496287a90>,<function <lambda> at 0x7fa496287b30>
12710,2021-06-13 13:00:00,<function <lambda> at 0x7fa4962879f0>,<function <lambda> at 0x7fa496287a90>,<function <lambda> at 0x7fa496287b30>
12711,2021-06-13 14:00:00,<function <lambda> at 0x7fa4962879f0>,<function <lambda> at 0x7fa496287a90>,<function <lambda> at 0x7fa496287b30>
12712,2021-06-13 15:00:00,<function <lambda> at 0x7fa4962879f0>,<function <lambda> at 0x7fa496287a90>,<function <lambda> at 0x7fa496287b30>
12713,2021-06-13 16:00:00,<function <lambda> at 0x7fa4962879f0>,<function <lambda> at 0x7fa496287a90>,<function <lambda> at 0x7fa496287b30>
12714,2021-06-13 17:00:00,<function <lambda> at 0x7fa4962879f0>,<function <lambda> at 0x7fa496287a90>,<function <lambda> at 0x7fa496287b30>
12715,2021-06-13 18:00:00,<function <lambda> at 0x7fa4962879f0>,<function <lambda> at 0x7fa496287a90>,<function <lambda> at 0x7fa496287b30>
12716,2021-06-13 19:00:00,<function <lambda> at 0x7fa4962879f0>,<function <lambda> at 0x7fa496287a90>,<function <lambda> at 0x7fa496287b30>
12717,2021-06-13 20:00:00,<function <lambda> at 0x7fa4962879f0>,<function <lambda> at 0x7fa496287a90>,<function <lambda> at 0x7fa496287b30>
12718,2021-06-13 21:00:00,<function <lambda> at 0x7fa4962879f0>,<function <lambda> at 0x7fa496287a90>,<function <lambda> at 0x7fa496287b30>
12719,2021-06-13 22:00:00,<function <lambda> at 0x7fa4962879f0>,<function <lambda> at 0x7fa496287a90>,<function <lambda> at 0x7fa496287b30>
12720,2021-06-13 23:00:00,<function <lambda> at 0x7fa4962879f0>,<function <lambda> at 0x7fa496287a90>,<function <lambda> at 0x7fa496287b30>
12721,2021-06-14 00:00:00,<function <lambda> at 0x7fa4962879f0>,<function <lambda> at 0x7fa496287a90>,<function <lambda> at 0x7fa496287b30>
12722,2021-06-14 01:00:00,<function <lambda> at 0x7fa4962879f0>,<function <lambda> at 0x7fa496287a90>,<function <lambda> at 0x7fa496287b30>
12723,2021-06-14 02:00:00,<function <lambda> at 0x7fa4962879f0>,<function <lambda> at 0x7fa496287a90>,<function <lambda> at 0x7fa496287b30>
12724,2021-06-14 03:00:00,<function <lambda> at 0x7fa4962879f0>,<function <lambda> at 0x7fa496287a90>,<function <lambda> at 0x7fa496287b30>
12725,2021-06-14 04:00:00,<function <lambda> at 0x7fa4962879f0>,<function <lambda> at 0x7fa496287a90>,<function <lambda> at 0x7fa496287b30>
12726,2021-06-14 05:00:00,<function <lambda> at 0x7fa4962879f0>,<function <lambda> at 0x7fa496287a90>,<function <lambda> at 0x7fa496287b30>
12727,2021-06-14 06:00:00,<function <lambda> at 0x7fa4962879f0>,<function <lambda> at 0x7fa496287a90>,<function <lambda> at 0x7fa496287b30>
12728,2021-06-14 07:00:00,<function <lambda> at 0x7fa4962879f0>,<function <lambda> at 0x7fa496287a90>,<function <lambda> at 0x7fa496287b30>
12729,2021-06-14 08:00:00,<function <lambda> at 0x7fa4962879f0>,<function <lambda> at 0x7fa496287a90>,<function <lambda> at 0x7fa496287b30>
12730,2021-06-14 09:00:00,<function <lambda> at 0x7fa4962879f0>,<function <lambda> at 0x7fa496287a90>,<function <lambda> at 0x7fa496287b30>
12731,2021-06-14 10:00:00,<function <lambda> at 0x7fa4962879f0>,<function <lambda> at 0x7fa496287a90>,<function <lambda> at 0x7fa496287b30>
12732,2021-06-14 11:00:00,<function <lambda> at 0x7fa4962879f0>,<function <lambda> at 0x7fa496287a90>,<function <lambda> at 0x7fa496287b30>
12733,2021-06-14 12:00:00,<function <lambda> at 0x7fa4962879f0>,<function <lambda> at 0x7fa496287a90>,<function <lambda> at 0x7fa496287b30>
12734,2021-06-14 13:00:00,<function <lambda> at 0x7fa4962879f0>,<function <lambda> at 0x7fa496287a90>,<function <lambda> at 0x7fa496287b30>
12735,2021-06-14 14:00:00,<function <lambda> at 0x7fa4962879f0>,<function <lambda> at 0x7fa496287a90>,<function <lambda> at 0x7fa496287b30>
12736,2021-06-14 15:00:00,<function <lambda> at 0x7fa4962879f0>,<function <lambda> at 0x7fa496287a90>,<function <lambda> at 0x7fa496287b30>
12737,2021-06-14 16:00:00,<function <lambda> at 0x7fa4962879f0>,<function <lambda> at 0x7fa496287a90>,<function <lambda> at 0x7fa496287b30>
12738,2021-06-14 17:00:00,<function <lambda> at 0x7fa4962879f0>,<function <lambda> at 0x7fa496287a90>,<function <lambda> at 0x7fa496287b30>
12739,2021-06-14 18:00:00,<function <lambda> at 0x7fa4962879f0>,<function <lambda> at 0x7fa496287a90>,<function <lambda> at 0x7fa496287b30>
12740,2021-06-14 19:00:00,<function <lambda> at 0x7fa4962879f0>,<function <lambda> at 0x7fa496287a90>,<function <lambda> at 0x7fa496287b30>
12741,2021-06-14 20:00:00,<function <lambda> at 0x7fa4962879f0>,<function <lambda> at 0x7fa496287a90>,<function <lambda> at 0x7fa496287b30>
12742,2021-06-14 21:00:00,<function <lambda> at 0x7fa4962879f0>,<function <lambda> at 0x7fa496287a90>,<function <lambda> at 0x7fa496287b30>
12743,2021-06-14 22:00:00,<function <lambda> at 0x7fa4962879f0>,<function <lambda> at 0x7fa496287a90>,<function <lambda> at 0x7fa496287b30>
12744,2021-06-14 23:00:00,<function <lambda> at 0x7fa4962879f0>,<function <lambda> at 0x7fa496287a90>,<function <lambda> at 0x7fa496287b30>
12745,2021-06-15 00:00:00,<function <lambda> at 0x7fa4962879f0>,<function <lambda> at 0x7fa496287a90>,<function <lambda> at 0x7fa496287b30>
12746,2021-06-15 01:00:00,<function <lambda> at 0x7fa4962879f0>,<function <lambda> at 0x7fa496287a90>,<function <lambda> at 0x7fa496287b30>
12747,2021-06-15 02:00:00,<function <lambda> at 0x7fa4962879f0>,<function <lambda> at 0x7fa496287a90>,<function <lambda> at 0x7fa496287b30>
12748,2021-06-15 03:00:00,<function <lambda> at 0x7fa4962879f0>,<function <lambda> at 0x7fa496287a90>,<function <lambda> at 0x7fa496287b30>
12749,2021-06-15 04:00:00,<function <lambda> at 0x7fa4962879f0>,<function <lambda> at 0x7fa496287a90>,<function <lambda> at 0x7fa496287b30>
12750,2021-06-15 05:00:00,<function <lambda> at 0x7fa4962879f0>,<function <lambda> at 0x7fa496287a90>,<function <lambda> at 0x7fa496287b30>
12751,2021-06-15 06:00:00,<function <lambda> at 0x7fa4962879f0>,<function <lambda> at 0x7fa496287a90>,<function <lambda> at 0x7fa496287b30>
12752,2021-06-15 07:00:00,<function <lambda> at 0x7fa4962879f0>,<function <lambda> at 0x7fa496287a90>,<function <lambda> at 0x7fa496287b30>
12753,2021-06-15 08:00:00,<function <lambda> at 0x7fa4962879f0>,<function <lambda> at 0x7fa496287a90>,<function <lambda> at 0x7fa496287b30>
12754,2021-06-15 09:00:00,<function <lambda> at 0x7fa4962879f0>,<function <lambda> at 0x7fa496287a90>,<function <lambda> at 0x7fa496287b30>
12755,2021-06-15 10:00:00,<function <lambda> at 0x7fa4962879f0>,<function <lambda> at 0x7fa496287a90>,<function <lambda> at 0x7fa496287b30>
12756,2021-06-15 11:00:00,<function <lambda> at 0x7fa4962879f0>,<function <lambda> at 0x7fa496287a90>,<function <lambda> at 0x7fa496287b30>
12757,2021-06-15 12:00:00,<function <lambda> at 0x7fa4962879f0>,<function <lambda> at 0x7fa496287a90>,<function <lambda> at 0x7fa496287b30>
12758,2021-06-15 13:00:00,<function <lambda> at 0x7fa4962879f0>,<function <lambda> at 0x7fa496287a90>,<function <lambda> at 0x7fa496287b30>
12759,2021-06-15 14:00:00,<function <lambda> at 0x7fa4962879f0>,<function <lambda> at 0x7fa496287a90>,<function <lambda> at 0x7fa496287b30>
12760,2021-06-15 15:00:00,<function <lambda> at 0x7fa4962879f0>,<function <lambda> at 0x7fa496287a90>,<function <lambda> at 0x7fa496287b30>
12761,2021-06-15 16:00:00,<function <lambda> at 0x7fa4962879f0>,<function <lambda> at 0x7fa496287a90>,<function <lambda> at 0x7fa496287b30>
12762,2021-06-15 17:00:00,<function <lambda> at 0x7fa4962879f0>,<function <lambda> at 0x7fa496287a90>,<function <lambda> at 0x7fa496287b30>
12763,2021-06-15 18:00:00,<function <lambda> at 0x7fa4962879f0>,<function <lambda> at 0x7fa496287a90>,<function <lambda> at 0x7fa496287b30>
12764,2021-06-15 19:00:00,<function <lambda> at 0x7fa4962879f0>,<function <lambda> at 0x7fa496287a90>,<function <lambda> at 0x7fa496287b30>
12765,2021-06-15 20:00:00,<function <lambda> at 0x7fa4962879f0>,<function <lambda> at 0x7fa496287a90>,<function <lambda> at 0x7fa496287b30>
12766,2021-06-15 21:00:00,<function <lambda> at 0x7fa4962879f0>,<function <lambda> at 0x7fa496287a90>,<function <lambda> at 0x7fa496287b30>
12767,2021-06-15 22:00:00,<function <lambda> at 0x7fa4962879f0>,<function <lambda> at 0x7fa496287a90>,<function <lambda> at 0x7fa496287b30>
12768,2021-06-15 23:00:00,<function <lambda> at 0x7fa4962879f0>,<function <lambda> at 0x7fa496287a90>,<function <lambda> at 0x7fa496287b30>
12769,2021-06-16 00:00:00,<function <lambda> at 0x7fa4962879f0>,<function <lambda> at 0x7fa496287a90>,<function <lambda> at 0x7fa496287b30>
12770,2021-06-16 01:00:00,<function <lambda> at 0x7fa4962879f0>,<function <lambda> at 0x7fa496287a90>,<function <lambda> at 0x7fa496287b30>
12771,2021-06-16 02:00:00,<function <lambda> at 0x7fa4962879f0>,<function <lambda> at 0x7fa496287a90>,<function <lambda> at 0x7fa496287b30>
12772,2021-06-16 03:00:00,<function <lambda> at 0x7fa4962879f0>,<function <lambda> at 0x7fa496287a90>,<function <lambda> at 0x7fa496287b30>
12773,2021-06-16 04:00:00,<function <lambda> at 0x7fa4962879f0>,<function <lambda> at 0x7fa496287a90>,<function <lambda> at 0x7fa496287b30>
12774,2021-06-16 05:00:00,<function <lambda> at 0x7fa4962879f0>,<function <lambda> at 0x7fa496287a90>,<function <lambda> at 0x7fa496287b30>
12775,2021-06-16 06:00:00,<function <lambda> at 0x7fa4962879f0>,<function <lambda> at 0x7fa496287a90>,<function <lambda> at 0x7fa496287b30>
12776,2021-06-16 07:00:00,<function <lambda> at 0x7fa4962879f0>,<function <lambda> at 0x7fa496287a90>,<function <lambda> at 0x7fa496287b30>
12777,2021-06-16 08:00:00,<function <lambda> at 0x7fa4962879f0>,<function <lambda> at 0x7fa496287a90>,<function <lambda> at 0x7fa496287b30>
12778,2021-06-16 09:00:00,<function <lambda> at 0x7fa4962879f0>,<function <lambda> at 0x7fa496287a90>,<function <lambda> at 0x7fa496287b30>
12779,2021-06-16 10:00:00,<function <lambda> at 0x7fa4962879f0>,<function <lambda> at 0x7fa496287a90>,<function <lambda> at 0x7fa496287b30>
12780,2021-06-16 11:00:00,<function <lambda> at 0x7fa4962879f0>,<function <lambda> at 0x7fa496287a90>,<function <lambda> at 0x7fa496287b30>
12781,2021-06-16 12:00:00,<function <lambda> at 0x7fa4962879f0>,<function <lambda> at 0x7fa496287a90>,<function <lambda> at 0x7fa496287b30>
12782,2021-06-16 13:00:00,<function <lambda> at 0x7fa4962879f0>,<function <lambda> at 0x7fa496287a90>,<function <lambda> at 0x7fa496287b30>
12783,2021-06-16 14:00:00,<function <lambda> at 0x7fa4962879f0>,<function <lambda> at 0x7fa496287a90>,<function <lambda> at 0x7fa496287b30>
12784,2021-06-16 15:00:00,<function <lambda> at 0x7fa4962879f0>,<function <lambda> at 0x7fa496287a90>,<function <lambda> at 0x7fa496287b30>
12785,2021-06-16 16:00:00,<function <lambda> at 0x7fa4962879f0>,<function <lambda> at 0x7fa496287a90>,<function <lambda> at 0x7fa496287b30>
12786,2021-06-16 17:00:00,<function <lambda> at 0x7fa4962879f0>,<function <lambda> at 0x7fa496287a90>,<function <lambda> at 0x7fa496287b30>
12787,2021-06-16 18:00:00,<function <lambda> at 0x7fa4962879f0>,<function <lambda> at 0x7fa496287a90>,<function <lambda> at 0x7fa496287b30>
12788,2021-06-16 19:00:00,<function <lambda> at 0x7fa4962879f0>,<function <lambda> at 0x7fa496287a90>,<function <lambda> at 0x7fa496287b30>
12789,2021-06-16 20:00:00,<function <lambda> at 0x7fa4962879f0>,<function <lambda> at 0x7fa496287a90>,<function <lambda> at 0x7fa496287b30>
12790,2021-06-16 21:00:00,<function <lambda> at 0x7fa4962879f0>,<function <lambda> at 0x7fa496287a90>,<function <lambda> at 0x7fa496287b30>
12791,2021-06-16 22:00:00,<function <lambda> at 0x7fa4962879f0>,<function <lambda> at 0x7fa496287a90>,<function <lambda> at 0x7fa496287b30>
12792,2021-06-16 23:00:00,<function <lambda> at 0x7fa4962879f0>,<function <lambda> at 0x7fa496287a90>,<function <lambda> at 0x7fa496287b30>
12793,2021-06-17 00:00:00,<function <lambda> at 0x7fa4962879f0>,<function <lambda> at 0x7fa496287a90>,<function <lambda> at 0x7fa496287b30>
12794,2021-06-17 01:00:00,<function <lambda> at 0x7fa4962879f0>,<function <lambda> at 0x7fa496287a90>,<function <lambda> at 0x7fa496287b30>
12795,2021-06-17 02:00:00,<function <lambda> at 0x7fa4962879f0>,<function <lambda> at 0x7fa496287a90>,<function <lambda> at 0x7fa496287b30>
12796,2021-06-17 03:00:00,<function <lambda> at 0x7fa4962879f0>,<function <lambda> at 0x7fa496287a90>,<function <lambda> at 0x7fa496287b30>
12797,2021-06-17 04:00:00,<function <lambda> at 0x7fa4962879f0>,<function <lambda> at 0x7fa496287a90>,<function <lambda> at 0x7fa496287b30>
12798,2021-06-17 05:00:00,<function <lambda> at 0x7fa4962879f0>,<function <lambda> at 0x7fa496287a90>,<function <lambda> at 0x7fa496287b30>
12799,2021-06-17 06:00:00,<function <lambda> at 0x7fa4962879f0>,<function <lambda> at 0x7fa496287a90>,<function <lambda> at 0x7fa496287b30>
12800,2021-06-17 07:00:00,<function <lambda> at 0x7fa4962879f0>,<function <lambda> at 0x7fa496287a90>,<function <lambda> at 0x7fa496287b30>
12801,2021-06-17 08:00:00,<function <lambda> at 0x7fa4962879f0>,<function <lambda> at 0x7fa496287a90>,<function <lambda> at 0x7fa496287b30>
12802,2021-06-17 09:00:00,<function <lambda> at 0x7fa4962879f0>,<function <lambda> at 0x7fa496287a90>,<function <lambda> at 0x7fa496287b30>
12803,2021-06-17 10:00:00,<function <lambda> at 0x7fa4962879f0>,<function <lambda> at 0x7fa496287a90>,<function <lambda> at 0x7fa496287b30>
12804,2021-06-17 11:00:00,<function <lambda> at 0x7fa4962879f0>,<function <lambda> at 0x7fa496287a90>,<function <lambda> at 0x7fa496287b30>
12805,2021-06-17 12:00:00,<function <lambda> at 0x7fa4962879f0>,<function <lambda> at 0x7fa496287a90>,<function <lambda> at 0x7fa496287b30>
12806,2021-06-17 13:00:00,<function <lambda> at 0x7fa4962879f0>,<function <lambda> at 0x7fa496287a90>,<function <lambda> at 0x7fa496287b30>
12807,2021-06-17 14:00:00,<function <lambda> at 0x7fa4962879f0>,<function <lambda> at 0x7fa496287a90>,<function <lambda> at 0x7fa496287b30>
12808,2021-06-17 15:00:00,<function <lambda> at 0x7fa4962879f0>,<function <lambda> at 0x7fa496287a90>,<function <lambda> at 0x7fa496287b30>
12809,2021-06-17 16:00:00,<function <lambda> at 0x7fa4962879f0>,<function <lambda> at 0x7fa496287a90>,<function <lambda> at 0x7fa496287b30>
12810,2021-06-17 17:00:00,<function <lambda> at 0x7fa4962879f0>,<function <lambda> at 0x7fa496287a90>,<function <lambda> at 0x7fa496287b30>
12811,2021-06-17 18:00:00,<function <lambda> at 0x7fa4962879f0>,<function <lambda> at 0x7fa496287a90>,<function <lambda> at 0x7fa496287b30>
12812,2021-06-17 19:00:00,<function <lambda> at 0x7fa4962879f0>,<function <lambda> at 0x7fa496287a90>,<function <lambda> at 0x7fa496287b30>
12813,2021-06-17 20:00:00,<function <lambda> at 0x7fa4962879f0>,<function <lambda> at 0x7fa496287a90>,<function <lambda> at 0x7fa496287b30>
12814,2021-06-17 21:00:00,<function <lambda> at 0x7fa4962879f0>,<function <lambda> at 0x7fa496287a90>,<function <lambda> at 0x7fa496287b30>
12815,2021-06-17 22:00:00,<function <lambda> at 0x7fa4962879f0>,<function <lambda> at 0x7fa496287a90>,<function <lambda> at 0x7fa496287b30>
12816,2021-06-17 23:00:00,<function <lambda> at 0x7fa4962879f0>,<function <lambda> at 0x7fa496287a90>,<function <lambda> at 0x7fa496287b30>
12817,2021-06-18 00:00:00,<function <lambda> at 0x7fa4962879f0>,<function <lambda> at 0x7fa496287a90>,<function <lambda> at 0x7fa496287b30>
12818,2021-06-18 01:00:00,<function <lambda> at 0x7fa4962879f0>,<function <lambda> at 0x7fa496287a90>,<function <lambda> at 0x7fa496287b30>
12819,2021-06-18 02:00:00,<function <lambda> at 0x7fa4962879f0>,<function <lambda> at 0x7fa496287a90>,<function <lambda> at 0x7fa496287b30>
12820,2021-06-18 03:00:00,<function <lambda> at 0x7fa4962879f0>,<function <lambda> at 0x7fa496287a90>,<function <lambda> at 0x7fa496287b30>
12821,2021-06-18 04:00:00,<function <lambda> at 0x7fa4962879f0>,<function <lambda> at 0x7fa496287a90>,<function <lambda> at 0x7fa496287b30>
12822,2021-06-18 05:00:00,<function <lambda> at 0x7fa4962879f0>,<function <lambda> at 0x7fa496287a90>,<function <lambda> at 0x7fa496287b30>
12823,2021-06-18 06:00:00,<function <lambda> at 0x7fa4962879f0>,<function <lambda> at 0x7fa496287a90>,<function <lambda> at 0x7fa496287b30>
12824,2021-06-18 07:00:00,<function <lambda> at 0x7fa4962879f0>,<function <lambda> at 0x7fa496287a90>,<function <lambda> at 0x7fa496287b30>
12825,2021-06-18 08:00:00,<function <lambda> at 0x7fa4962879f0>,<function <lambda> at 0x7fa496287a90>,<function <lambda> at 0x7fa496287b30>
12826,2021-06-18 09:00:00,<function <lambda> at 0x7fa4962879f0>,<function <lambda> at 0x7fa496287a90>,<function <lambda> at 0x7fa496287b30>
12827,2021-06-18 10:00:00,<function <lambda> at 0x7fa4962879f0>,<function <lambda> at 0x7fa496287a90>,<function <lambda> at 0x7fa496287b30>
12828,2021-06-18 11:00:00,<function <lambda> at 0x7fa4962879f0>,<function <lambda> at 0x7fa496287a90>,<function <lambda> at 0x7fa496287b30>
12829,2021-06-18 12:00:00,<function <lambda> at 0x7fa4962879f0>,<function <lambda> at 0x7fa496287a90>,<function <lambda> at 0x7fa496287b30>
12830,2021-06-18 13:00:00,<function <lambda> at 0x7fa4962879f0>,<function <lambda> at 0x7fa496287a90>,<function <lambda> at 0x7fa496287b30>
12831,2021-06-18 14:00:00,<function <lambda> at 0x7fa4962879f0>,<function <lambda> at 0x7fa496287a90>,<function <lambda> at 0x7fa496287b30>
12832,2021-06-18 15:00:00,<function <lambda> at 0x7fa4962879f0>,<function <lambda> at 0x7fa496287a90>,<function <lambda> at 0x7fa496287b30>
12833,2021-06-18 16:00:00,<function <lambda> at 0x7fa4962879f0>,<function <lambda> at 0x7fa496287a90>,<function <lambda> at 0x7fa496287b30>
12834,2021-06-18 17:00:00,<function <lambda> at 0x7fa4962879f0>,<function <lambda> at 0x7fa496287a90>,<function <lambda> at 0x7fa496287b30>
12835,2021-06-18 18:00:00,<function <lambda> at 0x7fa4962879f0>,<function <lambda> at 0x7fa496287a90>,<function <lambda> at 0x7fa496287b30>
12836,2021-06-18 19:00:00,<function <lambda> at 0x7fa4962879f0>,<function <lambda> at 0x7fa496287a90>,<function <lambda> at 0x7fa496287b30>
12837,2021-06-18 20:00:00,<function <lambda> at 0x7fa4962879f0>,<function <lambda> at 0x7fa496287a90>,<function <lambda> at 0x7fa496287b30>
12838,2021-06-18 21:00:00,<function <lambda> at 0x7fa4962879f0>,<function <lambda> at 0x7fa496287a90>,<function <lambda> at 0x7fa496287b30>
12839,2021-06-18 22:00:00,<function <lambda> at 0x7fa4962879f0>,<function <lambda> at 0x7fa496287a90>,<function <lambda> at 0x7fa496287b30>
12840,2021-06-18 23:00:00,<function <lambda> at 0x7fa4962879f0>,<function <lambda> at 0x7fa496287a90>,<function <lambda> at 0x7fa496287b30>
12841,2021-06-19 00:00:00,<function <lambda> at 0x7fa4962879f0>,<function <lambda> at 0x7fa496287a90>,<function <lambda> at 0x7fa496287b30>
12842,2021-06-19 01:00:00,<function <lambda> at 0x7fa4962879f0>,<function <lambda> at 0x7fa496287a90>,<function <lambda> at 0x7fa496287b30>
12843,2021-06-19 02:00:00,<function <lambda> at 0x7fa4962879f0>,<function <lambda> at 0x7fa496287a90>,<function <lambda> at 0x7fa496287b30>
12844,2021-06-19 03:00:00,<function <lambda> at 0x7fa4962879f0>,<function <lambda> at 0x7fa496287a90>,<function <lambda> at 0x7fa496287b30>
12845,2021-06-19 04:00:00,<function <lambda> at 0x7fa4962879f0>,<function <lambda> at 0x7fa496287a90>,<function <lambda> at 0x7fa496287b30>
12846,2021-06-19 05:00:00,<function <lambda> at 0x7fa4962879f0>,<function <lambda> at 0x7fa496287a90>,<function <lambda> at 0x7fa496287b30>
12847,2021-06-19 06:00:00,<function <lambda> at 0x7fa4962879f0>,<function <lambda> at 0x7fa496287a90>,<function <lambda> at 0x7fa496287b30>
12848,2021-06-19 07:00:00,<function <lambda> at 0x7fa4962879f0>,<function <lambda> at 0x7fa496287a90>,<function <lambda> at 0x7fa496287b30>
12849,2021-06-19 08:00:00,<function <lambda> at 0x7fa4962879f0>,<function <lambda> at 0x7fa496287a90>,<function <lambda> at 0x7fa496287b30>
12850,2021-06-19 09:00:00,<function <lambda> at 0x7fa4962879f0>,<function <lambda> at 0x7fa496287a90>,<function <lambda> at 0x7fa496287b30>
12851,2021-06-19 10:00:00,<function <lambda> at 0x7fa4962879f0>,<function <lambda> at 0x7fa496287a90>,<function <lambda> at 0x7fa496287b30>
12852,2021-06-19 11:00:00,<function <lambda> at 0x7fa4962879f0>,<function <lambda> at 0x7fa496287a90>,<function <lambda> at 0x7fa496287b30>
12853,2021-06-19 12:00:00,<function <lambda> at 0x7fa4962879f0>,<function <lambda> at 0x7fa496287a90>,<function <lambda> at 0x7fa496287b30>
12854,2021-06-19 13:00:00,<function <lambda> at 0x7fa4962879f0>,<function <lambda> at 0x7fa496287a90>,<function <lambda> at 0x7fa496287b30>
12855,2021-06-19 14:00:00,<function <lambda> at 0x7fa4962879f0>,<function <lambda> at 0x7fa496287a90>,<function <lambda> at 0x7fa496287b30>
12856,2021-06-19 15:00:00,<function <lambda> at 0x7fa4962879f0>,<function <lambda> at 0x7fa496287a90>,<function <lambda> at 0x7fa496287b30>
12857,2021-06-19 16:00:00,<function <lambda> at 0x7fa4962879f0>,<function <lambda> at 0x7fa496287a90>,<function <lambda> at 0x7fa496287b30>
12858,2021-06-19 17:00:00,<function <lambda> at 0x7fa4962879f0>,<function <lambda> at 0x7fa496287a90>,<function <lambda> at 0x7fa496287b30>
12859,2021-06-19 18:00:00,<function <lambda> at 0x7fa4962879f0>,<function <lambda> at 0x7fa496287a90>,<function <lambda> at 0x7fa496287b30>
12860,2021-06-19 19:00:00,<function <lambda> at 0x7fa4962879f0>,<function <lambda> at 0x7fa496287a90>,<function <lambda> at 0x7fa496287b30>
12861,2021-06-19 20:00:00,<function <lambda> at 0x7fa4962879f0>,<function <lambda> at 0x7fa496287a90>,<function <lambda> at 0x7fa496287b30>
12862,2021-06-19 21:00:00,<function <lambda> at 0x7fa4962879f0>,<function <lambda> at 0x7fa496287a90>,<function <lambda> at 0x7fa496287b30>
12863,2021-06-19 22:00:00,<function <lambda> at 0x7fa4962879f0>,<function <lambda> at 0x7fa496287a90>,<function <lambda> at 0x7fa496287b30>
12864,2021-06-19 23:00:00,<function <lambda> at 0x7fa4962879f0>,<function <lambda> at 0x7fa496287a90>,<function <lambda> at 0x7fa496287b30>
12865,2021-06-20 00:00:00,<function <lambda> at 0x7fa4962879f0>,<function <lambda> at 0x7fa496287a90>,<function <lambda> at 0x7fa496287b30>
12866,2021-06-20 01:00:00,<function <lambda> at 0x7fa4962879f0>,<function <lambda> at 0x7fa496287a90>,<function <lambda> at 0x7fa496287b30>
12867,2021-06-20 02:00:00,<function <lambda> at 0x7fa4962879f0>,<function <lambda> at 0x7fa496287a90>,<function <lambda> at 0x7fa496287b30>
12868,2021-06-20 03:00:00,<function <lambda> at 0x7fa4962879f0>,<function <lambda> at 0x7fa496287a90>,<function <lambda> at 0x7fa496287b30>
12869,2021-06-20 04:00:00,<function <lambda> at 0x7fa4962879f0>,<function <lambda> at 0x7fa496287a90>,<function <lambda> at 0x7fa496287b30>
12870,2021-06-20 05:00:00,<function <lambda> at 0x7fa4962879f0>,<function <lambda> at 0x7fa496287a90>,<function <lambda> at 0x7fa496287b30>
12871,2021-06-20 06:00:00,<function <lambda> at 0x7fa4962879f0>,<function <lambda> at 0x7fa496287a90>,<function <lambda> at 0x7fa496287b30>
12872,2021-06-20 07:00:00,<function <lambda> at 0x7fa4962879f0>,<function <lambda> at 0x7fa496287a90>,<function <lambda> at 0x7fa496287b30>
12873,2021-06-20 08:00:00,<function <lambda> at 0x7fa4962879f0>,<function <lambda> at 0x7fa496287a90>,<function <lambda> at 0x7fa496287b30>
12874,2021-06-20 09:00:00,<function <lambda> at 0x7fa4962879f0>,<function <lambda> at 0x7fa496287a90>,<function <lambda> at 0x7fa496287b30>
12875,2021-06-20 10:00:00,<function <lambda> at 0x7fa4962879f0>,<function <lambda> at 0x7fa496287a90>,<function <lambda> at 0x7fa496287b30>
12876,2021-06-20 11:00:00,<function <lambda> at 0x7fa4962879f0>,<function <lambda> at 0x7fa496287a90>,<function <lambda> at 0x7fa496287b30>
12877,2021-06-20 12:00:00,<function <lambda> at 0x7fa4962879f0>,<function <lambda> at 0x7fa496287a90>,<function <lambda> at 0x7fa496287b30>
12878,2021-06-20 13:00:00,<function <lambda> at 0x7fa4962879f0>,<function <lambda> at 0x7fa496287a90>,<function <lambda> at 0x7fa496287b30>
12879,2021-06-20 14:00:00,<function <lambda> at 0x7fa4962879f0>,<function <lambda> at 0x7fa496287a90>,<function <lambda> at 0x7fa496287b30>
12880,2021-06-20 15:00:00,<function <lambda> at 0x7fa4962879f0>,<function <lambda> at 0x7fa496287a90>,<function <lambda> at 0x7fa496287b30>
12881,2021-06-20 16:00:00,<function <lambda> at 0x7fa4962879f0>,<function <lambda> at 0x7fa496287a90>,<function <lambda> at 0x7fa496287b30>
12882,2021-06-20 17:00:00,<function <lambda> at 0x7fa4962879f0>,<function <lambda> at 0x7fa496287a90>,<function <lambda> at 0x7fa496287b30>
12883,2021-06-20 18:00:00,<function <lambda> at 0x7fa4962879f0>,<function <lambda> at 0x7fa496287a90>,<function <lambda> at 0x7fa496287b30>
12884,2021-06-20 19:00:00,<function <lambda> at 0x7fa4962879f0>,<function <lambda> at 0x7fa496287a90>,<function <lambda> at 0x7fa496287b30>
12885,2021-06-20 20:00:00,<function <lambda> at 0x7fa4962879f0>,<function <lambda> at 0x7fa496287a90>,<function <lambda> at 0x7fa496287b30>
12886,2021-06-20 21:00:00,<function <lambda> at 0x7fa4962879f0>,<function <lambda> at 0x7fa496287a90>,<function <lambda> at 0x7fa496287b30>
12887,2021-06-20 22:00:00,<function <lambda> at 0x7fa4962879f0>,<function <lambda> at 0x7fa496287a90>,<function <lambda> at 0x7fa496287b30>
12888,2021-06-20 23:00:00,<function <lambda> at 0x7fa4962879f0>,<function <lambda> at 0x7fa496287a90>,<function <lambda> at 0x7fa496287b30>
12889,2021-06-21 00:00:00,<function <lambda> at 0x7fa4962879f0>,<function <lambda> at 0x7fa496287a90>,<function <lambda> at 0x7fa496287b30>
12890,2021-06-21 01:00:00,<function <lambda> at 0x7fa4962879f0>,<function <lambda> at 0x7fa496287a90>,<function <lambda> at 0x7fa496287b30>
12891,2021-06-21 02:00:00,<function <lambda> at 0x7fa4962879f0>,<function <lambda> at 0x7fa496287a90>,<function <lambda> at 0x7fa496287b30>
12892,2021-06-21 03:00:00,<function <lambda> at 0x7fa4962879f0>,<function <lambda> at 0x7fa496287a90>,<function <lambda> at 0x7fa496287b30>
12893,2021-06-21 04:00:00,<function <lambda> at 0x7fa4962879f0>,<function <lambda> at 0x7fa496287a90>,<function <lambda> at 0x7fa496287b30>
12894,2021-06-21 05:00:00,<function <lambda> at 0x7fa4962879f0>,<function <lambda> at 0x7fa496287a90>,<function <lambda> at 0x7fa496287b30>
12895,2021-06-21 06:00:00,<function <lambda> at 0x7fa4962879f0>,<function <lambda> at 0x7fa496287a90>,<function <lambda> at 0x7fa496287b30>
12896,2021-06-21 07:00:00,<function <lambda> at 0x7fa4962879f0>,<function <lambda> at 0x7fa496287a90>,<function <lambda> at 0x7fa496287b30>
12897,2021-06-21 08:00:00,<function <lambda> at 0x7fa4962879f0>,<function <lambda> at 0x7fa496287a90>,<function <lambda> at 0x7fa496287b30>
12898,2021-06-21 09:00:00,<function <lambda> at 0x7fa4962879f0>,<function <lambda> at 0x7fa496287a90>,<function <lambda> at 0x7fa496287b30>
12899,2021-06-21 10:00:00,<function <lambda> at 0x7fa4962879f0>,<function <lambda> at 0x7fa496287a90>,<function <lambda> at 0x7fa496287b30>
12900,2021-06-21 11:00:00,<function <lambda> at 0x7fa4962879f0>,<function <lambda> at 0x7fa496287a90>,<function <lambda> at 0x7fa496287b30>
12901,2021-06-21 12:00:00,<function <lambda> at 0x7fa4962879f0>,<function <lambda> at 0x7fa496287a90>,<function <lambda> at 0x7fa496287b30>
12902,2021-06-21 13:00:00,<function <lambda> at 0x7fa4962879f0>,<function <lambda> at 0x7fa496287a90>,<function <lambda> at 0x7fa496287b30>
12903,2021-06-21 14:00:00,<function <lambda> at 0x7fa4962879f0>,<function <lambda> at 0x7fa496287a90>,<function <lambda> at 0x7fa496287b30>
12904,2021-06-21 15:00:00,<function <lambda> at 0x7fa4962879f0>,<function <lambda> at 0x7fa496287a90>,<function <lambda> at 0x7fa496287b30>
12905,2021-06-21 16:00:00,<function <lambda> at 0x7fa4962879f0>,<function <lambda> at 0x7fa496287a90>,<function <lambda> at 0x7fa496287b30>
12906,2021-06-21 17:00:00,<function <lambda> at 0x7fa4962879f0>,<function <lambda> at 0x7fa496287a90>,<function <lambda> at 0x7fa496287b30>
12907,2021-06-21 18:00:00,<function <lambda> at 0x7fa4962879f0>,<function <lambda> at 0x7fa496287a90>,<function <lambda> at 0x7fa496287b30>
12908,2021-06-21 19:00:00,<function <lambda> at 0x7fa4962879f0>,<function <lambda> at 0x7fa496287a90>,<function <lambda> at 0x7fa496287b30>
12909,2021-06-21 20:00:00,<function <lambda> at 0x7fa4962879f0>,<function <lambda> at 0x7fa496287a90>,<function <lambda> at 0x7fa496287b30>
12910,2021-06-21 21:00:00,<function <lambda> at 0x7fa4962879f0>,<function <lambda> at 0x7fa496287a90>,<function <lambda> at 0x7fa496287b30>
12911,2021-06-21 22:00:00,<function <lambda> at 0x7fa4962879f0>,<function <lambda> at 0x7fa496287a90>,<function <lambda> at 0x7fa496287b30>
12912,2021-06-21 23:00:00,<function <lambda> at 0x7fa4962879f0>,<function <lambda> at 0x7fa496287a90>,<function <lambda> at 0x7fa496287b30>
12913,2021-06-22 00:00:00,<function <lambda> at 0x7fa4962879f0>,<function <lambda> at 0x7fa496287a90>,<function <lambda> at 0x7fa496287b30>
12914,2021-06-22 01:00:00,<function <lambda> at 0x7fa4962879f0>,<function <lambda> at 0x7fa496287a90>,<function <lambda> at 0x7fa496287b30>
12915,2021-06-22 02:00:00,<function <lambda> at 0x7fa4962879f0>,<function <lambda> at 0x7fa496287a90>,<function <lambda> at 0x7fa496287b30>
12916,2021-06-22 03:00:00,<function <lambda> at 0x7fa4962879f0>,<function <lambda> at 0x7fa496287a90>,<function <lambda> at 0x7fa496287b30>
12917,2021-06-22 04:00:00,<function <lambda> at 0x7fa4962879f0>,<function <lambda> at 0x7fa496287a90>,<function <lambda> at 0x7fa496287b30>
12918,2021-06-22 05:00:00,<function <lambda> at 0x7fa4962879f0>,<function <lambda> at 0x7fa496287a90>,<function <lambda> at 0x7fa496287b30>
12919,2021-06-22 06:00:00,<function <lambda> at 0x7fa4962879f0>,<function <lambda> at 0x7fa496287a90>,<function <lambda> at 0x7fa496287b30>
12920,2021-06-22 07:00:00,<function <lambda> at 0x7fa4962879f0>,<function <lambda> at 0x7fa496287a90>,<function <lambda> at 0x7fa496287b30>
12921,2021-06-22 08:00:00,<function <lambda> at 0x7fa4962879f0>,<function <lambda> at 0x7fa496287a90>,<function <lambda> at 0x7fa496287b30>
12922,2021-06-22 09:00:00,<function <lambda> at 0x7fa4962879f0>,<function <lambda> at 0x7fa496287a90>,<function <lambda> at 0x7fa496287b30>
12923,2021-06-22 10:00:00,<function <lambda> at 0x7fa4962879f0>,<function <lambda> at 0x7fa496287a90>,<function <lambda> at 0x7fa496287b30>
12924,2021-06-22 11:00:00,<function <lambda> at 0x7fa4962879f0>,<function <lambda> at 0x7fa496287a90>,<function <lambda> at 0x7fa496287b30>
12925,2021-06-22 12:00:00,<function <lambda> at 0x7fa4962879f0>,<function <lambda> at 0x7fa496287a90>,<function <lambda> at 0x7fa496287b30>
12926,2021-06-22 13:00:00,<function <lambda> at 0x7fa4962879f0>,<function <lambda> at 0x7fa496287a90>,<function <lambda> at 0x7fa496287b30>
12927,2021-06-22 14:00:00,<function <lambda> at 0x7fa4962879f0>,<function <lambda> at 0x7fa496287a90>,<function <lambda> at 0x7fa496287b30>
12928,2021-06-22 15:00:00,<function <lambda> at 0x7fa4962879f0>,<function <lambda> at 0x7fa496287a90>,<function <lambda> at 0x7fa496287b30>
12929,2021-06-22 16:00:00,<function <lambda> at 0x7fa4962879f0>,<function <lambda> at 0x7fa496287a90>,<function <lambda> at 0x7fa496287b30>
12930,2021-06-22 17:00:00,<function <lambda> at 0x7fa4962879f0>,<function <lambda> at 0x7fa496287a90>,<function <lambda> at 0x7fa496287b30>
12931,2021-06-22 18:00:00,<function <lambda> at 0x7fa4962879f0>,<function <lambda> at 0x7fa496287a90>,<function <lambda> at 0x7fa496287b30>
12932,2021-06-22 19:00:00,<function <lambda> at 0x7fa4962879f0>,<function <lambda> at 0x7fa496287a90>,<function <lambda> at 0x7fa496287b30>
12933,2021-06-22 20:00:00,<function <lambda> at 0x7fa4962879f0>,<function <lambda> at 0x7fa496287a90>,<function <lambda> at 0x7fa496287b30>
12934,2021-06-22 21:00:00,<function <lambda> at 0x7fa4962879f0>,<function <lambda> at 0x7fa496287a90>,<function <lambda> at 0x7fa496287b30>
12935,2021-06-22 22:00:00,<function <lambda> at 0x7fa4962879f0>,<function <lambda> at 0x7fa496287a90>,<function <lambda> at 0x7fa496287b30>
12936,2021-06-22 23:00:00,<function <lambda> at 0x7fa4962879f0>,<function <lambda> at 0x7fa496287a90>,<function <lambda> at 0x7fa496287b30>
12937,2021-06-23 00:00:00,<function <lambda> at 0x7fa4962879f0>,<function <lambda> at 0x7fa496287a90>,<function <lambda> at 0x7fa496287b30>
12938,2021-06-23 01:00:00,<function <lambda> at 0x7fa4962879f0>,<function <lambda> at 0x7fa496287a90>,<function <lambda> at 0x7fa496287b30>
12939,2021-06-23 02:00:00,<function <lambda> at 0x7fa4962879f0>,<function <lambda> at 0x7fa496287a90>,<function <lambda> at 0x7fa496287b30>
12940,2021-06-23 03:00:00,<function <lambda> at 0x7fa4962879f0>,<function <lambda> at 0x7fa496287a90>,<function <lambda> at 0x7fa496287b30>
12941,2021-06-23 04:00:00,<function <lambda> at 0x7fa4962879f0>,<function <lambda> at 0x7fa496287a90>,<function <lambda> at 0x7fa496287b30>
12942,2021-06-23 05:00:00,<function <lambda> at 0x7fa4962879f0>,<function <lambda> at 0x7fa496287a90>,<function <lambda> at 0x7fa496287b30>
12943,2021-06-23 06:00:00,<function <lambda> at 0x7fa4962879f0>,<function <lambda> at 0x7fa496287a90>,<function <lambda> at 0x7fa496287b30>
12944,2021-06-23 07:00:00,<function <lambda> at 0x7fa4962879f0>,<function <lambda> at 0x7fa496287a90>,<function <lambda> at 0x7fa496287b30>
12945,2021-06-23 08:00:00,<function <lambda> at 0x7fa4962879f0>,<function <lambda> at 0x7fa496287a90>,<function <lambda> at 0x7fa496287b30>
12946,2021-06-23 09:00:00,<function <lambda> at 0x7fa4962879f0>,<function <lambda> at 0x7fa496287a90>,<function <lambda> at 0x7fa496287b30>
12947,2021-06-23 10:00:00,<function <lambda> at 0x7fa4962879f0>,<function <lambda> at 0x7fa496287a90>,<function <lambda> at 0x7fa496287b30>
12948,2021-06-23 11:00:00,<function <lambda> at 0x7fa4962879f0>,<function <lambda> at 0x7fa496287a90>,<function <lambda> at 0x7fa496287b30>
12949,2021-06-23 12:00:00,<function <lambda> at 0x7fa4962879f0>,<function <lambda> at 0x7fa496287a90>,<function <lambda> at 0x7fa496287b30>
12950,2021-06-23 13:00:00,<function <lambda> at 0x7fa4962879f0>,<function <lambda> at 0x7fa496287a90>,<function <lambda> at 0x7fa496287b30>
12951,2021-06-23 14:00:00,<function <lambda> at 0x7fa4962879f0>,<function <lambda> at 0x7fa496287a90>,<function <lambda> at 0x7fa496287b30>
12952,2021-06-23 15:00:00,<function <lambda> at 0x7fa4962879f0>,<function <lambda> at 0x7fa496287a90>,<function <lambda> at 0x7fa496287b30>
12953,2021-06-23 16:00:00,<function <lambda> at 0x7fa4962879f0>,<function <lambda> at 0x7fa496287a90>,<function <lambda> at 0x7fa496287b30>
12954,2021-06-23 17:00:00,<function <lambda> at 0x7fa4962879f0>,<function <lambda> at 0x7fa496287a90>,<function <lambda> at 0x7fa496287b30>
12955,2021-06-23 18:00:00,<function <lambda> at 0x7fa4962879f0>,<function <lambda> at 0x7fa496287a90>,<function <lambda> at 0x7fa496287b30>
12956,2021-06-23 19:00:00,<function <lambda> at 0x7fa4962879f0>,<function <lambda> at 0x7fa496287a90>,<function <lambda> at 0x7fa496287b30>
12957,2021-06-23 20:00:00,<function <lambda> at 0x7fa4962879f0>,<function <lambda> at 0x7fa496287a90>,<function <lambda> at 0x7fa496287b30>
12958,2021-06-23 21:00:00,<function <lambda> at 0x7fa4962879f0>,<function <lambda> at 0x7fa496287a90>,<function <lambda> at 0x7fa496287b30>
12959,2021-06-23 22:00:00,<function <lambda> at 0x7fa4962879f0>,<function <lambda> at 0x7fa496287a90>,<function <lambda> at 0x7fa496287b30>
12960,2021-06-23 23:00:00,<function <lambda> at 0x7fa4962879f0>,<function <lambda> at 0x7fa496287a90>,<function <lambda> at 0x7fa496287b30>
12961,2021-06-24 00:00:00,<function <lambda> at 0x7fa4962879f0>,<function <lambda> at 0x7fa496287a90>,<function <lambda> at 0x7fa496287b30>
12962,2021-06-24 01:00:00,<function <lambda> at 0x7fa4962879f0>,<function <lambda> at 0x7fa496287a90>,<function <lambda> at 0x7fa496287b30>
12963,2021-06-24 02:00:00,<function <lambda> at 0x7fa4962879f0>,<function <lambda> at 0x7fa496287a90>,<function <lambda> at 0x7fa496287b30>
12964,2021-06-24 03:00:00,<function <lambda> at 0x7fa4962879f0>,<function <lambda> at 0x7fa496287a90>,<function <lambda> at 0x7fa496287b30>
12965,2021-06-24 04:00:00,<function <lambda> at 0x7fa4962879f0>,<function <lambda> at 0x7fa496287a90>,<function <lambda> at 0x7fa496287b30>
12966,2021-06-24 05:00:00,<function <lambda> at 0x7fa4962879f0>,<function <lambda> at 0x7fa496287a90>,<function <lambda> at 0x7fa496287b30>
12967,2021-06-24 06:00:00,<function <lambda> at 0x7fa4962879f0>,<function <lambda> at 0x7fa496287a90>,<function <lambda> at 0x7fa496287b30>
12968,2021-06-24 07:00:00,<function <lambda> at 0x7fa4962879f0>,<function <lambda> at 0x7fa496287a90>,<function <lambda> at 0x7fa496287b30>
12969,2021-06-24 08:00:00,<function <lambda> at 0x7fa4962879f0>,<function <lambda> at 0x7fa496287a90>,<function <lambda> at 0x7fa496287b30>
12970,2021-06-24 09:00:00,<function <lambda> at 0x7fa4962879f0>,<function <lambda> at 0x7fa496287a90>,<function <lambda> at 0x7fa496287b30>
12971,2021-06-24 10:00:00,<function <lambda> at 0x7fa4962879f0>,<function <lambda> at 0x7fa496287a90>,<function <lambda> at 0x7fa496287b30>
12972,2021-06-24 11:00:00,<function <lambda> at 0x7fa4962879f0>,<function <lambda> at 0x7fa496287a90>,<function <lambda> at 0x7fa496287b30>
12973,2021-06-24 12:00:00,<function <lambda> at 0x7fa4962879f0>,<function <lambda> at 0x7fa496287a90>,<function <lambda> at 0x7fa496287b30>
12974,2021-06-24 13:00:00,<function <lambda> at 0x7fa4962879f0>,<function <lambda> at 0x7fa496287a90>,<function <lambda> at 0x7fa496287b30>
12975,2021-06-24 14:00:00,<function <lambda> at 0x7fa4962879f0>,<function <lambda> at 0x7fa496287a90>,<function <lambda> at 0x7fa496287b30>
12976,2021-06-24 15:00:00,<function <lambda> at 0x7fa4962879f0>,<function <lambda> at 0x7fa496287a90>,<function <lambda> at 0x7fa496287b30>
12977,2021-06-24 16:00:00,<function <lambda> at 0x7fa4962879f0>,<function <lambda> at 0x7fa496287a90>,<function <lambda> at 0x7fa496287b30>
12978,2021-06-24 17:00:00,<function <lambda> at 0x7fa4962879f0>,<function <lambda> at 0x7fa496287a90>,<function <lambda> at 0x7fa496287b30>
12979,2021-06-24 18:00:00,<function <lambda> at 0x7fa4962879f0>,<function <lambda> at 0x7fa496287a90>,<function <lambda> at 0x7fa496287b30>
12980,2021-06-24 19:00:00,<function <lambda> at 0x7fa4962879f0>,<function <lambda> at 0x7fa496287a90>,<function <lambda> at 0x7fa496287b30>
12981,2021-06-24 20:00:00,<function <lambda> at 0x7fa4962879f0>,<function <lambda> at 0x7fa496287a90>,<function <lambda> at 0x7fa496287b30>
12982,2021-06-24 21:00:00,<function <lambda> at 0x7fa4962879f0>,<function <lambda> at 0x7fa496287a90>,<function <lambda> at 0x7fa496287b30>
12983,2021-06-24 22:00:00,<function <lambda> at 0x7fa4962879f0>,<function <lambda> at 0x7fa496287a90>,<function <lambda> at 0x7fa496287b30>
12984,2021-06-24 23:00:00,<function <lambda> at 0x7fa4962879f0>,<function <lambda> at 0x7fa496287a90>,<function <lambda> at 0x7fa496287b30>
12985,2021-06-25 00:00:00,<function <lambda> at 0x7fa4962879f0>,<function <lambda> at 0x7fa496287a90>,<function <lambda> at 0x7fa496287b30>
12986,2021-06-25 01:00:00,<function <lambda> at 0x7fa4962879f0>,<function <lambda> at 0x7fa496287a90>,<function <lambda> at 0x7fa496287b30>
12987,2021-06-25 02:00:00,<function <lambda> at 0x7fa4962879f0>,<function <lambda> at 0x7fa496287a90>,<function <lambda> at 0x7fa496287b30>
12988,2021-06-25 03:00:00,<function <lambda> at 0x7fa4962879f0>,<function <lambda> at 0x7fa496287a90>,<function <lambda> at 0x7fa496287b30>
12989,2021-06-25 04:00:00,<function <lambda> at 0x7fa4962879f0>,<function <lambda> at 0x7fa496287a90>,<function <lambda> at 0x7fa496287b30>
12990,2021-06-25 05:00:00,<function <lambda> at 0x7fa4962879f0>,<function <lambda> at 0x7fa496287a90>,<function <lambda> at 0x7fa496287b30>
12991,2021-06-25 06:00:00,<function <lambda> at 0x7fa4962879f0>,<function <lambda> at 0x7fa496287a90>,<function <lambda> at 0x7fa496287b30>
12992,2021-06-25 07:00:00,<function <lambda> at 0x7fa4962879f0>,<function <lambda> at 0x7fa496287a90>,<function <lambda> at 0x7fa496287b30>
12993,2021-06-25 08:00:00,<function <lambda> at 0x7fa4962879f0>,<function <lambda> at 0x7fa496287a90>,<function <lambda> at 0x7fa496287b30>
12994,2021-06-25 09:00:00,<function <lambda> at 0x7fa4962879f0>,<function <lambda> at 0x7fa496287a90>,<function <lambda> at 0x7fa496287b30>
12995,2021-06-25 10:00:00,<function <lambda> at 0x7fa4962879f0>,<function <lambda> at 0x7fa496287a90>,<function <lambda> at 0x7fa496287b30>
12996,2021-06-25 11:00:00,<function <lambda> at 0x7fa4962879f0>,<function <lambda> at 0x7fa496287a90>,<function <lambda> at 0x7fa496287b30>
12997,2021-06-25 12:00:00,<function <lambda> at 0x7fa4962879f0>,<function <lambda> at 0x7fa496287a90>,<function <lambda> at 0x7fa496287b30>
12998,2021-06-25 13:00:00,<function <lambda> at 0x7fa4962879f0>,<function <lambda> at 0x7fa496287a90>,<function <lambda> at 0x7fa496287b30>
12999,2021-06-25 14:00:00,<function <lambda> at 0x7fa4962879f0>,<function <lambda> at 0x7fa496287a90>,<function <lambda> at 0x7fa496287b30>
13000,2021-06-25 15:00:00,<function <lambda> at 0x7fa4962879f0>,<function <lambda> at 0x7fa496287a90>,<function <lambda> at 0x7fa496287b30>
13001,2021-06-25 16:00:00,<function <lambda> at 0x7fa4962879f0>,<function <lambda> at 0x7fa496287a90>,<function <lambda> at 0x7fa496287b30>
13002,2021-06-25 17:00:00,<function <lambda> at 0x7fa4962879f0>,<function <lambda> at 0x7fa496287a90>,<function <lambda> at 0x7fa496287b30>
13003,2021-06-25 18:00:00,<function <lambda> at 0x7fa4962879f0>,<function <lambda> at 0x7fa496287a90>,<function <lambda> at 0x7fa496287b30>
13004,2021-06-25 19:00:00,<function <lambda> at 0x7fa4962879f0>,<function <lambda> at 0x7fa496287a90>,<function <lambda> at 0x7fa496287b30>
13005,2021-06-25 20:00:00,<function <lambda> at 0x7fa4962879f0>,<function <lambda> at 0x7fa496287a90>,<function <lambda> at 0x7fa496287b30>
13006,2021-06-25 21:00:00,<function <lambda> at 0x7fa4962879f0>,<function <lambda> at 0x7fa496287a90>,<function <lambda> at 0x7fa496287b30>
13007,2021-06-25 22:00:00,<function <lambda> at 0x7fa4962879f0>,<function <lambda> at 0x7fa496287a90>,<function <lambda> at 0x7fa496287b30>
13008,2021-06-25 23:00:00,<function <lambda> at 0x7fa4962879f0>,<function <lambda> at 0x7fa496287a90>,<function <lambda> at 0x7fa496287b30>
13009,2021-06-26 00:00:00,<function <lambda> at 0x7fa4962879f0>,<function <lambda> at 0x7fa496287a90>,<function <lambda> at 0x7fa496287b30>
13010,2021-06-26 01:00:00,<function <lambda> at 0x7fa4962879f0>,<function <lambda> at 0x7fa496287a90>,<function <lambda> at 0x7fa496287b30>
13011,2021-06-26 02:00:00,<function <lambda> at 0x7fa4962879f0>,<function <lambda> at 0x7fa496287a90>,<function <lambda> at 0x7fa496287b30>
13012,2021-06-26 03:00:00,<function <lambda> at 0x7fa4962879f0>,<function <lambda> at 0x7fa496287a90>,<function <lambda> at 0x7fa496287b30>
13013,2021-06-26 04:00:00,<function <lambda> at 0x7fa4962879f0>,<function <lambda> at 0x7fa496287a90>,<function <lambda> at 0x7fa496287b30>
13014,2021-06-26 05:00:00,<function <lambda> at 0x7fa4962879f0>,<function <lambda> at 0x7fa496287a90>,<function <lambda> at 0x7fa496287b30>
13015,2021-06-26 06:00:00,<function <lambda> at 0x7fa4962879f0>,<function <lambda> at 0x7fa496287a90>,<function <lambda> at 0x7fa496287b30>
13016,2021-06-26 07:00:00,<function <lambda> at 0x7fa4962879f0>,<function <lambda> at 0x7fa496287a90>,<function <lambda> at 0x7fa496287b30>
13017,2021-06-26 08:00:00,<function <lambda> at 0x7fa4962879f0>,<function <lambda> at 0x7fa496287a90>,<function <lambda> at 0x7fa496287b30>
13018,2021-06-26 09:00:00,<function <lambda> at 0x7fa4962879f0>,<function <lambda> at 0x7fa496287a90>,<function <lambda> at 0x7fa496287b30>
13019,2021-06-26 10:00:00,<function <lambda> at 0x7fa4962879f0>,<function <lambda> at 0x7fa496287a90>,<function <lambda> at 0x7fa496287b30>
13020,2021-06-26 11:00:00,<function <lambda> at 0x7fa4962879f0>,<function <lambda> at 0x7fa496287a90>,<function <lambda> at 0x7fa496287b30>
13021,2021-06-26 12:00:00,<function <lambda> at 0x7fa4962879f0>,<function <lambda> at 0x7fa496287a90>,<function <lambda> at 0x7fa496287b30>
13022,2021-06-26 13:00:00,<function <lambda> at 0x7fa4962879f0>,<function <lambda> at 0x7fa496287a90>,<function <lambda> at 0x7fa496287b30>
13023,2021-06-26 14:00:00,<function <lambda> at 0x7fa4962879f0>,<function <lambda> at 0x7fa496287a90>,<function <lambda> at 0x7fa496287b30>
13024,2021-06-26 15:00:00,<function <lambda> at 0x7fa4962879f0>,<function <lambda> at 0x7fa496287a90>,<function <lambda> at 0x7fa496287b30>
13025,2021-06-26 16:00:00,<function <lambda> at 0x7fa4962879f0>,<function <lambda> at 0x7fa496287a90>,<function <lambda> at 0x7fa496287b30>
13026,2021-06-26 17:00:00,<function <lambda> at 0x7fa4962879f0>,<function <lambda> at 0x7fa496287a90>,<function <lambda> at 0x7fa496287b30>
13027,2021-06-26 18:00:00,<function <lambda> at 0x7fa4962879f0>,<function <lambda> at 0x7fa496287a90>,<function <lambda> at 0x7fa496287b30>
13028,2021-06-26 19:00:00,<function <lambda> at 0x7fa4962879f0>,<function <lambda> at 0x7fa496287a90>,<function <lambda> at 0x7fa496287b30>
13029,2021-06-26 20:00:00,<function <lambda> at 0x7fa4962879f0>,<function <lambda> at 0x7fa496287a90>,<function <lambda> at 0x7fa496287b30>
13030,2021-06-26 21:00:00,<function <lambda> at 0x7fa4962879f0>,<function <lambda> at 0x7fa496287a90>,<function <lambda> at 0x7fa496287b30>
13031,2021-06-26 22:00:00,<function <lambda> at 0x7fa4962879f0>,<function <lambda> at 0x7fa496287a90>,<function <lambda> at 0x7fa496287b30>
13032,2021-06-26 23:00:00,<function <lambda> at 0x7fa4962879f0>,<function <lambda> at 0x7fa496287a90>,<function <lambda> at 0x7fa496287b30>
13033,2021-06-27 00:00:00,<function <lambda> at 0x7fa4962879f0>,<function <lambda> at 0x7fa496287a90>,<function <lambda> at 0x7fa496287b30>
13034,2021-06-27 01:00:00,<function <lambda> at 0x7fa4962879f0>,<function <lambda> at 0x7fa496287a90>,<function <lambda> at 0x7fa496287b30>
13035,2021-06-27 02:00:00,<function <lambda> at 0x7fa4962879f0>,<function <lambda> at 0x7fa496287a90>,<function <lambda> at 0x7fa496287b30>
13036,2021-06-27 03:00:00,<function <lambda> at 0x7fa4962879f0>,<function <lambda> at 0x7fa496287a90>,<function <lambda> at 0x7fa496287b30>
13037,2021-06-27 04:00:00,<function <lambda> at 0x7fa4962879f0>,<function <lambda> at 0x7fa496287a90>,<function <lambda> at 0x7fa496287b30>
13038,2021-06-27 05:00:00,<function <lambda> at 0x7fa4962879f0>,<function <lambda> at 0x7fa496287a90>,<function <lambda> at 0x7fa496287b30>
13039,2021-06-27 06:00:00,<function <lambda> at 0x7fa4962879f0>,<function <lambda> at 0x7fa496287a90>,<function <lambda> at 0x7fa496287b30>
13040,2021-06-27 07:00:00,<function <lambda> at 0x7fa4962879f0>,<function <lambda> at 0x7fa496287a90>,<function <lambda> at 0x7fa496287b30>
13041,2021-06-27 08:00:00,<function <lambda> at 0x7fa4962879f0>,<function <lambda> at 0x7fa496287a90>,<function <lambda> at 0x7fa496287b30>
13042,2021-06-27 09:00:00,<function <lambda> at 0x7fa4962879f0>,<function <lambda> at 0x7fa496287a90>,<function <lambda> at 0x7fa496287b30>
13043,2021-06-27 10:00:00,<function <lambda> at 0x7fa4962879f0>,<function <lambda> at 0x7fa496287a90>,<function <lambda> at 0x7fa496287b30>
13044,2021-06-27 11:00:00,<function <lambda> at 0x7fa4962879f0>,<function <lambda> at 0x7fa496287a90>,<function <lambda> at 0x7fa496287b30>
13045,2021-06-27 12:00:00,<function <lambda> at 0x7fa4962879f0>,<function <lambda> at 0x7fa496287a90>,<function <lambda> at 0x7fa496287b30>
13046,2021-06-27 13:00:00,<function <lambda> at 0x7fa4962879f0>,<function <lambda> at 0x7fa496287a90>,<function <lambda> at 0x7fa496287b30>
13047,2021-06-27 14:00:00,<function <lambda> at 0x7fa4962879f0>,<function <lambda> at 0x7fa496287a90>,<function <lambda> at 0x7fa496287b30>
13048,2021-06-27 15:00:00,<function <lambda> at 0x7fa4962879f0>,<function <lambda> at 0x7fa496287a90>,<function <lambda> at 0x7fa496287b30>
13049,2021-06-27 16:00:00,<function <lambda> at 0x7fa4962879f0>,<function <lambda> at 0x7fa496287a90>,<function <lambda> at 0x7fa496287b30>
13050,2021-06-27 17:00:00,<function <lambda> at 0x7fa4962879f0>,<function <lambda> at 0x7fa496287a90>,<function <lambda> at 0x7fa496287b30>
13051,2021-06-27 18:00:00,<function <lambda> at 0x7fa4962879f0>,<function <lambda> at 0x7fa496287a90>,<function <lambda> at 0x7fa496287b30>
13052,2021-06-27 19:00:00,<function <lambda> at 0x7fa4962879f0>,<function <lambda> at 0x7fa496287a90>,<function <lambda> at 0x7fa496287b30>
13053,2021-06-27 20:00:00,<function <lambda> at 0x7fa4962879f0>,<function <lambda> at 0x7fa496287a90>,<function <lambda> at 0x7fa496287b30>
13054,2021-06-27 21:00:00,<function <lambda> at 0x7fa4962879f0>,<function <lambda> at 0x7fa496287a90>,<function <lambda> at 0x7fa496287b30>
13055,2021-06-27 22:00:00,<function <lambda> at 0x7fa4962879f0>,<function <lambda> at 0x7fa496287a90>,<function <lambda> at 0x7fa496287b30>
13056,2021-06-27 23:00:00,<function <lambda> at 0x7fa4962879f0>,<function <lambda> at 0x7fa496287a90>,<function <lambda> at 0x7fa496287b30>
13057,2021-06-28 00:00:00,<function <lambda> at 0x7fa4962879f0>,<function <lambda> at 0x7fa496287a90>,<function <lambda> at 0x7fa496287b30>
13058,2021-06-28 01:00:00,<function <lambda> at 0x7fa4962879f0>,<function <lambda> at 0x7fa496287a90>,<function <lambda> at 0x7fa496287b30>
13059,2021-06-28 02:00:00,<function <lambda> at 0x7fa4962879f0>,<function <lambda> at 0x7fa496287a90>,<function <lambda> at 0x7fa496287b30>
13060,2021-06-28 03:00:00,<function <lambda> at 0x7fa4962879f0>,<function <lambda> at 0x7fa496287a90>,<function <lambda> at 0x7fa496287b30>
13061,2021-06-28 04:00:00,<function <lambda> at 0x7fa4962879f0>,<function <lambda> at 0x7fa496287a90>,<function <lambda> at 0x7fa496287b30>
13062,2021-06-28 05:00:00,<function <lambda> at 0x7fa4962879f0>,<function <lambda> at 0x7fa496287a90>,<function <lambda> at 0x7fa496287b30>
13063,2021-06-28 06:00:00,<function <lambda> at 0x7fa4962879f0>,<function <lambda> at 0x7fa496287a90>,<function <lambda> at 0x7fa496287b30>
13064,2021-06-28 07:00:00,<function <lambda> at 0x7fa4962879f0>,<function <lambda> at 0x7fa496287a90>,<function <lambda> at 0x7fa496287b30>
13065,2021-06-28 08:00:00,<function <lambda> at 0x7fa4962879f0>,<function <lambda> at 0x7fa496287a90>,<function <lambda> at 0x7fa496287b30>
13066,2021-06-28 09:00:00,<function <lambda> at 0x7fa4962879f0>,<function <lambda> at 0x7fa496287a90>,<function <lambda> at 0x7fa496287b30>
13067,2021-06-28 10:00:00,<function <lambda> at 0x7fa4962879f0>,<function <lambda> at 0x7fa496287a90>,<function <lambda> at 0x7fa496287b30>
13068,2021-06-28 11:00:00,<function <lambda> at 0x7fa4962879f0>,<function <lambda> at 0x7fa496287a90>,<function <lambda> at 0x7fa496287b30>
13069,2021-06-28 12:00:00,<function <lambda> at 0x7fa4962879f0>,<function <lambda> at 0x7fa496287a90>,<function <lambda> at 0x7fa496287b30>
13070,2021-06-28 13:00:00,<function <lambda> at 0x7fa4962879f0>,<function <lambda> at 0x7fa496287a90>,<function <lambda> at 0x7fa496287b30>
13071,2021-06-28 14:00:00,<function <lambda> at 0x7fa4962879f0>,<function <lambda> at 0x7fa496287a90>,<function <lambda> at 0x7fa496287b30>
13072,2021-06-28 15:00:00,<function <lambda> at 0x7fa4962879f0>,<function <lambda> at 0x7fa496287a90>,<function <lambda> at 0x7fa496287b30>
13073,2021-06-28 16:00:00,<function <lambda> at 0x7fa4962879f0>,<function <lambda> at 0x7fa496287a90>,<function <lambda> at 0x7fa496287b30>
13074,2021-06-28 17:00:00,<function <lambda> at 0x7fa4962879f0>,<function <lambda> at 0x7fa496287a90>,<function <lambda> at 0x7fa496287b30>
13075,2021-06-28 18:00:00,<function <lambda> at 0x7fa4962879f0>,<function <lambda> at 0x7fa496287a90>,<function <lambda> at 0x7fa496287b30>
13076,2021-06-28 19:00:00,<function <lambda> at 0x7fa4962879f0>,<function <lambda> at 0x7fa496287a90>,<function <lambda> at 0x7fa496287b30>
13077,2021-06-28 20:00:00,<function <lambda> at 0x7fa4962879f0>,<function <lambda> at 0x7fa496287a90>,<function <lambda> at 0x7fa496287b30>
13078,2021-06-28 21:00:00,<function <lambda> at 0x7fa4962879f0>,<function <lambda> at 0x7fa496287a90>,<function <lambda> at 0x7fa496287b30>
13079,2021-06-28 22:00:00,<function <lambda> at 0x7fa4962879f0>,<function <lambda> at 0x7fa496287a90>,<function <lambda> at 0x7fa496287b30>
13080,2021-06-28 23:00:00,<function <lambda> at 0x7fa4962879f0>,<function <lambda> at 0x7fa496287a90>,<function <lambda> at 0x7fa496287b30>
13081,2021-06-29 00:00:00,<function <lambda> at 0x7fa4962879f0>,<function <lambda> at 0x7fa496287a90>,<function <lambda> at 0x7fa496287b30>
13082,2021-06-29 01:00:00,<function <lambda> at 0x7fa4962879f0>,<function <lambda> at 0x7fa496287a90>,<function <lambda> at 0x7fa496287b30>
13083,2021-06-29 02:00:00,<function <lambda> at 0x7fa4962879f0>,<function <lambda> at 0x7fa496287a90>,<function <lambda> at 0x7fa496287b30>
13084,2021-06-29 03:00:00,<function <lambda> at 0x7fa4962879f0>,<function <lambda> at 0x7fa496287a90>,<function <lambda> at 0x7fa496287b30>
13085,2021-06-29 04:00:00,<function <lambda> at 0x7fa4962879f0>,<function <lambda> at 0x7fa496287a90>,<function <lambda> at 0x7fa496287b30>
13086,2021-06-29 05:00:00,<function <lambda> at 0x7fa4962879f0>,<function <lambda> at 0x7fa496287a90>,<function <lambda> at 0x7fa496287b30>
13087,2021-06-29 06:00:00,<function <lambda> at 0x7fa4962879f0>,<function <lambda> at 0x7fa496287a90>,<function <lambda> at 0x7fa496287b30>
13088,2021-06-29 07:00:00,<function <lambda> at 0x7fa4962879f0>,<function <lambda> at 0x7fa496287a90>,<function <lambda> at 0x7fa496287b30>
13089,2021-06-29 08:00:00,<function <lambda> at 0x7fa4962879f0>,<function <lambda> at 0x7fa496287a90>,<function <lambda> at 0x7fa496287b30>
13090,2021-06-29 09:00:00,<function <lambda> at 0x7fa4962879f0>,<function <lambda> at 0x7fa496287a90>,<function <lambda> at 0x7fa496287b30>
13091,2021-06-29 10:00:00,<function <lambda> at 0x7fa4962879f0>,<function <lambda> at 0x7fa496287a90>,<function <lambda> at 0x7fa496287b30>
13092,2021-06-29 11:00:00,<function <lambda> at 0x7fa4962879f0>,<function <lambda> at 0x7fa496287a90>,<function <lambda> at 0x7fa496287b30>
13093,2021-06-29 12:00:00,<function <lambda> at 0x7fa4962879f0>,<function <lambda> at 0x7fa496287a90>,<function <lambda> at 0x7fa496287b30>
13094,2021-06-29 13:00:00,<function <lambda> at 0x7fa4962879f0>,<function <lambda> at 0x7fa496287a90>,<function <lambda> at 0x7fa496287b30>
13095,2021-06-29 14:00:00,<function <lambda> at 0x7fa4962879f0>,<function <lambda> at 0x7fa496287a90>,<function <lambda> at 0x7fa496287b30>
13096,2021-06-29 15:00:00,<function <lambda> at 0x7fa4962879f0>,<function <lambda> at 0x7fa496287a90>,<function <lambda> at 0x7fa496287b30>
13097,2021-06-29 16:00:00,<function <lambda> at 0x7fa4962879f0>,<function <lambda> at 0x7fa496287a90>,<function <lambda> at 0x7fa496287b30>
13098,2021-06-29 17:00:00,<function <lambda> at 0x7fa4962879f0>,<function <lambda> at 0x7fa496287a90>,<function <lambda> at 0x7fa496287b30>
13099,2021-06-29 18:00:00,<function <lambda> at 0x7fa4962879f0>,<function <lambda> at 0x7fa496287a90>,<function <lambda> at 0x7fa496287b30>
13100,2021-06-29 19:00:00,<function <lambda> at 0x7fa4962879f0>,<function <lambda> at 0x7fa496287a90>,<function <lambda> at 0x7fa496287b30>
13101,2021-06-29 20:00:00,<function <lambda> at 0x7fa4962879f0>,<function <lambda> at 0x7fa496287a90>,<function <lambda> at 0x7fa496287b30>
13102,2021-06-29 21:00:00,<function <lambda> at 0x7fa4962879f0>,<function <lambda> at 0x7fa496287a90>,<function <lambda> at 0x7fa496287b30>
13103,2021-06-29 22:00:00,<function <lambda> at 0x7fa4962879f0>,<function <lambda> at 0x7fa496287a90>,<function <lambda> at 0x7fa496287b30>
13104,2021-06-29 23:00:00,<function <lambda> at 0x7fa4962879f0>,<function <lambda> at 0x7fa496287a90>,<function <lambda> at 0x7fa496287b30>
13105,2021-06-30 00:00:00,<function <lambda> at 0x7fa4962879f0>,<function <lambda> at 0x7fa496287a90>,<function <lambda> at 0x7fa496287b30>
13106,2021-06-30 01:00:00,<function <lambda> at 0x7fa4962879f0>,<function <lambda> at 0x7fa496287a90>,<function <lambda> at 0x7fa496287b30>
13107,2021-06-30 02:00:00,<function <lambda> at 0x7fa4962879f0>,<function <lambda> at 0x7fa496287a90>,<function <lambda> at 0x7fa496287b30>
13108,2021-06-30 03:00:00,<function <lambda> at 0x7fa4962879f0>,<function <lambda> at 0x7fa496287a90>,<function <lambda> at 0x7fa496287b30>
13109,2021-06-30 04:00:00,<function <lambda> at 0x7fa4962879f0>,<function <lambda> at 0x7fa496287a90>,<function <lambda> at 0x7fa496287b30>
13110,2021-06-30 05:00:00,<function <lambda> at 0x7fa4962879f0>,<function <lambda> at 0x7fa496287a90>,<function <lambda> at 0x7fa496287b30>
13111,2021-06-30 06:00:00,<function <lambda> at 0x7fa4962879f0>,<function <lambda> at 0x7fa496287a90>,<function <lambda> at 0x7fa496287b30>
13112,2021-06-30 07:00:00,<function <lambda> at 0x7fa4962879f0>,<function <lambda> at 0x7fa496287a90>,<function <lambda> at 0x7fa496287b30>
13113,2021-06-30 08:00:00,<function <lambda> at 0x7fa4962879f0>,<function <lambda> at 0x7fa496287a90>,<function <lambda> at 0x7fa496287b30>
13114,2021-06-30 09:00:00,<function <lambda> at 0x7fa4962879f0>,<function <lambda> at 0x7fa496287a90>,<function <lambda> at 0x7fa496287b30>
13115,2021-06-30 10:00:00,<function <lambda> at 0x7fa4962879f0>,<function <lambda> at 0x7fa496287a90>,<function <lambda> at 0x7fa496287b30>
13116,2021-06-30 11:00:00,<function <lambda> at 0x7fa4962879f0>,<function <lambda> at 0x7fa496287a90>,<function <lambda> at 0x7fa496287b30>
13117,2021-06-30 12:00:00,<function <lambda> at 0x7fa4962879f0>,<function <lambda> at 0x7fa496287a90>,<function <lambda> at 0x7fa496287b30>
13118,2021-06-30 13:00:00,<function <lambda> at 0x7fa4962879f0>,<function <lambda> at 0x7fa496287a90>,<function <lambda> at 0x7fa496287b30>
13119,2021-06-30 14:00:00,<function <lambda> at 0x7fa4962879f0>,<function <lambda> at 0x7fa496287a90>,<function <lambda> at 0x7fa496287b30>
13120,2021-06-30 15:00:00,<function <lambda> at 0x7fa4962879f0>,<function <lambda> at 0x7fa496287a90>,<function <lambda> at 0x7fa496287b30>
13121,2021-06-30 16:00:00,<function <lambda> at 0x7fa4962879f0>,<function <lambda> at 0x7fa496287a90>,<function <lambda> at 0x7fa496287b30>
13122,2021-06-30 17:00:00,<function <lambda> at 0x7fa4962879f0>,<function <lambda> at 0x7fa496287a90>,<function <lambda> at 0x7fa496287b30>
13123,2021-06-30 18:00:00,<function <lambda> at 0x7fa4962879f0>,<function <lambda> at 0x7fa496287a90>,<function <lambda> at 0x7fa496287b30>
13124,2021-06-30 19:00:00,<function <lambda> at 0x7fa4962879f0>,<function <lambda> at 0x7fa496287a90>,<function <lambda> at 0x7fa496287b30>
13125,2021-06-30 20:00:00,<function <lambda> at 0x7fa4962879f0>,<function <lambda> at 0x7fa496287a90>,<function <lambda> at 0x7fa496287b30>
13126,2021-06-30 21:00:00,<function <lambda> at 0x7fa4962879f0>,<function <lambda> at 0x7fa496287a90>,<function <lambda> at 0x7fa496287b30>
13127,2021-06-30 22:00:00,<function <lambda> at 0x7fa4962879f0>,<function <lambda> at 0x7fa496287a90>,<function <lambda> at 0x7fa496287b30>
13128,2021-06-30 23:00:00,<function <lambda> at 0x7fa4962879f0>,<function <lambda> at 0x7fa496287a90>,<function <lambda> at 0x7fa496287b30>
13129,2021-07-01 00:00:00,<function <lambda> at 0x7fa4962879f0>,<function <lambda> at 0x7fa496287a90>,<function <lambda> at 0x7fa496287b30>
13130,2021-07-01 01:00:00,<function <lambda> at 0x7fa4962879f0>,<function <lambda> at 0x7fa496287a90>,<function <lambda> at 0x7fa496287b30>
13131,2021-07-01 02:00:00,<function <lambda> at 0x7fa4962879f0>,<function <lambda> at 0x7fa496287a90>,<function <lambda> at 0x7fa496287b30>
13132,2021-07-01 03:00:00,<function <lambda> at 0x7fa4962879f0>,<function <lambda> at 0x7fa496287a90>,<function <lambda> at 0x7fa496287b30>
13133,2021-07-01 04:00:00,<function <lambda> at 0x7fa4962879f0>,<function <lambda> at 0x7fa496287a90>,<function <lambda> at 0x7fa496287b30>
13134,2021-07-01 05:00:00,<function <lambda> at 0x7fa4962879f0>,<function <lambda> at 0x7fa496287a90>,<function <lambda> at 0x7fa496287b30>
13135,2021-07-01 06:00:00,<function <lambda> at 0x7fa4962879f0>,<function <lambda> at 0x7fa496287a90>,<function <lambda> at 0x7fa496287b30>
13136,2021-07-01 07:00:00,<function <lambda> at 0x7fa4962879f0>,<function <lambda> at 0x7fa496287a90>,<function <lambda> at 0x7fa496287b30>
13137,2021-07-01 08:00:00,<function <lambda> at 0x7fa4962879f0>,<function <lambda> at 0x7fa496287a90>,<function <lambda> at 0x7fa496287b30>
13138,2021-07-01 09:00:00,<function <lambda> at 0x7fa4962879f0>,<function <lambda> at 0x7fa496287a90>,<function <lambda> at 0x7fa496287b30>
13139,2021-07-01 10:00:00,<function <lambda> at 0x7fa4962879f0>,<function <lambda> at 0x7fa496287a90>,<function <lambda> at 0x7fa496287b30>
13140,2021-07-01 11:00:00,<function <lambda> at 0x7fa4962879f0>,<function <lambda> at 0x7fa496287a90>,<function <lambda> at 0x7fa496287b30>
13141,2021-07-01 12:00:00,<function <lambda> at 0x7fa4962879f0>,<function <lambda> at 0x7fa496287a90>,<function <lambda> at 0x7fa496287b30>
13142,2021-07-01 13:00:00,<function <lambda> at 0x7fa4962879f0>,<function <lambda> at 0x7fa496287a90>,<function <lambda> at 0x7fa496287b30>
13143,2021-07-01 14:00:00,<function <lambda> at 0x7fa4962879f0>,<function <lambda> at 0x7fa496287a90>,<function <lambda> at 0x7fa496287b30>
13144,2021-07-01 15:00:00,<function <lambda> at 0x7fa4962879f0>,<function <lambda> at 0x7fa496287a90>,<function <lambda> at 0x7fa496287b30>
13145,2021-07-01 16:00:00,<function <lambda> at 0x7fa4962879f0>,<function <lambda> at 0x7fa496287a90>,<function <lambda> at 0x7fa496287b30>
13146,2021-07-01 17:00:00,<function <lambda> at 0x7fa4962879f0>,<function <lambda> at 0x7fa496287a90>,<function <lambda> at 0x7fa496287b30>
13147,2021-07-01 18:00:00,<function <lambda> at 0x7fa4962879f0>,<function <lambda> at 0x7fa496287a90>,<function <lambda> at 0x7fa496287b30>
13148,2021-07-01 19:00:00,<function <lambda> at 0x7fa4962879f0>,<function <lambda> at 0x7fa496287a90>,<function <lambda> at 0x7fa496287b30>
13149,2021-07-01 20:00:00,<function <lambda> at 0x7fa4962879f0>,<function <lambda> at 0x7fa496287a90>,<function <lambda> at 0x7fa496287b30>
13150,2021-07-01 21:00:00,<function <lambda> at 0x7fa4962879f0>,<function <lambda> at 0x7fa496287a90>,<function <lambda> at 0x7fa496287b30>
13151,2021-07-01 22:00:00,<function <lambda> at 0x7fa4962879f0>,<function <lambda> at 0x7fa496287a90>,<function <lambda> at 0x7fa496287b30>
13152,2021-07-01 23:00:00,<function <lambda> at 0x7fa4962879f0>,<function <lambda> at 0x7fa496287a90>,<function <lambda> at 0x7fa496287b30>
13153,2021-07-02 00:00:00,<function <lambda> at 0x7fa4962879f0>,<function <lambda> at 0x7fa496287a90>,<function <lambda> at 0x7fa496287b30>
13154,2021-07-02 01:00:00,<function <lambda> at 0x7fa4962879f0>,<function <lambda> at 0x7fa496287a90>,<function <lambda> at 0x7fa496287b30>
13155,2021-07-02 02:00:00,<function <lambda> at 0x7fa4962879f0>,<function <lambda> at 0x7fa496287a90>,<function <lambda> at 0x7fa496287b30>
13156,2021-07-02 03:00:00,<function <lambda> at 0x7fa4962879f0>,<function <lambda> at 0x7fa496287a90>,<function <lambda> at 0x7fa496287b30>
13157,2021-07-02 04:00:00,<function <lambda> at 0x7fa4962879f0>,<function <lambda> at 0x7fa496287a90>,<function <lambda> at 0x7fa496287b30>
13158,2021-07-02 05:00:00,<function <lambda> at 0x7fa4962879f0>,<function <lambda> at 0x7fa496287a90>,<function <lambda> at 0x7fa496287b30>
13159,2021-07-02 06:00:00,<function <lambda> at 0x7fa4962879f0>,<function <lambda> at 0x7fa496287a90>,<function <lambda> at 0x7fa496287b30>
13160,2021-07-02 07:00:00,<function <lambda> at 0x7fa4962879f0>,<function <lambda> at 0x7fa496287a90>,<function <lambda> at 0x7fa496287b30>
13161,2021-07-02 08:00:00,<function <lambda> at 0x7fa4962879f0>,<function <lambda> at 0x7fa496287a90>,<function <lambda> at 0x7fa496287b30>
13162,2021-07-02 09:00:00,<function <lambda> at 0x7fa4962879f0>,<function <lambda> at 0x7fa496287a90>,<function <lambda> at 0x7fa496287b30>
13163,2021-07-02 10:00:00,<function <lambda> at 0x7fa4962879f0>,<function <lambda> at 0x7fa496287a90>,<function <lambda> at 0x7fa496287b30>
13164,2021-07-02 11:00:00,<function <lambda> at 0x7fa4962879f0>,<function <lambda> at 0x7fa496287a90>,<function <lambda> at 0x7fa496287b30>
13165,2021-07-02 12:00:00,<function <lambda> at 0x7fa4962879f0>,<function <lambda> at 0x7fa496287a90>,<function <lambda> at 0x7fa496287b30>
13166,2021-07-02 13:00:00,<function <lambda> at 0x7fa4962879f0>,<function <lambda> at 0x7fa496287a90>,<function <lambda> at 0x7fa496287b30>
13167,2021-07-02 14:00:00,<function <lambda> at 0x7fa4962879f0>,<function <lambda> at 0x7fa496287a90>,<function <lambda> at 0x7fa496287b30>
13168,2021-07-02 15:00:00,<function <lambda> at 0x7fa4962879f0>,<function <lambda> at 0x7fa496287a90>,<function <lambda> at 0x7fa496287b30>
13169,2021-07-02 16:00:00,<function <lambda> at 0x7fa4962879f0>,<function <lambda> at 0x7fa496287a90>,<function <lambda> at 0x7fa496287b30>
13170,2021-07-02 17:00:00,<function <lambda> at 0x7fa4962879f0>,<function <lambda> at 0x7fa496287a90>,<function <lambda> at 0x7fa496287b30>
13171,2021-07-02 18:00:00,<function <lambda> at 0x7fa4962879f0>,<function <lambda> at 0x7fa496287a90>,<function <lambda> at 0x7fa496287b30>
13172,2021-07-02 19:00:00,<function <lambda> at 0x7fa4962879f0>,<function <lambda> at 0x7fa496287a90>,<function <lambda> at 0x7fa496287b30>
13173,2021-07-02 20:00:00,<function <lambda> at 0x7fa4962879f0>,<function <lambda> at 0x7fa496287a90>,<function <lambda> at 0x7fa496287b30>
13174,2021-07-02 21:00:00,<function <lambda> at 0x7fa4962879f0>,<function <lambda> at 0x7fa496287a90>,<function <lambda> at 0x7fa496287b30>
13175,2021-07-02 22:00:00,<function <lambda> at 0x7fa4962879f0>,<function <lambda> at 0x7fa496287a90>,<function <lambda> at 0x7fa496287b30>
13176,2021-07-02 23:00:00,<function <lambda> at 0x7fa4962879f0>,<function <lambda> at 0x7fa496287a90>,<function <lambda> at 0x7fa496287b30>
13177,2021-07-03 00:00:00,<function <lambda> at 0x7fa4962879f0>,<function <lambda> at 0x7fa496287a90>,<function <lambda> at 0x7fa496287b30>
13178,2021-07-03 01:00:00,<function <lambda> at 0x7fa4962879f0>,<function <lambda> at 0x7fa496287a90>,<function <lambda> at 0x7fa496287b30>
13179,2021-07-03 02:00:00,<function <lambda> at 0x7fa4962879f0>,<function <lambda> at 0x7fa496287a90>,<function <lambda> at 0x7fa496287b30>
13180,2021-07-03 03:00:00,<function <lambda> at 0x7fa4962879f0>,<function <lambda> at 0x7fa496287a90>,<function <lambda> at 0x7fa496287b30>
13181,2021-07-03 04:00:00,<function <lambda> at 0x7fa4962879f0>,<function <lambda> at 0x7fa496287a90>,<function <lambda> at 0x7fa496287b30>
13182,2021-07-03 05:00:00,<function <lambda> at 0x7fa4962879f0>,<function <lambda> at 0x7fa496287a90>,<function <lambda> at 0x7fa496287b30>
13183,2021-07-03 06:00:00,<function <lambda> at 0x7fa4962879f0>,<function <lambda> at 0x7fa496287a90>,<function <lambda> at 0x7fa496287b30>
13184,2021-07-03 07:00:00,<function <lambda> at 0x7fa4962879f0>,<function <lambda> at 0x7fa496287a90>,<function <lambda> at 0x7fa496287b30>
13185,2021-07-03 08:00:00,<function <lambda> at 0x7fa4962879f0>,<function <lambda> at 0x7fa496287a90>,<function <lambda> at 0x7fa496287b30>
13186,2021-07-03 09:00:00,<function <lambda> at 0x7fa4962879f0>,<function <lambda> at 0x7fa496287a90>,<function <lambda> at 0x7fa496287b30>
13187,2021-07-03 10:00:00,<function <lambda> at 0x7fa4962879f0>,<function <lambda> at 0x7fa496287a90>,<function <lambda> at 0x7fa496287b30>
13188,2021-07-03 11:00:00,<function <lambda> at 0x7fa4962879f0>,<function <lambda> at 0x7fa496287a90>,<function <lambda> at 0x7fa496287b30>
13189,2021-07-03 12:00:00,<function <lambda> at 0x7fa4962879f0>,<function <lambda> at 0x7fa496287a90>,<function <lambda> at 0x7fa496287b30>
13190,2021-07-03 13:00:00,<function <lambda> at 0x7fa4962879f0>,<function <lambda> at 0x7fa496287a90>,<function <lambda> at 0x7fa496287b30>
13191,2021-07-03 14:00:00,<function <lambda> at 0x7fa4962879f0>,<function <lambda> at 0x7fa496287a90>,<function <lambda> at 0x7fa496287b30>
13192,2021-07-03 15:00:00,<function <lambda> at 0x7fa4962879f0>,<function <lambda> at 0x7fa496287a90>,<function <lambda> at 0x7fa496287b30>
13193,2021-07-03 16:00:00,<function <lambda> at 0x7fa4962879f0>,<function <lambda> at 0x7fa496287a90>,<function <lambda> at 0x7fa496287b30>
13194,2021-07-03 17:00:00,<function <lambda> at 0x7fa4962879f0>,<function <lambda> at 0x7fa496287a90>,<function <lambda> at 0x7fa496287b30>
13195,2021-07-03 18:00:00,<function <lambda> at 0x7fa4962879f0>,<function <lambda> at 0x7fa496287a90>,<function <lambda> at 0x7fa496287b30>
13196,2021-07-03 19:00:00,<function <lambda> at 0x7fa4962879f0>,<function <lambda> at 0x7fa496287a90>,<function <lambda> at 0x7fa496287b30>
13197,2021-07-03 20:00:00,<function <lambda> at 0x7fa4962879f0>,<function <lambda> at 0x7fa496287a90>,<function <lambda> at 0x7fa496287b30>
13198,2021-07-03 21:00:00,<function <lambda> at 0x7fa4962879f0>,<function <lambda> at 0x7fa496287a90>,<function <lambda> at 0x7fa496287b30>
13199,2021-07-03 22:00:00,<function <lambda> at 0x7fa4962879f0>,<function <lambda> at 0x7fa496287a90>,<function <lambda> at 0x7fa496287b30>
13200,2021-07-03 23:00:00,<function <lambda> at 0x7fa4962879f0>,<function <lambda> at 0x7fa496287a90>,<function <lambda> at 0x7fa496287b30>
13201,2021-07-04 00:00:00,<function <lambda> at 0x7fa4962879f0>,<function <lambda> at 0x7fa496287a90>,<function <lambda> at 0x7fa496287b30>
13202,2021-07-04 01:00:00,<function <lambda> at 0x7fa4962879f0>,<function <lambda> at 0x7fa496287a90>,<function <lambda> at 0x7fa496287b30>
13203,2021-07-04 02:00:00,<function <lambda> at 0x7fa4962879f0>,<function <lambda> at 0x7fa496287a90>,<function <lambda> at 0x7fa496287b30>
13204,2021-07-04 03:00:00,<function <lambda> at 0x7fa4962879f0>,<function <lambda> at 0x7fa496287a90>,<function <lambda> at 0x7fa496287b30>
13205,2021-07-04 04:00:00,<function <lambda> at 0x7fa4962879f0>,<function <lambda> at 0x7fa496287a90>,<function <lambda> at 0x7fa496287b30>
13206,2021-07-04 05:00:00,<function <lambda> at 0x7fa4962879f0>,<function <lambda> at 0x7fa496287a90>,<function <lambda> at 0x7fa496287b30>
13207,2021-07-04 06:00:00,<function <lambda> at 0x7fa4962879f0>,<function <lambda> at 0x7fa496287a90>,<function <lambda> at 0x7fa496287b30>
13208,2021-07-04 07:00:00,<function <lambda> at 0x7fa4962879f0>,<function <lambda> at 0x7fa496287a90>,<function <lambda> at 0x7fa496287b30>
13209,2021-07-04 08:00:00,<function <lambda> at 0x7fa4962879f0>,<function <lambda> at 0x7fa496287a90>,<function <lambda> at 0x7fa496287b30>
13210,2021-07-04 09:00:00,<function <lambda> at 0x7fa4962879f0>,<function <lambda> at 0x7fa496287a90>,<function <lambda> at 0x7fa496287b30>
13211,2021-07-04 10:00:00,<function <lambda> at 0x7fa4962879f0>,<function <lambda> at 0x7fa496287a90>,<function <lambda> at 0x7fa496287b30>
13212,2021-07-04 11:00:00,<function <lambda> at 0x7fa4962879f0>,<function <lambda> at 0x7fa496287a90>,<function <lambda> at 0x7fa496287b30>
13213,2021-07-04 12:00:00,<function <lambda> at 0x7fa4962879f0>,<function <lambda> at 0x7fa496287a90>,<function <lambda> at 0x7fa496287b30>
13214,2021-07-04 13:00:00,<function <lambda> at 0x7fa4962879f0>,<function <lambda> at 0x7fa496287a90>,<function <lambda> at 0x7fa496287b30>
13215,2021-07-04 14:00:00,<function <lambda> at 0x7fa4962879f0>,<function <lambda> at 0x7fa496287a90>,<function <lambda> at 0x7fa496287b30>
13216,2021-07-04 15:00:00,<function <lambda> at 0x7fa4962879f0>,<function <lambda> at 0x7fa496287a90>,<function <lambda> at 0x7fa496287b30>
13217,2021-07-04 16:00:00,<function <lambda> at 0x7fa4962879f0>,<function <lambda> at 0x7fa496287a90>,<function <lambda> at 0x7fa496287b30>
13218,2021-07-04 17:00:00,<function <lambda> at 0x7fa4962879f0>,<function <lambda> at 0x7fa496287a90>,<function <lambda> at 0x7fa496287b30>
13219,2021-07-04 18:00:00,<function <lambda> at 0x7fa4962879f0>,<function <lambda> at 0x7fa496287a90>,<function <lambda> at 0x7fa496287b30>
13220,2021-07-04 19:00:00,<function <lambda> at 0x7fa4962879f0>,<function <lambda> at 0x7fa496287a90>,<function <lambda> at 0x7fa496287b30>
13221,2021-07-04 20:00:00,<function <lambda> at 0x7fa4962879f0>,<function <lambda> at 0x7fa496287a90>,<function <lambda> at 0x7fa496287b30>
13222,2021-07-04 21:00:00,<function <lambda> at 0x7fa4962879f0>,<function <lambda> at 0x7fa496287a90>,<function <lambda> at 0x7fa496287b30>
13223,2021-07-04 22:00:00,<function <lambda> at 0x7fa4962879f0>,<function <lambda> at 0x7fa496287a90>,<function <lambda> at 0x7fa496287b30>
13224,2021-07-04 23:00:00,<function <lambda> at 0x7fa4962879f0>,<function <lambda> at 0x7fa496287a90>,<function <lambda> at 0x7fa496287b30>
13225,2021-07-05 00:00:00,<function <lambda> at 0x7fa4962879f0>,<function <lambda> at 0x7fa496287a90>,<function <lambda> at 0x7fa496287b30>
13226,2021-07-05 01:00:00,<function <lambda> at 0x7fa4962879f0>,<function <lambda> at 0x7fa496287a90>,<function <lambda> at 0x7fa496287b30>
13227,2021-07-05 02:00:00,<function <lambda> at 0x7fa4962879f0>,<function <lambda> at 0x7fa496287a90>,<function <lambda> at 0x7fa496287b30>
13228,2021-07-05 03:00:00,<function <lambda> at 0x7fa4962879f0>,<function <lambda> at 0x7fa496287a90>,<function <lambda> at 0x7fa496287b30>
13229,2021-07-05 04:00:00,<function <lambda> at 0x7fa4962879f0>,<function <lambda> at 0x7fa496287a90>,<function <lambda> at 0x7fa496287b30>
13230,2021-07-05 05:00:00,<function <lambda> at 0x7fa4962879f0>,<function <lambda> at 0x7fa496287a90>,<function <lambda> at 0x7fa496287b30>
13231,2021-07-05 06:00:00,<function <lambda> at 0x7fa4962879f0>,<function <lambda> at 0x7fa496287a90>,<function <lambda> at 0x7fa496287b30>
13232,2021-07-05 07:00:00,<function <lambda> at 0x7fa4962879f0>,<function <lambda> at 0x7fa496287a90>,<function <lambda> at 0x7fa496287b30>
13233,2021-07-05 08:00:00,<function <lambda> at 0x7fa4962879f0>,<function <lambda> at 0x7fa496287a90>,<function <lambda> at 0x7fa496287b30>
13234,2021-07-05 09:00:00,<function <lambda> at 0x7fa4962879f0>,<function <lambda> at 0x7fa496287a90>,<function <lambda> at 0x7fa496287b30>
13235,2021-07-05 10:00:00,<function <lambda> at 0x7fa4962879f0>,<function <lambda> at 0x7fa496287a90>,<function <lambda> at 0x7fa496287b30>
13236,2021-07-05 11:00:00,<function <lambda> at 0x7fa4962879f0>,<function <lambda> at 0x7fa496287a90>,<function <lambda> at 0x7fa496287b30>
13237,2021-07-05 12:00:00,<function <lambda> at 0x7fa4962879f0>,<function <lambda> at 0x7fa496287a90>,<function <lambda> at 0x7fa496287b30>
13238,2021-07-05 13:00:00,<function <lambda> at 0x7fa4962879f0>,<function <lambda> at 0x7fa496287a90>,<function <lambda> at 0x7fa496287b30>
13239,2021-07-05 14:00:00,<function <lambda> at 0x7fa4962879f0>,<function <lambda> at 0x7fa496287a90>,<function <lambda> at 0x7fa496287b30>
13240,2021-07-05 15:00:00,<function <lambda> at 0x7fa4962879f0>,<function <lambda> at 0x7fa496287a90>,<function <lambda> at 0x7fa496287b30>
13241,2021-07-05 16:00:00,<function <lambda> at 0x7fa4962879f0>,<function <lambda> at 0x7fa496287a90>,<function <lambda> at 0x7fa496287b30>
13242,2021-07-05 17:00:00,<function <lambda> at 0x7fa4962879f0>,<function <lambda> at 0x7fa496287a90>,<function <lambda> at 0x7fa496287b30>
13243,2021-07-05 18:00:00,<function <lambda> at 0x7fa4962879f0>,<function <lambda> at 0x7fa496287a90>,<function <lambda> at 0x7fa496287b30>
13244,2021-07-05 19:00:00,<function <lambda> at 0x7fa4962879f0>,<function <lambda> at 0x7fa496287a90>,<function <lambda> at 0x7fa496287b30>
13245,2021-07-05 20:00:00,<function <lambda> at 0x7fa4962879f0>,<function <lambda> at 0x7fa496287a90>,<function <lambda> at 0x7fa496287b30>
13246,2021-07-05 21:00:00,<function <lambda> at 0x7fa4962879f0>,<function <lambda> at 0x7fa496287a90>,<function <lambda> at 0x7fa496287b30>
13247,2021-07-05 22:00:00,<function <lambda> at 0x7fa4962879f0>,<function <lambda> at 0x7fa496287a90>,<function <lambda> at 0x7fa496287b30>
13248,2021-07-05 23:00:00,<function <lambda> at 0x7fa4962879f0>,<function <lambda> at 0x7fa496287a90>,<function <lambda> at 0x7fa496287b30>
13249,2021-07-06 00:00:00,<function <lambda> at 0x7fa4962879f0>,<function <lambda> at 0x7fa496287a90>,<function <lambda> at 0x7fa496287b30>
13250,2021-07-06 01:00:00,<function <lambda> at 0x7fa4962879f0>,<function <lambda> at 0x7fa496287a90>,<function <lambda> at 0x7fa496287b30>
13251,2021-07-06 02:00:00,<function <lambda> at 0x7fa4962879f0>,<function <lambda> at 0x7fa496287a90>,<function <lambda> at 0x7fa496287b30>
13252,2021-07-06 03:00:00,<function <lambda> at 0x7fa4962879f0>,<function <lambda> at 0x7fa496287a90>,<function <lambda> at 0x7fa496287b30>
13253,2021-07-06 04:00:00,<function <lambda> at 0x7fa4962879f0>,<function <lambda> at 0x7fa496287a90>,<function <lambda> at 0x7fa496287b30>
13254,2021-07-06 05:00:00,<function <lambda> at 0x7fa4962879f0>,<function <lambda> at 0x7fa496287a90>,<function <lambda> at 0x7fa496287b30>
13255,2021-07-06 06:00:00,<function <lambda> at 0x7fa4962879f0>,<function <lambda> at 0x7fa496287a90>,<function <lambda> at 0x7fa496287b30>
13256,2021-07-06 07:00:00,<function <lambda> at 0x7fa4962879f0>,<function <lambda> at 0x7fa496287a90>,<function <lambda> at 0x7fa496287b30>
13257,2021-07-06 08:00:00,<function <lambda> at 0x7fa4962879f0>,<function <lambda> at 0x7fa496287a90>,<function <lambda> at 0x7fa496287b30>
13258,2021-07-06 09:00:00,<function <lambda> at 0x7fa4962879f0>,<function <lambda> at 0x7fa496287a90>,<function <lambda> at 0x7fa496287b30>
13259,2021-07-06 10:00:00,<function <lambda> at 0x7fa4962879f0>,<function <lambda> at 0x7fa496287a90>,<function <lambda> at 0x7fa496287b30>
13260,2021-07-06 11:00:00,<function <lambda> at 0x7fa4962879f0>,<function <lambda> at 0x7fa496287a90>,<function <lambda> at 0x7fa496287b30>
13261,2021-07-06 12:00:00,<function <lambda> at 0x7fa4962879f0>,<function <lambda> at 0x7fa496287a90>,<function <lambda> at 0x7fa496287b30>
13262,2021-07-06 13:00:00,<function <lambda> at 0x7fa4962879f0>,<function <lambda> at 0x7fa496287a90>,<function <lambda> at 0x7fa496287b30>
13263,2021-07-06 14:00:00,<function <lambda> at 0x7fa4962879f0>,<function <lambda> at 0x7fa496287a90>,<function <lambda> at 0x7fa496287b30>
13264,2021-07-06 15:00:00,<function <lambda> at 0x7fa4962879f0>,<function <lambda> at 0x7fa496287a90>,<function <lambda> at 0x7fa496287b30>
13265,2021-07-06 16:00:00,<function <lambda> at 0x7fa4962879f0>,<function <lambda> at 0x7fa496287a90>,<function <lambda> at 0x7fa496287b30>
13266,2021-07-06 17:00:00,<function <lambda> at 0x7fa4962879f0>,<function <lambda> at 0x7fa496287a90>,<function <lambda> at 0x7fa496287b30>
13267,2021-07-06 18:00:00,<function <lambda> at 0x7fa4962879f0>,<function <lambda> at 0x7fa496287a90>,<function <lambda> at 0x7fa496287b30>
13268,2021-07-06 19:00:00,<function <lambda> at 0x7fa4962879f0>,<function <lambda> at 0x7fa496287a90>,<function <lambda> at 0x7fa496287b30>
13269,2021-07-06 20:00:00,<function <lambda> at 0x7fa4962879f0>,<function <lambda> at 0x7fa496287a90>,<function <lambda> at 0x7fa496287b30>
13270,2021-07-06 21:00:00,<function <lambda> at 0x7fa4962879f0>,<function <lambda> at 0x7fa496287a90>,<function <lambda> at 0x7fa496287b30>
13271,2021-07-06 22:00:00,<function <lambda> at 0x7fa4962879f0>,<function <lambda> at 0x7fa496287a90>,<function <lambda> at 0x7fa496287b30>
13272,2021-07-06 23:00:00,<function <lambda> at 0x7fa4962879f0>,<function <lambda> at 0x7fa496287a90>,<function <lambda> at 0x7fa496287b30>
13273,2021-07-07 00:00:00,<function <lambda> at 0x7fa4962879f0>,<function <lambda> at 0x7fa496287a90>,<function <lambda> at 0x7fa496287b30>
13274,2021-07-07 01:00:00,<function <lambda> at 0x7fa4962879f0>,<function <lambda> at 0x7fa496287a90>,<function <lambda> at 0x7fa496287b30>
13275,2021-07-07 02:00:00,<function <lambda> at 0x7fa4962879f0>,<function <lambda> at 0x7fa496287a90>,<function <lambda> at 0x7fa496287b30>
13276,2021-07-07 03:00:00,<function <lambda> at 0x7fa4962879f0>,<function <lambda> at 0x7fa496287a90>,<function <lambda> at 0x7fa496287b30>
13277,2021-07-07 04:00:00,<function <lambda> at 0x7fa4962879f0>,<function <lambda> at 0x7fa496287a90>,<function <lambda> at 0x7fa496287b30>
13278,2021-07-07 05:00:00,<function <lambda> at 0x7fa4962879f0>,<function <lambda> at 0x7fa496287a90>,<function <lambda> at 0x7fa496287b30>
13279,2021-07-07 06:00:00,<function <lambda> at 0x7fa4962879f0>,<function <lambda> at 0x7fa496287a90>,<function <lambda> at 0x7fa496287b30>
13280,2021-07-07 07:00:00,<function <lambda> at 0x7fa4962879f0>,<function <lambda> at 0x7fa496287a90>,<function <lambda> at 0x7fa496287b30>
13281,2021-07-07 08:00:00,<function <lambda> at 0x7fa4962879f0>,<function <lambda> at 0x7fa496287a90>,<function <lambda> at 0x7fa496287b30>
13282,2021-07-07 09:00:00,<function <lambda> at 0x7fa4962879f0>,<function <lambda> at 0x7fa496287a90>,<function <lambda> at 0x7fa496287b30>
13283,2021-07-07 10:00:00,<function <lambda> at 0x7fa4962879f0>,<function <lambda> at 0x7fa496287a90>,<function <lambda> at 0x7fa496287b30>
13284,2021-07-07 11:00:00,<function <lambda> at 0x7fa4962879f0>,<function <lambda> at 0x7fa496287a90>,<function <lambda> at 0x7fa496287b30>
13285,2021-07-07 12:00:00,<function <lambda> at 0x7fa4962879f0>,<function <lambda> at 0x7fa496287a90>,<function <lambda> at 0x7fa496287b30>
13286,2021-07-07 13:00:00,<function <lambda> at 0x7fa4962879f0>,<function <lambda> at 0x7fa496287a90>,<function <lambda> at 0x7fa496287b30>
13287,2021-07-07 14:00:00,<function <lambda> at 0x7fa4962879f0>,<function <lambda> at 0x7fa496287a90>,<function <lambda> at 0x7fa496287b30>
13288,2021-07-07 15:00:00,<function <lambda> at 0x7fa4962879f0>,<function <lambda> at 0x7fa496287a90>,<function <lambda> at 0x7fa496287b30>
13289,2021-07-07 16:00:00,<function <lambda> at 0x7fa4962879f0>,<function <lambda> at 0x7fa496287a90>,<function <lambda> at 0x7fa496287b30>
13290,2021-07-07 17:00:00,<function <lambda> at 0x7fa4962879f0>,<function <lambda> at 0x7fa496287a90>,<function <lambda> at 0x7fa496287b30>
13291,2021-07-07 18:00:00,<function <lambda> at 0x7fa4962879f0>,<function <lambda> at 0x7fa496287a90>,<function <lambda> at 0x7fa496287b30>
13292,2021-07-07 19:00:00,<function <lambda> at 0x7fa4962879f0>,<function <lambda> at 0x7fa496287a90>,<function <lambda> at 0x7fa496287b30>
13293,2021-07-07 20:00:00,<function <lambda> at 0x7fa4962879f0>,<function <lambda> at 0x7fa496287a90>,<function <lambda> at 0x7fa496287b30>
13294,2021-07-07 21:00:00,<function <lambda> at 0x7fa4962879f0>,<function <lambda> at 0x7fa496287a90>,<function <lambda> at 0x7fa496287b30>
13295,2021-07-07 22:00:00,<function <lambda> at 0x7fa4962879f0>,<function <lambda> at 0x7fa496287a90>,<function <lambda> at 0x7fa496287b30>
13296,2021-07-07 23:00:00,<function <lambda> at 0x7fa4962879f0>,<function <lambda> at 0x7fa496287a90>,<function <lambda> at 0x7fa496287b30>
13297,2021-07-08 00:00:00,<function <lambda> at 0x7fa4962879f0>,<function <lambda> at 0x7fa496287a90>,<function <lambda> at 0x7fa496287b30>
13298,2021-07-08 01:00:00,<function <lambda> at 0x7fa4962879f0>,<function <lambda> at 0x7fa496287a90>,<function <lambda> at 0x7fa496287b30>
13299,2021-07-08 02:00:00,<function <lambda> at 0x7fa4962879f0>,<function <lambda> at 0x7fa496287a90>,<function <lambda> at 0x7fa496287b30>
13300,2021-07-08 03:00:00,<function <lambda> at 0x7fa4962879f0>,<function <lambda> at 0x7fa496287a90>,<function <lambda> at 0x7fa496287b30>
13301,2021-07-08 04:00:00,<function <lambda> at 0x7fa4962879f0>,<function <lambda> at 0x7fa496287a90>,<function <lambda> at 0x7fa496287b30>
13302,2021-07-08 05:00:00,<function <lambda> at 0x7fa4962879f0>,<function <lambda> at 0x7fa496287a90>,<function <lambda> at 0x7fa496287b30>
13303,2021-07-08 06:00:00,<function <lambda> at 0x7fa4962879f0>,<function <lambda> at 0x7fa496287a90>,<function <lambda> at 0x7fa496287b30>
13304,2021-07-08 07:00:00,<function <lambda> at 0x7fa4962879f0>,<function <lambda> at 0x7fa496287a90>,<function <lambda> at 0x7fa496287b30>
13305,2021-07-08 08:00:00,<function <lambda> at 0x7fa4962879f0>,<function <lambda> at 0x7fa496287a90>,<function <lambda> at 0x7fa496287b30>
13306,2021-07-08 09:00:00,<function <lambda> at 0x7fa4962879f0>,<function <lambda> at 0x7fa496287a90>,<function <lambda> at 0x7fa496287b30>
13307,2021-07-08 10:00:00,<function <lambda> at 0x7fa4962879f0>,<function <lambda> at 0x7fa496287a90>,<function <lambda> at 0x7fa496287b30>
13308,2021-07-08 11:00:00,<function <lambda> at 0x7fa4962879f0>,<function <lambda> at 0x7fa496287a90>,<function <lambda> at 0x7fa496287b30>
13309,2021-07-08 12:00:00,<function <lambda> at 0x7fa4962879f0>,<function <lambda> at 0x7fa496287a90>,<function <lambda> at 0x7fa496287b30>
13310,2021-07-08 13:00:00,<function <lambda> at 0x7fa4962879f0>,<function <lambda> at 0x7fa496287a90>,<function <lambda> at 0x7fa496287b30>
13311,2021-07-08 14:00:00,<function <lambda> at 0x7fa4962879f0>,<function <lambda> at 0x7fa496287a90>,<function <lambda> at 0x7fa496287b30>
13312,2021-07-08 15:00:00,<function <lambda> at 0x7fa4962879f0>,<function <lambda> at 0x7fa496287a90>,<function <lambda> at 0x7fa496287b30>
13313,2021-07-08 16:00:00,<function <lambda> at 0x7fa4962879f0>,<function <lambda> at 0x7fa496287a90>,<function <lambda> at 0x7fa496287b30>
13314,2021-07-08 17:00:00,<function <lambda> at 0x7fa4962879f0>,<function <lambda> at 0x7fa496287a90>,<function <lambda> at 0x7fa496287b30>
13315,2021-07-08 18:00:00,<function <lambda> at 0x7fa4962879f0>,<function <lambda> at 0x7fa496287a90>,<function <lambda> at 0x7fa496287b30>
13316,2021-07-08 19:00:00,<function <lambda> at 0x7fa4962879f0>,<function <lambda> at 0x7fa496287a90>,<function <lambda> at 0x7fa496287b30>
13317,2021-07-08 20:00:00,<function <lambda> at 0x7fa4962879f0>,<function <lambda> at 0x7fa496287a90>,<function <lambda> at 0x7fa496287b30>
13318,2021-07-08 21:00:00,<function <lambda> at 0x7fa4962879f0>,<function <lambda> at 0x7fa496287a90>,<function <lambda> at 0x7fa496287b30>
13319,2021-07-08 22:00:00,<function <lambda> at 0x7fa4962879f0>,<function <lambda> at 0x7fa496287a90>,<function <lambda> at 0x7fa496287b30>
13320,2021-07-08 23:00:00,<function <lambda> at 0x7fa4962879f0>,<function <lambda> at 0x7fa496287a90>,<function <lambda> at 0x7fa496287b30>
13321,2021-07-09 00:00:00,<function <lambda> at 0x7fa4962879f0>,<function <lambda> at 0x7fa496287a90>,<function <lambda> at 0x7fa496287b30>
13322,2021-07-09 01:00:00,<function <lambda> at 0x7fa4962879f0>,<function <lambda> at 0x7fa496287a90>,<function <lambda> at 0x7fa496287b30>
13323,2021-07-09 02:00:00,<function <lambda> at 0x7fa4962879f0>,<function <lambda> at 0x7fa496287a90>,<function <lambda> at 0x7fa496287b30>
13324,2021-07-09 03:00:00,<function <lambda> at 0x7fa4962879f0>,<function <lambda> at 0x7fa496287a90>,<function <lambda> at 0x7fa496287b30>
13325,2021-07-09 04:00:00,<function <lambda> at 0x7fa4962879f0>,<function <lambda> at 0x7fa496287a90>,<function <lambda> at 0x7fa496287b30>
13326,2021-07-09 05:00:00,<function <lambda> at 0x7fa4962879f0>,<function <lambda> at 0x7fa496287a90>,<function <lambda> at 0x7fa496287b30>
13327,2021-07-09 06:00:00,<function <lambda> at 0x7fa4962879f0>,<function <lambda> at 0x7fa496287a90>,<function <lambda> at 0x7fa496287b30>
13328,2021-07-09 07:00:00,<function <lambda> at 0x7fa4962879f0>,<function <lambda> at 0x7fa496287a90>,<function <lambda> at 0x7fa496287b30>
13329,2021-07-09 08:00:00,<function <lambda> at 0x7fa4962879f0>,<function <lambda> at 0x7fa496287a90>,<function <lambda> at 0x7fa496287b30>
13330,2021-07-09 09:00:00,<function <lambda> at 0x7fa4962879f0>,<function <lambda> at 0x7fa496287a90>,<function <lambda> at 0x7fa496287b30>
13331,2021-07-09 10:00:00,<function <lambda> at 0x7fa4962879f0>,<function <lambda> at 0x7fa496287a90>,<function <lambda> at 0x7fa496287b30>
13332,2021-07-09 11:00:00,<function <lambda> at 0x7fa4962879f0>,<function <lambda> at 0x7fa496287a90>,<function <lambda> at 0x7fa496287b30>
13333,2021-07-09 12:00:00,<function <lambda> at 0x7fa4962879f0>,<function <lambda> at 0x7fa496287a90>,<function <lambda> at 0x7fa496287b30>
13334,2021-07-09 13:00:00,<function <lambda> at 0x7fa4962879f0>,<function <lambda> at 0x7fa496287a90>,<function <lambda> at 0x7fa496287b30>
13335,2021-07-09 14:00:00,<function <lambda> at 0x7fa4962879f0>,<function <lambda> at 0x7fa496287a90>,<function <lambda> at 0x7fa496287b30>
13336,2021-07-09 15:00:00,<function <lambda> at 0x7fa4962879f0>,<function <lambda> at 0x7fa496287a90>,<function <lambda> at 0x7fa496287b30>
13337,2021-07-09 16:00:00,<function <lambda> at 0x7fa4962879f0>,<function <lambda> at 0x7fa496287a90>,<function <lambda> at 0x7fa496287b30>
13338,2021-07-09 17:00:00,<function <lambda> at 0x7fa4962879f0>,<function <lambda> at 0x7fa496287a90>,<function <lambda> at 0x7fa496287b30>
13339,2021-07-09 18:00:00,<function <lambda> at 0x7fa4962879f0>,<function <lambda> at 0x7fa496287a90>,<function <lambda> at 0x7fa496287b30>
13340,2021-07-09 19:00:00,<function <lambda> at 0x7fa4962879f0>,<function <lambda> at 0x7fa496287a90>,<function <lambda> at 0x7fa496287b30>
13341,2021-07-09 20:00:00,<function <lambda> at 0x7fa4962879f0>,<function <lambda> at 0x7fa496287a90>,<function <lambda> at 0x7fa496287b30>
13342,2021-07-09 21:00:00,<function <lambda> at 0x7fa4962879f0>,<function <lambda> at 0x7fa496287a90>,<function <lambda> at 0x7fa496287b30>
13343,2021-07-09 22:00:00,<function <lambda> at 0x7fa4962879f0>,<function <lambda> at 0x7fa496287a90>,<function <lambda> at 0x7fa496287b30>
13344,2021-07-09 23:00:00,<function <lambda> at 0x7fa4962879f0>,<function <lambda> at 0x7fa496287a90>,<function <lambda> at 0x7fa496287b30>
13345,2021-07-10 00:00:00,<function <lambda> at 0x7fa4962879f0>,<function <lambda> at 0x7fa496287a90>,<function <lambda> at 0x7fa496287b30>
13346,2021-07-10 01:00:00,<function <lambda> at 0x7fa4962879f0>,<function <lambda> at 0x7fa496287a90>,<function <lambda> at 0x7fa496287b30>
13347,2021-07-10 02:00:00,<function <lambda> at 0x7fa4962879f0>,<function <lambda> at 0x7fa496287a90>,<function <lambda> at 0x7fa496287b30>
13348,2021-07-10 03:00:00,<function <lambda> at 0x7fa4962879f0>,<function <lambda> at 0x7fa496287a90>,<function <lambda> at 0x7fa496287b30>
13349,2021-07-10 04:00:00,<function <lambda> at 0x7fa4962879f0>,<function <lambda> at 0x7fa496287a90>,<function <lambda> at 0x7fa496287b30>
13350,2021-07-10 05:00:00,<function <lambda> at 0x7fa4962879f0>,<function <lambda> at 0x7fa496287a90>,<function <lambda> at 0x7fa496287b30>
13351,2021-07-10 06:00:00,<function <lambda> at 0x7fa4962879f0>,<function <lambda> at 0x7fa496287a90>,<function <lambda> at 0x7fa496287b30>
13352,2021-07-10 07:00:00,<function <lambda> at 0x7fa4962879f0>,<function <lambda> at 0x7fa496287a90>,<function <lambda> at 0x7fa496287b30>
13353,2021-07-10 08:00:00,<function <lambda> at 0x7fa4962879f0>,<function <lambda> at 0x7fa496287a90>,<function <lambda> at 0x7fa496287b30>
13354,2021-07-10 09:00:00,<function <lambda> at 0x7fa4962879f0>,<function <lambda> at 0x7fa496287a90>,<function <lambda> at 0x7fa496287b30>
13355,2021-07-10 10:00:00,<function <lambda> at 0x7fa4962879f0>,<function <lambda> at 0x7fa496287a90>,<function <lambda> at 0x7fa496287b30>
13356,2021-07-10 11:00:00,<function <lambda> at 0x7fa4962879f0>,<function <lambda> at 0x7fa496287a90>,<function <lambda> at 0x7fa496287b30>
13357,2021-07-10 12:00:00,<function <lambda> at 0x7fa4962879f0>,<function <lambda> at 0x7fa496287a90>,<function <lambda> at 0x7fa496287b30>
13358,2021-07-10 13:00:00,<function <lambda> at 0x7fa4962879f0>,<function <lambda> at 0x7fa496287a90>,<function <lambda> at 0x7fa496287b30>
13359,2021-07-10 14:00:00,<function <lambda> at 0x7fa4962879f0>,<function <lambda> at 0x7fa496287a90>,<function <lambda> at 0x7fa496287b30>
13360,2021-07-10 15:00:00,<function <lambda> at 0x7fa4962879f0>,<function <lambda> at 0x7fa496287a90>,<function <lambda> at 0x7fa496287b30>
13361,2021-07-10 16:00:00,<function <lambda> at 0x7fa4962879f0>,<function <lambda> at 0x7fa496287a90>,<function <lambda> at 0x7fa496287b30>
13362,2021-07-10 17:00:00,<function <lambda> at 0x7fa4962879f0>,<function <lambda> at 0x7fa496287a90>,<function <lambda> at 0x7fa496287b30>
13363,2021-07-10 18:00:00,<function <lambda> at 0x7fa4962879f0>,<function <lambda> at 0x7fa496287a90>,<function <lambda> at 0x7fa496287b30>
13364,2021-07-10 19:00:00,<function <lambda> at 0x7fa4962879f0>,<function <lambda> at 0x7fa496287a90>,<function <lambda> at 0x7fa496287b30>
13365,2021-07-10 20:00:00,<function <lambda> at 0x7fa4962879f0>,<function <lambda> at 0x7fa496287a90>,<function <lambda> at 0x7fa496287b30>
13366,2021-07-10 21:00:00,<function <lambda> at 0x7fa4962879f0>,<function <lambda> at 0x7fa496287a90>,<function <lambda> at 0x7fa496287b30>
13367,2021-07-10 22:00:00,<function <lambda> at 0x7fa4962879f0>,<function <lambda> at 0x7fa496287a90>,<function <lambda> at 0x7fa496287b30>
13368,2021-07-10 23:00:00,<function <lambda> at 0x7fa4962879f0>,<function <lambda> at 0x7fa496287a90>,<function <lambda> at 0x7fa496287b30>
13369,2021-07-11 00:00:00,<function <lambda> at 0x7fa4962879f0>,<function <lambda> at 0x7fa496287a90>,<function <lambda> at 0x7fa496287b30>
13370,2021-07-11 01:00:00,<function <lambda> at 0x7fa4962879f0>,<function <lambda> at 0x7fa496287a90>,<function <lambda> at 0x7fa496287b30>
13371,2021-07-11 02:00:00,<function <lambda> at 0x7fa4962879f0>,<function <lambda> at 0x7fa496287a90>,<function <lambda> at 0x7fa496287b30>
13372,2021-07-11 03:00:00,<function <lambda> at 0x7fa4962879f0>,<function <lambda> at 0x7fa496287a90>,<function <lambda> at 0x7fa496287b30>
13373,2021-07-11 04:00:00,<function <lambda> at 0x7fa4962879f0>,<function <lambda> at 0x7fa496287a90>,<function <lambda> at 0x7fa496287b30>
13374,2021-07-11 05:00:00,<function <lambda> at 0x7fa4962879f0>,<function <lambda> at 0x7fa496287a90>,<function <lambda> at 0x7fa496287b30>
13375,2021-07-11 06:00:00,<function <lambda> at 0x7fa4962879f0>,<function <lambda> at 0x7fa496287a90>,<function <lambda> at 0x7fa496287b30>
13376,2021-07-11 07:00:00,<function <lambda> at 0x7fa4962879f0>,<function <lambda> at 0x7fa496287a90>,<function <lambda> at 0x7fa496287b30>
13377,2021-07-11 08:00:00,<function <lambda> at 0x7fa4962879f0>,<function <lambda> at 0x7fa496287a90>,<function <lambda> at 0x7fa496287b30>
13378,2021-07-11 09:00:00,<function <lambda> at 0x7fa4962879f0>,<function <lambda> at 0x7fa496287a90>,<function <lambda> at 0x7fa496287b30>
13379,2021-07-11 10:00:00,<function <lambda> at 0x7fa4962879f0>,<function <lambda> at 0x7fa496287a90>,<function <lambda> at 0x7fa496287b30>
13380,2021-07-11 11:00:00,<function <lambda> at 0x7fa4962879f0>,<function <lambda> at 0x7fa496287a90>,<function <lambda> at 0x7fa496287b30>
13381,2021-07-11 12:00:00,<function <lambda> at 0x7fa4962879f0>,<function <lambda> at 0x7fa496287a90>,<function <lambda> at 0x7fa496287b30>
13382,2021-07-11 13:00:00,<function <lambda> at 0x7fa4962879f0>,<function <lambda> at 0x7fa496287a90>,<function <lambda> at 0x7fa496287b30>
13383,2021-07-11 14:00:00,<function <lambda> at 0x7fa4962879f0>,<function <lambda> at 0x7fa496287a90>,<function <lambda> at 0x7fa496287b30>
13384,2021-07-11 15:00:00,<function <lambda> at 0x7fa4962879f0>,<function <lambda> at 0x7fa496287a90>,<function <lambda> at 0x7fa496287b30>
13385,2021-07-11 16:00:00,<function <lambda> at 0x7fa4962879f0>,<function <lambda> at 0x7fa496287a90>,<function <lambda> at 0x7fa496287b30>
13386,2021-07-11 17:00:00,<function <lambda> at 0x7fa4962879f0>,<function <lambda> at 0x7fa496287a90>,<function <lambda> at 0x7fa496287b30>
13387,2021-07-11 18:00:00,<function <lambda> at 0x7fa4962879f0>,<function <lambda> at 0x7fa496287a90>,<function <lambda> at 0x7fa496287b30>
13388,2021-07-11 19:00:00,<function <lambda> at 0x7fa4962879f0>,<function <lambda> at 0x7fa496287a90>,<function <lambda> at 0x7fa496287b30>
13389,2021-07-11 20:00:00,<function <lambda> at 0x7fa4962879f0>,<function <lambda> at 0x7fa496287a90>,<function <lambda> at 0x7fa496287b30>
13390,2021-07-11 21:00:00,<function <lambda> at 0x7fa4962879f0>,<function <lambda> at 0x7fa496287a90>,<function <lambda> at 0x7fa496287b30>
13391,2021-07-11 22:00:00,<function <lambda> at 0x7fa4962879f0>,<function <lambda> at 0x7fa496287a90>,<function <lambda> at 0x7fa496287b30>
13392,2021-07-11 23:00:00,<function <lambda> at 0x7fa4962879f0>,<function <lambda> at 0x7fa496287a90>,<function <lambda> at 0x7fa496287b30>
13393,2021-07-12 00:00:00,<function <lambda> at 0x7fa4962879f0>,<function <lambda> at 0x7fa496287a90>,<function <lambda> at 0x7fa496287b30>
13394,2021-07-12 01:00:00,<function <lambda> at 0x7fa4962879f0>,<function <lambda> at 0x7fa496287a90>,<function <lambda> at 0x7fa496287b30>
13395,2021-07-12 02:00:00,<function <lambda> at 0x7fa4962879f0>,<function <lambda> at 0x7fa496287a90>,<function <lambda> at 0x7fa496287b30>
13396,2021-07-12 03:00:00,<function <lambda> at 0x7fa4962879f0>,<function <lambda> at 0x7fa496287a90>,<function <lambda> at 0x7fa496287b30>
13397,2021-07-12 04:00:00,<function <lambda> at 0x7fa4962879f0>,<function <lambda> at 0x7fa496287a90>,<function <lambda> at 0x7fa496287b30>
13398,2021-07-12 05:00:00,<function <lambda> at 0x7fa4962879f0>,<function <lambda> at 0x7fa496287a90>,<function <lambda> at 0x7fa496287b30>
13399,2021-07-12 06:00:00,<function <lambda> at 0x7fa4962879f0>,<function <lambda> at 0x7fa496287a90>,<function <lambda> at 0x7fa496287b30>
13400,2021-07-12 07:00:00,<function <lambda> at 0x7fa4962879f0>,<function <lambda> at 0x7fa496287a90>,<function <lambda> at 0x7fa496287b30>
13401,2021-07-12 08:00:00,<function <lambda> at 0x7fa4962879f0>,<function <lambda> at 0x7fa496287a90>,<function <lambda> at 0x7fa496287b30>
13402,2021-07-12 09:00:00,<function <lambda> at 0x7fa4962879f0>,<function <lambda> at 0x7fa496287a90>,<function <lambda> at 0x7fa496287b30>
13403,2021-07-12 10:00:00,<function <lambda> at 0x7fa4962879f0>,<function <lambda> at 0x7fa496287a90>,<function <lambda> at 0x7fa496287b30>
13404,2021-07-12 11:00:00,<function <lambda> at 0x7fa4962879f0>,<function <lambda> at 0x7fa496287a90>,<function <lambda> at 0x7fa496287b30>
13405,2021-07-12 12:00:00,<function <lambda> at 0x7fa4962879f0>,<function <lambda> at 0x7fa496287a90>,<function <lambda> at 0x7fa496287b30>
13406,2021-07-12 13:00:00,<function <lambda> at 0x7fa4962879f0>,<function <lambda> at 0x7fa496287a90>,<function <lambda> at 0x7fa496287b30>
13407,2021-07-12 14:00:00,<function <lambda> at 0x7fa4962879f0>,<function <lambda> at 0x7fa496287a90>,<function <lambda> at 0x7fa496287b30>
13408,2021-07-12 15:00:00,<function <lambda> at 0x7fa4962879f0>,<function <lambda> at 0x7fa496287a90>,<function <lambda> at 0x7fa496287b30>
13409,2021-07-12 16:00:00,<function <lambda> at 0x7fa4962879f0>,<function <lambda> at 0x7fa496287a90>,<function <lambda> at 0x7fa496287b30>
13410,2021-07-12 17:00:00,<function <lambda> at 0x7fa4962879f0>,<function <lambda> at 0x7fa496287a90>,<function <lambda> at 0x7fa496287b30>
13411,2021-07-12 18:00:00,<function <lambda> at 0x7fa4962879f0>,<function <lambda> at 0x7fa496287a90>,<function <lambda> at 0x7fa496287b30>
13412,2021-07-12 19:00:00,<function <lambda> at 0x7fa4962879f0>,<function <lambda> at 0x7fa496287a90>,<function <lambda> at 0x7fa496287b30>
13413,2021-07-12 20:00:00,<function <lambda> at 0x7fa4962879f0>,<function <lambda> at 0x7fa496287a90>,<function <lambda> at 0x7fa496287b30>
13414,2021-07-12 21:00:00,<function <lambda> at 0x7fa4962879f0>,<function <lambda> at 0x7fa496287a90>,<function <lambda> at 0x7fa496287b30>
13415,2021-07-12 22:00:00,<function <lambda> at 0x7fa4962879f0>,<function <lambda> at 0x7fa496287a90>,<function <lambda> at 0x7fa496287b30>
13416,2021-07-12 23:00:00,<function <lambda> at 0x7fa4962879f0>,<function <lambda> at 0x7fa496287a90>,<function <lambda> at 0x7fa496287b30>
13417,2021-07-13 00:00:00,<function <lambda> at 0x7fa4962879f0>,<function <lambda> at 0x7fa496287a90>,<function <lambda> at 0x7fa496287b30>
13418,2021-07-13 01:00:00,<function <lambda> at 0x7fa4962879f0>,<function <lambda> at 0x7fa496287a90>,<function <lambda> at 0x7fa496287b30>
13419,2021-07-13 02:00:00,<function <lambda> at 0x7fa4962879f0>,<function <lambda> at 0x7fa496287a90>,<function <lambda> at 0x7fa496287b30>
13420,2021-07-13 03:00:00,<function <lambda> at 0x7fa4962879f0>,<function <lambda> at 0x7fa496287a90>,<function <lambda> at 0x7fa496287b30>
13421,2021-07-13 04:00:00,<function <lambda> at 0x7fa4962879f0>,<function <lambda> at 0x7fa496287a90>,<function <lambda> at 0x7fa496287b30>
13422,2021-07-13 05:00:00,<function <lambda> at 0x7fa4962879f0>,<function <lambda> at 0x7fa496287a90>,<function <lambda> at 0x7fa496287b30>
13423,2021-07-13 06:00:00,<function <lambda> at 0x7fa4962879f0>,<function <lambda> at 0x7fa496287a90>,<function <lambda> at 0x7fa496287b30>
13424,2021-07-13 07:00:00,<function <lambda> at 0x7fa4962879f0>,<function <lambda> at 0x7fa496287a90>,<function <lambda> at 0x7fa496287b30>
13425,2021-07-13 08:00:00,<function <lambda> at 0x7fa4962879f0>,<function <lambda> at 0x7fa496287a90>,<function <lambda> at 0x7fa496287b30>
13426,2021-07-13 09:00:00,<function <lambda> at 0x7fa4962879f0>,<function <lambda> at 0x7fa496287a90>,<function <lambda> at 0x7fa496287b30>
13427,2021-07-13 10:00:00,<function <lambda> at 0x7fa4962879f0>,<function <lambda> at 0x7fa496287a90>,<function <lambda> at 0x7fa496287b30>
13428,2021-07-13 11:00:00,<function <lambda> at 0x7fa4962879f0>,<function <lambda> at 0x7fa496287a90>,<function <lambda> at 0x7fa496287b30>
13429,2021-07-13 12:00:00,<function <lambda> at 0x7fa4962879f0>,<function <lambda> at 0x7fa496287a90>,<function <lambda> at 0x7fa496287b30>
13430,2021-07-13 13:00:00,<function <lambda> at 0x7fa4962879f0>,<function <lambda> at 0x7fa496287a90>,<function <lambda> at 0x7fa496287b30>
13431,2021-07-13 14:00:00,<function <lambda> at 0x7fa4962879f0>,<function <lambda> at 0x7fa496287a90>,<function <lambda> at 0x7fa496287b30>
13432,2021-07-13 15:00:00,<function <lambda> at 0x7fa4962879f0>,<function <lambda> at 0x7fa496287a90>,<function <lambda> at 0x7fa496287b30>
13433,2021-07-13 16:00:00,<function <lambda> at 0x7fa4962879f0>,<function <lambda> at 0x7fa496287a90>,<function <lambda> at 0x7fa496287b30>
13434,2021-07-13 17:00:00,<function <lambda> at 0x7fa4962879f0>,<function <lambda> at 0x7fa496287a90>,<function <lambda> at 0x7fa496287b30>
13435,2021-07-13 18:00:00,<function <lambda> at 0x7fa4962879f0>,<function <lambda> at 0x7fa496287a90>,<function <lambda> at 0x7fa496287b30>
13436,2021-07-13 19:00:00,<function <lambda> at 0x7fa4962879f0>,<function <lambda> at 0x7fa496287a90>,<function <lambda> at 0x7fa496287b30>
13437,2021-07-13 20:00:00,<function <lambda> at 0x7fa4962879f0>,<function <lambda> at 0x7fa496287a90>,<function <lambda> at 0x7fa496287b30>
13438,2021-07-13 21:00:00,<function <lambda> at 0x7fa4962879f0>,<function <lambda> at 0x7fa496287a90>,<function <lambda> at 0x7fa496287b30>
13439,2021-07-13 22:00:00,<function <lambda> at 0x7fa4962879f0>,<function <lambda> at 0x7fa496287a90>,<function <lambda> at 0x7fa496287b30>
13440,2021-07-13 23:00:00,<function <lambda> at 0x7fa4962879f0>,<function <lambda> at 0x7fa496287a90>,<function <lambda> at 0x7fa496287b30>
13441,2021-07-14 00:00:00,<function <lambda> at 0x7fa4962879f0>,<function <lambda> at 0x7fa496287a90>,<function <lambda> at 0x7fa496287b30>
13442,2021-07-14 01:00:00,<function <lambda> at 0x7fa4962879f0>,<function <lambda> at 0x7fa496287a90>,<function <lambda> at 0x7fa496287b30>
13443,2021-07-14 02:00:00,<function <lambda> at 0x7fa4962879f0>,<function <lambda> at 0x7fa496287a90>,<function <lambda> at 0x7fa496287b30>
13444,2021-07-14 03:00:00,<function <lambda> at 0x7fa4962879f0>,<function <lambda> at 0x7fa496287a90>,<function <lambda> at 0x7fa496287b30>
13445,2021-07-14 04:00:00,<function <lambda> at 0x7fa4962879f0>,<function <lambda> at 0x7fa496287a90>,<function <lambda> at 0x7fa496287b30>
13446,2021-07-14 05:00:00,<function <lambda> at 0x7fa4962879f0>,<function <lambda> at 0x7fa496287a90>,<function <lambda> at 0x7fa496287b30>
13447,2021-07-14 06:00:00,<function <lambda> at 0x7fa4962879f0>,<function <lambda> at 0x7fa496287a90>,<function <lambda> at 0x7fa496287b30>
13448,2021-07-14 07:00:00,<function <lambda> at 0x7fa4962879f0>,<function <lambda> at 0x7fa496287a90>,<function <lambda> at 0x7fa496287b30>
13449,2021-07-14 08:00:00,<function <lambda> at 0x7fa4962879f0>,<function <lambda> at 0x7fa496287a90>,<function <lambda> at 0x7fa496287b30>
13450,2021-07-14 09:00:00,<function <lambda> at 0x7fa4962879f0>,<function <lambda> at 0x7fa496287a90>,<function <lambda> at 0x7fa496287b30>
13451,2021-07-14 10:00:00,<function <lambda> at 0x7fa4962879f0>,<function <lambda> at 0x7fa496287a90>,<function <lambda> at 0x7fa496287b30>
13452,2021-07-14 11:00:00,<function <lambda> at 0x7fa4962879f0>,<function <lambda> at 0x7fa496287a90>,<function <lambda> at 0x7fa496287b30>
13453,2021-07-14 12:00:00,<function <lambda> at 0x7fa4962879f0>,<function <lambda> at 0x7fa496287a90>,<function <lambda> at 0x7fa496287b30>
13454,2021-07-14 13:00:00,<function <lambda> at 0x7fa4962879f0>,<function <lambda> at 0x7fa496287a90>,<function <lambda> at 0x7fa496287b30>
13455,2021-07-14 14:00:00,<function <lambda> at 0x7fa4962879f0>,<function <lambda> at 0x7fa496287a90>,<function <lambda> at 0x7fa496287b30>
13456,2021-07-14 15:00:00,<function <lambda> at 0x7fa4962879f0>,<function <lambda> at 0x7fa496287a90>,<function <lambda> at 0x7fa496287b30>
13457,2021-07-14 16:00:00,<function <lambda> at 0x7fa4962879f0>,<function <lambda> at 0x7fa496287a90>,<function <lambda> at 0x7fa496287b30>
13458,2021-07-14 17:00:00,<function <lambda> at 0x7fa4962879f0>,<function <lambda> at 0x7fa496287a90>,<function <lambda> at 0x7fa496287b30>
13459,2021-07-14 18:00:00,<function <lambda> at 0x7fa4962879f0>,<function <lambda> at 0x7fa496287a90>,<function <lambda> at 0x7fa496287b30>
13460,2021-07-14 19:00:00,<function <lambda> at 0x7fa4962879f0>,<function <lambda> at 0x7fa496287a90>,<function <lambda> at 0x7fa496287b30>
13461,2021-07-14 20:00:00,<function <lambda> at 0x7fa4962879f0>,<function <lambda> at 0x7fa496287a90>,<function <lambda> at 0x7fa496287b30>
13462,2021-07-14 21:00:00,<function <lambda> at 0x7fa4962879f0>,<function <lambda> at 0x7fa496287a90>,<function <lambda> at 0x7fa496287b30>
13463,2021-07-14 22:00:00,<function <lambda> at 0x7fa4962879f0>,<function <lambda> at 0x7fa496287a90>,<function <lambda> at 0x7fa496287b30>
13464,2021-07-14 23:00:00,<function <lambda> at 0x7fa4962879f0>,<function <lambda> at 0x7fa496287a90>,<function <lambda> at 0x7fa496287b30>
13465,2021-07-15 00:00:00,<function <lambda> at 0x7fa4962879f0>,<function <lambda> at 0x7fa496287a90>,<function <lambda> at 0x7fa496287b30>
13466,2021-07-15 01:00:00,<function <lambda> at 0x7fa4962879f0>,<function <lambda> at 0x7fa496287a90>,<function <lambda> at 0x7fa496287b30>
13467,2021-07-15 02:00:00,<function <lambda> at 0x7fa4962879f0>,<function <lambda> at 0x7fa496287a90>,<function <lambda> at 0x7fa496287b30>
13468,2021-07-15 03:00:00,<function <lambda> at 0x7fa4962879f0>,<function <lambda> at 0x7fa496287a90>,<function <lambda> at 0x7fa496287b30>
13469,2021-07-15 04:00:00,<function <lambda> at 0x7fa4962879f0>,<function <lambda> at 0x7fa496287a90>,<function <lambda> at 0x7fa496287b30>
13470,2021-07-15 05:00:00,<function <lambda> at 0x7fa4962879f0>,<function <lambda> at 0x7fa496287a90>,<function <lambda> at 0x7fa496287b30>
13471,2021-07-15 06:00:00,<function <lambda> at 0x7fa4962879f0>,<function <lambda> at 0x7fa496287a90>,<function <lambda> at 0x7fa496287b30>
13472,2021-07-15 07:00:00,<function <lambda> at 0x7fa4962879f0>,<function <lambda> at 0x7fa496287a90>,<function <lambda> at 0x7fa496287b30>
13473,2021-07-15 08:00:00,<function <lambda> at 0x7fa4962879f0>,<function <lambda> at 0x7fa496287a90>,<function <lambda> at 0x7fa496287b30>
13474,2021-07-15 09:00:00,<function <lambda> at 0x7fa4962879f0>,<function <lambda> at 0x7fa496287a90>,<function <lambda> at 0x7fa496287b30>
13475,2021-07-15 10:00:00,<function <lambda> at 0x7fa4962879f0>,<function <lambda> at 0x7fa496287a90>,<function <lambda> at 0x7fa496287b30>
13476,2021-07-15 11:00:00,<function <lambda> at 0x7fa4962879f0>,<function <lambda> at 0x7fa496287a90>,<function <lambda> at 0x7fa496287b30>
13477,2021-07-15 12:00:00,<function <lambda> at 0x7fa4962879f0>,<function <lambda> at 0x7fa496287a90>,<function <lambda> at 0x7fa496287b30>
13478,2021-07-15 13:00:00,<function <lambda> at 0x7fa4962879f0>,<function <lambda> at 0x7fa496287a90>,<function <lambda> at 0x7fa496287b30>
13479,2021-07-15 14:00:00,<function <lambda> at 0x7fa4962879f0>,<function <lambda> at 0x7fa496287a90>,<function <lambda> at 0x7fa496287b30>
13480,2021-07-15 15:00:00,<function <lambda> at 0x7fa4962879f0>,<function <lambda> at 0x7fa496287a90>,<function <lambda> at 0x7fa496287b30>
13481,2021-07-15 16:00:00,<function <lambda> at 0x7fa4962879f0>,<function <lambda> at 0x7fa496287a90>,<function <lambda> at 0x7fa496287b30>
13482,2021-07-15 17:00:00,<function <lambda> at 0x7fa4962879f0>,<function <lambda> at 0x7fa496287a90>,<function <lambda> at 0x7fa496287b30>
13483,2021-07-15 18:00:00,<function <lambda> at 0x7fa4962879f0>,<function <lambda> at 0x7fa496287a90>,<function <lambda> at 0x7fa496287b30>
13484,2021-07-15 19:00:00,<function <lambda> at 0x7fa4962879f0>,<function <lambda> at 0x7fa496287a90>,<function <lambda> at 0x7fa496287b30>
13485,2021-07-15 20:00:00,<function <lambda> at 0x7fa4962879f0>,<function <lambda> at 0x7fa496287a90>,<function <lambda> at 0x7fa496287b30>
13486,2021-07-15 21:00:00,<function <lambda> at 0x7fa4962879f0>,<function <lambda> at 0x7fa496287a90>,<function <lambda> at 0x7fa496287b30>
13487,2021-07-15 22:00:00,<function <lambda> at 0x7fa4962879f0>,<function <lambda> at 0x7fa496287a90>,<function <lambda> at 0x7fa496287b30>
13488,2021-07-15 23:00:00,<function <lambda> at 0x7fa4962879f0>,<function <lambda> at 0x7fa496287a90>,<function <lambda> at 0x7fa496287b30>
13489,2021-07-16 00:00:00,<function <lambda> at 0x7fa4962879f0>,<function <lambda> at 0x7fa496287a90>,<function <lambda> at 0x7fa496287b30>
13490,2021-07-16 01:00:00,<function <lambda> at 0x7fa4962879f0>,<function <lambda> at 0x7fa496287a90>,<function <lambda> at 0x7fa496287b30>
13491,2021-07-16 02:00:00,<function <lambda> at 0x7fa4962879f0>,<function <lambda> at 0x7fa496287a90>,<function <lambda> at 0x7fa496287b30>
13492,2021-07-16 03:00:00,<function <lambda> at 0x7fa4962879f0>,<function <lambda> at 0x7fa496287a90>,<function <lambda> at 0x7fa496287b30>
13493,2021-07-16 04:00:00,<function <lambda> at 0x7fa4962879f0>,<function <lambda> at 0x7fa496287a90>,<function <lambda> at 0x7fa496287b30>
13494,2021-07-16 05:00:00,<function <lambda> at 0x7fa4962879f0>,<function <lambda> at 0x7fa496287a90>,<function <lambda> at 0x7fa496287b30>
13495,2021-07-16 06:00:00,<function <lambda> at 0x7fa4962879f0>,<function <lambda> at 0x7fa496287a90>,<function <lambda> at 0x7fa496287b30>
13496,2021-07-16 07:00:00,<function <lambda> at 0x7fa4962879f0>,<function <lambda> at 0x7fa496287a90>,<function <lambda> at 0x7fa496287b30>
13497,2021-07-16 08:00:00,<function <lambda> at 0x7fa4962879f0>,<function <lambda> at 0x7fa496287a90>,<function <lambda> at 0x7fa496287b30>
13498,2021-07-16 09:00:00,<function <lambda> at 0x7fa4962879f0>,<function <lambda> at 0x7fa496287a90>,<function <lambda> at 0x7fa496287b30>
13499,2021-07-16 10:00:00,<function <lambda> at 0x7fa4962879f0>,<function <lambda> at 0x7fa496287a90>,<function <lambda> at 0x7fa496287b30>
13500,2021-07-16 11:00:00,<function <lambda> at 0x7fa4962879f0>,<function <lambda> at 0x7fa496287a90>,<function <lambda> at 0x7fa496287b30>
13501,2021-07-16 12:00:00,<function <lambda> at 0x7fa4962879f0>,<function <lambda> at 0x7fa496287a90>,<function <lambda> at 0x7fa496287b30>
13502,2021-07-16 13:00:00,<function <lambda> at 0x7fa4962879f0>,<function <lambda> at 0x7fa496287a90>,<function <lambda> at 0x7fa496287b30>
13503,2021-07-16 14:00:00,<function <lambda> at 0x7fa4962879f0>,<function <lambda> at 0x7fa496287a90>,<function <lambda> at 0x7fa496287b30>
13504,2021-07-16 15:00:00,<function <lambda> at 0x7fa4962879f0>,<function <lambda> at 0x7fa496287a90>,<function <lambda> at 0x7fa496287b30>
13505,2021-07-16 16:00:00,<function <lambda> at 0x7fa4962879f0>,<function <lambda> at 0x7fa496287a90>,<function <lambda> at 0x7fa496287b30>
13506,2021-07-16 17:00:00,<function <lambda> at 0x7fa4962879f0>,<function <lambda> at 0x7fa496287a90>,<function <lambda> at 0x7fa496287b30>
13507,2021-07-16 18:00:00,<function <lambda> at 0x7fa4962879f0>,<function <lambda> at 0x7fa496287a90>,<function <lambda> at 0x7fa496287b30>
13508,2021-07-16 19:00:00,<function <lambda> at 0x7fa4962879f0>,<function <lambda> at 0x7fa496287a90>,<function <lambda> at 0x7fa496287b30>
13509,2021-07-16 20:00:00,<function <lambda> at 0x7fa4962879f0>,<function <lambda> at 0x7fa496287a90>,<function <lambda> at 0x7fa496287b30>
13510,2021-07-16 21:00:00,<function <lambda> at 0x7fa4962879f0>,<function <lambda> at 0x7fa496287a90>,<function <lambda> at 0x7fa496287b30>
13511,2021-07-16 22:00:00,<function <lambda> at 0x7fa4962879f0>,<function <lambda> at 0x7fa496287a90>,<function <lambda> at 0x7fa496287b30>
13512,2021-07-16 23:00:00,<function <lambda> at 0x7fa4962879f0>,<function <lambda> at 0x7fa496287a90>,<function <lambda> at 0x7fa496287b30>
13513,2021-07-17 00:00:00,<function <lambda> at 0x7fa4962879f0>,<function <lambda> at 0x7fa496287a90>,<function <lambda> at 0x7fa496287b30>
13514,2021-07-17 01:00:00,<function <lambda> at 0x7fa4962879f0>,<function <lambda> at 0x7fa496287a90>,<function <lambda> at 0x7fa496287b30>
13515,2021-07-17 02:00:00,<function <lambda> at 0x7fa4962879f0>,<function <lambda> at 0x7fa496287a90>,<function <lambda> at 0x7fa496287b30>
13516,2021-07-17 03:00:00,<function <lambda> at 0x7fa4962879f0>,<function <lambda> at 0x7fa496287a90>,<function <lambda> at 0x7fa496287b30>
13517,2021-07-17 04:00:00,<function <lambda> at 0x7fa4962879f0>,<function <lambda> at 0x7fa496287a90>,<function <lambda> at 0x7fa496287b30>
13518,2021-07-17 05:00:00,<function <lambda> at 0x7fa4962879f0>,<function <lambda> at 0x7fa496287a90>,<function <lambda> at 0x7fa496287b30>
13519,2021-07-17 06:00:00,<function <lambda> at 0x7fa4962879f0>,<function <lambda> at 0x7fa496287a90>,<function <lambda> at 0x7fa496287b30>
13520,2021-07-17 07:00:00,<function <lambda> at 0x7fa4962879f0>,<function <lambda> at 0x7fa496287a90>,<function <lambda> at 0x7fa496287b30>
13521,2021-07-17 08:00:00,<function <lambda> at 0x7fa4962879f0>,<function <lambda> at 0x7fa496287a90>,<function <lambda> at 0x7fa496287b30>
13522,2021-07-17 09:00:00,<function <lambda> at 0x7fa4962879f0>,<function <lambda> at 0x7fa496287a90>,<function <lambda> at 0x7fa496287b30>
13523,2021-07-17 10:00:00,<function <lambda> at 0x7fa4962879f0>,<function <lambda> at 0x7fa496287a90>,<function <lambda> at 0x7fa496287b30>
13524,2021-07-17 11:00:00,<function <lambda> at 0x7fa4962879f0>,<function <lambda> at 0x7fa496287a90>,<function <lambda> at 0x7fa496287b30>
13525,2021-07-17 12:00:00,<function <lambda> at 0x7fa4962879f0>,<function <lambda> at 0x7fa496287a90>,<function <lambda> at 0x7fa496287b30>
13526,2021-07-17 13:00:00,<function <lambda> at 0x7fa4962879f0>,<function <lambda> at 0x7fa496287a90>,<function <lambda> at 0x7fa496287b30>
13527,2021-07-17 14:00:00,<function <lambda> at 0x7fa4962879f0>,<function <lambda> at 0x7fa496287a90>,<function <lambda> at 0x7fa496287b30>
13528,2021-07-17 15:00:00,<function <lambda> at 0x7fa4962879f0>,<function <lambda> at 0x7fa496287a90>,<function <lambda> at 0x7fa496287b30>
13529,2021-07-17 16:00:00,<function <lambda> at 0x7fa4962879f0>,<function <lambda> at 0x7fa496287a90>,<function <lambda> at 0x7fa496287b30>
13530,2021-07-17 17:00:00,<function <lambda> at 0x7fa4962879f0>,<function <lambda> at 0x7fa496287a90>,<function <lambda> at 0x7fa496287b30>
13531,2021-07-17 18:00:00,<function <lambda> at 0x7fa4962879f0>,<function <lambda> at 0x7fa496287a90>,<function <lambda> at 0x7fa496287b30>
13532,2021-07-17 19:00:00,<function <lambda> at 0x7fa4962879f0>,<function <lambda> at 0x7fa496287a90>,<function <lambda> at 0x7fa496287b30>
13533,2021-07-17 20:00:00,<function <lambda> at 0x7fa4962879f0>,<function <lambda> at 0x7fa496287a90>,<function <lambda> at 0x7fa496287b30>
13534,2021-07-17 21:00:00,<function <lambda> at 0x7fa4962879f0>,<function <lambda> at 0x7fa496287a90>,<function <lambda> at 0x7fa496287b30>
13535,2021-07-17 22:00:00,<function <lambda> at 0x7fa4962879f0>,<function <lambda> at 0x7fa496287a90>,<function <lambda> at 0x7fa496287b30>
13536,2021-07-17 23:00:00,<function <lambda> at 0x7fa4962879f0>,<function <lambda> at 0x7fa496287a90>,<function <lambda> at 0x7fa496287b30>
13537,2021-07-18 00:00:00,<function <lambda> at 0x7fa4962879f0>,<function <lambda> at 0x7fa496287a90>,<function <lambda> at 0x7fa496287b30>
13538,2021-07-18 01:00:00,<function <lambda> at 0x7fa4962879f0>,<function <lambda> at 0x7fa496287a90>,<function <lambda> at 0x7fa496287b30>
13539,2021-07-18 02:00:00,<function <lambda> at 0x7fa4962879f0>,<function <lambda> at 0x7fa496287a90>,<function <lambda> at 0x7fa496287b30>
13540,2021-07-18 03:00:00,<function <lambda> at 0x7fa4962879f0>,<function <lambda> at 0x7fa496287a90>,<function <lambda> at 0x7fa496287b30>
13541,2021-07-18 04:00:00,<function <lambda> at 0x7fa4962879f0>,<function <lambda> at 0x7fa496287a90>,<function <lambda> at 0x7fa496287b30>
13542,2021-07-18 05:00:00,<function <lambda> at 0x7fa4962879f0>,<function <lambda> at 0x7fa496287a90>,<function <lambda> at 0x7fa496287b30>
13543,2021-07-18 06:00:00,<function <lambda> at 0x7fa4962879f0>,<function <lambda> at 0x7fa496287a90>,<function <lambda> at 0x7fa496287b30>
13544,2021-07-18 07:00:00,<function <lambda> at 0x7fa4962879f0>,<function <lambda> at 0x7fa496287a90>,<function <lambda> at 0x7fa496287b30>
13545,2021-07-18 08:00:00,<function <lambda> at 0x7fa4962879f0>,<function <lambda> at 0x7fa496287a90>,<function <lambda> at 0x7fa496287b30>
13546,2021-07-18 09:00:00,<function <lambda> at 0x7fa4962879f0>,<function <lambda> at 0x7fa496287a90>,<function <lambda> at 0x7fa496287b30>
13547,2021-07-18 10:00:00,<function <lambda> at 0x7fa4962879f0>,<function <lambda> at 0x7fa496287a90>,<function <lambda> at 0x7fa496287b30>
13548,2021-07-18 11:00:00,<function <lambda> at 0x7fa4962879f0>,<function <lambda> at 0x7fa496287a90>,<function <lambda> at 0x7fa496287b30>
13549,2021-07-18 12:00:00,<function <lambda> at 0x7fa4962879f0>,<function <lambda> at 0x7fa496287a90>,<function <lambda> at 0x7fa496287b30>
13550,2021-07-18 13:00:00,<function <lambda> at 0x7fa4962879f0>,<function <lambda> at 0x7fa496287a90>,<function <lambda> at 0x7fa496287b30>
13551,2021-07-18 14:00:00,<function <lambda> at 0x7fa4962879f0>,<function <lambda> at 0x7fa496287a90>,<function <lambda> at 0x7fa496287b30>
13552,2021-07-18 15:00:00,<function <lambda> at 0x7fa4962879f0>,<function <lambda> at 0x7fa496287a90>,<function <lambda> at 0x7fa496287b30>
13553,2021-07-18 16:00:00,<function <lambda> at 0x7fa4962879f0>,<function <lambda> at 0x7fa496287a90>,<function <lambda> at 0x7fa496287b30>
13554,2021-07-18 17:00:00,<function <lambda> at 0x7fa4962879f0>,<function <lambda> at 0x7fa496287a90>,<function <lambda> at 0x7fa496287b30>
13555,2021-07-18 18:00:00,<function <lambda> at 0x7fa4962879f0>,<function <lambda> at 0x7fa496287a90>,<function <lambda> at 0x7fa496287b30>
13556,2021-07-18 19:00:00,<function <lambda> at 0x7fa4962879f0>,<function <lambda> at 0x7fa496287a90>,<function <lambda> at 0x7fa496287b30>
13557,2021-07-18 20:00:00,<function <lambda> at 0x7fa4962879f0>,<function <lambda> at 0x7fa496287a90>,<function <lambda> at 0x7fa496287b30>
13558,2021-07-18 21:00:00,<function <lambda> at 0x7fa4962879f0>,<function <lambda> at 0x7fa496287a90>,<function <lambda> at 0x7fa496287b30>
13559,2021-07-18 22:00:00,<function <lambda> at 0x7fa4962879f0>,<function <lambda> at 0x7fa496287a90>,<function <lambda> at 0x7fa496287b30>
13560,2021-07-18 23:00:00,<function <lambda> at 0x7fa4962879f0>,<function <lambda> at 0x7fa496287a90>,<function <lambda> at 0x7fa496287b30>
13561,2021-07-19 00:00:00,<function <lambda> at 0x7fa4962879f0>,<function <lambda> at 0x7fa496287a90>,<function <lambda> at 0x7fa496287b30>
13562,2021-07-19 01:00:00,<function <lambda> at 0x7fa4962879f0>,<function <lambda> at 0x7fa496287a90>,<function <lambda> at 0x7fa496287b30>
13563,2021-07-19 02:00:00,<function <lambda> at 0x7fa4962879f0>,<function <lambda> at 0x7fa496287a90>,<function <lambda> at 0x7fa496287b30>
13564,2021-07-19 03:00:00,<function <lambda> at 0x7fa4962879f0>,<function <lambda> at 0x7fa496287a90>,<function <lambda> at 0x7fa496287b30>
13565,2021-07-19 04:00:00,<function <lambda> at 0x7fa4962879f0>,<function <lambda> at 0x7fa496287a90>,<function <lambda> at 0x7fa496287b30>
13566,2021-07-19 05:00:00,<function <lambda> at 0x7fa4962879f0>,<function <lambda> at 0x7fa496287a90>,<function <lambda> at 0x7fa496287b30>
13567,2021-07-19 06:00:00,<function <lambda> at 0x7fa4962879f0>,<function <lambda> at 0x7fa496287a90>,<function <lambda> at 0x7fa496287b30>
13568,2021-07-19 07:00:00,<function <lambda> at 0x7fa4962879f0>,<function <lambda> at 0x7fa496287a90>,<function <lambda> at 0x7fa496287b30>
13569,2021-07-19 08:00:00,<function <lambda> at 0x7fa4962879f0>,<function <lambda> at 0x7fa496287a90>,<function <lambda> at 0x7fa496287b30>
13570,2021-07-19 09:00:00,<function <lambda> at 0x7fa4962879f0>,<function <lambda> at 0x7fa496287a90>,<function <lambda> at 0x7fa496287b30>
13571,2021-07-19 10:00:00,<function <lambda> at 0x7fa4962879f0>,<function <lambda> at 0x7fa496287a90>,<function <lambda> at 0x7fa496287b30>
13572,2021-07-19 11:00:00,<function <lambda> at 0x7fa4962879f0>,<function <lambda> at 0x7fa496287a90>,<function <lambda> at 0x7fa496287b30>
13573,2021-07-19 12:00:00,<function <lambda> at 0x7fa4962879f0>,<function <lambda> at 0x7fa496287a90>,<function <lambda> at 0x7fa496287b30>
13574,2021-07-19 13:00:00,<function <lambda> at 0x7fa4962879f0>,<function <lambda> at 0x7fa496287a90>,<function <lambda> at 0x7fa496287b30>
13575,2021-07-19 14:00:00,<function <lambda> at 0x7fa4962879f0>,<function <lambda> at 0x7fa496287a90>,<function <lambda> at 0x7fa496287b30>
13576,2021-07-19 15:00:00,<function <lambda> at 0x7fa4962879f0>,<function <lambda> at 0x7fa496287a90>,<function <lambda> at 0x7fa496287b30>
13577,2021-07-19 16:00:00,<function <lambda> at 0x7fa4962879f0>,<function <lambda> at 0x7fa496287a90>,<function <lambda> at 0x7fa496287b30>
13578,2021-07-19 17:00:00,<function <lambda> at 0x7fa4962879f0>,<function <lambda> at 0x7fa496287a90>,<function <lambda> at 0x7fa496287b30>
13579,2021-07-19 18:00:00,<function <lambda> at 0x7fa4962879f0>,<function <lambda> at 0x7fa496287a90>,<function <lambda> at 0x7fa496287b30>
13580,2021-07-19 19:00:00,<function <lambda> at 0x7fa4962879f0>,<function <lambda> at 0x7fa496287a90>,<function <lambda> at 0x7fa496287b30>
13581,2021-07-19 20:00:00,<function <lambda> at 0x7fa4962879f0>,<function <lambda> at 0x7fa496287a90>,<function <lambda> at 0x7fa496287b30>
13582,2021-07-19 21:00:00,<function <lambda> at 0x7fa4962879f0>,<function <lambda> at 0x7fa496287a90>,<function <lambda> at 0x7fa496287b30>
13583,2021-07-19 22:00:00,<function <lambda> at 0x7fa4962879f0>,<function <lambda> at 0x7fa496287a90>,<function <lambda> at 0x7fa496287b30>
13584,2021-07-19 23:00:00,<function <lambda> at 0x7fa4962879f0>,<function <lambda> at 0x7fa496287a90>,<function <lambda> at 0x7fa496287b30>
13585,2021-07-20 00:00:00,<function <lambda> at 0x7fa4962879f0>,<function <lambda> at 0x7fa496287a90>,<function <lambda> at 0x7fa496287b30>
13586,2021-07-20 01:00:00,<function <lambda> at 0x7fa4962879f0>,<function <lambda> at 0x7fa496287a90>,<function <lambda> at 0x7fa496287b30>
13587,2021-07-20 02:00:00,<function <lambda> at 0x7fa4962879f0>,<function <lambda> at 0x7fa496287a90>,<function <lambda> at 0x7fa496287b30>
13588,2021-07-20 03:00:00,<function <lambda> at 0x7fa4962879f0>,<function <lambda> at 0x7fa496287a90>,<function <lambda> at 0x7fa496287b30>
13589,2021-07-20 04:00:00,<function <lambda> at 0x7fa4962879f0>,<function <lambda> at 0x7fa496287a90>,<function <lambda> at 0x7fa496287b30>
13590,2021-07-20 05:00:00,<function <lambda> at 0x7fa4962879f0>,<function <lambda> at 0x7fa496287a90>,<function <lambda> at 0x7fa496287b30>
13591,2021-07-20 06:00:00,<function <lambda> at 0x7fa4962879f0>,<function <lambda> at 0x7fa496287a90>,<function <lambda> at 0x7fa496287b30>
13592,2021-07-20 07:00:00,<function <lambda> at 0x7fa4962879f0>,<function <lambda> at 0x7fa496287a90>,<function <lambda> at 0x7fa496287b30>
13593,2021-07-20 08:00:00,<function <lambda> at 0x7fa4962879f0>,<function <lambda> at 0x7fa496287a90>,<function <lambda> at 0x7fa496287b30>
13594,2021-07-20 09:00:00,<function <lambda> at 0x7fa4962879f0>,<function <lambda> at 0x7fa496287a90>,<function <lambda> at 0x7fa496287b30>
13595,2021-07-20 10:00:00,<function <lambda> at 0x7fa4962879f0>,<function <lambda> at 0x7fa496287a90>,<function <lambda> at 0x7fa496287b30>
13596,2021-07-20 11:00:00,<function <lambda> at 0x7fa4962879f0>,<function <lambda> at 0x7fa496287a90>,<function <lambda> at 0x7fa496287b30>
13597,2021-07-20 12:00:00,<function <lambda> at 0x7fa4962879f0>,<function <lambda> at 0x7fa496287a90>,<function <lambda> at 0x7fa496287b30>
13598,2021-07-20 13:00:00,<function <lambda> at 0x7fa4962879f0>,<function <lambda> at 0x7fa496287a90>,<function <lambda> at 0x7fa496287b30>
13599,2021-07-20 14:00:00,<function <lambda> at 0x7fa4962879f0>,<function <lambda> at 0x7fa496287a90>,<function <lambda> at 0x7fa496287b30>
13600,2021-07-20 15:00:00,<function <lambda> at 0x7fa4962879f0>,<function <lambda> at 0x7fa496287a90>,<function <lambda> at 0x7fa496287b30>
13601,2021-07-20 16:00:00,<function <lambda> at 0x7fa4962879f0>,<function <lambda> at 0x7fa496287a90>,<function <lambda> at 0x7fa496287b30>
13602,2021-07-20 17:00:00,<function <lambda> at 0x7fa4962879f0>,<function <lambda> at 0x7fa496287a90>,<function <lambda> at 0x7fa496287b30>
13603,2021-07-20 18:00:00,<function <lambda> at 0x7fa4962879f0>,<function <lambda> at 0x7fa496287a90>,<function <lambda> at 0x7fa496287b30>
13604,2021-07-20 19:00:00,<function <lambda> at 0x7fa4962879f0>,<function <lambda> at 0x7fa496287a90>,<function <lambda> at 0x7fa496287b30>
13605,2021-07-20 20:00:00,<function <lambda> at 0x7fa4962879f0>,<function <lambda> at 0x7fa496287a90>,<function <lambda> at 0x7fa496287b30>
13606,2021-07-20 21:00:00,<function <lambda> at 0x7fa4962879f0>,<function <lambda> at 0x7fa496287a90>,<function <lambda> at 0x7fa496287b30>
13607,2021-07-20 22:00:00,<function <lambda> at 0x7fa4962879f0>,<function <lambda> at 0x7fa496287a90>,<function <lambda> at 0x7fa496287b30>
13608,2021-07-20 23:00:00,<function <lambda> at 0x7fa4962879f0>,<function <lambda> at 0x7fa496287a90>,<function <lambda> at 0x7fa496287b30>
13609,2021-07-21 00:00:00,<function <lambda> at 0x7fa4962879f0>,<function <lambda> at 0x7fa496287a90>,<function <lambda> at 0x7fa496287b30>
13610,2021-07-21 01:00:00,<function <lambda> at 0x7fa4962879f0>,<function <lambda> at 0x7fa496287a90>,<function <lambda> at 0x7fa496287b30>
13611,2021-07-21 02:00:00,<function <lambda> at 0x7fa4962879f0>,<function <lambda> at 0x7fa496287a90>,<function <lambda> at 0x7fa496287b30>
13612,2021-07-21 03:00:00,<function <lambda> at 0x7fa4962879f0>,<function <lambda> at 0x7fa496287a90>,<function <lambda> at 0x7fa496287b30>
13613,2021-07-21 04:00:00,<function <lambda> at 0x7fa4962879f0>,<function <lambda> at 0x7fa496287a90>,<function <lambda> at 0x7fa496287b30>
13614,2021-07-21 05:00:00,<function <lambda> at 0x7fa4962879f0>,<function <lambda> at 0x7fa496287a90>,<function <lambda> at 0x7fa496287b30>
13615,2021-07-21 06:00:00,<function <lambda> at 0x7fa4962879f0>,<function <lambda> at 0x7fa496287a90>,<function <lambda> at 0x7fa496287b30>
13616,2021-07-21 07:00:00,<function <lambda> at 0x7fa4962879f0>,<function <lambda> at 0x7fa496287a90>,<function <lambda> at 0x7fa496287b30>
13617,2021-07-21 08:00:00,<function <lambda> at 0x7fa4962879f0>,<function <lambda> at 0x7fa496287a90>,<function <lambda> at 0x7fa496287b30>
13618,2021-07-21 09:00:00,<function <lambda> at 0x7fa4962879f0>,<function <lambda> at 0x7fa496287a90>,<function <lambda> at 0x7fa496287b30>
13619,2021-07-21 10:00:00,<function <lambda> at 0x7fa4962879f0>,<function <lambda> at 0x7fa496287a90>,<function <lambda> at 0x7fa496287b30>
13620,2021-07-21 11:00:00,<function <lambda> at 0x7fa4962879f0>,<function <lambda> at 0x7fa496287a90>,<function <lambda> at 0x7fa496287b30>
13621,2021-07-21 12:00:00,<function <lambda> at 0x7fa4962879f0>,<function <lambda> at 0x7fa496287a90>,<function <lambda> at 0x7fa496287b30>
13622,2021-07-21 13:00:00,<function <lambda> at 0x7fa4962879f0>,<function <lambda> at 0x7fa496287a90>,<function <lambda> at 0x7fa496287b30>
13623,2021-07-21 14:00:00,<function <lambda> at 0x7fa4962879f0>,<function <lambda> at 0x7fa496287a90>,<function <lambda> at 0x7fa496287b30>
13624,2021-07-21 15:00:00,<function <lambda> at 0x7fa4962879f0>,<function <lambda> at 0x7fa496287a90>,<function <lambda> at 0x7fa496287b30>
13625,2021-07-21 16:00:00,<function <lambda> at 0x7fa4962879f0>,<function <lambda> at 0x7fa496287a90>,<function <lambda> at 0x7fa496287b30>
13626,2021-07-21 17:00:00,<function <lambda> at 0x7fa4962879f0>,<function <lambda> at 0x7fa496287a90>,<function <lambda> at 0x7fa496287b30>
13627,2021-07-21 18:00:00,<function <lambda> at 0x7fa4962879f0>,<function <lambda> at 0x7fa496287a90>,<function <lambda> at 0x7fa496287b30>
13628,2021-07-21 19:00:00,<function <lambda> at 0x7fa4962879f0>,<function <lambda> at 0x7fa496287a90>,<function <lambda> at 0x7fa496287b30>
13629,2021-07-21 20:00:00,<function <lambda> at 0x7fa4962879f0>,<function <lambda> at 0x7fa496287a90>,<function <lambda> at 0x7fa496287b30>
13630,2021-07-21 21:00:00,<function <lambda> at 0x7fa4962879f0>,<function <lambda> at 0x7fa496287a90>,<function <lambda> at 0x7fa496287b30>
13631,2021-07-21 22:00:00,<function <lambda> at 0x7fa4962879f0>,<function <lambda> at 0x7fa496287a90>,<function <lambda> at 0x7fa496287b30>
13632,2021-07-21 23:00:00,<function <lambda> at 0x7fa4962879f0>,<function <lambda> at 0x7fa496287a90>,<function <lambda> at 0x7fa496287b30>
13633,2021-07-22 00:00:00,<function <lambda> at 0x7fa4962879f0>,<function <lambda> at 0x7fa496287a90>,<function <lambda> at 0x7fa496287b30>
13634,2021-07-22 01:00:00,<function <lambda> at 0x7fa4962879f0>,<function <lambda> at 0x7fa496287a90>,<function <lambda> at 0x7fa496287b30>
13635,2021-07-22 02:00:00,<function <lambda> at 0x7fa4962879f0>,<function <lambda> at 0x7fa496287a90>,<function <lambda> at 0x7fa496287b30>
13636,2021-07-22 03:00:00,<function <lambda> at 0x7fa4962879f0>,<function <lambda> at 0x7fa496287a90>,<function <lambda> at 0x7fa496287b30>
13637,2021-07-22 04:00:00,<function <lambda> at 0x7fa4962879f0>,<function <lambda> at 0x7fa496287a90>,<function <lambda> at 0x7fa496287b30>
13638,2021-07-22 05:00:00,<function <lambda> at 0x7fa4962879f0>,<function <lambda> at 0x7fa496287a90>,<function <lambda> at 0x7fa496287b30>
13639,2021-07-22 06:00:00,<function <lambda> at 0x7fa4962879f0>,<function <lambda> at 0x7fa496287a90>,<function <lambda> at 0x7fa496287b30>
13640,2021-07-22 07:00:00,<function <lambda> at 0x7fa4962879f0>,<function <lambda> at 0x7fa496287a90>,<function <lambda> at 0x7fa496287b30>
13641,2021-07-22 08:00:00,<function <lambda> at 0x7fa4962879f0>,<function <lambda> at 0x7fa496287a90>,<function <lambda> at 0x7fa496287b30>
13642,2021-07-22 09:00:00,<function <lambda> at 0x7fa4962879f0>,<function <lambda> at 0x7fa496287a90>,<function <lambda> at 0x7fa496287b30>
13643,2021-07-22 10:00:00,<function <lambda> at 0x7fa4962879f0>,<function <lambda> at 0x7fa496287a90>,<function <lambda> at 0x7fa496287b30>
13644,2021-07-22 11:00:00,<function <lambda> at 0x7fa4962879f0>,<function <lambda> at 0x7fa496287a90>,<function <lambda> at 0x7fa496287b30>
13645,2021-07-22 12:00:00,<function <lambda> at 0x7fa4962879f0>,<function <lambda> at 0x7fa496287a90>,<function <lambda> at 0x7fa496287b30>
13646,2021-07-22 13:00:00,<function <lambda> at 0x7fa4962879f0>,<function <lambda> at 0x7fa496287a90>,<function <lambda> at 0x7fa496287b30>
13647,2021-07-22 14:00:00,<function <lambda> at 0x7fa4962879f0>,<function <lambda> at 0x7fa496287a90>,<function <lambda> at 0x7fa496287b30>
13648,2021-07-22 15:00:00,<function <lambda> at 0x7fa4962879f0>,<function <lambda> at 0x7fa496287a90>,<function <lambda> at 0x7fa496287b30>
13649,2021-07-22 16:00:00,<function <lambda> at 0x7fa4962879f0>,<function <lambda> at 0x7fa496287a90>,<function <lambda> at 0x7fa496287b30>
13650,2021-07-22 17:00:00,<function <lambda> at 0x7fa4962879f0>,<function <lambda> at 0x7fa496287a90>,<function <lambda> at 0x7fa496287b30>
13651,2021-07-22 18:00:00,<function <lambda> at 0x7fa4962879f0>,<function <lambda> at 0x7fa496287a90>,<function <lambda> at 0x7fa496287b30>
13652,2021-07-22 19:00:00,<function <lambda> at 0x7fa4962879f0>,<function <lambda> at 0x7fa496287a90>,<function <lambda> at 0x7fa496287b30>
13653,2021-07-22 20:00:00,<function <lambda> at 0x7fa4962879f0>,<function <lambda> at 0x7fa496287a90>,<function <lambda> at 0x7fa496287b30>
13654,2021-07-22 21:00:00,<function <lambda> at 0x7fa4962879f0>,<function <lambda> at 0x7fa496287a90>,<function <lambda> at 0x7fa496287b30>
13655,2021-07-22 22:00:00,<function <lambda> at 0x7fa4962879f0>,<function <lambda> at 0x7fa496287a90>,<function <lambda> at 0x7fa496287b30>
13656,2021-07-22 23:00:00,<function <lambda> at 0x7fa4962879f0>,<function <lambda> at 0x7fa496287a90>,<function <lambda> at 0x7fa496287b30>
13657,2021-07-23 00:00:00,<function <lambda> at 0x7fa4962879f0>,<function <lambda> at 0x7fa496287a90>,<function <lambda> at 0x7fa496287b30>
13658,2021-07-23 01:00:00,<function <lambda> at 0x7fa4962879f0>,<function <lambda> at 0x7fa496287a90>,<function <lambda> at 0x7fa496287b30>
13659,2021-07-23 02:00:00,<function <lambda> at 0x7fa4962879f0>,<function <lambda> at 0x7fa496287a90>,<function <lambda> at 0x7fa496287b30>
13660,2021-07-23 03:00:00,<function <lambda> at 0x7fa4962879f0>,<function <lambda> at 0x7fa496287a90>,<function <lambda> at 0x7fa496287b30>
13661,2021-07-23 04:00:00,<function <lambda> at 0x7fa4962879f0>,<function <lambda> at 0x7fa496287a90>,<function <lambda> at 0x7fa496287b30>
13662,2021-07-23 05:00:00,<function <lambda> at 0x7fa4962879f0>,<function <lambda> at 0x7fa496287a90>,<function <lambda> at 0x7fa496287b30>
13663,2021-07-23 06:00:00,<function <lambda> at 0x7fa4962879f0>,<function <lambda> at 0x7fa496287a90>,<function <lambda> at 0x7fa496287b30>
13664,2021-07-23 07:00:00,<function <lambda> at 0x7fa4962879f0>,<function <lambda> at 0x7fa496287a90>,<function <lambda> at 0x7fa496287b30>
13665,2021-07-23 08:00:00,<function <lambda> at 0x7fa4962879f0>,<function <lambda> at 0x7fa496287a90>,<function <lambda> at 0x7fa496287b30>
13666,2021-07-23 09:00:00,<function <lambda> at 0x7fa4962879f0>,<function <lambda> at 0x7fa496287a90>,<function <lambda> at 0x7fa496287b30>
13667,2021-07-23 10:00:00,<function <lambda> at 0x7fa4962879f0>,<function <lambda> at 0x7fa496287a90>,<function <lambda> at 0x7fa496287b30>
13668,2021-07-23 11:00:00,<function <lambda> at 0x7fa4962879f0>,<function <lambda> at 0x7fa496287a90>,<function <lambda> at 0x7fa496287b30>
13669,2021-07-23 12:00:00,<function <lambda> at 0x7fa4962879f0>,<function <lambda> at 0x7fa496287a90>,<function <lambda> at 0x7fa496287b30>
13670,2021-07-23 13:00:00,<function <lambda> at 0x7fa4962879f0>,<function <lambda> at 0x7fa496287a90>,<function <lambda> at 0x7fa496287b30>
13671,2021-07-23 14:00:00,<function <lambda> at 0x7fa4962879f0>,<function <lambda> at 0x7fa496287a90>,<function <lambda> at 0x7fa496287b30>
13672,2021-07-23 15:00:00,<function <lambda> at 0x7fa4962879f0>,<function <lambda> at 0x7fa496287a90>,<function <lambda> at 0x7fa496287b30>
13673,2021-07-23 16:00:00,<function <lambda> at 0x7fa4962879f0>,<function <lambda> at 0x7fa496287a90>,<function <lambda> at 0x7fa496287b30>
13674,2021-07-23 17:00:00,<function <lambda> at 0x7fa4962879f0>,<function <lambda> at 0x7fa496287a90>,<function <lambda> at 0x7fa496287b30>
13675,2021-07-23 18:00:00,<function <lambda> at 0x7fa4962879f0>,<function <lambda> at 0x7fa496287a90>,<function <lambda> at 0x7fa496287b30>
13676,2021-07-23 19:00:00,<function <lambda> at 0x7fa4962879f0>,<function <lambda> at 0x7fa496287a90>,<function <lambda> at 0x7fa496287b30>
13677,2021-07-23 20:00:00,<function <lambda> at 0x7fa4962879f0>,<function <lambda> at 0x7fa496287a90>,<function <lambda> at 0x7fa496287b30>
13678,2021-07-23 21:00:00,<function <lambda> at 0x7fa4962879f0>,<function <lambda> at 0x7fa496287a90>,<function <lambda> at 0x7fa496287b30>
13679,2021-07-23 22:00:00,<function <lambda> at 0x7fa4962879f0>,<function <lambda> at 0x7fa496287a90>,<function <lambda> at 0x7fa496287b30>
13680,2021-07-23 23:00:00,<function <lambda> at 0x7fa4962879f0>,<function <lambda> at 0x7fa496287a90>,<function <lambda> at 0x7fa496287b30>
13681,2021-07-24 00:00:00,<function <lambda> at 0x7fa4962879f0>,<function <lambda> at 0x7fa496287a90>,<function <lambda> at 0x7fa496287b30>
13682,2021-07-24 01:00:00,<function <lambda> at 0x7fa4962879f0>,<function <lambda> at 0x7fa496287a90>,<function <lambda> at 0x7fa496287b30>
13683,2021-07-24 02:00:00,<function <lambda> at 0x7fa4962879f0>,<function <lambda> at 0x7fa496287a90>,<function <lambda> at 0x7fa496287b30>
13684,2021-07-24 03:00:00,<function <lambda> at 0x7fa4962879f0>,<function <lambda> at 0x7fa496287a90>,<function <lambda> at 0x7fa496287b30>
13685,2021-07-24 04:00:00,<function <lambda> at 0x7fa4962879f0>,<function <lambda> at 0x7fa496287a90>,<function <lambda> at 0x7fa496287b30>
13686,2021-07-24 05:00:00,<function <lambda> at 0x7fa4962879f0>,<function <lambda> at 0x7fa496287a90>,<function <lambda> at 0x7fa496287b30>
13687,2021-07-24 06:00:00,<function <lambda> at 0x7fa4962879f0>,<function <lambda> at 0x7fa496287a90>,<function <lambda> at 0x7fa496287b30>
13688,2021-07-24 07:00:00,<function <lambda> at 0x7fa4962879f0>,<function <lambda> at 0x7fa496287a90>,<function <lambda> at 0x7fa496287b30>
13689,2021-07-24 08:00:00,<function <lambda> at 0x7fa4962879f0>,<function <lambda> at 0x7fa496287a90>,<function <lambda> at 0x7fa496287b30>
13690,2021-07-24 09:00:00,<function <lambda> at 0x7fa4962879f0>,<function <lambda> at 0x7fa496287a90>,<function <lambda> at 0x7fa496287b30>
13691,2021-07-24 10:00:00,<function <lambda> at 0x7fa4962879f0>,<function <lambda> at 0x7fa496287a90>,<function <lambda> at 0x7fa496287b30>
13692,2021-07-24 11:00:00,<function <lambda> at 0x7fa4962879f0>,<function <lambda> at 0x7fa496287a90>,<function <lambda> at 0x7fa496287b30>
13693,2021-07-24 12:00:00,<function <lambda> at 0x7fa4962879f0>,<function <lambda> at 0x7fa496287a90>,<function <lambda> at 0x7fa496287b30>
13694,2021-07-24 13:00:00,<function <lambda> at 0x7fa4962879f0>,<function <lambda> at 0x7fa496287a90>,<function <lambda> at 0x7fa496287b30>
13695,2021-07-24 14:00:00,<function <lambda> at 0x7fa4962879f0>,<function <lambda> at 0x7fa496287a90>,<function <lambda> at 0x7fa496287b30>
13696,2021-07-24 15:00:00,<function <lambda> at 0x7fa4962879f0>,<function <lambda> at 0x7fa496287a90>,<function <lambda> at 0x7fa496287b30>
13697,2021-07-24 16:00:00,<function <lambda> at 0x7fa4962879f0>,<function <lambda> at 0x7fa496287a90>,<function <lambda> at 0x7fa496287b30>
13698,2021-07-24 17:00:00,<function <lambda> at 0x7fa4962879f0>,<function <lambda> at 0x7fa496287a90>,<function <lambda> at 0x7fa496287b30>
13699,2021-07-24 18:00:00,<function <lambda> at 0x7fa4962879f0>,<function <lambda> at 0x7fa496287a90>,<function <lambda> at 0x7fa496287b30>
13700,2021-07-24 19:00:00,<function <lambda> at 0x7fa4962879f0>,<function <lambda> at 0x7fa496287a90>,<function <lambda> at 0x7fa496287b30>
13701,2021-07-24 20:00:00,<function <lambda> at 0x7fa4962879f0>,<function <lambda> at 0x7fa496287a90>,<function <lambda> at 0x7fa496287b30>
13702,2021-07-24 21:00:00,<function <lambda> at 0x7fa4962879f0>,<function <lambda> at 0x7fa496287a90>,<function <lambda> at 0x7fa496287b30>
13703,2021-07-24 22:00:00,<function <lambda> at 0x7fa4962879f0>,<function <lambda> at 0x7fa496287a90>,<function <lambda> at 0x7fa496287b30>
13704,2021-07-24 23:00:00,<function <lambda> at 0x7fa4962879f0>,<function <lambda> at 0x7fa496287a90>,<function <lambda> at 0x7fa496287b30>
13705,2021-07-25 00:00:00,<function <lambda> at 0x7fa4962879f0>,<function <lambda> at 0x7fa496287a90>,<function <lambda> at 0x7fa496287b30>
13706,2021-07-25 01:00:00,<function <lambda> at 0x7fa4962879f0>,<function <lambda> at 0x7fa496287a90>,<function <lambda> at 0x7fa496287b30>
13707,2021-07-25 02:00:00,<function <lambda> at 0x7fa4962879f0>,<function <lambda> at 0x7fa496287a90>,<function <lambda> at 0x7fa496287b30>
13708,2021-07-25 03:00:00,<function <lambda> at 0x7fa4962879f0>,<function <lambda> at 0x7fa496287a90>,<function <lambda> at 0x7fa496287b30>
13709,2021-07-25 04:00:00,<function <lambda> at 0x7fa4962879f0>,<function <lambda> at 0x7fa496287a90>,<function <lambda> at 0x7fa496287b30>
13710,2021-07-25 05:00:00,<function <lambda> at 0x7fa4962879f0>,<function <lambda> at 0x7fa496287a90>,<function <lambda> at 0x7fa496287b30>
13711,2021-07-25 06:00:00,<function <lambda> at 0x7fa4962879f0>,<function <lambda> at 0x7fa496287a90>,<function <lambda> at 0x7fa496287b30>
13712,2021-07-25 07:00:00,<function <lambda> at 0x7fa4962879f0>,<function <lambda> at 0x7fa496287a90>,<function <lambda> at 0x7fa496287b30>
13713,2021-07-25 08:00:00,<function <lambda> at 0x7fa4962879f0>,<function <lambda> at 0x7fa496287a90>,<function <lambda> at 0x7fa496287b30>
13714,2021-07-25 09:00:00,<function <lambda> at 0x7fa4962879f0>,<function <lambda> at 0x7fa496287a90>,<function <lambda> at 0x7fa496287b30>
13715,2021-07-25 10:00:00,<function <lambda> at 0x7fa4962879f0>,<function <lambda> at 0x7fa496287a90>,<function <lambda> at 0x7fa496287b30>
13716,2021-07-25 11:00:00,<function <lambda> at 0x7fa4962879f0>,<function <lambda> at 0x7fa496287a90>,<function <lambda> at 0x7fa496287b30>
13717,2021-07-25 12:00:00,<function <lambda> at 0x7fa4962879f0>,<function <lambda> at 0x7fa496287a90>,<function <lambda> at 0x7fa496287b30>
13718,2021-07-25 13:00:00,<function <lambda> at 0x7fa4962879f0>,<function <lambda> at 0x7fa496287a90>,<function <lambda> at 0x7fa496287b30>
13719,2021-07-25 14:00:00,<function <lambda> at 0x7fa4962879f0>,<function <lambda> at 0x7fa496287a90>,<function <lambda> at 0x7fa496287b30>
13720,2021-07-25 15:00:00,<function <lambda> at 0x7fa4962879f0>,<function <lambda> at 0x7fa496287a90>,<function <lambda> at 0x7fa496287b30>
13721,2021-07-25 16:00:00,<function <lambda> at 0x7fa4962879f0>,<function <lambda> at 0x7fa496287a90>,<function <lambda> at 0x7fa496287b30>
13722,2021-07-25 17:00:00,<function <lambda> at 0x7fa4962879f0>,<function <lambda> at 0x7fa496287a90>,<function <lambda> at 0x7fa496287b30>
13723,2021-07-25 18:00:00,<function <lambda> at 0x7fa4962879f0>,<function <lambda> at 0x7fa496287a90>,<function <lambda> at 0x7fa496287b30>
13724,2021-07-25 19:00:00,<function <lambda> at 0x7fa4962879f0>,<function <lambda> at 0x7fa496287a90>,<function <lambda> at 0x7fa496287b30>
13725,2021-07-25 20:00:00,<function <lambda> at 0x7fa4962879f0>,<function <lambda> at 0x7fa496287a90>,<function <lambda> at 0x7fa496287b30>
13726,2021-07-25 21:00:00,<function <lambda> at 0x7fa4962879f0>,<function <lambda> at 0x7fa496287a90>,<function <lambda> at 0x7fa496287b30>
13727,2021-07-25 22:00:00,<function <lambda> at 0x7fa4962879f0>,<function <lambda> at 0x7fa496287a90>,<function <lambda> at 0x7fa496287b30>
13728,2021-07-25 23:00:00,<function <lambda> at 0x7fa4962879f0>,<function <lambda> at 0x7fa496287a90>,<function <lambda> at 0x7fa496287b30>
13729,2021-07-26 00:00:00,<function <lambda> at 0x7fa4962879f0>,<function <lambda> at 0x7fa496287a90>,<function <lambda> at 0x7fa496287b30>
13730,2021-07-26 01:00:00,<function <lambda> at 0x7fa4962879f0>,<function <lambda> at 0x7fa496287a90>,<function <lambda> at 0x7fa496287b30>
13731,2021-07-26 02:00:00,<function <lambda> at 0x7fa4962879f0>,<function <lambda> at 0x7fa496287a90>,<function <lambda> at 0x7fa496287b30>
13732,2021-07-26 03:00:00,<function <lambda> at 0x7fa4962879f0>,<function <lambda> at 0x7fa496287a90>,<function <lambda> at 0x7fa496287b30>
13733,2021-07-26 04:00:00,<function <lambda> at 0x7fa4962879f0>,<function <lambda> at 0x7fa496287a90>,<function <lambda> at 0x7fa496287b30>
13734,2021-07-26 05:00:00,<function <lambda> at 0x7fa4962879f0>,<function <lambda> at 0x7fa496287a90>,<function <lambda> at 0x7fa496287b30>
13735,2021-07-26 06:00:00,<function <lambda> at 0x7fa4962879f0>,<function <lambda> at 0x7fa496287a90>,<function <lambda> at 0x7fa496287b30>
13736,2021-07-26 07:00:00,<function <lambda> at 0x7fa4962879f0>,<function <lambda> at 0x7fa496287a90>,<function <lambda> at 0x7fa496287b30>
13737,2021-07-26 08:00:00,<function <lambda> at 0x7fa4962879f0>,<function <lambda> at 0x7fa496287a90>,<function <lambda> at 0x7fa496287b30>
13738,2021-07-26 09:00:00,<function <lambda> at 0x7fa4962879f0>,<function <lambda> at 0x7fa496287a90>,<function <lambda> at 0x7fa496287b30>
13739,2021-07-26 10:00:00,<function <lambda> at 0x7fa4962879f0>,<function <lambda> at 0x7fa496287a90>,<function <lambda> at 0x7fa496287b30>
13740,2021-07-26 11:00:00,<function <lambda> at 0x7fa4962879f0>,<function <lambda> at 0x7fa496287a90>,<function <lambda> at 0x7fa496287b30>
13741,2021-07-26 12:00:00,<function <lambda> at 0x7fa4962879f0>,<function <lambda> at 0x7fa496287a90>,<function <lambda> at 0x7fa496287b30>
13742,2021-07-26 13:00:00,<function <lambda> at 0x7fa4962879f0>,<function <lambda> at 0x7fa496287a90>,<function <lambda> at 0x7fa496287b30>
13743,2021-07-26 14:00:00,<function <lambda> at 0x7fa4962879f0>,<function <lambda> at 0x7fa496287a90>,<function <lambda> at 0x7fa496287b30>
13744,2021-07-26 15:00:00,<function <lambda> at 0x7fa4962879f0>,<function <lambda> at 0x7fa496287a90>,<function <lambda> at 0x7fa496287b30>
13745,2021-07-26 16:00:00,<function <lambda> at 0x7fa4962879f0>,<function <lambda> at 0x7fa496287a90>,<function <lambda> at 0x7fa496287b30>
13746,2021-07-26 17:00:00,<function <lambda> at 0x7fa4962879f0>,<function <lambda> at 0x7fa496287a90>,<function <lambda> at 0x7fa496287b30>
13747,2021-07-26 18:00:00,<function <lambda> at 0x7fa4962879f0>,<function <lambda> at 0x7fa496287a90>,<function <lambda> at 0x7fa496287b30>
13748,2021-07-26 19:00:00,<function <lambda> at 0x7fa4962879f0>,<function <lambda> at 0x7fa496287a90>,<function <lambda> at 0x7fa496287b30>
13749,2021-07-26 20:00:00,<function <lambda> at 0x7fa4962879f0>,<function <lambda> at 0x7fa496287a90>,<function <lambda> at 0x7fa496287b30>
13750,2021-07-26 21:00:00,<function <lambda> at 0x7fa4962879f0>,<function <lambda> at 0x7fa496287a90>,<function <lambda> at 0x7fa496287b30>
13751,2021-07-26 22:00:00,<function <lambda> at 0x7fa4962879f0>,<function <lambda> at 0x7fa496287a90>,<function <lambda> at 0x7fa496287b30>
13752,2021-07-26 23:00:00,<function <lambda> at 0x7fa4962879f0>,<function <lambda> at 0x7fa496287a90>,<function <lambda> at 0x7fa496287b30>
13753,2021-07-27 00:00:00,<function <lambda> at 0x7fa4962879f0>,<function <lambda> at 0x7fa496287a90>,<function <lambda> at 0x7fa496287b30>
13754,2021-07-27 01:00:00,<function <lambda> at 0x7fa4962879f0>,<function <lambda> at 0x7fa496287a90>,<function <lambda> at 0x7fa496287b30>
13755,2021-07-27 02:00:00,<function <lambda> at 0x7fa4962879f0>,<function <lambda> at 0x7fa496287a90>,<function <lambda> at 0x7fa496287b30>
13756,2021-07-27 03:00:00,<function <lambda> at 0x7fa4962879f0>,<function <lambda> at 0x7fa496287a90>,<function <lambda> at 0x7fa496287b30>
13757,2021-07-27 04:00:00,<function <lambda> at 0x7fa4962879f0>,<function <lambda> at 0x7fa496287a90>,<function <lambda> at 0x7fa496287b30>
13758,2021-07-27 05:00:00,<function <lambda> at 0x7fa4962879f0>,<function <lambda> at 0x7fa496287a90>,<function <lambda> at 0x7fa496287b30>
13759,2021-07-27 06:00:00,<function <lambda> at 0x7fa4962879f0>,<function <lambda> at 0x7fa496287a90>,<function <lambda> at 0x7fa496287b30>
13760,2021-07-27 07:00:00,<function <lambda> at 0x7fa4962879f0>,<function <lambda> at 0x7fa496287a90>,<function <lambda> at 0x7fa496287b30>
13761,2021-07-27 08:00:00,<function <lambda> at 0x7fa4962879f0>,<function <lambda> at 0x7fa496287a90>,<function <lambda> at 0x7fa496287b30>
13762,2021-07-27 09:00:00,<function <lambda> at 0x7fa4962879f0>,<function <lambda> at 0x7fa496287a90>,<function <lambda> at 0x7fa496287b30>
13763,2021-07-27 10:00:00,<function <lambda> at 0x7fa4962879f0>,<function <lambda> at 0x7fa496287a90>,<function <lambda> at 0x7fa496287b30>
13764,2021-07-27 11:00:00,<function <lambda> at 0x7fa4962879f0>,<function <lambda> at 0x7fa496287a90>,<function <lambda> at 0x7fa496287b30>
13765,2021-07-27 12:00:00,<function <lambda> at 0x7fa4962879f0>,<function <lambda> at 0x7fa496287a90>,<function <lambda> at 0x7fa496287b30>
13766,2021-07-27 13:00:00,<function <lambda> at 0x7fa4962879f0>,<function <lambda> at 0x7fa496287a90>,<function <lambda> at 0x7fa496287b30>
13767,2021-07-27 14:00:00,<function <lambda> at 0x7fa4962879f0>,<function <lambda> at 0x7fa496287a90>,<function <lambda> at 0x7fa496287b30>
13768,2021-07-27 15:00:00,<function <lambda> at 0x7fa4962879f0>,<function <lambda> at 0x7fa496287a90>,<function <lambda> at 0x7fa496287b30>
13769,2021-07-27 16:00:00,<function <lambda> at 0x7fa4962879f0>,<function <lambda> at 0x7fa496287a90>,<function <lambda> at 0x7fa496287b30>
13770,2021-07-27 17:00:00,<function <lambda> at 0x7fa4962879f0>,<function <lambda> at 0x7fa496287a90>,<function <lambda> at 0x7fa496287b30>
13771,2021-07-27 18:00:00,<function <lambda> at 0x7fa4962879f0>,<function <lambda> at 0x7fa496287a90>,<function <lambda> at 0x7fa496287b30>
13772,2021-07-27 19:00:00,<function <lambda> at 0x7fa4962879f0>,<function <lambda> at 0x7fa496287a90>,<function <lambda> at 0x7fa496287b30>
13773,2021-07-27 20:00:00,<function <lambda> at 0x7fa4962879f0>,<function <lambda> at 0x7fa496287a90>,<function <lambda> at 0x7fa496287b30>
13774,2021-07-27 21:00:00,<function <lambda> at 0x7fa4962879f0>,<function <lambda> at 0x7fa496287a90>,<function <lambda> at 0x7fa496287b30>
13775,2021-07-27 22:00:00,<function <lambda> at 0x7fa4962879f0>,<function <lambda> at 0x7fa496287a90>,<function <lambda> at 0x7fa496287b30>
13776,2021-07-27 23:00:00,<function <lambda> at 0x7fa4962879f0>,<function <lambda> at 0x7fa496287a90>,<function <lambda> at 0x7fa496287b30>
13777,2021-07-28 00:00:00,<function <lambda> at 0x7fa4962879f0>,<function <lambda> at 0x7fa496287a90>,<function <lambda> at 0x7fa496287b30>
13778,2021-07-28 01:00:00,<function <lambda> at 0x7fa4962879f0>,<function <lambda> at 0x7fa496287a90>,<function <lambda> at 0x7fa496287b30>
13779,2021-07-28 02:00:00,<function <lambda> at 0x7fa4962879f0>,<function <lambda> at 0x7fa496287a90>,<function <lambda> at 0x7fa496287b30>
13780,2021-07-28 03:00:00,<function <lambda> at 0x7fa4962879f0>,<function <lambda> at 0x7fa496287a90>,<function <lambda> at 0x7fa496287b30>
13781,2021-07-28 04:00:00,<function <lambda> at 0x7fa4962879f0>,<function <lambda> at 0x7fa496287a90>,<function <lambda> at 0x7fa496287b30>
13782,2021-07-28 05:00:00,<function <lambda> at 0x7fa4962879f0>,<function <lambda> at 0x7fa496287a90>,<function <lambda> at 0x7fa496287b30>
13783,2021-07-28 06:00:00,<function <lambda> at 0x7fa4962879f0>,<function <lambda> at 0x7fa496287a90>,<function <lambda> at 0x7fa496287b30>
13784,2021-07-28 07:00:00,<function <lambda> at 0x7fa4962879f0>,<function <lambda> at 0x7fa496287a90>,<function <lambda> at 0x7fa496287b30>
13785,2021-07-28 08:00:00,<function <lambda> at 0x7fa4962879f0>,<function <lambda> at 0x7fa496287a90>,<function <lambda> at 0x7fa496287b30>
13786,2021-07-28 09:00:00,<function <lambda> at 0x7fa4962879f0>,<function <lambda> at 0x7fa496287a90>,<function <lambda> at 0x7fa496287b30>
13787,2021-07-28 10:00:00,<function <lambda> at 0x7fa4962879f0>,<function <lambda> at 0x7fa496287a90>,<function <lambda> at 0x7fa496287b30>
13788,2021-07-28 11:00:00,<function <lambda> at 0x7fa4962879f0>,<function <lambda> at 0x7fa496287a90>,<function <lambda> at 0x7fa496287b30>
13789,2021-07-28 12:00:00,<function <lambda> at 0x7fa4962879f0>,<function <lambda> at 0x7fa496287a90>,<function <lambda> at 0x7fa496287b30>
13790,2021-07-28 13:00:00,<function <lambda> at 0x7fa4962879f0>,<function <lambda> at 0x7fa496287a90>,<function <lambda> at 0x7fa496287b30>
13791,2021-07-28 14:00:00,<function <lambda> at 0x7fa4962879f0>,<function <lambda> at 0x7fa496287a90>,<function <lambda> at 0x7fa496287b30>
13792,2021-07-28 15:00:00,<function <lambda> at 0x7fa4962879f0>,<function <lambda> at 0x7fa496287a90>,<function <lambda> at 0x7fa496287b30>
13793,2021-07-28 16:00:00,<function <lambda> at 0x7fa4962879f0>,<function <lambda> at 0x7fa496287a90>,<function <lambda> at 0x7fa496287b30>
13794,2021-07-28 17:00:00,<function <lambda> at 0x7fa4962879f0>,<function <lambda> at 0x7fa496287a90>,<function <lambda> at 0x7fa496287b30>
13795,2021-07-28 18:00:00,<function <lambda> at 0x7fa4962879f0>,<function <lambda> at 0x7fa496287a90>,<function <lambda> at 0x7fa496287b30>
13796,2021-07-28 19:00:00,<function <lambda> at 0x7fa4962879f0>,<function <lambda> at 0x7fa496287a90>,<function <lambda> at 0x7fa496287b30>
13797,2021-07-28 20:00:00,<function <lambda> at 0x7fa4962879f0>,<function <lambda> at 0x7fa496287a90>,<function <lambda> at 0x7fa496287b30>
13798,2021-07-28 21:00:00,<function <lambda> at 0x7fa4962879f0>,<function <lambda> at 0x7fa496287a90>,<function <lambda> at 0x7fa496287b30>
13799,2021-07-28 22:00:00,<function <lambda> at 0x7fa4962879f0>,<function <lambda> at 0x7fa496287a90>,<function <lambda> at 0x7fa496287b30>
13800,2021-07-28 23:00:00,<function <lambda> at 0x7fa4962879f0>,<function <lambda> at 0x7fa496287a90>,<function <lambda> at 0x7fa496287b30>
13801,2021-07-29 00:00:00,<function <lambda> at 0x7fa4962879f0>,<function <lambda> at 0x7fa496287a90>,<function <lambda> at 0x7fa496287b30>
13802,2021-07-29 01:00:00,<function <lambda> at 0x7fa4962879f0>,<function <lambda> at 0x7fa496287a90>,<function <lambda> at 0x7fa496287b30>
13803,2021-07-29 02:00:00,<function <lambda> at 0x7fa4962879f0>,<function <lambda> at 0x7fa496287a90>,<function <lambda> at 0x7fa496287b30>
13804,2021-07-29 03:00:00,<function <lambda> at 0x7fa4962879f0>,<function <lambda> at 0x7fa496287a90>,<function <lambda> at 0x7fa496287b30>
13805,2021-07-29 04:00:00,<function <lambda> at 0x7fa4962879f0>,<function <lambda> at 0x7fa496287a90>,<function <lambda> at 0x7fa496287b30>
13806,2021-07-29 05:00:00,<function <lambda> at 0x7fa4962879f0>,<function <lambda> at 0x7fa496287a90>,<function <lambda> at 0x7fa496287b30>
13807,2021-07-29 06:00:00,<function <lambda> at 0x7fa4962879f0>,<function <lambda> at 0x7fa496287a90>,<function <lambda> at 0x7fa496287b30>
13808,2021-07-29 07:00:00,<function <lambda> at 0x7fa4962879f0>,<function <lambda> at 0x7fa496287a90>,<function <lambda> at 0x7fa496287b30>
13809,2021-07-29 08:00:00,<function <lambda> at 0x7fa4962879f0>,<function <lambda> at 0x7fa496287a90>,<function <lambda> at 0x7fa496287b30>
13810,2021-07-29 09:00:00,<function <lambda> at 0x7fa4962879f0>,<function <lambda> at 0x7fa496287a90>,<function <lambda> at 0x7fa496287b30>
13811,2021-07-29 10:00:00,<function <lambda> at 0x7fa4962879f0>,<function <lambda> at 0x7fa496287a90>,<function <lambda> at 0x7fa496287b30>
13812,2021-07-29 11:00:00,<function <lambda> at 0x7fa4962879f0>,<function <lambda> at 0x7fa496287a90>,<function <lambda> at 0x7fa496287b30>
13813,2021-07-29 12:00:00,<function <lambda> at 0x7fa4962879f0>,<function <lambda> at 0x7fa496287a90>,<function <lambda> at 0x7fa496287b30>
13814,2021-07-29 13:00:00,<function <lambda> at 0x7fa4962879f0>,<function <lambda> at 0x7fa496287a90>,<function <lambda> at 0x7fa496287b30>
13815,2021-07-29 14:00:00,<function <lambda> at 0x7fa4962879f0>,<function <lambda> at 0x7fa496287a90>,<function <lambda> at 0x7fa496287b30>
13816,2021-07-29 15:00:00,<function <lambda> at 0x7fa4962879f0>,<function <lambda> at 0x7fa496287a90>,<function <lambda> at 0x7fa496287b30>
13817,2021-07-29 16:00:00,<function <lambda> at 0x7fa4962879f0>,<function <lambda> at 0x7fa496287a90>,<function <lambda> at 0x7fa496287b30>
13818,2021-07-29 17:00:00,<function <lambda> at 0x7fa4962879f0>,<function <lambda> at 0x7fa496287a90>,<function <lambda> at 0x7fa496287b30>
13819,2021-07-29 18:00:00,<function <lambda> at 0x7fa4962879f0>,<function <lambda> at 0x7fa496287a90>,<function <lambda> at 0x7fa496287b30>
13820,2021-07-29 19:00:00,<function <lambda> at 0x7fa4962879f0>,<function <lambda> at 0x7fa496287a90>,<function <lambda> at 0x7fa496287b30>
13821,2021-07-29 20:00:00,<function <lambda> at 0x7fa4962879f0>,<function <lambda> at 0x7fa496287a90>,<function <lambda> at 0x7fa496287b30>
13822,2021-07-29 21:00:00,<function <lambda> at 0x7fa4962879f0>,<function <lambda> at 0x7fa496287a90>,<function <lambda> at 0x7fa496287b30>
13823,2021-07-29 22:00:00,<function <lambda> at 0x7fa4962879f0>,<function <lambda> at 0x7fa496287a90>,<function <lambda> at 0x7fa496287b30>
13824,2021-07-29 23:00:00,<function <lambda> at 0x7fa4962879f0>,<function <lambda> at 0x7fa496287a90>,<function <lambda> at 0x7fa496287b30>
13825,2021-07-30 00:00:00,<function <lambda> at 0x7fa4962879f0>,<function <lambda> at 0x7fa496287a90>,<function <lambda> at 0x7fa496287b30>
13826,2021-07-30 01:00:00,<function <lambda> at 0x7fa4962879f0>,<function <lambda> at 0x7fa496287a90>,<function <lambda> at 0x7fa496287b30>
13827,2021-07-30 02:00:00,<function <lambda> at 0x7fa4962879f0>,<function <lambda> at 0x7fa496287a90>,<function <lambda> at 0x7fa496287b30>
13828,2021-07-30 03:00:00,<function <lambda> at 0x7fa4962879f0>,<function <lambda> at 0x7fa496287a90>,<function <lambda> at 0x7fa496287b30>
13829,2021-07-30 04:00:00,<function <lambda> at 0x7fa4962879f0>,<function <lambda> at 0x7fa496287a90>,<function <lambda> at 0x7fa496287b30>
13830,2021-07-30 05:00:00,<function <lambda> at 0x7fa4962879f0>,<function <lambda> at 0x7fa496287a90>,<function <lambda> at 0x7fa496287b30>
13831,2021-07-30 06:00:00,<function <lambda> at 0x7fa4962879f0>,<function <lambda> at 0x7fa496287a90>,<function <lambda> at 0x7fa496287b30>
13832,2021-07-30 07:00:00,<function <lambda> at 0x7fa4962879f0>,<function <lambda> at 0x7fa496287a90>,<function <lambda> at 0x7fa496287b30>
13833,2021-07-30 08:00:00,<function <lambda> at 0x7fa4962879f0>,<function <lambda> at 0x7fa496287a90>,<function <lambda> at 0x7fa496287b30>
13834,2021-07-30 09:00:00,<function <lambda> at 0x7fa4962879f0>,<function <lambda> at 0x7fa496287a90>,<function <lambda> at 0x7fa496287b30>
13835,2021-07-30 10:00:00,<function <lambda> at 0x7fa4962879f0>,<function <lambda> at 0x7fa496287a90>,<function <lambda> at 0x7fa496287b30>
13836,2021-07-30 11:00:00,<function <lambda> at 0x7fa4962879f0>,<function <lambda> at 0x7fa496287a90>,<function <lambda> at 0x7fa496287b30>
13837,2021-07-30 12:00:00,<function <lambda> at 0x7fa4962879f0>,<function <lambda> at 0x7fa496287a90>,<function <lambda> at 0x7fa496287b30>
13838,2021-07-30 13:00:00,<function <lambda> at 0x7fa4962879f0>,<function <lambda> at 0x7fa496287a90>,<function <lambda> at 0x7fa496287b30>
13839,2021-07-30 14:00:00,<function <lambda> at 0x7fa4962879f0>,<function <lambda> at 0x7fa496287a90>,<function <lambda> at 0x7fa496287b30>
13840,2021-07-30 15:00:00,<function <lambda> at 0x7fa4962879f0>,<function <lambda> at 0x7fa496287a90>,<function <lambda> at 0x7fa496287b30>
13841,2021-07-30 16:00:00,<function <lambda> at 0x7fa4962879f0>,<function <lambda> at 0x7fa496287a90>,<function <lambda> at 0x7fa496287b30>
13842,2021-07-30 17:00:00,<function <lambda> at 0x7fa4962879f0>,<function <lambda> at 0x7fa496287a90>,<function <lambda> at 0x7fa496287b30>
13843,2021-07-30 18:00:00,<function <lambda> at 0x7fa4962879f0>,<function <lambda> at 0x7fa496287a90>,<function <lambda> at 0x7fa496287b30>
13844,2021-07-30 19:00:00,<function <lambda> at 0x7fa4962879f0>,<function <lambda> at 0x7fa496287a90>,<function <lambda> at 0x7fa496287b30>
13845,2021-07-30 20:00:00,<function <lambda> at 0x7fa4962879f0>,<function <lambda> at 0x7fa496287a90>,<function <lambda> at 0x7fa496287b30>
13846,2021-07-30 21:00:00,<function <lambda> at 0x7fa4962879f0>,<function <lambda> at 0x7fa496287a90>,<function <lambda> at 0x7fa496287b30>
13847,2021-07-30 22:00:00,<function <lambda> at 0x7fa4962879f0>,<function <lambda> at 0x7fa496287a90>,<function <lambda> at 0x7fa496287b30>
13848,2021-07-30 23:00:00,<function <lambda> at 0x7fa4962879f0>,<function <lambda> at 0x7fa496287a90>,<function <lambda> at 0x7fa496287b30>
13849,2021-07-31 00:00:00,<function <lambda> at 0x7fa4962879f0>,<function <lambda> at 0x7fa496287a90>,<function <lambda> at 0x7fa496287b30>
13850,2021-07-31 01:00:00,<function <lambda> at 0x7fa4962879f0>,<function <lambda> at 0x7fa496287a90>,<function <lambda> at 0x7fa496287b30>
13851,2021-07-31 02:00:00,<function <lambda> at 0x7fa4962879f0>,<function <lambda> at 0x7fa496287a90>,<function <lambda> at 0x7fa496287b30>
13852,2021-07-31 03:00:00,<function <lambda> at 0x7fa4962879f0>,<function <lambda> at 0x7fa496287a90>,<function <lambda> at 0x7fa496287b30>
13853,2021-07-31 04:00:00,<function <lambda> at 0x7fa4962879f0>,<function <lambda> at 0x7fa496287a90>,<function <lambda> at 0x7fa496287b30>
13854,2021-07-31 05:00:00,<function <lambda> at 0x7fa4962879f0>,<function <lambda> at 0x7fa496287a90>,<function <lambda> at 0x7fa496287b30>
13855,2021-07-31 06:00:00,<function <lambda> at 0x7fa4962879f0>,<function <lambda> at 0x7fa496287a90>,<function <lambda> at 0x7fa496287b30>
13856,2021-07-31 07:00:00,<function <lambda> at 0x7fa4962879f0>,<function <lambda> at 0x7fa496287a90>,<function <lambda> at 0x7fa496287b30>
13857,2021-07-31 08:00:00,<function <lambda> at 0x7fa4962879f0>,<function <lambda> at 0x7fa496287a90>,<function <lambda> at 0x7fa496287b30>
13858,2021-07-31 09:00:00,<function <lambda> at 0x7fa4962879f0>,<function <lambda> at 0x7fa496287a90>,<function <lambda> at 0x7fa496287b30>
13859,2021-07-31 10:00:00,<function <lambda> at 0x7fa4962879f0>,<function <lambda> at 0x7fa496287a90>,<function <lambda> at 0x7fa496287b30>
13860,2021-07-31 11:00:00,<function <lambda> at 0x7fa4962879f0>,<function <lambda> at 0x7fa496287a90>,<function <lambda> at 0x7fa496287b30>
13861,2021-07-31 12:00:00,<function <lambda> at 0x7fa4962879f0>,<function <lambda> at 0x7fa496287a90>,<function <lambda> at 0x7fa496287b30>
13862,2021-07-31 13:00:00,<function <lambda> at 0x7fa4962879f0>,<function <lambda> at 0x7fa496287a90>,<function <lambda> at 0x7fa496287b30>
13863,2021-07-31 14:00:00,<function <lambda> at 0x7fa4962879f0>,<function <lambda> at 0x7fa496287a90>,<function <lambda> at 0x7fa496287b30>
13864,2021-07-31 15:00:00,<function <lambda> at 0x7fa4962879f0>,<function <lambda> at 0x7fa496287a90>,<function <lambda> at 0x7fa496287b30>
13865,2021-07-31 16:00:00,<function <lambda> at 0x7fa4962879f0>,<function <lambda> at 0x7fa496287a90>,<function <lambda> at 0x7fa496287b30>
13866,2021-07-31 17:00:00,<function <lambda> at 0x7fa4962879f0>,<function <lambda> at 0x7fa496287a90>,<function <lambda> at 0x7fa496287b30>
13867,2021-07-31 18:00:00,<function <lambda> at 0x7fa4962879f0>,<function <lambda> at 0x7fa496287a90>,<function <lambda> at 0x7fa496287b30>
13868,2021-07-31 19:00:00,<function <lambda> at 0x7fa4962879f0>,<function <lambda> at 0x7fa496287a90>,<function <lambda> at 0x7fa496287b30>
13869,2021-07-31 20:00:00,<function <lambda> at 0x7fa4962879f0>,<function <lambda> at 0x7fa496287a90>,<function <lambda> at 0x7fa496287b30>
13870,2021-07-31 21:00:00,<function <lambda> at 0x7fa4962879f0>,<function <lambda> at 0x7fa496287a90>,<function <lambda> at 0x7fa496287b30>
13871,2021-07-31 22:00:00,<function <lambda> at 0x7fa4962879f0>,<function <lambda> at 0x7fa496287a90>,<function <lambda> at 0x7fa496287b30>
13872,2021-07-31 23:00:00,<function <lambda> at 0x7fa4962879f0>,<function <lambda> at 0x7fa496287a90>,<function <lambda> at 0x7fa496287b30>
13873,2021-08-01 00:00:00,<function <lambda> at 0x7fa4962879f0>,<function <lambda> at 0x7fa496287a90>,<function <lambda> at 0x7fa496287b30>
13874,2021-08-01 01:00:00,<function <lambda> at 0x7fa4962879f0>,<function <lambda> at 0x7fa496287a90>,<function <lambda> at 0x7fa496287b30>
13875,2021-08-01 02:00:00,<function <lambda> at 0x7fa4962879f0>,<function <lambda> at 0x7fa496287a90>,<function <lambda> at 0x7fa496287b30>
13876,2021-08-01 03:00:00,<function <lambda> at 0x7fa4962879f0>,<function <lambda> at 0x7fa496287a90>,<function <lambda> at 0x7fa496287b30>
13877,2021-08-01 04:00:00,<function <lambda> at 0x7fa4962879f0>,<function <lambda> at 0x7fa496287a90>,<function <lambda> at 0x7fa496287b30>
13878,2021-08-01 05:00:00,<function <lambda> at 0x7fa4962879f0>,<function <lambda> at 0x7fa496287a90>,<function <lambda> at 0x7fa496287b30>
13879,2021-08-01 06:00:00,<function <lambda> at 0x7fa4962879f0>,<function <lambda> at 0x7fa496287a90>,<function <lambda> at 0x7fa496287b30>
13880,2021-08-01 07:00:00,<function <lambda> at 0x7fa4962879f0>,<function <lambda> at 0x7fa496287a90>,<function <lambda> at 0x7fa496287b30>
13881,2021-08-01 08:00:00,<function <lambda> at 0x7fa4962879f0>,<function <lambda> at 0x7fa496287a90>,<function <lambda> at 0x7fa496287b30>
13882,2021-08-01 09:00:00,<function <lambda> at 0x7fa4962879f0>,<function <lambda> at 0x7fa496287a90>,<function <lambda> at 0x7fa496287b30>
13883,2021-08-01 10:00:00,<function <lambda> at 0x7fa4962879f0>,<function <lambda> at 0x7fa496287a90>,<function <lambda> at 0x7fa496287b30>
13884,2021-08-01 11:00:00,<function <lambda> at 0x7fa4962879f0>,<function <lambda> at 0x7fa496287a90>,<function <lambda> at 0x7fa496287b30>
13885,2021-08-01 12:00:00,<function <lambda> at 0x7fa4962879f0>,<function <lambda> at 0x7fa496287a90>,<function <lambda> at 0x7fa496287b30>
13886,2021-08-01 13:00:00,<function <lambda> at 0x7fa4962879f0>,<function <lambda> at 0x7fa496287a90>,<function <lambda> at 0x7fa496287b30>
13887,2021-08-01 14:00:00,<function <lambda> at 0x7fa4962879f0>,<function <lambda> at 0x7fa496287a90>,<function <lambda> at 0x7fa496287b30>
13888,2021-08-01 15:00:00,<function <lambda> at 0x7fa4962879f0>,<function <lambda> at 0x7fa496287a90>,<function <lambda> at 0x7fa496287b30>
13889,2021-08-01 16:00:00,<function <lambda> at 0x7fa4962879f0>,<function <lambda> at 0x7fa496287a90>,<function <lambda> at 0x7fa496287b30>
13890,2021-08-01 17:00:00,<function <lambda> at 0x7fa4962879f0>,<function <lambda> at 0x7fa496287a90>,<function <lambda> at 0x7fa496287b30>
13891,2021-08-01 18:00:00,<function <lambda> at 0x7fa4962879f0>,<function <lambda> at 0x7fa496287a90>,<function <lambda> at 0x7fa496287b30>
13892,2021-08-01 19:00:00,<function <lambda> at 0x7fa4962879f0>,<function <lambda> at 0x7fa496287a90>,<function <lambda> at 0x7fa496287b30>
13893,2021-08-01 20:00:00,<function <lambda> at 0x7fa4962879f0>,<function <lambda> at 0x7fa496287a90>,<function <lambda> at 0x7fa496287b30>
13894,2021-08-01 21:00:00,<function <lambda> at 0x7fa4962879f0>,<function <lambda> at 0x7fa496287a90>,<function <lambda> at 0x7fa496287b30>
13895,2021-08-01 22:00:00,<function <lambda> at 0x7fa4962879f0>,<function <lambda> at 0x7fa496287a90>,<function <lambda> at 0x7fa496287b30>
13896,2021-08-01 23:00:00,<function <lambda> at 0x7fa4962879f0>,<function <lambda> at 0x7fa496287a90>,<function <lambda> at 0x7fa496287b30>
13897,2021-08-02 00:00:00,<function <lambda> at 0x7fa4962879f0>,<function <lambda> at 0x7fa496287a90>,<function <lambda> at 0x7fa496287b30>
13898,2021-08-02 01:00:00,<function <lambda> at 0x7fa4962879f0>,<function <lambda> at 0x7fa496287a90>,<function <lambda> at 0x7fa496287b30>
13899,2021-08-02 02:00:00,<function <lambda> at 0x7fa4962879f0>,<function <lambda> at 0x7fa496287a90>,<function <lambda> at 0x7fa496287b30>
13900,2021-08-02 03:00:00,<function <lambda> at 0x7fa4962879f0>,<function <lambda> at 0x7fa496287a90>,<function <lambda> at 0x7fa496287b30>
13901,2021-08-02 04:00:00,<function <lambda> at 0x7fa4962879f0>,<function <lambda> at 0x7fa496287a90>,<function <lambda> at 0x7fa496287b30>
13902,2021-08-02 05:00:00,<function <lambda> at 0x7fa4962879f0>,<function <lambda> at 0x7fa496287a90>,<function <lambda> at 0x7fa496287b30>
13903,2021-08-02 06:00:00,<function <lambda> at 0x7fa4962879f0>,<function <lambda> at 0x7fa496287a90>,<function <lambda> at 0x7fa496287b30>
13904,2021-08-02 07:00:00,<function <lambda> at 0x7fa4962879f0>,<function <lambda> at 0x7fa496287a90>,<function <lambda> at 0x7fa496287b30>
13905,2021-08-02 08:00:00,<function <lambda> at 0x7fa4962879f0>,<function <lambda> at 0x7fa496287a90>,<function <lambda> at 0x7fa496287b30>
13906,2021-08-02 09:00:00,<function <lambda> at 0x7fa4962879f0>,<function <lambda> at 0x7fa496287a90>,<function <lambda> at 0x7fa496287b30>
13907,2021-08-02 10:00:00,<function <lambda> at 0x7fa4962879f0>,<function <lambda> at 0x7fa496287a90>,<function <lambda> at 0x7fa496287b30>
13908,2021-08-02 11:00:00,<function <lambda> at 0x7fa4962879f0>,<function <lambda> at 0x7fa496287a90>,<function <lambda> at 0x7fa496287b30>
13909,2021-08-02 12:00:00,<function <lambda> at 0x7fa4962879f0>,<function <lambda> at 0x7fa496287a90>,<function <lambda> at 0x7fa496287b30>
13910,2021-08-02 13:00:00,<function <lambda> at 0x7fa4962879f0>,<function <lambda> at 0x7fa496287a90>,<function <lambda> at 0x7fa496287b30>
13911,2021-08-02 14:00:00,<function <lambda> at 0x7fa4962879f0>,<function <lambda> at 0x7fa496287a90>,<function <lambda> at 0x7fa496287b30>
13912,2021-08-02 15:00:00,<function <lambda> at 0x7fa4962879f0>,<function <lambda> at 0x7fa496287a90>,<function <lambda> at 0x7fa496287b30>
13913,2021-08-02 16:00:00,<function <lambda> at 0x7fa4962879f0>,<function <lambda> at 0x7fa496287a90>,<function <lambda> at 0x7fa496287b30>
13914,2021-08-02 17:00:00,<function <lambda> at 0x7fa4962879f0>,<function <lambda> at 0x7fa496287a90>,<function <lambda> at 0x7fa496287b30>
13915,2021-08-02 18:00:00,<function <lambda> at 0x7fa4962879f0>,<function <lambda> at 0x7fa496287a90>,<function <lambda> at 0x7fa496287b30>
13916,2021-08-02 19:00:00,<function <lambda> at 0x7fa4962879f0>,<function <lambda> at 0x7fa496287a90>,<function <lambda> at 0x7fa496287b30>
13917,2021-08-02 20:00:00,<function <lambda> at 0x7fa4962879f0>,<function <lambda> at 0x7fa496287a90>,<function <lambda> at 0x7fa496287b30>
13918,2021-08-02 21:00:00,<function <lambda> at 0x7fa4962879f0>,<function <lambda> at 0x7fa496287a90>,<function <lambda> at 0x7fa496287b30>
13919,2021-08-02 22:00:00,<function <lambda> at 0x7fa4962879f0>,<function <lambda> at 0x7fa496287a90>,<function <lambda> at 0x7fa496287b30>
13920,2021-08-02 23:00:00,<function <lambda> at 0x7fa4962879f0>,<function <lambda> at 0x7fa496287a90>,<function <lambda> at 0x7fa496287b30>
13921,2021-08-03 00:00:00,<function <lambda> at 0x7fa4962879f0>,<function <lambda> at 0x7fa496287a90>,<function <lambda> at 0x7fa496287b30>
13922,2021-08-03 01:00:00,<function <lambda> at 0x7fa4962879f0>,<function <lambda> at 0x7fa496287a90>,<function <lambda> at 0x7fa496287b30>
13923,2021-08-03 02:00:00,<function <lambda> at 0x7fa4962879f0>,<function <lambda> at 0x7fa496287a90>,<function <lambda> at 0x7fa496287b30>
13924,2021-08-03 03:00:00,<function <lambda> at 0x7fa4962879f0>,<function <lambda> at 0x7fa496287a90>,<function <lambda> at 0x7fa496287b30>
13925,2021-08-03 04:00:00,<function <lambda> at 0x7fa4962879f0>,<function <lambda> at 0x7fa496287a90>,<function <lambda> at 0x7fa496287b30>
13926,2021-08-03 05:00:00,<function <lambda> at 0x7fa4962879f0>,<function <lambda> at 0x7fa496287a90>,<function <lambda> at 0x7fa496287b30>
13927,2021-08-03 06:00:00,<function <lambda> at 0x7fa4962879f0>,<function <lambda> at 0x7fa496287a90>,<function <lambda> at 0x7fa496287b30>
13928,2021-08-03 07:00:00,<function <lambda> at 0x7fa4962879f0>,<function <lambda> at 0x7fa496287a90>,<function <lambda> at 0x7fa496287b30>
13929,2021-08-03 08:00:00,<function <lambda> at 0x7fa4962879f0>,<function <lambda> at 0x7fa496287a90>,<function <lambda> at 0x7fa496287b30>
13930,2021-08-03 09:00:00,<function <lambda> at 0x7fa4962879f0>,<function <lambda> at 0x7fa496287a90>,<function <lambda> at 0x7fa496287b30>
13931,2021-08-03 10:00:00,<function <lambda> at 0x7fa4962879f0>,<function <lambda> at 0x7fa496287a90>,<function <lambda> at 0x7fa496287b30>
13932,2021-08-03 11:00:00,<function <lambda> at 0x7fa4962879f0>,<function <lambda> at 0x7fa496287a90>,<function <lambda> at 0x7fa496287b30>
13933,2021-08-03 12:00:00,<function <lambda> at 0x7fa4962879f0>,<function <lambda> at 0x7fa496287a90>,<function <lambda> at 0x7fa496287b30>
13934,2021-08-03 13:00:00,<function <lambda> at 0x7fa4962879f0>,<function <lambda> at 0x7fa496287a90>,<function <lambda> at 0x7fa496287b30>
13935,2021-08-03 14:00:00,<function <lambda> at 0x7fa4962879f0>,<function <lambda> at 0x7fa496287a90>,<function <lambda> at 0x7fa496287b30>
13936,2021-08-03 15:00:00,<function <lambda> at 0x7fa4962879f0>,<function <lambda> at 0x7fa496287a90>,<function <lambda> at 0x7fa496287b30>
13937,2021-08-03 16:00:00,<function <lambda> at 0x7fa4962879f0>,<function <lambda> at 0x7fa496287a90>,<function <lambda> at 0x7fa496287b30>
13938,2021-08-03 17:00:00,<function <lambda> at 0x7fa4962879f0>,<function <lambda> at 0x7fa496287a90>,<function <lambda> at 0x7fa496287b30>
13939,2021-08-03 18:00:00,<function <lambda> at 0x7fa4962879f0>,<function <lambda> at 0x7fa496287a90>,<function <lambda> at 0x7fa496287b30>
13940,2021-08-03 19:00:00,<function <lambda> at 0x7fa4962879f0>,<function <lambda> at 0x7fa496287a90>,<function <lambda> at 0x7fa496287b30>
13941,2021-08-03 20:00:00,<function <lambda> at 0x7fa4962879f0>,<function <lambda> at 0x7fa496287a90>,<function <lambda> at 0x7fa496287b30>
13942,2021-08-03 21:00:00,<function <lambda> at 0x7fa4962879f0>,<function <lambda> at 0x7fa496287a90>,<function <lambda> at 0x7fa496287b30>
13943,2021-08-03 22:00:00,<function <lambda> at 0x7fa4962879f0>,<function <lambda> at 0x7fa496287a90>,<function <lambda> at 0x7fa496287b30>
13944,2021-08-03 23:00:00,<function <lambda> at 0x7fa4962879f0>,<function <lambda> at 0x7fa496287a90>,<function <lambda> at 0x7fa496287b30>
13945,2021-08-04 00:00:00,<function <lambda> at 0x7fa4962879f0>,<function <lambda> at 0x7fa496287a90>,<function <lambda> at 0x7fa496287b30>
13946,2021-08-04 01:00:00,<function <lambda> at 0x7fa4962879f0>,<function <lambda> at 0x7fa496287a90>,<function <lambda> at 0x7fa496287b30>
13947,2021-08-04 02:00:00,<function <lambda> at 0x7fa4962879f0>,<function <lambda> at 0x7fa496287a90>,<function <lambda> at 0x7fa496287b30>
13948,2021-08-04 03:00:00,<function <lambda> at 0x7fa4962879f0>,<function <lambda> at 0x7fa496287a90>,<function <lambda> at 0x7fa496287b30>
13949,2021-08-04 04:00:00,<function <lambda> at 0x7fa4962879f0>,<function <lambda> at 0x7fa496287a90>,<function <lambda> at 0x7fa496287b30>
13950,2021-08-04 05:00:00,<function <lambda> at 0x7fa4962879f0>,<function <lambda> at 0x7fa496287a90>,<function <lambda> at 0x7fa496287b30>
13951,2021-08-04 06:00:00,<function <lambda> at 0x7fa4962879f0>,<function <lambda> at 0x7fa496287a90>,<function <lambda> at 0x7fa496287b30>
13952,2021-08-04 07:00:00,<function <lambda> at 0x7fa4962879f0>,<function <lambda> at 0x7fa496287a90>,<function <lambda> at 0x7fa496287b30>
13953,2021-08-04 08:00:00,<function <lambda> at 0x7fa4962879f0>,<function <lambda> at 0x7fa496287a90>,<function <lambda> at 0x7fa496287b30>
13954,2021-08-04 09:00:00,<function <lambda> at 0x7fa4962879f0>,<function <lambda> at 0x7fa496287a90>,<function <lambda> at 0x7fa496287b30>
13955,2021-08-04 10:00:00,<function <lambda> at 0x7fa4962879f0>,<function <lambda> at 0x7fa496287a90>,<function <lambda> at 0x7fa496287b30>
13956,2021-08-04 11:00:00,<function <lambda> at 0x7fa4962879f0>,<function <lambda> at 0x7fa496287a90>,<function <lambda> at 0x7fa496287b30>
13957,2021-08-04 12:00:00,<function <lambda> at 0x7fa4962879f0>,<function <lambda> at 0x7fa496287a90>,<function <lambda> at 0x7fa496287b30>
13958,2021-08-04 13:00:00,<function <lambda> at 0x7fa4962879f0>,<function <lambda> at 0x7fa496287a90>,<function <lambda> at 0x7fa496287b30>
13959,2021-08-04 14:00:00,<function <lambda> at 0x7fa4962879f0>,<function <lambda> at 0x7fa496287a90>,<function <lambda> at 0x7fa496287b30>
13960,2021-08-04 15:00:00,<function <lambda> at 0x7fa4962879f0>,<function <lambda> at 0x7fa496287a90>,<function <lambda> at 0x7fa496287b30>
13961,2021-08-04 16:00:00,<function <lambda> at 0x7fa4962879f0>,<function <lambda> at 0x7fa496287a90>,<function <lambda> at 0x7fa496287b30>
13962,2021-08-04 17:00:00,<function <lambda> at 0x7fa4962879f0>,<function <lambda> at 0x7fa496287a90>,<function <lambda> at 0x7fa496287b30>
13963,2021-08-04 18:00:00,<function <lambda> at 0x7fa4962879f0>,<function <lambda> at 0x7fa496287a90>,<function <lambda> at 0x7fa496287b30>
13964,2021-08-04 19:00:00,<function <lambda> at 0x7fa4962879f0>,<function <lambda> at 0x7fa496287a90>,<function <lambda> at 0x7fa496287b30>
13965,2021-08-04 20:00:00,<function <lambda> at 0x7fa4962879f0>,<function <lambda> at 0x7fa496287a90>,<function <lambda> at 0x7fa496287b30>
13966,2021-08-04 21:00:00,<function <lambda> at 0x7fa4962879f0>,<function <lambda> at 0x7fa496287a90>,<function <lambda> at 0x7fa496287b30>
13967,2021-08-04 22:00:00,<function <lambda> at 0x7fa4962879f0>,<function <lambda> at 0x7fa496287a90>,<function <lambda> at 0x7fa496287b30>
13968,2021-08-04 23:00:00,<function <lambda> at 0x7fa4962879f0>,<function <lambda> at 0x7fa496287a90>,<function <lambda> at 0x7fa496287b30>
13969,2021-08-05 00:00:00,<function <lambda> at 0x7fa4962879f0>,<function <lambda> at 0x7fa496287a90>,<function <lambda> at 0x7fa496287b30>
13970,2021-08-05 01:00:00,<function <lambda> at 0x7fa4962879f0>,<function <lambda> at 0x7fa496287a90>,<function <lambda> at 0x7fa496287b30>
13971,2021-08-05 02:00:00,<function <lambda> at 0x7fa4962879f0>,<function <lambda> at 0x7fa496287a90>,<function <lambda> at 0x7fa496287b30>
13972,2021-08-05 03:00:00,<function <lambda> at 0x7fa4962879f0>,<function <lambda> at 0x7fa496287a90>,<function <lambda> at 0x7fa496287b30>
13973,2021-08-05 04:00:00,<function <lambda> at 0x7fa4962879f0>,<function <lambda> at 0x7fa496287a90>,<function <lambda> at 0x7fa496287b30>
13974,2021-08-05 05:00:00,<function <lambda> at 0x7fa4962879f0>,<function <lambda> at 0x7fa496287a90>,<function <lambda> at 0x7fa496287b30>
13975,2021-08-05 06:00:00,<function <lambda> at 0x7fa4962879f0>,<function <lambda> at 0x7fa496287a90>,<function <lambda> at 0x7fa496287b30>
13976,2021-08-05 07:00:00,<function <lambda> at 0x7fa4962879f0>,<function <lambda> at 0x7fa496287a90>,<function <lambda> at 0x7fa496287b30>
13977,2021-08-05 08:00:00,<function <lambda> at 0x7fa4962879f0>,<function <lambda> at 0x7fa496287a90>,<function <lambda> at 0x7fa496287b30>
13978,2021-08-05 09:00:00,<function <lambda> at 0x7fa4962879f0>,<function <lambda> at 0x7fa496287a90>,<function <lambda> at 0x7fa496287b30>
13979,2021-08-05 10:00:00,<function <lambda> at 0x7fa4962879f0>,<function <lambda> at 0x7fa496287a90>,<function <lambda> at 0x7fa496287b30>
13980,2021-08-05 11:00:00,<function <lambda> at 0x7fa4962879f0>,<function <lambda> at 0x7fa496287a90>,<function <lambda> at 0x7fa496287b30>
13981,2021-08-05 12:00:00,<function <lambda> at 0x7fa4962879f0>,<function <lambda> at 0x7fa496287a90>,<function <lambda> at 0x7fa496287b30>
13982,2021-08-05 13:00:00,<function <lambda> at 0x7fa4962879f0>,<function <lambda> at 0x7fa496287a90>,<function <lambda> at 0x7fa496287b30>
13983,2021-08-05 14:00:00,<function <lambda> at 0x7fa4962879f0>,<function <lambda> at 0x7fa496287a90>,<function <lambda> at 0x7fa496287b30>
13984,2021-08-05 15:00:00,<function <lambda> at 0x7fa4962879f0>,<function <lambda> at 0x7fa496287a90>,<function <lambda> at 0x7fa496287b30>
13985,2021-08-05 16:00:00,<function <lambda> at 0x7fa4962879f0>,<function <lambda> at 0x7fa496287a90>,<function <lambda> at 0x7fa496287b30>
13986,2021-08-05 17:00:00,<function <lambda> at 0x7fa4962879f0>,<function <lambda> at 0x7fa496287a90>,<function <lambda> at 0x7fa496287b30>
13987,2021-08-05 18:00:00,<function <lambda> at 0x7fa4962879f0>,<function <lambda> at 0x7fa496287a90>,<function <lambda> at 0x7fa496287b30>
13988,2021-08-05 19:00:00,<function <lambda> at 0x7fa4962879f0>,<function <lambda> at 0x7fa496287a90>,<function <lambda> at 0x7fa496287b30>
13989,2021-08-05 20:00:00,<function <lambda> at 0x7fa4962879f0>,<function <lambda> at 0x7fa496287a90>,<function <lambda> at 0x7fa496287b30>
13990,2021-08-05 21:00:00,<function <lambda> at 0x7fa4962879f0>,<function <lambda> at 0x7fa496287a90>,<function <lambda> at 0x7fa496287b30>
13991,2021-08-05 22:00:00,<function <lambda> at 0x7fa4962879f0>,<function <lambda> at 0x7fa496287a90>,<function <lambda> at 0x7fa496287b30>
13992,2021-08-05 23:00:00,<function <lambda> at 0x7fa4962879f0>,<function <lambda> at 0x7fa496287a90>,<function <lambda> at 0x7fa496287b30>
13993,2021-08-06 00:00:00,<function <lambda> at 0x7fa4962879f0>,<function <lambda> at 0x7fa496287a90>,<function <lambda> at 0x7fa496287b30>
13994,2021-08-06 01:00:00,<function <lambda> at 0x7fa4962879f0>,<function <lambda> at 0x7fa496287a90>,<function <lambda> at 0x7fa496287b30>
13995,2021-08-06 02:00:00,<function <lambda> at 0x7fa4962879f0>,<function <lambda> at 0x7fa496287a90>,<function <lambda> at 0x7fa496287b30>
13996,2021-08-06 03:00:00,<function <lambda> at 0x7fa4962879f0>,<function <lambda> at 0x7fa496287a90>,<function <lambda> at 0x7fa496287b30>
13997,2021-08-06 04:00:00,<function <lambda> at 0x7fa4962879f0>,<function <lambda> at 0x7fa496287a90>,<function <lambda> at 0x7fa496287b30>
13998,2021-08-06 05:00:00,<function <lambda> at 0x7fa4962879f0>,<function <lambda> at 0x7fa496287a90>,<function <lambda> at 0x7fa496287b30>
13999,2021-08-06 06:00:00,<function <lambda> at 0x7fa4962879f0>,<function <lambda> at 0x7fa496287a90>,<function <lambda> at 0x7fa496287b30>
14000,2021-08-06 07:00:00,<function <lambda> at 0x7fa4962879f0>,<function <lambda> at 0x7fa496287a90>,<function <lambda> at 0x7fa496287b30>
14001,2021-08-06 08:00:00,<function <lambda> at 0x7fa4962879f0>,<function <lambda> at 0x7fa496287a90>,<function <lambda> at 0x7fa496287b30>
14002,2021-08-06 09:00:00,<function <lambda> at 0x7fa4962879f0>,<function <lambda> at 0x7fa496287a90>,<function <lambda> at 0x7fa496287b30>
14003,2021-08-06 10:00:00,<function <lambda> at 0x7fa4962879f0>,<function <lambda> at 0x7fa496287a90>,<function <lambda> at 0x7fa496287b30>
14004,2021-08-06 11:00:00,<function <lambda> at 0x7fa4962879f0>,<function <lambda> at 0x7fa496287a90>,<function <lambda> at 0x7fa496287b30>
14005,2021-08-06 12:00:00,<function <lambda> at 0x7fa4962879f0>,<function <lambda> at 0x7fa496287a90>,<function <lambda> at 0x7fa496287b30>
14006,2021-08-06 13:00:00,<function <lambda> at 0x7fa4962879f0>,<function <lambda> at 0x7fa496287a90>,<function <lambda> at 0x7fa496287b30>
14007,2021-08-06 14:00:00,<function <lambda> at 0x7fa4962879f0>,<function <lambda> at 0x7fa496287a90>,<function <lambda> at 0x7fa496287b30>
14008,2021-08-06 15:00:00,<function <lambda> at 0x7fa4962879f0>,<function <lambda> at 0x7fa496287a90>,<function <lambda> at 0x7fa496287b30>
14009,2021-08-06 16:00:00,<function <lambda> at 0x7fa4962879f0>,<function <lambda> at 0x7fa496287a90>,<function <lambda> at 0x7fa496287b30>
14010,2021-08-06 17:00:00,<function <lambda> at 0x7fa4962879f0>,<function <lambda> at 0x7fa496287a90>,<function <lambda> at 0x7fa496287b30>
14011,2021-08-06 18:00:00,<function <lambda> at 0x7fa4962879f0>,<function <lambda> at 0x7fa496287a90>,<function <lambda> at 0x7fa496287b30>
14012,2021-08-06 19:00:00,<function <lambda> at 0x7fa4962879f0>,<function <lambda> at 0x7fa496287a90>,<function <lambda> at 0x7fa496287b30>
14013,2021-08-06 20:00:00,<function <lambda> at 0x7fa4962879f0>,<function <lambda> at 0x7fa496287a90>,<function <lambda> at 0x7fa496287b30>
14014,2021-08-06 21:00:00,<function <lambda> at 0x7fa4962879f0>,<function <lambda> at 0x7fa496287a90>,<function <lambda> at 0x7fa496287b30>
14015,2021-08-06 22:00:00,<function <lambda> at 0x7fa4962879f0>,<function <lambda> at 0x7fa496287a90>,<function <lambda> at 0x7fa496287b30>
14016,2021-08-06 23:00:00,<function <lambda> at 0x7fa4962879f0>,<function <lambda> at 0x7fa496287a90>,<function <lambda> at 0x7fa496287b30>
14017,2021-08-07 00:00:00,<function <lambda> at 0x7fa4962879f0>,<function <lambda> at 0x7fa496287a90>,<function <lambda> at 0x7fa496287b30>
14018,2021-08-07 01:00:00,<function <lambda> at 0x7fa4962879f0>,<function <lambda> at 0x7fa496287a90>,<function <lambda> at 0x7fa496287b30>
14019,2021-08-07 02:00:00,<function <lambda> at 0x7fa4962879f0>,<function <lambda> at 0x7fa496287a90>,<function <lambda> at 0x7fa496287b30>
14020,2021-08-07 03:00:00,<function <lambda> at 0x7fa4962879f0>,<function <lambda> at 0x7fa496287a90>,<function <lambda> at 0x7fa496287b30>
14021,2021-08-07 04:00:00,<function <lambda> at 0x7fa4962879f0>,<function <lambda> at 0x7fa496287a90>,<function <lambda> at 0x7fa496287b30>
14022,2021-08-07 05:00:00,<function <lambda> at 0x7fa4962879f0>,<function <lambda> at 0x7fa496287a90>,<function <lambda> at 0x7fa496287b30>
14023,2021-08-07 06:00:00,<function <lambda> at 0x7fa4962879f0>,<function <lambda> at 0x7fa496287a90>,<function <lambda> at 0x7fa496287b30>
14024,2021-08-07 07:00:00,<function <lambda> at 0x7fa4962879f0>,<function <lambda> at 0x7fa496287a90>,<function <lambda> at 0x7fa496287b30>
14025,2021-08-07 08:00:00,<function <lambda> at 0x7fa4962879f0>,<function <lambda> at 0x7fa496287a90>,<function <lambda> at 0x7fa496287b30>
14026,2021-08-07 09:00:00,<function <lambda> at 0x7fa4962879f0>,<function <lambda> at 0x7fa496287a90>,<function <lambda> at 0x7fa496287b30>
14027,2021-08-07 10:00:00,<function <lambda> at 0x7fa4962879f0>,<function <lambda> at 0x7fa496287a90>,<function <lambda> at 0x7fa496287b30>
14028,2021-08-07 11:00:00,<function <lambda> at 0x7fa4962879f0>,<function <lambda> at 0x7fa496287a90>,<function <lambda> at 0x7fa496287b30>
14029,2021-08-07 12:00:00,<function <lambda> at 0x7fa4962879f0>,<function <lambda> at 0x7fa496287a90>,<function <lambda> at 0x7fa496287b30>
14030,2021-08-07 13:00:00,<function <lambda> at 0x7fa4962879f0>,<function <lambda> at 0x7fa496287a90>,<function <lambda> at 0x7fa496287b30>
14031,2021-08-07 14:00:00,<function <lambda> at 0x7fa4962879f0>,<function <lambda> at 0x7fa496287a90>,<function <lambda> at 0x7fa496287b30>
14032,2021-08-07 15:00:00,<function <lambda> at 0x7fa4962879f0>,<function <lambda> at 0x7fa496287a90>,<function <lambda> at 0x7fa496287b30>
14033,2021-08-07 16:00:00,<function <lambda> at 0x7fa4962879f0>,<function <lambda> at 0x7fa496287a90>,<function <lambda> at 0x7fa496287b30>
14034,2021-08-07 17:00:00,<function <lambda> at 0x7fa4962879f0>,<function <lambda> at 0x7fa496287a90>,<function <lambda> at 0x7fa496287b30>
14035,2021-08-07 18:00:00,<function <lambda> at 0x7fa4962879f0>,<function <lambda> at 0x7fa496287a90>,<function <lambda> at 0x7fa496287b30>
14036,2021-08-07 19:00:00,<function <lambda> at 0x7fa4962879f0>,<function <lambda> at 0x7fa496287a90>,<function <lambda> at 0x7fa496287b30>
14037,2021-08-07 20:00:00,<function <lambda> at 0x7fa4962879f0>,<function <lambda> at 0x7fa496287a90>,<function <lambda> at 0x7fa496287b30>
14038,2021-08-07 21:00:00,<function <lambda> at 0x7fa4962879f0>,<function <lambda> at 0x7fa496287a90>,<function <lambda> at 0x7fa496287b30>
14039,2021-08-07 22:00:00,<function <lambda> at 0x7fa4962879f0>,<function <lambda> at 0x7fa496287a90>,<function <lambda> at 0x7fa496287b30>
14040,2021-08-07 23:00:00,<function <lambda> at 0x7fa4962879f0>,<function <lambda> at 0x7fa496287a90>,<function <lambda> at 0x7fa496287b30>
14041,2021-08-08 00:00:00,<function <lambda> at 0x7fa4962879f0>,<function <lambda> at 0x7fa496287a90>,<function <lambda> at 0x7fa496287b30>
14042,2021-08-08 01:00:00,<function <lambda> at 0x7fa4962879f0>,<function <lambda> at 0x7fa496287a90>,<function <lambda> at 0x7fa496287b30>
14043,2021-08-08 02:00:00,<function <lambda> at 0x7fa4962879f0>,<function <lambda> at 0x7fa496287a90>,<function <lambda> at 0x7fa496287b30>
14044,2021-08-08 03:00:00,<function <lambda> at 0x7fa4962879f0>,<function <lambda> at 0x7fa496287a90>,<function <lambda> at 0x7fa496287b30>
14045,2021-08-08 04:00:00,<function <lambda> at 0x7fa4962879f0>,<function <lambda> at 0x7fa496287a90>,<function <lambda> at 0x7fa496287b30>
14046,2021-08-08 05:00:00,<function <lambda> at 0x7fa4962879f0>,<function <lambda> at 0x7fa496287a90>,<function <lambda> at 0x7fa496287b30>
14047,2021-08-08 06:00:00,<function <lambda> at 0x7fa4962879f0>,<function <lambda> at 0x7fa496287a90>,<function <lambda> at 0x7fa496287b30>
14048,2021-08-08 07:00:00,<function <lambda> at 0x7fa4962879f0>,<function <lambda> at 0x7fa496287a90>,<function <lambda> at 0x7fa496287b30>
14049,2021-08-08 08:00:00,<function <lambda> at 0x7fa4962879f0>,<function <lambda> at 0x7fa496287a90>,<function <lambda> at 0x7fa496287b30>
14050,2021-08-08 09:00:00,<function <lambda> at 0x7fa4962879f0>,<function <lambda> at 0x7fa496287a90>,<function <lambda> at 0x7fa496287b30>
14051,2021-08-08 10:00:00,<function <lambda> at 0x7fa4962879f0>,<function <lambda> at 0x7fa496287a90>,<function <lambda> at 0x7fa496287b30>
14052,2021-08-08 11:00:00,<function <lambda> at 0x7fa4962879f0>,<function <lambda> at 0x7fa496287a90>,<function <lambda> at 0x7fa496287b30>
14053,2021-08-08 12:00:00,<function <lambda> at 0x7fa4962879f0>,<function <lambda> at 0x7fa496287a90>,<function <lambda> at 0x7fa496287b30>
14054,2021-08-08 13:00:00,<function <lambda> at 0x7fa4962879f0>,<function <lambda> at 0x7fa496287a90>,<function <lambda> at 0x7fa496287b30>
14055,2021-08-08 14:00:00,<function <lambda> at 0x7fa4962879f0>,<function <lambda> at 0x7fa496287a90>,<function <lambda> at 0x7fa496287b30>
14056,2021-08-08 15:00:00,<function <lambda> at 0x7fa4962879f0>,<function <lambda> at 0x7fa496287a90>,<function <lambda> at 0x7fa496287b30>
14057,2021-08-08 16:00:00,<function <lambda> at 0x7fa4962879f0>,<function <lambda> at 0x7fa496287a90>,<function <lambda> at 0x7fa496287b30>
14058,2021-08-08 17:00:00,<function <lambda> at 0x7fa4962879f0>,<function <lambda> at 0x7fa496287a90>,<function <lambda> at 0x7fa496287b30>
14059,2021-08-08 18:00:00,<function <lambda> at 0x7fa4962879f0>,<function <lambda> at 0x7fa496287a90>,<function <lambda> at 0x7fa496287b30>
14060,2021-08-08 19:00:00,<function <lambda> at 0x7fa4962879f0>,<function <lambda> at 0x7fa496287a90>,<function <lambda> at 0x7fa496287b30>
14061,2021-08-08 20:00:00,<function <lambda> at 0x7fa4962879f0>,<function <lambda> at 0x7fa496287a90>,<function <lambda> at 0x7fa496287b30>
14062,2021-08-08 21:00:00,<function <lambda> at 0x7fa4962879f0>,<function <lambda> at 0x7fa496287a90>,<function <lambda> at 0x7fa496287b30>
14063,2021-08-08 22:00:00,<function <lambda> at 0x7fa4962879f0>,<function <lambda> at 0x7fa496287a90>,<function <lambda> at 0x7fa496287b30>
14064,2021-08-08 23:00:00,<function <lambda> at 0x7fa4962879f0>,<function <lambda> at 0x7fa496287a90>,<function <lambda> at 0x7fa496287b30>
14065,2021-08-09 00:00:00,<function <lambda> at 0x7fa4962879f0>,<function <lambda> at 0x7fa496287a90>,<function <lambda> at 0x7fa496287b30>
14066,2021-08-09 01:00:00,<function <lambda> at 0x7fa4962879f0>,<function <lambda> at 0x7fa496287a90>,<function <lambda> at 0x7fa496287b30>
14067,2021-08-09 02:00:00,<function <lambda> at 0x7fa4962879f0>,<function <lambda> at 0x7fa496287a90>,<function <lambda> at 0x7fa496287b30>
14068,2021-08-09 03:00:00,<function <lambda> at 0x7fa4962879f0>,<function <lambda> at 0x7fa496287a90>,<function <lambda> at 0x7fa496287b30>
14069,2021-08-09 04:00:00,<function <lambda> at 0x7fa4962879f0>,<function <lambda> at 0x7fa496287a90>,<function <lambda> at 0x7fa496287b30>
14070,2021-08-09 05:00:00,<function <lambda> at 0x7fa4962879f0>,<function <lambda> at 0x7fa496287a90>,<function <lambda> at 0x7fa496287b30>
14071,2021-08-09 06:00:00,<function <lambda> at 0x7fa4962879f0>,<function <lambda> at 0x7fa496287a90>,<function <lambda> at 0x7fa496287b30>
14072,2021-08-09 07:00:00,<function <lambda> at 0x7fa4962879f0>,<function <lambda> at 0x7fa496287a90>,<function <lambda> at 0x7fa496287b30>
14073,2021-08-09 08:00:00,<function <lambda> at 0x7fa4962879f0>,<function <lambda> at 0x7fa496287a90>,<function <lambda> at 0x7fa496287b30>
14074,2021-08-09 09:00:00,<function <lambda> at 0x7fa4962879f0>,<function <lambda> at 0x7fa496287a90>,<function <lambda> at 0x7fa496287b30>
14075,2021-08-09 10:00:00,<function <lambda> at 0x7fa4962879f0>,<function <lambda> at 0x7fa496287a90>,<function <lambda> at 0x7fa496287b30>
14076,2021-08-09 11:00:00,<function <lambda> at 0x7fa4962879f0>,<function <lambda> at 0x7fa496287a90>,<function <lambda> at 0x7fa496287b30>
14077,2021-08-09 12:00:00,<function <lambda> at 0x7fa4962879f0>,<function <lambda> at 0x7fa496287a90>,<function <lambda> at 0x7fa496287b30>
14078,2021-08-09 13:00:00,<function <lambda> at 0x7fa4962879f0>,<function <lambda> at 0x7fa496287a90>,<function <lambda> at 0x7fa496287b30>
14079,2021-08-09 14:00:00,<function <lambda> at 0x7fa4962879f0>,<function <lambda> at 0x7fa496287a90>,<function <lambda> at 0x7fa496287b30>
14080,2021-08-09 15:00:00,<function <lambda> at 0x7fa4962879f0>,<function <lambda> at 0x7fa496287a90>,<function <lambda> at 0x7fa496287b30>
14081,2021-08-09 16:00:00,<function <lambda> at 0x7fa4962879f0>,<function <lambda> at 0x7fa496287a90>,<function <lambda> at 0x7fa496287b30>
14082,2021-08-09 17:00:00,<function <lambda> at 0x7fa4962879f0>,<function <lambda> at 0x7fa496287a90>,<function <lambda> at 0x7fa496287b30>
14083,2021-08-09 18:00:00,<function <lambda> at 0x7fa4962879f0>,<function <lambda> at 0x7fa496287a90>,<function <lambda> at 0x7fa496287b30>
14084,2021-08-09 19:00:00,<function <lambda> at 0x7fa4962879f0>,<function <lambda> at 0x7fa496287a90>,<function <lambda> at 0x7fa496287b30>
14085,2021-08-09 20:00:00,<function <lambda> at 0x7fa4962879f0>,<function <lambda> at 0x7fa496287a90>,<function <lambda> at 0x7fa496287b30>
14086,2021-08-09 21:00:00,<function <lambda> at 0x7fa4962879f0>,<function <lambda> at 0x7fa496287a90>,<function <lambda> at 0x7fa496287b30>
14087,2021-08-09 22:00:00,<function <lambda> at 0x7fa4962879f0>,<function <lambda> at 0x7fa496287a90>,<function <lambda> at 0x7fa496287b30>
14088,2021-08-09 23:00:00,<function <lambda> at 0x7fa4962879f0>,<function <lambda> at 0x7fa496287a90>,<function <lambda> at 0x7fa496287b30>
14089,2021-08-10 00:00:00,<function <lambda> at 0x7fa4962879f0>,<function <lambda> at 0x7fa496287a90>,<function <lambda> at 0x7fa496287b30>
14090,2021-08-10 01:00:00,<function <lambda> at 0x7fa4962879f0>,<function <lambda> at 0x7fa496287a90>,<function <lambda> at 0x7fa496287b30>
14091,2021-08-10 02:00:00,<function <lambda> at 0x7fa4962879f0>,<function <lambda> at 0x7fa496287a90>,<function <lambda> at 0x7fa496287b30>
14092,2021-08-10 03:00:00,<function <lambda> at 0x7fa4962879f0>,<function <lambda> at 0x7fa496287a90>,<function <lambda> at 0x7fa496287b30>
14093,2021-08-10 04:00:00,<function <lambda> at 0x7fa4962879f0>,<function <lambda> at 0x7fa496287a90>,<function <lambda> at 0x7fa496287b30>
14094,2021-08-10 05:00:00,<function <lambda> at 0x7fa4962879f0>,<function <lambda> at 0x7fa496287a90>,<function <lambda> at 0x7fa496287b30>
14095,2021-08-10 06:00:00,<function <lambda> at 0x7fa4962879f0>,<function <lambda> at 0x7fa496287a90>,<function <lambda> at 0x7fa496287b30>
14096,2021-08-10 07:00:00,<function <lambda> at 0x7fa4962879f0>,<function <lambda> at 0x7fa496287a90>,<function <lambda> at 0x7fa496287b30>
14097,2021-08-10 08:00:00,<function <lambda> at 0x7fa4962879f0>,<function <lambda> at 0x7fa496287a90>,<function <lambda> at 0x7fa496287b30>
14098,2021-08-10 09:00:00,<function <lambda> at 0x7fa4962879f0>,<function <lambda> at 0x7fa496287a90>,<function <lambda> at 0x7fa496287b30>
14099,2021-08-10 10:00:00,<function <lambda> at 0x7fa4962879f0>,<function <lambda> at 0x7fa496287a90>,<function <lambda> at 0x7fa496287b30>
14100,2021-08-10 11:00:00,<function <lambda> at 0x7fa4962879f0>,<function <lambda> at 0x7fa496287a90>,<function <lambda> at 0x7fa496287b30>
14101,2021-08-10 12:00:00,<function <lambda> at 0x7fa4962879f0>,<function <lambda> at 0x7fa496287a90>,<function <lambda> at 0x7fa496287b30>
14102,2021-08-10 13:00:00,<function <lambda> at 0x7fa4962879f0>,<function <lambda> at 0x7fa496287a90>,<function <lambda> at 0x7fa496287b30>
14103,2021-08-10 14:00:00,<function <lambda> at 0x7fa4962879f0>,<function <lambda> at 0x7fa496287a90>,<function <lambda> at 0x7fa496287b30>
14104,2021-08-10 15:00:00,<function <lambda> at 0x7fa4962879f0>,<function <lambda> at 0x7fa496287a90>,<function <lambda> at 0x7fa496287b30>
14105,2021-08-10 16:00:00,<function <lambda> at 0x7fa4962879f0>,<function <lambda> at 0x7fa496287a90>,<function <lambda> at 0x7fa496287b30>
14106,2021-08-10 17:00:00,<function <lambda> at 0x7fa4962879f0>,<function <lambda> at 0x7fa496287a90>,<function <lambda> at 0x7fa496287b30>
14107,2021-08-10 18:00:00,<function <lambda> at 0x7fa4962879f0>,<function <lambda> at 0x7fa496287a90>,<function <lambda> at 0x7fa496287b30>
14108,2021-08-10 19:00:00,<function <lambda> at 0x7fa4962879f0>,<function <lambda> at 0x7fa496287a90>,<function <lambda> at 0x7fa496287b30>
14109,2021-08-10 20:00:00,<function <lambda> at 0x7fa4962879f0>,<function <lambda> at 0x7fa496287a90>,<function <lambda> at 0x7fa496287b30>
14110,2021-08-10 21:00:00,<function <lambda> at 0x7fa4962879f0>,<function <lambda> at 0x7fa496287a90>,<function <lambda> at 0x7fa496287b30>
14111,2021-08-10 22:00:00,<function <lambda> at 0x7fa4962879f0>,<function <lambda> at 0x7fa496287a90>,<function <lambda> at 0x7fa496287b30>
14112,2021-08-10 23:00:00,<function <lambda> at 0x7fa4962879f0>,<function <lambda> at 0x7fa496287a90>,<function <lambda> at 0x7fa496287b30>
14113,2021-08-11 00:00:00,<function <lambda> at 0x7fa4962879f0>,<function <lambda> at 0x7fa496287a90>,<function <lambda> at 0x7fa496287b30>
14114,2021-08-11 01:00:00,<function <lambda> at 0x7fa4962879f0>,<function <lambda> at 0x7fa496287a90>,<function <lambda> at 0x7fa496287b30>
14115,2021-08-11 02:00:00,<function <lambda> at 0x7fa4962879f0>,<function <lambda> at 0x7fa496287a90>,<function <lambda> at 0x7fa496287b30>
14116,2021-08-11 03:00:00,<function <lambda> at 0x7fa4962879f0>,<function <lambda> at 0x7fa496287a90>,<function <lambda> at 0x7fa496287b30>
14117,2021-08-11 04:00:00,<function <lambda> at 0x7fa4962879f0>,<function <lambda> at 0x7fa496287a90>,<function <lambda> at 0x7fa496287b30>
14118,2021-08-11 05:00:00,<function <lambda> at 0x7fa4962879f0>,<function <lambda> at 0x7fa496287a90>,<function <lambda> at 0x7fa496287b30>
14119,2021-08-11 06:00:00,<function <lambda> at 0x7fa4962879f0>,<function <lambda> at 0x7fa496287a90>,<function <lambda> at 0x7fa496287b30>
14120,2021-08-11 07:00:00,<function <lambda> at 0x7fa4962879f0>,<function <lambda> at 0x7fa496287a90>,<function <lambda> at 0x7fa496287b30>
14121,2021-08-11 08:00:00,<function <lambda> at 0x7fa4962879f0>,<function <lambda> at 0x7fa496287a90>,<function <lambda> at 0x7fa496287b30>
14122,2021-08-11 09:00:00,<function <lambda> at 0x7fa4962879f0>,<function <lambda> at 0x7fa496287a90>,<function <lambda> at 0x7fa496287b30>
14123,2021-08-11 10:00:00,<function <lambda> at 0x7fa4962879f0>,<function <lambda> at 0x7fa496287a90>,<function <lambda> at 0x7fa496287b30>
14124,2021-08-11 11:00:00,<function <lambda> at 0x7fa4962879f0>,<function <lambda> at 0x7fa496287a90>,<function <lambda> at 0x7fa496287b30>
14125,2021-08-11 12:00:00,<function <lambda> at 0x7fa4962879f0>,<function <lambda> at 0x7fa496287a90>,<function <lambda> at 0x7fa496287b30>
14126,2021-08-11 13:00:00,<function <lambda> at 0x7fa4962879f0>,<function <lambda> at 0x7fa496287a90>,<function <lambda> at 0x7fa496287b30>
14127,2021-08-11 14:00:00,<function <lambda> at 0x7fa4962879f0>,<function <lambda> at 0x7fa496287a90>,<function <lambda> at 0x7fa496287b30>
14128,2021-08-11 15:00:00,<function <lambda> at 0x7fa4962879f0>,<function <lambda> at 0x7fa496287a90>,<function <lambda> at 0x7fa496287b30>
14129,2021-08-11 16:00:00,<function <lambda> at 0x7fa4962879f0>,<function <lambda> at 0x7fa496287a90>,<function <lambda> at 0x7fa496287b30>
14130,2021-08-11 17:00:00,<function <lambda> at 0x7fa4962879f0>,<function <lambda> at 0x7fa496287a90>,<function <lambda> at 0x7fa496287b30>
14131,2021-08-11 18:00:00,<function <lambda> at 0x7fa4962879f0>,<function <lambda> at 0x7fa496287a90>,<function <lambda> at 0x7fa496287b30>
14132,2021-08-11 19:00:00,<function <lambda> at 0x7fa4962879f0>,<function <lambda> at 0x7fa496287a90>,<function <lambda> at 0x7fa496287b30>
14133,2021-08-11 20:00:00,<function <lambda> at 0x7fa4962879f0>,<function <lambda> at 0x7fa496287a90>,<function <lambda> at 0x7fa496287b30>
14134,2021-08-11 21:00:00,<function <lambda> at 0x7fa4962879f0>,<function <lambda> at 0x7fa496287a90>,<function <lambda> at 0x7fa496287b30>
14135,2021-08-11 22:00:00,<function <lambda> at 0x7fa4962879f0>,<function <lambda> at 0x7fa496287a90>,<function <lambda> at 0x7fa496287b30>
14136,2021-08-11 23:00:00,<function <lambda> at 0x7fa4962879f0>,<function <lambda> at 0x7fa496287a90>,<function <lambda> at 0x7fa496287b30>
14137,2021-08-12 00:00:00,<function <lambda> at 0x7fa4962879f0>,<function <lambda> at 0x7fa496287a90>,<function <lambda> at 0x7fa496287b30>
14138,2021-08-12 01:00:00,<function <lambda> at 0x7fa4962879f0>,<function <lambda> at 0x7fa496287a90>,<function <lambda> at 0x7fa496287b30>
14139,2021-08-12 02:00:00,<function <lambda> at 0x7fa4962879f0>,<function <lambda> at 0x7fa496287a90>,<function <lambda> at 0x7fa496287b30>
14140,2021-08-12 03:00:00,<function <lambda> at 0x7fa4962879f0>,<function <lambda> at 0x7fa496287a90>,<function <lambda> at 0x7fa496287b30>
14141,2021-08-12 04:00:00,<function <lambda> at 0x7fa4962879f0>,<function <lambda> at 0x7fa496287a90>,<function <lambda> at 0x7fa496287b30>
14142,2021-08-12 05:00:00,<function <lambda> at 0x7fa4962879f0>,<function <lambda> at 0x7fa496287a90>,<function <lambda> at 0x7fa496287b30>
14143,2021-08-12 06:00:00,<function <lambda> at 0x7fa4962879f0>,<function <lambda> at 0x7fa496287a90>,<function <lambda> at 0x7fa496287b30>
14144,2021-08-12 07:00:00,<function <lambda> at 0x7fa4962879f0>,<function <lambda> at 0x7fa496287a90>,<function <lambda> at 0x7fa496287b30>
14145,2021-08-12 08:00:00,<function <lambda> at 0x7fa4962879f0>,<function <lambda> at 0x7fa496287a90>,<function <lambda> at 0x7fa496287b30>
14146,2021-08-12 09:00:00,<function <lambda> at 0x7fa4962879f0>,<function <lambda> at 0x7fa496287a90>,<function <lambda> at 0x7fa496287b30>
14147,2021-08-12 10:00:00,<function <lambda> at 0x7fa4962879f0>,<function <lambda> at 0x7fa496287a90>,<function <lambda> at 0x7fa496287b30>
14148,2021-08-12 11:00:00,<function <lambda> at 0x7fa4962879f0>,<function <lambda> at 0x7fa496287a90>,<function <lambda> at 0x7fa496287b30>
14149,2021-08-12 12:00:00,<function <lambda> at 0x7fa4962879f0>,<function <lambda> at 0x7fa496287a90>,<function <lambda> at 0x7fa496287b30>
14150,2021-08-12 13:00:00,<function <lambda> at 0x7fa4962879f0>,<function <lambda> at 0x7fa496287a90>,<function <lambda> at 0x7fa496287b30>
14151,2021-08-12 14:00:00,<function <lambda> at 0x7fa4962879f0>,<function <lambda> at 0x7fa496287a90>,<function <lambda> at 0x7fa496287b30>
14152,2021-08-12 15:00:00,<function <lambda> at 0x7fa4962879f0>,<function <lambda> at 0x7fa496287a90>,<function <lambda> at 0x7fa496287b30>
14153,2021-08-12 16:00:00,<function <lambda> at 0x7fa4962879f0>,<function <lambda> at 0x7fa496287a90>,<function <lambda> at 0x7fa496287b30>
14154,2021-08-12 17:00:00,<function <lambda> at 0x7fa4962879f0>,<function <lambda> at 0x7fa496287a90>,<function <lambda> at 0x7fa496287b30>
14155,2021-08-12 18:00:00,<function <lambda> at 0x7fa4962879f0>,<function <lambda> at 0x7fa496287a90>,<function <lambda> at 0x7fa496287b30>
14156,2021-08-12 19:00:00,<function <lambda> at 0x7fa4962879f0>,<function <lambda> at 0x7fa496287a90>,<function <lambda> at 0x7fa496287b30>
14157,2021-08-12 20:00:00,<function <lambda> at 0x7fa4962879f0>,<function <lambda> at 0x7fa496287a90>,<function <lambda> at 0x7fa496287b30>
14158,2021-08-12 21:00:00,<function <lambda> at 0x7fa4962879f0>,<function <lambda> at 0x7fa496287a90>,<function <lambda> at 0x7fa496287b30>
14159,2021-08-12 22:00:00,<function <lambda> at 0x7fa4962879f0>,<function <lambda> at 0x7fa496287a90>,<function <lambda> at 0x7fa496287b30>
14160,2021-08-12 23:00:00,<function <lambda> at 0x7fa4962879f0>,<function <lambda> at 0x7fa496287a90>,<function <lambda> at 0x7fa496287b30>
14161,2021-08-13 00:00:00,<function <lambda> at 0x7fa4962879f0>,<function <lambda> at 0x7fa496287a90>,<function <lambda> at 0x7fa496287b30>
14162,2021-08-13 01:00:00,<function <lambda> at 0x7fa4962879f0>,<function <lambda> at 0x7fa496287a90>,<function <lambda> at 0x7fa496287b30>
14163,2021-08-13 02:00:00,<function <lambda> at 0x7fa4962879f0>,<function <lambda> at 0x7fa496287a90>,<function <lambda> at 0x7fa496287b30>
14164,2021-08-13 03:00:00,<function <lambda> at 0x7fa4962879f0>,<function <lambda> at 0x7fa496287a90>,<function <lambda> at 0x7fa496287b30>
14165,2021-08-13 04:00:00,<function <lambda> at 0x7fa4962879f0>,<function <lambda> at 0x7fa496287a90>,<function <lambda> at 0x7fa496287b30>
14166,2021-08-13 05:00:00,<function <lambda> at 0x7fa4962879f0>,<function <lambda> at 0x7fa496287a90>,<function <lambda> at 0x7fa496287b30>
14167,2021-08-13 06:00:00,<function <lambda> at 0x7fa4962879f0>,<function <lambda> at 0x7fa496287a90>,<function <lambda> at 0x7fa496287b30>
14168,2021-08-13 07:00:00,<function <lambda> at 0x7fa4962879f0>,<function <lambda> at 0x7fa496287a90>,<function <lambda> at 0x7fa496287b30>
14169,2021-08-13 08:00:00,<function <lambda> at 0x7fa4962879f0>,<function <lambda> at 0x7fa496287a90>,<function <lambda> at 0x7fa496287b30>
14170,2021-08-13 09:00:00,<function <lambda> at 0x7fa4962879f0>,<function <lambda> at 0x7fa496287a90>,<function <lambda> at 0x7fa496287b30>
14171,2021-08-13 10:00:00,<function <lambda> at 0x7fa4962879f0>,<function <lambda> at 0x7fa496287a90>,<function <lambda> at 0x7fa496287b30>
14172,2021-08-13 11:00:00,<function <lambda> at 0x7fa4962879f0>,<function <lambda> at 0x7fa496287a90>,<function <lambda> at 0x7fa496287b30>
14173,2021-08-13 12:00:00,<function <lambda> at 0x7fa4962879f0>,<function <lambda> at 0x7fa496287a90>,<function <lambda> at 0x7fa496287b30>
14174,2021-08-13 13:00:00,<function <lambda> at 0x7fa4962879f0>,<function <lambda> at 0x7fa496287a90>,<function <lambda> at 0x7fa496287b30>
14175,2021-08-13 14:00:00,<function <lambda> at 0x7fa4962879f0>,<function <lambda> at 0x7fa496287a90>,<function <lambda> at 0x7fa496287b30>
14176,2021-08-13 15:00:00,<function <lambda> at 0x7fa4962879f0>,<function <lambda> at 0x7fa496287a90>,<function <lambda> at 0x7fa496287b30>
14177,2021-08-13 16:00:00,<function <lambda> at 0x7fa4962879f0>,<function <lambda> at 0x7fa496287a90>,<function <lambda> at 0x7fa496287b30>
14178,2021-08-13 17:00:00,<function <lambda> at 0x7fa4962879f0>,<function <lambda> at 0x7fa496287a90>,<function <lambda> at 0x7fa496287b30>
14179,2021-08-13 18:00:00,<function <lambda> at 0x7fa4962879f0>,<function <lambda> at 0x7fa496287a90>,<function <lambda> at 0x7fa496287b30>
14180,2021-08-13 19:00:00,<function <lambda> at 0x7fa4962879f0>,<function <lambda> at 0x7fa496287a90>,<function <lambda> at 0x7fa496287b30>
14181,2021-08-13 20:00:00,<function <lambda> at 0x7fa4962879f0>,<function <lambda> at 0x7fa496287a90>,<function <lambda> at 0x7fa496287b30>
14182,2021-08-13 21:00:00,<function <lambda> at 0x7fa4962879f0>,<function <lambda> at 0x7fa496287a90>,<function <lambda> at 0x7fa496287b30>
14183,2021-08-13 22:00:00,<function <lambda> at 0x7fa4962879f0>,<function <lambda> at 0x7fa496287a90>,<function <lambda> at 0x7fa496287b30>
14184,2021-08-13 23:00:00,<function <lambda> at 0x7fa4962879f0>,<function <lambda> at 0x7fa496287a90>,<function <lambda> at 0x7fa496287b30>
14185,2021-08-14 00:00:00,<function <lambda> at 0x7fa4962879f0>,<function <lambda> at 0x7fa496287a90>,<function <lambda> at 0x7fa496287b30>
14186,2021-08-14 01:00:00,<function <lambda> at 0x7fa4962879f0>,<function <lambda> at 0x7fa496287a90>,<function <lambda> at 0x7fa496287b30>
14187,2021-08-14 02:00:00,<function <lambda> at 0x7fa4962879f0>,<function <lambda> at 0x7fa496287a90>,<function <lambda> at 0x7fa496287b30>
14188,2021-08-14 03:00:00,<function <lambda> at 0x7fa4962879f0>,<function <lambda> at 0x7fa496287a90>,<function <lambda> at 0x7fa496287b30>
14189,2021-08-14 04:00:00,<function <lambda> at 0x7fa4962879f0>,<function <lambda> at 0x7fa496287a90>,<function <lambda> at 0x7fa496287b30>
14190,2021-08-14 05:00:00,<function <lambda> at 0x7fa4962879f0>,<function <lambda> at 0x7fa496287a90>,<function <lambda> at 0x7fa496287b30>
14191,2021-08-14 06:00:00,<function <lambda> at 0x7fa4962879f0>,<function <lambda> at 0x7fa496287a90>,<function <lambda> at 0x7fa496287b30>
14192,2021-08-14 07:00:00,<function <lambda> at 0x7fa4962879f0>,<function <lambda> at 0x7fa496287a90>,<function <lambda> at 0x7fa496287b30>
14193,2021-08-14 08:00:00,<function <lambda> at 0x7fa4962879f0>,<function <lambda> at 0x7fa496287a90>,<function <lambda> at 0x7fa496287b30>
14194,2021-08-14 09:00:00,<function <lambda> at 0x7fa4962879f0>,<function <lambda> at 0x7fa496287a90>,<function <lambda> at 0x7fa496287b30>
14195,2021-08-14 10:00:00,<function <lambda> at 0x7fa4962879f0>,<function <lambda> at 0x7fa496287a90>,<function <lambda> at 0x7fa496287b30>
14196,2021-08-14 11:00:00,<function <lambda> at 0x7fa4962879f0>,<function <lambda> at 0x7fa496287a90>,<function <lambda> at 0x7fa496287b30>
14197,2021-08-14 12:00:00,<function <lambda> at 0x7fa4962879f0>,<function <lambda> at 0x7fa496287a90>,<function <lambda> at 0x7fa496287b30>
14198,2021-08-14 13:00:00,<function <lambda> at 0x7fa4962879f0>,<function <lambda> at 0x7fa496287a90>,<function <lambda> at 0x7fa496287b30>
14199,2021-08-14 14:00:00,<function <lambda> at 0x7fa4962879f0>,<function <lambda> at 0x7fa496287a90>,<function <lambda> at 0x7fa496287b30>
14200,2021-08-14 15:00:00,<function <lambda> at 0x7fa4962879f0>,<function <lambda> at 0x7fa496287a90>,<function <lambda> at 0x7fa496287b30>
14201,2021-08-14 16:00:00,<function <lambda> at 0x7fa4962879f0>,<function <lambda> at 0x7fa496287a90>,<function <lambda> at 0x7fa496287b30>
14202,2021-08-14 17:00:00,<function <lambda> at 0x7fa4962879f0>,<function <lambda> at 0x7fa496287a90>,<function <lambda> at 0x7fa496287b30>
14203,2021-08-14 18:00:00,<function <lambda> at 0x7fa4962879f0>,<function <lambda> at 0x7fa496287a90>,<function <lambda> at 0x7fa496287b30>
14204,2021-08-14 19:00:00,<function <lambda> at 0x7fa4962879f0>,<function <lambda> at 0x7fa496287a90>,<function <lambda> at 0x7fa496287b30>
14205,2021-08-14 20:00:00,<function <lambda> at 0x7fa4962879f0>,<function <lambda> at 0x7fa496287a90>,<function <lambda> at 0x7fa496287b30>
14206,2021-08-14 21:00:00,<function <lambda> at 0x7fa4962879f0>,<function <lambda> at 0x7fa496287a90>,<function <lambda> at 0x7fa496287b30>
14207,2021-08-14 22:00:00,<function <lambda> at 0x7fa4962879f0>,<function <lambda> at 0x7fa496287a90>,<function <lambda> at 0x7fa496287b30>
14208,2021-08-14 23:00:00,<function <lambda> at 0x7fa4962879f0>,<function <lambda> at 0x7fa496287a90>,<function <lambda> at 0x7fa496287b30>
14209,2021-08-15 00:00:00,<function <lambda> at 0x7fa4962879f0>,<function <lambda> at 0x7fa496287a90>,<function <lambda> at 0x7fa496287b30>
14210,2021-08-15 01:00:00,<function <lambda> at 0x7fa4962879f0>,<function <lambda> at 0x7fa496287a90>,<function <lambda> at 0x7fa496287b30>
14211,2021-08-15 02:00:00,<function <lambda> at 0x7fa4962879f0>,<function <lambda> at 0x7fa496287a90>,<function <lambda> at 0x7fa496287b30>
14212,2021-08-15 03:00:00,<function <lambda> at 0x7fa4962879f0>,<function <lambda> at 0x7fa496287a90>,<function <lambda> at 0x7fa496287b30>
14213,2021-08-15 04:00:00,<function <lambda> at 0x7fa4962879f0>,<function <lambda> at 0x7fa496287a90>,<function <lambda> at 0x7fa496287b30>
14214,2021-08-15 05:00:00,<function <lambda> at 0x7fa4962879f0>,<function <lambda> at 0x7fa496287a90>,<function <lambda> at 0x7fa496287b30>
14215,2021-08-15 06:00:00,<function <lambda> at 0x7fa4962879f0>,<function <lambda> at 0x7fa496287a90>,<function <lambda> at 0x7fa496287b30>
14216,2021-08-15 07:00:00,<function <lambda> at 0x7fa4962879f0>,<function <lambda> at 0x7fa496287a90>,<function <lambda> at 0x7fa496287b30>
14217,2021-08-15 08:00:00,<function <lambda> at 0x7fa4962879f0>,<function <lambda> at 0x7fa496287a90>,<function <lambda> at 0x7fa496287b30>
14218,2021-08-15 09:00:00,<function <lambda> at 0x7fa4962879f0>,<function <lambda> at 0x7fa496287a90>,<function <lambda> at 0x7fa496287b30>
14219,2021-08-15 10:00:00,<function <lambda> at 0x7fa4962879f0>,<function <lambda> at 0x7fa496287a90>,<function <lambda> at 0x7fa496287b30>
14220,2021-08-15 11:00:00,<function <lambda> at 0x7fa4962879f0>,<function <lambda> at 0x7fa496287a90>,<function <lambda> at 0x7fa496287b30>
14221,2021-08-15 12:00:00,<function <lambda> at 0x7fa4962879f0>,<function <lambda> at 0x7fa496287a90>,<function <lambda> at 0x7fa496287b30>
14222,2021-08-15 13:00:00,<function <lambda> at 0x7fa4962879f0>,<function <lambda> at 0x7fa496287a90>,<function <lambda> at 0x7fa496287b30>
14223,2021-08-15 14:00:00,<function <lambda> at 0x7fa4962879f0>,<function <lambda> at 0x7fa496287a90>,<function <lambda> at 0x7fa496287b30>
14224,2021-08-15 15:00:00,<function <lambda> at 0x7fa4962879f0>,<function <lambda> at 0x7fa496287a90>,<function <lambda> at 0x7fa496287b30>
14225,2021-08-15 16:00:00,<function <lambda> at 0x7fa4962879f0>,<function <lambda> at 0x7fa496287a90>,<function <lambda> at 0x7fa496287b30>
14226,2021-08-15 17:00:00,<function <lambda> at 0x7fa4962879f0>,<function <lambda> at 0x7fa496287a90>,<function <lambda> at 0x7fa496287b30>
14227,2021-08-15 18:00:00,<function <lambda> at 0x7fa4962879f0>,<function <lambda> at 0x7fa496287a90>,<function <lambda> at 0x7fa496287b30>
14228,2021-08-15 19:00:00,<function <lambda> at 0x7fa4962879f0>,<function <lambda> at 0x7fa496287a90>,<function <lambda> at 0x7fa496287b30>
14229,2021-08-15 20:00:00,<function <lambda> at 0x7fa4962879f0>,<function <lambda> at 0x7fa496287a90>,<function <lambda> at 0x7fa496287b30>
14230,2021-08-15 21:00:00,<function <lambda> at 0x7fa4962879f0>,<function <lambda> at 0x7fa496287a90>,<function <lambda> at 0x7fa496287b30>
14231,2021-08-15 22:00:00,<function <lambda> at 0x7fa4962879f0>,<function <lambda> at 0x7fa496287a90>,<function <lambda> at 0x7fa496287b30>
14232,2021-08-15 23:00:00,<function <lambda> at 0x7fa4962879f0>,<function <lambda> at 0x7fa496287a90>,<function <lambda> at 0x7fa496287b30>
14233,2021-08-16 00:00:00,<function <lambda> at 0x7fa4962879f0>,<function <lambda> at 0x7fa496287a90>,<function <lambda> at 0x7fa496287b30>
14234,2021-08-16 01:00:00,<function <lambda> at 0x7fa4962879f0>,<function <lambda> at 0x7fa496287a90>,<function <lambda> at 0x7fa496287b30>
14235,2021-08-16 02:00:00,<function <lambda> at 0x7fa4962879f0>,<function <lambda> at 0x7fa496287a90>,<function <lambda> at 0x7fa496287b30>
14236,2021-08-16 03:00:00,<function <lambda> at 0x7fa4962879f0>,<function <lambda> at 0x7fa496287a90>,<function <lambda> at 0x7fa496287b30>
14237,2021-08-16 04:00:00,<function <lambda> at 0x7fa4962879f0>,<function <lambda> at 0x7fa496287a90>,<function <lambda> at 0x7fa496287b30>
14238,2021-08-16 05:00:00,<function <lambda> at 0x7fa4962879f0>,<function <lambda> at 0x7fa496287a90>,<function <lambda> at 0x7fa496287b30>
14239,2021-08-16 06:00:00,<function <lambda> at 0x7fa4962879f0>,<function <lambda> at 0x7fa496287a90>,<function <lambda> at 0x7fa496287b30>
14240,2021-08-16 07:00:00,<function <lambda> at 0x7fa4962879f0>,<function <lambda> at 0x7fa496287a90>,<function <lambda> at 0x7fa496287b30>
14241,2021-08-16 08:00:00,<function <lambda> at 0x7fa4962879f0>,<function <lambda> at 0x7fa496287a90>,<function <lambda> at 0x7fa496287b30>
14242,2021-08-16 09:00:00,<function <lambda> at 0x7fa4962879f0>,<function <lambda> at 0x7fa496287a90>,<function <lambda> at 0x7fa496287b30>
14243,2021-08-16 10:00:00,<function <lambda> at 0x7fa4962879f0>,<function <lambda> at 0x7fa496287a90>,<function <lambda> at 0x7fa496287b30>
14244,2021-08-16 11:00:00,<function <lambda> at 0x7fa4962879f0>,<function <lambda> at 0x7fa496287a90>,<function <lambda> at 0x7fa496287b30>
14245,2021-08-16 12:00:00,<function <lambda> at 0x7fa4962879f0>,<function <lambda> at 0x7fa496287a90>,<function <lambda> at 0x7fa496287b30>
14246,2021-08-16 13:00:00,<function <lambda> at 0x7fa4962879f0>,<function <lambda> at 0x7fa496287a90>,<function <lambda> at 0x7fa496287b30>
14247,2021-08-16 14:00:00,<function <lambda> at 0x7fa4962879f0>,<function <lambda> at 0x7fa496287a90>,<function <lambda> at 0x7fa496287b30>
14248,2021-08-16 15:00:00,<function <lambda> at 0x7fa4962879f0>,<function <lambda> at 0x7fa496287a90>,<function <lambda> at 0x7fa496287b30>
14249,2021-08-16 16:00:00,<function <lambda> at 0x7fa4962879f0>,<function <lambda> at 0x7fa496287a90>,<function <lambda> at 0x7fa496287b30>
14250,2021-08-16 17:00:00,<function <lambda> at 0x7fa4962879f0>,<function <lambda> at 0x7fa496287a90>,<function <lambda> at 0x7fa496287b30>
14251,2021-08-16 18:00:00,<function <lambda> at 0x7fa4962879f0>,<function <lambda> at 0x7fa496287a90>,<function <lambda> at 0x7fa496287b30>
14252,2021-08-16 19:00:00,<function <lambda> at 0x7fa4962879f0>,<function <lambda> at 0x7fa496287a90>,<function <lambda> at 0x7fa496287b30>
14253,2021-08-16 20:00:00,<function <lambda> at 0x7fa4962879f0>,<function <lambda> at 0x7fa496287a90>,<function <lambda> at 0x7fa496287b30>
14254,2021-08-16 21:00:00,<function <lambda> at 0x7fa4962879f0>,<function <lambda> at 0x7fa496287a90>,<function <lambda> at 0x7fa496287b30>
14255,2021-08-16 22:00:00,<function <lambda> at 0x7fa4962879f0>,<function <lambda> at 0x7fa496287a90>,<function <lambda> at 0x7fa496287b30>
14256,2021-08-16 23:00:00,<function <lambda> at 0x7fa4962879f0>,<function <lambda> at 0x7fa496287a90>,<function <lambda> at 0x7fa496287b30>
14257,2021-08-17 00:00:00,<function <lambda> at 0x7fa4962879f0>,<function <lambda> at 0x7fa496287a90>,<function <lambda> at 0x7fa496287b30>
14258,2021-08-17 01:00:00,<function <lambda> at 0x7fa4962879f0>,<function <lambda> at 0x7fa496287a90>,<function <lambda> at 0x7fa496287b30>
14259,2021-08-17 02:00:00,<function <lambda> at 0x7fa4962879f0>,<function <lambda> at 0x7fa496287a90>,<function <lambda> at 0x7fa496287b30>
14260,2021-08-17 03:00:00,<function <lambda> at 0x7fa4962879f0>,<function <lambda> at 0x7fa496287a90>,<function <lambda> at 0x7fa496287b30>
14261,2021-08-17 04:00:00,<function <lambda> at 0x7fa4962879f0>,<function <lambda> at 0x7fa496287a90>,<function <lambda> at 0x7fa496287b30>
14262,2021-08-17 05:00:00,<function <lambda> at 0x7fa4962879f0>,<function <lambda> at 0x7fa496287a90>,<function <lambda> at 0x7fa496287b30>
14263,2021-08-17 06:00:00,<function <lambda> at 0x7fa4962879f0>,<function <lambda> at 0x7fa496287a90>,<function <lambda> at 0x7fa496287b30>
14264,2021-08-17 07:00:00,<function <lambda> at 0x7fa4962879f0>,<function <lambda> at 0x7fa496287a90>,<function <lambda> at 0x7fa496287b30>
14265,2021-08-17 08:00:00,<function <lambda> at 0x7fa4962879f0>,<function <lambda> at 0x7fa496287a90>,<function <lambda> at 0x7fa496287b30>
14266,2021-08-17 09:00:00,<function <lambda> at 0x7fa4962879f0>,<function <lambda> at 0x7fa496287a90>,<function <lambda> at 0x7fa496287b30>
14267,2021-08-17 10:00:00,<function <lambda> at 0x7fa4962879f0>,<function <lambda> at 0x7fa496287a90>,<function <lambda> at 0x7fa496287b30>
14268,2021-08-17 11:00:00,<function <lambda> at 0x7fa4962879f0>,<function <lambda> at 0x7fa496287a90>,<function <lambda> at 0x7fa496287b30>
14269,2021-08-17 12:00:00,<function <lambda> at 0x7fa4962879f0>,<function <lambda> at 0x7fa496287a90>,<function <lambda> at 0x7fa496287b30>
14270,2021-08-17 13:00:00,<function <lambda> at 0x7fa4962879f0>,<function <lambda> at 0x7fa496287a90>,<function <lambda> at 0x7fa496287b30>
14271,2021-08-17 14:00:00,<function <lambda> at 0x7fa4962879f0>,<function <lambda> at 0x7fa496287a90>,<function <lambda> at 0x7fa496287b30>
14272,2021-08-17 15:00:00,<function <lambda> at 0x7fa4962879f0>,<function <lambda> at 0x7fa496287a90>,<function <lambda> at 0x7fa496287b30>
14273,2021-08-17 16:00:00,<function <lambda> at 0x7fa4962879f0>,<function <lambda> at 0x7fa496287a90>,<function <lambda> at 0x7fa496287b30>
14274,2021-08-17 17:00:00,<function <lambda> at 0x7fa4962879f0>,<function <lambda> at 0x7fa496287a90>,<function <lambda> at 0x7fa496287b30>
14275,2021-08-17 18:00:00,<function <lambda> at 0x7fa4962879f0>,<function <lambda> at 0x7fa496287a90>,<function <lambda> at 0x7fa496287b30>
14276,2021-08-17 19:00:00,<function <lambda> at 0x7fa4962879f0>,<function <lambda> at 0x7fa496287a90>,<function <lambda> at 0x7fa496287b30>
14277,2021-08-17 20:00:00,<function <lambda> at 0x7fa4962879f0>,<function <lambda> at 0x7fa496287a90>,<function <lambda> at 0x7fa496287b30>
14278,2021-08-17 21:00:00,<function <lambda> at 0x7fa4962879f0>,<function <lambda> at 0x7fa496287a90>,<function <lambda> at 0x7fa496287b30>
14279,2021-08-17 22:00:00,<function <lambda> at 0x7fa4962879f0>,<function <lambda> at 0x7fa496287a90>,<function <lambda> at 0x7fa496287b30>
14280,2021-08-17 23:00:00,<function <lambda> at 0x7fa4962879f0>,<function <lambda> at 0x7fa496287a90>,<function <lambda> at 0x7fa496287b30>
14281,2021-08-18 00:00:00,<function <lambda> at 0x7fa4962879f0>,<function <lambda> at 0x7fa496287a90>,<function <lambda> at 0x7fa496287b30>
14282,2021-08-18 01:00:00,<function <lambda> at 0x7fa4962879f0>,<function <lambda> at 0x7fa496287a90>,<function <lambda> at 0x7fa496287b30>
14283,2021-08-18 02:00:00,<function <lambda> at 0x7fa4962879f0>,<function <lambda> at 0x7fa496287a90>,<function <lambda> at 0x7fa496287b30>
14284,2021-08-18 03:00:00,<function <lambda> at 0x7fa4962879f0>,<function <lambda> at 0x7fa496287a90>,<function <lambda> at 0x7fa496287b30>
14285,2021-08-18 04:00:00,<function <lambda> at 0x7fa4962879f0>,<function <lambda> at 0x7fa496287a90>,<function <lambda> at 0x7fa496287b30>
14286,2021-08-18 05:00:00,<function <lambda> at 0x7fa4962879f0>,<function <lambda> at 0x7fa496287a90>,<function <lambda> at 0x7fa496287b30>
14287,2021-08-18 06:00:00,<function <lambda> at 0x7fa4962879f0>,<function <lambda> at 0x7fa496287a90>,<function <lambda> at 0x7fa496287b30>
14288,2021-08-18 07:00:00,<function <lambda> at 0x7fa4962879f0>,<function <lambda> at 0x7fa496287a90>,<function <lambda> at 0x7fa496287b30>
14289,2021-08-18 08:00:00,<function <lambda> at 0x7fa4962879f0>,<function <lambda> at 0x7fa496287a90>,<function <lambda> at 0x7fa496287b30>
14290,2021-08-18 09:00:00,<function <lambda> at 0x7fa4962879f0>,<function <lambda> at 0x7fa496287a90>,<function <lambda> at 0x7fa496287b30>
14291,2021-08-18 10:00:00,<function <lambda> at 0x7fa4962879f0>,<function <lambda> at 0x7fa496287a90>,<function <lambda> at 0x7fa496287b30>
14292,2021-08-18 11:00:00,<function <lambda> at 0x7fa4962879f0>,<function <lambda> at 0x7fa496287a90>,<function <lambda> at 0x7fa496287b30>
14293,2021-08-18 12:00:00,<function <lambda> at 0x7fa4962879f0>,<function <lambda> at 0x7fa496287a90>,<function <lambda> at 0x7fa496287b30>
14294,2021-08-18 13:00:00,<function <lambda> at 0x7fa4962879f0>,<function <lambda> at 0x7fa496287a90>,<function <lambda> at 0x7fa496287b30>
14295,2021-08-18 14:00:00,<function <lambda> at 0x7fa4962879f0>,<function <lambda> at 0x7fa496287a90>,<function <lambda> at 0x7fa496287b30>
14296,2021-08-18 15:00:00,<function <lambda> at 0x7fa4962879f0>,<function <lambda> at 0x7fa496287a90>,<function <lambda> at 0x7fa496287b30>
14297,2021-08-18 16:00:00,<function <lambda> at 0x7fa4962879f0>,<function <lambda> at 0x7fa496287a90>,<function <lambda> at 0x7fa496287b30>
14298,2021-08-18 17:00:00,<function <lambda> at 0x7fa4962879f0>,<function <lambda> at 0x7fa496287a90>,<function <lambda> at 0x7fa496287b30>
14299,2021-08-18 18:00:00,<function <lambda> at 0x7fa4962879f0>,<function <lambda> at 0x7fa496287a90>,<function <lambda> at 0x7fa496287b30>
14300,2021-08-18 19:00:00,<function <lambda> at 0x7fa4962879f0>,<function <lambda> at 0x7fa496287a90>,<function <lambda> at 0x7fa496287b30>
14301,2021-08-18 20:00:00,<function <lambda> at 0x7fa4962879f0>,<function <lambda> at 0x7fa496287a90>,<function <lambda> at 0x7fa496287b30>
14302,2021-08-18 21:00:00,<function <lambda> at 0x7fa4962879f0>,<function <lambda> at 0x7fa496287a90>,<function <lambda> at 0x7fa496287b30>
14303,2021-08-18 22:00:00,<function <lambda> at 0x7fa4962879f0>,<function <lambda> at 0x7fa496287a90>,<function <lambda> at 0x7fa496287b30>
14304,2021-08-18 23:00:00,<function <lambda> at 0x7fa4962879f0>,<function <lambda> at 0x7fa496287a90>,<function <lambda> at 0x7fa496287b30>
14305,2021-08-19 00:00:00,<function <lambda> at 0x7fa4962879f0>,<function <lambda> at 0x7fa496287a90>,<function <lambda> at 0x7fa496287b30>
14306,2021-08-19 01:00:00,<function <lambda> at 0x7fa4962879f0>,<function <lambda> at 0x7fa496287a90>,<function <lambda> at 0x7fa496287b30>
14307,2021-08-19 02:00:00,<function <lambda> at 0x7fa4962879f0>,<function <lambda> at 0x7fa496287a90>,<function <lambda> at 0x7fa496287b30>
14308,2021-08-19 03:00:00,<function <lambda> at 0x7fa4962879f0>,<function <lambda> at 0x7fa496287a90>,<function <lambda> at 0x7fa496287b30>
14309,2021-08-19 04:00:00,<function <lambda> at 0x7fa4962879f0>,<function <lambda> at 0x7fa496287a90>,<function <lambda> at 0x7fa496287b30>
14310,2021-08-19 05:00:00,<function <lambda> at 0x7fa4962879f0>,<function <lambda> at 0x7fa496287a90>,<function <lambda> at 0x7fa496287b30>
14311,2021-08-19 06:00:00,<function <lambda> at 0x7fa4962879f0>,<function <lambda> at 0x7fa496287a90>,<function <lambda> at 0x7fa496287b30>
14312,2021-08-19 07:00:00,<function <lambda> at 0x7fa4962879f0>,<function <lambda> at 0x7fa496287a90>,<function <lambda> at 0x7fa496287b30>
14313,2021-08-19 08:00:00,<function <lambda> at 0x7fa4962879f0>,<function <lambda> at 0x7fa496287a90>,<function <lambda> at 0x7fa496287b30>
14314,2021-08-19 09:00:00,<function <lambda> at 0x7fa4962879f0>,<function <lambda> at 0x7fa496287a90>,<function <lambda> at 0x7fa496287b30>
14315,2021-08-19 10:00:00,<function <lambda> at 0x7fa4962879f0>,<function <lambda> at 0x7fa496287a90>,<function <lambda> at 0x7fa496287b30>
14316,2021-08-19 11:00:00,<function <lambda> at 0x7fa4962879f0>,<function <lambda> at 0x7fa496287a90>,<function <lambda> at 0x7fa496287b30>
14317,2021-08-19 12:00:00,<function <lambda> at 0x7fa4962879f0>,<function <lambda> at 0x7fa496287a90>,<function <lambda> at 0x7fa496287b30>
14318,2021-08-19 13:00:00,<function <lambda> at 0x7fa4962879f0>,<function <lambda> at 0x7fa496287a90>,<function <lambda> at 0x7fa496287b30>
14319,2021-08-19 14:00:00,<function <lambda> at 0x7fa4962879f0>,<function <lambda> at 0x7fa496287a90>,<function <lambda> at 0x7fa496287b30>
14320,2021-08-19 15:00:00,<function <lambda> at 0x7fa4962879f0>,<function <lambda> at 0x7fa496287a90>,<function <lambda> at 0x7fa496287b30>
14321,2021-08-19 16:00:00,<function <lambda> at 0x7fa4962879f0>,<function <lambda> at 0x7fa496287a90>,<function <lambda> at 0x7fa496287b30>
14322,2021-08-19 17:00:00,<function <lambda> at 0x7fa4962879f0>,<function <lambda> at 0x7fa496287a90>,<function <lambda> at 0x7fa496287b30>
14323,2021-08-19 18:00:00,<function <lambda> at 0x7fa4962879f0>,<function <lambda> at 0x7fa496287a90>,<function <lambda> at 0x7fa496287b30>
14324,2021-08-19 19:00:00,<function <lambda> at 0x7fa4962879f0>,<function <lambda> at 0x7fa496287a90>,<function <lambda> at 0x7fa496287b30>
14325,2021-08-19 20:00:00,<function <lambda> at 0x7fa4962879f0>,<function <lambda> at 0x7fa496287a90>,<function <lambda> at 0x7fa496287b30>
14326,2021-08-19 21:00:00,<function <lambda> at 0x7fa4962879f0>,<function <lambda> at 0x7fa496287a90>,<function <lambda> at 0x7fa496287b30>
14327,2021-08-19 22:00:00,<function <lambda> at 0x7fa4962879f0>,<function <lambda> at 0x7fa496287a90>,<function <lambda> at 0x7fa496287b30>
14328,2021-08-19 23:00:00,<function <lambda> at 0x7fa4962879f0>,<function <lambda> at 0x7fa496287a90>,<function <lambda> at 0x7fa496287b30>
14329,2021-08-20 00:00:00,<function <lambda> at 0x7fa4962879f0>,<function <lambda> at 0x7fa496287a90>,<function <lambda> at 0x7fa496287b30>
14330,2021-08-20 01:00:00,<function <lambda> at 0x7fa4962879f0>,<function <lambda> at 0x7fa496287a90>,<function <lambda> at 0x7fa496287b30>
14331,2021-08-20 02:00:00,<function <lambda> at 0x7fa4962879f0>,<function <lambda> at 0x7fa496287a90>,<function <lambda> at 0x7fa496287b30>
14332,2021-08-20 03:00:00,<function <lambda> at 0x7fa4962879f0>,<function <lambda> at 0x7fa496287a90>,<function <lambda> at 0x7fa496287b30>
14333,2021-08-20 04:00:00,<function <lambda> at 0x7fa4962879f0>,<function <lambda> at 0x7fa496287a90>,<function <lambda> at 0x7fa496287b30>
14334,2021-08-20 05:00:00,<function <lambda> at 0x7fa4962879f0>,<function <lambda> at 0x7fa496287a90>,<function <lambda> at 0x7fa496287b30>
14335,2021-08-20 06:00:00,<function <lambda> at 0x7fa4962879f0>,<function <lambda> at 0x7fa496287a90>,<function <lambda> at 0x7fa496287b30>
14336,2021-08-20 07:00:00,<function <lambda> at 0x7fa4962879f0>,<function <lambda> at 0x7fa496287a90>,<function <lambda> at 0x7fa496287b30>
14337,2021-08-20 08:00:00,<function <lambda> at 0x7fa4962879f0>,<function <lambda> at 0x7fa496287a90>,<function <lambda> at 0x7fa496287b30>
14338,2021-08-20 09:00:00,<function <lambda> at 0x7fa4962879f0>,<function <lambda> at 0x7fa496287a90>,<function <lambda> at 0x7fa496287b30>
14339,2021-08-20 10:00:00,<function <lambda> at 0x7fa4962879f0>,<function <lambda> at 0x7fa496287a90>,<function <lambda> at 0x7fa496287b30>
14340,2021-08-20 11:00:00,<function <lambda> at 0x7fa4962879f0>,<function <lambda> at 0x7fa496287a90>,<function <lambda> at 0x7fa496287b30>
14341,2021-08-20 12:00:00,<function <lambda> at 0x7fa4962879f0>,<function <lambda> at 0x7fa496287a90>,<function <lambda> at 0x7fa496287b30>
14342,2021-08-20 13:00:00,<function <lambda> at 0x7fa4962879f0>,<function <lambda> at 0x7fa496287a90>,<function <lambda> at 0x7fa496287b30>
14343,2021-08-20 14:00:00,<function <lambda> at 0x7fa4962879f0>,<function <lambda> at 0x7fa496287a90>,<function <lambda> at 0x7fa496287b30>
14344,2021-08-20 15:00:00,<function <lambda> at 0x7fa4962879f0>,<function <lambda> at 0x7fa496287a90>,<function <lambda> at 0x7fa496287b30>
14345,2021-08-20 16:00:00,<function <lambda> at 0x7fa4962879f0>,<function <lambda> at 0x7fa496287a90>,<function <lambda> at 0x7fa496287b30>
14346,2021-08-20 17:00:00,<function <lambda> at 0x7fa4962879f0>,<function <lambda> at 0x7fa496287a90>,<function <lambda> at 0x7fa496287b30>
14347,2021-08-20 18:00:00,<function <lambda> at 0x7fa4962879f0>,<function <lambda> at 0x7fa496287a90>,<function <lambda> at 0x7fa496287b30>
14348,2021-08-20 19:00:00,<function <lambda> at 0x7fa4962879f0>,<function <lambda> at 0x7fa496287a90>,<function <lambda> at 0x7fa496287b30>
14349,2021-08-20 20:00:00,<function <lambda> at 0x7fa4962879f0>,<function <lambda> at 0x7fa496287a90>,<function <lambda> at 0x7fa496287b30>
14350,2021-08-20 21:00:00,<function <lambda> at 0x7fa4962879f0>,<function <lambda> at 0x7fa496287a90>,<function <lambda> at 0x7fa496287b30>
14351,2021-08-20 22:00:00,<function <lambda> at 0x7fa4962879f0>,<function <lambda> at 0x7fa496287a90>,<function <lambda> at 0x7fa496287b30>
14352,2021-08-20 23:00:00,<function <lambda> at 0x7fa4962879f0>,<function <lambda> at 0x7fa496287a90>,<function <lambda> at 0x7fa496287b30>
14353,2021-08-21 00:00:00,<function <lambda> at 0x7fa4962879f0>,<function <lambda> at 0x7fa496287a90>,<function <lambda> at 0x7fa496287b30>
14354,2021-08-21 01:00:00,<function <lambda> at 0x7fa4962879f0>,<function <lambda> at 0x7fa496287a90>,<function <lambda> at 0x7fa496287b30>
14355,2021-08-21 02:00:00,<function <lambda> at 0x7fa4962879f0>,<function <lambda> at 0x7fa496287a90>,<function <lambda> at 0x7fa496287b30>
14356,2021-08-21 03:00:00,<function <lambda> at 0x7fa4962879f0>,<function <lambda> at 0x7fa496287a90>,<function <lambda> at 0x7fa496287b30>
14357,2021-08-21 04:00:00,<function <lambda> at 0x7fa4962879f0>,<function <lambda> at 0x7fa496287a90>,<function <lambda> at 0x7fa496287b30>
14358,2021-08-21 05:00:00,<function <lambda> at 0x7fa4962879f0>,<function <lambda> at 0x7fa496287a90>,<function <lambda> at 0x7fa496287b30>
14359,2021-08-21 06:00:00,<function <lambda> at 0x7fa4962879f0>,<function <lambda> at 0x7fa496287a90>,<function <lambda> at 0x7fa496287b30>
14360,2021-08-21 07:00:00,<function <lambda> at 0x7fa4962879f0>,<function <lambda> at 0x7fa496287a90>,<function <lambda> at 0x7fa496287b30>
14361,2021-08-21 08:00:00,<function <lambda> at 0x7fa4962879f0>,<function <lambda> at 0x7fa496287a90>,<function <lambda> at 0x7fa496287b30>
14362,2021-08-21 09:00:00,<function <lambda> at 0x7fa4962879f0>,<function <lambda> at 0x7fa496287a90>,<function <lambda> at 0x7fa496287b30>
14363,2021-08-21 10:00:00,<function <lambda> at 0x7fa4962879f0>,<function <lambda> at 0x7fa496287a90>,<function <lambda> at 0x7fa496287b30>
14364,2021-08-21 11:00:00,<function <lambda> at 0x7fa4962879f0>,<function <lambda> at 0x7fa496287a90>,<function <lambda> at 0x7fa496287b30>
14365,2021-08-21 12:00:00,<function <lambda> at 0x7fa4962879f0>,<function <lambda> at 0x7fa496287a90>,<function <lambda> at 0x7fa496287b30>
14366,2021-08-21 13:00:00,<function <lambda> at 0x7fa4962879f0>,<function <lambda> at 0x7fa496287a90>,<function <lambda> at 0x7fa496287b30>
14367,2021-08-21 14:00:00,<function <lambda> at 0x7fa4962879f0>,<function <lambda> at 0x7fa496287a90>,<function <lambda> at 0x7fa496287b30>
14368,2021-08-21 15:00:00,<function <lambda> at 0x7fa4962879f0>,<function <lambda> at 0x7fa496287a90>,<function <lambda> at 0x7fa496287b30>
14369,2021-08-21 16:00:00,<function <lambda> at 0x7fa4962879f0>,<function <lambda> at 0x7fa496287a90>,<function <lambda> at 0x7fa496287b30>
14370,2021-08-21 17:00:00,<function <lambda> at 0x7fa4962879f0>,<function <lambda> at 0x7fa496287a90>,<function <lambda> at 0x7fa496287b30>
14371,2021-08-21 18:00:00,<function <lambda> at 0x7fa4962879f0>,<function <lambda> at 0x7fa496287a90>,<function <lambda> at 0x7fa496287b30>
14372,2021-08-21 19:00:00,<function <lambda> at 0x7fa4962879f0>,<function <lambda> at 0x7fa496287a90>,<function <lambda> at 0x7fa496287b30>
14373,2021-08-21 20:00:00,<function <lambda> at 0x7fa4962879f0>,<function <lambda> at 0x7fa496287a90>,<function <lambda> at 0x7fa496287b30>
14374,2021-08-21 21:00:00,<function <lambda> at 0x7fa4962879f0>,<function <lambda> at 0x7fa496287a90>,<function <lambda> at 0x7fa496287b30>
14375,2021-08-21 22:00:00,<function <lambda> at 0x7fa4962879f0>,<function <lambda> at 0x7fa496287a90>,<function <lambda> at 0x7fa496287b30>
14376,2021-08-21 23:00:00,<function <lambda> at 0x7fa4962879f0>,<function <lambda> at 0x7fa496287a90>,<function <lambda> at 0x7fa496287b30>
14377,2021-08-22 00:00:00,<function <lambda> at 0x7fa4962879f0>,<function <lambda> at 0x7fa496287a90>,<function <lambda> at 0x7fa496287b30>
14378,2021-08-22 01:00:00,<function <lambda> at 0x7fa4962879f0>,<function <lambda> at 0x7fa496287a90>,<function <lambda> at 0x7fa496287b30>
14379,2021-08-22 02:00:00,<function <lambda> at 0x7fa4962879f0>,<function <lambda> at 0x7fa496287a90>,<function <lambda> at 0x7fa496287b30>
14380,2021-08-22 03:00:00,<function <lambda> at 0x7fa4962879f0>,<function <lambda> at 0x7fa496287a90>,<function <lambda> at 0x7fa496287b30>
14381,2021-08-22 04:00:00,<function <lambda> at 0x7fa4962879f0>,<function <lambda> at 0x7fa496287a90>,<function <lambda> at 0x7fa496287b30>
14382,2021-08-22 05:00:00,<function <lambda> at 0x7fa4962879f0>,<function <lambda> at 0x7fa496287a90>,<function <lambda> at 0x7fa496287b30>
14383,2021-08-22 06:00:00,<function <lambda> at 0x7fa4962879f0>,<function <lambda> at 0x7fa496287a90>,<function <lambda> at 0x7fa496287b30>
14384,2021-08-22 07:00:00,<function <lambda> at 0x7fa4962879f0>,<function <lambda> at 0x7fa496287a90>,<function <lambda> at 0x7fa496287b30>
14385,2021-08-22 08:00:00,<function <lambda> at 0x7fa4962879f0>,<function <lambda> at 0x7fa496287a90>,<function <lambda> at 0x7fa496287b30>
14386,2021-08-22 09:00:00,<function <lambda> at 0x7fa4962879f0>,<function <lambda> at 0x7fa496287a90>,<function <lambda> at 0x7fa496287b30>
14387,2021-08-22 10:00:00,<function <lambda> at 0x7fa4962879f0>,<function <lambda> at 0x7fa496287a90>,<function <lambda> at 0x7fa496287b30>
14388,2021-08-22 11:00:00,<function <lambda> at 0x7fa4962879f0>,<function <lambda> at 0x7fa496287a90>,<function <lambda> at 0x7fa496287b30>
14389,2021-08-22 12:00:00,<function <lambda> at 0x7fa4962879f0>,<function <lambda> at 0x7fa496287a90>,<function <lambda> at 0x7fa496287b30>
14390,2021-08-22 13:00:00,<function <lambda> at 0x7fa4962879f0>,<function <lambda> at 0x7fa496287a90>,<function <lambda> at 0x7fa496287b30>
14391,2021-08-22 14:00:00,<function <lambda> at 0x7fa4962879f0>,<function <lambda> at 0x7fa496287a90>,<function <lambda> at 0x7fa496287b30>
14392,2021-08-22 15:00:00,<function <lambda> at 0x7fa4962879f0>,<function <lambda> at 0x7fa496287a90>,<function <lambda> at 0x7fa496287b30>
14393,2021-08-22 16:00:00,<function <lambda> at 0x7fa4962879f0>,<function <lambda> at 0x7fa496287a90>,<function <lambda> at 0x7fa496287b30>
14394,2021-08-22 17:00:00,<function <lambda> at 0x7fa4962879f0>,<function <lambda> at 0x7fa496287a90>,<function <lambda> at 0x7fa496287b30>
14395,2021-08-22 18:00:00,<function <lambda> at 0x7fa4962879f0>,<function <lambda> at 0x7fa496287a90>,<function <lambda> at 0x7fa496287b30>
14396,2021-08-22 19:00:00,<function <lambda> at 0x7fa4962879f0>,<function <lambda> at 0x7fa496287a90>,<function <lambda> at 0x7fa496287b30>
14397,2021-08-22 20:00:00,<function <lambda> at 0x7fa4962879f0>,<function <lambda> at 0x7fa496287a90>,<function <lambda> at 0x7fa496287b30>
14398,2021-08-22 21:00:00,<function <lambda> at 0x7fa4962879f0>,<function <lambda> at 0x7fa496287a90>,<function <lambda> at 0x7fa496287b30>
14399,2021-08-22 22:00:00,<function <lambda> at 0x7fa4962879f0>,<function <lambda> at 0x7fa496287a90>,<function <lambda> at 0x7fa496287b30>
14400,2021-08-22 23:00:00,<function <lambda> at 0x7fa4962879f0>,<function <lambda> at 0x7fa496287a90>,<function <lambda> at 0x7fa496287b30>
14401,2021-08-23 00:00:00,<function <lambda> at 0x7fa4962879f0>,<function <lambda> at 0x7fa496287a90>,<function <lambda> at 0x7fa496287b30>
14402,2021-08-23 01:00:00,<function <lambda> at 0x7fa4962879f0>,<function <lambda> at 0x7fa496287a90>,<function <lambda> at 0x7fa496287b30>
14403,2021-08-23 02:00:00,<function <lambda> at 0x7fa4962879f0>,<function <lambda> at 0x7fa496287a90>,<function <lambda> at 0x7fa496287b30>
14404,2021-08-23 03:00:00,<function <lambda> at 0x7fa4962879f0>,<function <lambda> at 0x7fa496287a90>,<function <lambda> at 0x7fa496287b30>
14405,2021-08-23 04:00:00,<function <lambda> at 0x7fa4962879f0>,<function <lambda> at 0x7fa496287a90>,<function <lambda> at 0x7fa496287b30>
14406,2021-08-23 05:00:00,<function <lambda> at 0x7fa4962879f0>,<function <lambda> at 0x7fa496287a90>,<function <lambda> at 0x7fa496287b30>
14407,2021-08-23 06:00:00,<function <lambda> at 0x7fa4962879f0>,<function <lambda> at 0x7fa496287a90>,<function <lambda> at 0x7fa496287b30>
14408,2021-08-23 07:00:00,<function <lambda> at 0x7fa4962879f0>,<function <lambda> at 0x7fa496287a90>,<function <lambda> at 0x7fa496287b30>
14409,2021-08-23 08:00:00,<function <lambda> at 0x7fa4962879f0>,<function <lambda> at 0x7fa496287a90>,<function <lambda> at 0x7fa496287b30>
14410,2021-08-23 09:00:00,<function <lambda> at 0x7fa4962879f0>,<function <lambda> at 0x7fa496287a90>,<function <lambda> at 0x7fa496287b30>
14411,2021-08-23 10:00:00,<function <lambda> at 0x7fa4962879f0>,<function <lambda> at 0x7fa496287a90>,<function <lambda> at 0x7fa496287b30>
14412,2021-08-23 11:00:00,<function <lambda> at 0x7fa4962879f0>,<function <lambda> at 0x7fa496287a90>,<function <lambda> at 0x7fa496287b30>
14413,2021-08-23 12:00:00,<function <lambda> at 0x7fa4962879f0>,<function <lambda> at 0x7fa496287a90>,<function <lambda> at 0x7fa496287b30>
14414,2021-08-23 13:00:00,<function <lambda> at 0x7fa4962879f0>,<function <lambda> at 0x7fa496287a90>,<function <lambda> at 0x7fa496287b30>
14415,2021-08-23 14:00:00,<function <lambda> at 0x7fa4962879f0>,<function <lambda> at 0x7fa496287a90>,<function <lambda> at 0x7fa496287b30>
14416,2021-08-23 15:00:00,<function <lambda> at 0x7fa4962879f0>,<function <lambda> at 0x7fa496287a90>,<function <lambda> at 0x7fa496287b30>
14417,2021-08-23 16:00:00,<function <lambda> at 0x7fa4962879f0>,<function <lambda> at 0x7fa496287a90>,<function <lambda> at 0x7fa496287b30>
14418,2021-08-23 17:00:00,<function <lambda> at 0x7fa4962879f0>,<function <lambda> at 0x7fa496287a90>,<function <lambda> at 0x7fa496287b30>
14419,2021-08-23 18:00:00,<function <lambda> at 0x7fa4962879f0>,<function <lambda> at 0x7fa496287a90>,<function <lambda> at 0x7fa496287b30>
14420,2021-08-23 19:00:00,<function <lambda> at 0x7fa4962879f0>,<function <lambda> at 0x7fa496287a90>,<function <lambda> at 0x7fa496287b30>
14421,2021-08-23 20:00:00,<function <lambda> at 0x7fa4962879f0>,<function <lambda> at 0x7fa496287a90>,<function <lambda> at 0x7fa496287b30>
14422,2021-08-23 21:00:00,<function <lambda> at 0x7fa4962879f0>,<function <lambda> at 0x7fa496287a90>,<function <lambda> at 0x7fa496287b30>
14423,2021-08-23 22:00:00,<function <lambda> at 0x7fa4962879f0>,<function <lambda> at 0x7fa496287a90>,<function <lambda> at 0x7fa496287b30>
14424,2021-08-23 23:00:00,<function <lambda> at 0x7fa4962879f0>,<function <lambda> at 0x7fa496287a90>,<function <lambda> at 0x7fa496287b30>
14425,2021-08-24 00:00:00,<function <lambda> at 0x7fa4962879f0>,<function <lambda> at 0x7fa496287a90>,<function <lambda> at 0x7fa496287b30>
14426,2021-08-24 01:00:00,<function <lambda> at 0x7fa4962879f0>,<function <lambda> at 0x7fa496287a90>,<function <lambda> at 0x7fa496287b30>
14427,2021-08-24 02:00:00,<function <lambda> at 0x7fa4962879f0>,<function <lambda> at 0x7fa496287a90>,<function <lambda> at 0x7fa496287b30>
14428,2021-08-24 03:00:00,<function <lambda> at 0x7fa4962879f0>,<function <lambda> at 0x7fa496287a90>,<function <lambda> at 0x7fa496287b30>
14429,2021-08-24 04:00:00,<function <lambda> at 0x7fa4962879f0>,<function <lambda> at 0x7fa496287a90>,<function <lambda> at 0x7fa496287b30>
14430,2021-08-24 05:00:00,<function <lambda> at 0x7fa4962879f0>,<function <lambda> at 0x7fa496287a90>,<function <lambda> at 0x7fa496287b30>
14431,2021-08-24 06:00:00,<function <lambda> at 0x7fa4962879f0>,<function <lambda> at 0x7fa496287a90>,<function <lambda> at 0x7fa496287b30>
14432,2021-08-24 07:00:00,<function <lambda> at 0x7fa4962879f0>,<function <lambda> at 0x7fa496287a90>,<function <lambda> at 0x7fa496287b30>
14433,2021-08-24 08:00:00,<function <lambda> at 0x7fa4962879f0>,<function <lambda> at 0x7fa496287a90>,<function <lambda> at 0x7fa496287b30>
14434,2021-08-24 09:00:00,<function <lambda> at 0x7fa4962879f0>,<function <lambda> at 0x7fa496287a90>,<function <lambda> at 0x7fa496287b30>
14435,2021-08-24 10:00:00,<function <lambda> at 0x7fa4962879f0>,<function <lambda> at 0x7fa496287a90>,<function <lambda> at 0x7fa496287b30>
14436,2021-08-24 11:00:00,<function <lambda> at 0x7fa4962879f0>,<function <lambda> at 0x7fa496287a90>,<function <lambda> at 0x7fa496287b30>
14437,2021-08-24 12:00:00,<function <lambda> at 0x7fa4962879f0>,<function <lambda> at 0x7fa496287a90>,<function <lambda> at 0x7fa496287b30>
14438,2021-08-24 13:00:00,<function <lambda> at 0x7fa4962879f0>,<function <lambda> at 0x7fa496287a90>,<function <lambda> at 0x7fa496287b30>
14439,2021-08-24 14:00:00,<function <lambda> at 0x7fa4962879f0>,<function <lambda> at 0x7fa496287a90>,<function <lambda> at 0x7fa496287b30>
14440,2021-08-24 15:00:00,<function <lambda> at 0x7fa4962879f0>,<function <lambda> at 0x7fa496287a90>,<function <lambda> at 0x7fa496287b30>
14441,2021-08-24 16:00:00,<function <lambda> at 0x7fa4962879f0>,<function <lambda> at 0x7fa496287a90>,<function <lambda> at 0x7fa496287b30>
14442,2021-08-24 17:00:00,<function <lambda> at 0x7fa4962879f0>,<function <lambda> at 0x7fa496287a90>,<function <lambda> at 0x7fa496287b30>
14443,2021-08-24 18:00:00,<function <lambda> at 0x7fa4962879f0>,<function <lambda> at 0x7fa496287a90>,<function <lambda> at 0x7fa496287b30>
14444,2021-08-24 19:00:00,<function <lambda> at 0x7fa4962879f0>,<function <lambda> at 0x7fa496287a90>,<function <lambda> at 0x7fa496287b30>
14445,2021-08-24 20:00:00,<function <lambda> at 0x7fa4962879f0>,<function <lambda> at 0x7fa496287a90>,<function <lambda> at 0x7fa496287b30>
14446,2021-08-24 21:00:00,<function <lambda> at 0x7fa4962879f0>,<function <lambda> at 0x7fa496287a90>,<function <lambda> at 0x7fa496287b30>
14447,2021-08-24 22:00:00,<function <lambda> at 0x7fa4962879f0>,<function <lambda> at 0x7fa496287a90>,<function <lambda> at 0x7fa496287b30>
14448,2021-08-24 23:00:00,<function <lambda> at 0x7fa4962879f0>,<function <lambda> at 0x7fa496287a90>,<function <lambda> at 0x7fa496287b30>
14449,2021-08-25 00:00:00,<function <lambda> at 0x7fa4962879f0>,<function <lambda> at 0x7fa496287a90>,<function <lambda> at 0x7fa496287b30>
14450,2021-08-25 01:00:00,<function <lambda> at 0x7fa4962879f0>,<function <lambda> at 0x7fa496287a90>,<function <lambda> at 0x7fa496287b30>
14451,2021-08-25 02:00:00,<function <lambda> at 0x7fa4962879f0>,<function <lambda> at 0x7fa496287a90>,<function <lambda> at 0x7fa496287b30>
14452,2021-08-25 03:00:00,<function <lambda> at 0x7fa4962879f0>,<function <lambda> at 0x7fa496287a90>,<function <lambda> at 0x7fa496287b30>
14453,2021-08-25 04:00:00,<function <lambda> at 0x7fa4962879f0>,<function <lambda> at 0x7fa496287a90>,<function <lambda> at 0x7fa496287b30>
14454,2021-08-25 05:00:00,<function <lambda> at 0x7fa4962879f0>,<function <lambda> at 0x7fa496287a90>,<function <lambda> at 0x7fa496287b30>
14455,2021-08-25 06:00:00,<function <lambda> at 0x7fa4962879f0>,<function <lambda> at 0x7fa496287a90>,<function <lambda> at 0x7fa496287b30>
14456,2021-08-25 07:00:00,<function <lambda> at 0x7fa4962879f0>,<function <lambda> at 0x7fa496287a90>,<function <lambda> at 0x7fa496287b30>
14457,2021-08-25 08:00:00,<function <lambda> at 0x7fa4962879f0>,<function <lambda> at 0x7fa496287a90>,<function <lambda> at 0x7fa496287b30>
14458,2021-08-25 09:00:00,<function <lambda> at 0x7fa4962879f0>,<function <lambda> at 0x7fa496287a90>,<function <lambda> at 0x7fa496287b30>
14459,2021-08-25 10:00:00,<function <lambda> at 0x7fa4962879f0>,<function <lambda> at 0x7fa496287a90>,<function <lambda> at 0x7fa496287b30>
14460,2021-08-25 11:00:00,<function <lambda> at 0x7fa4962879f0>,<function <lambda> at 0x7fa496287a90>,<function <lambda> at 0x7fa496287b30>
14461,2021-08-25 12:00:00,<function <lambda> at 0x7fa4962879f0>,<function <lambda> at 0x7fa496287a90>,<function <lambda> at 0x7fa496287b30>
14462,2021-08-25 13:00:00,<function <lambda> at 0x7fa4962879f0>,<function <lambda> at 0x7fa496287a90>,<function <lambda> at 0x7fa496287b30>
14463,2021-08-25 14:00:00,<function <lambda> at 0x7fa4962879f0>,<function <lambda> at 0x7fa496287a90>,<function <lambda> at 0x7fa496287b30>
14464,2021-08-25 15:00:00,<function <lambda> at 0x7fa4962879f0>,<function <lambda> at 0x7fa496287a90>,<function <lambda> at 0x7fa496287b30>
14465,2021-08-25 16:00:00,<function <lambda> at 0x7fa4962879f0>,<function <lambda> at 0x7fa496287a90>,<function <lambda> at 0x7fa496287b30>
14466,2021-08-25 17:00:00,<function <lambda> at 0x7fa4962879f0>,<function <lambda> at 0x7fa496287a90>,<function <lambda> at 0x7fa496287b30>
14467,2021-08-25 18:00:00,<function <lambda> at 0x7fa4962879f0>,<function <lambda> at 0x7fa496287a90>,<function <lambda> at 0x7fa496287b30>
14468,2021-08-25 19:00:00,<function <lambda> at 0x7fa4962879f0>,<function <lambda> at 0x7fa496287a90>,<function <lambda> at 0x7fa496287b30>
14469,2021-08-25 20:00:00,<function <lambda> at 0x7fa4962879f0>,<function <lambda> at 0x7fa496287a90>,<function <lambda> at 0x7fa496287b30>
14470,2021-08-25 21:00:00,<function <lambda> at 0x7fa4962879f0>,<function <lambda> at 0x7fa496287a90>,<function <lambda> at 0x7fa496287b30>
14471,2021-08-25 22:00:00,<function <lambda> at 0x7fa4962879f0>,<function <lambda> at 0x7fa496287a90>,<function <lambda> at 0x7fa496287b30>
14472,2021-08-25 23:00:00,<function <lambda> at 0x7fa4962879f0>,<function <lambda> at 0x7fa496287a90>,<function <lambda> at 0x7fa496287b30>
14473,2021-08-26 00:00:00,<function <lambda> at 0x7fa4962879f0>,<function <lambda> at 0x7fa496287a90>,<function <lambda> at 0x7fa496287b30>
14474,2021-08-26 01:00:00,<function <lambda> at 0x7fa4962879f0>,<function <lambda> at 0x7fa496287a90>,<function <lambda> at 0x7fa496287b30>
14475,2021-08-26 02:00:00,<function <lambda> at 0x7fa4962879f0>,<function <lambda> at 0x7fa496287a90>,<function <lambda> at 0x7fa496287b30>
14476,2021-08-26 03:00:00,<function <lambda> at 0x7fa4962879f0>,<function <lambda> at 0x7fa496287a90>,<function <lambda> at 0x7fa496287b30>
14477,2021-08-26 04:00:00,<function <lambda> at 0x7fa4962879f0>,<function <lambda> at 0x7fa496287a90>,<function <lambda> at 0x7fa496287b30>
14478,2021-08-26 05:00:00,<function <lambda> at 0x7fa4962879f0>,<function <lambda> at 0x7fa496287a90>,<function <lambda> at 0x7fa496287b30>
14479,2021-08-26 06:00:00,<function <lambda> at 0x7fa4962879f0>,<function <lambda> at 0x7fa496287a90>,<function <lambda> at 0x7fa496287b30>
14480,2021-08-26 07:00:00,<function <lambda> at 0x7fa4962879f0>,<function <lambda> at 0x7fa496287a90>,<function <lambda> at 0x7fa496287b30>
14481,2021-08-26 08:00:00,<function <lambda> at 0x7fa4962879f0>,<function <lambda> at 0x7fa496287a90>,<function <lambda> at 0x7fa496287b30>
14482,2021-08-26 09:00:00,<function <lambda> at 0x7fa4962879f0>,<function <lambda> at 0x7fa496287a90>,<function <lambda> at 0x7fa496287b30>
14483,2021-08-26 10:00:00,<function <lambda> at 0x7fa4962879f0>,<function <lambda> at 0x7fa496287a90>,<function <lambda> at 0x7fa496287b30>
14484,2021-08-26 11:00:00,<function <lambda> at 0x7fa4962879f0>,<function <lambda> at 0x7fa496287a90>,<function <lambda> at 0x7fa496287b30>
14485,2021-08-26 12:00:00,<function <lambda> at 0x7fa4962879f0>,<function <lambda> at 0x7fa496287a90>,<function <lambda> at 0x7fa496287b30>
14486,2021-08-26 13:00:00,<function <lambda> at 0x7fa4962879f0>,<function <lambda> at 0x7fa496287a90>,<function <lambda> at 0x7fa496287b30>
14487,2021-08-26 14:00:00,<function <lambda> at 0x7fa4962879f0>,<function <lambda> at 0x7fa496287a90>,<function <lambda> at 0x7fa496287b30>
14488,2021-08-26 15:00:00,<function <lambda> at 0x7fa4962879f0>,<function <lambda> at 0x7fa496287a90>,<function <lambda> at 0x7fa496287b30>
14489,2021-08-26 16:00:00,<function <lambda> at 0x7fa4962879f0>,<function <lambda> at 0x7fa496287a90>,<function <lambda> at 0x7fa496287b30>
14490,2021-08-26 17:00:00,<function <lambda> at 0x7fa4962879f0>,<function <lambda> at 0x7fa496287a90>,<function <lambda> at 0x7fa496287b30>
14491,2021-08-26 18:00:00,<function <lambda> at 0x7fa4962879f0>,<function <lambda> at 0x7fa496287a90>,<function <lambda> at 0x7fa496287b30>
14492,2021-08-26 19:00:00,<function <lambda> at 0x7fa4962879f0>,<function <lambda> at 0x7fa496287a90>,<function <lambda> at 0x7fa496287b30>
14493,2021-08-26 20:00:00,<function <lambda> at 0x7fa4962879f0>,<function <lambda> at 0x7fa496287a90>,<function <lambda> at 0x7fa496287b30>
14494,2021-08-26 21:00:00,<function <lambda> at 0x7fa4962879f0>,<function <lambda> at 0x7fa496287a90>,<function <lambda> at 0x7fa496287b30>
14495,2021-08-26 22:00:00,<function <lambda> at 0x7fa4962879f0>,<function <lambda> at 0x7fa496287a90>,<function <lambda> at 0x7fa496287b30>
14496,2021-08-26 23:00:00,<function <lambda> at 0x7fa4962879f0>,<function <lambda> at 0x7fa496287a90>,<function <lambda> at 0x7fa496287b30>
14497,2021-08-27 00:00:00,<function <lambda> at 0x7fa4962879f0>,<function <lambda> at 0x7fa496287a90>,<function <lambda> at 0x7fa496287b30>
14498,2021-08-27 01:00:00,<function <lambda> at 0x7fa4962879f0>,<function <lambda> at 0x7fa496287a90>,<function <lambda> at 0x7fa496287b30>
14499,2021-08-27 02:00:00,<function <lambda> at 0x7fa4962879f0>,<function <lambda> at 0x7fa496287a90>,<function <lambda> at 0x7fa496287b30>
14500,2021-08-27 03:00:00,<function <lambda> at 0x7fa4962879f0>,<function <lambda> at 0x7fa496287a90>,<function <lambda> at 0x7fa496287b30>
14501,2021-08-27 04:00:00,<function <lambda> at 0x7fa4962879f0>,<function <lambda> at 0x7fa496287a90>,<function <lambda> at 0x7fa496287b30>
14502,2021-08-27 05:00:00,<function <lambda> at 0x7fa4962879f0>,<function <lambda> at 0x7fa496287a90>,<function <lambda> at 0x7fa496287b30>
14503,2021-08-27 06:00:00,<function <lambda> at 0x7fa4962879f0>,<function <lambda> at 0x7fa496287a90>,<function <lambda> at 0x7fa496287b30>
14504,2021-08-27 07:00:00,<function <lambda> at 0x7fa4962879f0>,<function <lambda> at 0x7fa496287a90>,<function <lambda> at 0x7fa496287b30>
14505,2021-08-27 08:00:00,<function <lambda> at 0x7fa4962879f0>,<function <lambda> at 0x7fa496287a90>,<function <lambda> at 0x7fa496287b30>
14506,2021-08-27 09:00:00,<function <lambda> at 0x7fa4962879f0>,<function <lambda> at 0x7fa496287a90>,<function <lambda> at 0x7fa496287b30>
14507,2021-08-27 10:00:00,<function <lambda> at 0x7fa4962879f0>,<function <lambda> at 0x7fa496287a90>,<function <lambda> at 0x7fa496287b30>
14508,2021-08-27 11:00:00,<function <lambda> at 0x7fa4962879f0>,<function <lambda> at 0x7fa496287a90>,<function <lambda> at 0x7fa496287b30>
14509,2021-08-27 12:00:00,<function <lambda> at 0x7fa4962879f0>,<function <lambda> at 0x7fa496287a90>,<function <lambda> at 0x7fa496287b30>
14510,2021-08-27 13:00:00,<function <lambda> at 0x7fa4962879f0>,<function <lambda> at 0x7fa496287a90>,<function <lambda> at 0x7fa496287b30>
14511,2021-08-27 14:00:00,<function <lambda> at 0x7fa4962879f0>,<function <lambda> at 0x7fa496287a90>,<function <lambda> at 0x7fa496287b30>
14512,2021-08-27 15:00:00,<function <lambda> at 0x7fa4962879f0>,<function <lambda> at 0x7fa496287a90>,<function <lambda> at 0x7fa496287b30>
14513,2021-08-27 16:00:00,<function <lambda> at 0x7fa4962879f0>,<function <lambda> at 0x7fa496287a90>,<function <lambda> at 0x7fa496287b30>
14514,2021-08-27 17:00:00,<function <lambda> at 0x7fa4962879f0>,<function <lambda> at 0x7fa496287a90>,<function <lambda> at 0x7fa496287b30>
14515,2021-08-27 18:00:00,<function <lambda> at 0x7fa4962879f0>,<function <lambda> at 0x7fa496287a90>,<function <lambda> at 0x7fa496287b30>
14516,2021-08-27 19:00:00,<function <lambda> at 0x7fa4962879f0>,<function <lambda> at 0x7fa496287a90>,<function <lambda> at 0x7fa496287b30>
14517,2021-08-27 20:00:00,<function <lambda> at 0x7fa4962879f0>,<function <lambda> at 0x7fa496287a90>,<function <lambda> at 0x7fa496287b30>
14518,2021-08-27 21:00:00,<function <lambda> at 0x7fa4962879f0>,<function <lambda> at 0x7fa496287a90>,<function <lambda> at 0x7fa496287b30>
14519,2021-08-27 22:00:00,<function <lambda> at 0x7fa4962879f0>,<function <lambda> at 0x7fa496287a90>,<function <lambda> at 0x7fa496287b30>
14520,2021-08-27 23:00:00,<function <lambda> at 0x7fa4962879f0>,<function <lambda> at 0x7fa496287a90>,<function <lambda> at 0x7fa496287b30>
14521,2021-08-28 00:00:00,<function <lambda> at 0x7fa4962879f0>,<function <lambda> at 0x7fa496287a90>,<function <lambda> at 0x7fa496287b30>
14522,2021-08-28 01:00:00,<function <lambda> at 0x7fa4962879f0>,<function <lambda> at 0x7fa496287a90>,<function <lambda> at 0x7fa496287b30>
14523,2021-08-28 02:00:00,<function <lambda> at 0x7fa4962879f0>,<function <lambda> at 0x7fa496287a90>,<function <lambda> at 0x7fa496287b30>
14524,2021-08-28 03:00:00,<function <lambda> at 0x7fa4962879f0>,<function <lambda> at 0x7fa496287a90>,<function <lambda> at 0x7fa496287b30>
14525,2021-08-28 04:00:00,<function <lambda> at 0x7fa4962879f0>,<function <lambda> at 0x7fa496287a90>,<function <lambda> at 0x7fa496287b30>
14526,2021-08-28 05:00:00,<function <lambda> at 0x7fa4962879f0>,<function <lambda> at 0x7fa496287a90>,<function <lambda> at 0x7fa496287b30>
14527,2021-08-28 06:00:00,<function <lambda> at 0x7fa4962879f0>,<function <lambda> at 0x7fa496287a90>,<function <lambda> at 0x7fa496287b30>
14528,2021-08-28 07:00:00,<function <lambda> at 0x7fa4962879f0>,<function <lambda> at 0x7fa496287a90>,<function <lambda> at 0x7fa496287b30>
14529,2021-08-28 08:00:00,<function <lambda> at 0x7fa4962879f0>,<function <lambda> at 0x7fa496287a90>,<function <lambda> at 0x7fa496287b30>
14530,2021-08-28 09:00:00,<function <lambda> at 0x7fa4962879f0>,<function <lambda> at 0x7fa496287a90>,<function <lambda> at 0x7fa496287b30>
14531,2021-08-28 10:00:00,<function <lambda> at 0x7fa4962879f0>,<function <lambda> at 0x7fa496287a90>,<function <lambda> at 0x7fa496287b30>
14532,2021-08-28 11:00:00,<function <lambda> at 0x7fa4962879f0>,<function <lambda> at 0x7fa496287a90>,<function <lambda> at 0x7fa496287b30>
14533,2021-08-28 12:00:00,<function <lambda> at 0x7fa4962879f0>,<function <lambda> at 0x7fa496287a90>,<function <lambda> at 0x7fa496287b30>
14534,2021-08-28 13:00:00,<function <lambda> at 0x7fa4962879f0>,<function <lambda> at 0x7fa496287a90>,<function <lambda> at 0x7fa496287b30>
14535,2021-08-28 14:00:00,<function <lambda> at 0x7fa4962879f0>,<function <lambda> at 0x7fa496287a90>,<function <lambda> at 0x7fa496287b30>
14536,2021-08-28 15:00:00,<function <lambda> at 0x7fa4962879f0>,<function <lambda> at 0x7fa496287a90>,<function <lambda> at 0x7fa496287b30>
14537,2021-08-28 16:00:00,<function <lambda> at 0x7fa4962879f0>,<function <lambda> at 0x7fa496287a90>,<function <lambda> at 0x7fa496287b30>
14538,2021-08-28 17:00:00,<function <lambda> at 0x7fa4962879f0>,<function <lambda> at 0x7fa496287a90>,<function <lambda> at 0x7fa496287b30>
14539,2021-08-28 18:00:00,<function <lambda> at 0x7fa4962879f0>,<function <lambda> at 0x7fa496287a90>,<function <lambda> at 0x7fa496287b30>
14540,2021-08-28 19:00:00,<function <lambda> at 0x7fa4962879f0>,<function <lambda> at 0x7fa496287a90>,<function <lambda> at 0x7fa496287b30>
14541,2021-08-28 20:00:00,<function <lambda> at 0x7fa4962879f0>,<function <lambda> at 0x7fa496287a90>,<function <lambda> at 0x7fa496287b30>
14542,2021-08-28 21:00:00,<function <lambda> at 0x7fa4962879f0>,<function <lambda> at 0x7fa496287a90>,<function <lambda> at 0x7fa496287b30>
14543,2021-08-28 22:00:00,<function <lambda> at 0x7fa4962879f0>,<function <lambda> at 0x7fa496287a90>,<function <lambda> at 0x7fa496287b30>
14544,2021-08-28 23:00:00,<function <lambda> at 0x7fa4962879f0>,<function <lambda> at 0x7fa496287a90>,<function <lambda> at 0x7fa496287b30>
14545,2021-08-29 00:00:00,<function <lambda> at 0x7fa4962879f0>,<function <lambda> at 0x7fa496287a90>,<function <lambda> at 0x7fa496287b30>
14546,2021-08-29 01:00:00,<function <lambda> at 0x7fa4962879f0>,<function <lambda> at 0x7fa496287a90>,<function <lambda> at 0x7fa496287b30>
14547,2021-08-29 02:00:00,<function <lambda> at 0x7fa4962879f0>,<function <lambda> at 0x7fa496287a90>,<function <lambda> at 0x7fa496287b30>
14548,2021-08-29 03:00:00,<function <lambda> at 0x7fa4962879f0>,<function <lambda> at 0x7fa496287a90>,<function <lambda> at 0x7fa496287b30>
14549,2021-08-29 04:00:00,<function <lambda> at 0x7fa4962879f0>,<function <lambda> at 0x7fa496287a90>,<function <lambda> at 0x7fa496287b30>
14550,2021-08-29 05:00:00,<function <lambda> at 0x7fa4962879f0>,<function <lambda> at 0x7fa496287a90>,<function <lambda> at 0x7fa496287b30>
14551,2021-08-29 06:00:00,<function <lambda> at 0x7fa4962879f0>,<function <lambda> at 0x7fa496287a90>,<function <lambda> at 0x7fa496287b30>
14552,2021-08-29 07:00:00,<function <lambda> at 0x7fa4962879f0>,<function <lambda> at 0x7fa496287a90>,<function <lambda> at 0x7fa496287b30>
14553,2021-08-29 08:00:00,<function <lambda> at 0x7fa4962879f0>,<function <lambda> at 0x7fa496287a90>,<function <lambda> at 0x7fa496287b30>
14554,2021-08-29 09:00:00,<function <lambda> at 0x7fa4962879f0>,<function <lambda> at 0x7fa496287a90>,<function <lambda> at 0x7fa496287b30>
14555,2021-08-29 10:00:00,<function <lambda> at 0x7fa4962879f0>,<function <lambda> at 0x7fa496287a90>,<function <lambda> at 0x7fa496287b30>
14556,2021-08-29 11:00:00,<function <lambda> at 0x7fa4962879f0>,<function <lambda> at 0x7fa496287a90>,<function <lambda> at 0x7fa496287b30>
14557,2021-08-29 12:00:00,<function <lambda> at 0x7fa4962879f0>,<function <lambda> at 0x7fa496287a90>,<function <lambda> at 0x7fa496287b30>
14558,2021-08-29 13:00:00,<function <lambda> at 0x7fa4962879f0>,<function <lambda> at 0x7fa496287a90>,<function <lambda> at 0x7fa496287b30>
14559,2021-08-29 14:00:00,<function <lambda> at 0x7fa4962879f0>,<function <lambda> at 0x7fa496287a90>,<function <lambda> at 0x7fa496287b30>
14560,2021-08-29 15:00:00,<function <lambda> at 0x7fa4962879f0>,<function <lambda> at 0x7fa496287a90>,<function <lambda> at 0x7fa496287b30>
14561,2021-08-29 16:00:00,<function <lambda> at 0x7fa4962879f0>,<function <lambda> at 0x7fa496287a90>,<function <lambda> at 0x7fa496287b30>
14562,2021-08-29 17:00:00,<function <lambda> at 0x7fa4962879f0>,<function <lambda> at 0x7fa496287a90>,<function <lambda> at 0x7fa496287b30>
14563,2021-08-29 18:00:00,<function <lambda> at 0x7fa4962879f0>,<function <lambda> at 0x7fa496287a90>,<function <lambda> at 0x7fa496287b30>
14564,2021-08-29 19:00:00,<function <lambda> at 0x7fa4962879f0>,<function <lambda> at 0x7fa496287a90>,<function <lambda> at 0x7fa496287b30>
14565,2021-08-29 20:00:00,<function <lambda> at 0x7fa4962879f0>,<function <lambda> at 0x7fa496287a90>,<function <lambda> at 0x7fa496287b30>
14566,2021-08-29 21:00:00,<function <lambda> at 0x7fa4962879f0>,<function <lambda> at 0x7fa496287a90>,<function <lambda> at 0x7fa496287b30>
14567,2021-08-29 22:00:00,<function <lambda> at 0x7fa4962879f0>,<function <lambda> at 0x7fa496287a90>,<function <lambda> at 0x7fa496287b30>
14568,2021-08-29 23:00:00,<function <lambda> at 0x7fa4962879f0>,<function <lambda> at 0x7fa496287a90>,<function <lambda> at 0x7fa496287b30>
14569,2021-08-30 00:00:00,<function <lambda> at 0x7fa4962879f0>,<function <lambda> at 0x7fa496287a90>,<function <lambda> at 0x7fa496287b30>
14570,2021-08-30 01:00:00,<function <lambda> at 0x7fa4962879f0>,<function <lambda> at 0x7fa496287a90>,<function <lambda> at 0x7fa496287b30>
14571,2021-08-30 02:00:00,<function <lambda> at 0x7fa4962879f0>,<function <lambda> at 0x7fa496287a90>,<function <lambda> at 0x7fa496287b30>
14572,2021-08-30 03:00:00,<function <lambda> at 0x7fa4962879f0>,<function <lambda> at 0x7fa496287a90>,<function <lambda> at 0x7fa496287b30>
14573,2021-08-30 04:00:00,<function <lambda> at 0x7fa4962879f0>,<function <lambda> at 0x7fa496287a90>,<function <lambda> at 0x7fa496287b30>
14574,2021-08-30 05:00:00,<function <lambda> at 0x7fa4962879f0>,<function <lambda> at 0x7fa496287a90>,<function <lambda> at 0x7fa496287b30>
14575,2021-08-30 06:00:00,<function <lambda> at 0x7fa4962879f0>,<function <lambda> at 0x7fa496287a90>,<function <lambda> at 0x7fa496287b30>
14576,2021-08-30 07:00:00,<function <lambda> at 0x7fa4962879f0>,<function <lambda> at 0x7fa496287a90>,<function <lambda> at 0x7fa496287b30>
14577,2021-08-30 08:00:00,<function <lambda> at 0x7fa4962879f0>,<function <lambda> at 0x7fa496287a90>,<function <lambda> at 0x7fa496287b30>
14578,2021-08-30 09:00:00,<function <lambda> at 0x7fa4962879f0>,<function <lambda> at 0x7fa496287a90>,<function <lambda> at 0x7fa496287b30>
14579,2021-08-30 10:00:00,<function <lambda> at 0x7fa4962879f0>,<function <lambda> at 0x7fa496287a90>,<function <lambda> at 0x7fa496287b30>
14580,2021-08-30 11:00:00,<function <lambda> at 0x7fa4962879f0>,<function <lambda> at 0x7fa496287a90>,<function <lambda> at 0x7fa496287b30>
14581,2021-08-30 12:00:00,<function <lambda> at 0x7fa4962879f0>,<function <lambda> at 0x7fa496287a90>,<function <lambda> at 0x7fa496287b30>
14582,2021-08-30 13:00:00,<function <lambda> at 0x7fa4962879f0>,<function <lambda> at 0x7fa496287a90>,<function <lambda> at 0x7fa496287b30>
14583,2021-08-30 14:00:00,<function <lambda> at 0x7fa4962879f0>,<function <lambda> at 0x7fa496287a90>,<function <lambda> at 0x7fa496287b30>
14584,2021-08-30 15:00:00,<function <lambda> at 0x7fa4962879f0>,<function <lambda> at 0x7fa496287a90>,<function <lambda> at 0x7fa496287b30>
14585,2021-08-30 16:00:00,<function <lambda> at 0x7fa4962879f0>,<function <lambda> at 0x7fa496287a90>,<function <lambda> at 0x7fa496287b30>
14586,2021-08-30 17:00:00,<function <lambda> at 0x7fa4962879f0>,<function <lambda> at 0x7fa496287a90>,<function <lambda> at 0x7fa496287b30>
14587,2021-08-30 18:00:00,<function <lambda> at 0x7fa4962879f0>,<function <lambda> at 0x7fa496287a90>,<function <lambda> at 0x7fa496287b30>
14588,2021-08-30 19:00:00,<function <lambda> at 0x7fa4962879f0>,<function <lambda> at 0x7fa496287a90>,<function <lambda> at 0x7fa496287b30>
14589,2021-08-30 20:00:00,<function <lambda> at 0x7fa4962879f0>,<function <lambda> at 0x7fa496287a90>,<function <lambda> at 0x7fa496287b30>
14590,2021-08-30 21:00:00,<function <lambda> at 0x7fa4962879f0>,<function <lambda> at 0x7fa496287a90>,<function <lambda> at 0x7fa496287b30>
14591,2021-08-30 22:00:00,<function <lambda> at 0x7fa4962879f0>,<function <lambda> at 0x7fa496287a90>,<function <lambda> at 0x7fa496287b30>
14592,2021-08-30 23:00:00,<function <lambda> at 0x7fa4962879f0>,<function <lambda> at 0x7fa496287a90>,<function <lambda> at 0x7fa496287b30>
14593,2021-08-31 00:00:00,<function <lambda> at 0x7fa4962879f0>,<function <lambda> at 0x7fa496287a90>,<function <lambda> at 0x7fa496287b30>
14594,2021-08-31 01:00:00,<function <lambda> at 0x7fa4962879f0>,<function <lambda> at 0x7fa496287a90>,<function <lambda> at 0x7fa496287b30>
14595,2021-08-31 02:00:00,<function <lambda> at 0x7fa4962879f0>,<function <lambda> at 0x7fa496287a90>,<function <lambda> at 0x7fa496287b30>
14596,2021-08-31 03:00:00,<function <lambda> at 0x7fa4962879f0>,<function <lambda> at 0x7fa496287a90>,<function <lambda> at 0x7fa496287b30>
14597,2021-08-31 04:00:00,<function <lambda> at 0x7fa4962879f0>,<function <lambda> at 0x7fa496287a90>,<function <lambda> at 0x7fa496287b30>
14598,2021-08-31 05:00:00,<function <lambda> at 0x7fa4962879f0>,<function <lambda> at 0x7fa496287a90>,<function <lambda> at 0x7fa496287b30>
14599,2021-08-31 06:00:00,<function <lambda> at 0x7fa4962879f0>,<function <lambda> at 0x7fa496287a90>,<function <lambda> at 0x7fa496287b30>
14600,2021-08-31 07:00:00,<function <lambda> at 0x7fa4962879f0>,<function <lambda> at 0x7fa496287a90>,<function <lambda> at 0x7fa496287b30>
14601,2021-08-31 08:00:00,<function <lambda> at 0x7fa4962879f0>,<function <lambda> at 0x7fa496287a90>,<function <lambda> at 0x7fa496287b30>
14602,2021-08-31 09:00:00,<function <lambda> at 0x7fa4962879f0>,<function <lambda> at 0x7fa496287a90>,<function <lambda> at 0x7fa496287b30>
14603,2021-08-31 10:00:00,<function <lambda> at 0x7fa4962879f0>,<function <lambda> at 0x7fa496287a90>,<function <lambda> at 0x7fa496287b30>
14604,2021-08-31 11:00:00,<function <lambda> at 0x7fa4962879f0>,<function <lambda> at 0x7fa496287a90>,<function <lambda> at 0x7fa496287b30>
14605,2021-08-31 12:00:00,<function <lambda> at 0x7fa4962879f0>,<function <lambda> at 0x7fa496287a90>,<function <lambda> at 0x7fa496287b30>
14606,2021-08-31 13:00:00,<function <lambda> at 0x7fa4962879f0>,<function <lambda> at 0x7fa496287a90>,<function <lambda> at 0x7fa496287b30>
14607,2021-08-31 14:00:00,<function <lambda> at 0x7fa4962879f0>,<function <lambda> at 0x7fa496287a90>,<function <lambda> at 0x7fa496287b30>
14608,2021-08-31 15:00:00,<function <lambda> at 0x7fa4962879f0>,<function <lambda> at 0x7fa496287a90>,<function <lambda> at 0x7fa496287b30>
14609,2021-08-31 16:00:00,<function <lambda> at 0x7fa4962879f0>,<function <lambda> at 0x7fa496287a90>,<function <lambda> at 0x7fa496287b30>
14610,2021-08-31 17:00:00,<function <lambda> at 0x7fa4962879f0>,<function <lambda> at 0x7fa496287a90>,<function <lambda> at 0x7fa496287b30>
14611,2021-08-31 18:00:00,<function <lambda> at 0x7fa4962879f0>,<function <lambda> at 0x7fa496287a90>,<function <lambda> at 0x7fa496287b30>
14612,2021-08-31 19:00:00,<function <lambda> at 0x7fa4962879f0>,<function <lambda> at 0x7fa496287a90>,<function <lambda> at 0x7fa496287b30>
14613,2021-08-31 20:00:00,<function <lambda> at 0x7fa4962879f0>,<function <lambda> at 0x7fa496287a90>,<function <lambda> at 0x7fa496287b30>
14614,2021-08-31 21:00:00,<function <lambda> at 0x7fa4962879f0>,<function <lambda> at 0x7fa496287a90>,<function <lambda> at 0x7fa496287b30>
14615,2021-08-31 22:00:00,<function <lambda> at 0x7fa4962879f0>,<function <lambda> at 0x7fa496287a90>,<function <lambda> at 0x7fa496287b30>
14616,2021-08-31 23:00:00,<function <lambda> at 0x7fa4962879f0>,<function <lambda> at 0x7fa496287a90>,<function <lambda> at 0x7fa496287b30>
14617,2021-09-01 00:00:00,<function <lambda> at 0x7fa4962879f0>,<function <lambda> at 0x7fa496287a90>,<function <lambda> at 0x7fa496287b30>
14618,2021-09-01 01:00:00,<function <lambda> at 0x7fa4962879f0>,<function <lambda> at 0x7fa496287a90>,<function <lambda> at 0x7fa496287b30>
14619,2021-09-01 02:00:00,<function <lambda> at 0x7fa4962879f0>,<function <lambda> at 0x7fa496287a90>,<function <lambda> at 0x7fa496287b30>
14620,2021-09-01 03:00:00,<function <lambda> at 0x7fa4962879f0>,<function <lambda> at 0x7fa496287a90>,<function <lambda> at 0x7fa496287b30>
14621,2021-09-01 04:00:00,<function <lambda> at 0x7fa4962879f0>,<function <lambda> at 0x7fa496287a90>,<function <lambda> at 0x7fa496287b30>
14622,2021-09-01 05:00:00,<function <lambda> at 0x7fa4962879f0>,<function <lambda> at 0x7fa496287a90>,<function <lambda> at 0x7fa496287b30>
14623,2021-09-01 06:00:00,<function <lambda> at 0x7fa4962879f0>,<function <lambda> at 0x7fa496287a90>,<function <lambda> at 0x7fa496287b30>
14624,2021-09-01 07:00:00,<function <lambda> at 0x7fa4962879f0>,<function <lambda> at 0x7fa496287a90>,<function <lambda> at 0x7fa496287b30>
14625,2021-09-01 08:00:00,<function <lambda> at 0x7fa4962879f0>,<function <lambda> at 0x7fa496287a90>,<function <lambda> at 0x7fa496287b30>
14626,2021-09-01 09:00:00,<function <lambda> at 0x7fa4962879f0>,<function <lambda> at 0x7fa496287a90>,<function <lambda> at 0x7fa496287b30>
14627,2021-09-01 10:00:00,<function <lambda> at 0x7fa4962879f0>,<function <lambda> at 0x7fa496287a90>,<function <lambda> at 0x7fa496287b30>
14628,2021-09-01 11:00:00,<function <lambda> at 0x7fa4962879f0>,<function <lambda> at 0x7fa496287a90>,<function <lambda> at 0x7fa496287b30>
14629,2021-09-01 12:00:00,<function <lambda> at 0x7fa4962879f0>,<function <lambda> at 0x7fa496287a90>,<function <lambda> at 0x7fa496287b30>
14630,2021-09-01 13:00:00,<function <lambda> at 0x7fa4962879f0>,<function <lambda> at 0x7fa496287a90>,<function <lambda> at 0x7fa496287b30>
14631,2021-09-01 14:00:00,<function <lambda> at 0x7fa4962879f0>,<function <lambda> at 0x7fa496287a90>,<function <lambda> at 0x7fa496287b30>
14632,2021-09-01 15:00:00,<function <lambda> at 0x7fa4962879f0>,<function <lambda> at 0x7fa496287a90>,<function <lambda> at 0x7fa496287b30>
14633,2021-09-01 16:00:00,<function <lambda> at 0x7fa4962879f0>,<function <lambda> at 0x7fa496287a90>,<function <lambda> at 0x7fa496287b30>
14634,2021-09-01 17:00:00,<function <lambda> at 0x7fa4962879f0>,<function <lambda> at 0x7fa496287a90>,<function <lambda> at 0x7fa496287b30>
14635,2021-09-01 18:00:00,<function <lambda> at 0x7fa4962879f0>,<function <lambda> at 0x7fa496287a90>,<function <lambda> at 0x7fa496287b30>
14636,2021-09-01 19:00:00,<function <lambda> at 0x7fa4962879f0>,<function <lambda> at 0x7fa496287a90>,<function <lambda> at 0x7fa496287b30>
14637,2021-09-01 20:00:00,<function <lambda> at 0x7fa4962879f0>,<function <lambda> at 0x7fa496287a90>,<function <lambda> at 0x7fa496287b30>
14638,2021-09-01 21:00:00,<function <lambda> at 0x7fa4962879f0>,<function <lambda> at 0x7fa496287a90>,<function <lambda> at 0x7fa496287b30>
14639,2021-09-01 22:00:00,<function <lambda> at 0x7fa4962879f0>,<function <lambda> at 0x7fa496287a90>,<function <lambda> at 0x7fa496287b30>
14640,2021-09-01 23:00:00,<function <lambda> at 0x7fa4962879f0>,<function <lambda> at 0x7fa496287a90>,<function <lambda> at 0x7fa496287b30>
14641,2021-09-02 00:00:00,<function <lambda> at 0x7fa4962879f0>,<function <lambda> at 0x7fa496287a90>,<function <lambda> at 0x7fa496287b30>
14642,2021-09-02 01:00:00,<function <lambda> at 0x7fa4962879f0>,<function <lambda> at 0x7fa496287a90>,<function <lambda> at 0x7fa496287b30>
14643,2021-09-02 02:00:00,<function <lambda> at 0x7fa4962879f0>,<function <lambda> at 0x7fa496287a90>,<function <lambda> at 0x7fa496287b30>
14644,2021-09-02 03:00:00,<function <lambda> at 0x7fa4962879f0>,<function <lambda> at 0x7fa496287a90>,<function <lambda> at 0x7fa496287b30>
14645,2021-09-02 04:00:00,<function <lambda> at 0x7fa4962879f0>,<function <lambda> at 0x7fa496287a90>,<function <lambda> at 0x7fa496287b30>
14646,2021-09-02 05:00:00,<function <lambda> at 0x7fa4962879f0>,<function <lambda> at 0x7fa496287a90>,<function <lambda> at 0x7fa496287b30>
14647,2021-09-02 06:00:00,<function <lambda> at 0x7fa4962879f0>,<function <lambda> at 0x7fa496287a90>,<function <lambda> at 0x7fa496287b30>
14648,2021-09-02 07:00:00,<function <lambda> at 0x7fa4962879f0>,<function <lambda> at 0x7fa496287a90>,<function <lambda> at 0x7fa496287b30>
14649,2021-09-02 08:00:00,<function <lambda> at 0x7fa4962879f0>,<function <lambda> at 0x7fa496287a90>,<function <lambda> at 0x7fa496287b30>
14650,2021-09-02 09:00:00,<function <lambda> at 0x7fa4962879f0>,<function <lambda> at 0x7fa496287a90>,<function <lambda> at 0x7fa496287b30>
14651,2021-09-02 10:00:00,<function <lambda> at 0x7fa4962879f0>,<function <lambda> at 0x7fa496287a90>,<function <lambda> at 0x7fa496287b30>
14652,2021-09-02 11:00:00,<function <lambda> at 0x7fa4962879f0>,<function <lambda> at 0x7fa496287a90>,<function <lambda> at 0x7fa496287b30>
14653,2021-09-02 12:00:00,<function <lambda> at 0x7fa4962879f0>,<function <lambda> at 0x7fa496287a90>,<function <lambda> at 0x7fa496287b30>
14654,2021-09-02 13:00:00,<function <lambda> at 0x7fa4962879f0>,<function <lambda> at 0x7fa496287a90>,<function <lambda> at 0x7fa496287b30>
14655,2021-09-02 14:00:00,<function <lambda> at 0x7fa4962879f0>,<function <lambda> at 0x7fa496287a90>,<function <lambda> at 0x7fa496287b30>
14656,2021-09-02 15:00:00,<function <lambda> at 0x7fa4962879f0>,<function <lambda> at 0x7fa496287a90>,<function <lambda> at 0x7fa496287b30>
14657,2021-09-02 16:00:00,<function <lambda> at 0x7fa4962879f0>,<function <lambda> at 0x7fa496287a90>,<function <lambda> at 0x7fa496287b30>
14658,2021-09-02 17:00:00,<function <lambda> at 0x7fa4962879f0>,<function <lambda> at 0x7fa496287a90>,<function <lambda> at 0x7fa496287b30>
14659,2021-09-02 18:00:00,<function <lambda> at 0x7fa4962879f0>,<function <lambda> at 0x7fa496287a90>,<function <lambda> at 0x7fa496287b30>
14660,2021-09-02 19:00:00,<function <lambda> at 0x7fa4962879f0>,<function <lambda> at 0x7fa496287a90>,<function <lambda> at 0x7fa496287b30>
14661,2021-09-02 20:00:00,<function <lambda> at 0x7fa4962879f0>,<function <lambda> at 0x7fa496287a90>,<function <lambda> at 0x7fa496287b30>
14662,2021-09-02 21:00:00,<function <lambda> at 0x7fa4962879f0>,<function <lambda> at 0x7fa496287a90>,<function <lambda> at 0x7fa496287b30>
14663,2021-09-02 22:00:00,<function <lambda> at 0x7fa4962879f0>,<function <lambda> at 0x7fa496287a90>,<function <lambda> at 0x7fa496287b30>
14664,2021-09-02 23:00:00,<function <lambda> at 0x7fa4962879f0>,<function <lambda> at 0x7fa496287a90>,<function <lambda> at 0x7fa496287b30>
14665,2021-09-03 00:00:00,<function <lambda> at 0x7fa4962879f0>,<function <lambda> at 0x7fa496287a90>,<function <lambda> at 0x7fa496287b30>
14666,2021-09-03 01:00:00,<function <lambda> at 0x7fa4962879f0>,<function <lambda> at 0x7fa496287a90>,<function <lambda> at 0x7fa496287b30>
14667,2021-09-03 02:00:00,<function <lambda> at 0x7fa4962879f0>,<function <lambda> at 0x7fa496287a90>,<function <lambda> at 0x7fa496287b30>
14668,2021-09-03 03:00:00,<function <lambda> at 0x7fa4962879f0>,<function <lambda> at 0x7fa496287a90>,<function <lambda> at 0x7fa496287b30>
14669,2021-09-03 04:00:00,<function <lambda> at 0x7fa4962879f0>,<function <lambda> at 0x7fa496287a90>,<function <lambda> at 0x7fa496287b30>
14670,2021-09-03 05:00:00,<function <lambda> at 0x7fa4962879f0>,<function <lambda> at 0x7fa496287a90>,<function <lambda> at 0x7fa496287b30>
14671,2021-09-03 06:00:00,<function <lambda> at 0x7fa4962879f0>,<function <lambda> at 0x7fa496287a90>,<function <lambda> at 0x7fa496287b30>
14672,2021-09-03 07:00:00,<function <lambda> at 0x7fa4962879f0>,<function <lambda> at 0x7fa496287a90>,<function <lambda> at 0x7fa496287b30>
14673,2021-09-03 08:00:00,<function <lambda> at 0x7fa4962879f0>,<function <lambda> at 0x7fa496287a90>,<function <lambda> at 0x7fa496287b30>
14674,2021-09-03 09:00:00,<function <lambda> at 0x7fa4962879f0>,<function <lambda> at 0x7fa496287a90>,<function <lambda> at 0x7fa496287b30>
14675,2021-09-03 10:00:00,<function <lambda> at 0x7fa4962879f0>,<function <lambda> at 0x7fa496287a90>,<function <lambda> at 0x7fa496287b30>
14676,2021-09-03 11:00:00,<function <lambda> at 0x7fa4962879f0>,<function <lambda> at 0x7fa496287a90>,<function <lambda> at 0x7fa496287b30>
14677,2021-09-03 12:00:00,<function <lambda> at 0x7fa4962879f0>,<function <lambda> at 0x7fa496287a90>,<function <lambda> at 0x7fa496287b30>
14678,2021-09-03 13:00:00,<function <lambda> at 0x7fa4962879f0>,<function <lambda> at 0x7fa496287a90>,<function <lambda> at 0x7fa496287b30>
14679,2021-09-03 14:00:00,<function <lambda> at 0x7fa4962879f0>,<function <lambda> at 0x7fa496287a90>,<function <lambda> at 0x7fa496287b30>
14680,2021-09-03 15:00:00,<function <lambda> at 0x7fa4962879f0>,<function <lambda> at 0x7fa496287a90>,<function <lambda> at 0x7fa496287b30>
14681,2021-09-03 16:00:00,<function <lambda> at 0x7fa4962879f0>,<function <lambda> at 0x7fa496287a90>,<function <lambda> at 0x7fa496287b30>
14682,2021-09-03 17:00:00,<function <lambda> at 0x7fa4962879f0>,<function <lambda> at 0x7fa496287a90>,<function <lambda> at 0x7fa496287b30>
14683,2021-09-03 18:00:00,<function <lambda> at 0x7fa4962879f0>,<function <lambda> at 0x7fa496287a90>,<function <lambda> at 0x7fa496287b30>
14684,2021-09-03 19:00:00,<function <lambda> at 0x7fa4962879f0>,<function <lambda> at 0x7fa496287a90>,<function <lambda> at 0x7fa496287b30>
14685,2021-09-03 20:00:00,<function <lambda> at 0x7fa4962879f0>,<function <lambda> at 0x7fa496287a90>,<function <lambda> at 0x7fa496287b30>
14686,2021-09-03 21:00:00,<function <lambda> at 0x7fa4962879f0>,<function <lambda> at 0x7fa496287a90>,<function <lambda> at 0x7fa496287b30>
14687,2021-09-03 22:00:00,<function <lambda> at 0x7fa4962879f0>,<function <lambda> at 0x7fa496287a90>,<function <lambda> at 0x7fa496287b30>
14688,2021-09-03 23:00:00,<function <lambda> at 0x7fa4962879f0>,<function <lambda> at 0x7fa496287a90>,<function <lambda> at 0x7fa496287b30>
14689,2021-09-04 00:00:00,<function <lambda> at 0x7fa4962879f0>,<function <lambda> at 0x7fa496287a90>,<function <lambda> at 0x7fa496287b30>
14690,2021-09-04 01:00:00,<function <lambda> at 0x7fa4962879f0>,<function <lambda> at 0x7fa496287a90>,<function <lambda> at 0x7fa496287b30>
14691,2021-09-04 02:00:00,<function <lambda> at 0x7fa4962879f0>,<function <lambda> at 0x7fa496287a90>,<function <lambda> at 0x7fa496287b30>
14692,2021-09-04 03:00:00,<function <lambda> at 0x7fa4962879f0>,<function <lambda> at 0x7fa496287a90>,<function <lambda> at 0x7fa496287b30>
14693,2021-09-04 04:00:00,<function <lambda> at 0x7fa4962879f0>,<function <lambda> at 0x7fa496287a90>,<function <lambda> at 0x7fa496287b30>
14694,2021-09-04 05:00:00,<function <lambda> at 0x7fa4962879f0>,<function <lambda> at 0x7fa496287a90>,<function <lambda> at 0x7fa496287b30>
14695,2021-09-04 06:00:00,<function <lambda> at 0x7fa4962879f0>,<function <lambda> at 0x7fa496287a90>,<function <lambda> at 0x7fa496287b30>
14696,2021-09-04 07:00:00,<function <lambda> at 0x7fa4962879f0>,<function <lambda> at 0x7fa496287a90>,<function <lambda> at 0x7fa496287b30>
14697,2021-09-04 08:00:00,<function <lambda> at 0x7fa4962879f0>,<function <lambda> at 0x7fa496287a90>,<function <lambda> at 0x7fa496287b30>
14698,2021-09-04 09:00:00,<function <lambda> at 0x7fa4962879f0>,<function <lambda> at 0x7fa496287a90>,<function <lambda> at 0x7fa496287b30>
14699,2021-09-04 10:00:00,<function <lambda> at 0x7fa4962879f0>,<function <lambda> at 0x7fa496287a90>,<function <lambda> at 0x7fa496287b30>
14700,2021-09-04 11:00:00,<function <lambda> at 0x7fa4962879f0>,<function <lambda> at 0x7fa496287a90>,<function <lambda> at 0x7fa496287b30>
14701,2021-09-04 12:00:00,<function <lambda> at 0x7fa4962879f0>,<function <lambda> at 0x7fa496287a90>,<function <lambda> at 0x7fa496287b30>
14702,2021-09-04 13:00:00,<function <lambda> at 0x7fa4962879f0>,<function <lambda> at 0x7fa496287a90>,<function <lambda> at 0x7fa496287b30>
14703,2021-09-04 14:00:00,<function <lambda> at 0x7fa4962879f0>,<function <lambda> at 0x7fa496287a90>,<function <lambda> at 0x7fa496287b30>
14704,2021-09-04 15:00:00,<function <lambda> at 0x7fa4962879f0>,<function <lambda> at 0x7fa496287a90>,<function <lambda> at 0x7fa496287b30>
14705,2021-09-04 16:00:00,<function <lambda> at 0x7fa4962879f0>,<function <lambda> at 0x7fa496287a90>,<function <lambda> at 0x7fa496287b30>
14706,2021-09-04 17:00:00,<function <lambda> at 0x7fa4962879f0>,<function <lambda> at 0x7fa496287a90>,<function <lambda> at 0x7fa496287b30>
14707,2021-09-04 18:00:00,<function <lambda> at 0x7fa4962879f0>,<function <lambda> at 0x7fa496287a90>,<function <lambda> at 0x7fa496287b30>
14708,2021-09-04 19:00:00,<function <lambda> at 0x7fa4962879f0>,<function <lambda> at 0x7fa496287a90>,<function <lambda> at 0x7fa496287b30>
14709,2021-09-04 20:00:00,<function <lambda> at 0x7fa4962879f0>,<function <lambda> at 0x7fa496287a90>,<function <lambda> at 0x7fa496287b30>
14710,2021-09-04 21:00:00,<function <lambda> at 0x7fa4962879f0>,<function <lambda> at 0x7fa496287a90>,<function <lambda> at 0x7fa496287b30>
14711,2021-09-04 22:00:00,<function <lambda> at 0x7fa4962879f0>,<function <lambda> at 0x7fa496287a90>,<function <lambda> at 0x7fa496287b30>
14712,2021-09-04 23:00:00,<function <lambda> at 0x7fa4962879f0>,<function <lambda> at 0x7fa496287a90>,<function <lambda> at 0x7fa496287b30>
14713,2021-09-05 00:00:00,<function <lambda> at 0x7fa4962879f0>,<function <lambda> at 0x7fa496287a90>,<function <lambda> at 0x7fa496287b30>
14714,2021-09-05 01:00:00,<function <lambda> at 0x7fa4962879f0>,<function <lambda> at 0x7fa496287a90>,<function <lambda> at 0x7fa496287b30>
14715,2021-09-05 02:00:00,<function <lambda> at 0x7fa4962879f0>,<function <lambda> at 0x7fa496287a90>,<function <lambda> at 0x7fa496287b30>
14716,2021-09-05 03:00:00,<function <lambda> at 0x7fa4962879f0>,<function <lambda> at 0x7fa496287a90>,<function <lambda> at 0x7fa496287b30>
14717,2021-09-05 04:00:00,<function <lambda> at 0x7fa4962879f0>,<function <lambda> at 0x7fa496287a90>,<function <lambda> at 0x7fa496287b30>
14718,2021-09-05 05:00:00,<function <lambda> at 0x7fa4962879f0>,<function <lambda> at 0x7fa496287a90>,<function <lambda> at 0x7fa496287b30>
14719,2021-09-05 06:00:00,<function <lambda> at 0x7fa4962879f0>,<function <lambda> at 0x7fa496287a90>,<function <lambda> at 0x7fa496287b30>
14720,2021-09-05 07:00:00,<function <lambda> at 0x7fa4962879f0>,<function <lambda> at 0x7fa496287a90>,<function <lambda> at 0x7fa496287b30>
14721,2021-09-05 08:00:00,<function <lambda> at 0x7fa4962879f0>,<function <lambda> at 0x7fa496287a90>,<function <lambda> at 0x7fa496287b30>
14722,2021-09-05 09:00:00,<function <lambda> at 0x7fa4962879f0>,<function <lambda> at 0x7fa496287a90>,<function <lambda> at 0x7fa496287b30>
14723,2021-09-05 10:00:00,<function <lambda> at 0x7fa4962879f0>,<function <lambda> at 0x7fa496287a90>,<function <lambda> at 0x7fa496287b30>
14724,2021-09-05 11:00:00,<function <lambda> at 0x7fa4962879f0>,<function <lambda> at 0x7fa496287a90>,<function <lambda> at 0x7fa496287b30>
14725,2021-09-05 12:00:00,<function <lambda> at 0x7fa4962879f0>,<function <lambda> at 0x7fa496287a90>,<function <lambda> at 0x7fa496287b30>
14726,2021-09-05 13:00:00,<function <lambda> at 0x7fa4962879f0>,<function <lambda> at 0x7fa496287a90>,<function <lambda> at 0x7fa496287b30>
14727,2021-09-05 14:00:00,<function <lambda> at 0x7fa4962879f0>,<function <lambda> at 0x7fa496287a90>,<function <lambda> at 0x7fa496287b30>
14728,2021-09-05 15:00:00,<function <lambda> at 0x7fa4962879f0>,<function <lambda> at 0x7fa496287a90>,<function <lambda> at 0x7fa496287b30>
14729,2021-09-05 16:00:00,<function <lambda> at 0x7fa4962879f0>,<function <lambda> at 0x7fa496287a90>,<function <lambda> at 0x7fa496287b30>
14730,2021-09-05 17:00:00,<function <lambda> at 0x7fa4962879f0>,<function <lambda> at 0x7fa496287a90>,<function <lambda> at 0x7fa496287b30>
14731,2021-09-05 18:00:00,<function <lambda> at 0x7fa4962879f0>,<function <lambda> at 0x7fa496287a90>,<function <lambda> at 0x7fa496287b30>
14732,2021-09-05 19:00:00,<function <lambda> at 0x7fa4962879f0>,<function <lambda> at 0x7fa496287a90>,<function <lambda> at 0x7fa496287b30>
14733,2021-09-05 20:00:00,<function <lambda> at 0x7fa4962879f0>,<function <lambda> at 0x7fa496287a90>,<function <lambda> at 0x7fa496287b30>
14734,2021-09-05 21:00:00,<function <lambda> at 0x7fa4962879f0>,<function <lambda> at 0x7fa496287a90>,<function <lambda> at 0x7fa496287b30>
14735,2021-09-05 22:00:00,<function <lambda> at 0x7fa4962879f0>,<function <lambda> at 0x7fa496287a90>,<function <lambda> at 0x7fa496287b30>
14736,2021-09-05 23:00:00,<function <lambda> at 0x7fa4962879f0>,<function <lambda> at 0x7fa496287a90>,<function <lambda> at 0x7fa496287b30>
14737,2021-09-06 00:00:00,<function <lambda> at 0x7fa4962879f0>,<function <lambda> at 0x7fa496287a90>,<function <lambda> at 0x7fa496287b30>
14738,2021-09-06 01:00:00,<function <lambda> at 0x7fa4962879f0>,<function <lambda> at 0x7fa496287a90>,<function <lambda> at 0x7fa496287b30>
14739,2021-09-06 02:00:00,<function <lambda> at 0x7fa4962879f0>,<function <lambda> at 0x7fa496287a90>,<function <lambda> at 0x7fa496287b30>
14740,2021-09-06 03:00:00,<function <lambda> at 0x7fa4962879f0>,<function <lambda> at 0x7fa496287a90>,<function <lambda> at 0x7fa496287b30>
14741,2021-09-06 04:00:00,<function <lambda> at 0x7fa4962879f0>,<function <lambda> at 0x7fa496287a90>,<function <lambda> at 0x7fa496287b30>
14742,2021-09-06 05:00:00,<function <lambda> at 0x7fa4962879f0>,<function <lambda> at 0x7fa496287a90>,<function <lambda> at 0x7fa496287b30>
14743,2021-09-06 06:00:00,<function <lambda> at 0x7fa4962879f0>,<function <lambda> at 0x7fa496287a90>,<function <lambda> at 0x7fa496287b30>
14744,2021-09-06 07:00:00,<function <lambda> at 0x7fa4962879f0>,<function <lambda> at 0x7fa496287a90>,<function <lambda> at 0x7fa496287b30>
14745,2021-09-06 08:00:00,<function <lambda> at 0x7fa4962879f0>,<function <lambda> at 0x7fa496287a90>,<function <lambda> at 0x7fa496287b30>
14746,2021-09-06 09:00:00,<function <lambda> at 0x7fa4962879f0>,<function <lambda> at 0x7fa496287a90>,<function <lambda> at 0x7fa496287b30>
14747,2021-09-06 10:00:00,<function <lambda> at 0x7fa4962879f0>,<function <lambda> at 0x7fa496287a90>,<function <lambda> at 0x7fa496287b30>
14748,2021-09-06 11:00:00,<function <lambda> at 0x7fa4962879f0>,<function <lambda> at 0x7fa496287a90>,<function <lambda> at 0x7fa496287b30>
14749,2021-09-06 12:00:00,<function <lambda> at 0x7fa4962879f0>,<function <lambda> at 0x7fa496287a90>,<function <lambda> at 0x7fa496287b30>
14750,2021-09-06 13:00:00,<function <lambda> at 0x7fa4962879f0>,<function <lambda> at 0x7fa496287a90>,<function <lambda> at 0x7fa496287b30>
14751,2021-09-06 14:00:00,<function <lambda> at 0x7fa4962879f0>,<function <lambda> at 0x7fa496287a90>,<function <lambda> at 0x7fa496287b30>
14752,2021-09-06 15:00:00,<function <lambda> at 0x7fa4962879f0>,<function <lambda> at 0x7fa496287a90>,<function <lambda> at 0x7fa496287b30>
14753,2021-09-06 16:00:00,<function <lambda> at 0x7fa4962879f0>,<function <lambda> at 0x7fa496287a90>,<function <lambda> at 0x7fa496287b30>
14754,2021-09-06 17:00:00,<function <lambda> at 0x7fa4962879f0>,<function <lambda> at 0x7fa496287a90>,<function <lambda> at 0x7fa496287b30>
14755,2021-09-06 18:00:00,<function <lambda> at 0x7fa4962879f0>,<function <lambda> at 0x7fa496287a90>,<function <lambda> at 0x7fa496287b30>
14756,2021-09-06 19:00:00,<function <lambda> at 0x7fa4962879f0>,<function <lambda> at 0x7fa496287a90>,<function <lambda> at 0x7fa496287b30>
14757,2021-09-06 20:00:00,<function <lambda> at 0x7fa4962879f0>,<function <lambda> at 0x7fa496287a90>,<function <lambda> at 0x7fa496287b30>
14758,2021-09-06 21:00:00,<function <lambda> at 0x7fa4962879f0>,<function <lambda> at 0x7fa496287a90>,<function <lambda> at 0x7fa496287b30>
14759,2021-09-06 22:00:00,<function <lambda> at 0x7fa4962879f0>,<function <lambda> at 0x7fa496287a90>,<function <lambda> at 0x7fa496287b30>
14760,2021-09-06 23:00:00,<function <lambda> at 0x7fa4962879f0>,<function <lambda> at 0x7fa496287a90>,<function <lambda> at 0x7fa496287b30>
14761,2021-09-07 00:00:00,<function <lambda> at 0x7fa4962879f0>,<function <lambda> at 0x7fa496287a90>,<function <lambda> at 0x7fa496287b30>
14762,2021-09-07 01:00:00,<function <lambda> at 0x7fa4962879f0>,<function <lambda> at 0x7fa496287a90>,<function <lambda> at 0x7fa496287b30>
14763,2021-09-07 02:00:00,<function <lambda> at 0x7fa4962879f0>,<function <lambda> at 0x7fa496287a90>,<function <lambda> at 0x7fa496287b30>
14764,2021-09-07 03:00:00,<function <lambda> at 0x7fa4962879f0>,<function <lambda> at 0x7fa496287a90>,<function <lambda> at 0x7fa496287b30>
14765,2021-09-07 04:00:00,<function <lambda> at 0x7fa4962879f0>,<function <lambda> at 0x7fa496287a90>,<function <lambda> at 0x7fa496287b30>
14766,2021-09-07 05:00:00,<function <lambda> at 0x7fa4962879f0>,<function <lambda> at 0x7fa496287a90>,<function <lambda> at 0x7fa496287b30>
14767,2021-09-07 06:00:00,<function <lambda> at 0x7fa4962879f0>,<function <lambda> at 0x7fa496287a90>,<function <lambda> at 0x7fa496287b30>
14768,2021-09-07 07:00:00,<function <lambda> at 0x7fa4962879f0>,<function <lambda> at 0x7fa496287a90>,<function <lambda> at 0x7fa496287b30>
14769,2021-09-07 08:00:00,<function <lambda> at 0x7fa4962879f0>,<function <lambda> at 0x7fa496287a90>,<function <lambda> at 0x7fa496287b30>
14770,2021-09-07 09:00:00,<function <lambda> at 0x7fa4962879f0>,<function <lambda> at 0x7fa496287a90>,<function <lambda> at 0x7fa496287b30>
14771,2021-09-07 10:00:00,<function <lambda> at 0x7fa4962879f0>,<function <lambda> at 0x7fa496287a90>,<function <lambda> at 0x7fa496287b30>
14772,2021-09-07 11:00:00,<function <lambda> at 0x7fa4962879f0>,<function <lambda> at 0x7fa496287a90>,<function <lambda> at 0x7fa496287b30>
14773,2021-09-07 12:00:00,<function <lambda> at 0x7fa4962879f0>,<function <lambda> at 0x7fa496287a90>,<function <lambda> at 0x7fa496287b30>
14774,2021-09-07 13:00:00,<function <lambda> at 0x7fa4962879f0>,<function <lambda> at 0x7fa496287a90>,<function <lambda> at 0x7fa496287b30>
14775,2021-09-07 14:00:00,<function <lambda> at 0x7fa4962879f0>,<function <lambda> at 0x7fa496287a90>,<function <lambda> at 0x7fa496287b30>
14776,2021-09-07 15:00:00,<function <lambda> at 0x7fa4962879f0>,<function <lambda> at 0x7fa496287a90>,<function <lambda> at 0x7fa496287b30>
14777,2021-09-07 16:00:00,<function <lambda> at 0x7fa4962879f0>,<function <lambda> at 0x7fa496287a90>,<function <lambda> at 0x7fa496287b30>
14778,2021-09-07 17:00:00,<function <lambda> at 0x7fa4962879f0>,<function <lambda> at 0x7fa496287a90>,<function <lambda> at 0x7fa496287b30>
14779,2021-09-07 18:00:00,<function <lambda> at 0x7fa4962879f0>,<function <lambda> at 0x7fa496287a90>,<function <lambda> at 0x7fa496287b30>
14780,2021-09-07 19:00:00,<function <lambda> at 0x7fa4962879f0>,<function <lambda> at 0x7fa496287a90>,<function <lambda> at 0x7fa496287b30>
14781,2021-09-07 20:00:00,<function <lambda> at 0x7fa4962879f0>,<function <lambda> at 0x7fa496287a90>,<function <lambda> at 0x7fa496287b30>
14782,2021-09-07 21:00:00,<function <lambda> at 0x7fa4962879f0>,<function <lambda> at 0x7fa496287a90>,<function <lambda> at 0x7fa496287b30>
14783,2021-09-07 22:00:00,<function <lambda> at 0x7fa4962879f0>,<function <lambda> at 0x7fa496287a90>,<function <lambda> at 0x7fa496287b30>
14784,2021-09-07 23:00:00,<function <lambda> at 0x7fa4962879f0>,<function <lambda> at 0x7fa496287a90>,<function <lambda> at 0x7fa496287b30>
14785,2021-09-08 00:00:00,<function <lambda> at 0x7fa4962879f0>,<function <lambda> at 0x7fa496287a90>,<function <lambda> at 0x7fa496287b30>
14786,2021-09-08 01:00:00,<function <lambda> at 0x7fa4962879f0>,<function <lambda> at 0x7fa496287a90>,<function <lambda> at 0x7fa496287b30>
14787,2021-09-08 02:00:00,<function <lambda> at 0x7fa4962879f0>,<function <lambda> at 0x7fa496287a90>,<function <lambda> at 0x7fa496287b30>
14788,2021-09-08 03:00:00,<function <lambda> at 0x7fa4962879f0>,<function <lambda> at 0x7fa496287a90>,<function <lambda> at 0x7fa496287b30>
14789,2021-09-08 04:00:00,<function <lambda> at 0x7fa4962879f0>,<function <lambda> at 0x7fa496287a90>,<function <lambda> at 0x7fa496287b30>
14790,2021-09-08 05:00:00,<function <lambda> at 0x7fa4962879f0>,<function <lambda> at 0x7fa496287a90>,<function <lambda> at 0x7fa496287b30>
14791,2021-09-08 06:00:00,<function <lambda> at 0x7fa4962879f0>,<function <lambda> at 0x7fa496287a90>,<function <lambda> at 0x7fa496287b30>
14792,2021-09-08 07:00:00,<function <lambda> at 0x7fa4962879f0>,<function <lambda> at 0x7fa496287a90>,<function <lambda> at 0x7fa496287b30>
14793,2021-09-08 08:00:00,<function <lambda> at 0x7fa4962879f0>,<function <lambda> at 0x7fa496287a90>,<function <lambda> at 0x7fa496287b30>
14794,2021-09-08 09:00:00,<function <lambda> at 0x7fa4962879f0>,<function <lambda> at 0x7fa496287a90>,<function <lambda> at 0x7fa496287b30>
14795,2021-09-08 10:00:00,<function <lambda> at 0x7fa4962879f0>,<function <lambda> at 0x7fa496287a90>,<function <lambda> at 0x7fa496287b30>
14796,2021-09-08 11:00:00,<function <lambda> at 0x7fa4962879f0>,<function <lambda> at 0x7fa496287a90>,<function <lambda> at 0x7fa496287b30>
14797,2021-09-08 12:00:00,<function <lambda> at 0x7fa4962879f0>,<function <lambda> at 0x7fa496287a90>,<function <lambda> at 0x7fa496287b30>
14798,2021-09-08 13:00:00,<function <lambda> at 0x7fa4962879f0>,<function <lambda> at 0x7fa496287a90>,<function <lambda> at 0x7fa496287b30>
14799,2021-09-08 14:00:00,<function <lambda> at 0x7fa4962879f0>,<function <lambda> at 0x7fa496287a90>,<function <lambda> at 0x7fa496287b30>
14800,2021-09-08 15:00:00,<function <lambda> at 0x7fa4962879f0>,<function <lambda> at 0x7fa496287a90>,<function <lambda> at 0x7fa496287b30>
14801,2021-09-08 16:00:00,<function <lambda> at 0x7fa4962879f0>,<function <lambda> at 0x7fa496287a90>,<function <lambda> at 0x7fa496287b30>
14802,2021-09-08 17:00:00,<function <lambda> at 0x7fa4962879f0>,<function <lambda> at 0x7fa496287a90>,<function <lambda> at 0x7fa496287b30>
14803,2021-09-08 18:00:00,<function <lambda> at 0x7fa4962879f0>,<function <lambda> at 0x7fa496287a90>,<function <lambda> at 0x7fa496287b30>
14804,2021-09-08 19:00:00,<function <lambda> at 0x7fa4962879f0>,<function <lambda> at 0x7fa496287a90>,<function <lambda> at 0x7fa496287b30>
14805,2021-09-08 20:00:00,<function <lambda> at 0x7fa4962879f0>,<function <lambda> at 0x7fa496287a90>,<function <lambda> at 0x7fa496287b30>
14806,2021-09-08 21:00:00,<function <lambda> at 0x7fa4962879f0>,<function <lambda> at 0x7fa496287a90>,<function <lambda> at 0x7fa496287b30>
14807,2021-09-08 22:00:00,<function <lambda> at 0x7fa4962879f0>,<function <lambda> at 0x7fa496287a90>,<function <lambda> at 0x7fa496287b30>
14808,2021-09-08 23:00:00,<function <lambda> at 0x7fa4962879f0>,<function <lambda> at 0x7fa496287a90>,<function <lambda> at 0x7fa496287b30>
14809,2021-09-09 00:00:00,<function <lambda> at 0x7fa4962879f0>,<function <lambda> at 0x7fa496287a90>,<function <lambda> at 0x7fa496287b30>
14810,2021-09-09 01:00:00,<function <lambda> at 0x7fa4962879f0>,<function <lambda> at 0x7fa496287a90>,<function <lambda> at 0x7fa496287b30>
14811,2021-09-09 02:00:00,<function <lambda> at 0x7fa4962879f0>,<function <lambda> at 0x7fa496287a90>,<function <lambda> at 0x7fa496287b30>
14812,2021-09-09 03:00:00,<function <lambda> at 0x7fa4962879f0>,<function <lambda> at 0x7fa496287a90>,<function <lambda> at 0x7fa496287b30>
14813,2021-09-09 04:00:00,<function <lambda> at 0x7fa4962879f0>,<function <lambda> at 0x7fa496287a90>,<function <lambda> at 0x7fa496287b30>
14814,2021-09-09 05:00:00,<function <lambda> at 0x7fa4962879f0>,<function <lambda> at 0x7fa496287a90>,<function <lambda> at 0x7fa496287b30>
14815,2021-09-09 06:00:00,<function <lambda> at 0x7fa4962879f0>,<function <lambda> at 0x7fa496287a90>,<function <lambda> at 0x7fa496287b30>
14816,2021-09-09 07:00:00,<function <lambda> at 0x7fa4962879f0>,<function <lambda> at 0x7fa496287a90>,<function <lambda> at 0x7fa496287b30>
14817,2021-09-09 08:00:00,<function <lambda> at 0x7fa4962879f0>,<function <lambda> at 0x7fa496287a90>,<function <lambda> at 0x7fa496287b30>
14818,2021-09-09 09:00:00,<function <lambda> at 0x7fa4962879f0>,<function <lambda> at 0x7fa496287a90>,<function <lambda> at 0x7fa496287b30>
14819,2021-09-09 10:00:00,<function <lambda> at 0x7fa4962879f0>,<function <lambda> at 0x7fa496287a90>,<function <lambda> at 0x7fa496287b30>
14820,2021-09-09 11:00:00,<function <lambda> at 0x7fa4962879f0>,<function <lambda> at 0x7fa496287a90>,<function <lambda> at 0x7fa496287b30>
14821,2021-09-09 12:00:00,<function <lambda> at 0x7fa4962879f0>,<function <lambda> at 0x7fa496287a90>,<function <lambda> at 0x7fa496287b30>
14822,2021-09-09 13:00:00,<function <lambda> at 0x7fa4962879f0>,<function <lambda> at 0x7fa496287a90>,<function <lambda> at 0x7fa496287b30>
14823,2021-09-09 14:00:00,<function <lambda> at 0x7fa4962879f0>,<function <lambda> at 0x7fa496287a90>,<function <lambda> at 0x7fa496287b30>
14824,2021-09-09 15:00:00,<function <lambda> at 0x7fa4962879f0>,<function <lambda> at 0x7fa496287a90>,<function <lambda> at 0x7fa496287b30>
14825,2021-09-09 16:00:00,<function <lambda> at 0x7fa4962879f0>,<function <lambda> at 0x7fa496287a90>,<function <lambda> at 0x7fa496287b30>
14826,2021-09-09 17:00:00,<function <lambda> at 0x7fa4962879f0>,<function <lambda> at 0x7fa496287a90>,<function <lambda> at 0x7fa496287b30>
14827,2021-09-09 18:00:00,<function <lambda> at 0x7fa4962879f0>,<function <lambda> at 0x7fa496287a90>,<function <lambda> at 0x7fa496287b30>
14828,2021-09-09 19:00:00,<function <lambda> at 0x7fa4962879f0>,<function <lambda> at 0x7fa496287a90>,<function <lambda> at 0x7fa496287b30>
14829,2021-09-09 20:00:00,<function <lambda> at 0x7fa4962879f0>,<function <lambda> at 0x7fa496287a90>,<function <lambda> at 0x7fa496287b30>
14830,2021-09-09 21:00:00,<function <lambda> at 0x7fa4962879f0>,<function <lambda> at 0x7fa496287a90>,<function <lambda> at 0x7fa496287b30>
14831,2021-09-09 22:00:00,<function <lambda> at 0x7fa4962879f0>,<function <lambda> at 0x7fa496287a90>,<function <lambda> at 0x7fa496287b30>
14832,2021-09-09 23:00:00,<function <lambda> at 0x7fa4962879f0>,<function <lambda> at 0x7fa496287a90>,<function <lambda> at 0x7fa496287b30>
14833,2021-09-10 00:00:00,<function <lambda> at 0x7fa4962879f0>,<function <lambda> at 0x7fa496287a90>,<function <lambda> at 0x7fa496287b30>
14834,2021-09-10 01:00:00,<function <lambda> at 0x7fa4962879f0>,<function <lambda> at 0x7fa496287a90>,<function <lambda> at 0x7fa496287b30>
14835,2021-09-10 02:00:00,<function <lambda> at 0x7fa4962879f0>,<function <lambda> at 0x7fa496287a90>,<function <lambda> at 0x7fa496287b30>
14836,2021-09-10 03:00:00,<function <lambda> at 0x7fa4962879f0>,<function <lambda> at 0x7fa496287a90>,<function <lambda> at 0x7fa496287b30>
14837,2021-09-10 04:00:00,<function <lambda> at 0x7fa4962879f0>,<function <lambda> at 0x7fa496287a90>,<function <lambda> at 0x7fa496287b30>
14838,2021-09-10 05:00:00,<function <lambda> at 0x7fa4962879f0>,<function <lambda> at 0x7fa496287a90>,<function <lambda> at 0x7fa496287b30>
14839,2021-09-10 06:00:00,<function <lambda> at 0x7fa4962879f0>,<function <lambda> at 0x7fa496287a90>,<function <lambda> at 0x7fa496287b30>
14840,2021-09-10 07:00:00,<function <lambda> at 0x7fa4962879f0>,<function <lambda> at 0x7fa496287a90>,<function <lambda> at 0x7fa496287b30>
14841,2021-09-10 08:00:00,<function <lambda> at 0x7fa4962879f0>,<function <lambda> at 0x7fa496287a90>,<function <lambda> at 0x7fa496287b30>
14842,2021-09-10 09:00:00,<function <lambda> at 0x7fa4962879f0>,<function <lambda> at 0x7fa496287a90>,<function <lambda> at 0x7fa496287b30>
14843,2021-09-10 10:00:00,<function <lambda> at 0x7fa4962879f0>,<function <lambda> at 0x7fa496287a90>,<function <lambda> at 0x7fa496287b30>
14844,2021-09-10 11:00:00,<function <lambda> at 0x7fa4962879f0>,<function <lambda> at 0x7fa496287a90>,<function <lambda> at 0x7fa496287b30>
14845,2021-09-10 12:00:00,<function <lambda> at 0x7fa4962879f0>,<function <lambda> at 0x7fa496287a90>,<function <lambda> at 0x7fa496287b30>
14846,2021-09-10 13:00:00,<function <lambda> at 0x7fa4962879f0>,<function <lambda> at 0x7fa496287a90>,<function <lambda> at 0x7fa496287b30>
14847,2021-09-10 14:00:00,<function <lambda> at 0x7fa4962879f0>,<function <lambda> at 0x7fa496287a90>,<function <lambda> at 0x7fa496287b30>
14848,2021-09-10 15:00:00,<function <lambda> at 0x7fa4962879f0>,<function <lambda> at 0x7fa496287a90>,<function <lambda> at 0x7fa496287b30>
14849,2021-09-10 16:00:00,<function <lambda> at 0x7fa4962879f0>,<function <lambda> at 0x7fa496287a90>,<function <lambda> at 0x7fa496287b30>
14850,2021-09-10 17:00:00,<function <lambda> at 0x7fa4962879f0>,<function <lambda> at 0x7fa496287a90>,<function <lambda> at 0x7fa496287b30>
14851,2021-09-10 18:00:00,<function <lambda> at 0x7fa4962879f0>,<function <lambda> at 0x7fa496287a90>,<function <lambda> at 0x7fa496287b30>
14852,2021-09-10 19:00:00,<function <lambda> at 0x7fa4962879f0>,<function <lambda> at 0x7fa496287a90>,<function <lambda> at 0x7fa496287b30>
14853,2021-09-10 20:00:00,<function <lambda> at 0x7fa4962879f0>,<function <lambda> at 0x7fa496287a90>,<function <lambda> at 0x7fa496287b30>
14854,2021-09-10 21:00:00,<function <lambda> at 0x7fa4962879f0>,<function <lambda> at 0x7fa496287a90>,<function <lambda> at 0x7fa496287b30>
14855,2021-09-10 22:00:00,<function <lambda> at 0x7fa4962879f0>,<function <lambda> at 0x7fa496287a90>,<function <lambda> at 0x7fa496287b30>
14856,2021-09-10 23:00:00,<function <lambda> at 0x7fa4962879f0>,<function <lambda> at 0x7fa496287a90>,<function <lambda> at 0x7fa496287b30>
14857,2021-09-11 00:00:00,<function <lambda> at 0x7fa4962879f0>,<function <lambda> at 0x7fa496287a90>,<function <lambda> at 0x7fa496287b30>
14858,2021-09-11 01:00:00,<function <lambda> at 0x7fa4962879f0>,<function <lambda> at 0x7fa496287a90>,<function <lambda> at 0x7fa496287b30>
14859,2021-09-11 02:00:00,<function <lambda> at 0x7fa4962879f0>,<function <lambda> at 0x7fa496287a90>,<function <lambda> at 0x7fa496287b30>
14860,2021-09-11 03:00:00,<function <lambda> at 0x7fa4962879f0>,<function <lambda> at 0x7fa496287a90>,<function <lambda> at 0x7fa496287b30>
14861,2021-09-11 04:00:00,<function <lambda> at 0x7fa4962879f0>,<function <lambda> at 0x7fa496287a90>,<function <lambda> at 0x7fa496287b30>
14862,2021-09-11 05:00:00,<function <lambda> at 0x7fa4962879f0>,<function <lambda> at 0x7fa496287a90>,<function <lambda> at 0x7fa496287b30>
14863,2021-09-11 06:00:00,<function <lambda> at 0x7fa4962879f0>,<function <lambda> at 0x7fa496287a90>,<function <lambda> at 0x7fa496287b30>
14864,2021-09-11 07:00:00,<function <lambda> at 0x7fa4962879f0>,<function <lambda> at 0x7fa496287a90>,<function <lambda> at 0x7fa496287b30>
14865,2021-09-11 08:00:00,<function <lambda> at 0x7fa4962879f0>,<function <lambda> at 0x7fa496287a90>,<function <lambda> at 0x7fa496287b30>
14866,2021-09-11 09:00:00,<function <lambda> at 0x7fa4962879f0>,<function <lambda> at 0x7fa496287a90>,<function <lambda> at 0x7fa496287b30>
14867,2021-09-11 10:00:00,<function <lambda> at 0x7fa4962879f0>,<function <lambda> at 0x7fa496287a90>,<function <lambda> at 0x7fa496287b30>
14868,2021-09-11 11:00:00,<function <lambda> at 0x7fa4962879f0>,<function <lambda> at 0x7fa496287a90>,<function <lambda> at 0x7fa496287b30>
14869,2021-09-11 12:00:00,<function <lambda> at 0x7fa4962879f0>,<function <lambda> at 0x7fa496287a90>,<function <lambda> at 0x7fa496287b30>
14870,2021-09-11 13:00:00,<function <lambda> at 0x7fa4962879f0>,<function <lambda> at 0x7fa496287a90>,<function <lambda> at 0x7fa496287b30>
14871,2021-09-11 14:00:00,<function <lambda> at 0x7fa4962879f0>,<function <lambda> at 0x7fa496287a90>,<function <lambda> at 0x7fa496287b30>
14872,2021-09-11 15:00:00,<function <lambda> at 0x7fa4962879f0>,<function <lambda> at 0x7fa496287a90>,<function <lambda> at 0x7fa496287b30>
14873,2021-09-11 16:00:00,<function <lambda> at 0x7fa4962879f0>,<function <lambda> at 0x7fa496287a90>,<function <lambda> at 0x7fa496287b30>
14874,2021-09-11 17:00:00,<function <lambda> at 0x7fa4962879f0>,<function <lambda> at 0x7fa496287a90>,<function <lambda> at 0x7fa496287b30>
14875,2021-09-11 18:00:00,<function <lambda> at 0x7fa4962879f0>,<function <lambda> at 0x7fa496287a90>,<function <lambda> at 0x7fa496287b30>
14876,2021-09-11 19:00:00,<function <lambda> at 0x7fa4962879f0>,<function <lambda> at 0x7fa496287a90>,<function <lambda> at 0x7fa496287b30>
14877,2021-09-11 20:00:00,<function <lambda> at 0x7fa4962879f0>,<function <lambda> at 0x7fa496287a90>,<function <lambda> at 0x7fa496287b30>
14878,2021-09-11 21:00:00,<function <lambda> at 0x7fa4962879f0>,<function <lambda> at 0x7fa496287a90>,<function <lambda> at 0x7fa496287b30>
14879,2021-09-11 22:00:00,<function <lambda> at 0x7fa4962879f0>,<function <lambda> at 0x7fa496287a90>,<function <lambda> at 0x7fa496287b30>
14880,2021-09-11 23:00:00,<function <lambda> at 0x7fa4962879f0>,<function <lambda> at 0x7fa496287a90>,<function <lambda> at 0x7fa496287b30>
14881,2021-09-12 00:00:00,<function <lambda> at 0x7fa4962879f0>,<function <lambda> at 0x7fa496287a90>,<function <lambda> at 0x7fa496287b30>
14882,2021-09-12 01:00:00,<function <lambda> at 0x7fa4962879f0>,<function <lambda> at 0x7fa496287a90>,<function <lambda> at 0x7fa496287b30>
14883,2021-09-12 02:00:00,<function <lambda> at 0x7fa4962879f0>,<function <lambda> at 0x7fa496287a90>,<function <lambda> at 0x7fa496287b30>
14884,2021-09-12 03:00:00,<function <lambda> at 0x7fa4962879f0>,<function <lambda> at 0x7fa496287a90>,<function <lambda> at 0x7fa496287b30>
14885,2021-09-12 04:00:00,<function <lambda> at 0x7fa4962879f0>,<function <lambda> at 0x7fa496287a90>,<function <lambda> at 0x7fa496287b30>
14886,2021-09-12 05:00:00,<function <lambda> at 0x7fa4962879f0>,<function <lambda> at 0x7fa496287a90>,<function <lambda> at 0x7fa496287b30>
14887,2021-09-12 06:00:00,<function <lambda> at 0x7fa4962879f0>,<function <lambda> at 0x7fa496287a90>,<function <lambda> at 0x7fa496287b30>
14888,2021-09-12 07:00:00,<function <lambda> at 0x7fa4962879f0>,<function <lambda> at 0x7fa496287a90>,<function <lambda> at 0x7fa496287b30>
14889,2021-09-12 08:00:00,<function <lambda> at 0x7fa4962879f0>,<function <lambda> at 0x7fa496287a90>,<function <lambda> at 0x7fa496287b30>
14890,2021-09-12 09:00:00,<function <lambda> at 0x7fa4962879f0>,<function <lambda> at 0x7fa496287a90>,<function <lambda> at 0x7fa496287b30>
14891,2021-09-12 10:00:00,<function <lambda> at 0x7fa4962879f0>,<function <lambda> at 0x7fa496287a90>,<function <lambda> at 0x7fa496287b30>
14892,2021-09-12 11:00:00,<function <lambda> at 0x7fa4962879f0>,<function <lambda> at 0x7fa496287a90>,<function <lambda> at 0x7fa496287b30>
14893,2021-09-12 12:00:00,<function <lambda> at 0x7fa4962879f0>,<function <lambda> at 0x7fa496287a90>,<function <lambda> at 0x7fa496287b30>
14894,2021-09-12 13:00:00,<function <lambda> at 0x7fa4962879f0>,<function <lambda> at 0x7fa496287a90>,<function <lambda> at 0x7fa496287b30>
14895,2021-09-12 14:00:00,<function <lambda> at 0x7fa4962879f0>,<function <lambda> at 0x7fa496287a90>,<function <lambda> at 0x7fa496287b30>
14896,2021-09-12 15:00:00,<function <lambda> at 0x7fa4962879f0>,<function <lambda> at 0x7fa496287a90>,<function <lambda> at 0x7fa496287b30>
14897,2021-09-12 16:00:00,<function <lambda> at 0x7fa4962879f0>,<function <lambda> at 0x7fa496287a90>,<function <lambda> at 0x7fa496287b30>
14898,2021-09-12 17:00:00,<function <lambda> at 0x7fa4962879f0>,<function <lambda> at 0x7fa496287a90>,<function <lambda> at 0x7fa496287b30>
14899,2021-09-12 18:00:00,<function <lambda> at 0x7fa4962879f0>,<function <lambda> at 0x7fa496287a90>,<function <lambda> at 0x7fa496287b30>
14900,2021-09-12 19:00:00,<function <lambda> at 0x7fa4962879f0>,<function <lambda> at 0x7fa496287a90>,<function <lambda> at 0x7fa496287b30>
14901,2021-09-12 20:00:00,<function <lambda> at 0x7fa4962879f0>,<function <lambda> at 0x7fa496287a90>,<function <lambda> at 0x7fa496287b30>
14902,2021-09-12 21:00:00,<function <lambda> at 0x7fa4962879f0>,<function <lambda> at 0x7fa496287a90>,<function <lambda> at 0x7fa496287b30>
14903,2021-09-12 22:00:00,<function <lambda> at 0x7fa4962879f0>,<function <lambda> at 0x7fa496287a90>,<function <lambda> at 0x7fa496287b30>
14904,2021-09-12 23:00:00,<function <lambda> at 0x7fa4962879f0>,<function <lambda> at 0x7fa496287a90>,<function <lambda> at 0x7fa496287b30>
14905,2021-09-13 00:00:00,<function <lambda> at 0x7fa4962879f0>,<function <lambda> at 0x7fa496287a90>,<function <lambda> at 0x7fa496287b30>
14906,2021-09-13 01:00:00,<function <lambda> at 0x7fa4962879f0>,<function <lambda> at 0x7fa496287a90>,<function <lambda> at 0x7fa496287b30>
14907,2021-09-13 02:00:00,<function <lambda> at 0x7fa4962879f0>,<function <lambda> at 0x7fa496287a90>,<function <lambda> at 0x7fa496287b30>
14908,2021-09-13 03:00:00,<function <lambda> at 0x7fa4962879f0>,<function <lambda> at 0x7fa496287a90>,<function <lambda> at 0x7fa496287b30>
14909,2021-09-13 04:00:00,<function <lambda> at 0x7fa4962879f0>,<function <lambda> at 0x7fa496287a90>,<function <lambda> at 0x7fa496287b30>
14910,2021-09-13 05:00:00,<function <lambda> at 0x7fa4962879f0>,<function <lambda> at 0x7fa496287a90>,<function <lambda> at 0x7fa496287b30>
14911,2021-09-13 06:00:00,<function <lambda> at 0x7fa4962879f0>,<function <lambda> at 0x7fa496287a90>,<function <lambda> at 0x7fa496287b30>
14912,2021-09-13 07:00:00,<function <lambda> at 0x7fa4962879f0>,<function <lambda> at 0x7fa496287a90>,<function <lambda> at 0x7fa496287b30>
14913,2021-09-13 08:00:00,<function <lambda> at 0x7fa4962879f0>,<function <lambda> at 0x7fa496287a90>,<function <lambda> at 0x7fa496287b30>
14914,2021-09-13 09:00:00,<function <lambda> at 0x7fa4962879f0>,<function <lambda> at 0x7fa496287a90>,<function <lambda> at 0x7fa496287b30>
14915,2021-09-13 10:00:00,<function <lambda> at 0x7fa4962879f0>,<function <lambda> at 0x7fa496287a90>,<function <lambda> at 0x7fa496287b30>
14916,2021-09-13 11:00:00,<function <lambda> at 0x7fa4962879f0>,<function <lambda> at 0x7fa496287a90>,<function <lambda> at 0x7fa496287b30>
14917,2021-09-13 12:00:00,<function <lambda> at 0x7fa4962879f0>,<function <lambda> at 0x7fa496287a90>,<function <lambda> at 0x7fa496287b30>
14918,2021-09-13 13:00:00,<function <lambda> at 0x7fa4962879f0>,<function <lambda> at 0x7fa496287a90>,<function <lambda> at 0x7fa496287b30>
14919,2021-09-13 14:00:00,<function <lambda> at 0x7fa4962879f0>,<function <lambda> at 0x7fa496287a90>,<function <lambda> at 0x7fa496287b30>
14920,2021-09-13 15:00:00,<function <lambda> at 0x7fa4962879f0>,<function <lambda> at 0x7fa496287a90>,<function <lambda> at 0x7fa496287b30>
14921,2021-09-13 16:00:00,<function <lambda> at 0x7fa4962879f0>,<function <lambda> at 0x7fa496287a90>,<function <lambda> at 0x7fa496287b30>
14922,2021-09-13 17:00:00,<function <lambda> at 0x7fa4962879f0>,<function <lambda> at 0x7fa496287a90>,<function <lambda> at 0x7fa496287b30>
14923,2021-09-13 18:00:00,<function <lambda> at 0x7fa4962879f0>,<function <lambda> at 0x7fa496287a90>,<function <lambda> at 0x7fa496287b30>
14924,2021-09-13 19:00:00,<function <lambda> at 0x7fa4962879f0>,<function <lambda> at 0x7fa496287a90>,<function <lambda> at 0x7fa496287b30>
14925,2021-09-13 20:00:00,<function <lambda> at 0x7fa4962879f0>,<function <lambda> at 0x7fa496287a90>,<function <lambda> at 0x7fa496287b30>
14926,2021-09-13 21:00:00,<function <lambda> at 0x7fa4962879f0>,<function <lambda> at 0x7fa496287a90>,<function <lambda> at 0x7fa496287b30>
14927,2021-09-13 22:00:00,<function <lambda> at 0x7fa4962879f0>,<function <lambda> at 0x7fa496287a90>,<function <lambda> at 0x7fa496287b30>
14928,2021-09-13 23:00:00,<function <lambda> at 0x7fa4962879f0>,<function <lambda> at 0x7fa496287a90>,<function <lambda> at 0x7fa496287b30>
14929,2021-09-14 00:00:00,<function <lambda> at 0x7fa4962879f0>,<function <lambda> at 0x7fa496287a90>,<function <lambda> at 0x7fa496287b30>
14930,2021-09-14 01:00:00,<function <lambda> at 0x7fa4962879f0>,<function <lambda> at 0x7fa496287a90>,<function <lambda> at 0x7fa496287b30>
14931,2021-09-14 02:00:00,<function <lambda> at 0x7fa4962879f0>,<function <lambda> at 0x7fa496287a90>,<function <lambda> at 0x7fa496287b30>
14932,2021-09-14 03:00:00,<function <lambda> at 0x7fa4962879f0>,<function <lambda> at 0x7fa496287a90>,<function <lambda> at 0x7fa496287b30>
14933,2021-09-14 04:00:00,<function <lambda> at 0x7fa4962879f0>,<function <lambda> at 0x7fa496287a90>,<function <lambda> at 0x7fa496287b30>
14934,2021-09-14 05:00:00,<function <lambda> at 0x7fa4962879f0>,<function <lambda> at 0x7fa496287a90>,<function <lambda> at 0x7fa496287b30>
14935,2021-09-14 06:00:00,<function <lambda> at 0x7fa4962879f0>,<function <lambda> at 0x7fa496287a90>,<function <lambda> at 0x7fa496287b30>
14936,2021-09-14 07:00:00,<function <lambda> at 0x7fa4962879f0>,<function <lambda> at 0x7fa496287a90>,<function <lambda> at 0x7fa496287b30>
14937,2021-09-14 08:00:00,<function <lambda> at 0x7fa4962879f0>,<function <lambda> at 0x7fa496287a90>,<function <lambda> at 0x7fa496287b30>
14938,2021-09-14 09:00:00,<function <lambda> at 0x7fa4962879f0>,<function <lambda> at 0x7fa496287a90>,<function <lambda> at 0x7fa496287b30>
14939,2021-09-14 10:00:00,<function <lambda> at 0x7fa4962879f0>,<function <lambda> at 0x7fa496287a90>,<function <lambda> at 0x7fa496287b30>
14940,2021-09-14 11:00:00,<function <lambda> at 0x7fa4962879f0>,<function <lambda> at 0x7fa496287a90>,<function <lambda> at 0x7fa496287b30>
14941,2021-09-14 12:00:00,<function <lambda> at 0x7fa4962879f0>,<function <lambda> at 0x7fa496287a90>,<function <lambda> at 0x7fa496287b30>
14942,2021-09-14 13:00:00,<function <lambda> at 0x7fa4962879f0>,<function <lambda> at 0x7fa496287a90>,<function <lambda> at 0x7fa496287b30>
14943,2021-09-14 14:00:00,<function <lambda> at 0x7fa4962879f0>,<function <lambda> at 0x7fa496287a90>,<function <lambda> at 0x7fa496287b30>
14944,2021-09-14 15:00:00,<function <lambda> at 0x7fa4962879f0>,<function <lambda> at 0x7fa496287a90>,<function <lambda> at 0x7fa496287b30>
14945,2021-09-14 16:00:00,<function <lambda> at 0x7fa4962879f0>,<function <lambda> at 0x7fa496287a90>,<function <lambda> at 0x7fa496287b30>
14946,2021-09-14 17:00:00,<function <lambda> at 0x7fa4962879f0>,<function <lambda> at 0x7fa496287a90>,<function <lambda> at 0x7fa496287b30>
14947,2021-09-14 18:00:00,<function <lambda> at 0x7fa4962879f0>,<function <lambda> at 0x7fa496287a90>,<function <lambda> at 0x7fa496287b30>
14948,2021-09-14 19:00:00,<function <lambda> at 0x7fa4962879f0>,<function <lambda> at 0x7fa496287a90>,<function <lambda> at 0x7fa496287b30>
14949,2021-09-14 20:00:00,<function <lambda> at 0x7fa4962879f0>,<function <lambda> at 0x7fa496287a90>,<function <lambda> at 0x7fa496287b30>
14950,2021-09-14 21:00:00,<function <lambda> at 0x7fa4962879f0>,<function <lambda> at 0x7fa496287a90>,<function <lambda> at 0x7fa496287b30>
14951,2021-09-14 22:00:00,<function <lambda> at 0x7fa4962879f0>,<function <lambda> at 0x7fa496287a90>,<function <lambda> at 0x7fa496287b30>
14952,2021-09-14 23:00:00,<function <lambda> at 0x7fa4962879f0>,<function <lambda> at 0x7fa496287a90>,<function <lambda> at 0x7fa496287b30>
14953,2021-09-15 00:00:00,<function <lambda> at 0x7fa4962879f0>,<function <lambda> at 0x7fa496287a90>,<function <lambda> at 0x7fa496287b30>
14954,2021-09-15 01:00:00,<function <lambda> at 0x7fa4962879f0>,<function <lambda> at 0x7fa496287a90>,<function <lambda> at 0x7fa496287b30>
14955,2021-09-15 02:00:00,<function <lambda> at 0x7fa4962879f0>,<function <lambda> at 0x7fa496287a90>,<function <lambda> at 0x7fa496287b30>
14956,2021-09-15 03:00:00,<function <lambda> at 0x7fa4962879f0>,<function <lambda> at 0x7fa496287a90>,<function <lambda> at 0x7fa496287b30>
14957,2021-09-15 04:00:00,<function <lambda> at 0x7fa4962879f0>,<function <lambda> at 0x7fa496287a90>,<function <lambda> at 0x7fa496287b30>
14958,2021-09-15 05:00:00,<function <lambda> at 0x7fa4962879f0>,<function <lambda> at 0x7fa496287a90>,<function <lambda> at 0x7fa496287b30>
14959,2021-09-15 06:00:00,<function <lambda> at 0x7fa4962879f0>,<function <lambda> at 0x7fa496287a90>,<function <lambda> at 0x7fa496287b30>
14960,2021-09-15 07:00:00,<function <lambda> at 0x7fa4962879f0>,<function <lambda> at 0x7fa496287a90>,<function <lambda> at 0x7fa496287b30>
14961,2021-09-15 08:00:00,<function <lambda> at 0x7fa4962879f0>,<function <lambda> at 0x7fa496287a90>,<function <lambda> at 0x7fa496287b30>
14962,2021-09-15 09:00:00,<function <lambda> at 0x7fa4962879f0>,<function <lambda> at 0x7fa496287a90>,<function <lambda> at 0x7fa496287b30>
14963,2021-09-15 10:00:00,<function <lambda> at 0x7fa4962879f0>,<function <lambda> at 0x7fa496287a90>,<function <lambda> at 0x7fa496287b30>
14964,2021-09-15 11:00:00,<function <lambda> at 0x7fa4962879f0>,<function <lambda> at 0x7fa496287a90>,<function <lambda> at 0x7fa496287b30>
14965,2021-09-15 12:00:00,<function <lambda> at 0x7fa4962879f0>,<function <lambda> at 0x7fa496287a90>,<function <lambda> at 0x7fa496287b30>
14966,2021-09-15 13:00:00,<function <lambda> at 0x7fa4962879f0>,<function <lambda> at 0x7fa496287a90>,<function <lambda> at 0x7fa496287b30>
14967,2021-09-15 14:00:00,<function <lambda> at 0x7fa4962879f0>,<function <lambda> at 0x7fa496287a90>,<function <lambda> at 0x7fa496287b30>
14968,2021-09-15 15:00:00,<function <lambda> at 0x7fa4962879f0>,<function <lambda> at 0x7fa496287a90>,<function <lambda> at 0x7fa496287b30>
14969,2021-09-15 16:00:00,<function <lambda> at 0x7fa4962879f0>,<function <lambda> at 0x7fa496287a90>,<function <lambda> at 0x7fa496287b30>
14970,2021-09-15 17:00:00,<function <lambda> at 0x7fa4962879f0>,<function <lambda> at 0x7fa496287a90>,<function <lambda> at 0x7fa496287b30>
14971,2021-09-15 18:00:00,<function <lambda> at 0x7fa4962879f0>,<function <lambda> at 0x7fa496287a90>,<function <lambda> at 0x7fa496287b30>
14972,2021-09-15 19:00:00,<function <lambda> at 0x7fa4962879f0>,<function <lambda> at 0x7fa496287a90>,<function <lambda> at 0x7fa496287b30>
14973,2021-09-15 20:00:00,<function <lambda> at 0x7fa4962879f0>,<function <lambda> at 0x7fa496287a90>,<function <lambda> at 0x7fa496287b30>
14974,2021-09-15 21:00:00,<function <lambda> at 0x7fa4962879f0>,<function <lambda> at 0x7fa496287a90>,<function <lambda> at 0x7fa496287b30>
14975,2021-09-15 22:00:00,<function <lambda> at 0x7fa4962879f0>,<function <lambda> at 0x7fa496287a90>,<function <lambda> at 0x7fa496287b30>
14976,2021-09-15 23:00:00,<function <lambda> at 0x7fa4962879f0>,<function <lambda> at 0x7fa496287a90>,<function <lambda> at 0x7fa496287b30>
14977,2021-09-16 00:00:00,<function <lambda> at 0x7fa4962879f0>,<function <lambda> at 0x7fa496287a90>,<function <lambda> at 0x7fa496287b30>
14978,2021-09-16 01:00:00,<function <lambda> at 0x7fa4962879f0>,<function <lambda> at 0x7fa496287a90>,<function <lambda> at 0x7fa496287b30>
14979,2021-09-16 02:00:00,<function <lambda> at 0x7fa4962879f0>,<function <lambda> at 0x7fa496287a90>,<function <lambda> at 0x7fa496287b30>
14980,2021-09-16 03:00:00,<function <lambda> at 0x7fa4962879f0>,<function <lambda> at 0x7fa496287a90>,<function <lambda> at 0x7fa496287b30>
14981,2021-09-16 04:00:00,<function <lambda> at 0x7fa4962879f0>,<function <lambda> at 0x7fa496287a90>,<function <lambda> at 0x7fa496287b30>
14982,2021-09-16 05:00:00,<function <lambda> at 0x7fa4962879f0>,<function <lambda> at 0x7fa496287a90>,<function <lambda> at 0x7fa496287b30>
14983,2021-09-16 06:00:00,<function <lambda> at 0x7fa4962879f0>,<function <lambda> at 0x7fa496287a90>,<function <lambda> at 0x7fa496287b30>
14984,2021-09-16 07:00:00,<function <lambda> at 0x7fa4962879f0>,<function <lambda> at 0x7fa496287a90>,<function <lambda> at 0x7fa496287b30>
14985,2021-09-16 08:00:00,<function <lambda> at 0x7fa4962879f0>,<function <lambda> at 0x7fa496287a90>,<function <lambda> at 0x7fa496287b30>
14986,2021-09-16 09:00:00,<function <lambda> at 0x7fa4962879f0>,<function <lambda> at 0x7fa496287a90>,<function <lambda> at 0x7fa496287b30>
14987,2021-09-16 10:00:00,<function <lambda> at 0x7fa4962879f0>,<function <lambda> at 0x7fa496287a90>,<function <lambda> at 0x7fa496287b30>
14988,2021-09-16 11:00:00,<function <lambda> at 0x7fa4962879f0>,<function <lambda> at 0x7fa496287a90>,<function <lambda> at 0x7fa496287b30>
14989,2021-09-16 12:00:00,<function <lambda> at 0x7fa4962879f0>,<function <lambda> at 0x7fa496287a90>,<function <lambda> at 0x7fa496287b30>
14990,2021-09-16 13:00:00,<function <lambda> at 0x7fa4962879f0>,<function <lambda> at 0x7fa496287a90>,<function <lambda> at 0x7fa496287b30>
14991,2021-09-16 14:00:00,<function <lambda> at 0x7fa4962879f0>,<function <lambda> at 0x7fa496287a90>,<function <lambda> at 0x7fa496287b30>
14992,2021-09-16 15:00:00,<function <lambda> at 0x7fa4962879f0>,<function <lambda> at 0x7fa496287a90>,<function <lambda> at 0x7fa496287b30>
14993,2021-09-16 16:00:00,<function <lambda> at 0x7fa4962879f0>,<function <lambda> at 0x7fa496287a90>,<function <lambda> at 0x7fa496287b30>
14994,2021-09-16 17:00:00,<function <lambda> at 0x7fa4962879f0>,<function <lambda> at 0x7fa496287a90>,<function <lambda> at 0x7fa496287b30>
14995,2021-09-16 18:00:00,<function <lambda> at 0x7fa4962879f0>,<function <lambda> at 0x7fa496287a90>,<function <lambda> at 0x7fa496287b30>
14996,2021-09-16 19:00:00,<function <lambda> at 0x7fa4962879f0>,<function <lambda> at 0x7fa496287a90>,<function <lambda> at 0x7fa496287b30>
14997,2021-09-16 20:00:00,<function <lambda> at 0x7fa4962879f0>,<function <lambda> at 0x7fa496287a90>,<function <lambda> at 0x7fa496287b30>
14998,2021-09-16 21:00:00,<function <lambda> at 0x7fa4962879f0>,<function <lambda> at 0x7fa496287a90>,<function <lambda> at 0x7fa496287b30>
14999,2021-09-16 22:00:00,<function <lambda> at 0x7fa4962879f0>,<function <lambda> at 0x7fa496287a90>,<function <lambda> at 0x7fa496287b30>
15000,2021-09-16 23:00:00,<function <lambda> at 0x7fa4962879f0>,<function <lambda> at 0x7fa496287a90>,<function <lambda> at 0x7fa496287b30>
15001,2021-09-17 00:00:00,<function <lambda> at 0x7fa4962879f0>,<function <lambda> at 0x7fa496287a90>,<function <lambda> at 0x7fa496287b30>
15002,2021-09-17 01:00:00,<function <lambda> at 0x7fa4962879f0>,<function <lambda> at 0x7fa496287a90>,<function <lambda> at 0x7fa496287b30>
15003,2021-09-17 02:00:00,<function <lambda> at 0x7fa4962879f0>,<function <lambda> at 0x7fa496287a90>,<function <lambda> at 0x7fa496287b30>
15004,2021-09-17 03:00:00,<function <lambda> at 0x7fa4962879f0>,<function <lambda> at 0x7fa496287a90>,<function <lambda> at 0x7fa496287b30>
15005,2021-09-17 04:00:00,<function <lambda> at 0x7fa4962879f0>,<function <lambda> at 0x7fa496287a90>,<function <lambda> at 0x7fa496287b30>
15006,2021-09-17 05:00:00,<function <lambda> at 0x7fa4962879f0>,<function <lambda> at 0x7fa496287a90>,<function <lambda> at 0x7fa496287b30>
15007,2021-09-17 06:00:00,<function <lambda> at 0x7fa4962879f0>,<function <lambda> at 0x7fa496287a90>,<function <lambda> at 0x7fa496287b30>
15008,2021-09-17 07:00:00,<function <lambda> at 0x7fa4962879f0>,<function <lambda> at 0x7fa496287a90>,<function <lambda> at 0x7fa496287b30>
15009,2021-09-17 08:00:00,<function <lambda> at 0x7fa4962879f0>,<function <lambda> at 0x7fa496287a90>,<function <lambda> at 0x7fa496287b30>
15010,2021-09-17 09:00:00,<function <lambda> at 0x7fa4962879f0>,<function <lambda> at 0x7fa496287a90>,<function <lambda> at 0x7fa496287b30>
15011,2021-09-17 10:00:00,<function <lambda> at 0x7fa4962879f0>,<function <lambda> at 0x7fa496287a90>,<function <lambda> at 0x7fa496287b30>
15012,2021-09-17 11:00:00,<function <lambda> at 0x7fa4962879f0>,<function <lambda> at 0x7fa496287a90>,<function <lambda> at 0x7fa496287b30>
15013,2021-09-17 12:00:00,<function <lambda> at 0x7fa4962879f0>,<function <lambda> at 0x7fa496287a90>,<function <lambda> at 0x7fa496287b30>
15014,2021-09-17 13:00:00,<function <lambda> at 0x7fa4962879f0>,<function <lambda> at 0x7fa496287a90>,<function <lambda> at 0x7fa496287b30>
15015,2021-09-17 14:00:00,<function <lambda> at 0x7fa4962879f0>,<function <lambda> at 0x7fa496287a90>,<function <lambda> at 0x7fa496287b30>
15016,2021-09-17 15:00:00,<function <lambda> at 0x7fa4962879f0>,<function <lambda> at 0x7fa496287a90>,<function <lambda> at 0x7fa496287b30>
15017,2021-09-17 16:00:00,<function <lambda> at 0x7fa4962879f0>,<function <lambda> at 0x7fa496287a90>,<function <lambda> at 0x7fa496287b30>
15018,2021-09-17 17:00:00,<function <lambda> at 0x7fa4962879f0>,<function <lambda> at 0x7fa496287a90>,<function <lambda> at 0x7fa496287b30>
15019,2021-09-17 18:00:00,<function <lambda> at 0x7fa4962879f0>,<function <lambda> at 0x7fa496287a90>,<function <lambda> at 0x7fa496287b30>
15020,2021-09-17 19:00:00,<function <lambda> at 0x7fa4962879f0>,<function <lambda> at 0x7fa496287a90>,<function <lambda> at 0x7fa496287b30>
15021,2021-09-17 20:00:00,<function <lambda> at 0x7fa4962879f0>,<function <lambda> at 0x7fa496287a90>,<function <lambda> at 0x7fa496287b30>
15022,2021-09-17 21:00:00,<function <lambda> at 0x7fa4962879f0>,<function <lambda> at 0x7fa496287a90>,<function <lambda> at 0x7fa496287b30>
15023,2021-09-17 22:00:00,<function <lambda> at 0x7fa4962879f0>,<function <lambda> at 0x7fa496287a90>,<function <lambda> at 0x7fa496287b30>
15024,2021-09-17 23:00:00,<function <lambda> at 0x7fa4962879f0>,<function <lambda> at 0x7fa496287a90>,<function <lambda> at 0x7fa496287b30>
15025,2021-09-18 00:00:00,<function <lambda> at 0x7fa4962879f0>,<function <lambda> at 0x7fa496287a90>,<function <lambda> at 0x7fa496287b30>
15026,2021-09-18 01:00:00,<function <lambda> at 0x7fa4962879f0>,<function <lambda> at 0x7fa496287a90>,<function <lambda> at 0x7fa496287b30>
15027,2021-09-18 02:00:00,<function <lambda> at 0x7fa4962879f0>,<function <lambda> at 0x7fa496287a90>,<function <lambda> at 0x7fa496287b30>
15028,2021-09-18 03:00:00,<function <lambda> at 0x7fa4962879f0>,<function <lambda> at 0x7fa496287a90>,<function <lambda> at 0x7fa496287b30>
15029,2021-09-18 04:00:00,<function <lambda> at 0x7fa4962879f0>,<function <lambda> at 0x7fa496287a90>,<function <lambda> at 0x7fa496287b30>
15030,2021-09-18 05:00:00,<function <lambda> at 0x7fa4962879f0>,<function <lambda> at 0x7fa496287a90>,<function <lambda> at 0x7fa496287b30>
15031,2021-09-18 06:00:00,<function <lambda> at 0x7fa4962879f0>,<function <lambda> at 0x7fa496287a90>,<function <lambda> at 0x7fa496287b30>
15032,2021-09-18 07:00:00,<function <lambda> at 0x7fa4962879f0>,<function <lambda> at 0x7fa496287a90>,<function <lambda> at 0x7fa496287b30>
15033,2021-09-18 08:00:00,<function <lambda> at 0x7fa4962879f0>,<function <lambda> at 0x7fa496287a90>,<function <lambda> at 0x7fa496287b30>
15034,2021-09-18 09:00:00,<function <lambda> at 0x7fa4962879f0>,<function <lambda> at 0x7fa496287a90>,<function <lambda> at 0x7fa496287b30>
15035,2021-09-18 10:00:00,<function <lambda> at 0x7fa4962879f0>,<function <lambda> at 0x7fa496287a90>,<function <lambda> at 0x7fa496287b30>
15036,2021-09-18 11:00:00,<function <lambda> at 0x7fa4962879f0>,<function <lambda> at 0x7fa496287a90>,<function <lambda> at 0x7fa496287b30>
15037,2021-09-18 12:00:00,<function <lambda> at 0x7fa4962879f0>,<function <lambda> at 0x7fa496287a90>,<function <lambda> at 0x7fa496287b30>
15038,2021-09-18 13:00:00,<function <lambda> at 0x7fa4962879f0>,<function <lambda> at 0x7fa496287a90>,<function <lambda> at 0x7fa496287b30>
15039,2021-09-18 14:00:00,<function <lambda> at 0x7fa4962879f0>,<function <lambda> at 0x7fa496287a90>,<function <lambda> at 0x7fa496287b30>
15040,2021-09-18 15:00:00,<function <lambda> at 0x7fa4962879f0>,<function <lambda> at 0x7fa496287a90>,<function <lambda> at 0x7fa496287b30>
15041,2021-09-18 16:00:00,<function <lambda> at 0x7fa4962879f0>,<function <lambda> at 0x7fa496287a90>,<function <lambda> at 0x7fa496287b30>
15042,2021-09-18 17:00:00,<function <lambda> at 0x7fa4962879f0>,<function <lambda> at 0x7fa496287a90>,<function <lambda> at 0x7fa496287b30>
15043,2021-09-18 18:00:00,<function <lambda> at 0x7fa4962879f0>,<function <lambda> at 0x7fa496287a90>,<function <lambda> at 0x7fa496287b30>
15044,2021-09-18 19:00:00,<function <lambda> at 0x7fa4962879f0>,<function <lambda> at 0x7fa496287a90>,<function <lambda> at 0x7fa496287b30>
15045,2021-09-18 20:00:00,<function <lambda> at 0x7fa4962879f0>,<function <lambda> at 0x7fa496287a90>,<function <lambda> at 0x7fa496287b30>
15046,2021-09-18 21:00:00,<function <lambda> at 0x7fa4962879f0>,<function <lambda> at 0x7fa496287a90>,<function <lambda> at 0x7fa496287b30>
15047,2021-09-18 22:00:00,<function <lambda> at 0x7fa4962879f0>,<function <lambda> at 0x7fa496287a90>,<function <lambda> at 0x7fa496287b30>
15048,2021-09-18 23:00:00,<function <lambda> at 0x7fa4962879f0>,<function <lambda> at 0x7fa496287a90>,<function <lambda> at 0x7fa496287b30>
15049,2021-09-19 00:00:00,<function <lambda> at 0x7fa4962879f0>,<function <lambda> at 0x7fa496287a90>,<function <lambda> at 0x7fa496287b30>
15050,2021-09-19 01:00:00,<function <lambda> at 0x7fa4962879f0>,<function <lambda> at 0x7fa496287a90>,<function <lambda> at 0x7fa496287b30>
15051,2021-09-19 02:00:00,<function <lambda> at 0x7fa4962879f0>,<function <lambda> at 0x7fa496287a90>,<function <lambda> at 0x7fa496287b30>
15052,2021-09-19 03:00:00,<function <lambda> at 0x7fa4962879f0>,<function <lambda> at 0x7fa496287a90>,<function <lambda> at 0x7fa496287b30>
15053,2021-09-19 04:00:00,<function <lambda> at 0x7fa4962879f0>,<function <lambda> at 0x7fa496287a90>,<function <lambda> at 0x7fa496287b30>
15054,2021-09-19 05:00:00,<function <lambda> at 0x7fa4962879f0>,<function <lambda> at 0x7fa496287a90>,<function <lambda> at 0x7fa496287b30>
15055,2021-09-19 06:00:00,<function <lambda> at 0x7fa4962879f0>,<function <lambda> at 0x7fa496287a90>,<function <lambda> at 0x7fa496287b30>
15056,2021-09-19 07:00:00,<function <lambda> at 0x7fa4962879f0>,<function <lambda> at 0x7fa496287a90>,<function <lambda> at 0x7fa496287b30>
15057,2021-09-19 08:00:00,<function <lambda> at 0x7fa4962879f0>,<function <lambda> at 0x7fa496287a90>,<function <lambda> at 0x7fa496287b30>
15058,2021-09-19 09:00:00,<function <lambda> at 0x7fa4962879f0>,<function <lambda> at 0x7fa496287a90>,<function <lambda> at 0x7fa496287b30>
15059,2021-09-19 10:00:00,<function <lambda> at 0x7fa4962879f0>,<function <lambda> at 0x7fa496287a90>,<function <lambda> at 0x7fa496287b30>
15060,2021-09-19 11:00:00,<function <lambda> at 0x7fa4962879f0>,<function <lambda> at 0x7fa496287a90>,<function <lambda> at 0x7fa496287b30>
15061,2021-09-19 12:00:00,<function <lambda> at 0x7fa4962879f0>,<function <lambda> at 0x7fa496287a90>,<function <lambda> at 0x7fa496287b30>
15062,2021-09-19 13:00:00,<function <lambda> at 0x7fa4962879f0>,<function <lambda> at 0x7fa496287a90>,<function <lambda> at 0x7fa496287b30>
15063,2021-09-19 14:00:00,<function <lambda> at 0x7fa4962879f0>,<function <lambda> at 0x7fa496287a90>,<function <lambda> at 0x7fa496287b30>
15064,2021-09-19 15:00:00,<function <lambda> at 0x7fa4962879f0>,<function <lambda> at 0x7fa496287a90>,<function <lambda> at 0x7fa496287b30>
15065,2021-09-19 16:00:00,<function <lambda> at 0x7fa4962879f0>,<function <lambda> at 0x7fa496287a90>,<function <lambda> at 0x7fa496287b30>
15066,2021-09-19 17:00:00,<function <lambda> at 0x7fa4962879f0>,<function <lambda> at 0x7fa496287a90>,<function <lambda> at 0x7fa496287b30>
15067,2021-09-19 18:00:00,<function <lambda> at 0x7fa4962879f0>,<function <lambda> at 0x7fa496287a90>,<function <lambda> at 0x7fa496287b30>
15068,2021-09-19 19:00:00,<function <lambda> at 0x7fa4962879f0>,<function <lambda> at 0x7fa496287a90>,<function <lambda> at 0x7fa496287b30>
15069,2021-09-19 20:00:00,<function <lambda> at 0x7fa4962879f0>,<function <lambda> at 0x7fa496287a90>,<function <lambda> at 0x7fa496287b30>
15070,2021-09-19 21:00:00,<function <lambda> at 0x7fa4962879f0>,<function <lambda> at 0x7fa496287a90>,<function <lambda> at 0x7fa496287b30>
15071,2021-09-19 22:00:00,<function <lambda> at 0x7fa4962879f0>,<function <lambda> at 0x7fa496287a90>,<function <lambda> at 0x7fa496287b30>
15072,2021-09-19 23:00:00,<function <lambda> at 0x7fa4962879f0>,<function <lambda> at 0x7fa496287a90>,<function <lambda> at 0x7fa496287b30>
15073,2021-09-20 00:00:00,<function <lambda> at 0x7fa4962879f0>,<function <lambda> at 0x7fa496287a90>,<function <lambda> at 0x7fa496287b30>
15074,2021-09-20 01:00:00,<function <lambda> at 0x7fa4962879f0>,<function <lambda> at 0x7fa496287a90>,<function <lambda> at 0x7fa496287b30>
15075,2021-09-20 02:00:00,<function <lambda> at 0x7fa4962879f0>,<function <lambda> at 0x7fa496287a90>,<function <lambda> at 0x7fa496287b30>
15076,2021-09-20 03:00:00,<function <lambda> at 0x7fa4962879f0>,<function <lambda> at 0x7fa496287a90>,<function <lambda> at 0x7fa496287b30>
15077,2021-09-20 04:00:00,<function <lambda> at 0x7fa4962879f0>,<function <lambda> at 0x7fa496287a90>,<function <lambda> at 0x7fa496287b30>
15078,2021-09-20 05:00:00,<function <lambda> at 0x7fa4962879f0>,<function <lambda> at 0x7fa496287a90>,<function <lambda> at 0x7fa496287b30>
15079,2021-09-20 06:00:00,<function <lambda> at 0x7fa4962879f0>,<function <lambda> at 0x7fa496287a90>,<function <lambda> at 0x7fa496287b30>
15080,2021-09-20 07:00:00,<function <lambda> at 0x7fa4962879f0>,<function <lambda> at 0x7fa496287a90>,<function <lambda> at 0x7fa496287b30>
15081,2021-09-20 08:00:00,<function <lambda> at 0x7fa4962879f0>,<function <lambda> at 0x7fa496287a90>,<function <lambda> at 0x7fa496287b30>
15082,2021-09-20 09:00:00,<function <lambda> at 0x7fa4962879f0>,<function <lambda> at 0x7fa496287a90>,<function <lambda> at 0x7fa496287b30>
15083,2021-09-20 10:00:00,<function <lambda> at 0x7fa4962879f0>,<function <lambda> at 0x7fa496287a90>,<function <lambda> at 0x7fa496287b30>
15084,2021-09-20 11:00:00,<function <lambda> at 0x7fa4962879f0>,<function <lambda> at 0x7fa496287a90>,<function <lambda> at 0x7fa496287b30>
15085,2021-09-20 12:00:00,<function <lambda> at 0x7fa4962879f0>,<function <lambda> at 0x7fa496287a90>,<function <lambda> at 0x7fa496287b30>
15086,2021-09-20 13:00:00,<function <lambda> at 0x7fa4962879f0>,<function <lambda> at 0x7fa496287a90>,<function <lambda> at 0x7fa496287b30>
15087,2021-09-20 14:00:00,<function <lambda> at 0x7fa4962879f0>,<function <lambda> at 0x7fa496287a90>,<function <lambda> at 0x7fa496287b30>
15088,2021-09-20 15:00:00,<function <lambda> at 0x7fa4962879f0>,<function <lambda> at 0x7fa496287a90>,<function <lambda> at 0x7fa496287b30>
15089,2021-09-20 16:00:00,<function <lambda> at 0x7fa4962879f0>,<function <lambda> at 0x7fa496287a90>,<function <lambda> at 0x7fa496287b30>
15090,2021-09-20 17:00:00,<function <lambda> at 0x7fa4962879f0>,<function <lambda> at 0x7fa496287a90>,<function <lambda> at 0x7fa496287b30>
15091,2021-09-20 18:00:00,<function <lambda> at 0x7fa4962879f0>,<function <lambda> at 0x7fa496287a90>,<function <lambda> at 0x7fa496287b30>
15092,2021-09-20 19:00:00,<function <lambda> at 0x7fa4962879f0>,<function <lambda> at 0x7fa496287a90>,<function <lambda> at 0x7fa496287b30>
15093,2021-09-20 20:00:00,<function <lambda> at 0x7fa4962879f0>,<function <lambda> at 0x7fa496287a90>,<function <lambda> at 0x7fa496287b30>
15094,2021-09-20 21:00:00,<function <lambda> at 0x7fa4962879f0>,<function <lambda> at 0x7fa496287a90>,<function <lambda> at 0x7fa496287b30>
15095,2021-09-20 22:00:00,<function <lambda> at 0x7fa4962879f0>,<function <lambda> at 0x7fa496287a90>,<function <lambda> at 0x7fa496287b30>
15096,2021-09-20 23:00:00,<function <lambda> at 0x7fa4962879f0>,<function <lambda> at 0x7fa496287a90>,<function <lambda> at 0x7fa496287b30>
15097,2021-09-21 00:00:00,<function <lambda> at 0x7fa4962879f0>,<function <lambda> at 0x7fa496287a90>,<function <lambda> at 0x7fa496287b30>
15098,2021-09-21 01:00:00,<function <lambda> at 0x7fa4962879f0>,<function <lambda> at 0x7fa496287a90>,<function <lambda> at 0x7fa496287b30>
15099,2021-09-21 02:00:00,<function <lambda> at 0x7fa4962879f0>,<function <lambda> at 0x7fa496287a90>,<function <lambda> at 0x7fa496287b30>
15100,2021-09-21 03:00:00,<function <lambda> at 0x7fa4962879f0>,<function <lambda> at 0x7fa496287a90>,<function <lambda> at 0x7fa496287b30>
15101,2021-09-21 04:00:00,<function <lambda> at 0x7fa4962879f0>,<function <lambda> at 0x7fa496287a90>,<function <lambda> at 0x7fa496287b30>
15102,2021-09-21 05:00:00,<function <lambda> at 0x7fa4962879f0>,<function <lambda> at 0x7fa496287a90>,<function <lambda> at 0x7fa496287b30>
15103,2021-09-21 06:00:00,<function <lambda> at 0x7fa4962879f0>,<function <lambda> at 0x7fa496287a90>,<function <lambda> at 0x7fa496287b30>
15104,2021-09-21 07:00:00,<function <lambda> at 0x7fa4962879f0>,<function <lambda> at 0x7fa496287a90>,<function <lambda> at 0x7fa496287b30>
15105,2021-09-21 08:00:00,<function <lambda> at 0x7fa4962879f0>,<function <lambda> at 0x7fa496287a90>,<function <lambda> at 0x7fa496287b30>
15106,2021-09-21 09:00:00,<function <lambda> at 0x7fa4962879f0>,<function <lambda> at 0x7fa496287a90>,<function <lambda> at 0x7fa496287b30>
15107,2021-09-21 10:00:00,<function <lambda> at 0x7fa4962879f0>,<function <lambda> at 0x7fa496287a90>,<function <lambda> at 0x7fa496287b30>
15108,2021-09-21 11:00:00,<function <lambda> at 0x7fa4962879f0>,<function <lambda> at 0x7fa496287a90>,<function <lambda> at 0x7fa496287b30>
15109,2021-09-21 12:00:00,<function <lambda> at 0x7fa4962879f0>,<function <lambda> at 0x7fa496287a90>,<function <lambda> at 0x7fa496287b30>
15110,2021-09-21 13:00:00,<function <lambda> at 0x7fa4962879f0>,<function <lambda> at 0x7fa496287a90>,<function <lambda> at 0x7fa496287b30>
15111,2021-09-21 14:00:00,<function <lambda> at 0x7fa4962879f0>,<function <lambda> at 0x7fa496287a90>,<function <lambda> at 0x7fa496287b30>
15112,2021-09-21 15:00:00,<function <lambda> at 0x7fa4962879f0>,<function <lambda> at 0x7fa496287a90>,<function <lambda> at 0x7fa496287b30>
15113,2021-09-21 16:00:00,<function <lambda> at 0x7fa4962879f0>,<function <lambda> at 0x7fa496287a90>,<function <lambda> at 0x7fa496287b30>
15114,2021-09-21 17:00:00,<function <lambda> at 0x7fa4962879f0>,<function <lambda> at 0x7fa496287a90>,<function <lambda> at 0x7fa496287b30>
15115,2021-09-21 18:00:00,<function <lambda> at 0x7fa4962879f0>,<function <lambda> at 0x7fa496287a90>,<function <lambda> at 0x7fa496287b30>
15116,2021-09-21 19:00:00,<function <lambda> at 0x7fa4962879f0>,<function <lambda> at 0x7fa496287a90>,<function <lambda> at 0x7fa496287b30>
15117,2021-09-21 20:00:00,<function <lambda> at 0x7fa4962879f0>,<function <lambda> at 0x7fa496287a90>,<function <lambda> at 0x7fa496287b30>
15118,2021-09-21 21:00:00,<function <lambda> at 0x7fa4962879f0>,<function <lambda> at 0x7fa496287a90>,<function <lambda> at 0x7fa496287b30>
15119,2021-09-21 22:00:00,<function <lambda> at 0x7fa4962879f0>,<function <lambda> at 0x7fa496287a90>,<function <lambda> at 0x7fa496287b30>
15120,2021-09-21 23:00:00,<function <lambda> at 0x7fa4962879f0>,<function <lambda> at 0x7fa496287a90>,<function <lambda> at 0x7fa496287b30>
15121,2021-09-22 00:00:00,<function <lambda> at 0x7fa4962879f0>,<function <lambda> at 0x7fa496287a90>,<function <lambda> at 0x7fa496287b30>
15122,2021-09-22 01:00:00,<function <lambda> at 0x7fa4962879f0>,<function <lambda> at 0x7fa496287a90>,<function <lambda> at 0x7fa496287b30>
15123,2021-09-22 02:00:00,<function <lambda> at 0x7fa4962879f0>,<function <lambda> at 0x7fa496287a90>,<function <lambda> at 0x7fa496287b30>
15124,2021-09-22 03:00:00,<function <lambda> at 0x7fa4962879f0>,<function <lambda> at 0x7fa496287a90>,<function <lambda> at 0x7fa496287b30>
15125,2021-09-22 04:00:00,<function <lambda> at 0x7fa4962879f0>,<function <lambda> at 0x7fa496287a90>,<function <lambda> at 0x7fa496287b30>
15126,2021-09-22 05:00:00,<function <lambda> at 0x7fa4962879f0>,<function <lambda> at 0x7fa496287a90>,<function <lambda> at 0x7fa496287b30>
15127,2021-09-22 06:00:00,<function <lambda> at 0x7fa4962879f0>,<function <lambda> at 0x7fa496287a90>,<function <lambda> at 0x7fa496287b30>
15128,2021-09-22 07:00:00,<function <lambda> at 0x7fa4962879f0>,<function <lambda> at 0x7fa496287a90>,<function <lambda> at 0x7fa496287b30>
15129,2021-09-22 08:00:00,<function <lambda> at 0x7fa4962879f0>,<function <lambda> at 0x7fa496287a90>,<function <lambda> at 0x7fa496287b30>
15130,2021-09-22 09:00:00,<function <lambda> at 0x7fa4962879f0>,<function <lambda> at 0x7fa496287a90>,<function <lambda> at 0x7fa496287b30>
15131,2021-09-22 10:00:00,<function <lambda> at 0x7fa4962879f0>,<function <lambda> at 0x7fa496287a90>,<function <lambda> at 0x7fa496287b30>
15132,2021-09-22 11:00:00,<function <lambda> at 0x7fa4962879f0>,<function <lambda> at 0x7fa496287a90>,<function <lambda> at 0x7fa496287b30>
15133,2021-09-22 12:00:00,<function <lambda> at 0x7fa4962879f0>,<function <lambda> at 0x7fa496287a90>,<function <lambda> at 0x7fa496287b30>
15134,2021-09-22 13:00:00,<function <lambda> at 0x7fa4962879f0>,<function <lambda> at 0x7fa496287a90>,<function <lambda> at 0x7fa496287b30>
15135,2021-09-22 14:00:00,<function <lambda> at 0x7fa4962879f0>,<function <lambda> at 0x7fa496287a90>,<function <lambda> at 0x7fa496287b30>
15136,2021-09-22 15:00:00,<function <lambda> at 0x7fa4962879f0>,<function <lambda> at 0x7fa496287a90>,<function <lambda> at 0x7fa496287b30>
15137,2021-09-22 16:00:00,<function <lambda> at 0x7fa4962879f0>,<function <lambda> at 0x7fa496287a90>,<function <lambda> at 0x7fa496287b30>
15138,2021-09-22 17:00:00,<function <lambda> at 0x7fa4962879f0>,<function <lambda> at 0x7fa496287a90>,<function <lambda> at 0x7fa496287b30>
15139,2021-09-22 18:00:00,<function <lambda> at 0x7fa4962879f0>,<function <lambda> at 0x7fa496287a90>,<function <lambda> at 0x7fa496287b30>
15140,2021-09-22 19:00:00,<function <lambda> at 0x7fa4962879f0>,<function <lambda> at 0x7fa496287a90>,<function <lambda> at 0x7fa496287b30>
15141,2021-09-22 20:00:00,<function <lambda> at 0x7fa4962879f0>,<function <lambda> at 0x7fa496287a90>,<function <lambda> at 0x7fa496287b30>
15142,2021-09-22 21:00:00,<function <lambda> at 0x7fa4962879f0>,<function <lambda> at 0x7fa496287a90>,<function <lambda> at 0x7fa496287b30>
15143,2021-09-22 22:00:00,<function <lambda> at 0x7fa4962879f0>,<function <lambda> at 0x7fa496287a90>,<function <lambda> at 0x7fa496287b30>
15144,2021-09-22 23:00:00,<function <lambda> at 0x7fa4962879f0>,<function <lambda> at 0x7fa496287a90>,<function <lambda> at 0x7fa496287b30>
15145,2021-09-23 00:00:00,<function <lambda> at 0x7fa4962879f0>,<function <lambda> at 0x7fa496287a90>,<function <lambda> at 0x7fa496287b30>
15146,2021-09-23 01:00:00,<function <lambda> at 0x7fa4962879f0>,<function <lambda> at 0x7fa496287a90>,<function <lambda> at 0x7fa496287b30>
15147,2021-09-23 02:00:00,<function <lambda> at 0x7fa4962879f0>,<function <lambda> at 0x7fa496287a90>,<function <lambda> at 0x7fa496287b30>
15148,2021-09-23 03:00:00,<function <lambda> at 0x7fa4962879f0>,<function <lambda> at 0x7fa496287a90>,<function <lambda> at 0x7fa496287b30>
15149,2021-09-23 04:00:00,<function <lambda> at 0x7fa4962879f0>,<function <lambda> at 0x7fa496287a90>,<function <lambda> at 0x7fa496287b30>
15150,2021-09-23 05:00:00,<function <lambda> at 0x7fa4962879f0>,<function <lambda> at 0x7fa496287a90>,<function <lambda> at 0x7fa496287b30>
15151,2021-09-23 06:00:00,<function <lambda> at 0x7fa4962879f0>,<function <lambda> at 0x7fa496287a90>,<function <lambda> at 0x7fa496287b30>
15152,2021-09-23 07:00:00,<function <lambda> at 0x7fa4962879f0>,<function <lambda> at 0x7fa496287a90>,<function <lambda> at 0x7fa496287b30>
15153,2021-09-23 08:00:00,<function <lambda> at 0x7fa4962879f0>,<function <lambda> at 0x7fa496287a90>,<function <lambda> at 0x7fa496287b30>
15154,2021-09-23 09:00:00,<function <lambda> at 0x7fa4962879f0>,<function <lambda> at 0x7fa496287a90>,<function <lambda> at 0x7fa496287b30>
15155,2021-09-23 10:00:00,<function <lambda> at 0x7fa4962879f0>,<function <lambda> at 0x7fa496287a90>,<function <lambda> at 0x7fa496287b30>
15156,2021-09-23 11:00:00,<function <lambda> at 0x7fa4962879f0>,<function <lambda> at 0x7fa496287a90>,<function <lambda> at 0x7fa496287b30>
15157,2021-09-23 12:00:00,<function <lambda> at 0x7fa4962879f0>,<function <lambda> at 0x7fa496287a90>,<function <lambda> at 0x7fa496287b30>
15158,2021-09-23 13:00:00,<function <lambda> at 0x7fa4962879f0>,<function <lambda> at 0x7fa496287a90>,<function <lambda> at 0x7fa496287b30>
15159,2021-09-23 14:00:00,<function <lambda> at 0x7fa4962879f0>,<function <lambda> at 0x7fa496287a90>,<function <lambda> at 0x7fa496287b30>
15160,2021-09-23 15:00:00,<function <lambda> at 0x7fa4962879f0>,<function <lambda> at 0x7fa496287a90>,<function <lambda> at 0x7fa496287b30>
15161,2021-09-23 16:00:00,<function <lambda> at 0x7fa4962879f0>,<function <lambda> at 0x7fa496287a90>,<function <lambda> at 0x7fa496287b30>
15162,2021-09-23 17:00:00,<function <lambda> at 0x7fa4962879f0>,<function <lambda> at 0x7fa496287a90>,<function <lambda> at 0x7fa496287b30>
15163,2021-09-23 18:00:00,<function <lambda> at 0x7fa4962879f0>,<function <lambda> at 0x7fa496287a90>,<function <lambda> at 0x7fa496287b30>
15164,2021-09-23 19:00:00,<function <lambda> at 0x7fa4962879f0>,<function <lambda> at 0x7fa496287a90>,<function <lambda> at 0x7fa496287b30>
15165,2021-09-23 20:00:00,<function <lambda> at 0x7fa4962879f0>,<function <lambda> at 0x7fa496287a90>,<function <lambda> at 0x7fa496287b30>
15166,2021-09-23 21:00:00,<function <lambda> at 0x7fa4962879f0>,<function <lambda> at 0x7fa496287a90>,<function <lambda> at 0x7fa496287b30>
15167,2021-09-23 22:00:00,<function <lambda> at 0x7fa4962879f0>,<function <lambda> at 0x7fa496287a90>,<function <lambda> at 0x7fa496287b30>
15168,2021-09-23 23:00:00,<function <lambda> at 0x7fa4962879f0>,<function <lambda> at 0x7fa496287a90>,<function <lambda> at 0x7fa496287b30>
15169,2021-09-24 00:00:00,<function <lambda> at 0x7fa4962879f0>,<function <lambda> at 0x7fa496287a90>,<function <lambda> at 0x7fa496287b30>
15170,2021-09-24 01:00:00,<function <lambda> at 0x7fa4962879f0>,<function <lambda> at 0x7fa496287a90>,<function <lambda> at 0x7fa496287b30>
15171,2021-09-24 02:00:00,<function <lambda> at 0x7fa4962879f0>,<function <lambda> at 0x7fa496287a90>,<function <lambda> at 0x7fa496287b30>
15172,2021-09-24 03:00:00,<function <lambda> at 0x7fa4962879f0>,<function <lambda> at 0x7fa496287a90>,<function <lambda> at 0x7fa496287b30>
15173,2021-09-24 04:00:00,<function <lambda> at 0x7fa4962879f0>,<function <lambda> at 0x7fa496287a90>,<function <lambda> at 0x7fa496287b30>
15174,2021-09-24 05:00:00,<function <lambda> at 0x7fa4962879f0>,<function <lambda> at 0x7fa496287a90>,<function <lambda> at 0x7fa496287b30>
15175,2021-09-24 06:00:00,<function <lambda> at 0x7fa4962879f0>,<function <lambda> at 0x7fa496287a90>,<function <lambda> at 0x7fa496287b30>
15176,2021-09-24 07:00:00,<function <lambda> at 0x7fa4962879f0>,<function <lambda> at 0x7fa496287a90>,<function <lambda> at 0x7fa496287b30>
15177,2021-09-24 08:00:00,<function <lambda> at 0x7fa4962879f0>,<function <lambda> at 0x7fa496287a90>,<function <lambda> at 0x7fa496287b30>
15178,2021-09-24 09:00:00,<function <lambda> at 0x7fa4962879f0>,<function <lambda> at 0x7fa496287a90>,<function <lambda> at 0x7fa496287b30>
15179,2021-09-24 10:00:00,<function <lambda> at 0x7fa4962879f0>,<function <lambda> at 0x7fa496287a90>,<function <lambda> at 0x7fa496287b30>
15180,2021-09-24 11:00:00,<function <lambda> at 0x7fa4962879f0>,<function <lambda> at 0x7fa496287a90>,<function <lambda> at 0x7fa496287b30>
15181,2021-09-24 12:00:00,<function <lambda> at 0x7fa4962879f0>,<function <lambda> at 0x7fa496287a90>,<function <lambda> at 0x7fa496287b30>
15182,2021-09-24 13:00:00,<function <lambda> at 0x7fa4962879f0>,<function <lambda> at 0x7fa496287a90>,<function <lambda> at 0x7fa496287b30>
15183,2021-09-24 14:00:00,<function <lambda> at 0x7fa4962879f0>,<function <lambda> at 0x7fa496287a90>,<function <lambda> at 0x7fa496287b30>
15184,2021-09-24 15:00:00,<function <lambda> at 0x7fa4962879f0>,<function <lambda> at 0x7fa496287a90>,<function <lambda> at 0x7fa496287b30>
15185,2021-09-24 16:00:00,<function <lambda> at 0x7fa4962879f0>,<function <lambda> at 0x7fa496287a90>,<function <lambda> at 0x7fa496287b30>
15186,2021-09-24 17:00:00,<function <lambda> at 0x7fa4962879f0>,<function <lambda> at 0x7fa496287a90>,<function <lambda> at 0x7fa496287b30>
15187,2021-09-24 18:00:00,<function <lambda> at 0x7fa4962879f0>,<function <lambda> at 0x7fa496287a90>,<function <lambda> at 0x7fa496287b30>
15188,2021-09-24 19:00:00,<function <lambda> at 0x7fa4962879f0>,<function <lambda> at 0x7fa496287a90>,<function <lambda> at 0x7fa496287b30>
15189,2021-09-24 20:00:00,<function <lambda> at 0x7fa4962879f0>,<function <lambda> at 0x7fa496287a90>,<function <lambda> at 0x7fa496287b30>
15190,2021-09-24 21:00:00,<function <lambda> at 0x7fa4962879f0>,<function <lambda> at 0x7fa496287a90>,<function <lambda> at 0x7fa496287b30>
15191,2021-09-24 22:00:00,<function <lambda> at 0x7fa4962879f0>,<function <lambda> at 0x7fa496287a90>,<function <lambda> at 0x7fa496287b30>
15192,2021-09-24 23:00:00,<function <lambda> at 0x7fa4962879f0>,<function <lambda> at 0x7fa496287a90>,<function <lambda> at 0x7fa496287b30>
15193,2021-09-25 00:00:00,<function <lambda> at 0x7fa4962879f0>,<function <lambda> at 0x7fa496287a90>,<function <lambda> at 0x7fa496287b30>
15194,2021-09-25 01:00:00,<function <lambda> at 0x7fa4962879f0>,<function <lambda> at 0x7fa496287a90>,<function <lambda> at 0x7fa496287b30>
15195,2021-09-25 02:00:00,<function <lambda> at 0x7fa4962879f0>,<function <lambda> at 0x7fa496287a90>,<function <lambda> at 0x7fa496287b30>
15196,2021-09-25 03:00:00,<function <lambda> at 0x7fa4962879f0>,<function <lambda> at 0x7fa496287a90>,<function <lambda> at 0x7fa496287b30>
15197,2021-09-25 04:00:00,<function <lambda> at 0x7fa4962879f0>,<function <lambda> at 0x7fa496287a90>,<function <lambda> at 0x7fa496287b30>
15198,2021-09-25 05:00:00,<function <lambda> at 0x7fa4962879f0>,<function <lambda> at 0x7fa496287a90>,<function <lambda> at 0x7fa496287b30>
15199,2021-09-25 06:00:00,<function <lambda> at 0x7fa4962879f0>,<function <lambda> at 0x7fa496287a90>,<function <lambda> at 0x7fa496287b30>
15200,2021-09-25 07:00:00,<function <lambda> at 0x7fa4962879f0>,<function <lambda> at 0x7fa496287a90>,<function <lambda> at 0x7fa496287b30>
15201,2021-09-25 08:00:00,<function <lambda> at 0x7fa4962879f0>,<function <lambda> at 0x7fa496287a90>,<function <lambda> at 0x7fa496287b30>
15202,2021-09-25 09:00:00,<function <lambda> at 0x7fa4962879f0>,<function <lambda> at 0x7fa496287a90>,<function <lambda> at 0x7fa496287b30>
15203,2021-09-25 10:00:00,<function <lambda> at 0x7fa4962879f0>,<function <lambda> at 0x7fa496287a90>,<function <lambda> at 0x7fa496287b30>
15204,2021-09-25 11:00:00,<function <lambda> at 0x7fa4962879f0>,<function <lambda> at 0x7fa496287a90>,<function <lambda> at 0x7fa496287b30>
15205,2021-09-25 12:00:00,<function <lambda> at 0x7fa4962879f0>,<function <lambda> at 0x7fa496287a90>,<function <lambda> at 0x7fa496287b30>
15206,2021-09-25 13:00:00,<function <lambda> at 0x7fa4962879f0>,<function <lambda> at 0x7fa496287a90>,<function <lambda> at 0x7fa496287b30>
15207,2021-09-25 14:00:00,<function <lambda> at 0x7fa4962879f0>,<function <lambda> at 0x7fa496287a90>,<function <lambda> at 0x7fa496287b30>
15208,2021-09-25 15:00:00,<function <lambda> at 0x7fa4962879f0>,<function <lambda> at 0x7fa496287a90>,<function <lambda> at 0x7fa496287b30>
15209,2021-09-25 16:00:00,<function <lambda> at 0x7fa4962879f0>,<function <lambda> at 0x7fa496287a90>,<function <lambda> at 0x7fa496287b30>
15210,2021-09-25 17:00:00,<function <lambda> at 0x7fa4962879f0>,<function <lambda> at 0x7fa496287a90>,<function <lambda> at 0x7fa496287b30>
15211,2021-09-25 18:00:00,<function <lambda> at 0x7fa4962879f0>,<function <lambda> at 0x7fa496287a90>,<function <lambda> at 0x7fa496287b30>
15212,2021-09-25 19:00:00,<function <lambda> at 0x7fa4962879f0>,<function <lambda> at 0x7fa496287a90>,<function <lambda> at 0x7fa496287b30>
15213,2021-09-25 20:00:00,<function <lambda> at 0x7fa4962879f0>,<function <lambda> at 0x7fa496287a90>,<function <lambda> at 0x7fa496287b30>
15214,2021-09-25 21:00:00,<function <lambda> at 0x7fa4962879f0>,<function <lambda> at 0x7fa496287a90>,<function <lambda> at 0x7fa496287b30>
15215,2021-09-25 22:00:00,<function <lambda> at 0x7fa4962879f0>,<function <lambda> at 0x7fa496287a90>,<function <lambda> at 0x7fa496287b30>
15216,2021-09-25 23:00:00,<function <lambda> at 0x7fa4962879f0>,<function <lambda> at 0x7fa496287a90>,<function <lambda> at 0x7fa496287b30>
15217,2021-09-26 00:00:00,<function <lambda> at 0x7fa4962879f0>,<function <lambda> at 0x7fa496287a90>,<function <lambda> at 0x7fa496287b30>
15218,2021-09-26 01:00:00,<function <lambda> at 0x7fa4962879f0>,<function <lambda> at 0x7fa496287a90>,<function <lambda> at 0x7fa496287b30>
15219,2021-09-26 02:00:00,<function <lambda> at 0x7fa4962879f0>,<function <lambda> at 0x7fa496287a90>,<function <lambda> at 0x7fa496287b30>
15220,2021-09-26 03:00:00,<function <lambda> at 0x7fa4962879f0>,<function <lambda> at 0x7fa496287a90>,<function <lambda> at 0x7fa496287b30>
15221,2021-09-26 04:00:00,<function <lambda> at 0x7fa4962879f0>,<function <lambda> at 0x7fa496287a90>,<function <lambda> at 0x7fa496287b30>
15222,2021-09-26 05:00:00,<function <lambda> at 0x7fa4962879f0>,<function <lambda> at 0x7fa496287a90>,<function <lambda> at 0x7fa496287b30>
15223,2021-09-26 06:00:00,<function <lambda> at 0x7fa4962879f0>,<function <lambda> at 0x7fa496287a90>,<function <lambda> at 0x7fa496287b30>
15224,2021-09-26 07:00:00,<function <lambda> at 0x7fa4962879f0>,<function <lambda> at 0x7fa496287a90>,<function <lambda> at 0x7fa496287b30>
15225,2021-09-26 08:00:00,<function <lambda> at 0x7fa4962879f0>,<function <lambda> at 0x7fa496287a90>,<function <lambda> at 0x7fa496287b30>
15226,2021-09-26 09:00:00,<function <lambda> at 0x7fa4962879f0>,<function <lambda> at 0x7fa496287a90>,<function <lambda> at 0x7fa496287b30>
15227,2021-09-26 10:00:00,<function <lambda> at 0x7fa4962879f0>,<function <lambda> at 0x7fa496287a90>,<function <lambda> at 0x7fa496287b30>
15228,2021-09-26 11:00:00,<function <lambda> at 0x7fa4962879f0>,<function <lambda> at 0x7fa496287a90>,<function <lambda> at 0x7fa496287b30>
15229,2021-09-26 12:00:00,<function <lambda> at 0x7fa4962879f0>,<function <lambda> at 0x7fa496287a90>,<function <lambda> at 0x7fa496287b30>
15230,2021-09-26 13:00:00,<function <lambda> at 0x7fa4962879f0>,<function <lambda> at 0x7fa496287a90>,<function <lambda> at 0x7fa496287b30>
15231,2021-09-26 14:00:00,<function <lambda> at 0x7fa4962879f0>,<function <lambda> at 0x7fa496287a90>,<function <lambda> at 0x7fa496287b30>
15232,2021-09-26 15:00:00,<function <lambda> at 0x7fa4962879f0>,<function <lambda> at 0x7fa496287a90>,<function <lambda> at 0x7fa496287b30>
15233,2021-09-26 16:00:00,<function <lambda> at 0x7fa4962879f0>,<function <lambda> at 0x7fa496287a90>,<function <lambda> at 0x7fa496287b30>
15234,2021-09-26 17:00:00,<function <lambda> at 0x7fa4962879f0>,<function <lambda> at 0x7fa496287a90>,<function <lambda> at 0x7fa496287b30>
15235,2021-09-26 18:00:00,<function <lambda> at 0x7fa4962879f0>,<function <lambda> at 0x7fa496287a90>,<function <lambda> at 0x7fa496287b30>
15236,2021-09-26 19:00:00,<function <lambda> at 0x7fa4962879f0>,<function <lambda> at 0x7fa496287a90>,<function <lambda> at 0x7fa496287b30>
15237,2021-09-26 20:00:00,<function <lambda> at 0x7fa4962879f0>,<function <lambda> at 0x7fa496287a90>,<function <lambda> at 0x7fa496287b30>
15238,2021-09-26 21:00:00,<function <lambda> at 0x7fa4962879f0>,<function <lambda> at 0x7fa496287a90>,<function <lambda> at 0x7fa496287b30>
15239,2021-09-26 22:00:00,<function <lambda> at 0x7fa4962879f0>,<function <lambda> at 0x7fa496287a90>,<function <lambda> at 0x7fa496287b30>
15240,2021-09-26 23:00:00,<function <lambda> at 0x7fa4962879f0>,<function <lambda> at 0x7fa496287a90>,<function <lambda> at 0x7fa496287b30>
15241,2021-09-27 00:00:00,<function <lambda> at 0x7fa4962879f0>,<function <lambda> at 0x7fa496287a90>,<function <lambda> at 0x7fa496287b30>
15242,2021-09-27 01:00:00,<function <lambda> at 0x7fa4962879f0>,<function <lambda> at 0x7fa496287a90>,<function <lambda> at 0x7fa496287b30>
15243,2021-09-27 02:00:00,<function <lambda> at 0x7fa4962879f0>,<function <lambda> at 0x7fa496287a90>,<function <lambda> at 0x7fa496287b30>
15244,2021-09-27 03:00:00,<function <lambda> at 0x7fa4962879f0>,<function <lambda> at 0x7fa496287a90>,<function <lambda> at 0x7fa496287b30>
15245,2021-09-27 04:00:00,<function <lambda> at 0x7fa4962879f0>,<function <lambda> at 0x7fa496287a90>,<function <lambda> at 0x7fa496287b30>
15246,2021-09-27 05:00:00,<function <lambda> at 0x7fa4962879f0>,<function <lambda> at 0x7fa496287a90>,<function <lambda> at 0x7fa496287b30>
15247,2021-09-27 06:00:00,<function <lambda> at 0x7fa4962879f0>,<function <lambda> at 0x7fa496287a90>,<function <lambda> at 0x7fa496287b30>
15248,2021-09-27 07:00:00,<function <lambda> at 0x7fa4962879f0>,<function <lambda> at 0x7fa496287a90>,<function <lambda> at 0x7fa496287b30>
15249,2021-09-27 08:00:00,<function <lambda> at 0x7fa4962879f0>,<function <lambda> at 0x7fa496287a90>,<function <lambda> at 0x7fa496287b30>
15250,2021-09-27 09:00:00,<function <lambda> at 0x7fa4962879f0>,<function <lambda> at 0x7fa496287a90>,<function <lambda> at 0x7fa496287b30>
15251,2021-09-27 10:00:00,<function <lambda> at 0x7fa4962879f0>,<function <lambda> at 0x7fa496287a90>,<function <lambda> at 0x7fa496287b30>
15252,2021-09-27 11:00:00,<function <lambda> at 0x7fa4962879f0>,<function <lambda> at 0x7fa496287a90>,<function <lambda> at 0x7fa496287b30>
15253,2021-09-27 12:00:00,<function <lambda> at 0x7fa4962879f0>,<function <lambda> at 0x7fa496287a90>,<function <lambda> at 0x7fa496287b30>
15254,2021-09-27 13:00:00,<function <lambda> at 0x7fa4962879f0>,<function <lambda> at 0x7fa496287a90>,<function <lambda> at 0x7fa496287b30>
15255,2021-09-27 14:00:00,<function <lambda> at 0x7fa4962879f0>,<function <lambda> at 0x7fa496287a90>,<function <lambda> at 0x7fa496287b30>
15256,2021-09-27 15:00:00,<function <lambda> at 0x7fa4962879f0>,<function <lambda> at 0x7fa496287a90>,<function <lambda> at 0x7fa496287b30>
15257,2021-09-27 16:00:00,<function <lambda> at 0x7fa4962879f0>,<function <lambda> at 0x7fa496287a90>,<function <lambda> at 0x7fa496287b30>
15258,2021-09-27 17:00:00,<function <lambda> at 0x7fa4962879f0>,<function <lambda> at 0x7fa496287a90>,<function <lambda> at 0x7fa496287b30>
15259,2021-09-27 18:00:00,<function <lambda> at 0x7fa4962879f0>,<function <lambda> at 0x7fa496287a90>,<function <lambda> at 0x7fa496287b30>
15260,2021-09-27 19:00:00,<function <lambda> at 0x7fa4962879f0>,<function <lambda> at 0x7fa496287a90>,<function <lambda> at 0x7fa496287b30>
15261,2021-09-27 20:00:00,<function <lambda> at 0x7fa4962879f0>,<function <lambda> at 0x7fa496287a90>,<function <lambda> at 0x7fa496287b30>
15262,2021-09-27 21:00:00,<function <lambda> at 0x7fa4962879f0>,<function <lambda> at 0x7fa496287a90>,<function <lambda> at 0x7fa496287b30>
15263,2021-09-27 22:00:00,<function <lambda> at 0x7fa4962879f0>,<function <lambda> at 0x7fa496287a90>,<function <lambda> at 0x7fa496287b30>
15264,2021-09-27 23:00:00,<function <lambda> at 0x7fa4962879f0>,<function <lambda> at 0x7fa496287a90>,<function <lambda> at 0x7fa496287b30>
15265,2021-09-28 00:00:00,<function <lambda> at 0x7fa4962879f0>,<function <lambda> at 0x7fa496287a90>,<function <lambda> at 0x7fa496287b30>
15266,2021-09-28 01:00:00,<function <lambda> at 0x7fa4962879f0>,<function <lambda> at 0x7fa496287a90>,<function <lambda> at 0x7fa496287b30>
15267,2021-09-28 02:00:00,<function <lambda> at 0x7fa4962879f0>,<function <lambda> at 0x7fa496287a90>,<function <lambda> at 0x7fa496287b30>
15268,2021-09-28 03:00:00,<function <lambda> at 0x7fa4962879f0>,<function <lambda> at 0x7fa496287a90>,<function <lambda> at 0x7fa496287b30>
15269,2021-09-28 04:00:00,<function <lambda> at 0x7fa4962879f0>,<function <lambda> at 0x7fa496287a90>,<function <lambda> at 0x7fa496287b30>
15270,2021-09-28 05:00:00,<function <lambda> at 0x7fa4962879f0>,<function <lambda> at 0x7fa496287a90>,<function <lambda> at 0x7fa496287b30>
15271,2021-09-28 06:00:00,<function <lambda> at 0x7fa4962879f0>,<function <lambda> at 0x7fa496287a90>,<function <lambda> at 0x7fa496287b30>
15272,2021-09-28 07:00:00,<function <lambda> at 0x7fa4962879f0>,<function <lambda> at 0x7fa496287a90>,<function <lambda> at 0x7fa496287b30>
15273,2021-09-28 08:00:00,<function <lambda> at 0x7fa4962879f0>,<function <lambda> at 0x7fa496287a90>,<function <lambda> at 0x7fa496287b30>
15274,2021-09-28 09:00:00,<function <lambda> at 0x7fa4962879f0>,<function <lambda> at 0x7fa496287a90>,<function <lambda> at 0x7fa496287b30>
15275,2021-09-28 10:00:00,<function <lambda> at 0x7fa4962879f0>,<function <lambda> at 0x7fa496287a90>,<function <lambda> at 0x7fa496287b30>
15276,2021-09-28 11:00:00,<function <lambda> at 0x7fa4962879f0>,<function <lambda> at 0x7fa496287a90>,<function <lambda> at 0x7fa496287b30>
15277,2021-09-28 12:00:00,<function <lambda> at 0x7fa4962879f0>,<function <lambda> at 0x7fa496287a90>,<function <lambda> at 0x7fa496287b30>
15278,2021-09-28 13:00:00,<function <lambda> at 0x7fa4962879f0>,<function <lambda> at 0x7fa496287a90>,<function <lambda> at 0x7fa496287b30>
15279,2021-09-28 14:00:00,<function <lambda> at 0x7fa4962879f0>,<function <lambda> at 0x7fa496287a90>,<function <lambda> at 0x7fa496287b30>
15280,2021-09-28 15:00:00,<function <lambda> at 0x7fa4962879f0>,<function <lambda> at 0x7fa496287a90>,<function <lambda> at 0x7fa496287b30>
15281,2021-09-28 16:00:00,<function <lambda> at 0x7fa4962879f0>,<function <lambda> at 0x7fa496287a90>,<function <lambda> at 0x7fa496287b30>
15282,2021-09-28 17:00:00,<function <lambda> at 0x7fa4962879f0>,<function <lambda> at 0x7fa496287a90>,<function <lambda> at 0x7fa496287b30>
15283,2021-09-28 18:00:00,<function <lambda> at 0x7fa4962879f0>,<function <lambda> at 0x7fa496287a90>,<function <lambda> at 0x7fa496287b30>
15284,2021-09-28 19:00:00,<function <lambda> at 0x7fa4962879f0>,<function <lambda> at 0x7fa496287a90>,<function <lambda> at 0x7fa496287b30>
15285,2021-09-28 20:00:00,<function <lambda> at 0x7fa4962879f0>,<function <lambda> at 0x7fa496287a90>,<function <lambda> at 0x7fa496287b30>
15286,2021-09-28 21:00:00,<function <lambda> at 0x7fa4962879f0>,<function <lambda> at 0x7fa496287a90>,<function <lambda> at 0x7fa496287b30>
15287,2021-09-28 22:00:00,<function <lambda> at 0x7fa4962879f0>,<function <lambda> at 0x7fa496287a90>,<function <lambda> at 0x7fa496287b30>
15288,2021-09-28 23:00:00,<function <lambda> at 0x7fa4962879f0>,<function <lambda> at 0x7fa496287a90>,<function <lambda> at 0x7fa496287b30>
15289,2021-09-29 00:00:00,<function <lambda> at 0x7fa4962879f0>,<function <lambda> at 0x7fa496287a90>,<function <lambda> at 0x7fa496287b30>
15290,2021-09-29 01:00:00,<function <lambda> at 0x7fa4962879f0>,<function <lambda> at 0x7fa496287a90>,<function <lambda> at 0x7fa496287b30>
15291,2021-09-29 02:00:00,<function <lambda> at 0x7fa4962879f0>,<function <lambda> at 0x7fa496287a90>,<function <lambda> at 0x7fa496287b30>
15292,2021-09-29 03:00:00,<function <lambda> at 0x7fa4962879f0>,<function <lambda> at 0x7fa496287a90>,<function <lambda> at 0x7fa496287b30>
15293,2021-09-29 04:00:00,<function <lambda> at 0x7fa4962879f0>,<function <lambda> at 0x7fa496287a90>,<function <lambda> at 0x7fa496287b30>
15294,2021-09-29 05:00:00,<function <lambda> at 0x7fa4962879f0>,<function <lambda> at 0x7fa496287a90>,<function <lambda> at 0x7fa496287b30>
15295,2021-09-29 06:00:00,<function <lambda> at 0x7fa4962879f0>,<function <lambda> at 0x7fa496287a90>,<function <lambda> at 0x7fa496287b30>
15296,2021-09-29 07:00:00,<function <lambda> at 0x7fa4962879f0>,<function <lambda> at 0x7fa496287a90>,<function <lambda> at 0x7fa496287b30>
15297,2021-09-29 08:00:00,<function <lambda> at 0x7fa4962879f0>,<function <lambda> at 0x7fa496287a90>,<function <lambda> at 0x7fa496287b30>
15298,2021-09-29 09:00:00,<function <lambda> at 0x7fa4962879f0>,<function <lambda> at 0x7fa496287a90>,<function <lambda> at 0x7fa496287b30>
15299,2021-09-29 10:00:00,<function <lambda> at 0x7fa4962879f0>,<function <lambda> at 0x7fa496287a90>,<function <lambda> at 0x7fa496287b30>
15300,2021-09-29 11:00:00,<function <lambda> at 0x7fa4962879f0>,<function <lambda> at 0x7fa496287a90>,<function <lambda> at 0x7fa496287b30>
15301,2021-09-29 12:00:00,<function <lambda> at 0x7fa4962879f0>,<function <lambda> at 0x7fa496287a90>,<function <lambda> at 0x7fa496287b30>
15302,2021-09-29 13:00:00,<function <lambda> at 0x7fa4962879f0>,<function <lambda> at 0x7fa496287a90>,<function <lambda> at 0x7fa496287b30>
15303,2021-09-29 14:00:00,<function <lambda> at 0x7fa4962879f0>,<function <lambda> at 0x7fa496287a90>,<function <lambda> at 0x7fa496287b30>
15304,2021-09-29 15:00:00,<function <lambda> at 0x7fa4962879f0>,<function <lambda> at 0x7fa496287a90>,<function <lambda> at 0x7fa496287b30>
15305,2021-09-29 16:00:00,<function <lambda> at 0x7fa4962879f0>,<function <lambda> at 0x7fa496287a90>,<function <lambda> at 0x7fa496287b30>
15306,2021-09-29 17:00:00,<function <lambda> at 0x7fa4962879f0>,<function <lambda> at 0x7fa496287a90>,<function <lambda> at 0x7fa496287b30>
15307,2021-09-29 18:00:00,<function <lambda> at 0x7fa4962879f0>,<function <lambda> at 0x7fa496287a90>,<function <lambda> at 0x7fa496287b30>
15308,2021-09-29 19:00:00,<function <lambda> at 0x7fa4962879f0>,<function <lambda> at 0x7fa496287a90>,<function <lambda> at 0x7fa496287b30>
15309,2021-09-29 20:00:00,<function <lambda> at 0x7fa4962879f0>,<function <lambda> at 0x7fa496287a90>,<function <lambda> at 0x7fa496287b30>
15310,2021-09-29 21:00:00,<function <lambda> at 0x7fa4962879f0>,<function <lambda> at 0x7fa496287a90>,<function <lambda> at 0x7fa496287b30>
15311,2021-09-29 22:00:00,<function <lambda> at 0x7fa4962879f0>,<function <lambda> at 0x7fa496287a90>,<function <lambda> at 0x7fa496287b30>
15312,2021-09-29 23:00:00,<function <lambda> at 0x7fa4962879f0>,<function <lambda> at 0x7fa496287a90>,<function <lambda> at 0x7fa496287b30>
15313,2021-09-30 00:00:00,<function <lambda> at 0x7fa4962879f0>,<function <lambda> at 0x7fa496287a90>,<function <lambda> at 0x7fa496287b30>
15314,2021-09-30 01:00:00,<function <lambda> at 0x7fa4962879f0>,<function <lambda> at 0x7fa496287a90>,<function <lambda> at 0x7fa496287b30>
15315,2021-09-30 02:00:00,<function <lambda> at 0x7fa4962879f0>,<function <lambda> at 0x7fa496287a90>,<function <lambda> at 0x7fa496287b30>
15316,2021-09-30 03:00:00,<function <lambda> at 0x7fa4962879f0>,<function <lambda> at 0x7fa496287a90>,<function <lambda> at 0x7fa496287b30>
15317,2021-09-30 04:00:00,<function <lambda> at 0x7fa4962879f0>,<function <lambda> at 0x7fa496287a90>,<function <lambda> at 0x7fa496287b30>
15318,2021-09-30 05:00:00,<function <lambda> at 0x7fa4962879f0>,<function <lambda> at 0x7fa496287a90>,<function <lambda> at 0x7fa496287b30>
15319,2021-09-30 06:00:00,<function <lambda> at 0x7fa4962879f0>,<function <lambda> at 0x7fa496287a90>,<function <lambda> at 0x7fa496287b30>
15320,2021-09-30 07:00:00,<function <lambda> at 0x7fa4962879f0>,<function <lambda> at 0x7fa496287a90>,<function <lambda> at 0x7fa496287b30>
15321,2021-09-30 08:00:00,<function <lambda> at 0x7fa4962879f0>,<function <lambda> at 0x7fa496287a90>,<function <lambda> at 0x7fa496287b30>
15322,2021-09-30 09:00:00,<function <lambda> at 0x7fa4962879f0>,<function <lambda> at 0x7fa496287a90>,<function <lambda> at 0x7fa496287b30>
15323,2021-09-30 10:00:00,<function <lambda> at 0x7fa4962879f0>,<function <lambda> at 0x7fa496287a90>,<function <lambda> at 0x7fa496287b30>
15324,2021-09-30 11:00:00,<function <lambda> at 0x7fa4962879f0>,<function <lambda> at 0x7fa496287a90>,<function <lambda> at 0x7fa496287b30>
15325,2021-09-30 12:00:00,<function <lambda> at 0x7fa4962879f0>,<function <lambda> at 0x7fa496287a90>,<function <lambda> at 0x7fa496287b30>
15326,2021-09-30 13:00:00,<function <lambda> at 0x7fa4962879f0>,<function <lambda> at 0x7fa496287a90>,<function <lambda> at 0x7fa496287b30>
15327,2021-09-30 14:00:00,<function <lambda> at 0x7fa4962879f0>,<function <lambda> at 0x7fa496287a90>,<function <lambda> at 0x7fa496287b30>
15328,2021-09-30 15:00:00,<function <lambda> at 0x7fa4962879f0>,<function <lambda> at 0x7fa496287a90>,<function <lambda> at 0x7fa496287b30>
15329,2021-09-30 16:00:00,<function <lambda> at 0x7fa4962879f0>,<function <lambda> at 0x7fa496287a90>,<function <lambda> at 0x7fa496287b30>
15330,2021-09-30 17:00:00,<function <lambda> at 0x7fa4962879f0>,<function <lambda> at 0x7fa496287a90>,<function <lambda> at 0x7fa496287b30>
15331,2021-09-30 18:00:00,<function <lambda> at 0x7fa4962879f0>,<function <lambda> at 0x7fa496287a90>,<function <lambda> at 0x7fa496287b30>
15332,2021-09-30 19:00:00,<function <lambda> at 0x7fa4962879f0>,<function <lambda> at 0x7fa496287a90>,<function <lambda> at 0x7fa496287b30>
15333,2021-09-30 20:00:00,<function <lambda> at 0x7fa4962879f0>,<function <lambda> at 0x7fa496287a90>,<function <lambda> at 0x7fa496287b30>
15334,2021-09-30 21:00:00,<function <lambda> at 0x7fa4962879f0>,<function <lambda> at 0x7fa496287a90>,<function <lambda> at 0x7fa496287b30>
15335,2021-09-30 22:00:00,<function <lambda> at 0x7fa4962879f0>,<function <lambda> at 0x7fa496287a90>,<function <lambda> at 0x7fa496287b30>
15336,2021-09-30 23:00:00,<function <lambda> at 0x7fa4962879f0>,<function <lambda> at 0x7fa496287a90>,<function <lambda> at 0x7fa496287b30>
15337,2021-10-01 00:00:00,<function <lambda> at 0x7fa4962879f0>,<function <lambda> at 0x7fa496287a90>,<function <lambda> at 0x7fa496287b30>
15338,2021-10-01 01:00:00,<function <lambda> at 0x7fa4962879f0>,<function <lambda> at 0x7fa496287a90>,<function <lambda> at 0x7fa496287b30>
15339,2021-10-01 02:00:00,<function <lambda> at 0x7fa4962879f0>,<function <lambda> at 0x7fa496287a90>,<function <lambda> at 0x7fa496287b30>
15340,2021-10-01 03:00:00,<function <lambda> at 0x7fa4962879f0>,<function <lambda> at 0x7fa496287a90>,<function <lambda> at 0x7fa496287b30>
15341,2021-10-01 04:00:00,<function <lambda> at 0x7fa4962879f0>,<function <lambda> at 0x7fa496287a90>,<function <lambda> at 0x7fa496287b30>
15342,2021-10-01 05:00:00,<function <lambda> at 0x7fa4962879f0>,<function <lambda> at 0x7fa496287a90>,<function <lambda> at 0x7fa496287b30>
15343,2021-10-01 06:00:00,<function <lambda> at 0x7fa4962879f0>,<function <lambda> at 0x7fa496287a90>,<function <lambda> at 0x7fa496287b30>
15344,2021-10-01 07:00:00,<function <lambda> at 0x7fa4962879f0>,<function <lambda> at 0x7fa496287a90>,<function <lambda> at 0x7fa496287b30>
15345,2021-10-01 08:00:00,<function <lambda> at 0x7fa4962879f0>,<function <lambda> at 0x7fa496287a90>,<function <lambda> at 0x7fa496287b30>
15346,2021-10-01 09:00:00,<function <lambda> at 0x7fa4962879f0>,<function <lambda> at 0x7fa496287a90>,<function <lambda> at 0x7fa496287b30>
15347,2021-10-01 10:00:00,<function <lambda> at 0x7fa4962879f0>,<function <lambda> at 0x7fa496287a90>,<function <lambda> at 0x7fa496287b30>
15348,2021-10-01 11:00:00,<function <lambda> at 0x7fa4962879f0>,<function <lambda> at 0x7fa496287a90>,<function <lambda> at 0x7fa496287b30>
15349,2021-10-01 12:00:00,<function <lambda> at 0x7fa4962879f0>,<function <lambda> at 0x7fa496287a90>,<function <lambda> at 0x7fa496287b30>
15350,2021-10-01 13:00:00,<function <lambda> at 0x7fa4962879f0>,<function <lambda> at 0x7fa496287a90>,<function <lambda> at 0x7fa496287b30>
15351,2021-10-01 14:00:00,<function <lambda> at 0x7fa4962879f0>,<function <lambda> at 0x7fa496287a90>,<function <lambda> at 0x7fa496287b30>
15352,2021-10-01 15:00:00,<function <lambda> at 0x7fa4962879f0>,<function <lambda> at 0x7fa496287a90>,<function <lambda> at 0x7fa496287b30>
15353,2021-10-01 16:00:00,<function <lambda> at 0x7fa4962879f0>,<function <lambda> at 0x7fa496287a90>,<function <lambda> at 0x7fa496287b30>
15354,2021-10-01 17:00:00,<function <lambda> at 0x7fa4962879f0>,<function <lambda> at 0x7fa496287a90>,<function <lambda> at 0x7fa496287b30>
15355,2021-10-01 18:00:00,<function <lambda> at 0x7fa4962879f0>,<function <lambda> at 0x7fa496287a90>,<function <lambda> at 0x7fa496287b30>
15356,2021-10-01 19:00:00,<function <lambda> at 0x7fa4962879f0>,<function <lambda> at 0x7fa496287a90>,<function <lambda> at 0x7fa496287b30>
15357,2021-10-01 20:00:00,<function <lambda> at 0x7fa4962879f0>,<function <lambda> at 0x7fa496287a90>,<function <lambda> at 0x7fa496287b30>
15358,2021-10-01 21:00:00,<function <lambda> at 0x7fa4962879f0>,<function <lambda> at 0x7fa496287a90>,<function <lambda> at 0x7fa496287b30>
15359,2021-10-01 22:00:00,<function <lambda> at 0x7fa4962879f0>,<function <lambda> at 0x7fa496287a90>,<function <lambda> at 0x7fa496287b30>
15360,2021-10-01 23:00:00,<function <lambda> at 0x7fa4962879f0>,<function <lambda> at 0x7fa496287a90>,<function <lambda> at 0x7fa496287b30>
15361,2021-10-02 00:00:00,<function <lambda> at 0x7fa4962879f0>,<function <lambda> at 0x7fa496287a90>,<function <lambda> at 0x7fa496287b30>
15362,2021-10-02 01:00:00,<function <lambda> at 0x7fa4962879f0>,<function <lambda> at 0x7fa496287a90>,<function <lambda> at 0x7fa496287b30>
15363,2021-10-02 02:00:00,<function <lambda> at 0x7fa4962879f0>,<function <lambda> at 0x7fa496287a90>,<function <lambda> at 0x7fa496287b30>
15364,2021-10-02 03:00:00,<function <lambda> at 0x7fa4962879f0>,<function <lambda> at 0x7fa496287a90>,<function <lambda> at 0x7fa496287b30>
15365,2021-10-02 04:00:00,<function <lambda> at 0x7fa4962879f0>,<function <lambda> at 0x7fa496287a90>,<function <lambda> at 0x7fa496287b30>
15366,2021-10-02 05:00:00,<function <lambda> at 0x7fa4962879f0>,<function <lambda> at 0x7fa496287a90>,<function <lambda> at 0x7fa496287b30>
15367,2021-10-02 06:00:00,<function <lambda> at 0x7fa4962879f0>,<function <lambda> at 0x7fa496287a90>,<function <lambda> at 0x7fa496287b30>
15368,2021-10-02 07:00:00,<function <lambda> at 0x7fa4962879f0>,<function <lambda> at 0x7fa496287a90>,<function <lambda> at 0x7fa496287b30>
15369,2021-10-02 08:00:00,<function <lambda> at 0x7fa4962879f0>,<function <lambda> at 0x7fa496287a90>,<function <lambda> at 0x7fa496287b30>
15370,2021-10-02 09:00:00,<function <lambda> at 0x7fa4962879f0>,<function <lambda> at 0x7fa496287a90>,<function <lambda> at 0x7fa496287b30>
15371,2021-10-02 10:00:00,<function <lambda> at 0x7fa4962879f0>,<function <lambda> at 0x7fa496287a90>,<function <lambda> at 0x7fa496287b30>
15372,2021-10-02 11:00:00,<function <lambda> at 0x7fa4962879f0>,<function <lambda> at 0x7fa496287a90>,<function <lambda> at 0x7fa496287b30>
15373,2021-10-02 12:00:00,<function <lambda> at 0x7fa4962879f0>,<function <lambda> at 0x7fa496287a90>,<function <lambda> at 0x7fa496287b30>
15374,2021-10-02 13:00:00,<function <lambda> at 0x7fa4962879f0>,<function <lambda> at 0x7fa496287a90>,<function <lambda> at 0x7fa496287b30>
15375,2021-10-02 14:00:00,<function <lambda> at 0x7fa4962879f0>,<function <lambda> at 0x7fa496287a90>,<function <lambda> at 0x7fa496287b30>
15376,2021-10-02 15:00:00,<function <lambda> at 0x7fa4962879f0>,<function <lambda> at 0x7fa496287a90>,<function <lambda> at 0x7fa496287b30>
15377,2021-10-02 16:00:00,<function <lambda> at 0x7fa4962879f0>,<function <lambda> at 0x7fa496287a90>,<function <lambda> at 0x7fa496287b30>
15378,2021-10-02 17:00:00,<function <lambda> at 0x7fa4962879f0>,<function <lambda> at 0x7fa496287a90>,<function <lambda> at 0x7fa496287b30>
15379,2021-10-02 18:00:00,<function <lambda> at 0x7fa4962879f0>,<function <lambda> at 0x7fa496287a90>,<function <lambda> at 0x7fa496287b30>
15380,2021-10-02 19:00:00,<function <lambda> at 0x7fa4962879f0>,<function <lambda> at 0x7fa496287a90>,<function <lambda> at 0x7fa496287b30>
15381,2021-10-02 20:00:00,<function <lambda> at 0x7fa4962879f0>,<function <lambda> at 0x7fa496287a90>,<function <lambda> at 0x7fa496287b30>
15382,2021-10-02 21:00:00,<function <lambda> at 0x7fa4962879f0>,<function <lambda> at 0x7fa496287a90>,<function <lambda> at 0x7fa496287b30>
15383,2021-10-02 22:00:00,<function <lambda> at 0x7fa4962879f0>,<function <lambda> at 0x7fa496287a90>,<function <lambda> at 0x7fa496287b30>
15384,2021-10-02 23:00:00,<function <lambda> at 0x7fa4962879f0>,<function <lambda> at 0x7fa496287a90>,<function <lambda> at 0x7fa496287b30>
15385,2021-10-03 00:00:00,<function <lambda> at 0x7fa4962879f0>,<function <lambda> at 0x7fa496287a90>,<function <lambda> at 0x7fa496287b30>
15386,2021-10-03 01:00:00,<function <lambda> at 0x7fa4962879f0>,<function <lambda> at 0x7fa496287a90>,<function <lambda> at 0x7fa496287b30>
15387,2021-10-03 02:00:00,<function <lambda> at 0x7fa4962879f0>,<function <lambda> at 0x7fa496287a90>,<function <lambda> at 0x7fa496287b30>
15388,2021-10-03 03:00:00,<function <lambda> at 0x7fa4962879f0>,<function <lambda> at 0x7fa496287a90>,<function <lambda> at 0x7fa496287b30>
15389,2021-10-03 04:00:00,<function <lambda> at 0x7fa4962879f0>,<function <lambda> at 0x7fa496287a90>,<function <lambda> at 0x7fa496287b30>
15390,2021-10-03 05:00:00,<function <lambda> at 0x7fa4962879f0>,<function <lambda> at 0x7fa496287a90>,<function <lambda> at 0x7fa496287b30>
15391,2021-10-03 06:00:00,<function <lambda> at 0x7fa4962879f0>,<function <lambda> at 0x7fa496287a90>,<function <lambda> at 0x7fa496287b30>
15392,2021-10-03 07:00:00,<function <lambda> at 0x7fa4962879f0>,<function <lambda> at 0x7fa496287a90>,<function <lambda> at 0x7fa496287b30>
15393,2021-10-03 08:00:00,<function <lambda> at 0x7fa4962879f0>,<function <lambda> at 0x7fa496287a90>,<function <lambda> at 0x7fa496287b30>
15394,2021-10-03 09:00:00,<function <lambda> at 0x7fa4962879f0>,<function <lambda> at 0x7fa496287a90>,<function <lambda> at 0x7fa496287b30>
15395,2021-10-03 10:00:00,<function <lambda> at 0x7fa4962879f0>,<function <lambda> at 0x7fa496287a90>,<function <lambda> at 0x7fa496287b30>
15396,2021-10-03 11:00:00,<function <lambda> at 0x7fa4962879f0>,<function <lambda> at 0x7fa496287a90>,<function <lambda> at 0x7fa496287b30>
15397,2021-10-03 12:00:00,<function <lambda> at 0x7fa4962879f0>,<function <lambda> at 0x7fa496287a90>,<function <lambda> at 0x7fa496287b30>
15398,2021-10-03 13:00:00,<function <lambda> at 0x7fa4962879f0>,<function <lambda> at 0x7fa496287a90>,<function <lambda> at 0x7fa496287b30>
15399,2021-10-03 14:00:00,<function <lambda> at 0x7fa4962879f0>,<function <lambda> at 0x7fa496287a90>,<function <lambda> at 0x7fa496287b30>
15400,2021-10-03 15:00:00,<function <lambda> at 0x7fa4962879f0>,<function <lambda> at 0x7fa496287a90>,<function <lambda> at 0x7fa496287b30>
15401,2021-10-03 16:00:00,<function <lambda> at 0x7fa4962879f0>,<function <lambda> at 0x7fa496287a90>,<function <lambda> at 0x7fa496287b30>
15402,2021-10-03 17:00:00,<function <lambda> at 0x7fa4962879f0>,<function <lambda> at 0x7fa496287a90>,<function <lambda> at 0x7fa496287b30>
15403,2021-10-03 18:00:00,<function <lambda> at 0x7fa4962879f0>,<function <lambda> at 0x7fa496287a90>,<function <lambda> at 0x7fa496287b30>
15404,2021-10-03 19:00:00,<function <lambda> at 0x7fa4962879f0>,<function <lambda> at 0x7fa496287a90>,<function <lambda> at 0x7fa496287b30>
15405,2021-10-03 20:00:00,<function <lambda> at 0x7fa4962879f0>,<function <lambda> at 0x7fa496287a90>,<function <lambda> at 0x7fa496287b30>
15406,2021-10-03 21:00:00,<function <lambda> at 0x7fa4962879f0>,<function <lambda> at 0x7fa496287a90>,<function <lambda> at 0x7fa496287b30>
15407,2021-10-03 22:00:00,<function <lambda> at 0x7fa4962879f0>,<function <lambda> at 0x7fa496287a90>,<function <lambda> at 0x7fa496287b30>
15408,2021-10-03 23:00:00,<function <lambda> at 0x7fa4962879f0>,<function <lambda> at 0x7fa496287a90>,<function <lambda> at 0x7fa496287b30>
15409,2021-10-04 00:00:00,<function <lambda> at 0x7fa4962879f0>,<function <lambda> at 0x7fa496287a90>,<function <lambda> at 0x7fa496287b30>
15410,2021-10-04 01:00:00,<function <lambda> at 0x7fa4962879f0>,<function <lambda> at 0x7fa496287a90>,<function <lambda> at 0x7fa496287b30>
15411,2021-10-04 02:00:00,<function <lambda> at 0x7fa4962879f0>,<function <lambda> at 0x7fa496287a90>,<function <lambda> at 0x7fa496287b30>
15412,2021-10-04 03:00:00,<function <lambda> at 0x7fa4962879f0>,<function <lambda> at 0x7fa496287a90>,<function <lambda> at 0x7fa496287b30>
15413,2021-10-04 04:00:00,<function <lambda> at 0x7fa4962879f0>,<function <lambda> at 0x7fa496287a90>,<function <lambda> at 0x7fa496287b30>
15414,2021-10-04 05:00:00,<function <lambda> at 0x7fa4962879f0>,<function <lambda> at 0x7fa496287a90>,<function <lambda> at 0x7fa496287b30>
15415,2021-10-04 06:00:00,<function <lambda> at 0x7fa4962879f0>,<function <lambda> at 0x7fa496287a90>,<function <lambda> at 0x7fa496287b30>
15416,2021-10-04 07:00:00,<function <lambda> at 0x7fa4962879f0>,<function <lambda> at 0x7fa496287a90>,<function <lambda> at 0x7fa496287b30>
15417,2021-10-04 08:00:00,<function <lambda> at 0x7fa4962879f0>,<function <lambda> at 0x7fa496287a90>,<function <lambda> at 0x7fa496287b30>
15418,2021-10-04 09:00:00,<function <lambda> at 0x7fa4962879f0>,<function <lambda> at 0x7fa496287a90>,<function <lambda> at 0x7fa496287b30>
15419,2021-10-04 10:00:00,<function <lambda> at 0x7fa4962879f0>,<function <lambda> at 0x7fa496287a90>,<function <lambda> at 0x7fa496287b30>
15420,2021-10-04 11:00:00,<function <lambda> at 0x7fa4962879f0>,<function <lambda> at 0x7fa496287a90>,<function <lambda> at 0x7fa496287b30>
15421,2021-10-04 12:00:00,<function <lambda> at 0x7fa4962879f0>,<function <lambda> at 0x7fa496287a90>,<function <lambda> at 0x7fa496287b30>
15422,2021-10-04 13:00:00,<function <lambda> at 0x7fa4962879f0>,<function <lambda> at 0x7fa496287a90>,<function <lambda> at 0x7fa496287b30>
15423,2021-10-04 14:00:00,<function <lambda> at 0x7fa4962879f0>,<function <lambda> at 0x7fa496287a90>,<function <lambda> at 0x7fa496287b30>
15424,2021-10-04 15:00:00,<function <lambda> at 0x7fa4962879f0>,<function <lambda> at 0x7fa496287a90>,<function <lambda> at 0x7fa496287b30>
15425,2021-10-04 16:00:00,<function <lambda> at 0x7fa4962879f0>,<function <lambda> at 0x7fa496287a90>,<function <lambda> at 0x7fa496287b30>
15426,2021-10-04 17:00:00,<function <lambda> at 0x7fa4962879f0>,<function <lambda> at 0x7fa496287a90>,<function <lambda> at 0x7fa496287b30>
15427,2021-10-04 18:00:00,<function <lambda> at 0x7fa4962879f0>,<function <lambda> at 0x7fa496287a90>,<function <lambda> at 0x7fa496287b30>
15428,2021-10-04 19:00:00,<function <lambda> at 0x7fa4962879f0>,<function <lambda> at 0x7fa496287a90>,<function <lambda> at 0x7fa496287b30>
15429,2021-10-04 20:00:00,<function <lambda> at 0x7fa4962879f0>,<function <lambda> at 0x7fa496287a90>,<function <lambda> at 0x7fa496287b30>
15430,2021-10-04 21:00:00,<function <lambda> at 0x7fa4962879f0>,<function <lambda> at 0x7fa496287a90>,<function <lambda> at 0x7fa496287b30>
15431,2021-10-04 22:00:00,<function <lambda> at 0x7fa4962879f0>,<function <lambda> at 0x7fa496287a90>,<function <lambda> at 0x7fa496287b30>
15432,2021-10-04 23:00:00,<function <lambda> at 0x7fa4962879f0>,<function <lambda> at 0x7fa496287a90>,<function <lambda> at 0x7fa496287b30>
15433,2021-10-05 00:00:00,<function <lambda> at 0x7fa4962879f0>,<function <lambda> at 0x7fa496287a90>,<function <lambda> at 0x7fa496287b30>
15434,2021-10-05 01:00:00,<function <lambda> at 0x7fa4962879f0>,<function <lambda> at 0x7fa496287a90>,<function <lambda> at 0x7fa496287b30>
15435,2021-10-05 02:00:00,<function <lambda> at 0x7fa4962879f0>,<function <lambda> at 0x7fa496287a90>,<function <lambda> at 0x7fa496287b30>
15436,2021-10-05 03:00:00,<function <lambda> at 0x7fa4962879f0>,<function <lambda> at 0x7fa496287a90>,<function <lambda> at 0x7fa496287b30>
15437,2021-10-05 04:00:00,<function <lambda> at 0x7fa4962879f0>,<function <lambda> at 0x7fa496287a90>,<function <lambda> at 0x7fa496287b30>
15438,2021-10-05 05:00:00,<function <lambda> at 0x7fa4962879f0>,<function <lambda> at 0x7fa496287a90>,<function <lambda> at 0x7fa496287b30>
15439,2021-10-05 06:00:00,<function <lambda> at 0x7fa4962879f0>,<function <lambda> at 0x7fa496287a90>,<function <lambda> at 0x7fa496287b30>
15440,2021-10-05 07:00:00,<function <lambda> at 0x7fa4962879f0>,<function <lambda> at 0x7fa496287a90>,<function <lambda> at 0x7fa496287b30>
15441,2021-10-05 08:00:00,<function <lambda> at 0x7fa4962879f0>,<function <lambda> at 0x7fa496287a90>,<function <lambda> at 0x7fa496287b30>
15442,2021-10-05 09:00:00,<function <lambda> at 0x7fa4962879f0>,<function <lambda> at 0x7fa496287a90>,<function <lambda> at 0x7fa496287b30>
15443,2021-10-05 10:00:00,<function <lambda> at 0x7fa4962879f0>,<function <lambda> at 0x7fa496287a90>,<function <lambda> at 0x7fa496287b30>
15444,2021-10-05 11:00:00,<function <lambda> at 0x7fa4962879f0>,<function <lambda> at 0x7fa496287a90>,<function <lambda> at 0x7fa496287b30>
15445,2021-10-05 12:00:00,<function <lambda> at 0x7fa4962879f0>,<function <lambda> at 0x7fa496287a90>,<function <lambda> at 0x7fa496287b30>
15446,2021-10-05 13:00:00,<function <lambda> at 0x7fa4962879f0>,<function <lambda> at 0x7fa496287a90>,<function <lambda> at 0x7fa496287b30>
15447,2021-10-05 14:00:00,<function <lambda> at 0x7fa4962879f0>,<function <lambda> at 0x7fa496287a90>,<function <lambda> at 0x7fa496287b30>
15448,2021-10-05 15:00:00,<function <lambda> at 0x7fa4962879f0>,<function <lambda> at 0x7fa496287a90>,<function <lambda> at 0x7fa496287b30>
15449,2021-10-05 16:00:00,<function <lambda> at 0x7fa4962879f0>,<function <lambda> at 0x7fa496287a90>,<function <lambda> at 0x7fa496287b30>
15450,2021-10-05 17:00:00,<function <lambda> at 0x7fa4962879f0>,<function <lambda> at 0x7fa496287a90>,<function <lambda> at 0x7fa496287b30>
15451,2021-10-05 18:00:00,<function <lambda> at 0x7fa4962879f0>,<function <lambda> at 0x7fa496287a90>,<function <lambda> at 0x7fa496287b30>
15452,2021-10-05 19:00:00,<function <lambda> at 0x7fa4962879f0>,<function <lambda> at 0x7fa496287a90>,<function <lambda> at 0x7fa496287b30>
15453,2021-10-05 20:00:00,<function <lambda> at 0x7fa4962879f0>,<function <lambda> at 0x7fa496287a90>,<function <lambda> at 0x7fa496287b30>
15454,2021-10-05 21:00:00,<function <lambda> at 0x7fa4962879f0>,<function <lambda> at 0x7fa496287a90>,<function <lambda> at 0x7fa496287b30>
15455,2021-10-05 22:00:00,<function <lambda> at 0x7fa4962879f0>,<function <lambda> at 0x7fa496287a90>,<function <lambda> at 0x7fa496287b30>
15456,2021-10-05 23:00:00,<function <lambda> at 0x7fa4962879f0>,<function <lambda> at 0x7fa496287a90>,<function <lambda> at 0x7fa496287b30>
15457,2021-10-06 00:00:00,<function <lambda> at 0x7fa4962879f0>,<function <lambda> at 0x7fa496287a90>,<function <lambda> at 0x7fa496287b30>
15458,2021-10-06 01:00:00,<function <lambda> at 0x7fa4962879f0>,<function <lambda> at 0x7fa496287a90>,<function <lambda> at 0x7fa496287b30>
15459,2021-10-06 02:00:00,<function <lambda> at 0x7fa4962879f0>,<function <lambda> at 0x7fa496287a90>,<function <lambda> at 0x7fa496287b30>
15460,2021-10-06 03:00:00,<function <lambda> at 0x7fa4962879f0>,<function <lambda> at 0x7fa496287a90>,<function <lambda> at 0x7fa496287b30>
15461,2021-10-06 04:00:00,<function <lambda> at 0x7fa4962879f0>,<function <lambda> at 0x7fa496287a90>,<function <lambda> at 0x7fa496287b30>
15462,2021-10-06 05:00:00,<function <lambda> at 0x7fa4962879f0>,<function <lambda> at 0x7fa496287a90>,<function <lambda> at 0x7fa496287b30>
15463,2021-10-06 06:00:00,<function <lambda> at 0x7fa4962879f0>,<function <lambda> at 0x7fa496287a90>,<function <lambda> at 0x7fa496287b30>
15464,2021-10-06 07:00:00,<function <lambda> at 0x7fa4962879f0>,<function <lambda> at 0x7fa496287a90>,<function <lambda> at 0x7fa496287b30>
15465,2021-10-06 08:00:00,<function <lambda> at 0x7fa4962879f0>,<function <lambda> at 0x7fa496287a90>,<function <lambda> at 0x7fa496287b30>
15466,2021-10-06 09:00:00,<function <lambda> at 0x7fa4962879f0>,<function <lambda> at 0x7fa496287a90>,<function <lambda> at 0x7fa496287b30>
15467,2021-10-06 10:00:00,<function <lambda> at 0x7fa4962879f0>,<function <lambda> at 0x7fa496287a90>,<function <lambda> at 0x7fa496287b30>
15468,2021-10-06 11:00:00,<function <lambda> at 0x7fa4962879f0>,<function <lambda> at 0x7fa496287a90>,<function <lambda> at 0x7fa496287b30>
15469,2021-10-06 12:00:00,<function <lambda> at 0x7fa4962879f0>,<function <lambda> at 0x7fa496287a90>,<function <lambda> at 0x7fa496287b30>
15470,2021-10-06 13:00:00,<function <lambda> at 0x7fa4962879f0>,<function <lambda> at 0x7fa496287a90>,<function <lambda> at 0x7fa496287b30>
15471,2021-10-06 14:00:00,<function <lambda> at 0x7fa4962879f0>,<function <lambda> at 0x7fa496287a90>,<function <lambda> at 0x7fa496287b30>
15472,2021-10-06 15:00:00,<function <lambda> at 0x7fa4962879f0>,<function <lambda> at 0x7fa496287a90>,<function <lambda> at 0x7fa496287b30>
15473,2021-10-06 16:00:00,<function <lambda> at 0x7fa4962879f0>,<function <lambda> at 0x7fa496287a90>,<function <lambda> at 0x7fa496287b30>
15474,2021-10-06 17:00:00,<function <lambda> at 0x7fa4962879f0>,<function <lambda> at 0x7fa496287a90>,<function <lambda> at 0x7fa496287b30>
15475,2021-10-06 18:00:00,<function <lambda> at 0x7fa4962879f0>,<function <lambda> at 0x7fa496287a90>,<function <lambda> at 0x7fa496287b30>
15476,2021-10-06 19:00:00,<function <lambda> at 0x7fa4962879f0>,<function <lambda> at 0x7fa496287a90>,<function <lambda> at 0x7fa496287b30>
15477,2021-10-06 20:00:00,<function <lambda> at 0x7fa4962879f0>,<function <lambda> at 0x7fa496287a90>,<function <lambda> at 0x7fa496287b30>
15478,2021-10-06 21:00:00,<function <lambda> at 0x7fa4962879f0>,<function <lambda> at 0x7fa496287a90>,<function <lambda> at 0x7fa496287b30>
15479,2021-10-06 22:00:00,<function <lambda> at 0x7fa4962879f0>,<function <lambda> at 0x7fa496287a90>,<function <lambda> at 0x7fa496287b30>
15480,2021-10-06 23:00:00,<function <lambda> at 0x7fa4962879f0>,<function <lambda> at 0x7fa496287a90>,<function <lambda> at 0x7fa496287b30>
15481,2021-10-07 00:00:00,<function <lambda> at 0x7fa4962879f0>,<function <lambda> at 0x7fa496287a90>,<function <lambda> at 0x7fa496287b30>
15482,2021-10-07 01:00:00,<function <lambda> at 0x7fa4962879f0>,<function <lambda> at 0x7fa496287a90>,<function <lambda> at 0x7fa496287b30>
15483,2021-10-07 02:00:00,<function <lambda> at 0x7fa4962879f0>,<function <lambda> at 0x7fa496287a90>,<function <lambda> at 0x7fa496287b30>
15484,2021-10-07 03:00:00,<function <lambda> at 0x7fa4962879f0>,<function <lambda> at 0x7fa496287a90>,<function <lambda> at 0x7fa496287b30>
15485,2021-10-07 04:00:00,<function <lambda> at 0x7fa4962879f0>,<function <lambda> at 0x7fa496287a90>,<function <lambda> at 0x7fa496287b30>
15486,2021-10-07 05:00:00,<function <lambda> at 0x7fa4962879f0>,<function <lambda> at 0x7fa496287a90>,<function <lambda> at 0x7fa496287b30>
15487,2021-10-07 06:00:00,<function <lambda> at 0x7fa4962879f0>,<function <lambda> at 0x7fa496287a90>,<function <lambda> at 0x7fa496287b30>
15488,2021-10-07 07:00:00,<function <lambda> at 0x7fa4962879f0>,<function <lambda> at 0x7fa496287a90>,<function <lambda> at 0x7fa496287b30>
15489,2021-10-07 08:00:00,<function <lambda> at 0x7fa4962879f0>,<function <lambda> at 0x7fa496287a90>,<function <lambda> at 0x7fa496287b30>
15490,2021-10-07 09:00:00,<function <lambda> at 0x7fa4962879f0>,<function <lambda> at 0x7fa496287a90>,<function <lambda> at 0x7fa496287b30>
15491,2021-10-07 10:00:00,<function <lambda> at 0x7fa4962879f0>,<function <lambda> at 0x7fa496287a90>,<function <lambda> at 0x7fa496287b30>
15492,2021-10-07 11:00:00,<function <lambda> at 0x7fa4962879f0>,<function <lambda> at 0x7fa496287a90>,<function <lambda> at 0x7fa496287b30>
15493,2021-10-07 12:00:00,<function <lambda> at 0x7fa4962879f0>,<function <lambda> at 0x7fa496287a90>,<function <lambda> at 0x7fa496287b30>
15494,2021-10-07 13:00:00,<function <lambda> at 0x7fa4962879f0>,<function <lambda> at 0x7fa496287a90>,<function <lambda> at 0x7fa496287b30>
15495,2021-10-07 14:00:00,<function <lambda> at 0x7fa4962879f0>,<function <lambda> at 0x7fa496287a90>,<function <lambda> at 0x7fa496287b30>
15496,2021-10-07 15:00:00,<function <lambda> at 0x7fa4962879f0>,<function <lambda> at 0x7fa496287a90>,<function <lambda> at 0x7fa496287b30>
15497,2021-10-07 16:00:00,<function <lambda> at 0x7fa4962879f0>,<function <lambda> at 0x7fa496287a90>,<function <lambda> at 0x7fa496287b30>
15498,2021-10-07 17:00:00,<function <lambda> at 0x7fa4962879f0>,<function <lambda> at 0x7fa496287a90>,<function <lambda> at 0x7fa496287b30>
15499,2021-10-07 18:00:00,<function <lambda> at 0x7fa4962879f0>,<function <lambda> at 0x7fa496287a90>,<function <lambda> at 0x7fa496287b30>
15500,2021-10-07 19:00:00,<function <lambda> at 0x7fa4962879f0>,<function <lambda> at 0x7fa496287a90>,<function <lambda> at 0x7fa496287b30>
15501,2021-10-07 20:00:00,<function <lambda> at 0x7fa4962879f0>,<function <lambda> at 0x7fa496287a90>,<function <lambda> at 0x7fa496287b30>
15502,2021-10-07 21:00:00,<function <lambda> at 0x7fa4962879f0>,<function <lambda> at 0x7fa496287a90>,<function <lambda> at 0x7fa496287b30>
15503,2021-10-07 22:00:00,<function <lambda> at 0x7fa4962879f0>,<function <lambda> at 0x7fa496287a90>,<function <lambda> at 0x7fa496287b30>
15504,2021-10-07 23:00:00,<function <lambda> at 0x7fa4962879f0>,<function <lambda> at 0x7fa496287a90>,<function <lambda> at 0x7fa496287b30>
15505,2021-10-08 00:00:00,<function <lambda> at 0x7fa4962879f0>,<function <lambda> at 0x7fa496287a90>,<function <lambda> at 0x7fa496287b30>
15506,2021-10-08 01:00:00,<function <lambda> at 0x7fa4962879f0>,<function <lambda> at 0x7fa496287a90>,<function <lambda> at 0x7fa496287b30>
15507,2021-10-08 02:00:00,<function <lambda> at 0x7fa4962879f0>,<function <lambda> at 0x7fa496287a90>,<function <lambda> at 0x7fa496287b30>
15508,2021-10-08 03:00:00,<function <lambda> at 0x7fa4962879f0>,<function <lambda> at 0x7fa496287a90>,<function <lambda> at 0x7fa496287b30>
15509,2021-10-08 04:00:00,<function <lambda> at 0x7fa4962879f0>,<function <lambda> at 0x7fa496287a90>,<function <lambda> at 0x7fa496287b30>
15510,2021-10-08 05:00:00,<function <lambda> at 0x7fa4962879f0>,<function <lambda> at 0x7fa496287a90>,<function <lambda> at 0x7fa496287b30>
15511,2021-10-08 06:00:00,<function <lambda> at 0x7fa4962879f0>,<function <lambda> at 0x7fa496287a90>,<function <lambda> at 0x7fa496287b30>
15512,2021-10-08 07:00:00,<function <lambda> at 0x7fa4962879f0>,<function <lambda> at 0x7fa496287a90>,<function <lambda> at 0x7fa496287b30>
15513,2021-10-08 08:00:00,<function <lambda> at 0x7fa4962879f0>,<function <lambda> at 0x7fa496287a90>,<function <lambda> at 0x7fa496287b30>
15514,2021-10-08 09:00:00,<function <lambda> at 0x7fa4962879f0>,<function <lambda> at 0x7fa496287a90>,<function <lambda> at 0x7fa496287b30>
15515,2021-10-08 10:00:00,<function <lambda> at 0x7fa4962879f0>,<function <lambda> at 0x7fa496287a90>,<function <lambda> at 0x7fa496287b30>
15516,2021-10-08 11:00:00,<function <lambda> at 0x7fa4962879f0>,<function <lambda> at 0x7fa496287a90>,<function <lambda> at 0x7fa496287b30>
15517,2021-10-08 12:00:00,<function <lambda> at 0x7fa4962879f0>,<function <lambda> at 0x7fa496287a90>,<function <lambda> at 0x7fa496287b30>
15518,2021-10-08 13:00:00,<function <lambda> at 0x7fa4962879f0>,<function <lambda> at 0x7fa496287a90>,<function <lambda> at 0x7fa496287b30>
15519,2021-10-08 14:00:00,<function <lambda> at 0x7fa4962879f0>,<function <lambda> at 0x7fa496287a90>,<function <lambda> at 0x7fa496287b30>
15520,2021-10-08 15:00:00,<function <lambda> at 0x7fa4962879f0>,<function <lambda> at 0x7fa496287a90>,<function <lambda> at 0x7fa496287b30>
15521,2021-10-08 16:00:00,<function <lambda> at 0x7fa4962879f0>,<function <lambda> at 0x7fa496287a90>,<function <lambda> at 0x7fa496287b30>
15522,2021-10-08 17:00:00,<function <lambda> at 0x7fa4962879f0>,<function <lambda> at 0x7fa496287a90>,<function <lambda> at 0x7fa496287b30>
15523,2021-10-08 18:00:00,<function <lambda> at 0x7fa4962879f0>,<function <lambda> at 0x7fa496287a90>,<function <lambda> at 0x7fa496287b30>
15524,2021-10-08 19:00:00,<function <lambda> at 0x7fa4962879f0>,<function <lambda> at 0x7fa496287a90>,<function <lambda> at 0x7fa496287b30>
15525,2021-10-08 20:00:00,<function <lambda> at 0x7fa4962879f0>,<function <lambda> at 0x7fa496287a90>,<function <lambda> at 0x7fa496287b30>
15526,2021-10-08 21:00:00,<function <lambda> at 0x7fa4962879f0>,<function <lambda> at 0x7fa496287a90>,<function <lambda> at 0x7fa496287b30>
15527,2021-10-08 22:00:00,<function <lambda> at 0x7fa4962879f0>,<function <lambda> at 0x7fa496287a90>,<function <lambda> at 0x7fa496287b30>
15528,2021-10-08 23:00:00,<function <lambda> at 0x7fa4962879f0>,<function <lambda> at 0x7fa496287a90>,<function <lambda> at 0x7fa496287b30>
15529,2021-10-09 00:00:00,<function <lambda> at 0x7fa4962879f0>,<function <lambda> at 0x7fa496287a90>,<function <lambda> at 0x7fa496287b30>
15530,2021-10-09 01:00:00,<function <lambda> at 0x7fa4962879f0>,<function <lambda> at 0x7fa496287a90>,<function <lambda> at 0x7fa496287b30>
15531,2021-10-09 02:00:00,<function <lambda> at 0x7fa4962879f0>,<function <lambda> at 0x7fa496287a90>,<function <lambda> at 0x7fa496287b30>
15532,2021-10-09 03:00:00,<function <lambda> at 0x7fa4962879f0>,<function <lambda> at 0x7fa496287a90>,<function <lambda> at 0x7fa496287b30>
15533,2021-10-09 04:00:00,<function <lambda> at 0x7fa4962879f0>,<function <lambda> at 0x7fa496287a90>,<function <lambda> at 0x7fa496287b30>
15534,2021-10-09 05:00:00,<function <lambda> at 0x7fa4962879f0>,<function <lambda> at 0x7fa496287a90>,<function <lambda> at 0x7fa496287b30>
15535,2021-10-09 06:00:00,<function <lambda> at 0x7fa4962879f0>,<function <lambda> at 0x7fa496287a90>,<function <lambda> at 0x7fa496287b30>
15536,2021-10-09 07:00:00,<function <lambda> at 0x7fa4962879f0>,<function <lambda> at 0x7fa496287a90>,<function <lambda> at 0x7fa496287b30>
15537,2021-10-09 08:00:00,<function <lambda> at 0x7fa4962879f0>,<function <lambda> at 0x7fa496287a90>,<function <lambda> at 0x7fa496287b30>
15538,2021-10-09 09:00:00,<function <lambda> at 0x7fa4962879f0>,<function <lambda> at 0x7fa496287a90>,<function <lambda> at 0x7fa496287b30>
15539,2021-10-09 10:00:00,<function <lambda> at 0x7fa4962879f0>,<function <lambda> at 0x7fa496287a90>,<function <lambda> at 0x7fa496287b30>
15540,2021-10-09 11:00:00,<function <lambda> at 0x7fa4962879f0>,<function <lambda> at 0x7fa496287a90>,<function <lambda> at 0x7fa496287b30>
15541,2021-10-09 12:00:00,<function <lambda> at 0x7fa4962879f0>,<function <lambda> at 0x7fa496287a90>,<function <lambda> at 0x7fa496287b30>
15542,2021-10-09 13:00:00,<function <lambda> at 0x7fa4962879f0>,<function <lambda> at 0x7fa496287a90>,<function <lambda> at 0x7fa496287b30>
15543,2021-10-09 14:00:00,<function <lambda> at 0x7fa4962879f0>,<function <lambda> at 0x7fa496287a90>,<function <lambda> at 0x7fa496287b30>
15544,2021-10-09 15:00:00,<function <lambda> at 0x7fa4962879f0>,<function <lambda> at 0x7fa496287a90>,<function <lambda> at 0x7fa496287b30>
15545,2021-10-09 16:00:00,<function <lambda> at 0x7fa4962879f0>,<function <lambda> at 0x7fa496287a90>,<function <lambda> at 0x7fa496287b30>
15546,2021-10-09 17:00:00,<function <lambda> at 0x7fa4962879f0>,<function <lambda> at 0x7fa496287a90>,<function <lambda> at 0x7fa496287b30>
15547,2021-10-09 18:00:00,<function <lambda> at 0x7fa4962879f0>,<function <lambda> at 0x7fa496287a90>,<function <lambda> at 0x7fa496287b30>
15548,2021-10-09 19:00:00,<function <lambda> at 0x7fa4962879f0>,<function <lambda> at 0x7fa496287a90>,<function <lambda> at 0x7fa496287b30>
15549,2021-10-09 20:00:00,<function <lambda> at 0x7fa4962879f0>,<function <lambda> at 0x7fa496287a90>,<function <lambda> at 0x7fa496287b30>
15550,2021-10-09 21:00:00,<function <lambda> at 0x7fa4962879f0>,<function <lambda> at 0x7fa496287a90>,<function <lambda> at 0x7fa496287b30>
15551,2021-10-09 22:00:00,<function <lambda> at 0x7fa4962879f0>,<function <lambda> at 0x7fa496287a90>,<function <lambda> at 0x7fa496287b30>
15552,2021-10-09 23:00:00,<function <lambda> at 0x7fa4962879f0>,<function <lambda> at 0x7fa496287a90>,<function <lambda> at 0x7fa496287b30>
15553,2021-10-10 00:00:00,<function <lambda> at 0x7fa4962879f0>,<function <lambda> at 0x7fa496287a90>,<function <lambda> at 0x7fa496287b30>
15554,2021-10-10 01:00:00,<function <lambda> at 0x7fa4962879f0>,<function <lambda> at 0x7fa496287a90>,<function <lambda> at 0x7fa496287b30>
15555,2021-10-10 02:00:00,<function <lambda> at 0x7fa4962879f0>,<function <lambda> at 0x7fa496287a90>,<function <lambda> at 0x7fa496287b30>
15556,2021-10-10 03:00:00,<function <lambda> at 0x7fa4962879f0>,<function <lambda> at 0x7fa496287a90>,<function <lambda> at 0x7fa496287b30>
15557,2021-10-10 04:00:00,<function <lambda> at 0x7fa4962879f0>,<function <lambda> at 0x7fa496287a90>,<function <lambda> at 0x7fa496287b30>
15558,2021-10-10 05:00:00,<function <lambda> at 0x7fa4962879f0>,<function <lambda> at 0x7fa496287a90>,<function <lambda> at 0x7fa496287b30>
15559,2021-10-10 06:00:00,<function <lambda> at 0x7fa4962879f0>,<function <lambda> at 0x7fa496287a90>,<function <lambda> at 0x7fa496287b30>
15560,2021-10-10 07:00:00,<function <lambda> at 0x7fa4962879f0>,<function <lambda> at 0x7fa496287a90>,<function <lambda> at 0x7fa496287b30>
15561,2021-10-10 08:00:00,<function <lambda> at 0x7fa4962879f0>,<function <lambda> at 0x7fa496287a90>,<function <lambda> at 0x7fa496287b30>
15562,2021-10-10 09:00:00,<function <lambda> at 0x7fa4962879f0>,<function <lambda> at 0x7fa496287a90>,<function <lambda> at 0x7fa496287b30>
15563,2021-10-10 10:00:00,<function <lambda> at 0x7fa4962879f0>,<function <lambda> at 0x7fa496287a90>,<function <lambda> at 0x7fa496287b30>
15564,2021-10-10 11:00:00,<function <lambda> at 0x7fa4962879f0>,<function <lambda> at 0x7fa496287a90>,<function <lambda> at 0x7fa496287b30>
15565,2021-10-10 12:00:00,<function <lambda> at 0x7fa4962879f0>,<function <lambda> at 0x7fa496287a90>,<function <lambda> at 0x7fa496287b30>
15566,2021-10-10 13:00:00,<function <lambda> at 0x7fa4962879f0>,<function <lambda> at 0x7fa496287a90>,<function <lambda> at 0x7fa496287b30>
15567,2021-10-10 14:00:00,<function <lambda> at 0x7fa4962879f0>,<function <lambda> at 0x7fa496287a90>,<function <lambda> at 0x7fa496287b30>
15568,2021-10-10 15:00:00,<function <lambda> at 0x7fa4962879f0>,<function <lambda> at 0x7fa496287a90>,<function <lambda> at 0x7fa496287b30>
15569,2021-10-10 16:00:00,<function <lambda> at 0x7fa4962879f0>,<function <lambda> at 0x7fa496287a90>,<function <lambda> at 0x7fa496287b30>
15570,2021-10-10 17:00:00,<function <lambda> at 0x7fa4962879f0>,<function <lambda> at 0x7fa496287a90>,<function <lambda> at 0x7fa496287b30>
15571,2021-10-10 18:00:00,<function <lambda> at 0x7fa4962879f0>,<function <lambda> at 0x7fa496287a90>,<function <lambda> at 0x7fa496287b30>
15572,2021-10-10 19:00:00,<function <lambda> at 0x7fa4962879f0>,<function <lambda> at 0x7fa496287a90>,<function <lambda> at 0x7fa496287b30>
15573,2021-10-10 20:00:00,<function <lambda> at 0x7fa4962879f0>,<function <lambda> at 0x7fa496287a90>,<function <lambda> at 0x7fa496287b30>
15574,2021-10-10 21:00:00,<function <lambda> at 0x7fa4962879f0>,<function <lambda> at 0x7fa496287a90>,<function <lambda> at 0x7fa496287b30>
15575,2021-10-10 22:00:00,<function <lambda> at 0x7fa4962879f0>,<function <lambda> at 0x7fa496287a90>,<function <lambda> at 0x7fa496287b30>
15576,2021-10-10 23:00:00,<function <lambda> at 0x7fa4962879f0>,<function <lambda> at 0x7fa496287a90>,<function <lambda> at 0x7fa496287b30>
15577,2021-10-11 00:00:00,<function <lambda> at 0x7fa4962879f0>,<function <lambda> at 0x7fa496287a90>,<function <lambda> at 0x7fa496287b30>
15578,2021-10-11 01:00:00,<function <lambda> at 0x7fa4962879f0>,<function <lambda> at 0x7fa496287a90>,<function <lambda> at 0x7fa496287b30>
15579,2021-10-11 02:00:00,<function <lambda> at 0x7fa4962879f0>,<function <lambda> at 0x7fa496287a90>,<function <lambda> at 0x7fa496287b30>
15580,2021-10-11 03:00:00,<function <lambda> at 0x7fa4962879f0>,<function <lambda> at 0x7fa496287a90>,<function <lambda> at 0x7fa496287b30>
15581,2021-10-11 04:00:00,<function <lambda> at 0x7fa4962879f0>,<function <lambda> at 0x7fa496287a90>,<function <lambda> at 0x7fa496287b30>
15582,2021-10-11 05:00:00,<function <lambda> at 0x7fa4962879f0>,<function <lambda> at 0x7fa496287a90>,<function <lambda> at 0x7fa496287b30>
15583,2021-10-11 06:00:00,<function <lambda> at 0x7fa4962879f0>,<function <lambda> at 0x7fa496287a90>,<function <lambda> at 0x7fa496287b30>
15584,2021-10-11 07:00:00,<function <lambda> at 0x7fa4962879f0>,<function <lambda> at 0x7fa496287a90>,<function <lambda> at 0x7fa496287b30>
15585,2021-10-11 08:00:00,<function <lambda> at 0x7fa4962879f0>,<function <lambda> at 0x7fa496287a90>,<function <lambda> at 0x7fa496287b30>
15586,2021-10-11 09:00:00,<function <lambda> at 0x7fa4962879f0>,<function <lambda> at 0x7fa496287a90>,<function <lambda> at 0x7fa496287b30>
15587,2021-10-11 10:00:00,<function <lambda> at 0x7fa4962879f0>,<function <lambda> at 0x7fa496287a90>,<function <lambda> at 0x7fa496287b30>
15588,2021-10-11 11:00:00,<function <lambda> at 0x7fa4962879f0>,<function <lambda> at 0x7fa496287a90>,<function <lambda> at 0x7fa496287b30>
15589,2021-10-11 12:00:00,<function <lambda> at 0x7fa4962879f0>,<function <lambda> at 0x7fa496287a90>,<function <lambda> at 0x7fa496287b30>
15590,2021-10-11 13:00:00,<function <lambda> at 0x7fa4962879f0>,<function <lambda> at 0x7fa496287a90>,<function <lambda> at 0x7fa496287b30>
15591,2021-10-11 14:00:00,<function <lambda> at 0x7fa4962879f0>,<function <lambda> at 0x7fa496287a90>,<function <lambda> at 0x7fa496287b30>
15592,2021-10-11 15:00:00,<function <lambda> at 0x7fa4962879f0>,<function <lambda> at 0x7fa496287a90>,<function <lambda> at 0x7fa496287b30>
15593,2021-10-11 16:00:00,<function <lambda> at 0x7fa4962879f0>,<function <lambda> at 0x7fa496287a90>,<function <lambda> at 0x7fa496287b30>
15594,2021-10-11 17:00:00,<function <lambda> at 0x7fa4962879f0>,<function <lambda> at 0x7fa496287a90>,<function <lambda> at 0x7fa496287b30>
15595,2021-10-11 18:00:00,<function <lambda> at 0x7fa4962879f0>,<function <lambda> at 0x7fa496287a90>,<function <lambda> at 0x7fa496287b30>
15596,2021-10-11 19:00:00,<function <lambda> at 0x7fa4962879f0>,<function <lambda> at 0x7fa496287a90>,<function <lambda> at 0x7fa496287b30>
15597,2021-10-11 20:00:00,<function <lambda> at 0x7fa4962879f0>,<function <lambda> at 0x7fa496287a90>,<function <lambda> at 0x7fa496287b30>
15598,2021-10-11 21:00:00,<function <lambda> at 0x7fa4962879f0>,<function <lambda> at 0x7fa496287a90>,<function <lambda> at 0x7fa496287b30>
15599,2021-10-11 22:00:00,<function <lambda> at 0x7fa4962879f0>,<function <lambda> at 0x7fa496287a90>,<function <lambda> at 0x7fa496287b30>
15600,2021-10-11 23:00:00,<function <lambda> at 0x7fa4962879f0>,<function <lambda> at 0x7fa496287a90>,<function <lambda> at 0x7fa496287b30>
15601,2021-10-12 00:00:00,<function <lambda> at 0x7fa4962879f0>,<function <lambda> at 0x7fa496287a90>,<function <lambda> at 0x7fa496287b30>
15602,2021-10-12 01:00:00,<function <lambda> at 0x7fa4962879f0>,<function <lambda> at 0x7fa496287a90>,<function <lambda> at 0x7fa496287b30>
15603,2021-10-12 02:00:00,<function <lambda> at 0x7fa4962879f0>,<function <lambda> at 0x7fa496287a90>,<function <lambda> at 0x7fa496287b30>
15604,2021-10-12 03:00:00,<function <lambda> at 0x7fa4962879f0>,<function <lambda> at 0x7fa496287a90>,<function <lambda> at 0x7fa496287b30>
15605,2021-10-12 04:00:00,<function <lambda> at 0x7fa4962879f0>,<function <lambda> at 0x7fa496287a90>,<function <lambda> at 0x7fa496287b30>
15606,2021-10-12 05:00:00,<function <lambda> at 0x7fa4962879f0>,<function <lambda> at 0x7fa496287a90>,<function <lambda> at 0x7fa496287b30>
15607,2021-10-12 06:00:00,<function <lambda> at 0x7fa4962879f0>,<function <lambda> at 0x7fa496287a90>,<function <lambda> at 0x7fa496287b30>
15608,2021-10-12 07:00:00,<function <lambda> at 0x7fa4962879f0>,<function <lambda> at 0x7fa496287a90>,<function <lambda> at 0x7fa496287b30>
15609,2021-10-12 08:00:00,<function <lambda> at 0x7fa4962879f0>,<function <lambda> at 0x7fa496287a90>,<function <lambda> at 0x7fa496287b30>
15610,2021-10-12 09:00:00,<function <lambda> at 0x7fa4962879f0>,<function <lambda> at 0x7fa496287a90>,<function <lambda> at 0x7fa496287b30>
15611,2021-10-12 10:00:00,<function <lambda> at 0x7fa4962879f0>,<function <lambda> at 0x7fa496287a90>,<function <lambda> at 0x7fa496287b30>
15612,2021-10-12 11:00:00,<function <lambda> at 0x7fa4962879f0>,<function <lambda> at 0x7fa496287a90>,<function <lambda> at 0x7fa496287b30>
15613,2021-10-12 12:00:00,<function <lambda> at 0x7fa4962879f0>,<function <lambda> at 0x7fa496287a90>,<function <lambda> at 0x7fa496287b30>
15614,2021-10-12 13:00:00,<function <lambda> at 0x7fa4962879f0>,<function <lambda> at 0x7fa496287a90>,<function <lambda> at 0x7fa496287b30>
15615,2021-10-12 14:00:00,<function <lambda> at 0x7fa4962879f0>,<function <lambda> at 0x7fa496287a90>,<function <lambda> at 0x7fa496287b30>
15616,2021-10-12 15:00:00,<function <lambda> at 0x7fa4962879f0>,<function <lambda> at 0x7fa496287a90>,<function <lambda> at 0x7fa496287b30>
15617,2021-10-12 16:00:00,<function <lambda> at 0x7fa4962879f0>,<function <lambda> at 0x7fa496287a90>,<function <lambda> at 0x7fa496287b30>
15618,2021-10-12 17:00:00,<function <lambda> at 0x7fa4962879f0>,<function <lambda> at 0x7fa496287a90>,<function <lambda> at 0x7fa496287b30>
15619,2021-10-12 18:00:00,<function <lambda> at 0x7fa4962879f0>,<function <lambda> at 0x7fa496287a90>,<function <lambda> at 0x7fa496287b30>
15620,2021-10-12 19:00:00,<function <lambda> at 0x7fa4962879f0>,<function <lambda> at 0x7fa496287a90>,<function <lambda> at 0x7fa496287b30>
15621,2021-10-12 20:00:00,<function <lambda> at 0x7fa4962879f0>,<function <lambda> at 0x7fa496287a90>,<function <lambda> at 0x7fa496287b30>
15622,2021-10-12 21:00:00,<function <lambda> at 0x7fa4962879f0>,<function <lambda> at 0x7fa496287a90>,<function <lambda> at 0x7fa496287b30>
15623,2021-10-12 22:00:00,<function <lambda> at 0x7fa4962879f0>,<function <lambda> at 0x7fa496287a90>,<function <lambda> at 0x7fa496287b30>
15624,2021-10-12 23:00:00,<function <lambda> at 0x7fa4962879f0>,<function <lambda> at 0x7fa496287a90>,<function <lambda> at 0x7fa496287b30>
15625,2021-10-13 00:00:00,<function <lambda> at 0x7fa4962879f0>,<function <lambda> at 0x7fa496287a90>,<function <lambda> at 0x7fa496287b30>
15626,2021-10-13 01:00:00,<function <lambda> at 0x7fa4962879f0>,<function <lambda> at 0x7fa496287a90>,<function <lambda> at 0x7fa496287b30>
15627,2021-10-13 02:00:00,<function <lambda> at 0x7fa4962879f0>,<function <lambda> at 0x7fa496287a90>,<function <lambda> at 0x7fa496287b30>
15628,2021-10-13 03:00:00,<function <lambda> at 0x7fa4962879f0>,<function <lambda> at 0x7fa496287a90>,<function <lambda> at 0x7fa496287b30>
15629,2021-10-13 04:00:00,<function <lambda> at 0x7fa4962879f0>,<function <lambda> at 0x7fa496287a90>,<function <lambda> at 0x7fa496287b30>
15630,2021-10-13 05:00:00,<function <lambda> at 0x7fa4962879f0>,<function <lambda> at 0x7fa496287a90>,<function <lambda> at 0x7fa496287b30>
15631,2021-10-13 06:00:00,<function <lambda> at 0x7fa4962879f0>,<function <lambda> at 0x7fa496287a90>,<function <lambda> at 0x7fa496287b30>
15632,2021-10-13 07:00:00,<function <lambda> at 0x7fa4962879f0>,<function <lambda> at 0x7fa496287a90>,<function <lambda> at 0x7fa496287b30>
15633,2021-10-13 08:00:00,<function <lambda> at 0x7fa4962879f0>,<function <lambda> at 0x7fa496287a90>,<function <lambda> at 0x7fa496287b30>
15634,2021-10-13 09:00:00,<function <lambda> at 0x7fa4962879f0>,<function <lambda> at 0x7fa496287a90>,<function <lambda> at 0x7fa496287b30>
15635,2021-10-13 10:00:00,<function <lambda> at 0x7fa4962879f0>,<function <lambda> at 0x7fa496287a90>,<function <lambda> at 0x7fa496287b30>
15636,2021-10-13 11:00:00,<function <lambda> at 0x7fa4962879f0>,<function <lambda> at 0x7fa496287a90>,<function <lambda> at 0x7fa496287b30>
15637,2021-10-13 12:00:00,<function <lambda> at 0x7fa4962879f0>,<function <lambda> at 0x7fa496287a90>,<function <lambda> at 0x7fa496287b30>
15638,2021-10-13 13:00:00,<function <lambda> at 0x7fa4962879f0>,<function <lambda> at 0x7fa496287a90>,<function <lambda> at 0x7fa496287b30>
15639,2021-10-13 14:00:00,<function <lambda> at 0x7fa4962879f0>,<function <lambda> at 0x7fa496287a90>,<function <lambda> at 0x7fa496287b30>
15640,2021-10-13 15:00:00,<function <lambda> at 0x7fa4962879f0>,<function <lambda> at 0x7fa496287a90>,<function <lambda> at 0x7fa496287b30>
15641,2021-10-13 16:00:00,<function <lambda> at 0x7fa4962879f0>,<function <lambda> at 0x7fa496287a90>,<function <lambda> at 0x7fa496287b30>
15642,2021-10-13 17:00:00,<function <lambda> at 0x7fa4962879f0>,<function <lambda> at 0x7fa496287a90>,<function <lambda> at 0x7fa496287b30>
15643,2021-10-13 18:00:00,<function <lambda> at 0x7fa4962879f0>,<function <lambda> at 0x7fa496287a90>,<function <lambda> at 0x7fa496287b30>
15644,2021-10-13 19:00:00,<function <lambda> at 0x7fa4962879f0>,<function <lambda> at 0x7fa496287a90>,<function <lambda> at 0x7fa496287b30>
15645,2021-10-13 20:00:00,<function <lambda> at 0x7fa4962879f0>,<function <lambda> at 0x7fa496287a90>,<function <lambda> at 0x7fa496287b30>
15646,2021-10-13 21:00:00,<function <lambda> at 0x7fa4962879f0>,<function <lambda> at 0x7fa496287a90>,<function <lambda> at 0x7fa496287b30>
15647,2021-10-13 22:00:00,<function <lambda> at 0x7fa4962879f0>,<function <lambda> at 0x7fa496287a90>,<function <lambda> at 0x7fa496287b30>
15648,2021-10-13 23:00:00,<function <lambda> at 0x7fa4962879f0>,<function <lambda> at 0x7fa496287a90>,<function <lambda> at 0x7fa496287b30>
15649,2021-10-14 00:00:00,<function <lambda> at 0x7fa4962879f0>,<function <lambda> at 0x7fa496287a90>,<function <lambda> at 0x7fa496287b30>
15650,2021-10-14 01:00:00,<function <lambda> at 0x7fa4962879f0>,<function <lambda> at 0x7fa496287a90>,<function <lambda> at 0x7fa496287b30>
15651,2021-10-14 02:00:00,<function <lambda> at 0x7fa4962879f0>,<function <lambda> at 0x7fa496287a90>,<function <lambda> at 0x7fa496287b30>
15652,2021-10-14 03:00:00,<function <lambda> at 0x7fa4962879f0>,<function <lambda> at 0x7fa496287a90>,<function <lambda> at 0x7fa496287b30>
15653,2021-10-14 04:00:00,<function <lambda> at 0x7fa4962879f0>,<function <lambda> at 0x7fa496287a90>,<function <lambda> at 0x7fa496287b30>
15654,2021-10-14 05:00:00,<function <lambda> at 0x7fa4962879f0>,<function <lambda> at 0x7fa496287a90>,<function <lambda> at 0x7fa496287b30>
15655,2021-10-14 06:00:00,<function <lambda> at 0x7fa4962879f0>,<function <lambda> at 0x7fa496287a90>,<function <lambda> at 0x7fa496287b30>
15656,2021-10-14 07:00:00,<function <lambda> at 0x7fa4962879f0>,<function <lambda> at 0x7fa496287a90>,<function <lambda> at 0x7fa496287b30>
15657,2021-10-14 08:00:00,<function <lambda> at 0x7fa4962879f0>,<function <lambda> at 0x7fa496287a90>,<function <lambda> at 0x7fa496287b30>
15658,2021-10-14 09:00:00,<function <lambda> at 0x7fa4962879f0>,<function <lambda> at 0x7fa496287a90>,<function <lambda> at 0x7fa496287b30>
15659,2021-10-14 10:00:00,<function <lambda> at 0x7fa4962879f0>,<function <lambda> at 0x7fa496287a90>,<function <lambda> at 0x7fa496287b30>
15660,2021-10-14 11:00:00,<function <lambda> at 0x7fa4962879f0>,<function <lambda> at 0x7fa496287a90>,<function <lambda> at 0x7fa496287b30>
15661,2021-10-14 12:00:00,<function <lambda> at 0x7fa4962879f0>,<function <lambda> at 0x7fa496287a90>,<function <lambda> at 0x7fa496287b30>
15662,2021-10-14 13:00:00,<function <lambda> at 0x7fa4962879f0>,<function <lambda> at 0x7fa496287a90>,<function <lambda> at 0x7fa496287b30>
15663,2021-10-14 14:00:00,<function <lambda> at 0x7fa4962879f0>,<function <lambda> at 0x7fa496287a90>,<function <lambda> at 0x7fa496287b30>
15664,2021-10-14 15:00:00,<function <lambda> at 0x7fa4962879f0>,<function <lambda> at 0x7fa496287a90>,<function <lambda> at 0x7fa496287b30>
15665,2021-10-14 16:00:00,<function <lambda> at 0x7fa4962879f0>,<function <lambda> at 0x7fa496287a90>,<function <lambda> at 0x7fa496287b30>
15666,2021-10-14 17:00:00,<function <lambda> at 0x7fa4962879f0>,<function <lambda> at 0x7fa496287a90>,<function <lambda> at 0x7fa496287b30>
15667,2021-10-14 18:00:00,<function <lambda> at 0x7fa4962879f0>,<function <lambda> at 0x7fa496287a90>,<function <lambda> at 0x7fa496287b30>
15668,2021-10-14 19:00:00,<function <lambda> at 0x7fa4962879f0>,<function <lambda> at 0x7fa496287a90>,<function <lambda> at 0x7fa496287b30>
15669,2021-10-14 20:00:00,<function <lambda> at 0x7fa4962879f0>,<function <lambda> at 0x7fa496287a90>,<function <lambda> at 0x7fa496287b30>
15670,2021-10-14 21:00:00,<function <lambda> at 0x7fa4962879f0>,<function <lambda> at 0x7fa496287a90>,<function <lambda> at 0x7fa496287b30>
15671,2021-10-14 22:00:00,<function <lambda> at 0x7fa4962879f0>,<function <lambda> at 0x7fa496287a90>,<function <lambda> at 0x7fa496287b30>
15672,2021-10-14 23:00:00,<function <lambda> at 0x7fa4962879f0>,<function <lambda> at 0x7fa496287a90>,<function <lambda> at 0x7fa496287b30>
15673,2021-10-15 00:00:00,<function <lambda> at 0x7fa4962879f0>,<function <lambda> at 0x7fa496287a90>,<function <lambda> at 0x7fa496287b30>
15674,2021-10-15 01:00:00,<function <lambda> at 0x7fa4962879f0>,<function <lambda> at 0x7fa496287a90>,<function <lambda> at 0x7fa496287b30>
15675,2021-10-15 02:00:00,<function <lambda> at 0x7fa4962879f0>,<function <lambda> at 0x7fa496287a90>,<function <lambda> at 0x7fa496287b30>
15676,2021-10-15 03:00:00,<function <lambda> at 0x7fa4962879f0>,<function <lambda> at 0x7fa496287a90>,<function <lambda> at 0x7fa496287b30>
15677,2021-10-15 04:00:00,<function <lambda> at 0x7fa4962879f0>,<function <lambda> at 0x7fa496287a90>,<function <lambda> at 0x7fa496287b30>
15678,2021-10-15 05:00:00,<function <lambda> at 0x7fa4962879f0>,<function <lambda> at 0x7fa496287a90>,<function <lambda> at 0x7fa496287b30>
15679,2021-10-15 06:00:00,<function <lambda> at 0x7fa4962879f0>,<function <lambda> at 0x7fa496287a90>,<function <lambda> at 0x7fa496287b30>
15680,2021-10-15 07:00:00,<function <lambda> at 0x7fa4962879f0>,<function <lambda> at 0x7fa496287a90>,<function <lambda> at 0x7fa496287b30>
15681,2021-10-15 08:00:00,<function <lambda> at 0x7fa4962879f0>,<function <lambda> at 0x7fa496287a90>,<function <lambda> at 0x7fa496287b30>
15682,2021-10-15 09:00:00,<function <lambda> at 0x7fa4962879f0>,<function <lambda> at 0x7fa496287a90>,<function <lambda> at 0x7fa496287b30>
15683,2021-10-15 10:00:00,<function <lambda> at 0x7fa4962879f0>,<function <lambda> at 0x7fa496287a90>,<function <lambda> at 0x7fa496287b30>
15684,2021-10-15 11:00:00,<function <lambda> at 0x7fa4962879f0>,<function <lambda> at 0x7fa496287a90>,<function <lambda> at 0x7fa496287b30>
15685,2021-10-15 12:00:00,<function <lambda> at 0x7fa4962879f0>,<function <lambda> at 0x7fa496287a90>,<function <lambda> at 0x7fa496287b30>
15686,2021-10-15 13:00:00,<function <lambda> at 0x7fa4962879f0>,<function <lambda> at 0x7fa496287a90>,<function <lambda> at 0x7fa496287b30>
15687,2021-10-15 14:00:00,<function <lambda> at 0x7fa4962879f0>,<function <lambda> at 0x7fa496287a90>,<function <lambda> at 0x7fa496287b30>
15688,2021-10-15 15:00:00,<function <lambda> at 0x7fa4962879f0>,<function <lambda> at 0x7fa496287a90>,<function <lambda> at 0x7fa496287b30>
15689,2021-10-15 16:00:00,<function <lambda> at 0x7fa4962879f0>,<function <lambda> at 0x7fa496287a90>,<function <lambda> at 0x7fa496287b30>
15690,2021-10-15 17:00:00,<function <lambda> at 0x7fa4962879f0>,<function <lambda> at 0x7fa496287a90>,<function <lambda> at 0x7fa496287b30>
15691,2021-10-15 18:00:00,<function <lambda> at 0x7fa4962879f0>,<function <lambda> at 0x7fa496287a90>,<function <lambda> at 0x7fa496287b30>
15692,2021-10-15 19:00:00,<function <lambda> at 0x7fa4962879f0>,<function <lambda> at 0x7fa496287a90>,<function <lambda> at 0x7fa496287b30>
15693,2021-10-15 20:00:00,<function <lambda> at 0x7fa4962879f0>,<function <lambda> at 0x7fa496287a90>,<function <lambda> at 0x7fa496287b30>
15694,2021-10-15 21:00:00,<function <lambda> at 0x7fa4962879f0>,<function <lambda> at 0x7fa496287a90>,<function <lambda> at 0x7fa496287b30>
15695,2021-10-15 22:00:00,<function <lambda> at 0x7fa4962879f0>,<function <lambda> at 0x7fa496287a90>,<function <lambda> at 0x7fa496287b30>
15696,2021-10-15 23:00:00,<function <lambda> at 0x7fa4962879f0>,<function <lambda> at 0x7fa496287a90>,<function <lambda> at 0x7fa496287b30>
15697,2021-10-16 00:00:00,<function <lambda> at 0x7fa4962879f0>,<function <lambda> at 0x7fa496287a90>,<function <lambda> at 0x7fa496287b30>
15698,2021-10-16 01:00:00,<function <lambda> at 0x7fa4962879f0>,<function <lambda> at 0x7fa496287a90>,<function <lambda> at 0x7fa496287b30>
15699,2021-10-16 02:00:00,<function <lambda> at 0x7fa4962879f0>,<function <lambda> at 0x7fa496287a90>,<function <lambda> at 0x7fa496287b30>
15700,2021-10-16 03:00:00,<function <lambda> at 0x7fa4962879f0>,<function <lambda> at 0x7fa496287a90>,<function <lambda> at 0x7fa496287b30>
15701,2021-10-16 04:00:00,<function <lambda> at 0x7fa4962879f0>,<function <lambda> at 0x7fa496287a90>,<function <lambda> at 0x7fa496287b30>
15702,2021-10-16 05:00:00,<function <lambda> at 0x7fa4962879f0>,<function <lambda> at 0x7fa496287a90>,<function <lambda> at 0x7fa496287b30>
15703,2021-10-16 06:00:00,<function <lambda> at 0x7fa4962879f0>,<function <lambda> at 0x7fa496287a90>,<function <lambda> at 0x7fa496287b30>
15704,2021-10-16 07:00:00,<function <lambda> at 0x7fa4962879f0>,<function <lambda> at 0x7fa496287a90>,<function <lambda> at 0x7fa496287b30>
15705,2021-10-16 08:00:00,<function <lambda> at 0x7fa4962879f0>,<function <lambda> at 0x7fa496287a90>,<function <lambda> at 0x7fa496287b30>
15706,2021-10-16 09:00:00,<function <lambda> at 0x7fa4962879f0>,<function <lambda> at 0x7fa496287a90>,<function <lambda> at 0x7fa496287b30>
15707,2021-10-16 10:00:00,<function <lambda> at 0x7fa4962879f0>,<function <lambda> at 0x7fa496287a90>,<function <lambda> at 0x7fa496287b30>
15708,2021-10-16 11:00:00,<function <lambda> at 0x7fa4962879f0>,<function <lambda> at 0x7fa496287a90>,<function <lambda> at 0x7fa496287b30>
15709,2021-10-16 12:00:00,<function <lambda> at 0x7fa4962879f0>,<function <lambda> at 0x7fa496287a90>,<function <lambda> at 0x7fa496287b30>
15710,2021-10-16 13:00:00,<function <lambda> at 0x7fa4962879f0>,<function <lambda> at 0x7fa496287a90>,<function <lambda> at 0x7fa496287b30>
15711,2021-10-16 14:00:00,<function <lambda> at 0x7fa4962879f0>,<function <lambda> at 0x7fa496287a90>,<function <lambda> at 0x7fa496287b30>
15712,2021-10-16 15:00:00,<function <lambda> at 0x7fa4962879f0>,<function <lambda> at 0x7fa496287a90>,<function <lambda> at 0x7fa496287b30>
15713,2021-10-16 16:00:00,<function <lambda> at 0x7fa4962879f0>,<function <lambda> at 0x7fa496287a90>,<function <lambda> at 0x7fa496287b30>
15714,2021-10-16 17:00:00,<function <lambda> at 0x7fa4962879f0>,<function <lambda> at 0x7fa496287a90>,<function <lambda> at 0x7fa496287b30>
15715,2021-10-16 18:00:00,<function <lambda> at 0x7fa4962879f0>,<function <lambda> at 0x7fa496287a90>,<function <lambda> at 0x7fa496287b30>
15716,2021-10-16 19:00:00,<function <lambda> at 0x7fa4962879f0>,<function <lambda> at 0x7fa496287a90>,<function <lambda> at 0x7fa496287b30>
15717,2021-10-16 20:00:00,<function <lambda> at 0x7fa4962879f0>,<function <lambda> at 0x7fa496287a90>,<function <lambda> at 0x7fa496287b30>
15718,2021-10-16 21:00:00,<function <lambda> at 0x7fa4962879f0>,<function <lambda> at 0x7fa496287a90>,<function <lambda> at 0x7fa496287b30>
15719,2021-10-16 22:00:00,<function <lambda> at 0x7fa4962879f0>,<function <lambda> at 0x7fa496287a90>,<function <lambda> at 0x7fa496287b30>
15720,2021-10-16 23:00:00,<function <lambda> at 0x7fa4962879f0>,<function <lambda> at 0x7fa496287a90>,<function <lambda> at 0x7fa496287b30>
15721,2021-10-17 00:00:00,<function <lambda> at 0x7fa4962879f0>,<function <lambda> at 0x7fa496287a90>,<function <lambda> at 0x7fa496287b30>
15722,2021-10-17 01:00:00,<function <lambda> at 0x7fa4962879f0>,<function <lambda> at 0x7fa496287a90>,<function <lambda> at 0x7fa496287b30>
15723,2021-10-17 02:00:00,<function <lambda> at 0x7fa4962879f0>,<function <lambda> at 0x7fa496287a90>,<function <lambda> at 0x7fa496287b30>
15724,2021-10-17 03:00:00,<function <lambda> at 0x7fa4962879f0>,<function <lambda> at 0x7fa496287a90>,<function <lambda> at 0x7fa496287b30>
15725,2021-10-17 04:00:00,<function <lambda> at 0x7fa4962879f0>,<function <lambda> at 0x7fa496287a90>,<function <lambda> at 0x7fa496287b30>
15726,2021-10-17 05:00:00,<function <lambda> at 0x7fa4962879f0>,<function <lambda> at 0x7fa496287a90>,<function <lambda> at 0x7fa496287b30>
15727,2021-10-17 06:00:00,<function <lambda> at 0x7fa4962879f0>,<function <lambda> at 0x7fa496287a90>,<function <lambda> at 0x7fa496287b30>
15728,2021-10-17 07:00:00,<function <lambda> at 0x7fa4962879f0>,<function <lambda> at 0x7fa496287a90>,<function <lambda> at 0x7fa496287b30>
15729,2021-10-17 08:00:00,<function <lambda> at 0x7fa4962879f0>,<function <lambda> at 0x7fa496287a90>,<function <lambda> at 0x7fa496287b30>
15730,2021-10-17 09:00:00,<function <lambda> at 0x7fa4962879f0>,<function <lambda> at 0x7fa496287a90>,<function <lambda> at 0x7fa496287b30>
15731,2021-10-17 10:00:00,<function <lambda> at 0x7fa4962879f0>,<function <lambda> at 0x7fa496287a90>,<function <lambda> at 0x7fa496287b30>
15732,2021-10-17 11:00:00,<function <lambda> at 0x7fa4962879f0>,<function <lambda> at 0x7fa496287a90>,<function <lambda> at 0x7fa496287b30>
15733,2021-10-17 12:00:00,<function <lambda> at 0x7fa4962879f0>,<function <lambda> at 0x7fa496287a90>,<function <lambda> at 0x7fa496287b30>
15734,2021-10-17 13:00:00,<function <lambda> at 0x7fa4962879f0>,<function <lambda> at 0x7fa496287a90>,<function <lambda> at 0x7fa496287b30>
15735,2021-10-17 14:00:00,<function <lambda> at 0x7fa4962879f0>,<function <lambda> at 0x7fa496287a90>,<function <lambda> at 0x7fa496287b30>
15736,2021-10-17 15:00:00,<function <lambda> at 0x7fa4962879f0>,<function <lambda> at 0x7fa496287a90>,<function <lambda> at 0x7fa496287b30>
15737,2021-10-17 16:00:00,<function <lambda> at 0x7fa4962879f0>,<function <lambda> at 0x7fa496287a90>,<function <lambda> at 0x7fa496287b30>
15738,2021-10-17 17:00:00,<function <lambda> at 0x7fa4962879f0>,<function <lambda> at 0x7fa496287a90>,<function <lambda> at 0x7fa496287b30>
15739,2021-10-17 18:00:00,<function <lambda> at 0x7fa4962879f0>,<function <lambda> at 0x7fa496287a90>,<function <lambda> at 0x7fa496287b30>
15740,2021-10-17 19:00:00,<function <lambda> at 0x7fa4962879f0>,<function <lambda> at 0x7fa496287a90>,<function <lambda> at 0x7fa496287b30>
15741,2021-10-17 20:00:00,<function <lambda> at 0x7fa4962879f0>,<function <lambda> at 0x7fa496287a90>,<function <lambda> at 0x7fa496287b30>
15742,2021-10-17 21:00:00,<function <lambda> at 0x7fa4962879f0>,<function <lambda> at 0x7fa496287a90>,<function <lambda> at 0x7fa496287b30>
15743,2021-10-17 22:00:00,<function <lambda> at 0x7fa4962879f0>,<function <lambda> at 0x7fa496287a90>,<function <lambda> at 0x7fa496287b30>
15744,2021-10-17 23:00:00,<function <lambda> at 0x7fa4962879f0>,<function <lambda> at 0x7fa496287a90>,<function <lambda> at 0x7fa496287b30>
15745,2021-10-18 00:00:00,<function <lambda> at 0x7fa4962879f0>,<function <lambda> at 0x7fa496287a90>,<function <lambda> at 0x7fa496287b30>
15746,2021-10-18 01:00:00,<function <lambda> at 0x7fa4962879f0>,<function <lambda> at 0x7fa496287a90>,<function <lambda> at 0x7fa496287b30>
15747,2021-10-18 02:00:00,<function <lambda> at 0x7fa4962879f0>,<function <lambda> at 0x7fa496287a90>,<function <lambda> at 0x7fa496287b30>
15748,2021-10-18 03:00:00,<function <lambda> at 0x7fa4962879f0>,<function <lambda> at 0x7fa496287a90>,<function <lambda> at 0x7fa496287b30>
15749,2021-10-18 04:00:00,<function <lambda> at 0x7fa4962879f0>,<function <lambda> at 0x7fa496287a90>,<function <lambda> at 0x7fa496287b30>
15750,2021-10-18 05:00:00,<function <lambda> at 0x7fa4962879f0>,<function <lambda> at 0x7fa496287a90>,<function <lambda> at 0x7fa496287b30>
15751,2021-10-18 06:00:00,<function <lambda> at 0x7fa4962879f0>,<function <lambda> at 0x7fa496287a90>,<function <lambda> at 0x7fa496287b30>
15752,2021-10-18 07:00:00,<function <lambda> at 0x7fa4962879f0>,<function <lambda> at 0x7fa496287a90>,<function <lambda> at 0x7fa496287b30>
15753,2021-10-18 08:00:00,<function <lambda> at 0x7fa4962879f0>,<function <lambda> at 0x7fa496287a90>,<function <lambda> at 0x7fa496287b30>
15754,2021-10-18 09:00:00,<function <lambda> at 0x7fa4962879f0>,<function <lambda> at 0x7fa496287a90>,<function <lambda> at 0x7fa496287b30>
15755,2021-10-18 10:00:00,<function <lambda> at 0x7fa4962879f0>,<function <lambda> at 0x7fa496287a90>,<function <lambda> at 0x7fa496287b30>
15756,2021-10-18 11:00:00,<function <lambda> at 0x7fa4962879f0>,<function <lambda> at 0x7fa496287a90>,<function <lambda> at 0x7fa496287b30>
15757,2021-10-18 12:00:00,<function <lambda> at 0x7fa4962879f0>,<function <lambda> at 0x7fa496287a90>,<function <lambda> at 0x7fa496287b30>
15758,2021-10-18 13:00:00,<function <lambda> at 0x7fa4962879f0>,<function <lambda> at 0x7fa496287a90>,<function <lambda> at 0x7fa496287b30>
15759,2021-10-18 14:00:00,<function <lambda> at 0x7fa4962879f0>,<function <lambda> at 0x7fa496287a90>,<function <lambda> at 0x7fa496287b30>
15760,2021-10-18 15:00:00,<function <lambda> at 0x7fa4962879f0>,<function <lambda> at 0x7fa496287a90>,<function <lambda> at 0x7fa496287b30>
15761,2021-10-18 16:00:00,<function <lambda> at 0x7fa4962879f0>,<function <lambda> at 0x7fa496287a90>,<function <lambda> at 0x7fa496287b30>
15762,2021-10-18 17:00:00,<function <lambda> at 0x7fa4962879f0>,<function <lambda> at 0x7fa496287a90>,<function <lambda> at 0x7fa496287b30>
15763,2021-10-18 18:00:00,<function <lambda> at 0x7fa4962879f0>,<function <lambda> at 0x7fa496287a90>,<function <lambda> at 0x7fa496287b30>
15764,2021-10-18 19:00:00,<function <lambda> at 0x7fa4962879f0>,<function <lambda> at 0x7fa496287a90>,<function <lambda> at 0x7fa496287b30>
15765,2021-10-18 20:00:00,<function <lambda> at 0x7fa4962879f0>,<function <lambda> at 0x7fa496287a90>,<function <lambda> at 0x7fa496287b30>
15766,2021-10-18 21:00:00,<function <lambda> at 0x7fa4962879f0>,<function <lambda> at 0x7fa496287a90>,<function <lambda> at 0x7fa496287b30>
15767,2021-10-18 22:00:00,<function <lambda> at 0x7fa4962879f0>,<function <lambda> at 0x7fa496287a90>,<function <lambda> at 0x7fa496287b30>
15768,2021-10-18 23:00:00,<function <lambda> at 0x7fa4962879f0>,<function <lambda> at 0x7fa496287a90>,<function <lambda> at 0x7fa496287b30>
15769,2021-10-19 00:00:00,<function <lambda> at 0x7fa4962879f0>,<function <lambda> at 0x7fa496287a90>,<function <lambda> at 0x7fa496287b30>
15770,2021-10-19 01:00:00,<function <lambda> at 0x7fa4962879f0>,<function <lambda> at 0x7fa496287a90>,<function <lambda> at 0x7fa496287b30>
15771,2021-10-19 02:00:00,<function <lambda> at 0x7fa4962879f0>,<function <lambda> at 0x7fa496287a90>,<function <lambda> at 0x7fa496287b30>
15772,2021-10-19 03:00:00,<function <lambda> at 0x7fa4962879f0>,<function <lambda> at 0x7fa496287a90>,<function <lambda> at 0x7fa496287b30>
15773,2021-10-19 04:00:00,<function <lambda> at 0x7fa4962879f0>,<function <lambda> at 0x7fa496287a90>,<function <lambda> at 0x7fa496287b30>
15774,2021-10-19 05:00:00,<function <lambda> at 0x7fa4962879f0>,<function <lambda> at 0x7fa496287a90>,<function <lambda> at 0x7fa496287b30>
15775,2021-10-19 06:00:00,<function <lambda> at 0x7fa4962879f0>,<function <lambda> at 0x7fa496287a90>,<function <lambda> at 0x7fa496287b30>
15776,2021-10-19 07:00:00,<function <lambda> at 0x7fa4962879f0>,<function <lambda> at 0x7fa496287a90>,<function <lambda> at 0x7fa496287b30>
15777,2021-10-19 08:00:00,<function <lambda> at 0x7fa4962879f0>,<function <lambda> at 0x7fa496287a90>,<function <lambda> at 0x7fa496287b30>
15778,2021-10-19 09:00:00,<function <lambda> at 0x7fa4962879f0>,<function <lambda> at 0x7fa496287a90>,<function <lambda> at 0x7fa496287b30>
15779,2021-10-19 10:00:00,<function <lambda> at 0x7fa4962879f0>,<function <lambda> at 0x7fa496287a90>,<function <lambda> at 0x7fa496287b30>
15780,2021-10-19 11:00:00,<function <lambda> at 0x7fa4962879f0>,<function <lambda> at 0x7fa496287a90>,<function <lambda> at 0x7fa496287b30>
15781,2021-10-19 12:00:00,<function <lambda> at 0x7fa4962879f0>,<function <lambda> at 0x7fa496287a90>,<function <lambda> at 0x7fa496287b30>
15782,2021-10-19 13:00:00,<function <lambda> at 0x7fa4962879f0>,<function <lambda> at 0x7fa496287a90>,<function <lambda> at 0x7fa496287b30>
15783,2021-10-19 14:00:00,<function <lambda> at 0x7fa4962879f0>,<function <lambda> at 0x7fa496287a90>,<function <lambda> at 0x7fa496287b30>
15784,2021-10-19 15:00:00,<function <lambda> at 0x7fa4962879f0>,<function <lambda> at 0x7fa496287a90>,<function <lambda> at 0x7fa496287b30>
15785,2021-10-19 16:00:00,<function <lambda> at 0x7fa4962879f0>,<function <lambda> at 0x7fa496287a90>,<function <lambda> at 0x7fa496287b30>
15786,2021-10-19 17:00:00,<function <lambda> at 0x7fa4962879f0>,<function <lambda> at 0x7fa496287a90>,<function <lambda> at 0x7fa496287b30>
15787,2021-10-19 18:00:00,<function <lambda> at 0x7fa4962879f0>,<function <lambda> at 0x7fa496287a90>,<function <lambda> at 0x7fa496287b30>
15788,2021-10-19 19:00:00,<function <lambda> at 0x7fa4962879f0>,<function <lambda> at 0x7fa496287a90>,<function <lambda> at 0x7fa496287b30>
15789,2021-10-19 20:00:00,<function <lambda> at 0x7fa4962879f0>,<function <lambda> at 0x7fa496287a90>,<function <lambda> at 0x7fa496287b30>
15790,2021-10-19 21:00:00,<function <lambda> at 0x7fa4962879f0>,<function <lambda> at 0x7fa496287a90>,<function <lambda> at 0x7fa496287b30>
15791,2021-10-19 22:00:00,<function <lambda> at 0x7fa4962879f0>,<function <lambda> at 0x7fa496287a90>,<function <lambda> at 0x7fa496287b30>
15792,2021-10-19 23:00:00,<function <lambda> at 0x7fa4962879f0>,<function <lambda> at 0x7fa496287a90>,<function <lambda> at 0x7fa496287b30>
15793,2021-10-20 00:00:00,<function <lambda> at 0x7fa4962879f0>,<function <lambda> at 0x7fa496287a90>,<function <lambda> at 0x7fa496287b30>
15794,2021-10-20 01:00:00,<function <lambda> at 0x7fa4962879f0>,<function <lambda> at 0x7fa496287a90>,<function <lambda> at 0x7fa496287b30>
15795,2021-10-20 02:00:00,<function <lambda> at 0x7fa4962879f0>,<function <lambda> at 0x7fa496287a90>,<function <lambda> at 0x7fa496287b30>
15796,2021-10-20 03:00:00,<function <lambda> at 0x7fa4962879f0>,<function <lambda> at 0x7fa496287a90>,<function <lambda> at 0x7fa496287b30>
15797,2021-10-20 04:00:00,<function <lambda> at 0x7fa4962879f0>,<function <lambda> at 0x7fa496287a90>,<function <lambda> at 0x7fa496287b30>
15798,2021-10-20 05:00:00,<function <lambda> at 0x7fa4962879f0>,<function <lambda> at 0x7fa496287a90>,<function <lambda> at 0x7fa496287b30>
15799,2021-10-20 06:00:00,<function <lambda> at 0x7fa4962879f0>,<function <lambda> at 0x7fa496287a90>,<function <lambda> at 0x7fa496287b30>
15800,2021-10-20 07:00:00,<function <lambda> at 0x7fa4962879f0>,<function <lambda> at 0x7fa496287a90>,<function <lambda> at 0x7fa496287b30>
15801,2021-10-20 08:00:00,<function <lambda> at 0x7fa4962879f0>,<function <lambda> at 0x7fa496287a90>,<function <lambda> at 0x7fa496287b30>
15802,2021-10-20 09:00:00,<function <lambda> at 0x7fa4962879f0>,<function <lambda> at 0x7fa496287a90>,<function <lambda> at 0x7fa496287b30>
15803,2021-10-20 10:00:00,<function <lambda> at 0x7fa4962879f0>,<function <lambda> at 0x7fa496287a90>,<function <lambda> at 0x7fa496287b30>
15804,2021-10-20 11:00:00,<function <lambda> at 0x7fa4962879f0>,<function <lambda> at 0x7fa496287a90>,<function <lambda> at 0x7fa496287b30>
15805,2021-10-20 12:00:00,<function <lambda> at 0x7fa4962879f0>,<function <lambda> at 0x7fa496287a90>,<function <lambda> at 0x7fa496287b30>
15806,2021-10-20 13:00:00,<function <lambda> at 0x7fa4962879f0>,<function <lambda> at 0x7fa496287a90>,<function <lambda> at 0x7fa496287b30>
15807,2021-10-20 14:00:00,<function <lambda> at 0x7fa4962879f0>,<function <lambda> at 0x7fa496287a90>,<function <lambda> at 0x7fa496287b30>
15808,2021-10-20 15:00:00,<function <lambda> at 0x7fa4962879f0>,<function <lambda> at 0x7fa496287a90>,<function <lambda> at 0x7fa496287b30>
15809,2021-10-20 16:00:00,<function <lambda> at 0x7fa4962879f0>,<function <lambda> at 0x7fa496287a90>,<function <lambda> at 0x7fa496287b30>
15810,2021-10-20 17:00:00,<function <lambda> at 0x7fa4962879f0>,<function <lambda> at 0x7fa496287a90>,<function <lambda> at 0x7fa496287b30>
15811,2021-10-20 18:00:00,<function <lambda> at 0x7fa4962879f0>,<function <lambda> at 0x7fa496287a90>,<function <lambda> at 0x7fa496287b30>
15812,2021-10-20 19:00:00,<function <lambda> at 0x7fa4962879f0>,<function <lambda> at 0x7fa496287a90>,<function <lambda> at 0x7fa496287b30>
15813,2021-10-20 20:00:00,<function <lambda> at 0x7fa4962879f0>,<function <lambda> at 0x7fa496287a90>,<function <lambda> at 0x7fa496287b30>
15814,2021-10-20 21:00:00,<function <lambda> at 0x7fa4962879f0>,<function <lambda> at 0x7fa496287a90>,<function <lambda> at 0x7fa496287b30>
15815,2021-10-20 22:00:00,<function <lambda> at 0x7fa4962879f0>,<function <lambda> at 0x7fa496287a90>,<function <lambda> at 0x7fa496287b30>
15816,2021-10-20 23:00:00,<function <lambda> at 0x7fa4962879f0>,<function <lambda> at 0x7fa496287a90>,<function <lambda> at 0x7fa496287b30>
15817,2021-10-21 00:00:00,<function <lambda> at 0x7fa4962879f0>,<function <lambda> at 0x7fa496287a90>,<function <lambda> at 0x7fa496287b30>
15818,2021-10-21 01:00:00,<function <lambda> at 0x7fa4962879f0>,<function <lambda> at 0x7fa496287a90>,<function <lambda> at 0x7fa496287b30>
15819,2021-10-21 02:00:00,<function <lambda> at 0x7fa4962879f0>,<function <lambda> at 0x7fa496287a90>,<function <lambda> at 0x7fa496287b30>
15820,2021-10-21 03:00:00,<function <lambda> at 0x7fa4962879f0>,<function <lambda> at 0x7fa496287a90>,<function <lambda> at 0x7fa496287b30>
15821,2021-10-21 04:00:00,<function <lambda> at 0x7fa4962879f0>,<function <lambda> at 0x7fa496287a90>,<function <lambda> at 0x7fa496287b30>
15822,2021-10-21 05:00:00,<function <lambda> at 0x7fa4962879f0>,<function <lambda> at 0x7fa496287a90>,<function <lambda> at 0x7fa496287b30>
15823,2021-10-21 06:00:00,<function <lambda> at 0x7fa4962879f0>,<function <lambda> at 0x7fa496287a90>,<function <lambda> at 0x7fa496287b30>
15824,2021-10-21 07:00:00,<function <lambda> at 0x7fa4962879f0>,<function <lambda> at 0x7fa496287a90>,<function <lambda> at 0x7fa496287b30>
15825,2021-10-21 08:00:00,<function <lambda> at 0x7fa4962879f0>,<function <lambda> at 0x7fa496287a90>,<function <lambda> at 0x7fa496287b30>
15826,2021-10-21 09:00:00,<function <lambda> at 0x7fa4962879f0>,<function <lambda> at 0x7fa496287a90>,<function <lambda> at 0x7fa496287b30>
15827,2021-10-21 10:00:00,<function <lambda> at 0x7fa4962879f0>,<function <lambda> at 0x7fa496287a90>,<function <lambda> at 0x7fa496287b30>
15828,2021-10-21 11:00:00,<function <lambda> at 0x7fa4962879f0>,<function <lambda> at 0x7fa496287a90>,<function <lambda> at 0x7fa496287b30>
15829,2021-10-21 12:00:00,<function <lambda> at 0x7fa4962879f0>,<function <lambda> at 0x7fa496287a90>,<function <lambda> at 0x7fa496287b30>
15830,2021-10-21 13:00:00,<function <lambda> at 0x7fa4962879f0>,<function <lambda> at 0x7fa496287a90>,<function <lambda> at 0x7fa496287b30>
15831,2021-10-21 14:00:00,<function <lambda> at 0x7fa4962879f0>,<function <lambda> at 0x7fa496287a90>,<function <lambda> at 0x7fa496287b30>
15832,2021-10-21 15:00:00,<function <lambda> at 0x7fa4962879f0>,<function <lambda> at 0x7fa496287a90>,<function <lambda> at 0x7fa496287b30>
15833,2021-10-21 16:00:00,<function <lambda> at 0x7fa4962879f0>,<function <lambda> at 0x7fa496287a90>,<function <lambda> at 0x7fa496287b30>
15834,2021-10-21 17:00:00,<function <lambda> at 0x7fa4962879f0>,<function <lambda> at 0x7fa496287a90>,<function <lambda> at 0x7fa496287b30>
15835,2021-10-21 18:00:00,<function <lambda> at 0x7fa4962879f0>,<function <lambda> at 0x7fa496287a90>,<function <lambda> at 0x7fa496287b30>
15836,2021-10-21 19:00:00,<function <lambda> at 0x7fa4962879f0>,<function <lambda> at 0x7fa496287a90>,<function <lambda> at 0x7fa496287b30>
15837,2021-10-21 20:00:00,<function <lambda> at 0x7fa4962879f0>,<function <lambda> at 0x7fa496287a90>,<function <lambda> at 0x7fa496287b30>
15838,2021-10-21 21:00:00,<function <lambda> at 0x7fa4962879f0>,<function <lambda> at 0x7fa496287a90>,<function <lambda> at 0x7fa496287b30>
15839,2021-10-21 22:00:00,<function <lambda> at 0x7fa4962879f0>,<function <lambda> at 0x7fa496287a90>,<function <lambda> at 0x7fa496287b30>
15840,2021-10-21 23:00:00,<function <lambda> at 0x7fa4962879f0>,<function <lambda> at 0x7fa496287a90>,<function <lambda> at 0x7fa496287b30>
15841,2021-10-22 00:00:00,<function <lambda> at 0x7fa4962879f0>,<function <lambda> at 0x7fa496287a90>,<function <lambda> at 0x7fa496287b30>
15842,2021-10-22 01:00:00,<function <lambda> at 0x7fa4962879f0>,<function <lambda> at 0x7fa496287a90>,<function <lambda> at 0x7fa496287b30>
15843,2021-10-22 02:00:00,<function <lambda> at 0x7fa4962879f0>,<function <lambda> at 0x7fa496287a90>,<function <lambda> at 0x7fa496287b30>
15844,2021-10-22 03:00:00,<function <lambda> at 0x7fa4962879f0>,<function <lambda> at 0x7fa496287a90>,<function <lambda> at 0x7fa496287b30>
15845,2021-10-22 04:00:00,<function <lambda> at 0x7fa4962879f0>,<function <lambda> at 0x7fa496287a90>,<function <lambda> at 0x7fa496287b30>
15846,2021-10-22 05:00:00,<function <lambda> at 0x7fa4962879f0>,<function <lambda> at 0x7fa496287a90>,<function <lambda> at 0x7fa496287b30>
15847,2021-10-22 06:00:00,<function <lambda> at 0x7fa4962879f0>,<function <lambda> at 0x7fa496287a90>,<function <lambda> at 0x7fa496287b30>
15848,2021-10-22 07:00:00,<function <lambda> at 0x7fa4962879f0>,<function <lambda> at 0x7fa496287a90>,<function <lambda> at 0x7fa496287b30>
15849,2021-10-22 08:00:00,<function <lambda> at 0x7fa4962879f0>,<function <lambda> at 0x7fa496287a90>,<function <lambda> at 0x7fa496287b30>
15850,2021-10-22 09:00:00,<function <lambda> at 0x7fa4962879f0>,<function <lambda> at 0x7fa496287a90>,<function <lambda> at 0x7fa496287b30>
15851,2021-10-22 10:00:00,<function <lambda> at 0x7fa4962879f0>,<function <lambda> at 0x7fa496287a90>,<function <lambda> at 0x7fa496287b30>
15852,2021-10-22 11:00:00,<function <lambda> at 0x7fa4962879f0>,<function <lambda> at 0x7fa496287a90>,<function <lambda> at 0x7fa496287b30>
15853,2021-10-22 12:00:00,<function <lambda> at 0x7fa4962879f0>,<function <lambda> at 0x7fa496287a90>,<function <lambda> at 0x7fa496287b30>
15854,2021-10-22 13:00:00,<function <lambda> at 0x7fa4962879f0>,<function <lambda> at 0x7fa496287a90>,<function <lambda> at 0x7fa496287b30>
15855,2021-10-22 14:00:00,<function <lambda> at 0x7fa4962879f0>,<function <lambda> at 0x7fa496287a90>,<function <lambda> at 0x7fa496287b30>
15856,2021-10-22 15:00:00,<function <lambda> at 0x7fa4962879f0>,<function <lambda> at 0x7fa496287a90>,<function <lambda> at 0x7fa496287b30>
15857,2021-10-22 16:00:00,<function <lambda> at 0x7fa4962879f0>,<function <lambda> at 0x7fa496287a90>,<function <lambda> at 0x7fa496287b30>
15858,2021-10-22 17:00:00,<function <lambda> at 0x7fa4962879f0>,<function <lambda> at 0x7fa496287a90>,<function <lambda> at 0x7fa496287b30>
15859,2021-10-22 18:00:00,<function <lambda> at 0x7fa4962879f0>,<function <lambda> at 0x7fa496287a90>,<function <lambda> at 0x7fa496287b30>
15860,2021-10-22 19:00:00,<function <lambda> at 0x7fa4962879f0>,<function <lambda> at 0x7fa496287a90>,<function <lambda> at 0x7fa496287b30>
15861,2021-10-22 20:00:00,<function <lambda> at 0x7fa4962879f0>,<function <lambda> at 0x7fa496287a90>,<function <lambda> at 0x7fa496287b30>
15862,2021-10-22 21:00:00,<function <lambda> at 0x7fa4962879f0>,<function <lambda> at 0x7fa496287a90>,<function <lambda> at 0x7fa496287b30>
15863,2021-10-22 22:00:00,<function <lambda> at 0x7fa4962879f0>,<function <lambda> at 0x7fa496287a90>,<function <lambda> at 0x7fa496287b30>
15864,2021-10-22 23:00:00,<function <lambda> at 0x7fa4962879f0>,<function <lambda> at 0x7fa496287a90>,<function <lambda> at 0x7fa496287b30>
15865,2021-10-23 00:00:00,<function <lambda> at 0x7fa4962879f0>,<function <lambda> at 0x7fa496287a90>,<function <lambda> at 0x7fa496287b30>
15866,2021-10-23 01:00:00,<function <lambda> at 0x7fa4962879f0>,<function <lambda> at 0x7fa496287a90>,<function <lambda> at 0x7fa496287b30>
15867,2021-10-23 02:00:00,<function <lambda> at 0x7fa4962879f0>,<function <lambda> at 0x7fa496287a90>,<function <lambda> at 0x7fa496287b30>
15868,2021-10-23 03:00:00,<function <lambda> at 0x7fa4962879f0>,<function <lambda> at 0x7fa496287a90>,<function <lambda> at 0x7fa496287b30>
15869,2021-10-23 04:00:00,<function <lambda> at 0x7fa4962879f0>,<function <lambda> at 0x7fa496287a90>,<function <lambda> at 0x7fa496287b30>
15870,2021-10-23 05:00:00,<function <lambda> at 0x7fa4962879f0>,<function <lambda> at 0x7fa496287a90>,<function <lambda> at 0x7fa496287b30>
15871,2021-10-23 06:00:00,<function <lambda> at 0x7fa4962879f0>,<function <lambda> at 0x7fa496287a90>,<function <lambda> at 0x7fa496287b30>
15872,2021-10-23 07:00:00,<function <lambda> at 0x7fa4962879f0>,<function <lambda> at 0x7fa496287a90>,<function <lambda> at 0x7fa496287b30>
15873,2021-10-23 08:00:00,<function <lambda> at 0x7fa4962879f0>,<function <lambda> at 0x7fa496287a90>,<function <lambda> at 0x7fa496287b30>
15874,2021-10-23 09:00:00,<function <lambda> at 0x7fa4962879f0>,<function <lambda> at 0x7fa496287a90>,<function <lambda> at 0x7fa496287b30>
15875,2021-10-23 10:00:00,<function <lambda> at 0x7fa4962879f0>,<function <lambda> at 0x7fa496287a90>,<function <lambda> at 0x7fa496287b30>
15876,2021-10-23 11:00:00,<function <lambda> at 0x7fa4962879f0>,<function <lambda> at 0x7fa496287a90>,<function <lambda> at 0x7fa496287b30>
15877,2021-10-23 12:00:00,<function <lambda> at 0x7fa4962879f0>,<function <lambda> at 0x7fa496287a90>,<function <lambda> at 0x7fa496287b30>
15878,2021-10-23 13:00:00,<function <lambda> at 0x7fa4962879f0>,<function <lambda> at 0x7fa496287a90>,<function <lambda> at 0x7fa496287b30>
15879,2021-10-23 14:00:00,<function <lambda> at 0x7fa4962879f0>,<function <lambda> at 0x7fa496287a90>,<function <lambda> at 0x7fa496287b30>
15880,2021-10-23 15:00:00,<function <lambda> at 0x7fa4962879f0>,<function <lambda> at 0x7fa496287a90>,<function <lambda> at 0x7fa496287b30>
15881,2021-10-23 16:00:00,<function <lambda> at 0x7fa4962879f0>,<function <lambda> at 0x7fa496287a90>,<function <lambda> at 0x7fa496287b30>
15882,2021-10-23 17:00:00,<function <lambda> at 0x7fa4962879f0>,<function <lambda> at 0x7fa496287a90>,<function <lambda> at 0x7fa496287b30>
15883,2021-10-23 18:00:00,<function <lambda> at 0x7fa4962879f0>,<function <lambda> at 0x7fa496287a90>,<function <lambda> at 0x7fa496287b30>
15884,2021-10-23 19:00:00,<function <lambda> at 0x7fa4962879f0>,<function <lambda> at 0x7fa496287a90>,<function <lambda> at 0x7fa496287b30>
15885,2021-10-23 20:00:00,<function <lambda> at 0x7fa4962879f0>,<function <lambda> at 0x7fa496287a90>,<function <lambda> at 0x7fa496287b30>
15886,2021-10-23 21:00:00,<function <lambda> at 0x7fa4962879f0>,<function <lambda> at 0x7fa496287a90>,<function <lambda> at 0x7fa496287b30>
15887,2021-10-23 22:00:00,<function <lambda> at 0x7fa4962879f0>,<function <lambda> at 0x7fa496287a90>,<function <lambda> at 0x7fa496287b30>
15888,2021-10-23 23:00:00,<function <lambda> at 0x7fa4962879f0>,<function <lambda> at 0x7fa496287a90>,<function <lambda> at 0x7fa496287b30>
15889,2021-10-24 00:00:00,<function <lambda> at 0x7fa4962879f0>,<function <lambda> at 0x7fa496287a90>,<function <lambda> at 0x7fa496287b30>
15890,2021-10-24 01:00:00,<function <lambda> at 0x7fa4962879f0>,<function <lambda> at 0x7fa496287a90>,<function <lambda> at 0x7fa496287b30>
15891,2021-10-24 02:00:00,<function <lambda> at 0x7fa4962879f0>,<function <lambda> at 0x7fa496287a90>,<function <lambda> at 0x7fa496287b30>
15892,2021-10-24 03:00:00,<function <lambda> at 0x7fa4962879f0>,<function <lambda> at 0x7fa496287a90>,<function <lambda> at 0x7fa496287b30>
15893,2021-10-24 04:00:00,<function <lambda> at 0x7fa4962879f0>,<function <lambda> at 0x7fa496287a90>,<function <lambda> at 0x7fa496287b30>
15894,2021-10-24 05:00:00,<function <lambda> at 0x7fa4962879f0>,<function <lambda> at 0x7fa496287a90>,<function <lambda> at 0x7fa496287b30>
15895,2021-10-24 06:00:00,<function <lambda> at 0x7fa4962879f0>,<function <lambda> at 0x7fa496287a90>,<function <lambda> at 0x7fa496287b30>
15896,2021-10-24 07:00:00,<function <lambda> at 0x7fa4962879f0>,<function <lambda> at 0x7fa496287a90>,<function <lambda> at 0x7fa496287b30>
15897,2021-10-24 08:00:00,<function <lambda> at 0x7fa4962879f0>,<function <lambda> at 0x7fa496287a90>,<function <lambda> at 0x7fa496287b30>
15898,2021-10-24 09:00:00,<function <lambda> at 0x7fa4962879f0>,<function <lambda> at 0x7fa496287a90>,<function <lambda> at 0x7fa496287b30>
15899,2021-10-24 10:00:00,<function <lambda> at 0x7fa4962879f0>,<function <lambda> at 0x7fa496287a90>,<function <lambda> at 0x7fa496287b30>
15900,2021-10-24 11:00:00,<function <lambda> at 0x7fa4962879f0>,<function <lambda> at 0x7fa496287a90>,<function <lambda> at 0x7fa496287b30>
15901,2021-10-24 12:00:00,<function <lambda> at 0x7fa4962879f0>,<function <lambda> at 0x7fa496287a90>,<function <lambda> at 0x7fa496287b30>
15902,2021-10-24 13:00:00,<function <lambda> at 0x7fa4962879f0>,<function <lambda> at 0x7fa496287a90>,<function <lambda> at 0x7fa496287b30>
15903,2021-10-24 14:00:00,<function <lambda> at 0x7fa4962879f0>,<function <lambda> at 0x7fa496287a90>,<function <lambda> at 0x7fa496287b30>
15904,2021-10-24 15:00:00,<function <lambda> at 0x7fa4962879f0>,<function <lambda> at 0x7fa496287a90>,<function <lambda> at 0x7fa496287b30>
15905,2021-10-24 16:00:00,<function <lambda> at 0x7fa4962879f0>,<function <lambda> at 0x7fa496287a90>,<function <lambda> at 0x7fa496287b30>
15906,2021-10-24 17:00:00,<function <lambda> at 0x7fa4962879f0>,<function <lambda> at 0x7fa496287a90>,<function <lambda> at 0x7fa496287b30>
15907,2021-10-24 18:00:00,<function <lambda> at 0x7fa4962879f0>,<function <lambda> at 0x7fa496287a90>,<function <lambda> at 0x7fa496287b30>
15908,2021-10-24 19:00:00,<function <lambda> at 0x7fa4962879f0>,<function <lambda> at 0x7fa496287a90>,<function <lambda> at 0x7fa496287b30>
15909,2021-10-24 20:00:00,<function <lambda> at 0x7fa4962879f0>,<function <lambda> at 0x7fa496287a90>,<function <lambda> at 0x7fa496287b30>
15910,2021-10-24 21:00:00,<function <lambda> at 0x7fa4962879f0>,<function <lambda> at 0x7fa496287a90>,<function <lambda> at 0x7fa496287b30>
15911,2021-10-24 22:00:00,<function <lambda> at 0x7fa4962879f0>,<function <lambda> at 0x7fa496287a90>,<function <lambda> at 0x7fa496287b30>
15912,2021-10-24 23:00:00,<function <lambda> at 0x7fa4962879f0>,<function <lambda> at 0x7fa496287a90>,<function <lambda> at 0x7fa496287b30>
15913,2021-10-25 00:00:00,<function <lambda> at 0x7fa4962879f0>,<function <lambda> at 0x7fa496287a90>,<function <lambda> at 0x7fa496287b30>
15914,2021-10-25 01:00:00,<function <lambda> at 0x7fa4962879f0>,<function <lambda> at 0x7fa496287a90>,<function <lambda> at 0x7fa496287b30>
15915,2021-10-25 02:00:00,<function <lambda> at 0x7fa4962879f0>,<function <lambda> at 0x7fa496287a90>,<function <lambda> at 0x7fa496287b30>
15916,2021-10-25 03:00:00,<function <lambda> at 0x7fa4962879f0>,<function <lambda> at 0x7fa496287a90>,<function <lambda> at 0x7fa496287b30>
15917,2021-10-25 04:00:00,<function <lambda> at 0x7fa4962879f0>,<function <lambda> at 0x7fa496287a90>,<function <lambda> at 0x7fa496287b30>
15918,2021-10-25 05:00:00,<function <lambda> at 0x7fa4962879f0>,<function <lambda> at 0x7fa496287a90>,<function <lambda> at 0x7fa496287b30>
15919,2021-10-25 06:00:00,<function <lambda> at 0x7fa4962879f0>,<function <lambda> at 0x7fa496287a90>,<function <lambda> at 0x7fa496287b30>
15920,2021-10-25 07:00:00,<function <lambda> at 0x7fa4962879f0>,<function <lambda> at 0x7fa496287a90>,<function <lambda> at 0x7fa496287b30>
15921,2021-10-25 08:00:00,<function <lambda> at 0x7fa4962879f0>,<function <lambda> at 0x7fa496287a90>,<function <lambda> at 0x7fa496287b30>
15922,2021-10-25 09:00:00,<function <lambda> at 0x7fa4962879f0>,<function <lambda> at 0x7fa496287a90>,<function <lambda> at 0x7fa496287b30>
15923,2021-10-25 10:00:00,<function <lambda> at 0x7fa4962879f0>,<function <lambda> at 0x7fa496287a90>,<function <lambda> at 0x7fa496287b30>
15924,2021-10-25 11:00:00,<function <lambda> at 0x7fa4962879f0>,<function <lambda> at 0x7fa496287a90>,<function <lambda> at 0x7fa496287b30>
15925,2021-10-25 12:00:00,<function <lambda> at 0x7fa4962879f0>,<function <lambda> at 0x7fa496287a90>,<function <lambda> at 0x7fa496287b30>
15926,2021-10-25 13:00:00,<function <lambda> at 0x7fa4962879f0>,<function <lambda> at 0x7fa496287a90>,<function <lambda> at 0x7fa496287b30>
15927,2021-10-25 14:00:00,<function <lambda> at 0x7fa4962879f0>,<function <lambda> at 0x7fa496287a90>,<function <lambda> at 0x7fa496287b30>
15928,2021-10-25 15:00:00,<function <lambda> at 0x7fa4962879f0>,<function <lambda> at 0x7fa496287a90>,<function <lambda> at 0x7fa496287b30>
15929,2021-10-25 16:00:00,<function <lambda> at 0x7fa4962879f0>,<function <lambda> at 0x7fa496287a90>,<function <lambda> at 0x7fa496287b30>
15930,2021-10-25 17:00:00,<function <lambda> at 0x7fa4962879f0>,<function <lambda> at 0x7fa496287a90>,<function <lambda> at 0x7fa496287b30>
15931,2021-10-25 18:00:00,<function <lambda> at 0x7fa4962879f0>,<function <lambda> at 0x7fa496287a90>,<function <lambda> at 0x7fa496287b30>
15932,2021-10-25 19:00:00,<function <lambda> at 0x7fa4962879f0>,<function <lambda> at 0x7fa496287a90>,<function <lambda> at 0x7fa496287b30>
15933,2021-10-25 20:00:00,<function <lambda> at 0x7fa4962879f0>,<function <lambda> at 0x7fa496287a90>,<function <lambda> at 0x7fa496287b30>
15934,2021-10-25 21:00:00,<function <lambda> at 0x7fa4962879f0>,<function <lambda> at 0x7fa496287a90>,<function <lambda> at 0x7fa496287b30>
15935,2021-10-25 22:00:00,<function <lambda> at 0x7fa4962879f0>,<function <lambda> at 0x7fa496287a90>,<function <lambda> at 0x7fa496287b30>
15936,2021-10-25 23:00:00,<function <lambda> at 0x7fa4962879f0>,<function <lambda> at 0x7fa496287a90>,<function <lambda> at 0x7fa496287b30>
15937,2021-10-26 00:00:00,<function <lambda> at 0x7fa4962879f0>,<function <lambda> at 0x7fa496287a90>,<function <lambda> at 0x7fa496287b30>
15938,2021-10-26 01:00:00,<function <lambda> at 0x7fa4962879f0>,<function <lambda> at 0x7fa496287a90>,<function <lambda> at 0x7fa496287b30>
15939,2021-10-26 02:00:00,<function <lambda> at 0x7fa4962879f0>,<function <lambda> at 0x7fa496287a90>,<function <lambda> at 0x7fa496287b30>
15940,2021-10-26 03:00:00,<function <lambda> at 0x7fa4962879f0>,<function <lambda> at 0x7fa496287a90>,<function <lambda> at 0x7fa496287b30>
15941,2021-10-26 04:00:00,<function <lambda> at 0x7fa4962879f0>,<function <lambda> at 0x7fa496287a90>,<function <lambda> at 0x7fa496287b30>
15942,2021-10-26 05:00:00,<function <lambda> at 0x7fa4962879f0>,<function <lambda> at 0x7fa496287a90>,<function <lambda> at 0x7fa496287b30>
15943,2021-10-26 06:00:00,<function <lambda> at 0x7fa4962879f0>,<function <lambda> at 0x7fa496287a90>,<function <lambda> at 0x7fa496287b30>
15944,2021-10-26 07:00:00,<function <lambda> at 0x7fa4962879f0>,<function <lambda> at 0x7fa496287a90>,<function <lambda> at 0x7fa496287b30>
15945,2021-10-26 08:00:00,<function <lambda> at 0x7fa4962879f0>,<function <lambda> at 0x7fa496287a90>,<function <lambda> at 0x7fa496287b30>
15946,2021-10-26 09:00:00,<function <lambda> at 0x7fa4962879f0>,<function <lambda> at 0x7fa496287a90>,<function <lambda> at 0x7fa496287b30>
15947,2021-10-26 10:00:00,<function <lambda> at 0x7fa4962879f0>,<function <lambda> at 0x7fa496287a90>,<function <lambda> at 0x7fa496287b30>
15948,2021-10-26 11:00:00,<function <lambda> at 0x7fa4962879f0>,<function <lambda> at 0x7fa496287a90>,<function <lambda> at 0x7fa496287b30>
15949,2021-10-26 12:00:00,<function <lambda> at 0x7fa4962879f0>,<function <lambda> at 0x7fa496287a90>,<function <lambda> at 0x7fa496287b30>
15950,2021-10-26 13:00:00,<function <lambda> at 0x7fa4962879f0>,<function <lambda> at 0x7fa496287a90>,<function <lambda> at 0x7fa496287b30>
15951,2021-10-26 14:00:00,<function <lambda> at 0x7fa4962879f0>,<function <lambda> at 0x7fa496287a90>,<function <lambda> at 0x7fa496287b30>
15952,2021-10-26 15:00:00,<function <lambda> at 0x7fa4962879f0>,<function <lambda> at 0x7fa496287a90>,<function <lambda> at 0x7fa496287b30>
15953,2021-10-26 16:00:00,<function <lambda> at 0x7fa4962879f0>,<function <lambda> at 0x7fa496287a90>,<function <lambda> at 0x7fa496287b30>
15954,2021-10-26 17:00:00,<function <lambda> at 0x7fa4962879f0>,<function <lambda> at 0x7fa496287a90>,<function <lambda> at 0x7fa496287b30>
15955,2021-10-26 18:00:00,<function <lambda> at 0x7fa4962879f0>,<function <lambda> at 0x7fa496287a90>,<function <lambda> at 0x7fa496287b30>
15956,2021-10-26 19:00:00,<function <lambda> at 0x7fa4962879f0>,<function <lambda> at 0x7fa496287a90>,<function <lambda> at 0x7fa496287b30>
15957,2021-10-26 20:00:00,<function <lambda> at 0x7fa4962879f0>,<function <lambda> at 0x7fa496287a90>,<function <lambda> at 0x7fa496287b30>
15958,2021-10-26 21:00:00,<function <lambda> at 0x7fa4962879f0>,<function <lambda> at 0x7fa496287a90>,<function <lambda> at 0x7fa496287b30>
15959,2021-10-26 22:00:00,<function <lambda> at 0x7fa4962879f0>,<function <lambda> at 0x7fa496287a90>,<function <lambda> at 0x7fa496287b30>
15960,2021-10-26 23:00:00,<function <lambda> at 0x7fa4962879f0>,<function <lambda> at 0x7fa496287a90>,<function <lambda> at 0x7fa496287b30>
15961,2021-10-27 00:00:00,<function <lambda> at 0x7fa4962879f0>,<function <lambda> at 0x7fa496287a90>,<function <lambda> at 0x7fa496287b30>
15962,2021-10-27 01:00:00,<function <lambda> at 0x7fa4962879f0>,<function <lambda> at 0x7fa496287a90>,<function <lambda> at 0x7fa496287b30>
15963,2021-10-27 02:00:00,<function <lambda> at 0x7fa4962879f0>,<function <lambda> at 0x7fa496287a90>,<function <lambda> at 0x7fa496287b30>
15964,2021-10-27 03:00:00,<function <lambda> at 0x7fa4962879f0>,<function <lambda> at 0x7fa496287a90>,<function <lambda> at 0x7fa496287b30>
15965,2021-10-27 04:00:00,<function <lambda> at 0x7fa4962879f0>,<function <lambda> at 0x7fa496287a90>,<function <lambda> at 0x7fa496287b30>
15966,2021-10-27 05:00:00,<function <lambda> at 0x7fa4962879f0>,<function <lambda> at 0x7fa496287a90>,<function <lambda> at 0x7fa496287b30>
15967,2021-10-27 06:00:00,<function <lambda> at 0x7fa4962879f0>,<function <lambda> at 0x7fa496287a90>,<function <lambda> at 0x7fa496287b30>
15968,2021-10-27 07:00:00,<function <lambda> at 0x7fa4962879f0>,<function <lambda> at 0x7fa496287a90>,<function <lambda> at 0x7fa496287b30>
15969,2021-10-27 08:00:00,<function <lambda> at 0x7fa4962879f0>,<function <lambda> at 0x7fa496287a90>,<function <lambda> at 0x7fa496287b30>
15970,2021-10-27 09:00:00,<function <lambda> at 0x7fa4962879f0>,<function <lambda> at 0x7fa496287a90>,<function <lambda> at 0x7fa496287b30>
15971,2021-10-27 10:00:00,<function <lambda> at 0x7fa4962879f0>,<function <lambda> at 0x7fa496287a90>,<function <lambda> at 0x7fa496287b30>
15972,2021-10-27 11:00:00,<function <lambda> at 0x7fa4962879f0>,<function <lambda> at 0x7fa496287a90>,<function <lambda> at 0x7fa496287b30>
15973,2021-10-27 12:00:00,<function <lambda> at 0x7fa4962879f0>,<function <lambda> at 0x7fa496287a90>,<function <lambda> at 0x7fa496287b30>
15974,2021-10-27 13:00:00,<function <lambda> at 0x7fa4962879f0>,<function <lambda> at 0x7fa496287a90>,<function <lambda> at 0x7fa496287b30>
15975,2021-10-27 14:00:00,<function <lambda> at 0x7fa4962879f0>,<function <lambda> at 0x7fa496287a90>,<function <lambda> at 0x7fa496287b30>
15976,2021-10-27 15:00:00,<function <lambda> at 0x7fa4962879f0>,<function <lambda> at 0x7fa496287a90>,<function <lambda> at 0x7fa496287b30>
15977,2021-10-27 16:00:00,<function <lambda> at 0x7fa4962879f0>,<function <lambda> at 0x7fa496287a90>,<function <lambda> at 0x7fa496287b30>
15978,2021-10-27 17:00:00,<function <lambda> at 0x7fa4962879f0>,<function <lambda> at 0x7fa496287a90>,<function <lambda> at 0x7fa496287b30>
15979,2021-10-27 18:00:00,<function <lambda> at 0x7fa4962879f0>,<function <lambda> at 0x7fa496287a90>,<function <lambda> at 0x7fa496287b30>
15980,2021-10-27 19:00:00,<function <lambda> at 0x7fa4962879f0>,<function <lambda> at 0x7fa496287a90>,<function <lambda> at 0x7fa496287b30>
15981,2021-10-27 20:00:00,<function <lambda> at 0x7fa4962879f0>,<function <lambda> at 0x7fa496287a90>,<function <lambda> at 0x7fa496287b30>
15982,2021-10-27 21:00:00,<function <lambda> at 0x7fa4962879f0>,<function <lambda> at 0x7fa496287a90>,<function <lambda> at 0x7fa496287b30>
15983,2021-10-27 22:00:00,<function <lambda> at 0x7fa4962879f0>,<function <lambda> at 0x7fa496287a90>,<function <lambda> at 0x7fa496287b30>
15984,2021-10-27 23:00:00,<function <lambda> at 0x7fa4962879f0>,<function <lambda> at 0x7fa496287a90>,<function <lambda> at 0x7fa496287b30>
15985,2021-10-28 00:00:00,<function <lambda> at 0x7fa4962879f0>,<function <lambda> at 0x7fa496287a90>,<function <lambda> at 0x7fa496287b30>
15986,2021-10-28 01:00:00,<function <lambda> at 0x7fa4962879f0>,<function <lambda> at 0x7fa496287a90>,<function <lambda> at 0x7fa496287b30>
15987,2021-10-28 02:00:00,<function <lambda> at 0x7fa4962879f0>,<function <lambda> at 0x7fa496287a90>,<function <lambda> at 0x7fa496287b30>
15988,2021-10-28 03:00:00,<function <lambda> at 0x7fa4962879f0>,<function <lambda> at 0x7fa496287a90>,<function <lambda> at 0x7fa496287b30>
15989,2021-10-28 04:00:00,<function <lambda> at 0x7fa4962879f0>,<function <lambda> at 0x7fa496287a90>,<function <lambda> at 0x7fa496287b30>
15990,2021-10-28 05:00:00,<function <lambda> at 0x7fa4962879f0>,<function <lambda> at 0x7fa496287a90>,<function <lambda> at 0x7fa496287b30>
15991,2021-10-28 06:00:00,<function <lambda> at 0x7fa4962879f0>,<function <lambda> at 0x7fa496287a90>,<function <lambda> at 0x7fa496287b30>
15992,2021-10-28 07:00:00,<function <lambda> at 0x7fa4962879f0>,<function <lambda> at 0x7fa496287a90>,<function <lambda> at 0x7fa496287b30>
15993,2021-10-28 08:00:00,<function <lambda> at 0x7fa4962879f0>,<function <lambda> at 0x7fa496287a90>,<function <lambda> at 0x7fa496287b30>
15994,2021-10-28 09:00:00,<function <lambda> at 0x7fa4962879f0>,<function <lambda> at 0x7fa496287a90>,<function <lambda> at 0x7fa496287b30>
15995,2021-10-28 10:00:00,<function <lambda> at 0x7fa4962879f0>,<function <lambda> at 0x7fa496287a90>,<function <lambda> at 0x7fa496287b30>
15996,2021-10-28 11:00:00,<function <lambda> at 0x7fa4962879f0>,<function <lambda> at 0x7fa496287a90>,<function <lambda> at 0x7fa496287b30>
15997,2021-10-28 12:00:00,<function <lambda> at 0x7fa4962879f0>,<function <lambda> at 0x7fa496287a90>,<function <lambda> at 0x7fa496287b30>
15998,2021-10-28 13:00:00,<function <lambda> at 0x7fa4962879f0>,<function <lambda> at 0x7fa496287a90>,<function <lambda> at 0x7fa496287b30>
15999,2021-10-28 14:00:00,<function <lambda> at 0x7fa4962879f0>,<function <lambda> at 0x7fa496287a90>,<function <lambda> at 0x7fa496287b30>
16000,2021-10-28 15:00:00,<function <lambda> at 0x7fa4962879f0>,<function <lambda> at 0x7fa496287a90>,<function <lambda> at 0x7fa496287b30>
16001,2021-10-28 16:00:00,<function <lambda> at 0x7fa4962879f0>,<function <lambda> at 0x7fa496287a90>,<function <lambda> at 0x7fa496287b30>
16002,2021-10-28 17:00:00,<function <lambda> at 0x7fa4962879f0>,<function <lambda> at 0x7fa496287a90>,<function <lambda> at 0x7fa496287b30>
16003,2021-10-28 18:00:00,<function <lambda> at 0x7fa4962879f0>,<function <lambda> at 0x7fa496287a90>,<function <lambda> at 0x7fa496287b30>
16004,2021-10-28 19:00:00,<function <lambda> at 0x7fa4962879f0>,<function <lambda> at 0x7fa496287a90>,<function <lambda> at 0x7fa496287b30>
16005,2021-10-28 20:00:00,<function <lambda> at 0x7fa4962879f0>,<function <lambda> at 0x7fa496287a90>,<function <lambda> at 0x7fa496287b30>
16006,2021-10-28 21:00:00,<function <lambda> at 0x7fa4962879f0>,<function <lambda> at 0x7fa496287a90>,<function <lambda> at 0x7fa496287b30>
16007,2021-10-28 22:00:00,<function <lambda> at 0x7fa4962879f0>,<function <lambda> at 0x7fa496287a90>,<function <lambda> at 0x7fa496287b30>
16008,2021-10-28 23:00:00,<function <lambda> at 0x7fa4962879f0>,<function <lambda> at 0x7fa496287a90>,<function <lambda> at 0x7fa496287b30>
16009,2021-10-29 00:00:00,<function <lambda> at 0x7fa4962879f0>,<function <lambda> at 0x7fa496287a90>,<function <lambda> at 0x7fa496287b30>
16010,2021-10-29 01:00:00,<function <lambda> at 0x7fa4962879f0>,<function <lambda> at 0x7fa496287a90>,<function <lambda> at 0x7fa496287b30>
16011,2021-10-29 02:00:00,<function <lambda> at 0x7fa4962879f0>,<function <lambda> at 0x7fa496287a90>,<function <lambda> at 0x7fa496287b30>
16012,2021-10-29 03:00:00,<function <lambda> at 0x7fa4962879f0>,<function <lambda> at 0x7fa496287a90>,<function <lambda> at 0x7fa496287b30>
16013,2021-10-29 04:00:00,<function <lambda> at 0x7fa4962879f0>,<function <lambda> at 0x7fa496287a90>,<function <lambda> at 0x7fa496287b30>
16014,2021-10-29 05:00:00,<function <lambda> at 0x7fa4962879f0>,<function <lambda> at 0x7fa496287a90>,<function <lambda> at 0x7fa496287b30>
16015,2021-10-29 06:00:00,<function <lambda> at 0x7fa4962879f0>,<function <lambda> at 0x7fa496287a90>,<function <lambda> at 0x7fa496287b30>
16016,2021-10-29 07:00:00,<function <lambda> at 0x7fa4962879f0>,<function <lambda> at 0x7fa496287a90>,<function <lambda> at 0x7fa496287b30>
16017,2021-10-29 08:00:00,<function <lambda> at 0x7fa4962879f0>,<function <lambda> at 0x7fa496287a90>,<function <lambda> at 0x7fa496287b30>
16018,2021-10-29 09:00:00,<function <lambda> at 0x7fa4962879f0>,<function <lambda> at 0x7fa496287a90>,<function <lambda> at 0x7fa496287b30>
16019,2021-10-29 10:00:00,<function <lambda> at 0x7fa4962879f0>,<function <lambda> at 0x7fa496287a90>,<function <lambda> at 0x7fa496287b30>
16020,2021-10-29 11:00:00,<function <lambda> at 0x7fa4962879f0>,<function <lambda> at 0x7fa496287a90>,<function <lambda> at 0x7fa496287b30>
16021,2021-10-29 12:00:00,<function <lambda> at 0x7fa4962879f0>,<function <lambda> at 0x7fa496287a90>,<function <lambda> at 0x7fa496287b30>
16022,2021-10-29 13:00:00,<function <lambda> at 0x7fa4962879f0>,<function <lambda> at 0x7fa496287a90>,<function <lambda> at 0x7fa496287b30>
16023,2021-10-29 14:00:00,<function <lambda> at 0x7fa4962879f0>,<function <lambda> at 0x7fa496287a90>,<function <lambda> at 0x7fa496287b30>
16024,2021-10-29 15:00:00,<function <lambda> at 0x7fa4962879f0>,<function <lambda> at 0x7fa496287a90>,<function <lambda> at 0x7fa496287b30>
16025,2021-10-29 16:00:00,<function <lambda> at 0x7fa4962879f0>,<function <lambda> at 0x7fa496287a90>,<function <lambda> at 0x7fa496287b30>
16026,2021-10-29 17:00:00,<function <lambda> at 0x7fa4962879f0>,<function <lambda> at 0x7fa496287a90>,<function <lambda> at 0x7fa496287b30>
16027,2021-10-29 18:00:00,<function <lambda> at 0x7fa4962879f0>,<function <lambda> at 0x7fa496287a90>,<function <lambda> at 0x7fa496287b30>
16028,2021-10-29 19:00:00,<function <lambda> at 0x7fa4962879f0>,<function <lambda> at 0x7fa496287a90>,<function <lambda> at 0x7fa496287b30>
16029,2021-10-29 20:00:00,<function <lambda> at 0x7fa4962879f0>,<function <lambda> at 0x7fa496287a90>,<function <lambda> at 0x7fa496287b30>
16030,2021-10-29 21:00:00,<function <lambda> at 0x7fa4962879f0>,<function <lambda> at 0x7fa496287a90>,<function <lambda> at 0x7fa496287b30>
16031,2021-10-29 22:00:00,<function <lambda> at 0x7fa4962879f0>,<function <lambda> at 0x7fa496287a90>,<function <lambda> at 0x7fa496287b30>
16032,2021-10-29 23:00:00,<function <lambda> at 0x7fa4962879f0>,<function <lambda> at 0x7fa496287a90>,<function <lambda> at 0x7fa496287b30>
16033,2021-10-30 00:00:00,<function <lambda> at 0x7fa4962879f0>,<function <lambda> at 0x7fa496287a90>,<function <lambda> at 0x7fa496287b30>
16034,2021-10-30 01:00:00,<function <lambda> at 0x7fa4962879f0>,<function <lambda> at 0x7fa496287a90>,<function <lambda> at 0x7fa496287b30>
16035,2021-10-30 02:00:00,<function <lambda> at 0x7fa4962879f0>,<function <lambda> at 0x7fa496287a90>,<function <lambda> at 0x7fa496287b30>
16036,2021-10-30 03:00:00,<function <lambda> at 0x7fa4962879f0>,<function <lambda> at 0x7fa496287a90>,<function <lambda> at 0x7fa496287b30>
16037,2021-10-30 04:00:00,<function <lambda> at 0x7fa4962879f0>,<function <lambda> at 0x7fa496287a90>,<function <lambda> at 0x7fa496287b30>
16038,2021-10-30 05:00:00,<function <lambda> at 0x7fa4962879f0>,<function <lambda> at 0x7fa496287a90>,<function <lambda> at 0x7fa496287b30>
16039,2021-10-30 06:00:00,<function <lambda> at 0x7fa4962879f0>,<function <lambda> at 0x7fa496287a90>,<function <lambda> at 0x7fa496287b30>
16040,2021-10-30 07:00:00,<function <lambda> at 0x7fa4962879f0>,<function <lambda> at 0x7fa496287a90>,<function <lambda> at 0x7fa496287b30>
16041,2021-10-30 08:00:00,<function <lambda> at 0x7fa4962879f0>,<function <lambda> at 0x7fa496287a90>,<function <lambda> at 0x7fa496287b30>
16042,2021-10-30 09:00:00,<function <lambda> at 0x7fa4962879f0>,<function <lambda> at 0x7fa496287a90>,<function <lambda> at 0x7fa496287b30>
16043,2021-10-30 10:00:00,<function <lambda> at 0x7fa4962879f0>,<function <lambda> at 0x7fa496287a90>,<function <lambda> at 0x7fa496287b30>
16044,2021-10-30 11:00:00,<function <lambda> at 0x7fa4962879f0>,<function <lambda> at 0x7fa496287a90>,<function <lambda> at 0x7fa496287b30>
16045,2021-10-30 12:00:00,<function <lambda> at 0x7fa4962879f0>,<function <lambda> at 0x7fa496287a90>,<function <lambda> at 0x7fa496287b30>
16046,2021-10-30 13:00:00,<function <lambda> at 0x7fa4962879f0>,<function <lambda> at 0x7fa496287a90>,<function <lambda> at 0x7fa496287b30>
16047,2021-10-30 14:00:00,<function <lambda> at 0x7fa4962879f0>,<function <lambda> at 0x7fa496287a90>,<function <lambda> at 0x7fa496287b30>
16048,2021-10-30 15:00:00,<function <lambda> at 0x7fa4962879f0>,<function <lambda> at 0x7fa496287a90>,<function <lambda> at 0x7fa496287b30>
16049,2021-10-30 16:00:00,<function <lambda> at 0x7fa4962879f0>,<function <lambda> at 0x7fa496287a90>,<function <lambda> at 0x7fa496287b30>
16050,2021-10-30 17:00:00,<function <lambda> at 0x7fa4962879f0>,<function <lambda> at 0x7fa496287a90>,<function <lambda> at 0x7fa496287b30>
16051,2021-10-30 18:00:00,<function <lambda> at 0x7fa4962879f0>,<function <lambda> at 0x7fa496287a90>,<function <lambda> at 0x7fa496287b30>
16052,2021-10-30 19:00:00,<function <lambda> at 0x7fa4962879f0>,<function <lambda> at 0x7fa496287a90>,<function <lambda> at 0x7fa496287b30>
16053,2021-10-30 20:00:00,<function <lambda> at 0x7fa4962879f0>,<function <lambda> at 0x7fa496287a90>,<function <lambda> at 0x7fa496287b30>
16054,2021-10-30 21:00:00,<function <lambda> at 0x7fa4962879f0>,<function <lambda> at 0x7fa496287a90>,<function <lambda> at 0x7fa496287b30>
16055,2021-10-30 22:00:00,<function <lambda> at 0x7fa4962879f0>,<function <lambda> at 0x7fa496287a90>,<function <lambda> at 0x7fa496287b30>
16056,2021-10-30 23:00:00,<function <lambda> at 0x7fa4962879f0>,<function <lambda> at 0x7fa496287a90>,<function <lambda> at 0x7fa496287b30>
16057,2021-10-31 00:00:00,<function <lambda> at 0x7fa4962879f0>,<function <lambda> at 0x7fa496287a90>,<function <lambda> at 0x7fa496287b30>
16058,2021-10-31 01:00:00,<function <lambda> at 0x7fa4962879f0>,<function <lambda> at 0x7fa496287a90>,<function <lambda> at 0x7fa496287b30>
16059,2021-10-31 02:00:00,<function <lambda> at 0x7fa4962879f0>,<function <lambda> at 0x7fa496287a90>,<function <lambda> at 0x7fa496287b30>
16060,2021-10-31 03:00:00,<function <lambda> at 0x7fa4962879f0>,<function <lambda> at 0x7fa496287a90>,<function <lambda> at 0x7fa496287b30>
16061,2021-10-31 04:00:00,<function <lambda> at 0x7fa4962879f0>,<function <lambda> at 0x7fa496287a90>,<function <lambda> at 0x7fa496287b30>
16062,2021-10-31 05:00:00,<function <lambda> at 0x7fa4962879f0>,<function <lambda> at 0x7fa496287a90>,<function <lambda> at 0x7fa496287b30>
16063,2021-10-31 06:00:00,<function <lambda> at 0x7fa4962879f0>,<function <lambda> at 0x7fa496287a90>,<function <lambda> at 0x7fa496287b30>
16064,2021-10-31 07:00:00,<function <lambda> at 0x7fa4962879f0>,<function <lambda> at 0x7fa496287a90>,<function <lambda> at 0x7fa496287b30>
16065,2021-10-31 08:00:00,<function <lambda> at 0x7fa4962879f0>,<function <lambda> at 0x7fa496287a90>,<function <lambda> at 0x7fa496287b30>
16066,2021-10-31 09:00:00,<function <lambda> at 0x7fa4962879f0>,<function <lambda> at 0x7fa496287a90>,<function <lambda> at 0x7fa496287b30>
16067,2021-10-31 10:00:00,<function <lambda> at 0x7fa4962879f0>,<function <lambda> at 0x7fa496287a90>,<function <lambda> at 0x7fa496287b30>
16068,2021-10-31 11:00:00,<function <lambda> at 0x7fa4962879f0>,<function <lambda> at 0x7fa496287a90>,<function <lambda> at 0x7fa496287b30>
16069,2021-10-31 12:00:00,<function <lambda> at 0x7fa4962879f0>,<function <lambda> at 0x7fa496287a90>,<function <lambda> at 0x7fa496287b30>
16070,2021-10-31 13:00:00,<function <lambda> at 0x7fa4962879f0>,<function <lambda> at 0x7fa496287a90>,<function <lambda> at 0x7fa496287b30>
16071,2021-10-31 14:00:00,<function <lambda> at 0x7fa4962879f0>,<function <lambda> at 0x7fa496287a90>,<function <lambda> at 0x7fa496287b30>
16072,2021-10-31 15:00:00,<function <lambda> at 0x7fa4962879f0>,<function <lambda> at 0x7fa496287a90>,<function <lambda> at 0x7fa496287b30>
16073,2021-10-31 16:00:00,<function <lambda> at 0x7fa4962879f0>,<function <lambda> at 0x7fa496287a90>,<function <lambda> at 0x7fa496287b30>
16074,2021-10-31 17:00:00,<function <lambda> at 0x7fa4962879f0>,<function <lambda> at 0x7fa496287a90>,<function <lambda> at 0x7fa496287b30>
16075,2021-10-31 18:00:00,<function <lambda> at 0x7fa4962879f0>,<function <lambda> at 0x7fa496287a90>,<function <lambda> at 0x7fa496287b30>
16076,2021-10-31 19:00:00,<function <lambda> at 0x7fa4962879f0>,<function <lambda> at 0x7fa496287a90>,<function <lambda> at 0x7fa496287b30>
16077,2021-10-31 20:00:00,<function <lambda> at 0x7fa4962879f0>,<function <lambda> at 0x7fa496287a90>,<function <lambda> at 0x7fa496287b30>
16078,2021-10-31 21:00:00,<function <lambda> at 0x7fa4962879f0>,<function <lambda> at 0x7fa496287a90>,<function <lambda> at 0x7fa496287b30>
16079,2021-10-31 22:00:00,<function <lambda> at 0x7fa4962879f0>,<function <lambda> at 0x7fa496287a90>,<function <lambda> at 0x7fa496287b30>
16080,2021-10-31 23:00:00,<function <lambda> at 0x7fa4962879f0>,<function <lambda> at 0x7fa496287a90>,<function <lambda> at 0x7fa496287b30>
16081,2021-11-01 00:00:00,<function <lambda> at 0x7fa4962879f0>,<function <lambda> at 0x7fa496287a90>,<function <lambda> at 0x7fa496287b30>
16082,2021-11-01 01:00:00,<function <lambda> at 0x7fa4962879f0>,<function <lambda> at 0x7fa496287a90>,<function <lambda> at 0x7fa496287b30>
16083,2021-11-01 02:00:00,<function <lambda> at 0x7fa4962879f0>,<function <lambda> at 0x7fa496287a90>,<function <lambda> at 0x7fa496287b30>
16084,2021-11-01 03:00:00,<function <lambda> at 0x7fa4962879f0>,<function <lambda> at 0x7fa496287a90>,<function <lambda> at 0x7fa496287b30>
16085,2021-11-01 04:00:00,<function <lambda> at 0x7fa4962879f0>,<function <lambda> at 0x7fa496287a90>,<function <lambda> at 0x7fa496287b30>
16086,2021-11-01 05:00:00,<function <lambda> at 0x7fa4962879f0>,<function <lambda> at 0x7fa496287a90>,<function <lambda> at 0x7fa496287b30>
16087,2021-11-01 06:00:00,<function <lambda> at 0x7fa4962879f0>,<function <lambda> at 0x7fa496287a90>,<function <lambda> at 0x7fa496287b30>
16088,2021-11-01 07:00:00,<function <lambda> at 0x7fa4962879f0>,<function <lambda> at 0x7fa496287a90>,<function <lambda> at 0x7fa496287b30>
16089,2021-11-01 08:00:00,<function <lambda> at 0x7fa4962879f0>,<function <lambda> at 0x7fa496287a90>,<function <lambda> at 0x7fa496287b30>
16090,2021-11-01 09:00:00,<function <lambda> at 0x7fa4962879f0>,<function <lambda> at 0x7fa496287a90>,<function <lambda> at 0x7fa496287b30>
16091,2021-11-01 10:00:00,<function <lambda> at 0x7fa4962879f0>,<function <lambda> at 0x7fa496287a90>,<function <lambda> at 0x7fa496287b30>
16092,2021-11-01 11:00:00,<function <lambda> at 0x7fa4962879f0>,<function <lambda> at 0x7fa496287a90>,<function <lambda> at 0x7fa496287b30>
16093,2021-11-01 12:00:00,<function <lambda> at 0x7fa4962879f0>,<function <lambda> at 0x7fa496287a90>,<function <lambda> at 0x7fa496287b30>
16094,2021-11-01 13:00:00,<function <lambda> at 0x7fa4962879f0>,<function <lambda> at 0x7fa496287a90>,<function <lambda> at 0x7fa496287b30>
16095,2021-11-01 14:00:00,<function <lambda> at 0x7fa4962879f0>,<function <lambda> at 0x7fa496287a90>,<function <lambda> at 0x7fa496287b30>
16096,2021-11-01 15:00:00,<function <lambda> at 0x7fa4962879f0>,<function <lambda> at 0x7fa496287a90>,<function <lambda> at 0x7fa496287b30>
16097,2021-11-01 16:00:00,<function <lambda> at 0x7fa4962879f0>,<function <lambda> at 0x7fa496287a90>,<function <lambda> at 0x7fa496287b30>
16098,2021-11-01 17:00:00,<function <lambda> at 0x7fa4962879f0>,<function <lambda> at 0x7fa496287a90>,<function <lambda> at 0x7fa496287b30>
16099,2021-11-01 18:00:00,<function <lambda> at 0x7fa4962879f0>,<function <lambda> at 0x7fa496287a90>,<function <lambda> at 0x7fa496287b30>
16100,2021-11-01 19:00:00,<function <lambda> at 0x7fa4962879f0>,<function <lambda> at 0x7fa496287a90>,<function <lambda> at 0x7fa496287b30>
16101,2021-11-01 20:00:00,<function <lambda> at 0x7fa4962879f0>,<function <lambda> at 0x7fa496287a90>,<function <lambda> at 0x7fa496287b30>
16102,2021-11-01 21:00:00,<function <lambda> at 0x7fa4962879f0>,<function <lambda> at 0x7fa496287a90>,<function <lambda> at 0x7fa496287b30>
16103,2021-11-01 22:00:00,<function <lambda> at 0x7fa4962879f0>,<function <lambda> at 0x7fa496287a90>,<function <lambda> at 0x7fa496287b30>
16104,2021-11-01 23:00:00,<function <lambda> at 0x7fa4962879f0>,<function <lambda> at 0x7fa496287a90>,<function <lambda> at 0x7fa496287b30>
16105,2021-11-02 00:00:00,<function <lambda> at 0x7fa4962879f0>,<function <lambda> at 0x7fa496287a90>,<function <lambda> at 0x7fa496287b30>
16106,2021-11-02 01:00:00,<function <lambda> at 0x7fa4962879f0>,<function <lambda> at 0x7fa496287a90>,<function <lambda> at 0x7fa496287b30>
16107,2021-11-02 02:00:00,<function <lambda> at 0x7fa4962879f0>,<function <lambda> at 0x7fa496287a90>,<function <lambda> at 0x7fa496287b30>
16108,2021-11-02 03:00:00,<function <lambda> at 0x7fa4962879f0>,<function <lambda> at 0x7fa496287a90>,<function <lambda> at 0x7fa496287b30>
16109,2021-11-02 04:00:00,<function <lambda> at 0x7fa4962879f0>,<function <lambda> at 0x7fa496287a90>,<function <lambda> at 0x7fa496287b30>
16110,2021-11-02 05:00:00,<function <lambda> at 0x7fa4962879f0>,<function <lambda> at 0x7fa496287a90>,<function <lambda> at 0x7fa496287b30>
16111,2021-11-02 06:00:00,<function <lambda> at 0x7fa4962879f0>,<function <lambda> at 0x7fa496287a90>,<function <lambda> at 0x7fa496287b30>
16112,2021-11-02 07:00:00,<function <lambda> at 0x7fa4962879f0>,<function <lambda> at 0x7fa496287a90>,<function <lambda> at 0x7fa496287b30>
16113,2021-11-02 08:00:00,<function <lambda> at 0x7fa4962879f0>,<function <lambda> at 0x7fa496287a90>,<function <lambda> at 0x7fa496287b30>
16114,2021-11-02 09:00:00,<function <lambda> at 0x7fa4962879f0>,<function <lambda> at 0x7fa496287a90>,<function <lambda> at 0x7fa496287b30>
16115,2021-11-02 10:00:00,<function <lambda> at 0x7fa4962879f0>,<function <lambda> at 0x7fa496287a90>,<function <lambda> at 0x7fa496287b30>
16116,2021-11-02 11:00:00,<function <lambda> at 0x7fa4962879f0>,<function <lambda> at 0x7fa496287a90>,<function <lambda> at 0x7fa496287b30>
16117,2021-11-02 12:00:00,<function <lambda> at 0x7fa4962879f0>,<function <lambda> at 0x7fa496287a90>,<function <lambda> at 0x7fa496287b30>
16118,2021-11-02 13:00:00,<function <lambda> at 0x7fa4962879f0>,<function <lambda> at 0x7fa496287a90>,<function <lambda> at 0x7fa496287b30>
16119,2021-11-02 14:00:00,<function <lambda> at 0x7fa4962879f0>,<function <lambda> at 0x7fa496287a90>,<function <lambda> at 0x7fa496287b30>
16120,2021-11-02 15:00:00,<function <lambda> at 0x7fa4962879f0>,<function <lambda> at 0x7fa496287a90>,<function <lambda> at 0x7fa496287b30>
16121,2021-11-02 16:00:00,<function <lambda> at 0x7fa4962879f0>,<function <lambda> at 0x7fa496287a90>,<function <lambda> at 0x7fa496287b30>
16122,2021-11-02 17:00:00,<function <lambda> at 0x7fa4962879f0>,<function <lambda> at 0x7fa496287a90>,<function <lambda> at 0x7fa496287b30>
16123,2021-11-02 18:00:00,<function <lambda> at 0x7fa4962879f0>,<function <lambda> at 0x7fa496287a90>,<function <lambda> at 0x7fa496287b30>
16124,2021-11-02 19:00:00,<function <lambda> at 0x7fa4962879f0>,<function <lambda> at 0x7fa496287a90>,<function <lambda> at 0x7fa496287b30>
16125,2021-11-02 20:00:00,<function <lambda> at 0x7fa4962879f0>,<function <lambda> at 0x7fa496287a90>,<function <lambda> at 0x7fa496287b30>
16126,2021-11-02 21:00:00,<function <lambda> at 0x7fa4962879f0>,<function <lambda> at 0x7fa496287a90>,<function <lambda> at 0x7fa496287b30>
16127,2021-11-02 22:00:00,<function <lambda> at 0x7fa4962879f0>,<function <lambda> at 0x7fa496287a90>,<function <lambda> at 0x7fa496287b30>
16128,2021-11-02 23:00:00,<function <lambda> at 0x7fa4962879f0>,<function <lambda> at 0x7fa496287a90>,<function <lambda> at 0x7fa496287b30>
16129,2021-11-03 00:00:00,<function <lambda> at 0x7fa4962879f0>,<function <lambda> at 0x7fa496287a90>,<function <lambda> at 0x7fa496287b30>
16130,2021-11-03 01:00:00,<function <lambda> at 0x7fa4962879f0>,<function <lambda> at 0x7fa496287a90>,<function <lambda> at 0x7fa496287b30>
16131,2021-11-03 02:00:00,<function <lambda> at 0x7fa4962879f0>,<function <lambda> at 0x7fa496287a90>,<function <lambda> at 0x7fa496287b30>
16132,2021-11-03 03:00:00,<function <lambda> at 0x7fa4962879f0>,<function <lambda> at 0x7fa496287a90>,<function <lambda> at 0x7fa496287b30>
16133,2021-11-03 04:00:00,<function <lambda> at 0x7fa4962879f0>,<function <lambda> at 0x7fa496287a90>,<function <lambda> at 0x7fa496287b30>
16134,2021-11-03 05:00:00,<function <lambda> at 0x7fa4962879f0>,<function <lambda> at 0x7fa496287a90>,<function <lambda> at 0x7fa496287b30>
16135,2021-11-03 06:00:00,<function <lambda> at 0x7fa4962879f0>,<function <lambda> at 0x7fa496287a90>,<function <lambda> at 0x7fa496287b30>
16136,2021-11-03 07:00:00,<function <lambda> at 0x7fa4962879f0>,<function <lambda> at 0x7fa496287a90>,<function <lambda> at 0x7fa496287b30>
16137,2021-11-03 08:00:00,<function <lambda> at 0x7fa4962879f0>,<function <lambda> at 0x7fa496287a90>,<function <lambda> at 0x7fa496287b30>
16138,2021-11-03 09:00:00,<function <lambda> at 0x7fa4962879f0>,<function <lambda> at 0x7fa496287a90>,<function <lambda> at 0x7fa496287b30>
16139,2021-11-03 10:00:00,<function <lambda> at 0x7fa4962879f0>,<function <lambda> at 0x7fa496287a90>,<function <lambda> at 0x7fa496287b30>
16140,2021-11-03 11:00:00,<function <lambda> at 0x7fa4962879f0>,<function <lambda> at 0x7fa496287a90>,<function <lambda> at 0x7fa496287b30>
16141,2021-11-03 12:00:00,<function <lambda> at 0x7fa4962879f0>,<function <lambda> at 0x7fa496287a90>,<function <lambda> at 0x7fa496287b30>
16142,2021-11-03 13:00:00,<function <lambda> at 0x7fa4962879f0>,<function <lambda> at 0x7fa496287a90>,<function <lambda> at 0x7fa496287b30>
16143,2021-11-03 14:00:00,<function <lambda> at 0x7fa4962879f0>,<function <lambda> at 0x7fa496287a90>,<function <lambda> at 0x7fa496287b30>
16144,2021-11-03 15:00:00,<function <lambda> at 0x7fa4962879f0>,<function <lambda> at 0x7fa496287a90>,<function <lambda> at 0x7fa496287b30>
16145,2021-11-03 16:00:00,<function <lambda> at 0x7fa4962879f0>,<function <lambda> at 0x7fa496287a90>,<function <lambda> at 0x7fa496287b30>
16146,2021-11-03 17:00:00,<function <lambda> at 0x7fa4962879f0>,<function <lambda> at 0x7fa496287a90>,<function <lambda> at 0x7fa496287b30>
16147,2021-11-03 18:00:00,<function <lambda> at 0x7fa4962879f0>,<function <lambda> at 0x7fa496287a90>,<function <lambda> at 0x7fa496287b30>
16148,2021-11-03 19:00:00,<function <lambda> at 0x7fa4962879f0>,<function <lambda> at 0x7fa496287a90>,<function <lambda> at 0x7fa496287b30>
16149,2021-11-03 20:00:00,<function <lambda> at 0x7fa4962879f0>,<function <lambda> at 0x7fa496287a90>,<function <lambda> at 0x7fa496287b30>
16150,2021-11-03 21:00:00,<function <lambda> at 0x7fa4962879f0>,<function <lambda> at 0x7fa496287a90>,<function <lambda> at 0x7fa496287b30>
16151,2021-11-03 22:00:00,<function <lambda> at 0x7fa4962879f0>,<function <lambda> at 0x7fa496287a90>,<function <lambda> at 0x7fa496287b30>
16152,2021-11-03 23:00:00,<function <lambda> at 0x7fa4962879f0>,<function <lambda> at 0x7fa496287a90>,<function <lambda> at 0x7fa496287b30>
16153,2021-11-04 00:00:00,<function <lambda> at 0x7fa4962879f0>,<function <lambda> at 0x7fa496287a90>,<function <lambda> at 0x7fa496287b30>
16154,2021-11-04 01:00:00,<function <lambda> at 0x7fa4962879f0>,<function <lambda> at 0x7fa496287a90>,<function <lambda> at 0x7fa496287b30>
16155,2021-11-04 02:00:00,<function <lambda> at 0x7fa4962879f0>,<function <lambda> at 0x7fa496287a90>,<function <lambda> at 0x7fa496287b30>
16156,2021-11-04 03:00:00,<function <lambda> at 0x7fa4962879f0>,<function <lambda> at 0x7fa496287a90>,<function <lambda> at 0x7fa496287b30>
16157,2021-11-04 04:00:00,<function <lambda> at 0x7fa4962879f0>,<function <lambda> at 0x7fa496287a90>,<function <lambda> at 0x7fa496287b30>
16158,2021-11-04 05:00:00,<function <lambda> at 0x7fa4962879f0>,<function <lambda> at 0x7fa496287a90>,<function <lambda> at 0x7fa496287b30>
16159,2021-11-04 06:00:00,<function <lambda> at 0x7fa4962879f0>,<function <lambda> at 0x7fa496287a90>,<function <lambda> at 0x7fa496287b30>
16160,2021-11-04 07:00:00,<function <lambda> at 0x7fa4962879f0>,<function <lambda> at 0x7fa496287a90>,<function <lambda> at 0x7fa496287b30>
16161,2021-11-04 08:00:00,<function <lambda> at 0x7fa4962879f0>,<function <lambda> at 0x7fa496287a90>,<function <lambda> at 0x7fa496287b30>
16162,2021-11-04 09:00:00,<function <lambda> at 0x7fa4962879f0>,<function <lambda> at 0x7fa496287a90>,<function <lambda> at 0x7fa496287b30>
16163,2021-11-04 10:00:00,<function <lambda> at 0x7fa4962879f0>,<function <lambda> at 0x7fa496287a90>,<function <lambda> at 0x7fa496287b30>
16164,2021-11-04 11:00:00,<function <lambda> at 0x7fa4962879f0>,<function <lambda> at 0x7fa496287a90>,<function <lambda> at 0x7fa496287b30>
16165,2021-11-04 12:00:00,<function <lambda> at 0x7fa4962879f0>,<function <lambda> at 0x7fa496287a90>,<function <lambda> at 0x7fa496287b30>
16166,2021-11-04 13:00:00,<function <lambda> at 0x7fa4962879f0>,<function <lambda> at 0x7fa496287a90>,<function <lambda> at 0x7fa496287b30>
16167,2021-11-04 14:00:00,<function <lambda> at 0x7fa4962879f0>,<function <lambda> at 0x7fa496287a90>,<function <lambda> at 0x7fa496287b30>
16168,2021-11-04 15:00:00,<function <lambda> at 0x7fa4962879f0>,<function <lambda> at 0x7fa496287a90>,<function <lambda> at 0x7fa496287b30>
16169,2021-11-04 16:00:00,<function <lambda> at 0x7fa4962879f0>,<function <lambda> at 0x7fa496287a90>,<function <lambda> at 0x7fa496287b30>
16170,2021-11-04 17:00:00,<function <lambda> at 0x7fa4962879f0>,<function <lambda> at 0x7fa496287a90>,<function <lambda> at 0x7fa496287b30>
16171,2021-11-04 18:00:00,<function <lambda> at 0x7fa4962879f0>,<function <lambda> at 0x7fa496287a90>,<function <lambda> at 0x7fa496287b30>
16172,2021-11-04 19:00:00,<function <lambda> at 0x7fa4962879f0>,<function <lambda> at 0x7fa496287a90>,<function <lambda> at 0x7fa496287b30>
16173,2021-11-04 20:00:00,<function <lambda> at 0x7fa4962879f0>,<function <lambda> at 0x7fa496287a90>,<function <lambda> at 0x7fa496287b30>
16174,2021-11-04 21:00:00,<function <lambda> at 0x7fa4962879f0>,<function <lambda> at 0x7fa496287a90>,<function <lambda> at 0x7fa496287b30>
16175,2021-11-04 22:00:00,<function <lambda> at 0x7fa4962879f0>,<function <lambda> at 0x7fa496287a90>,<function <lambda> at 0x7fa496287b30>
16176,2021-11-04 23:00:00,<function <lambda> at 0x7fa4962879f0>,<function <lambda> at 0x7fa496287a90>,<function <lambda> at 0x7fa496287b30>
16177,2021-11-05 00:00:00,<function <lambda> at 0x7fa4962879f0>,<function <lambda> at 0x7fa496287a90>,<function <lambda> at 0x7fa496287b30>
16178,2021-11-05 01:00:00,<function <lambda> at 0x7fa4962879f0>,<function <lambda> at 0x7fa496287a90>,<function <lambda> at 0x7fa496287b30>
16179,2021-11-05 02:00:00,<function <lambda> at 0x7fa4962879f0>,<function <lambda> at 0x7fa496287a90>,<function <lambda> at 0x7fa496287b30>
16180,2021-11-05 03:00:00,<function <lambda> at 0x7fa4962879f0>,<function <lambda> at 0x7fa496287a90>,<function <lambda> at 0x7fa496287b30>
16181,2021-11-05 04:00:00,<function <lambda> at 0x7fa4962879f0>,<function <lambda> at 0x7fa496287a90>,<function <lambda> at 0x7fa496287b30>
16182,2021-11-05 05:00:00,<function <lambda> at 0x7fa4962879f0>,<function <lambda> at 0x7fa496287a90>,<function <lambda> at 0x7fa496287b30>
16183,2021-11-05 06:00:00,<function <lambda> at 0x7fa4962879f0>,<function <lambda> at 0x7fa496287a90>,<function <lambda> at 0x7fa496287b30>
16184,2021-11-05 07:00:00,<function <lambda> at 0x7fa4962879f0>,<function <lambda> at 0x7fa496287a90>,<function <lambda> at 0x7fa496287b30>
16185,2021-11-05 08:00:00,<function <lambda> at 0x7fa4962879f0>,<function <lambda> at 0x7fa496287a90>,<function <lambda> at 0x7fa496287b30>
16186,2021-11-05 09:00:00,<function <lambda> at 0x7fa4962879f0>,<function <lambda> at 0x7fa496287a90>,<function <lambda> at 0x7fa496287b30>
16187,2021-11-05 10:00:00,<function <lambda> at 0x7fa4962879f0>,<function <lambda> at 0x7fa496287a90>,<function <lambda> at 0x7fa496287b30>
16188,2021-11-05 11:00:00,<function <lambda> at 0x7fa4962879f0>,<function <lambda> at 0x7fa496287a90>,<function <lambda> at 0x7fa496287b30>
16189,2021-11-05 12:00:00,<function <lambda> at 0x7fa4962879f0>,<function <lambda> at 0x7fa496287a90>,<function <lambda> at 0x7fa496287b30>
16190,2021-11-05 13:00:00,<function <lambda> at 0x7fa4962879f0>,<function <lambda> at 0x7fa496287a90>,<function <lambda> at 0x7fa496287b30>
16191,2021-11-05 14:00:00,<function <lambda> at 0x7fa4962879f0>,<function <lambda> at 0x7fa496287a90>,<function <lambda> at 0x7fa496287b30>
16192,2021-11-05 15:00:00,<function <lambda> at 0x7fa4962879f0>,<function <lambda> at 0x7fa496287a90>,<function <lambda> at 0x7fa496287b30>
16193,2021-11-05 16:00:00,<function <lambda> at 0x7fa4962879f0>,<function <lambda> at 0x7fa496287a90>,<function <lambda> at 0x7fa496287b30>
16194,2021-11-05 17:00:00,<function <lambda> at 0x7fa4962879f0>,<function <lambda> at 0x7fa496287a90>,<function <lambda> at 0x7fa496287b30>
16195,2021-11-05 18:00:00,<function <lambda> at 0x7fa4962879f0>,<function <lambda> at 0x7fa496287a90>,<function <lambda> at 0x7fa496287b30>
16196,2021-11-05 19:00:00,<function <lambda> at 0x7fa4962879f0>,<function <lambda> at 0x7fa496287a90>,<function <lambda> at 0x7fa496287b30>
16197,2021-11-05 20:00:00,<function <lambda> at 0x7fa4962879f0>,<function <lambda> at 0x7fa496287a90>,<function <lambda> at 0x7fa496287b30>
16198,2021-11-05 21:00:00,<function <lambda> at 0x7fa4962879f0>,<function <lambda> at 0x7fa496287a90>,<function <lambda> at 0x7fa496287b30>
16199,2021-11-05 22:00:00,<function <lambda> at 0x7fa4962879f0>,<function <lambda> at 0x7fa496287a90>,<function <lambda> at 0x7fa496287b30>
16200,2021-11-05 23:00:00,<function <lambda> at 0x7fa4962879f0>,<function <lambda> at 0x7fa496287a90>,<function <lambda> at 0x7fa496287b30>
16201,2021-11-06 00:00:00,<function <lambda> at 0x7fa4962879f0>,<function <lambda> at 0x7fa496287a90>,<function <lambda> at 0x7fa496287b30>
16202,2021-11-06 01:00:00,<function <lambda> at 0x7fa4962879f0>,<function <lambda> at 0x7fa496287a90>,<function <lambda> at 0x7fa496287b30>
16203,2021-11-06 02:00:00,<function <lambda> at 0x7fa4962879f0>,<function <lambda> at 0x7fa496287a90>,<function <lambda> at 0x7fa496287b30>
16204,2021-11-06 03:00:00,<function <lambda> at 0x7fa4962879f0>,<function <lambda> at 0x7fa496287a90>,<function <lambda> at 0x7fa496287b30>
16205,2021-11-06 04:00:00,<function <lambda> at 0x7fa4962879f0>,<function <lambda> at 0x7fa496287a90>,<function <lambda> at 0x7fa496287b30>
16206,2021-11-06 05:00:00,<function <lambda> at 0x7fa4962879f0>,<function <lambda> at 0x7fa496287a90>,<function <lambda> at 0x7fa496287b30>
16207,2021-11-06 06:00:00,<function <lambda> at 0x7fa4962879f0>,<function <lambda> at 0x7fa496287a90>,<function <lambda> at 0x7fa496287b30>
16208,2021-11-06 07:00:00,<function <lambda> at 0x7fa4962879f0>,<function <lambda> at 0x7fa496287a90>,<function <lambda> at 0x7fa496287b30>
16209,2021-11-06 08:00:00,<function <lambda> at 0x7fa4962879f0>,<function <lambda> at 0x7fa496287a90>,<function <lambda> at 0x7fa496287b30>
16210,2021-11-06 09:00:00,<function <lambda> at 0x7fa4962879f0>,<function <lambda> at 0x7fa496287a90>,<function <lambda> at 0x7fa496287b30>
16211,2021-11-06 10:00:00,<function <lambda> at 0x7fa4962879f0>,<function <lambda> at 0x7fa496287a90>,<function <lambda> at 0x7fa496287b30>
16212,2021-11-06 11:00:00,<function <lambda> at 0x7fa4962879f0>,<function <lambda> at 0x7fa496287a90>,<function <lambda> at 0x7fa496287b30>
16213,2021-11-06 12:00:00,<function <lambda> at 0x7fa4962879f0>,<function <lambda> at 0x7fa496287a90>,<function <lambda> at 0x7fa496287b30>
16214,2021-11-06 13:00:00,<function <lambda> at 0x7fa4962879f0>,<function <lambda> at 0x7fa496287a90>,<function <lambda> at 0x7fa496287b30>
16215,2021-11-06 14:00:00,<function <lambda> at 0x7fa4962879f0>,<function <lambda> at 0x7fa496287a90>,<function <lambda> at 0x7fa496287b30>
16216,2021-11-06 15:00:00,<function <lambda> at 0x7fa4962879f0>,<function <lambda> at 0x7fa496287a90>,<function <lambda> at 0x7fa496287b30>
16217,2021-11-06 16:00:00,<function <lambda> at 0x7fa4962879f0>,<function <lambda> at 0x7fa496287a90>,<function <lambda> at 0x7fa496287b30>
16218,2021-11-06 17:00:00,<function <lambda> at 0x7fa4962879f0>,<function <lambda> at 0x7fa496287a90>,<function <lambda> at 0x7fa496287b30>
16219,2021-11-06 18:00:00,<function <lambda> at 0x7fa4962879f0>,<function <lambda> at 0x7fa496287a90>,<function <lambda> at 0x7fa496287b30>
16220,2021-11-06 19:00:00,<function <lambda> at 0x7fa4962879f0>,<function <lambda> at 0x7fa496287a90>,<function <lambda> at 0x7fa496287b30>
16221,2021-11-06 20:00:00,<function <lambda> at 0x7fa4962879f0>,<function <lambda> at 0x7fa496287a90>,<function <lambda> at 0x7fa496287b30>
16222,2021-11-06 21:00:00,<function <lambda> at 0x7fa4962879f0>,<function <lambda> at 0x7fa496287a90>,<function <lambda> at 0x7fa496287b30>
16223,2021-11-06 22:00:00,<function <lambda> at 0x7fa4962879f0>,<function <lambda> at 0x7fa496287a90>,<function <lambda> at 0x7fa496287b30>
16224,2021-11-06 23:00:00,<function <lambda> at 0x7fa4962879f0>,<function <lambda> at 0x7fa496287a90>,<function <lambda> at 0x7fa496287b30>
16225,2021-11-07 00:00:00,<function <lambda> at 0x7fa4962879f0>,<function <lambda> at 0x7fa496287a90>,<function <lambda> at 0x7fa496287b30>
16226,2021-11-07 01:00:00,<function <lambda> at 0x7fa4962879f0>,<function <lambda> at 0x7fa496287a90>,<function <lambda> at 0x7fa496287b30>
16227,2021-11-07 02:00:00,<function <lambda> at 0x7fa4962879f0>,<function <lambda> at 0x7fa496287a90>,<function <lambda> at 0x7fa496287b30>
16228,2021-11-07 03:00:00,<function <lambda> at 0x7fa4962879f0>,<function <lambda> at 0x7fa496287a90>,<function <lambda> at 0x7fa496287b30>
16229,2021-11-07 04:00:00,<function <lambda> at 0x7fa4962879f0>,<function <lambda> at 0x7fa496287a90>,<function <lambda> at 0x7fa496287b30>
16230,2021-11-07 05:00:00,<function <lambda> at 0x7fa4962879f0>,<function <lambda> at 0x7fa496287a90>,<function <lambda> at 0x7fa496287b30>
16231,2021-11-07 06:00:00,<function <lambda> at 0x7fa4962879f0>,<function <lambda> at 0x7fa496287a90>,<function <lambda> at 0x7fa496287b30>
16232,2021-11-07 07:00:00,<function <lambda> at 0x7fa4962879f0>,<function <lambda> at 0x7fa496287a90>,<function <lambda> at 0x7fa496287b30>
16233,2021-11-07 08:00:00,<function <lambda> at 0x7fa4962879f0>,<function <lambda> at 0x7fa496287a90>,<function <lambda> at 0x7fa496287b30>
16234,2021-11-07 09:00:00,<function <lambda> at 0x7fa4962879f0>,<function <lambda> at 0x7fa496287a90>,<function <lambda> at 0x7fa496287b30>
16235,2021-11-07 10:00:00,<function <lambda> at 0x7fa4962879f0>,<function <lambda> at 0x7fa496287a90>,<function <lambda> at 0x7fa496287b30>
16236,2021-11-07 11:00:00,<function <lambda> at 0x7fa4962879f0>,<function <lambda> at 0x7fa496287a90>,<function <lambda> at 0x7fa496287b30>
16237,2021-11-07 12:00:00,<function <lambda> at 0x7fa4962879f0>,<function <lambda> at 0x7fa496287a90>,<function <lambda> at 0x7fa496287b30>
16238,2021-11-07 13:00:00,<function <lambda> at 0x7fa4962879f0>,<function <lambda> at 0x7fa496287a90>,<function <lambda> at 0x7fa496287b30>
16239,2021-11-07 14:00:00,<function <lambda> at 0x7fa4962879f0>,<function <lambda> at 0x7fa496287a90>,<function <lambda> at 0x7fa496287b30>
16240,2021-11-07 15:00:00,<function <lambda> at 0x7fa4962879f0>,<function <lambda> at 0x7fa496287a90>,<function <lambda> at 0x7fa496287b30>
16241,2021-11-07 16:00:00,<function <lambda> at 0x7fa4962879f0>,<function <lambda> at 0x7fa496287a90>,<function <lambda> at 0x7fa496287b30>
16242,2021-11-07 17:00:00,<function <lambda> at 0x7fa4962879f0>,<function <lambda> at 0x7fa496287a90>,<function <lambda> at 0x7fa496287b30>
16243,2021-11-07 18:00:00,<function <lambda> at 0x7fa4962879f0>,<function <lambda> at 0x7fa496287a90>,<function <lambda> at 0x7fa496287b30>
16244,2021-11-07 19:00:00,<function <lambda> at 0x7fa4962879f0>,<function <lambda> at 0x7fa496287a90>,<function <lambda> at 0x7fa496287b30>
16245,2021-11-07 20:00:00,<function <lambda> at 0x7fa4962879f0>,<function <lambda> at 0x7fa496287a90>,<function <lambda> at 0x7fa496287b30>
16246,2021-11-07 21:00:00,<function <lambda> at 0x7fa4962879f0>,<function <lambda> at 0x7fa496287a90>,<function <lambda> at 0x7fa496287b30>
16247,2021-11-07 22:00:00,<function <lambda> at 0x7fa4962879f0>,<function <lambda> at 0x7fa496287a90>,<function <lambda> at 0x7fa496287b30>
16248,2021-11-07 23:00:00,<function <lambda> at 0x7fa4962879f0>,<function <lambda> at 0x7fa496287a90>,<function <lambda> at 0x7fa496287b30>
16249,2021-11-08 00:00:00,<function <lambda> at 0x7fa4962879f0>,<function <lambda> at 0x7fa496287a90>,<function <lambda> at 0x7fa496287b30>
16250,2021-11-08 01:00:00,<function <lambda> at 0x7fa4962879f0>,<function <lambda> at 0x7fa496287a90>,<function <lambda> at 0x7fa496287b30>
16251,2021-11-08 02:00:00,<function <lambda> at 0x7fa4962879f0>,<function <lambda> at 0x7fa496287a90>,<function <lambda> at 0x7fa496287b30>
16252,2021-11-08 03:00:00,<function <lambda> at 0x7fa4962879f0>,<function <lambda> at 0x7fa496287a90>,<function <lambda> at 0x7fa496287b30>
16253,2021-11-08 04:00:00,<function <lambda> at 0x7fa4962879f0>,<function <lambda> at 0x7fa496287a90>,<function <lambda> at 0x7fa496287b30>
16254,2021-11-08 05:00:00,<function <lambda> at 0x7fa4962879f0>,<function <lambda> at 0x7fa496287a90>,<function <lambda> at 0x7fa496287b30>
16255,2021-11-08 06:00:00,<function <lambda> at 0x7fa4962879f0>,<function <lambda> at 0x7fa496287a90>,<function <lambda> at 0x7fa496287b30>
16256,2021-11-08 07:00:00,<function <lambda> at 0x7fa4962879f0>,<function <lambda> at 0x7fa496287a90>,<function <lambda> at 0x7fa496287b30>
16257,2021-11-08 08:00:00,<function <lambda> at 0x7fa4962879f0>,<function <lambda> at 0x7fa496287a90>,<function <lambda> at 0x7fa496287b30>
16258,2021-11-08 09:00:00,<function <lambda> at 0x7fa4962879f0>,<function <lambda> at 0x7fa496287a90>,<function <lambda> at 0x7fa496287b30>
16259,2021-11-08 10:00:00,<function <lambda> at 0x7fa4962879f0>,<function <lambda> at 0x7fa496287a90>,<function <lambda> at 0x7fa496287b30>
16260,2021-11-08 11:00:00,<function <lambda> at 0x7fa4962879f0>,<function <lambda> at 0x7fa496287a90>,<function <lambda> at 0x7fa496287b30>
16261,2021-11-08 12:00:00,<function <lambda> at 0x7fa4962879f0>,<function <lambda> at 0x7fa496287a90>,<function <lambda> at 0x7fa496287b30>
16262,2021-11-08 13:00:00,<function <lambda> at 0x7fa4962879f0>,<function <lambda> at 0x7fa496287a90>,<function <lambda> at 0x7fa496287b30>
16263,2021-11-08 14:00:00,<function <lambda> at 0x7fa4962879f0>,<function <lambda> at 0x7fa496287a90>,<function <lambda> at 0x7fa496287b30>
16264,2021-11-08 15:00:00,<function <lambda> at 0x7fa4962879f0>,<function <lambda> at 0x7fa496287a90>,<function <lambda> at 0x7fa496287b30>
16265,2021-11-08 16:00:00,<function <lambda> at 0x7fa4962879f0>,<function <lambda> at 0x7fa496287a90>,<function <lambda> at 0x7fa496287b30>
16266,2021-11-08 17:00:00,<function <lambda> at 0x7fa4962879f0>,<function <lambda> at 0x7fa496287a90>,<function <lambda> at 0x7fa496287b30>
16267,2021-11-08 18:00:00,<function <lambda> at 0x7fa4962879f0>,<function <lambda> at 0x7fa496287a90>,<function <lambda> at 0x7fa496287b30>
16268,2021-11-08 19:00:00,<function <lambda> at 0x7fa4962879f0>,<function <lambda> at 0x7fa496287a90>,<function <lambda> at 0x7fa496287b30>
16269,2021-11-08 20:00:00,<function <lambda> at 0x7fa4962879f0>,<function <lambda> at 0x7fa496287a90>,<function <lambda> at 0x7fa496287b30>
16270,2021-11-08 21:00:00,<function <lambda> at 0x7fa4962879f0>,<function <lambda> at 0x7fa496287a90>,<function <lambda> at 0x7fa496287b30>
16271,2021-11-08 22:00:00,<function <lambda> at 0x7fa4962879f0>,<function <lambda> at 0x7fa496287a90>,<function <lambda> at 0x7fa496287b30>
16272,2021-11-08 23:00:00,<function <lambda> at 0x7fa4962879f0>,<function <lambda> at 0x7fa496287a90>,<function <lambda> at 0x7fa496287b30>
16273,2021-11-09 00:00:00,<function <lambda> at 0x7fa4962879f0>,<function <lambda> at 0x7fa496287a90>,<function <lambda> at 0x7fa496287b30>
16274,2021-11-09 01:00:00,<function <lambda> at 0x7fa4962879f0>,<function <lambda> at 0x7fa496287a90>,<function <lambda> at 0x7fa496287b30>
16275,2021-11-09 02:00:00,<function <lambda> at 0x7fa4962879f0>,<function <lambda> at 0x7fa496287a90>,<function <lambda> at 0x7fa496287b30>
16276,2021-11-09 03:00:00,<function <lambda> at 0x7fa4962879f0>,<function <lambda> at 0x7fa496287a90>,<function <lambda> at 0x7fa496287b30>
16277,2021-11-09 04:00:00,<function <lambda> at 0x7fa4962879f0>,<function <lambda> at 0x7fa496287a90>,<function <lambda> at 0x7fa496287b30>
16278,2021-11-09 05:00:00,<function <lambda> at 0x7fa4962879f0>,<function <lambda> at 0x7fa496287a90>,<function <lambda> at 0x7fa496287b30>
16279,2021-11-09 06:00:00,<function <lambda> at 0x7fa4962879f0>,<function <lambda> at 0x7fa496287a90>,<function <lambda> at 0x7fa496287b30>
16280,2021-11-09 07:00:00,<function <lambda> at 0x7fa4962879f0>,<function <lambda> at 0x7fa496287a90>,<function <lambda> at 0x7fa496287b30>
16281,2021-11-09 08:00:00,<function <lambda> at 0x7fa4962879f0>,<function <lambda> at 0x7fa496287a90>,<function <lambda> at 0x7fa496287b30>
16282,2021-11-09 09:00:00,<function <lambda> at 0x7fa4962879f0>,<function <lambda> at 0x7fa496287a90>,<function <lambda> at 0x7fa496287b30>
16283,2021-11-09 10:00:00,<function <lambda> at 0x7fa4962879f0>,<function <lambda> at 0x7fa496287a90>,<function <lambda> at 0x7fa496287b30>
16284,2021-11-09 11:00:00,<function <lambda> at 0x7fa4962879f0>,<function <lambda> at 0x7fa496287a90>,<function <lambda> at 0x7fa496287b30>
16285,2021-11-09 12:00:00,<function <lambda> at 0x7fa4962879f0>,<function <lambda> at 0x7fa496287a90>,<function <lambda> at 0x7fa496287b30>
16286,2021-11-09 13:00:00,<function <lambda> at 0x7fa4962879f0>,<function <lambda> at 0x7fa496287a90>,<function <lambda> at 0x7fa496287b30>
16287,2021-11-09 14:00:00,<function <lambda> at 0x7fa4962879f0>,<function <lambda> at 0x7fa496287a90>,<function <lambda> at 0x7fa496287b30>
16288,2021-11-09 15:00:00,<function <lambda> at 0x7fa4962879f0>,<function <lambda> at 0x7fa496287a90>,<function <lambda> at 0x7fa496287b30>
16289,2021-11-09 16:00:00,<function <lambda> at 0x7fa4962879f0>,<function <lambda> at 0x7fa496287a90>,<function <lambda> at 0x7fa496287b30>
16290,2021-11-09 17:00:00,<function <lambda> at 0x7fa4962879f0>,<function <lambda> at 0x7fa496287a90>,<function <lambda> at 0x7fa496287b30>
16291,2021-11-09 18:00:00,<function <lambda> at 0x7fa4962879f0>,<function <lambda> at 0x7fa496287a90>,<function <lambda> at 0x7fa496287b30>
16292,2021-11-09 19:00:00,<function <lambda> at 0x7fa4962879f0>,<function <lambda> at 0x7fa496287a90>,<function <lambda> at 0x7fa496287b30>
16293,2021-11-09 20:00:00,<function <lambda> at 0x7fa4962879f0>,<function <lambda> at 0x7fa496287a90>,<function <lambda> at 0x7fa496287b30>
16294,2021-11-09 21:00:00,<function <lambda> at 0x7fa4962879f0>,<function <lambda> at 0x7fa496287a90>,<function <lambda> at 0x7fa496287b30>
16295,2021-11-09 22:00:00,<function <lambda> at 0x7fa4962879f0>,<function <lambda> at 0x7fa496287a90>,<function <lambda> at 0x7fa496287b30>
16296,2021-11-09 23:00:00,<function <lambda> at 0x7fa4962879f0>,<function <lambda> at 0x7fa496287a90>,<function <lambda> at 0x7fa496287b30>
16297,2021-11-10 00:00:00,<function <lambda> at 0x7fa4962879f0>,<function <lambda> at 0x7fa496287a90>,<function <lambda> at 0x7fa496287b30>
16298,2021-11-10 01:00:00,<function <lambda> at 0x7fa4962879f0>,<function <lambda> at 0x7fa496287a90>,<function <lambda> at 0x7fa496287b30>
16299,2021-11-10 02:00:00,<function <lambda> at 0x7fa4962879f0>,<function <lambda> at 0x7fa496287a90>,<function <lambda> at 0x7fa496287b30>
16300,2021-11-10 03:00:00,<function <lambda> at 0x7fa4962879f0>,<function <lambda> at 0x7fa496287a90>,<function <lambda> at 0x7fa496287b30>
16301,2021-11-10 04:00:00,<function <lambda> at 0x7fa4962879f0>,<function <lambda> at 0x7fa496287a90>,<function <lambda> at 0x7fa496287b30>
16302,2021-11-10 05:00:00,<function <lambda> at 0x7fa4962879f0>,<function <lambda> at 0x7fa496287a90>,<function <lambda> at 0x7fa496287b30>
16303,2021-11-10 06:00:00,<function <lambda> at 0x7fa4962879f0>,<function <lambda> at 0x7fa496287a90>,<function <lambda> at 0x7fa496287b30>
16304,2021-11-10 07:00:00,<function <lambda> at 0x7fa4962879f0>,<function <lambda> at 0x7fa496287a90>,<function <lambda> at 0x7fa496287b30>
16305,2021-11-10 08:00:00,<function <lambda> at 0x7fa4962879f0>,<function <lambda> at 0x7fa496287a90>,<function <lambda> at 0x7fa496287b30>
16306,2021-11-10 09:00:00,<function <lambda> at 0x7fa4962879f0>,<function <lambda> at 0x7fa496287a90>,<function <lambda> at 0x7fa496287b30>
16307,2021-11-10 10:00:00,<function <lambda> at 0x7fa4962879f0>,<function <lambda> at 0x7fa496287a90>,<function <lambda> at 0x7fa496287b30>
16308,2021-11-10 11:00:00,<function <lambda> at 0x7fa4962879f0>,<function <lambda> at 0x7fa496287a90>,<function <lambda> at 0x7fa496287b30>
16309,2021-11-10 12:00:00,<function <lambda> at 0x7fa4962879f0>,<function <lambda> at 0x7fa496287a90>,<function <lambda> at 0x7fa496287b30>
16310,2021-11-10 13:00:00,<function <lambda> at 0x7fa4962879f0>,<function <lambda> at 0x7fa496287a90>,<function <lambda> at 0x7fa496287b30>
16311,2021-11-10 14:00:00,<function <lambda> at 0x7fa4962879f0>,<function <lambda> at 0x7fa496287a90>,<function <lambda> at 0x7fa496287b30>
16312,2021-11-10 15:00:00,<function <lambda> at 0x7fa4962879f0>,<function <lambda> at 0x7fa496287a90>,<function <lambda> at 0x7fa496287b30>
16313,2021-11-10 16:00:00,<function <lambda> at 0x7fa4962879f0>,<function <lambda> at 0x7fa496287a90>,<function <lambda> at 0x7fa496287b30>
16314,2021-11-10 17:00:00,<function <lambda> at 0x7fa4962879f0>,<function <lambda> at 0x7fa496287a90>,<function <lambda> at 0x7fa496287b30>
16315,2021-11-10 18:00:00,<function <lambda> at 0x7fa4962879f0>,<function <lambda> at 0x7fa496287a90>,<function <lambda> at 0x7fa496287b30>
16316,2021-11-10 19:00:00,<function <lambda> at 0x7fa4962879f0>,<function <lambda> at 0x7fa496287a90>,<function <lambda> at 0x7fa496287b30>
16317,2021-11-10 20:00:00,<function <lambda> at 0x7fa4962879f0>,<function <lambda> at 0x7fa496287a90>,<function <lambda> at 0x7fa496287b30>
16318,2021-11-10 21:00:00,<function <lambda> at 0x7fa4962879f0>,<function <lambda> at 0x7fa496287a90>,<function <lambda> at 0x7fa496287b30>
16319,2021-11-10 22:00:00,<function <lambda> at 0x7fa4962879f0>,<function <lambda> at 0x7fa496287a90>,<function <lambda> at 0x7fa496287b30>
16320,2021-11-10 23:00:00,<function <lambda> at 0x7fa4962879f0>,<function <lambda> at 0x7fa496287a90>,<function <lambda> at 0x7fa496287b30>
16321,2021-11-11 00:00:00,<function <lambda> at 0x7fa4962879f0>,<function <lambda> at 0x7fa496287a90>,<function <lambda> at 0x7fa496287b30>
16322,2021-11-11 01:00:00,<function <lambda> at 0x7fa4962879f0>,<function <lambda> at 0x7fa496287a90>,<function <lambda> at 0x7fa496287b30>
16323,2021-11-11 02:00:00,<function <lambda> at 0x7fa4962879f0>,<function <lambda> at 0x7fa496287a90>,<function <lambda> at 0x7fa496287b30>
16324,2021-11-11 03:00:00,<function <lambda> at 0x7fa4962879f0>,<function <lambda> at 0x7fa496287a90>,<function <lambda> at 0x7fa496287b30>
16325,2021-11-11 04:00:00,<function <lambda> at 0x7fa4962879f0>,<function <lambda> at 0x7fa496287a90>,<function <lambda> at 0x7fa496287b30>
16326,2021-11-11 05:00:00,<function <lambda> at 0x7fa4962879f0>,<function <lambda> at 0x7fa496287a90>,<function <lambda> at 0x7fa496287b30>
16327,2021-11-11 06:00:00,<function <lambda> at 0x7fa4962879f0>,<function <lambda> at 0x7fa496287a90>,<function <lambda> at 0x7fa496287b30>
16328,2021-11-11 07:00:00,<function <lambda> at 0x7fa4962879f0>,<function <lambda> at 0x7fa496287a90>,<function <lambda> at 0x7fa496287b30>
16329,2021-11-11 08:00:00,<function <lambda> at 0x7fa4962879f0>,<function <lambda> at 0x7fa496287a90>,<function <lambda> at 0x7fa496287b30>
16330,2021-11-11 09:00:00,<function <lambda> at 0x7fa4962879f0>,<function <lambda> at 0x7fa496287a90>,<function <lambda> at 0x7fa496287b30>
16331,2021-11-11 10:00:00,<function <lambda> at 0x7fa4962879f0>,<function <lambda> at 0x7fa496287a90>,<function <lambda> at 0x7fa496287b30>
16332,2021-11-11 11:00:00,<function <lambda> at 0x7fa4962879f0>,<function <lambda> at 0x7fa496287a90>,<function <lambda> at 0x7fa496287b30>
16333,2021-11-11 12:00:00,<function <lambda> at 0x7fa4962879f0>,<function <lambda> at 0x7fa496287a90>,<function <lambda> at 0x7fa496287b30>
16334,2021-11-11 13:00:00,<function <lambda> at 0x7fa4962879f0>,<function <lambda> at 0x7fa496287a90>,<function <lambda> at 0x7fa496287b30>
16335,2021-11-11 14:00:00,<function <lambda> at 0x7fa4962879f0>,<function <lambda> at 0x7fa496287a90>,<function <lambda> at 0x7fa496287b30>
16336,2021-11-11 15:00:00,<function <lambda> at 0x7fa4962879f0>,<function <lambda> at 0x7fa496287a90>,<function <lambda> at 0x7fa496287b30>
16337,2021-11-11 16:00:00,<function <lambda> at 0x7fa4962879f0>,<function <lambda> at 0x7fa496287a90>,<function <lambda> at 0x7fa496287b30>
16338,2021-11-11 17:00:00,<function <lambda> at 0x7fa4962879f0>,<function <lambda> at 0x7fa496287a90>,<function <lambda> at 0x7fa496287b30>
16339,2021-11-11 18:00:00,<function <lambda> at 0x7fa4962879f0>,<function <lambda> at 0x7fa496287a90>,<function <lambda> at 0x7fa496287b30>
16340,2021-11-11 19:00:00,<function <lambda> at 0x7fa4962879f0>,<function <lambda> at 0x7fa496287a90>,<function <lambda> at 0x7fa496287b30>
16341,2021-11-11 20:00:00,<function <lambda> at 0x7fa4962879f0>,<function <lambda> at 0x7fa496287a90>,<function <lambda> at 0x7fa496287b30>
16342,2021-11-11 21:00:00,<function <lambda> at 0x7fa4962879f0>,<function <lambda> at 0x7fa496287a90>,<function <lambda> at 0x7fa496287b30>
16343,2021-11-11 22:00:00,<function <lambda> at 0x7fa4962879f0>,<function <lambda> at 0x7fa496287a90>,<function <lambda> at 0x7fa496287b30>
16344,2021-11-11 23:00:00,<function <lambda> at 0x7fa4962879f0>,<function <lambda> at 0x7fa496287a90>,<function <lambda> at 0x7fa496287b30>
16345,2021-11-12 00:00:00,<function <lambda> at 0x7fa4962879f0>,<function <lambda> at 0x7fa496287a90>,<function <lambda> at 0x7fa496287b30>
16346,2021-11-12 01:00:00,<function <lambda> at 0x7fa4962879f0>,<function <lambda> at 0x7fa496287a90>,<function <lambda> at 0x7fa496287b30>
16347,2021-11-12 02:00:00,<function <lambda> at 0x7fa4962879f0>,<function <lambda> at 0x7fa496287a90>,<function <lambda> at 0x7fa496287b30>
16348,2021-11-12 03:00:00,<function <lambda> at 0x7fa4962879f0>,<function <lambda> at 0x7fa496287a90>,<function <lambda> at 0x7fa496287b30>
16349,2021-11-12 04:00:00,<function <lambda> at 0x7fa4962879f0>,<function <lambda> at 0x7fa496287a90>,<function <lambda> at 0x7fa496287b30>
16350,2021-11-12 05:00:00,<function <lambda> at 0x7fa4962879f0>,<function <lambda> at 0x7fa496287a90>,<function <lambda> at 0x7fa496287b30>
16351,2021-11-12 06:00:00,<function <lambda> at 0x7fa4962879f0>,<function <lambda> at 0x7fa496287a90>,<function <lambda> at 0x7fa496287b30>
16352,2021-11-12 07:00:00,<function <lambda> at 0x7fa4962879f0>,<function <lambda> at 0x7fa496287a90>,<function <lambda> at 0x7fa496287b30>
16353,2021-11-12 08:00:00,<function <lambda> at 0x7fa4962879f0>,<function <lambda> at 0x7fa496287a90>,<function <lambda> at 0x7fa496287b30>
16354,2021-11-12 09:00:00,<function <lambda> at 0x7fa4962879f0>,<function <lambda> at 0x7fa496287a90>,<function <lambda> at 0x7fa496287b30>
16355,2021-11-12 10:00:00,<function <lambda> at 0x7fa4962879f0>,<function <lambda> at 0x7fa496287a90>,<function <lambda> at 0x7fa496287b30>
16356,2021-11-12 11:00:00,<function <lambda> at 0x7fa4962879f0>,<function <lambda> at 0x7fa496287a90>,<function <lambda> at 0x7fa496287b30>
16357,2021-11-12 12:00:00,<function <lambda> at 0x7fa4962879f0>,<function <lambda> at 0x7fa496287a90>,<function <lambda> at 0x7fa496287b30>
16358,2021-11-12 13:00:00,<function <lambda> at 0x7fa4962879f0>,<function <lambda> at 0x7fa496287a90>,<function <lambda> at 0x7fa496287b30>
16359,2021-11-12 14:00:00,<function <lambda> at 0x7fa4962879f0>,<function <lambda> at 0x7fa496287a90>,<function <lambda> at 0x7fa496287b30>
16360,2021-11-12 15:00:00,<function <lambda> at 0x7fa4962879f0>,<function <lambda> at 0x7fa496287a90>,<function <lambda> at 0x7fa496287b30>
16361,2021-11-12 16:00:00,<function <lambda> at 0x7fa4962879f0>,<function <lambda> at 0x7fa496287a90>,<function <lambda> at 0x7fa496287b30>
16362,2021-11-12 17:00:00,<function <lambda> at 0x7fa4962879f0>,<function <lambda> at 0x7fa496287a90>,<function <lambda> at 0x7fa496287b30>
16363,2021-11-12 18:00:00,<function <lambda> at 0x7fa4962879f0>,<function <lambda> at 0x7fa496287a90>,<function <lambda> at 0x7fa496287b30>
16364,2021-11-12 19:00:00,<function <lambda> at 0x7fa4962879f0>,<function <lambda> at 0x7fa496287a90>,<function <lambda> at 0x7fa496287b30>
16365,2021-11-12 20:00:00,<function <lambda> at 0x7fa4962879f0>,<function <lambda> at 0x7fa496287a90>,<function <lambda> at 0x7fa496287b30>
16366,2021-11-12 21:00:00,<function <lambda> at 0x7fa4962879f0>,<function <lambda> at 0x7fa496287a90>,<function <lambda> at 0x7fa496287b30>
16367,2021-11-12 22:00:00,<function <lambda> at 0x7fa4962879f0>,<function <lambda> at 0x7fa496287a90>,<function <lambda> at 0x7fa496287b30>
16368,2021-11-12 23:00:00,<function <lambda> at 0x7fa4962879f0>,<function <lambda> at 0x7fa496287a90>,<function <lambda> at 0x7fa496287b30>
16369,2021-11-13 00:00:00,<function <lambda> at 0x7fa4962879f0>,<function <lambda> at 0x7fa496287a90>,<function <lambda> at 0x7fa496287b30>
16370,2021-11-13 01:00:00,<function <lambda> at 0x7fa4962879f0>,<function <lambda> at 0x7fa496287a90>,<function <lambda> at 0x7fa496287b30>
16371,2021-11-13 02:00:00,<function <lambda> at 0x7fa4962879f0>,<function <lambda> at 0x7fa496287a90>,<function <lambda> at 0x7fa496287b30>
16372,2021-11-13 03:00:00,<function <lambda> at 0x7fa4962879f0>,<function <lambda> at 0x7fa496287a90>,<function <lambda> at 0x7fa496287b30>
16373,2021-11-13 04:00:00,<function <lambda> at 0x7fa4962879f0>,<function <lambda> at 0x7fa496287a90>,<function <lambda> at 0x7fa496287b30>
16374,2021-11-13 05:00:00,<function <lambda> at 0x7fa4962879f0>,<function <lambda> at 0x7fa496287a90>,<function <lambda> at 0x7fa496287b30>
16375,2021-11-13 06:00:00,<function <lambda> at 0x7fa4962879f0>,<function <lambda> at 0x7fa496287a90>,<function <lambda> at 0x7fa496287b30>
16376,2021-11-13 07:00:00,<function <lambda> at 0x7fa4962879f0>,<function <lambda> at 0x7fa496287a90>,<function <lambda> at 0x7fa496287b30>
16377,2021-11-13 08:00:00,<function <lambda> at 0x7fa4962879f0>,<function <lambda> at 0x7fa496287a90>,<function <lambda> at 0x7fa496287b30>
16378,2021-11-13 09:00:00,<function <lambda> at 0x7fa4962879f0>,<function <lambda> at 0x7fa496287a90>,<function <lambda> at 0x7fa496287b30>
16379,2021-11-13 10:00:00,<function <lambda> at 0x7fa4962879f0>,<function <lambda> at 0x7fa496287a90>,<function <lambda> at 0x7fa496287b30>
16380,2021-11-13 11:00:00,<function <lambda> at 0x7fa4962879f0>,<function <lambda> at 0x7fa496287a90>,<function <lambda> at 0x7fa496287b30>
16381,2021-11-13 12:00:00,<function <lambda> at 0x7fa4962879f0>,<function <lambda> at 0x7fa496287a90>,<function <lambda> at 0x7fa496287b30>
16382,2021-11-13 13:00:00,<function <lambda> at 0x7fa4962879f0>,<function <lambda> at 0x7fa496287a90>,<function <lambda> at 0x7fa496287b30>
16383,2021-11-13 14:00:00,<function <lambda> at 0x7fa4962879f0>,<function <lambda> at 0x7fa496287a90>,<function <lambda> at 0x7fa496287b30>
16384,2021-11-13 15:00:00,<function <lambda> at 0x7fa4962879f0>,<function <lambda> at 0x7fa496287a90>,<function <lambda> at 0x7fa496287b30>
16385,2021-11-13 16:00:00,<function <lambda> at 0x7fa4962879f0>,<function <lambda> at 0x7fa496287a90>,<function <lambda> at 0x7fa496287b30>
16386,2021-11-13 17:00:00,<function <lambda> at 0x7fa4962879f0>,<function <lambda> at 0x7fa496287a90>,<function <lambda> at 0x7fa496287b30>
16387,2021-11-13 18:00:00,<function <lambda> at 0x7fa4962879f0>,<function <lambda> at 0x7fa496287a90>,<function <lambda> at 0x7fa496287b30>
16388,2021-11-13 19:00:00,<function <lambda> at 0x7fa4962879f0>,<function <lambda> at 0x7fa496287a90>,<function <lambda> at 0x7fa496287b30>
16389,2021-11-13 20:00:00,<function <lambda> at 0x7fa4962879f0>,<function <lambda> at 0x7fa496287a90>,<function <lambda> at 0x7fa496287b30>
16390,2021-11-13 21:00:00,<function <lambda> at 0x7fa4962879f0>,<function <lambda> at 0x7fa496287a90>,<function <lambda> at 0x7fa496287b30>
16391,2021-11-13 22:00:00,<function <lambda> at 0x7fa4962879f0>,<function <lambda> at 0x7fa496287a90>,<function <lambda> at 0x7fa496287b30>
16392,2021-11-13 23:00:00,<function <lambda> at 0x7fa4962879f0>,<function <lambda> at 0x7fa496287a90>,<function <lambda> at 0x7fa496287b30>
16393,2021-11-14 00:00:00,<function <lambda> at 0x7fa4962879f0>,<function <lambda> at 0x7fa496287a90>,<function <lambda> at 0x7fa496287b30>
16394,2021-11-14 01:00:00,<function <lambda> at 0x7fa4962879f0>,<function <lambda> at 0x7fa496287a90>,<function <lambda> at 0x7fa496287b30>
16395,2021-11-14 02:00:00,<function <lambda> at 0x7fa4962879f0>,<function <lambda> at 0x7fa496287a90>,<function <lambda> at 0x7fa496287b30>
16396,2021-11-14 03:00:00,<function <lambda> at 0x7fa4962879f0>,<function <lambda> at 0x7fa496287a90>,<function <lambda> at 0x7fa496287b30>
16397,2021-11-14 04:00:00,<function <lambda> at 0x7fa4962879f0>,<function <lambda> at 0x7fa496287a90>,<function <lambda> at 0x7fa496287b30>
16398,2021-11-14 05:00:00,<function <lambda> at 0x7fa4962879f0>,<function <lambda> at 0x7fa496287a90>,<function <lambda> at 0x7fa496287b30>
16399,2021-11-14 06:00:00,<function <lambda> at 0x7fa4962879f0>,<function <lambda> at 0x7fa496287a90>,<function <lambda> at 0x7fa496287b30>
16400,2021-11-14 07:00:00,<function <lambda> at 0x7fa4962879f0>,<function <lambda> at 0x7fa496287a90>,<function <lambda> at 0x7fa496287b30>
16401,2021-11-14 08:00:00,<function <lambda> at 0x7fa4962879f0>,<function <lambda> at 0x7fa496287a90>,<function <lambda> at 0x7fa496287b30>
16402,2021-11-14 09:00:00,<function <lambda> at 0x7fa4962879f0>,<function <lambda> at 0x7fa496287a90>,<function <lambda> at 0x7fa496287b30>
16403,2021-11-14 10:00:00,<function <lambda> at 0x7fa4962879f0>,<function <lambda> at 0x7fa496287a90>,<function <lambda> at 0x7fa496287b30>
16404,2021-11-14 11:00:00,<function <lambda> at 0x7fa4962879f0>,<function <lambda> at 0x7fa496287a90>,<function <lambda> at 0x7fa496287b30>
16405,2021-11-14 12:00:00,<function <lambda> at 0x7fa4962879f0>,<function <lambda> at 0x7fa496287a90>,<function <lambda> at 0x7fa496287b30>
16406,2021-11-14 13:00:00,<function <lambda> at 0x7fa4962879f0>,<function <lambda> at 0x7fa496287a90>,<function <lambda> at 0x7fa496287b30>
16407,2021-11-14 14:00:00,<function <lambda> at 0x7fa4962879f0>,<function <lambda> at 0x7fa496287a90>,<function <lambda> at 0x7fa496287b30>
16408,2021-11-14 15:00:00,<function <lambda> at 0x7fa4962879f0>,<function <lambda> at 0x7fa496287a90>,<function <lambda> at 0x7fa496287b30>
16409,2021-11-14 16:00:00,<function <lambda> at 0x7fa4962879f0>,<function <lambda> at 0x7fa496287a90>,<function <lambda> at 0x7fa496287b30>
16410,2021-11-14 17:00:00,<function <lambda> at 0x7fa4962879f0>,<function <lambda> at 0x7fa496287a90>,<function <lambda> at 0x7fa496287b30>
16411,2021-11-14 18:00:00,<function <lambda> at 0x7fa4962879f0>,<function <lambda> at 0x7fa496287a90>,<function <lambda> at 0x7fa496287b30>
16412,2021-11-14 19:00:00,<function <lambda> at 0x7fa4962879f0>,<function <lambda> at 0x7fa496287a90>,<function <lambda> at 0x7fa496287b30>
16413,2021-11-14 20:00:00,<function <lambda> at 0x7fa4962879f0>,<function <lambda> at 0x7fa496287a90>,<function <lambda> at 0x7fa496287b30>
16414,2021-11-14 21:00:00,<function <lambda> at 0x7fa4962879f0>,<function <lambda> at 0x7fa496287a90>,<function <lambda> at 0x7fa496287b30>
16415,2021-11-14 22:00:00,<function <lambda> at 0x7fa4962879f0>,<function <lambda> at 0x7fa496287a90>,<function <lambda> at 0x7fa496287b30>
16416,2021-11-14 23:00:00,<function <lambda> at 0x7fa4962879f0>,<function <lambda> at 0x7fa496287a90>,<function <lambda> at 0x7fa496287b30>
16417,2021-11-15 00:00:00,<function <lambda> at 0x7fa4962879f0>,<function <lambda> at 0x7fa496287a90>,<function <lambda> at 0x7fa496287b30>
16418,2021-11-15 01:00:00,<function <lambda> at 0x7fa4962879f0>,<function <lambda> at 0x7fa496287a90>,<function <lambda> at 0x7fa496287b30>
16419,2021-11-15 02:00:00,<function <lambda> at 0x7fa4962879f0>,<function <lambda> at 0x7fa496287a90>,<function <lambda> at 0x7fa496287b30>
16420,2021-11-15 03:00:00,<function <lambda> at 0x7fa4962879f0>,<function <lambda> at 0x7fa496287a90>,<function <lambda> at 0x7fa496287b30>
16421,2021-11-15 04:00:00,<function <lambda> at 0x7fa4962879f0>,<function <lambda> at 0x7fa496287a90>,<function <lambda> at 0x7fa496287b30>
16422,2021-11-15 05:00:00,<function <lambda> at 0x7fa4962879f0>,<function <lambda> at 0x7fa496287a90>,<function <lambda> at 0x7fa496287b30>
16423,2021-11-15 06:00:00,<function <lambda> at 0x7fa4962879f0>,<function <lambda> at 0x7fa496287a90>,<function <lambda> at 0x7fa496287b30>
16424,2021-11-15 07:00:00,<function <lambda> at 0x7fa4962879f0>,<function <lambda> at 0x7fa496287a90>,<function <lambda> at 0x7fa496287b30>
16425,2021-11-15 08:00:00,<function <lambda> at 0x7fa4962879f0>,<function <lambda> at 0x7fa496287a90>,<function <lambda> at 0x7fa496287b30>
16426,2021-11-15 09:00:00,<function <lambda> at 0x7fa4962879f0>,<function <lambda> at 0x7fa496287a90>,<function <lambda> at 0x7fa496287b30>
16427,2021-11-15 10:00:00,<function <lambda> at 0x7fa4962879f0>,<function <lambda> at 0x7fa496287a90>,<function <lambda> at 0x7fa496287b30>
16428,2021-11-15 11:00:00,<function <lambda> at 0x7fa4962879f0>,<function <lambda> at 0x7fa496287a90>,<function <lambda> at 0x7fa496287b30>
16429,2021-11-15 12:00:00,<function <lambda> at 0x7fa4962879f0>,<function <lambda> at 0x7fa496287a90>,<function <lambda> at 0x7fa496287b30>
16430,2021-11-15 13:00:00,<function <lambda> at 0x7fa4962879f0>,<function <lambda> at 0x7fa496287a90>,<function <lambda> at 0x7fa496287b30>
16431,2021-11-15 14:00:00,<function <lambda> at 0x7fa4962879f0>,<function <lambda> at 0x7fa496287a90>,<function <lambda> at 0x7fa496287b30>
16432,2021-11-15 15:00:00,<function <lambda> at 0x7fa4962879f0>,<function <lambda> at 0x7fa496287a90>,<function <lambda> at 0x7fa496287b30>
16433,2021-11-15 16:00:00,<function <lambda> at 0x7fa4962879f0>,<function <lambda> at 0x7fa496287a90>,<function <lambda> at 0x7fa496287b30>
16434,2021-11-15 17:00:00,<function <lambda> at 0x7fa4962879f0>,<function <lambda> at 0x7fa496287a90>,<function <lambda> at 0x7fa496287b30>
16435,2021-11-15 18:00:00,<function <lambda> at 0x7fa4962879f0>,<function <lambda> at 0x7fa496287a90>,<function <lambda> at 0x7fa496287b30>
16436,2021-11-15 19:00:00,<function <lambda> at 0x7fa4962879f0>,<function <lambda> at 0x7fa496287a90>,<function <lambda> at 0x7fa496287b30>
16437,2021-11-15 20:00:00,<function <lambda> at 0x7fa4962879f0>,<function <lambda> at 0x7fa496287a90>,<function <lambda> at 0x7fa496287b30>
16438,2021-11-15 21:00:00,<function <lambda> at 0x7fa4962879f0>,<function <lambda> at 0x7fa496287a90>,<function <lambda> at 0x7fa496287b30>
16439,2021-11-15 22:00:00,<function <lambda> at 0x7fa4962879f0>,<function <lambda> at 0x7fa496287a90>,<function <lambda> at 0x7fa496287b30>
16440,2021-11-15 23:00:00,<function <lambda> at 0x7fa4962879f0>,<function <lambda> at 0x7fa496287a90>,<function <lambda> at 0x7fa496287b30>
16441,2021-11-16 00:00:00,<function <lambda> at 0x7fa4962879f0>,<function <lambda> at 0x7fa496287a90>,<function <lambda> at 0x7fa496287b30>
16442,2021-11-16 01:00:00,<function <lambda> at 0x7fa4962879f0>,<function <lambda> at 0x7fa496287a90>,<function <lambda> at 0x7fa496287b30>
16443,2021-11-16 02:00:00,<function <lambda> at 0x7fa4962879f0>,<function <lambda> at 0x7fa496287a90>,<function <lambda> at 0x7fa496287b30>
16444,2021-11-16 03:00:00,<function <lambda> at 0x7fa4962879f0>,<function <lambda> at 0x7fa496287a90>,<function <lambda> at 0x7fa496287b30>
16445,2021-11-16 04:00:00,<function <lambda> at 0x7fa4962879f0>,<function <lambda> at 0x7fa496287a90>,<function <lambda> at 0x7fa496287b30>
16446,2021-11-16 05:00:00,<function <lambda> at 0x7fa4962879f0>,<function <lambda> at 0x7fa496287a90>,<function <lambda> at 0x7fa496287b30>
16447,2021-11-16 06:00:00,<function <lambda> at 0x7fa4962879f0>,<function <lambda> at 0x7fa496287a90>,<function <lambda> at 0x7fa496287b30>
16448,2021-11-16 07:00:00,<function <lambda> at 0x7fa4962879f0>,<function <lambda> at 0x7fa496287a90>,<function <lambda> at 0x7fa496287b30>
16449,2021-11-16 08:00:00,<function <lambda> at 0x7fa4962879f0>,<function <lambda> at 0x7fa496287a90>,<function <lambda> at 0x7fa496287b30>
16450,2021-11-16 09:00:00,<function <lambda> at 0x7fa4962879f0>,<function <lambda> at 0x7fa496287a90>,<function <lambda> at 0x7fa496287b30>
16451,2021-11-16 10:00:00,<function <lambda> at 0x7fa4962879f0>,<function <lambda> at 0x7fa496287a90>,<function <lambda> at 0x7fa496287b30>
16452,2021-11-16 11:00:00,<function <lambda> at 0x7fa4962879f0>,<function <lambda> at 0x7fa496287a90>,<function <lambda> at 0x7fa496287b30>
16453,2021-11-16 12:00:00,<function <lambda> at 0x7fa4962879f0>,<function <lambda> at 0x7fa496287a90>,<function <lambda> at 0x7fa496287b30>
16454,2021-11-16 13:00:00,<function <lambda> at 0x7fa4962879f0>,<function <lambda> at 0x7fa496287a90>,<function <lambda> at 0x7fa496287b30>
16455,2021-11-16 14:00:00,<function <lambda> at 0x7fa4962879f0>,<function <lambda> at 0x7fa496287a90>,<function <lambda> at 0x7fa496287b30>
16456,2021-11-16 15:00:00,<function <lambda> at 0x7fa4962879f0>,<function <lambda> at 0x7fa496287a90>,<function <lambda> at 0x7fa496287b30>
16457,2021-11-16 16:00:00,<function <lambda> at 0x7fa4962879f0>,<function <lambda> at 0x7fa496287a90>,<function <lambda> at 0x7fa496287b30>
16458,2021-11-16 17:00:00,<function <lambda> at 0x7fa4962879f0>,<function <lambda> at 0x7fa496287a90>,<function <lambda> at 0x7fa496287b30>
16459,2021-11-16 18:00:00,<function <lambda> at 0x7fa4962879f0>,<function <lambda> at 0x7fa496287a90>,<function <lambda> at 0x7fa496287b30>
16460,2021-11-16 19:00:00,<function <lambda> at 0x7fa4962879f0>,<function <lambda> at 0x7fa496287a90>,<function <lambda> at 0x7fa496287b30>
16461,2021-11-16 20:00:00,<function <lambda> at 0x7fa4962879f0>,<function <lambda> at 0x7fa496287a90>,<function <lambda> at 0x7fa496287b30>
16462,2021-11-16 21:00:00,<function <lambda> at 0x7fa4962879f0>,<function <lambda> at 0x7fa496287a90>,<function <lambda> at 0x7fa496287b30>
16463,2021-11-16 22:00:00,<function <lambda> at 0x7fa4962879f0>,<function <lambda> at 0x7fa496287a90>,<function <lambda> at 0x7fa496287b30>
16464,2021-11-16 23:00:00,<function <lambda> at 0x7fa4962879f0>,<function <lambda> at 0x7fa496287a90>,<function <lambda> at 0x7fa496287b30>
16465,2021-11-17 00:00:00,<function <lambda> at 0x7fa4962879f0>,<function <lambda> at 0x7fa496287a90>,<function <lambda> at 0x7fa496287b30>
16466,2021-11-17 01:00:00,<function <lambda> at 0x7fa4962879f0>,<function <lambda> at 0x7fa496287a90>,<function <lambda> at 0x7fa496287b30>
16467,2021-11-17 02:00:00,<function <lambda> at 0x7fa4962879f0>,<function <lambda> at 0x7fa496287a90>,<function <lambda> at 0x7fa496287b30>
16468,2021-11-17 03:00:00,<function <lambda> at 0x7fa4962879f0>,<function <lambda> at 0x7fa496287a90>,<function <lambda> at 0x7fa496287b30>
16469,2021-11-17 04:00:00,<function <lambda> at 0x7fa4962879f0>,<function <lambda> at 0x7fa496287a90>,<function <lambda> at 0x7fa496287b30>
16470,2021-11-17 05:00:00,<function <lambda> at 0x7fa4962879f0>,<function <lambda> at 0x7fa496287a90>,<function <lambda> at 0x7fa496287b30>
16471,2021-11-17 06:00:00,<function <lambda> at 0x7fa4962879f0>,<function <lambda> at 0x7fa496287a90>,<function <lambda> at 0x7fa496287b30>
16472,2021-11-17 07:00:00,<function <lambda> at 0x7fa4962879f0>,<function <lambda> at 0x7fa496287a90>,<function <lambda> at 0x7fa496287b30>
16473,2021-11-17 08:00:00,<function <lambda> at 0x7fa4962879f0>,<function <lambda> at 0x7fa496287a90>,<function <lambda> at 0x7fa496287b30>
16474,2021-11-17 09:00:00,<function <lambda> at 0x7fa4962879f0>,<function <lambda> at 0x7fa496287a90>,<function <lambda> at 0x7fa496287b30>
16475,2021-11-17 10:00:00,<function <lambda> at 0x7fa4962879f0>,<function <lambda> at 0x7fa496287a90>,<function <lambda> at 0x7fa496287b30>
16476,2021-11-17 11:00:00,<function <lambda> at 0x7fa4962879f0>,<function <lambda> at 0x7fa496287a90>,<function <lambda> at 0x7fa496287b30>
16477,2021-11-17 12:00:00,<function <lambda> at 0x7fa4962879f0>,<function <lambda> at 0x7fa496287a90>,<function <lambda> at 0x7fa496287b30>
16478,2021-11-17 13:00:00,<function <lambda> at 0x7fa4962879f0>,<function <lambda> at 0x7fa496287a90>,<function <lambda> at 0x7fa496287b30>
16479,2021-11-17 14:00:00,<function <lambda> at 0x7fa4962879f0>,<function <lambda> at 0x7fa496287a90>,<function <lambda> at 0x7fa496287b30>
16480,2021-11-17 15:00:00,<function <lambda> at 0x7fa4962879f0>,<function <lambda> at 0x7fa496287a90>,<function <lambda> at 0x7fa496287b30>
16481,2021-11-17 16:00:00,<function <lambda> at 0x7fa4962879f0>,<function <lambda> at 0x7fa496287a90>,<function <lambda> at 0x7fa496287b30>
16482,2021-11-17 17:00:00,<function <lambda> at 0x7fa4962879f0>,<function <lambda> at 0x7fa496287a90>,<function <lambda> at 0x7fa496287b30>
16483,2021-11-17 18:00:00,<function <lambda> at 0x7fa4962879f0>,<function <lambda> at 0x7fa496287a90>,<function <lambda> at 0x7fa496287b30>
16484,2021-11-17 19:00:00,<function <lambda> at 0x7fa4962879f0>,<function <lambda> at 0x7fa496287a90>,<function <lambda> at 0x7fa496287b30>
16485,2021-11-17 20:00:00,<function <lambda> at 0x7fa4962879f0>,<function <lambda> at 0x7fa496287a90>,<function <lambda> at 0x7fa496287b30>
16486,2021-11-17 21:00:00,<function <lambda> at 0x7fa4962879f0>,<function <lambda> at 0x7fa496287a90>,<function <lambda> at 0x7fa496287b30>
16487,2021-11-17 22:00:00,<function <lambda> at 0x7fa4962879f0>,<function <lambda> at 0x7fa496287a90>,<function <lambda> at 0x7fa496287b30>
16488,2021-11-17 23:00:00,<function <lambda> at 0x7fa4962879f0>,<function <lambda> at 0x7fa496287a90>,<function <lambda> at 0x7fa496287b30>
16489,2021-11-18 00:00:00,<function <lambda> at 0x7fa4962879f0>,<function <lambda> at 0x7fa496287a90>,<function <lambda> at 0x7fa496287b30>
16490,2021-11-18 01:00:00,<function <lambda> at 0x7fa4962879f0>,<function <lambda> at 0x7fa496287a90>,<function <lambda> at 0x7fa496287b30>
16491,2021-11-18 02:00:00,<function <lambda> at 0x7fa4962879f0>,<function <lambda> at 0x7fa496287a90>,<function <lambda> at 0x7fa496287b30>
16492,2021-11-18 03:00:00,<function <lambda> at 0x7fa4962879f0>,<function <lambda> at 0x7fa496287a90>,<function <lambda> at 0x7fa496287b30>
16493,2021-11-18 04:00:00,<function <lambda> at 0x7fa4962879f0>,<function <lambda> at 0x7fa496287a90>,<function <lambda> at 0x7fa496287b30>
16494,2021-11-18 05:00:00,<function <lambda> at 0x7fa4962879f0>,<function <lambda> at 0x7fa496287a90>,<function <lambda> at 0x7fa496287b30>
16495,2021-11-18 06:00:00,<function <lambda> at 0x7fa4962879f0>,<function <lambda> at 0x7fa496287a90>,<function <lambda> at 0x7fa496287b30>
16496,2021-11-18 07:00:00,<function <lambda> at 0x7fa4962879f0>,<function <lambda> at 0x7fa496287a90>,<function <lambda> at 0x7fa496287b30>
16497,2021-11-18 08:00:00,<function <lambda> at 0x7fa4962879f0>,<function <lambda> at 0x7fa496287a90>,<function <lambda> at 0x7fa496287b30>
16498,2021-11-18 09:00:00,<function <lambda> at 0x7fa4962879f0>,<function <lambda> at 0x7fa496287a90>,<function <lambda> at 0x7fa496287b30>
16499,2021-11-18 10:00:00,<function <lambda> at 0x7fa4962879f0>,<function <lambda> at 0x7fa496287a90>,<function <lambda> at 0x7fa496287b30>
16500,2021-11-18 11:00:00,<function <lambda> at 0x7fa4962879f0>,<function <lambda> at 0x7fa496287a90>,<function <lambda> at 0x7fa496287b30>
16501,2021-11-18 12:00:00,<function <lambda> at 0x7fa4962879f0>,<function <lambda> at 0x7fa496287a90>,<function <lambda> at 0x7fa496287b30>
16502,2021-11-18 13:00:00,<function <lambda> at 0x7fa4962879f0>,<function <lambda> at 0x7fa496287a90>,<function <lambda> at 0x7fa496287b30>
16503,2021-11-18 14:00:00,<function <lambda> at 0x7fa4962879f0>,<function <lambda> at 0x7fa496287a90>,<function <lambda> at 0x7fa496287b30>
16504,2021-11-18 15:00:00,<function <lambda> at 0x7fa4962879f0>,<function <lambda> at 0x7fa496287a90>,<function <lambda> at 0x7fa496287b30>
16505,2021-11-18 16:00:00,<function <lambda> at 0x7fa4962879f0>,<function <lambda> at 0x7fa496287a90>,<function <lambda> at 0x7fa496287b30>
16506,2021-11-18 17:00:00,<function <lambda> at 0x7fa4962879f0>,<function <lambda> at 0x7fa496287a90>,<function <lambda> at 0x7fa496287b30>
16507,2021-11-18 18:00:00,<function <lambda> at 0x7fa4962879f0>,<function <lambda> at 0x7fa496287a90>,<function <lambda> at 0x7fa496287b30>
16508,2021-11-18 19:00:00,<function <lambda> at 0x7fa4962879f0>,<function <lambda> at 0x7fa496287a90>,<function <lambda> at 0x7fa496287b30>
16509,2021-11-18 20:00:00,<function <lambda> at 0x7fa4962879f0>,<function <lambda> at 0x7fa496287a90>,<function <lambda> at 0x7fa496287b30>
16510,2021-11-18 21:00:00,<function <lambda> at 0x7fa4962879f0>,<function <lambda> at 0x7fa496287a90>,<function <lambda> at 0x7fa496287b30>
16511,2021-11-18 22:00:00,<function <lambda> at 0x7fa4962879f0>,<function <lambda> at 0x7fa496287a90>,<function <lambda> at 0x7fa496287b30>
16512,2021-11-18 23:00:00,<function <lambda> at 0x7fa4962879f0>,<function <lambda> at 0x7fa496287a90>,<function <lambda> at 0x7fa496287b30>
16513,2021-11-19 00:00:00,<function <lambda> at 0x7fa4962879f0>,<function <lambda> at 0x7fa496287a90>,<function <lambda> at 0x7fa496287b30>
16514,2021-11-19 01:00:00,<function <lambda> at 0x7fa4962879f0>,<function <lambda> at 0x7fa496287a90>,<function <lambda> at 0x7fa496287b30>
16515,2021-11-19 02:00:00,<function <lambda> at 0x7fa4962879f0>,<function <lambda> at 0x7fa496287a90>,<function <lambda> at 0x7fa496287b30>
16516,2021-11-19 03:00:00,<function <lambda> at 0x7fa4962879f0>,<function <lambda> at 0x7fa496287a90>,<function <lambda> at 0x7fa496287b30>
16517,2021-11-19 04:00:00,<function <lambda> at 0x7fa4962879f0>,<function <lambda> at 0x7fa496287a90>,<function <lambda> at 0x7fa496287b30>
16518,2021-11-19 05:00:00,<function <lambda> at 0x7fa4962879f0>,<function <lambda> at 0x7fa496287a90>,<function <lambda> at 0x7fa496287b30>
16519,2021-11-19 06:00:00,<function <lambda> at 0x7fa4962879f0>,<function <lambda> at 0x7fa496287a90>,<function <lambda> at 0x7fa496287b30>
16520,2021-11-19 07:00:00,<function <lambda> at 0x7fa4962879f0>,<function <lambda> at 0x7fa496287a90>,<function <lambda> at 0x7fa496287b30>
16521,2021-11-19 08:00:00,<function <lambda> at 0x7fa4962879f0>,<function <lambda> at 0x7fa496287a90>,<function <lambda> at 0x7fa496287b30>
16522,2021-11-19 09:00:00,<function <lambda> at 0x7fa4962879f0>,<function <lambda> at 0x7fa496287a90>,<function <lambda> at 0x7fa496287b30>
16523,2021-11-19 10:00:00,<function <lambda> at 0x7fa4962879f0>,<function <lambda> at 0x7fa496287a90>,<function <lambda> at 0x7fa496287b30>
16524,2021-11-19 11:00:00,<function <lambda> at 0x7fa4962879f0>,<function <lambda> at 0x7fa496287a90>,<function <lambda> at 0x7fa496287b30>
16525,2021-11-19 12:00:00,<function <lambda> at 0x7fa4962879f0>,<function <lambda> at 0x7fa496287a90>,<function <lambda> at 0x7fa496287b30>
16526,2021-11-19 13:00:00,<function <lambda> at 0x7fa4962879f0>,<function <lambda> at 0x7fa496287a90>,<function <lambda> at 0x7fa496287b30>
16527,2021-11-19 14:00:00,<function <lambda> at 0x7fa4962879f0>,<function <lambda> at 0x7fa496287a90>,<function <lambda> at 0x7fa496287b30>
16528,2021-11-19 15:00:00,<function <lambda> at 0x7fa4962879f0>,<function <lambda> at 0x7fa496287a90>,<function <lambda> at 0x7fa496287b30>
16529,2021-11-19 16:00:00,<function <lambda> at 0x7fa4962879f0>,<function <lambda> at 0x7fa496287a90>,<function <lambda> at 0x7fa496287b30>
16530,2021-11-19 17:00:00,<function <lambda> at 0x7fa4962879f0>,<function <lambda> at 0x7fa496287a90>,<function <lambda> at 0x7fa496287b30>
16531,2021-11-19 18:00:00,<function <lambda> at 0x7fa4962879f0>,<function <lambda> at 0x7fa496287a90>,<function <lambda> at 0x7fa496287b30>
16532,2021-11-19 19:00:00,<function <lambda> at 0x7fa4962879f0>,<function <lambda> at 0x7fa496287a90>,<function <lambda> at 0x7fa496287b30>
16533,2021-11-19 20:00:00,<function <lambda> at 0x7fa4962879f0>,<function <lambda> at 0x7fa496287a90>,<function <lambda> at 0x7fa496287b30>
16534,2021-11-19 21:00:00,<function <lambda> at 0x7fa4962879f0>,<function <lambda> at 0x7fa496287a90>,<function <lambda> at 0x7fa496287b30>
16535,2021-11-19 22:00:00,<function <lambda> at 0x7fa4962879f0>,<function <lambda> at 0x7fa496287a90>,<function <lambda> at 0x7fa496287b30>
16536,2021-11-19 23:00:00,<function <lambda> at 0x7fa4962879f0>,<function <lambda> at 0x7fa496287a90>,<function <lambda> at 0x7fa496287b30>
16537,2021-11-20 00:00:00,<function <lambda> at 0x7fa4962879f0>,<function <lambda> at 0x7fa496287a90>,<function <lambda> at 0x7fa496287b30>
16538,2021-11-20 01:00:00,<function <lambda> at 0x7fa4962879f0>,<function <lambda> at 0x7fa496287a90>,<function <lambda> at 0x7fa496287b30>
16539,2021-11-20 02:00:00,<function <lambda> at 0x7fa4962879f0>,<function <lambda> at 0x7fa496287a90>,<function <lambda> at 0x7fa496287b30>
16540,2021-11-20 03:00:00,<function <lambda> at 0x7fa4962879f0>,<function <lambda> at 0x7fa496287a90>,<function <lambda> at 0x7fa496287b30>
16541,2021-11-20 04:00:00,<function <lambda> at 0x7fa4962879f0>,<function <lambda> at 0x7fa496287a90>,<function <lambda> at 0x7fa496287b30>
16542,2021-11-20 05:00:00,<function <lambda> at 0x7fa4962879f0>,<function <lambda> at 0x7fa496287a90>,<function <lambda> at 0x7fa496287b30>
16543,2021-11-20 06:00:00,<function <lambda> at 0x7fa4962879f0>,<function <lambda> at 0x7fa496287a90>,<function <lambda> at 0x7fa496287b30>
16544,2021-11-20 07:00:00,<function <lambda> at 0x7fa4962879f0>,<function <lambda> at 0x7fa496287a90>,<function <lambda> at 0x7fa496287b30>
16545,2021-11-20 08:00:00,<function <lambda> at 0x7fa4962879f0>,<function <lambda> at 0x7fa496287a90>,<function <lambda> at 0x7fa496287b30>
16546,2021-11-20 09:00:00,<function <lambda> at 0x7fa4962879f0>,<function <lambda> at 0x7fa496287a90>,<function <lambda> at 0x7fa496287b30>
16547,2021-11-20 10:00:00,<function <lambda> at 0x7fa4962879f0>,<function <lambda> at 0x7fa496287a90>,<function <lambda> at 0x7fa496287b30>
16548,2021-11-20 11:00:00,<function <lambda> at 0x7fa4962879f0>,<function <lambda> at 0x7fa496287a90>,<function <lambda> at 0x7fa496287b30>
16549,2021-11-20 12:00:00,<function <lambda> at 0x7fa4962879f0>,<function <lambda> at 0x7fa496287a90>,<function <lambda> at 0x7fa496287b30>
16550,2021-11-20 13:00:00,<function <lambda> at 0x7fa4962879f0>,<function <lambda> at 0x7fa496287a90>,<function <lambda> at 0x7fa496287b30>
16551,2021-11-20 14:00:00,<function <lambda> at 0x7fa4962879f0>,<function <lambda> at 0x7fa496287a90>,<function <lambda> at 0x7fa496287b30>
16552,2021-11-20 15:00:00,<function <lambda> at 0x7fa4962879f0>,<function <lambda> at 0x7fa496287a90>,<function <lambda> at 0x7fa496287b30>
16553,2021-11-20 16:00:00,<function <lambda> at 0x7fa4962879f0>,<function <lambda> at 0x7fa496287a90>,<function <lambda> at 0x7fa496287b30>
16554,2021-11-20 17:00:00,<function <lambda> at 0x7fa4962879f0>,<function <lambda> at 0x7fa496287a90>,<function <lambda> at 0x7fa496287b30>
16555,2021-11-20 18:00:00,<function <lambda> at 0x7fa4962879f0>,<function <lambda> at 0x7fa496287a90>,<function <lambda> at 0x7fa496287b30>
16556,2021-11-20 19:00:00,<function <lambda> at 0x7fa4962879f0>,<function <lambda> at 0x7fa496287a90>,<function <lambda> at 0x7fa496287b30>
16557,2021-11-20 20:00:00,<function <lambda> at 0x7fa4962879f0>,<function <lambda> at 0x7fa496287a90>,<function <lambda> at 0x7fa496287b30>
16558,2021-11-20 21:00:00,<function <lambda> at 0x7fa4962879f0>,<function <lambda> at 0x7fa496287a90>,<function <lambda> at 0x7fa496287b30>
16559,2021-11-20 22:00:00,<function <lambda> at 0x7fa4962879f0>,<function <lambda> at 0x7fa496287a90>,<function <lambda> at 0x7fa496287b30>
16560,2021-11-20 23:00:00,<function <lambda> at 0x7fa4962879f0>,<function <lambda> at 0x7fa496287a90>,<function <lambda> at 0x7fa496287b30>
16561,2021-11-21 00:00:00,<function <lambda> at 0x7fa4962879f0>,<function <lambda> at 0x7fa496287a90>,<function <lambda> at 0x7fa496287b30>
16562,2021-11-21 01:00:00,<function <lambda> at 0x7fa4962879f0>,<function <lambda> at 0x7fa496287a90>,<function <lambda> at 0x7fa496287b30>
16563,2021-11-21 02:00:00,<function <lambda> at 0x7fa4962879f0>,<function <lambda> at 0x7fa496287a90>,<function <lambda> at 0x7fa496287b30>
16564,2021-11-21 03:00:00,<function <lambda> at 0x7fa4962879f0>,<function <lambda> at 0x7fa496287a90>,<function <lambda> at 0x7fa496287b30>
16565,2021-11-21 04:00:00,<function <lambda> at 0x7fa4962879f0>,<function <lambda> at 0x7fa496287a90>,<function <lambda> at 0x7fa496287b30>
16566,2021-11-21 05:00:00,<function <lambda> at 0x7fa4962879f0>,<function <lambda> at 0x7fa496287a90>,<function <lambda> at 0x7fa496287b30>
16567,2021-11-21 06:00:00,<function <lambda> at 0x7fa4962879f0>,<function <lambda> at 0x7fa496287a90>,<function <lambda> at 0x7fa496287b30>
16568,2021-11-21 07:00:00,<function <lambda> at 0x7fa4962879f0>,<function <lambda> at 0x7fa496287a90>,<function <lambda> at 0x7fa496287b30>
16569,2021-11-21 08:00:00,<function <lambda> at 0x7fa4962879f0>,<function <lambda> at 0x7fa496287a90>,<function <lambda> at 0x7fa496287b30>
16570,2021-11-21 09:00:00,<function <lambda> at 0x7fa4962879f0>,<function <lambda> at 0x7fa496287a90>,<function <lambda> at 0x7fa496287b30>
16571,2021-11-21 10:00:00,<function <lambda> at 0x7fa4962879f0>,<function <lambda> at 0x7fa496287a90>,<function <lambda> at 0x7fa496287b30>
16572,2021-11-21 11:00:00,<function <lambda> at 0x7fa4962879f0>,<function <lambda> at 0x7fa496287a90>,<function <lambda> at 0x7fa496287b30>
16573,2021-11-21 12:00:00,<function <lambda> at 0x7fa4962879f0>,<function <lambda> at 0x7fa496287a90>,<function <lambda> at 0x7fa496287b30>
16574,2021-11-21 13:00:00,<function <lambda> at 0x7fa4962879f0>,<function <lambda> at 0x7fa496287a90>,<function <lambda> at 0x7fa496287b30>
16575,2021-11-21 14:00:00,<function <lambda> at 0x7fa4962879f0>,<function <lambda> at 0x7fa496287a90>,<function <lambda> at 0x7fa496287b30>
16576,2021-11-21 15:00:00,<function <lambda> at 0x7fa4962879f0>,<function <lambda> at 0x7fa496287a90>,<function <lambda> at 0x7fa496287b30>
16577,2021-11-21 16:00:00,<function <lambda> at 0x7fa4962879f0>,<function <lambda> at 0x7fa496287a90>,<function <lambda> at 0x7fa496287b30>
16578,2021-11-21 17:00:00,<function <lambda> at 0x7fa4962879f0>,<function <lambda> at 0x7fa496287a90>,<function <lambda> at 0x7fa496287b30>
16579,2021-11-21 18:00:00,<function <lambda> at 0x7fa4962879f0>,<function <lambda> at 0x7fa496287a90>,<function <lambda> at 0x7fa496287b30>
16580,2021-11-21 19:00:00,<function <lambda> at 0x7fa4962879f0>,<function <lambda> at 0x7fa496287a90>,<function <lambda> at 0x7fa496287b30>
16581,2021-11-21 20:00:00,<function <lambda> at 0x7fa4962879f0>,<function <lambda> at 0x7fa496287a90>,<function <lambda> at 0x7fa496287b30>
16582,2021-11-21 21:00:00,<function <lambda> at 0x7fa4962879f0>,<function <lambda> at 0x7fa496287a90>,<function <lambda> at 0x7fa496287b30>
16583,2021-11-21 22:00:00,<function <lambda> at 0x7fa4962879f0>,<function <lambda> at 0x7fa496287a90>,<function <lambda> at 0x7fa496287b30>
16584,2021-11-21 23:00:00,<function <lambda> at 0x7fa4962879f0>,<function <lambda> at 0x7fa496287a90>,<function <lambda> at 0x7fa496287b30>
16585,2021-11-22 00:00:00,<function <lambda> at 0x7fa4962879f0>,<function <lambda> at 0x7fa496287a90>,<function <lambda> at 0x7fa496287b30>
16586,2021-11-22 01:00:00,<function <lambda> at 0x7fa4962879f0>,<function <lambda> at 0x7fa496287a90>,<function <lambda> at 0x7fa496287b30>
16587,2021-11-22 02:00:00,<function <lambda> at 0x7fa4962879f0>,<function <lambda> at 0x7fa496287a90>,<function <lambda> at 0x7fa496287b30>
16588,2021-11-22 03:00:00,<function <lambda> at 0x7fa4962879f0>,<function <lambda> at 0x7fa496287a90>,<function <lambda> at 0x7fa496287b30>
16589,2021-11-22 04:00:00,<function <lambda> at 0x7fa4962879f0>,<function <lambda> at 0x7fa496287a90>,<function <lambda> at 0x7fa496287b30>
16590,2021-11-22 05:00:00,<function <lambda> at 0x7fa4962879f0>,<function <lambda> at 0x7fa496287a90>,<function <lambda> at 0x7fa496287b30>
16591,2021-11-22 06:00:00,<function <lambda> at 0x7fa4962879f0>,<function <lambda> at 0x7fa496287a90>,<function <lambda> at 0x7fa496287b30>
16592,2021-11-22 07:00:00,<function <lambda> at 0x7fa4962879f0>,<function <lambda> at 0x7fa496287a90>,<function <lambda> at 0x7fa496287b30>
16593,2021-11-22 08:00:00,<function <lambda> at 0x7fa4962879f0>,<function <lambda> at 0x7fa496287a90>,<function <lambda> at 0x7fa496287b30>
16594,2021-11-22 09:00:00,<function <lambda> at 0x7fa4962879f0>,<function <lambda> at 0x7fa496287a90>,<function <lambda> at 0x7fa496287b30>
16595,2021-11-22 10:00:00,<function <lambda> at 0x7fa4962879f0>,<function <lambda> at 0x7fa496287a90>,<function <lambda> at 0x7fa496287b30>
16596,2021-11-22 11:00:00,<function <lambda> at 0x7fa4962879f0>,<function <lambda> at 0x7fa496287a90>,<function <lambda> at 0x7fa496287b30>
16597,2021-11-22 12:00:00,<function <lambda> at 0x7fa4962879f0>,<function <lambda> at 0x7fa496287a90>,<function <lambda> at 0x7fa496287b30>
16598,2021-11-22 13:00:00,<function <lambda> at 0x7fa4962879f0>,<function <lambda> at 0x7fa496287a90>,<function <lambda> at 0x7fa496287b30>
16599,2021-11-22 14:00:00,<function <lambda> at 0x7fa4962879f0>,<function <lambda> at 0x7fa496287a90>,<function <lambda> at 0x7fa496287b30>
16600,2021-11-22 15:00:00,<function <lambda> at 0x7fa4962879f0>,<function <lambda> at 0x7fa496287a90>,<function <lambda> at 0x7fa496287b30>
16601,2021-11-22 16:00:00,<function <lambda> at 0x7fa4962879f0>,<function <lambda> at 0x7fa496287a90>,<function <lambda> at 0x7fa496287b30>
16602,2021-11-22 17:00:00,<function <lambda> at 0x7fa4962879f0>,<function <lambda> at 0x7fa496287a90>,<function <lambda> at 0x7fa496287b30>
16603,2021-11-22 18:00:00,<function <lambda> at 0x7fa4962879f0>,<function <lambda> at 0x7fa496287a90>,<function <lambda> at 0x7fa496287b30>
16604,2021-11-22 19:00:00,<function <lambda> at 0x7fa4962879f0>,<function <lambda> at 0x7fa496287a90>,<function <lambda> at 0x7fa496287b30>
16605,2021-11-22 20:00:00,<function <lambda> at 0x7fa4962879f0>,<function <lambda> at 0x7fa496287a90>,<function <lambda> at 0x7fa496287b30>
16606,2021-11-22 21:00:00,<function <lambda> at 0x7fa4962879f0>,<function <lambda> at 0x7fa496287a90>,<function <lambda> at 0x7fa496287b30>
16607,2021-11-22 22:00:00,<function <lambda> at 0x7fa4962879f0>,<function <lambda> at 0x7fa496287a90>,<function <lambda> at 0x7fa496287b30>
16608,2021-11-22 23:00:00,<function <lambda> at 0x7fa4962879f0>,<function <lambda> at 0x7fa496287a90>,<function <lambda> at 0x7fa496287b30>
16609,2021-11-23 00:00:00,<function <lambda> at 0x7fa4962879f0>,<function <lambda> at 0x7fa496287a90>,<function <lambda> at 0x7fa496287b30>
16610,2021-11-23 01:00:00,<function <lambda> at 0x7fa4962879f0>,<function <lambda> at 0x7fa496287a90>,<function <lambda> at 0x7fa496287b30>
16611,2021-11-23 02:00:00,<function <lambda> at 0x7fa4962879f0>,<function <lambda> at 0x7fa496287a90>,<function <lambda> at 0x7fa496287b30>
16612,2021-11-23 03:00:00,<function <lambda> at 0x7fa4962879f0>,<function <lambda> at 0x7fa496287a90>,<function <lambda> at 0x7fa496287b30>
16613,2021-11-23 04:00:00,<function <lambda> at 0x7fa4962879f0>,<function <lambda> at 0x7fa496287a90>,<function <lambda> at 0x7fa496287b30>
16614,2021-11-23 05:00:00,<function <lambda> at 0x7fa4962879f0>,<function <lambda> at 0x7fa496287a90>,<function <lambda> at 0x7fa496287b30>
16615,2021-11-23 06:00:00,<function <lambda> at 0x7fa4962879f0>,<function <lambda> at 0x7fa496287a90>,<function <lambda> at 0x7fa496287b30>
16616,2021-11-23 07:00:00,<function <lambda> at 0x7fa4962879f0>,<function <lambda> at 0x7fa496287a90>,<function <lambda> at 0x7fa496287b30>
16617,2021-11-23 08:00:00,<function <lambda> at 0x7fa4962879f0>,<function <lambda> at 0x7fa496287a90>,<function <lambda> at 0x7fa496287b30>
16618,2021-11-23 09:00:00,<function <lambda> at 0x7fa4962879f0>,<function <lambda> at 0x7fa496287a90>,<function <lambda> at 0x7fa496287b30>
16619,2021-11-23 10:00:00,<function <lambda> at 0x7fa4962879f0>,<function <lambda> at 0x7fa496287a90>,<function <lambda> at 0x7fa496287b30>
16620,2021-11-23 11:00:00,<function <lambda> at 0x7fa4962879f0>,<function <lambda> at 0x7fa496287a90>,<function <lambda> at 0x7fa496287b30>
16621,2021-11-23 12:00:00,<function <lambda> at 0x7fa4962879f0>,<function <lambda> at 0x7fa496287a90>,<function <lambda> at 0x7fa496287b30>
16622,2021-11-23 13:00:00,<function <lambda> at 0x7fa4962879f0>,<function <lambda> at 0x7fa496287a90>,<function <lambda> at 0x7fa496287b30>
16623,2021-11-23 14:00:00,<function <lambda> at 0x7fa4962879f0>,<function <lambda> at 0x7fa496287a90>,<function <lambda> at 0x7fa496287b30>
16624,2021-11-23 15:00:00,<function <lambda> at 0x7fa4962879f0>,<function <lambda> at 0x7fa496287a90>,<function <lambda> at 0x7fa496287b30>
16625,2021-11-23 16:00:00,<function <lambda> at 0x7fa4962879f0>,<function <lambda> at 0x7fa496287a90>,<function <lambda> at 0x7fa496287b30>
16626,2021-11-23 17:00:00,<function <lambda> at 0x7fa4962879f0>,<function <lambda> at 0x7fa496287a90>,<function <lambda> at 0x7fa496287b30>
16627,2021-11-23 18:00:00,<function <lambda> at 0x7fa4962879f0>,<function <lambda> at 0x7fa496287a90>,<function <lambda> at 0x7fa496287b30>
16628,2021-11-23 19:00:00,<function <lambda> at 0x7fa4962879f0>,<function <lambda> at 0x7fa496287a90>,<function <lambda> at 0x7fa496287b30>
16629,2021-11-23 20:00:00,<function <lambda> at 0x7fa4962879f0>,<function <lambda> at 0x7fa496287a90>,<function <lambda> at 0x7fa496287b30>
16630,2021-11-23 21:00:00,<function <lambda> at 0x7fa4962879f0>,<function <lambda> at 0x7fa496287a90>,<function <lambda> at 0x7fa496287b30>
16631,2021-11-23 22:00:00,<function <lambda> at 0x7fa4962879f0>,<function <lambda> at 0x7fa496287a90>,<function <lambda> at 0x7fa496287b30>
16632,2021-11-23 23:00:00,<function <lambda> at 0x7fa4962879f0>,<function <lambda> at 0x7fa496287a90>,<function <lambda> at 0x7fa496287b30>
16633,2021-11-24 00:00:00,<function <lambda> at 0x7fa4962879f0>,<function <lambda> at 0x7fa496287a90>,<function <lambda> at 0x7fa496287b30>
16634,2021-11-24 01:00:00,<function <lambda> at 0x7fa4962879f0>,<function <lambda> at 0x7fa496287a90>,<function <lambda> at 0x7fa496287b30>
16635,2021-11-24 02:00:00,<function <lambda> at 0x7fa4962879f0>,<function <lambda> at 0x7fa496287a90>,<function <lambda> at 0x7fa496287b30>
16636,2021-11-24 03:00:00,<function <lambda> at 0x7fa4962879f0>,<function <lambda> at 0x7fa496287a90>,<function <lambda> at 0x7fa496287b30>
16637,2021-11-24 04:00:00,<function <lambda> at 0x7fa4962879f0>,<function <lambda> at 0x7fa496287a90>,<function <lambda> at 0x7fa496287b30>
16638,2021-11-24 05:00:00,<function <lambda> at 0x7fa4962879f0>,<function <lambda> at 0x7fa496287a90>,<function <lambda> at 0x7fa496287b30>
16639,2021-11-24 06:00:00,<function <lambda> at 0x7fa4962879f0>,<function <lambda> at 0x7fa496287a90>,<function <lambda> at 0x7fa496287b30>
16640,2021-11-24 07:00:00,<function <lambda> at 0x7fa4962879f0>,<function <lambda> at 0x7fa496287a90>,<function <lambda> at 0x7fa496287b30>
16641,2021-11-24 08:00:00,<function <lambda> at 0x7fa4962879f0>,<function <lambda> at 0x7fa496287a90>,<function <lambda> at 0x7fa496287b30>
16642,2021-11-24 09:00:00,<function <lambda> at 0x7fa4962879f0>,<function <lambda> at 0x7fa496287a90>,<function <lambda> at 0x7fa496287b30>
16643,2021-11-24 10:00:00,<function <lambda> at 0x7fa4962879f0>,<function <lambda> at 0x7fa496287a90>,<function <lambda> at 0x7fa496287b30>
16644,2021-11-24 11:00:00,<function <lambda> at 0x7fa4962879f0>,<function <lambda> at 0x7fa496287a90>,<function <lambda> at 0x7fa496287b30>
16645,2021-11-24 12:00:00,<function <lambda> at 0x7fa4962879f0>,<function <lambda> at 0x7fa496287a90>,<function <lambda> at 0x7fa496287b30>
16646,2021-11-24 13:00:00,<function <lambda> at 0x7fa4962879f0>,<function <lambda> at 0x7fa496287a90>,<function <lambda> at 0x7fa496287b30>
16647,2021-11-24 14:00:00,<function <lambda> at 0x7fa4962879f0>,<function <lambda> at 0x7fa496287a90>,<function <lambda> at 0x7fa496287b30>
16648,2021-11-24 15:00:00,<function <lambda> at 0x7fa4962879f0>,<function <lambda> at 0x7fa496287a90>,<function <lambda> at 0x7fa496287b30>
16649,2021-11-24 16:00:00,<function <lambda> at 0x7fa4962879f0>,<function <lambda> at 0x7fa496287a90>,<function <lambda> at 0x7fa496287b30>
16650,2021-11-24 17:00:00,<function <lambda> at 0x7fa4962879f0>,<function <lambda> at 0x7fa496287a90>,<function <lambda> at 0x7fa496287b30>
16651,2021-11-24 18:00:00,<function <lambda> at 0x7fa4962879f0>,<function <lambda> at 0x7fa496287a90>,<function <lambda> at 0x7fa496287b30>
16652,2021-11-24 19:00:00,<function <lambda> at 0x7fa4962879f0>,<function <lambda> at 0x7fa496287a90>,<function <lambda> at 0x7fa496287b30>
16653,2021-11-24 20:00:00,<function <lambda> at 0x7fa4962879f0>,<function <lambda> at 0x7fa496287a90>,<function <lambda> at 0x7fa496287b30>
16654,2021-11-24 21:00:00,<function <lambda> at 0x7fa4962879f0>,<function <lambda> at 0x7fa496287a90>,<function <lambda> at 0x7fa496287b30>
16655,2021-11-24 22:00:00,<function <lambda> at 0x7fa4962879f0>,<function <lambda> at 0x7fa496287a90>,<function <lambda> at 0x7fa496287b30>
16656,2021-11-24 23:00:00,<function <lambda> at 0x7fa4962879f0>,<function <lambda> at 0x7fa496287a90>,<function <lambda> at 0x7fa496287b30>
16657,2021-11-25 00:00:00,<function <lambda> at 0x7fa4962879f0>,<function <lambda> at 0x7fa496287a90>,<function <lambda> at 0x7fa496287b30>
16658,2021-11-25 01:00:00,<function <lambda> at 0x7fa4962879f0>,<function <lambda> at 0x7fa496287a90>,<function <lambda> at 0x7fa496287b30>
16659,2021-11-25 02:00:00,<function <lambda> at 0x7fa4962879f0>,<function <lambda> at 0x7fa496287a90>,<function <lambda> at 0x7fa496287b30>
16660,2021-11-25 03:00:00,<function <lambda> at 0x7fa4962879f0>,<function <lambda> at 0x7fa496287a90>,<function <lambda> at 0x7fa496287b30>
16661,2021-11-25 04:00:00,<function <lambda> at 0x7fa4962879f0>,<function <lambda> at 0x7fa496287a90>,<function <lambda> at 0x7fa496287b30>
16662,2021-11-25 05:00:00,<function <lambda> at 0x7fa4962879f0>,<function <lambda> at 0x7fa496287a90>,<function <lambda> at 0x7fa496287b30>
16663,2021-11-25 06:00:00,<function <lambda> at 0x7fa4962879f0>,<function <lambda> at 0x7fa496287a90>,<function <lambda> at 0x7fa496287b30>
16664,2021-11-25 07:00:00,<function <lambda> at 0x7fa4962879f0>,<function <lambda> at 0x7fa496287a90>,<function <lambda> at 0x7fa496287b30>
16665,2021-11-25 08:00:00,<function <lambda> at 0x7fa4962879f0>,<function <lambda> at 0x7fa496287a90>,<function <lambda> at 0x7fa496287b30>
16666,2021-11-25 09:00:00,<function <lambda> at 0x7fa4962879f0>,<function <lambda> at 0x7fa496287a90>,<function <lambda> at 0x7fa496287b30>
16667,2021-11-25 10:00:00,<function <lambda> at 0x7fa4962879f0>,<function <lambda> at 0x7fa496287a90>,<function <lambda> at 0x7fa496287b30>
16668,2021-11-25 11:00:00,<function <lambda> at 0x7fa4962879f0>,<function <lambda> at 0x7fa496287a90>,<function <lambda> at 0x7fa496287b30>
16669,2021-11-25 12:00:00,<function <lambda> at 0x7fa4962879f0>,<function <lambda> at 0x7fa496287a90>,<function <lambda> at 0x7fa496287b30>
16670,2021-11-25 13:00:00,<function <lambda> at 0x7fa4962879f0>,<function <lambda> at 0x7fa496287a90>,<function <lambda> at 0x7fa496287b30>
16671,2021-11-25 14:00:00,<function <lambda> at 0x7fa4962879f0>,<function <lambda> at 0x7fa496287a90>,<function <lambda> at 0x7fa496287b30>
16672,2021-11-25 15:00:00,<function <lambda> at 0x7fa4962879f0>,<function <lambda> at 0x7fa496287a90>,<function <lambda> at 0x7fa496287b30>
16673,2021-11-25 16:00:00,<function <lambda> at 0x7fa4962879f0>,<function <lambda> at 0x7fa496287a90>,<function <lambda> at 0x7fa496287b30>
16674,2021-11-25 17:00:00,<function <lambda> at 0x7fa4962879f0>,<function <lambda> at 0x7fa496287a90>,<function <lambda> at 0x7fa496287b30>
16675,2021-11-25 18:00:00,<function <lambda> at 0x7fa4962879f0>,<function <lambda> at 0x7fa496287a90>,<function <lambda> at 0x7fa496287b30>
16676,2021-11-25 19:00:00,<function <lambda> at 0x7fa4962879f0>,<function <lambda> at 0x7fa496287a90>,<function <lambda> at 0x7fa496287b30>
16677,2021-11-25 20:00:00,<function <lambda> at 0x7fa4962879f0>,<function <lambda> at 0x7fa496287a90>,<function <lambda> at 0x7fa496287b30>
16678,2021-11-25 21:00:00,<function <lambda> at 0x7fa4962879f0>,<function <lambda> at 0x7fa496287a90>,<function <lambda> at 0x7fa496287b30>
16679,2021-11-25 22:00:00,<function <lambda> at 0x7fa4962879f0>,<function <lambda> at 0x7fa496287a90>,<function <lambda> at 0x7fa496287b30>
16680,2021-11-25 23:00:00,<function <lambda> at 0x7fa4962879f0>,<function <lambda> at 0x7fa496287a90>,<function <lambda> at 0x7fa496287b30>
16681,2021-11-26 00:00:00,<function <lambda> at 0x7fa4962879f0>,<function <lambda> at 0x7fa496287a90>,<function <lambda> at 0x7fa496287b30>
16682,2021-11-26 01:00:00,<function <lambda> at 0x7fa4962879f0>,<function <lambda> at 0x7fa496287a90>,<function <lambda> at 0x7fa496287b30>
16683,2021-11-26 02:00:00,<function <lambda> at 0x7fa4962879f0>,<function <lambda> at 0x7fa496287a90>,<function <lambda> at 0x7fa496287b30>
16684,2021-11-26 03:00:00,<function <lambda> at 0x7fa4962879f0>,<function <lambda> at 0x7fa496287a90>,<function <lambda> at 0x7fa496287b30>
16685,2021-11-26 04:00:00,<function <lambda> at 0x7fa4962879f0>,<function <lambda> at 0x7fa496287a90>,<function <lambda> at 0x7fa496287b30>
16686,2021-11-26 05:00:00,<function <lambda> at 0x7fa4962879f0>,<function <lambda> at 0x7fa496287a90>,<function <lambda> at 0x7fa496287b30>
16687,2021-11-26 06:00:00,<function <lambda> at 0x7fa4962879f0>,<function <lambda> at 0x7fa496287a90>,<function <lambda> at 0x7fa496287b30>
16688,2021-11-26 07:00:00,<function <lambda> at 0x7fa4962879f0>,<function <lambda> at 0x7fa496287a90>,<function <lambda> at 0x7fa496287b30>
16689,2021-11-26 08:00:00,<function <lambda> at 0x7fa4962879f0>,<function <lambda> at 0x7fa496287a90>,<function <lambda> at 0x7fa496287b30>
16690,2021-11-26 09:00:00,<function <lambda> at 0x7fa4962879f0>,<function <lambda> at 0x7fa496287a90>,<function <lambda> at 0x7fa496287b30>
16691,2021-11-26 10:00:00,<function <lambda> at 0x7fa4962879f0>,<function <lambda> at 0x7fa496287a90>,<function <lambda> at 0x7fa496287b30>
16692,2021-11-26 11:00:00,<function <lambda> at 0x7fa4962879f0>,<function <lambda> at 0x7fa496287a90>,<function <lambda> at 0x7fa496287b30>
16693,2021-11-26 12:00:00,<function <lambda> at 0x7fa4962879f0>,<function <lambda> at 0x7fa496287a90>,<function <lambda> at 0x7fa496287b30>
16694,2021-11-26 13:00:00,<function <lambda> at 0x7fa4962879f0>,<function <lambda> at 0x7fa496287a90>,<function <lambda> at 0x7fa496287b30>
16695,2021-11-26 14:00:00,<function <lambda> at 0x7fa4962879f0>,<function <lambda> at 0x7fa496287a90>,<function <lambda> at 0x7fa496287b30>
16696,2021-11-26 15:00:00,<function <lambda> at 0x7fa4962879f0>,<function <lambda> at 0x7fa496287a90>,<function <lambda> at 0x7fa496287b30>
16697,2021-11-26 16:00:00,<function <lambda> at 0x7fa4962879f0>,<function <lambda> at 0x7fa496287a90>,<function <lambda> at 0x7fa496287b30>
16698,2021-11-26 17:00:00,<function <lambda> at 0x7fa4962879f0>,<function <lambda> at 0x7fa496287a90>,<function <lambda> at 0x7fa496287b30>
16699,2021-11-26 18:00:00,<function <lambda> at 0x7fa4962879f0>,<function <lambda> at 0x7fa496287a90>,<function <lambda> at 0x7fa496287b30>
16700,2021-11-26 19:00:00,<function <lambda> at 0x7fa4962879f0>,<function <lambda> at 0x7fa496287a90>,<function <lambda> at 0x7fa496287b30>
16701,2021-11-26 20:00:00,<function <lambda> at 0x7fa4962879f0>,<function <lambda> at 0x7fa496287a90>,<function <lambda> at 0x7fa496287b30>
16702,2021-11-26 21:00:00,<function <lambda> at 0x7fa4962879f0>,<function <lambda> at 0x7fa496287a90>,<function <lambda> at 0x7fa496287b30>
16703,2021-11-26 22:00:00,<function <lambda> at 0x7fa4962879f0>,<function <lambda> at 0x7fa496287a90>,<function <lambda> at 0x7fa496287b30>
16704,2021-11-26 23:00:00,<function <lambda> at 0x7fa4962879f0>,<function <lambda> at 0x7fa496287a90>,<function <lambda> at 0x7fa496287b30>
16705,2021-11-27 00:00:00,<function <lambda> at 0x7fa4962879f0>,<function <lambda> at 0x7fa496287a90>,<function <lambda> at 0x7fa496287b30>
16706,2021-11-27 01:00:00,<function <lambda> at 0x7fa4962879f0>,<function <lambda> at 0x7fa496287a90>,<function <lambda> at 0x7fa496287b30>
16707,2021-11-27 02:00:00,<function <lambda> at 0x7fa4962879f0>,<function <lambda> at 0x7fa496287a90>,<function <lambda> at 0x7fa496287b30>
16708,2021-11-27 03:00:00,<function <lambda> at 0x7fa4962879f0>,<function <lambda> at 0x7fa496287a90>,<function <lambda> at 0x7fa496287b30>
16709,2021-11-27 04:00:00,<function <lambda> at 0x7fa4962879f0>,<function <lambda> at 0x7fa496287a90>,<function <lambda> at 0x7fa496287b30>
16710,2021-11-27 05:00:00,<function <lambda> at 0x7fa4962879f0>,<function <lambda> at 0x7fa496287a90>,<function <lambda> at 0x7fa496287b30>
16711,2021-11-27 06:00:00,<function <lambda> at 0x7fa4962879f0>,<function <lambda> at 0x7fa496287a90>,<function <lambda> at 0x7fa496287b30>
16712,2021-11-27 07:00:00,<function <lambda> at 0x7fa4962879f0>,<function <lambda> at 0x7fa496287a90>,<function <lambda> at 0x7fa496287b30>
16713,2021-11-27 08:00:00,<function <lambda> at 0x7fa4962879f0>,<function <lambda> at 0x7fa496287a90>,<function <lambda> at 0x7fa496287b30>
16714,2021-11-27 09:00:00,<function <lambda> at 0x7fa4962879f0>,<function <lambda> at 0x7fa496287a90>,<function <lambda> at 0x7fa496287b30>
16715,2021-11-27 10:00:00,<function <lambda> at 0x7fa4962879f0>,<function <lambda> at 0x7fa496287a90>,<function <lambda> at 0x7fa496287b30>
16716,2021-11-27 11:00:00,<function <lambda> at 0x7fa4962879f0>,<function <lambda> at 0x7fa496287a90>,<function <lambda> at 0x7fa496287b30>
16717,2021-11-27 12:00:00,<function <lambda> at 0x7fa4962879f0>,<function <lambda> at 0x7fa496287a90>,<function <lambda> at 0x7fa496287b30>
16718,2021-11-27 13:00:00,<function <lambda> at 0x7fa4962879f0>,<function <lambda> at 0x7fa496287a90>,<function <lambda> at 0x7fa496287b30>
16719,2021-11-27 14:00:00,<function <lambda> at 0x7fa4962879f0>,<function <lambda> at 0x7fa496287a90>,<function <lambda> at 0x7fa496287b30>
16720,2021-11-27 15:00:00,<function <lambda> at 0x7fa4962879f0>,<function <lambda> at 0x7fa496287a90>,<function <lambda> at 0x7fa496287b30>
16721,2021-11-27 16:00:00,<function <lambda> at 0x7fa4962879f0>,<function <lambda> at 0x7fa496287a90>,<function <lambda> at 0x7fa496287b30>
16722,2021-11-27 17:00:00,<function <lambda> at 0x7fa4962879f0>,<function <lambda> at 0x7fa496287a90>,<function <lambda> at 0x7fa496287b30>
16723,2021-11-27 18:00:00,<function <lambda> at 0x7fa4962879f0>,<function <lambda> at 0x7fa496287a90>,<function <lambda> at 0x7fa496287b30>
16724,2021-11-27 19:00:00,<function <lambda> at 0x7fa4962879f0>,<function <lambda> at 0x7fa496287a90>,<function <lambda> at 0x7fa496287b30>
16725,2021-11-27 20:00:00,<function <lambda> at 0x7fa4962879f0>,<function <lambda> at 0x7fa496287a90>,<function <lambda> at 0x7fa496287b30>
16726,2021-11-27 21:00:00,<function <lambda> at 0x7fa4962879f0>,<function <lambda> at 0x7fa496287a90>,<function <lambda> at 0x7fa496287b30>
16727,2021-11-27 22:00:00,<function <lambda> at 0x7fa4962879f0>,<function <lambda> at 0x7fa496287a90>,<function <lambda> at 0x7fa496287b30>
16728,2021-11-27 23:00:00,<function <lambda> at 0x7fa4962879f0>,<function <lambda> at 0x7fa496287a90>,<function <lambda> at 0x7fa496287b30>
16729,2021-11-28 00:00:00,<function <lambda> at 0x7fa4962879f0>,<function <lambda> at 0x7fa496287a90>,<function <lambda> at 0x7fa496287b30>
16730,2021-11-28 01:00:00,<function <lambda> at 0x7fa4962879f0>,<function <lambda> at 0x7fa496287a90>,<function <lambda> at 0x7fa496287b30>
16731,2021-11-28 02:00:00,<function <lambda> at 0x7fa4962879f0>,<function <lambda> at 0x7fa496287a90>,<function <lambda> at 0x7fa496287b30>
16732,2021-11-28 03:00:00,<function <lambda> at 0x7fa4962879f0>,<function <lambda> at 0x7fa496287a90>,<function <lambda> at 0x7fa496287b30>
16733,2021-11-28 04:00:00,<function <lambda> at 0x7fa4962879f0>,<function <lambda> at 0x7fa496287a90>,<function <lambda> at 0x7fa496287b30>
16734,2021-11-28 05:00:00,<function <lambda> at 0x7fa4962879f0>,<function <lambda> at 0x7fa496287a90>,<function <lambda> at 0x7fa496287b30>
16735,2021-11-28 06:00:00,<function <lambda> at 0x7fa4962879f0>,<function <lambda> at 0x7fa496287a90>,<function <lambda> at 0x7fa496287b30>
16736,2021-11-28 07:00:00,<function <lambda> at 0x7fa4962879f0>,<function <lambda> at 0x7fa496287a90>,<function <lambda> at 0x7fa496287b30>
16737,2021-11-28 08:00:00,<function <lambda> at 0x7fa4962879f0>,<function <lambda> at 0x7fa496287a90>,<function <lambda> at 0x7fa496287b30>
16738,2021-11-28 09:00:00,<function <lambda> at 0x7fa4962879f0>,<function <lambda> at 0x7fa496287a90>,<function <lambda> at 0x7fa496287b30>
16739,2021-11-28 10:00:00,<function <lambda> at 0x7fa4962879f0>,<function <lambda> at 0x7fa496287a90>,<function <lambda> at 0x7fa496287b30>
16740,2021-11-28 11:00:00,<function <lambda> at 0x7fa4962879f0>,<function <lambda> at 0x7fa496287a90>,<function <lambda> at 0x7fa496287b30>
16741,2021-11-28 12:00:00,<function <lambda> at 0x7fa4962879f0>,<function <lambda> at 0x7fa496287a90>,<function <lambda> at 0x7fa496287b30>
16742,2021-11-28 13:00:00,<function <lambda> at 0x7fa4962879f0>,<function <lambda> at 0x7fa496287a90>,<function <lambda> at 0x7fa496287b30>
16743,2021-11-28 14:00:00,<function <lambda> at 0x7fa4962879f0>,<function <lambda> at 0x7fa496287a90>,<function <lambda> at 0x7fa496287b30>
16744,2021-11-28 15:00:00,<function <lambda> at 0x7fa4962879f0>,<function <lambda> at 0x7fa496287a90>,<function <lambda> at 0x7fa496287b30>
16745,2021-11-28 16:00:00,<function <lambda> at 0x7fa4962879f0>,<function <lambda> at 0x7fa496287a90>,<function <lambda> at 0x7fa496287b30>
16746,2021-11-28 17:00:00,<function <lambda> at 0x7fa4962879f0>,<function <lambda> at 0x7fa496287a90>,<function <lambda> at 0x7fa496287b30>
16747,2021-11-28 18:00:00,<function <lambda> at 0x7fa4962879f0>,<function <lambda> at 0x7fa496287a90>,<function <lambda> at 0x7fa496287b30>
16748,2021-11-28 19:00:00,<function <lambda> at 0x7fa4962879f0>,<function <lambda> at 0x7fa496287a90>,<function <lambda> at 0x7fa496287b30>
16749,2021-11-28 20:00:00,<function <lambda> at 0x7fa4962879f0>,<function <lambda> at 0x7fa496287a90>,<function <lambda> at 0x7fa496287b30>
16750,2021-11-28 21:00:00,<function <lambda> at 0x7fa4962879f0>,<function <lambda> at 0x7fa496287a90>,<function <lambda> at 0x7fa496287b30>
16751,2021-11-28 22:00:00,<function <lambda> at 0x7fa4962879f0>,<function <lambda> at 0x7fa496287a90>,<function <lambda> at 0x7fa496287b30>
16752,2021-11-28 23:00:00,<function <lambda> at 0x7fa4962879f0>,<function <lambda> at 0x7fa496287a90>,<function <lambda> at 0x7fa496287b30>
16753,2021-11-29 00:00:00,<function <lambda> at 0x7fa4962879f0>,<function <lambda> at 0x7fa496287a90>,<function <lambda> at 0x7fa496287b30>
16754,2021-11-29 01:00:00,<function <lambda> at 0x7fa4962879f0>,<function <lambda> at 0x7fa496287a90>,<function <lambda> at 0x7fa496287b30>
16755,2021-11-29 02:00:00,<function <lambda> at 0x7fa4962879f0>,<function <lambda> at 0x7fa496287a90>,<function <lambda> at 0x7fa496287b30>
16756,2021-11-29 03:00:00,<function <lambda> at 0x7fa4962879f0>,<function <lambda> at 0x7fa496287a90>,<function <lambda> at 0x7fa496287b30>
16757,2021-11-29 04:00:00,<function <lambda> at 0x7fa4962879f0>,<function <lambda> at 0x7fa496287a90>,<function <lambda> at 0x7fa496287b30>
16758,2021-11-29 05:00:00,<function <lambda> at 0x7fa4962879f0>,<function <lambda> at 0x7fa496287a90>,<function <lambda> at 0x7fa496287b30>
16759,2021-11-29 06:00:00,<function <lambda> at 0x7fa4962879f0>,<function <lambda> at 0x7fa496287a90>,<function <lambda> at 0x7fa496287b30>
16760,2021-11-29 07:00:00,<function <lambda> at 0x7fa4962879f0>,<function <lambda> at 0x7fa496287a90>,<function <lambda> at 0x7fa496287b30>
16761,2021-11-29 08:00:00,<function <lambda> at 0x7fa4962879f0>,<function <lambda> at 0x7fa496287a90>,<function <lambda> at 0x7fa496287b30>
16762,2021-11-29 09:00:00,<function <lambda> at 0x7fa4962879f0>,<function <lambda> at 0x7fa496287a90>,<function <lambda> at 0x7fa496287b30>
16763,2021-11-29 10:00:00,<function <lambda> at 0x7fa4962879f0>,<function <lambda> at 0x7fa496287a90>,<function <lambda> at 0x7fa496287b30>
16764,2021-11-29 11:00:00,<function <lambda> at 0x7fa4962879f0>,<function <lambda> at 0x7fa496287a90>,<function <lambda> at 0x7fa496287b30>
16765,2021-11-29 12:00:00,<function <lambda> at 0x7fa4962879f0>,<function <lambda> at 0x7fa496287a90>,<function <lambda> at 0x7fa496287b30>
16766,2021-11-29 13:00:00,<function <lambda> at 0x7fa4962879f0>,<function <lambda> at 0x7fa496287a90>,<function <lambda> at 0x7fa496287b30>
16767,2021-11-29 14:00:00,<function <lambda> at 0x7fa4962879f0>,<function <lambda> at 0x7fa496287a90>,<function <lambda> at 0x7fa496287b30>
16768,2021-11-29 15:00:00,<function <lambda> at 0x7fa4962879f0>,<function <lambda> at 0x7fa496287a90>,<function <lambda> at 0x7fa496287b30>
16769,2021-11-29 16:00:00,<function <lambda> at 0x7fa4962879f0>,<function <lambda> at 0x7fa496287a90>,<function <lambda> at 0x7fa496287b30>
16770,2021-11-29 17:00:00,<function <lambda> at 0x7fa4962879f0>,<function <lambda> at 0x7fa496287a90>,<function <lambda> at 0x7fa496287b30>
16771,2021-11-29 18:00:00,<function <lambda> at 0x7fa4962879f0>,<function <lambda> at 0x7fa496287a90>,<function <lambda> at 0x7fa496287b30>
16772,2021-11-29 19:00:00,<function <lambda> at 0x7fa4962879f0>,<function <lambda> at 0x7fa496287a90>,<function <lambda> at 0x7fa496287b30>
16773,2021-11-29 20:00:00,<function <lambda> at 0x7fa4962879f0>,<function <lambda> at 0x7fa496287a90>,<function <lambda> at 0x7fa496287b30>
16774,2021-11-29 21:00:00,<function <lambda> at 0x7fa4962879f0>,<function <lambda> at 0x7fa496287a90>,<function <lambda> at 0x7fa496287b30>
16775,2021-11-29 22:00:00,<function <lambda> at 0x7fa4962879f0>,<function <lambda> at 0x7fa496287a90>,<function <lambda> at 0x7fa496287b30>
16776,2021-11-29 23:00:00,<function <lambda> at 0x7fa4962879f0>,<function <lambda> at 0x7fa496287a90>,<function <lambda> at 0x7fa496287b30>
16777,2021-11-30 00:00:00,<function <lambda> at 0x7fa4962879f0>,<function <lambda> at 0x7fa496287a90>,<function <lambda> at 0x7fa496287b30>
16778,2021-11-30 01:00:00,<function <lambda> at 0x7fa4962879f0>,<function <lambda> at 0x7fa496287a90>,<function <lambda> at 0x7fa496287b30>
16779,2021-11-30 02:00:00,<function <lambda> at 0x7fa4962879f0>,<function <lambda> at 0x7fa496287a90>,<function <lambda> at 0x7fa496287b30>
16780,2021-11-30 03:00:00,<function <lambda> at 0x7fa4962879f0>,<function <lambda> at 0x7fa496287a90>,<function <lambda> at 0x7fa496287b30>
16781,2021-11-30 04:00:00,<function <lambda> at 0x7fa4962879f0>,<function <lambda> at 0x7fa496287a90>,<function <lambda> at 0x7fa496287b30>
16782,2021-11-30 05:00:00,<function <lambda> at 0x7fa4962879f0>,<function <lambda> at 0x7fa496287a90>,<function <lambda> at 0x7fa496287b30>
16783,2021-11-30 06:00:00,<function <lambda> at 0x7fa4962879f0>,<function <lambda> at 0x7fa496287a90>,<function <lambda> at 0x7fa496287b30>
16784,2021-11-30 07:00:00,<function <lambda> at 0x7fa4962879f0>,<function <lambda> at 0x7fa496287a90>,<function <lambda> at 0x7fa496287b30>
16785,2021-11-30 08:00:00,<function <lambda> at 0x7fa4962879f0>,<function <lambda> at 0x7fa496287a90>,<function <lambda> at 0x7fa496287b30>
16786,2021-11-30 09:00:00,<function <lambda> at 0x7fa4962879f0>,<function <lambda> at 0x7fa496287a90>,<function <lambda> at 0x7fa496287b30>
16787,2021-11-30 10:00:00,<function <lambda> at 0x7fa4962879f0>,<function <lambda> at 0x7fa496287a90>,<function <lambda> at 0x7fa496287b30>
16788,2021-11-30 11:00:00,<function <lambda> at 0x7fa4962879f0>,<function <lambda> at 0x7fa496287a90>,<function <lambda> at 0x7fa496287b30>
16789,2021-11-30 12:00:00,<function <lambda> at 0x7fa4962879f0>,<function <lambda> at 0x7fa496287a90>,<function <lambda> at 0x7fa496287b30>
16790,2021-11-30 13:00:00,<function <lambda> at 0x7fa4962879f0>,<function <lambda> at 0x7fa496287a90>,<function <lambda> at 0x7fa496287b30>
16791,2021-11-30 14:00:00,<function <lambda> at 0x7fa4962879f0>,<function <lambda> at 0x7fa496287a90>,<function <lambda> at 0x7fa496287b30>
16792,2021-11-30 15:00:00,<function <lambda> at 0x7fa4962879f0>,<function <lambda> at 0x7fa496287a90>,<function <lambda> at 0x7fa496287b30>
16793,2021-11-30 16:00:00,<function <lambda> at 0x7fa4962879f0>,<function <lambda> at 0x7fa496287a90>,<function <lambda> at 0x7fa496287b30>
16794,2021-11-30 17:00:00,<function <lambda> at 0x7fa4962879f0>,<function <lambda> at 0x7fa496287a90>,<function <lambda> at 0x7fa496287b30>
16795,2021-11-30 18:00:00,<function <lambda> at 0x7fa4962879f0>,<function <lambda> at 0x7fa496287a90>,<function <lambda> at 0x7fa496287b30>
16796,2021-11-30 19:00:00,<function <lambda> at 0x7fa4962879f0>,<function <lambda> at 0x7fa496287a90>,<function <lambda> at 0x7fa496287b30>
16797,2021-11-30 20:00:00,<function <lambda> at 0x7fa4962879f0>,<function <lambda> at 0x7fa496287a90>,<function <lambda> at 0x7fa496287b30>
16798,2021-11-30 21:00:00,<function <lambda> at 0x7fa4962879f0>,<function <lambda> at 0x7fa496287a90>,<function <lambda> at 0x7fa496287b30>
16799,2021-11-30 22:00:00,<function <lambda> at 0x7fa4962879f0>,<function <lambda> at 0x7fa496287a90>,<function <lambda> at 0x7fa496287b30>
16800,2021-11-30 23:00:00,<function <lambda> at 0x7fa4962879f0>,<function <lambda> at 0x7fa496287a90>,<function <lambda> at 0x7fa496287b30>
16801,2021-12-01 00:00:00,<function <lambda> at 0x7fa4962879f0>,<function <lambda> at 0x7fa496287a90>,<function <lambda> at 0x7fa496287b30>
16802,2021-12-01 01:00:00,<function <lambda> at 0x7fa4962879f0>,<function <lambda> at 0x7fa496287a90>,<function <lambda> at 0x7fa496287b30>
16803,2021-12-01 02:00:00,<function <lambda> at 0x7fa4962879f0>,<function <lambda> at 0x7fa496287a90>,<function <lambda> at 0x7fa496287b30>
16804,2021-12-01 03:00:00,<function <lambda> at 0x7fa4962879f0>,<function <lambda> at 0x7fa496287a90>,<function <lambda> at 0x7fa496287b30>
16805,2021-12-01 04:00:00,<function <lambda> at 0x7fa4962879f0>,<function <lambda> at 0x7fa496287a90>,<function <lambda> at 0x7fa496287b30>
16806,2021-12-01 05:00:00,<function <lambda> at 0x7fa4962879f0>,<function <lambda> at 0x7fa496287a90>,<function <lambda> at 0x7fa496287b30>
16807,2021-12-01 06:00:00,<function <lambda> at 0x7fa4962879f0>,<function <lambda> at 0x7fa496287a90>,<function <lambda> at 0x7fa496287b30>
16808,2021-12-01 07:00:00,<function <lambda> at 0x7fa4962879f0>,<function <lambda> at 0x7fa496287a90>,<function <lambda> at 0x7fa496287b30>
16809,2021-12-01 08:00:00,<function <lambda> at 0x7fa4962879f0>,<function <lambda> at 0x7fa496287a90>,<function <lambda> at 0x7fa496287b30>
16810,2021-12-01 09:00:00,<function <lambda> at 0x7fa4962879f0>,<function <lambda> at 0x7fa496287a90>,<function <lambda> at 0x7fa496287b30>
16811,2021-12-01 10:00:00,<function <lambda> at 0x7fa4962879f0>,<function <lambda> at 0x7fa496287a90>,<function <lambda> at 0x7fa496287b30>
16812,2021-12-01 11:00:00,<function <lambda> at 0x7fa4962879f0>,<function <lambda> at 0x7fa496287a90>,<function <lambda> at 0x7fa496287b30>
16813,2021-12-01 12:00:00,<function <lambda> at 0x7fa4962879f0>,<function <lambda> at 0x7fa496287a90>,<function <lambda> at 0x7fa496287b30>
16814,2021-12-01 13:00:00,<function <lambda> at 0x7fa4962879f0>,<function <lambda> at 0x7fa496287a90>,<function <lambda> at 0x7fa496287b30>
16815,2021-12-01 14:00:00,<function <lambda> at 0x7fa4962879f0>,<function <lambda> at 0x7fa496287a90>,<function <lambda> at 0x7fa496287b30>
16816,2021-12-01 15:00:00,<function <lambda> at 0x7fa4962879f0>,<function <lambda> at 0x7fa496287a90>,<function <lambda> at 0x7fa496287b30>
16817,2021-12-01 16:00:00,<function <lambda> at 0x7fa4962879f0>,<function <lambda> at 0x7fa496287a90>,<function <lambda> at 0x7fa496287b30>
16818,2021-12-01 17:00:00,<function <lambda> at 0x7fa4962879f0>,<function <lambda> at 0x7fa496287a90>,<function <lambda> at 0x7fa496287b30>
16819,2021-12-01 18:00:00,<function <lambda> at 0x7fa4962879f0>,<function <lambda> at 0x7fa496287a90>,<function <lambda> at 0x7fa496287b30>
16820,2021-12-01 19:00:00,<function <lambda> at 0x7fa4962879f0>,<function <lambda> at 0x7fa496287a90>,<function <lambda> at 0x7fa496287b30>
16821,2021-12-01 20:00:00,<function <lambda> at 0x7fa4962879f0>,<function <lambda> at 0x7fa496287a90>,<function <lambda> at 0x7fa496287b30>
16822,2021-12-01 21:00:00,<function <lambda> at 0x7fa4962879f0>,<function <lambda> at 0x7fa496287a90>,<function <lambda> at 0x7fa496287b30>
16823,2021-12-01 22:00:00,<function <lambda> at 0x7fa4962879f0>,<function <lambda> at 0x7fa496287a90>,<function <lambda> at 0x7fa496287b30>
16824,2021-12-01 23:00:00,<function <lambda> at 0x7fa4962879f0>,<function <lambda> at 0x7fa496287a90>,<function <lambda> at 0x7fa496287b30>
16825,2021-12-02 00:00:00,<function <lambda> at 0x7fa4962879f0>,<function <lambda> at 0x7fa496287a90>,<function <lambda> at 0x7fa496287b30>
16826,2021-12-02 01:00:00,<function <lambda> at 0x7fa4962879f0>,<function <lambda> at 0x7fa496287a90>,<function <lambda> at 0x7fa496287b30>
16827,2021-12-02 02:00:00,<function <lambda> at 0x7fa4962879f0>,<function <lambda> at 0x7fa496287a90>,<function <lambda> at 0x7fa496287b30>
16828,2021-12-02 03:00:00,<function <lambda> at 0x7fa4962879f0>,<function <lambda> at 0x7fa496287a90>,<function <lambda> at 0x7fa496287b30>
16829,2021-12-02 04:00:00,<function <lambda> at 0x7fa4962879f0>,<function <lambda> at 0x7fa496287a90>,<function <lambda> at 0x7fa496287b30>
16830,2021-12-02 05:00:00,<function <lambda> at 0x7fa4962879f0>,<function <lambda> at 0x7fa496287a90>,<function <lambda> at 0x7fa496287b30>
16831,2021-12-02 06:00:00,<function <lambda> at 0x7fa4962879f0>,<function <lambda> at 0x7fa496287a90>,<function <lambda> at 0x7fa496287b30>
16832,2021-12-02 07:00:00,<function <lambda> at 0x7fa4962879f0>,<function <lambda> at 0x7fa496287a90>,<function <lambda> at 0x7fa496287b30>
16833,2021-12-02 08:00:00,<function <lambda> at 0x7fa4962879f0>,<function <lambda> at 0x7fa496287a90>,<function <lambda> at 0x7fa496287b30>
16834,2021-12-02 09:00:00,<function <lambda> at 0x7fa4962879f0>,<function <lambda> at 0x7fa496287a90>,<function <lambda> at 0x7fa496287b30>
16835,2021-12-02 10:00:00,<function <lambda> at 0x7fa4962879f0>,<function <lambda> at 0x7fa496287a90>,<function <lambda> at 0x7fa496287b30>
16836,2021-12-02 11:00:00,<function <lambda> at 0x7fa4962879f0>,<function <lambda> at 0x7fa496287a90>,<function <lambda> at 0x7fa496287b30>
16837,2021-12-02 12:00:00,<function <lambda> at 0x7fa4962879f0>,<function <lambda> at 0x7fa496287a90>,<function <lambda> at 0x7fa496287b30>
16838,2021-12-02 13:00:00,<function <lambda> at 0x7fa4962879f0>,<function <lambda> at 0x7fa496287a90>,<function <lambda> at 0x7fa496287b30>
16839,2021-12-02 14:00:00,<function <lambda> at 0x7fa4962879f0>,<function <lambda> at 0x7fa496287a90>,<function <lambda> at 0x7fa496287b30>
16840,2021-12-02 15:00:00,<function <lambda> at 0x7fa4962879f0>,<function <lambda> at 0x7fa496287a90>,<function <lambda> at 0x7fa496287b30>
16841,2021-12-02 16:00:00,<function <lambda> at 0x7fa4962879f0>,<function <lambda> at 0x7fa496287a90>,<function <lambda> at 0x7fa496287b30>
16842,2021-12-02 17:00:00,<function <lambda> at 0x7fa4962879f0>,<function <lambda> at 0x7fa496287a90>,<function <lambda> at 0x7fa496287b30>
16843,2021-12-02 18:00:00,<function <lambda> at 0x7fa4962879f0>,<function <lambda> at 0x7fa496287a90>,<function <lambda> at 0x7fa496287b30>
16844,2021-12-02 19:00:00,<function <lambda> at 0x7fa4962879f0>,<function <lambda> at 0x7fa496287a90>,<function <lambda> at 0x7fa496287b30>
16845,2021-12-02 20:00:00,<function <lambda> at 0x7fa4962879f0>,<function <lambda> at 0x7fa496287a90>,<function <lambda> at 0x7fa496287b30>
16846,2021-12-02 21:00:00,<function <lambda> at 0x7fa4962879f0>,<function <lambda> at 0x7fa496287a90>,<function <lambda> at 0x7fa496287b30>
16847,2021-12-02 22:00:00,<function <lambda> at 0x7fa4962879f0>,<function <lambda> at 0x7fa496287a90>,<function <lambda> at 0x7fa496287b30>
16848,2021-12-02 23:00:00,<function <lambda> at 0x7fa4962879f0>,<function <lambda> at 0x7fa496287a90>,<function <lambda> at 0x7fa496287b30>
16849,2021-12-03 00:00:00,<function <lambda> at 0x7fa4962879f0>,<function <lambda> at 0x7fa496287a90>,<function <lambda> at 0x7fa496287b30>
16850,2021-12-03 01:00:00,<function <lambda> at 0x7fa4962879f0>,<function <lambda> at 0x7fa496287a90>,<function <lambda> at 0x7fa496287b30>
16851,2021-12-03 02:00:00,<function <lambda> at 0x7fa4962879f0>,<function <lambda> at 0x7fa496287a90>,<function <lambda> at 0x7fa496287b30>
16852,2021-12-03 03:00:00,<function <lambda> at 0x7fa4962879f0>,<function <lambda> at 0x7fa496287a90>,<function <lambda> at 0x7fa496287b30>
16853,2021-12-03 04:00:00,<function <lambda> at 0x7fa4962879f0>,<function <lambda> at 0x7fa496287a90>,<function <lambda> at 0x7fa496287b30>
16854,2021-12-03 05:00:00,<function <lambda> at 0x7fa4962879f0>,<function <lambda> at 0x7fa496287a90>,<function <lambda> at 0x7fa496287b30>
16855,2021-12-03 06:00:00,<function <lambda> at 0x7fa4962879f0>,<function <lambda> at 0x7fa496287a90>,<function <lambda> at 0x7fa496287b30>
16856,2021-12-03 07:00:00,<function <lambda> at 0x7fa4962879f0>,<function <lambda> at 0x7fa496287a90>,<function <lambda> at 0x7fa496287b30>
16857,2021-12-03 08:00:00,<function <lambda> at 0x7fa4962879f0>,<function <lambda> at 0x7fa496287a90>,<function <lambda> at 0x7fa496287b30>
16858,2021-12-03 09:00:00,<function <lambda> at 0x7fa4962879f0>,<function <lambda> at 0x7fa496287a90>,<function <lambda> at 0x7fa496287b30>
16859,2021-12-03 10:00:00,<function <lambda> at 0x7fa4962879f0>,<function <lambda> at 0x7fa496287a90>,<function <lambda> at 0x7fa496287b30>
16860,2021-12-03 11:00:00,<function <lambda> at 0x7fa4962879f0>,<function <lambda> at 0x7fa496287a90>,<function <lambda> at 0x7fa496287b30>
16861,2021-12-03 12:00:00,<function <lambda> at 0x7fa4962879f0>,<function <lambda> at 0x7fa496287a90>,<function <lambda> at 0x7fa496287b30>
16862,2021-12-03 13:00:00,<function <lambda> at 0x7fa4962879f0>,<function <lambda> at 0x7fa496287a90>,<function <lambda> at 0x7fa496287b30>
16863,2021-12-03 14:00:00,<function <lambda> at 0x7fa4962879f0>,<function <lambda> at 0x7fa496287a90>,<function <lambda> at 0x7fa496287b30>
16864,2021-12-03 15:00:00,<function <lambda> at 0x7fa4962879f0>,<function <lambda> at 0x7fa496287a90>,<function <lambda> at 0x7fa496287b30>
16865,2021-12-03 16:00:00,<function <lambda> at 0x7fa4962879f0>,<function <lambda> at 0x7fa496287a90>,<function <lambda> at 0x7fa496287b30>
16866,2021-12-03 17:00:00,<function <lambda> at 0x7fa4962879f0>,<function <lambda> at 0x7fa496287a90>,<function <lambda> at 0x7fa496287b30>
16867,2021-12-03 18:00:00,<function <lambda> at 0x7fa4962879f0>,<function <lambda> at 0x7fa496287a90>,<function <lambda> at 0x7fa496287b30>
16868,2021-12-03 19:00:00,<function <lambda> at 0x7fa4962879f0>,<function <lambda> at 0x7fa496287a90>,<function <lambda> at 0x7fa496287b30>
16869,2021-12-03 20:00:00,<function <lambda> at 0x7fa4962879f0>,<function <lambda> at 0x7fa496287a90>,<function <lambda> at 0x7fa496287b30>
16870,2021-12-03 21:00:00,<function <lambda> at 0x7fa4962879f0>,<function <lambda> at 0x7fa496287a90>,<function <lambda> at 0x7fa496287b30>
16871,2021-12-03 22:00:00,<function <lambda> at 0x7fa4962879f0>,<function <lambda> at 0x7fa496287a90>,<function <lambda> at 0x7fa496287b30>
16872,2021-12-03 23:00:00,<function <lambda> at 0x7fa4962879f0>,<function <lambda> at 0x7fa496287a90>,<function <lambda> at 0x7fa496287b30>
16873,2021-12-04 00:00:00,<function <lambda> at 0x7fa4962879f0>,<function <lambda> at 0x7fa496287a90>,<function <lambda> at 0x7fa496287b30>
16874,2021-12-04 01:00:00,<function <lambda> at 0x7fa4962879f0>,<function <lambda> at 0x7fa496287a90>,<function <lambda> at 0x7fa496287b30>
16875,2021-12-04 02:00:00,<function <lambda> at 0x7fa4962879f0>,<function <lambda> at 0x7fa496287a90>,<function <lambda> at 0x7fa496287b30>
16876,2021-12-04 03:00:00,<function <lambda> at 0x7fa4962879f0>,<function <lambda> at 0x7fa496287a90>,<function <lambda> at 0x7fa496287b30>
16877,2021-12-04 04:00:00,<function <lambda> at 0x7fa4962879f0>,<function <lambda> at 0x7fa496287a90>,<function <lambda> at 0x7fa496287b30>
16878,2021-12-04 05:00:00,<function <lambda> at 0x7fa4962879f0>,<function <lambda> at 0x7fa496287a90>,<function <lambda> at 0x7fa496287b30>
16879,2021-12-04 06:00:00,<function <lambda> at 0x7fa4962879f0>,<function <lambda> at 0x7fa496287a90>,<function <lambda> at 0x7fa496287b30>
16880,2021-12-04 07:00:00,<function <lambda> at 0x7fa4962879f0>,<function <lambda> at 0x7fa496287a90>,<function <lambda> at 0x7fa496287b30>
16881,2021-12-04 08:00:00,<function <lambda> at 0x7fa4962879f0>,<function <lambda> at 0x7fa496287a90>,<function <lambda> at 0x7fa496287b30>
16882,2021-12-04 09:00:00,<function <lambda> at 0x7fa4962879f0>,<function <lambda> at 0x7fa496287a90>,<function <lambda> at 0x7fa496287b30>
16883,2021-12-04 10:00:00,<function <lambda> at 0x7fa4962879f0>,<function <lambda> at 0x7fa496287a90>,<function <lambda> at 0x7fa496287b30>
16884,2021-12-04 11:00:00,<function <lambda> at 0x7fa4962879f0>,<function <lambda> at 0x7fa496287a90>,<function <lambda> at 0x7fa496287b30>
16885,2021-12-04 12:00:00,<function <lambda> at 0x7fa4962879f0>,<function <lambda> at 0x7fa496287a90>,<function <lambda> at 0x7fa496287b30>
16886,2021-12-04 13:00:00,<function <lambda> at 0x7fa4962879f0>,<function <lambda> at 0x7fa496287a90>,<function <lambda> at 0x7fa496287b30>
16887,2021-12-04 14:00:00,<function <lambda> at 0x7fa4962879f0>,<function <lambda> at 0x7fa496287a90>,<function <lambda> at 0x7fa496287b30>
16888,2021-12-04 15:00:00,<function <lambda> at 0x7fa4962879f0>,<function <lambda> at 0x7fa496287a90>,<function <lambda> at 0x7fa496287b30>
16889,2021-12-04 16:00:00,<function <lambda> at 0x7fa4962879f0>,<function <lambda> at 0x7fa496287a90>,<function <lambda> at 0x7fa496287b30>
16890,2021-12-04 17:00:00,<function <lambda> at 0x7fa4962879f0>,<function <lambda> at 0x7fa496287a90>,<function <lambda> at 0x7fa496287b30>
16891,2021-12-04 18:00:00,<function <lambda> at 0x7fa4962879f0>,<function <lambda> at 0x7fa496287a90>,<function <lambda> at 0x7fa496287b30>
16892,2021-12-04 19:00:00,<function <lambda> at 0x7fa4962879f0>,<function <lambda> at 0x7fa496287a90>,<function <lambda> at 0x7fa496287b30>
16893,2021-12-04 20:00:00,<function <lambda> at 0x7fa4962879f0>,<function <lambda> at 0x7fa496287a90>,<function <lambda> at 0x7fa496287b30>
16894,2021-12-04 21:00:00,<function <lambda> at 0x7fa4962879f0>,<function <lambda> at 0x7fa496287a90>,<function <lambda> at 0x7fa496287b30>
16895,2021-12-04 22:00:00,<function <lambda> at 0x7fa4962879f0>,<function <lambda> at 0x7fa496287a90>,<function <lambda> at 0x7fa496287b30>
16896,2021-12-04 23:00:00,<function <lambda> at 0x7fa4962879f0>,<function <lambda> at 0x7fa496287a90>,<function <lambda> at 0x7fa496287b30>
16897,2021-12-05 00:00:00,<function <lambda> at 0x7fa4962879f0>,<function <lambda> at 0x7fa496287a90>,<function <lambda> at 0x7fa496287b30>
16898,2021-12-05 01:00:00,<function <lambda> at 0x7fa4962879f0>,<function <lambda> at 0x7fa496287a90>,<function <lambda> at 0x7fa496287b30>
16899,2021-12-05 02:00:00,<function <lambda> at 0x7fa4962879f0>,<function <lambda> at 0x7fa496287a90>,<function <lambda> at 0x7fa496287b30>
16900,2021-12-05 03:00:00,<function <lambda> at 0x7fa4962879f0>,<function <lambda> at 0x7fa496287a90>,<function <lambda> at 0x7fa496287b30>
16901,2021-12-05 04:00:00,<function <lambda> at 0x7fa4962879f0>,<function <lambda> at 0x7fa496287a90>,<function <lambda> at 0x7fa496287b30>
16902,2021-12-05 05:00:00,<function <lambda> at 0x7fa4962879f0>,<function <lambda> at 0x7fa496287a90>,<function <lambda> at 0x7fa496287b30>
16903,2021-12-05 06:00:00,<function <lambda> at 0x7fa4962879f0>,<function <lambda> at 0x7fa496287a90>,<function <lambda> at 0x7fa496287b30>
16904,2021-12-05 07:00:00,<function <lambda> at 0x7fa4962879f0>,<function <lambda> at 0x7fa496287a90>,<function <lambda> at 0x7fa496287b30>
16905,2021-12-05 08:00:00,<function <lambda> at 0x7fa4962879f0>,<function <lambda> at 0x7fa496287a90>,<function <lambda> at 0x7fa496287b30>
16906,2021-12-05 09:00:00,<function <lambda> at 0x7fa4962879f0>,<function <lambda> at 0x7fa496287a90>,<function <lambda> at 0x7fa496287b30>
16907,2021-12-05 10:00:00,<function <lambda> at 0x7fa4962879f0>,<function <lambda> at 0x7fa496287a90>,<function <lambda> at 0x7fa496287b30>
16908,2021-12-05 11:00:00,<function <lambda> at 0x7fa4962879f0>,<function <lambda> at 0x7fa496287a90>,<function <lambda> at 0x7fa496287b30>
16909,2021-12-05 12:00:00,<function <lambda> at 0x7fa4962879f0>,<function <lambda> at 0x7fa496287a90>,<function <lambda> at 0x7fa496287b30>
16910,2021-12-05 13:00:00,<function <lambda> at 0x7fa4962879f0>,<function <lambda> at 0x7fa496287a90>,<function <lambda> at 0x7fa496287b30>
16911,2021-12-05 14:00:00,<function <lambda> at 0x7fa4962879f0>,<function <lambda> at 0x7fa496287a90>,<function <lambda> at 0x7fa496287b30>
16912,2021-12-05 15:00:00,<function <lambda> at 0x7fa4962879f0>,<function <lambda> at 0x7fa496287a90>,<function <lambda> at 0x7fa496287b30>
16913,2021-12-05 16:00:00,<function <lambda> at 0x7fa4962879f0>,<function <lambda> at 0x7fa496287a90>,<function <lambda> at 0x7fa496287b30>
16914,2021-12-05 17:00:00,<function <lambda> at 0x7fa4962879f0>,<function <lambda> at 0x7fa496287a90>,<function <lambda> at 0x7fa496287b30>
16915,2021-12-05 18:00:00,<function <lambda> at 0x7fa4962879f0>,<function <lambda> at 0x7fa496287a90>,<function <lambda> at 0x7fa496287b30>
16916,2021-12-05 19:00:00,<function <lambda> at 0x7fa4962879f0>,<function <lambda> at 0x7fa496287a90>,<function <lambda> at 0x7fa496287b30>
16917,2021-12-05 20:00:00,<function <lambda> at 0x7fa4962879f0>,<function <lambda> at 0x7fa496287a90>,<function <lambda> at 0x7fa496287b30>
16918,2021-12-05 21:00:00,<function <lambda> at 0x7fa4962879f0>,<function <lambda> at 0x7fa496287a90>,<function <lambda> at 0x7fa496287b30>
16919,2021-12-05 22:00:00,<function <lambda> at 0x7fa4962879f0>,<function <lambda> at 0x7fa496287a90>,<function <lambda> at 0x7fa496287b30>
16920,2021-12-05 23:00:00,<function <lambda> at 0x7fa4962879f0>,<function <lambda> at 0x7fa496287a90>,<function <lambda> at 0x7fa496287b30>
16921,2021-12-06 00:00:00,<function <lambda> at 0x7fa4962879f0>,<function <lambda> at 0x7fa496287a90>,<function <lambda> at 0x7fa496287b30>
16922,2021-12-06 01:00:00,<function <lambda> at 0x7fa4962879f0>,<function <lambda> at 0x7fa496287a90>,<function <lambda> at 0x7fa496287b30>
16923,2021-12-06 02:00:00,<function <lambda> at 0x7fa4962879f0>,<function <lambda> at 0x7fa496287a90>,<function <lambda> at 0x7fa496287b30>
16924,2021-12-06 03:00:00,<function <lambda> at 0x7fa4962879f0>,<function <lambda> at 0x7fa496287a90>,<function <lambda> at 0x7fa496287b30>
16925,2021-12-06 04:00:00,<function <lambda> at 0x7fa4962879f0>,<function <lambda> at 0x7fa496287a90>,<function <lambda> at 0x7fa496287b30>
16926,2021-12-06 05:00:00,<function <lambda> at 0x7fa4962879f0>,<function <lambda> at 0x7fa496287a90>,<function <lambda> at 0x7fa496287b30>
16927,2021-12-06 06:00:00,<function <lambda> at 0x7fa4962879f0>,<function <lambda> at 0x7fa496287a90>,<function <lambda> at 0x7fa496287b30>
16928,2021-12-06 07:00:00,<function <lambda> at 0x7fa4962879f0>,<function <lambda> at 0x7fa496287a90>,<function <lambda> at 0x7fa496287b30>
16929,2021-12-06 08:00:00,<function <lambda> at 0x7fa4962879f0>,<function <lambda> at 0x7fa496287a90>,<function <lambda> at 0x7fa496287b30>
16930,2021-12-06 09:00:00,<function <lambda> at 0x7fa4962879f0>,<function <lambda> at 0x7fa496287a90>,<function <lambda> at 0x7fa496287b30>
16931,2021-12-06 10:00:00,<function <lambda> at 0x7fa4962879f0>,<function <lambda> at 0x7fa496287a90>,<function <lambda> at 0x7fa496287b30>
16932,2021-12-06 11:00:00,<function <lambda> at 0x7fa4962879f0>,<function <lambda> at 0x7fa496287a90>,<function <lambda> at 0x7fa496287b30>
16933,2021-12-06 12:00:00,<function <lambda> at 0x7fa4962879f0>,<function <lambda> at 0x7fa496287a90>,<function <lambda> at 0x7fa496287b30>
16934,2021-12-06 13:00:00,<function <lambda> at 0x7fa4962879f0>,<function <lambda> at 0x7fa496287a90>,<function <lambda> at 0x7fa496287b30>
16935,2021-12-06 14:00:00,<function <lambda> at 0x7fa4962879f0>,<function <lambda> at 0x7fa496287a90>,<function <lambda> at 0x7fa496287b30>
16936,2021-12-06 15:00:00,<function <lambda> at 0x7fa4962879f0>,<function <lambda> at 0x7fa496287a90>,<function <lambda> at 0x7fa496287b30>
16937,2021-12-06 16:00:00,<function <lambda> at 0x7fa4962879f0>,<function <lambda> at 0x7fa496287a90>,<function <lambda> at 0x7fa496287b30>
16938,2021-12-06 17:00:00,<function <lambda> at 0x7fa4962879f0>,<function <lambda> at 0x7fa496287a90>,<function <lambda> at 0x7fa496287b30>
16939,2021-12-06 18:00:00,<function <lambda> at 0x7fa4962879f0>,<function <lambda> at 0x7fa496287a90>,<function <lambda> at 0x7fa496287b30>
16940,2021-12-06 19:00:00,<function <lambda> at 0x7fa4962879f0>,<function <lambda> at 0x7fa496287a90>,<function <lambda> at 0x7fa496287b30>
16941,2021-12-06 20:00:00,<function <lambda> at 0x7fa4962879f0>,<function <lambda> at 0x7fa496287a90>,<function <lambda> at 0x7fa496287b30>
16942,2021-12-06 21:00:00,<function <lambda> at 0x7fa4962879f0>,<function <lambda> at 0x7fa496287a90>,<function <lambda> at 0x7fa496287b30>
16943,2021-12-06 22:00:00,<function <lambda> at 0x7fa4962879f0>,<function <lambda> at 0x7fa496287a90>,<function <lambda> at 0x7fa496287b30>
16944,2021-12-06 23:00:00,<function <lambda> at 0x7fa4962879f0>,<function <lambda> at 0x7fa496287a90>,<function <lambda> at 0x7fa496287b30>
16945,2021-12-07 00:00:00,<function <lambda> at 0x7fa4962879f0>,<function <lambda> at 0x7fa496287a90>,<function <lambda> at 0x7fa496287b30>
16946,2021-12-07 01:00:00,<function <lambda> at 0x7fa4962879f0>,<function <lambda> at 0x7fa496287a90>,<function <lambda> at 0x7fa496287b30>
16947,2021-12-07 02:00:00,<function <lambda> at 0x7fa4962879f0>,<function <lambda> at 0x7fa496287a90>,<function <lambda> at 0x7fa496287b30>
16948,2021-12-07 03:00:00,<function <lambda> at 0x7fa4962879f0>,<function <lambda> at 0x7fa496287a90>,<function <lambda> at 0x7fa496287b30>
16949,2021-12-07 04:00:00,<function <lambda> at 0x7fa4962879f0>,<function <lambda> at 0x7fa496287a90>,<function <lambda> at 0x7fa496287b30>
16950,2021-12-07 05:00:00,<function <lambda> at 0x7fa4962879f0>,<function <lambda> at 0x7fa496287a90>,<function <lambda> at 0x7fa496287b30>
16951,2021-12-07 06:00:00,<function <lambda> at 0x7fa4962879f0>,<function <lambda> at 0x7fa496287a90>,<function <lambda> at 0x7fa496287b30>
16952,2021-12-07 07:00:00,<function <lambda> at 0x7fa4962879f0>,<function <lambda> at 0x7fa496287a90>,<function <lambda> at 0x7fa496287b30>
16953,2021-12-07 08:00:00,<function <lambda> at 0x7fa4962879f0>,<function <lambda> at 0x7fa496287a90>,<function <lambda> at 0x7fa496287b30>
16954,2021-12-07 09:00:00,<function <lambda> at 0x7fa4962879f0>,<function <lambda> at 0x7fa496287a90>,<function <lambda> at 0x7fa496287b30>
16955,2021-12-07 10:00:00,<function <lambda> at 0x7fa4962879f0>,<function <lambda> at 0x7fa496287a90>,<function <lambda> at 0x7fa496287b30>
16956,2021-12-07 11:00:00,<function <lambda> at 0x7fa4962879f0>,<function <lambda> at 0x7fa496287a90>,<function <lambda> at 0x7fa496287b30>
16957,2021-12-07 12:00:00,<function <lambda> at 0x7fa4962879f0>,<function <lambda> at 0x7fa496287a90>,<function <lambda> at 0x7fa496287b30>
16958,2021-12-07 13:00:00,<function <lambda> at 0x7fa4962879f0>,<function <lambda> at 0x7fa496287a90>,<function <lambda> at 0x7fa496287b30>
16959,2021-12-07 14:00:00,<function <lambda> at 0x7fa4962879f0>,<function <lambda> at 0x7fa496287a90>,<function <lambda> at 0x7fa496287b30>
16960,2021-12-07 15:00:00,<function <lambda> at 0x7fa4962879f0>,<function <lambda> at 0x7fa496287a90>,<function <lambda> at 0x7fa496287b30>
16961,2021-12-07 16:00:00,<function <lambda> at 0x7fa4962879f0>,<function <lambda> at 0x7fa496287a90>,<function <lambda> at 0x7fa496287b30>
16962,2021-12-07 17:00:00,<function <lambda> at 0x7fa4962879f0>,<function <lambda> at 0x7fa496287a90>,<function <lambda> at 0x7fa496287b30>
16963,2021-12-07 18:00:00,<function <lambda> at 0x7fa4962879f0>,<function <lambda> at 0x7fa496287a90>,<function <lambda> at 0x7fa496287b30>
16964,2021-12-07 19:00:00,<function <lambda> at 0x7fa4962879f0>,<function <lambda> at 0x7fa496287a90>,<function <lambda> at 0x7fa496287b30>
16965,2021-12-07 20:00:00,<function <lambda> at 0x7fa4962879f0>,<function <lambda> at 0x7fa496287a90>,<function <lambda> at 0x7fa496287b30>
16966,2021-12-07 21:00:00,<function <lambda> at 0x7fa4962879f0>,<function <lambda> at 0x7fa496287a90>,<function <lambda> at 0x7fa496287b30>
16967,2021-12-07 22:00:00,<function <lambda> at 0x7fa4962879f0>,<function <lambda> at 0x7fa496287a90>,<function <lambda> at 0x7fa496287b30>
16968,2021-12-07 23:00:00,<function <lambda> at 0x7fa4962879f0>,<function <lambda> at 0x7fa496287a90>,<function <lambda> at 0x7fa496287b30>
16969,2021-12-08 00:00:00,<function <lambda> at 0x7fa4962879f0>,<function <lambda> at 0x7fa496287a90>,<function <lambda> at 0x7fa496287b30>
16970,2021-12-08 01:00:00,<function <lambda> at 0x7fa4962879f0>,<function <lambda> at 0x7fa496287a90>,<function <lambda> at 0x7fa496287b30>
16971,2021-12-08 02:00:00,<function <lambda> at 0x7fa4962879f0>,<function <lambda> at 0x7fa496287a90>,<function <lambda> at 0x7fa496287b30>
16972,2021-12-08 03:00:00,<function <lambda> at 0x7fa4962879f0>,<function <lambda> at 0x7fa496287a90>,<function <lambda> at 0x7fa496287b30>
16973,2021-12-08 04:00:00,<function <lambda> at 0x7fa4962879f0>,<function <lambda> at 0x7fa496287a90>,<function <lambda> at 0x7fa496287b30>
16974,2021-12-08 05:00:00,<function <lambda> at 0x7fa4962879f0>,<function <lambda> at 0x7fa496287a90>,<function <lambda> at 0x7fa496287b30>
16975,2021-12-08 06:00:00,<function <lambda> at 0x7fa4962879f0>,<function <lambda> at 0x7fa496287a90>,<function <lambda> at 0x7fa496287b30>
16976,2021-12-08 07:00:00,<function <lambda> at 0x7fa4962879f0>,<function <lambda> at 0x7fa496287a90>,<function <lambda> at 0x7fa496287b30>
16977,2021-12-08 08:00:00,<function <lambda> at 0x7fa4962879f0>,<function <lambda> at 0x7fa496287a90>,<function <lambda> at 0x7fa496287b30>
16978,2021-12-08 09:00:00,<function <lambda> at 0x7fa4962879f0>,<function <lambda> at 0x7fa496287a90>,<function <lambda> at 0x7fa496287b30>
16979,2021-12-08 10:00:00,<function <lambda> at 0x7fa4962879f0>,<function <lambda> at 0x7fa496287a90>,<function <lambda> at 0x7fa496287b30>
16980,2021-12-08 11:00:00,<function <lambda> at 0x7fa4962879f0>,<function <lambda> at 0x7fa496287a90>,<function <lambda> at 0x7fa496287b30>
16981,2021-12-08 12:00:00,<function <lambda> at 0x7fa4962879f0>,<function <lambda> at 0x7fa496287a90>,<function <lambda> at 0x7fa496287b30>
16982,2021-12-08 13:00:00,<function <lambda> at 0x7fa4962879f0>,<function <lambda> at 0x7fa496287a90>,<function <lambda> at 0x7fa496287b30>
16983,2021-12-08 14:00:00,<function <lambda> at 0x7fa4962879f0>,<function <lambda> at 0x7fa496287a90>,<function <lambda> at 0x7fa496287b30>
16984,2021-12-08 15:00:00,<function <lambda> at 0x7fa4962879f0>,<function <lambda> at 0x7fa496287a90>,<function <lambda> at 0x7fa496287b30>
16985,2021-12-08 16:00:00,<function <lambda> at 0x7fa4962879f0>,<function <lambda> at 0x7fa496287a90>,<function <lambda> at 0x7fa496287b30>
16986,2021-12-08 17:00:00,<function <lambda> at 0x7fa4962879f0>,<function <lambda> at 0x7fa496287a90>,<function <lambda> at 0x7fa496287b30>
16987,2021-12-08 18:00:00,<function <lambda> at 0x7fa4962879f0>,<function <lambda> at 0x7fa496287a90>,<function <lambda> at 0x7fa496287b30>
16988,2021-12-08 19:00:00,<function <lambda> at 0x7fa4962879f0>,<function <lambda> at 0x7fa496287a90>,<function <lambda> at 0x7fa496287b30>
16989,2021-12-08 20:00:00,<function <lambda> at 0x7fa4962879f0>,<function <lambda> at 0x7fa496287a90>,<function <lambda> at 0x7fa496287b30>
16990,2021-12-08 21:00:00,<function <lambda> at 0x7fa4962879f0>,<function <lambda> at 0x7fa496287a90>,<function <lambda> at 0x7fa496287b30>
16991,2021-12-08 22:00:00,<function <lambda> at 0x7fa4962879f0>,<function <lambda> at 0x7fa496287a90>,<function <lambda> at 0x7fa496287b30>
16992,2021-12-08 23:00:00,<function <lambda> at 0x7fa4962879f0>,<function <lambda> at 0x7fa496287a90>,<function <lambda> at 0x7fa496287b30>
16993,2021-12-09 00:00:00,<function <lambda> at 0x7fa4962879f0>,<function <lambda> at 0x7fa496287a90>,<function <lambda> at 0x7fa496287b30>
16994,2021-12-09 01:00:00,<function <lambda> at 0x7fa4962879f0>,<function <lambda> at 0x7fa496287a90>,<function <lambda> at 0x7fa496287b30>
16995,2021-12-09 02:00:00,<function <lambda> at 0x7fa4962879f0>,<function <lambda> at 0x7fa496287a90>,<function <lambda> at 0x7fa496287b30>
16996,2021-12-09 03:00:00,<function <lambda> at 0x7fa4962879f0>,<function <lambda> at 0x7fa496287a90>,<function <lambda> at 0x7fa496287b30>
16997,2021-12-09 04:00:00,<function <lambda> at 0x7fa4962879f0>,<function <lambda> at 0x7fa496287a90>,<function <lambda> at 0x7fa496287b30>
16998,2021-12-09 05:00:00,<function <lambda> at 0x7fa4962879f0>,<function <lambda> at 0x7fa496287a90>,<function <lambda> at 0x7fa496287b30>
16999,2021-12-09 06:00:00,<function <lambda> at 0x7fa4962879f0>,<function <lambda> at 0x7fa496287a90>,<function <lambda> at 0x7fa496287b30>
17000,2021-12-09 07:00:00,<function <lambda> at 0x7fa4962879f0>,<function <lambda> at 0x7fa496287a90>,<function <lambda> at 0x7fa496287b30>
17001,2021-12-09 08:00:00,<function <lambda> at 0x7fa4962879f0>,<function <lambda> at 0x7fa496287a90>,<function <lambda> at 0x7fa496287b30>
17002,2021-12-09 09:00:00,<function <lambda> at 0x7fa4962879f0>,<function <lambda> at 0x7fa496287a90>,<function <lambda> at 0x7fa496287b30>
17003,2021-12-09 10:00:00,<function <lambda> at 0x7fa4962879f0>,<function <lambda> at 0x7fa496287a90>,<function <lambda> at 0x7fa496287b30>
17004,2021-12-09 11:00:00,<function <lambda> at 0x7fa4962879f0>,<function <lambda> at 0x7fa496287a90>,<function <lambda> at 0x7fa496287b30>
17005,2021-12-09 12:00:00,<function <lambda> at 0x7fa4962879f0>,<function <lambda> at 0x7fa496287a90>,<function <lambda> at 0x7fa496287b30>
17006,2021-12-09 13:00:00,<function <lambda> at 0x7fa4962879f0>,<function <lambda> at 0x7fa496287a90>,<function <lambda> at 0x7fa496287b30>
17007,2021-12-09 14:00:00,<function <lambda> at 0x7fa4962879f0>,<function <lambda> at 0x7fa496287a90>,<function <lambda> at 0x7fa496287b30>
17008,2021-12-09 15:00:00,<function <lambda> at 0x7fa4962879f0>,<function <lambda> at 0x7fa496287a90>,<function <lambda> at 0x7fa496287b30>
17009,2021-12-09 16:00:00,<function <lambda> at 0x7fa4962879f0>,<function <lambda> at 0x7fa496287a90>,<function <lambda> at 0x7fa496287b30>
17010,2021-12-09 17:00:00,<function <lambda> at 0x7fa4962879f0>,<function <lambda> at 0x7fa496287a90>,<function <lambda> at 0x7fa496287b30>
17011,2021-12-09 18:00:00,<function <lambda> at 0x7fa4962879f0>,<function <lambda> at 0x7fa496287a90>,<function <lambda> at 0x7fa496287b30>
17012,2021-12-09 19:00:00,<function <lambda> at 0x7fa4962879f0>,<function <lambda> at 0x7fa496287a90>,<function <lambda> at 0x7fa496287b30>
17013,2021-12-09 20:00:00,<function <lambda> at 0x7fa4962879f0>,<function <lambda> at 0x7fa496287a90>,<function <lambda> at 0x7fa496287b30>
17014,2021-12-09 21:00:00,<function <lambda> at 0x7fa4962879f0>,<function <lambda> at 0x7fa496287a90>,<function <lambda> at 0x7fa496287b30>
17015,2021-12-09 22:00:00,<function <lambda> at 0x7fa4962879f0>,<function <lambda> at 0x7fa496287a90>,<function <lambda> at 0x7fa496287b30>
17016,2021-12-09 23:00:00,<function <lambda> at 0x7fa4962879f0>,<function <lambda> at 0x7fa496287a90>,<function <lambda> at 0x7fa496287b30>
17017,2021-12-10 00:00:00,<function <lambda> at 0x7fa4962879f0>,<function <lambda> at 0x7fa496287a90>,<function <lambda> at 0x7fa496287b30>
17018,2021-12-10 01:00:00,<function <lambda> at 0x7fa4962879f0>,<function <lambda> at 0x7fa496287a90>,<function <lambda> at 0x7fa496287b30>
17019,2021-12-10 02:00:00,<function <lambda> at 0x7fa4962879f0>,<function <lambda> at 0x7fa496287a90>,<function <lambda> at 0x7fa496287b30>
17020,2021-12-10 03:00:00,<function <lambda> at 0x7fa4962879f0>,<function <lambda> at 0x7fa496287a90>,<function <lambda> at 0x7fa496287b30>
17021,2021-12-10 04:00:00,<function <lambda> at 0x7fa4962879f0>,<function <lambda> at 0x7fa496287a90>,<function <lambda> at 0x7fa496287b30>
17022,2021-12-10 05:00:00,<function <lambda> at 0x7fa4962879f0>,<function <lambda> at 0x7fa496287a90>,<function <lambda> at 0x7fa496287b30>
17023,2021-12-10 06:00:00,<function <lambda> at 0x7fa4962879f0>,<function <lambda> at 0x7fa496287a90>,<function <lambda> at 0x7fa496287b30>
17024,2021-12-10 07:00:00,<function <lambda> at 0x7fa4962879f0>,<function <lambda> at 0x7fa496287a90>,<function <lambda> at 0x7fa496287b30>
17025,2021-12-10 08:00:00,<function <lambda> at 0x7fa4962879f0>,<function <lambda> at 0x7fa496287a90>,<function <lambda> at 0x7fa496287b30>
17026,2021-12-10 09:00:00,<function <lambda> at 0x7fa4962879f0>,<function <lambda> at 0x7fa496287a90>,<function <lambda> at 0x7fa496287b30>
17027,2021-12-10 10:00:00,<function <lambda> at 0x7fa4962879f0>,<function <lambda> at 0x7fa496287a90>,<function <lambda> at 0x7fa496287b30>
17028,2021-12-10 11:00:00,<function <lambda> at 0x7fa4962879f0>,<function <lambda> at 0x7fa496287a90>,<function <lambda> at 0x7fa496287b30>
17029,2021-12-10 12:00:00,<function <lambda> at 0x7fa4962879f0>,<function <lambda> at 0x7fa496287a90>,<function <lambda> at 0x7fa496287b30>
17030,2021-12-10 13:00:00,<function <lambda> at 0x7fa4962879f0>,<function <lambda> at 0x7fa496287a90>,<function <lambda> at 0x7fa496287b30>
17031,2021-12-10 14:00:00,<function <lambda> at 0x7fa4962879f0>,<function <lambda> at 0x7fa496287a90>,<function <lambda> at 0x7fa496287b30>
17032,2021-12-10 15:00:00,<function <lambda> at 0x7fa4962879f0>,<function <lambda> at 0x7fa496287a90>,<function <lambda> at 0x7fa496287b30>
17033,2021-12-10 16:00:00,<function <lambda> at 0x7fa4962879f0>,<function <lambda> at 0x7fa496287a90>,<function <lambda> at 0x7fa496287b30>
17034,2021-12-10 17:00:00,<function <lambda> at 0x7fa4962879f0>,<function <lambda> at 0x7fa496287a90>,<function <lambda> at 0x7fa496287b30>
17035,2021-12-10 18:00:00,<function <lambda> at 0x7fa4962879f0>,<function <lambda> at 0x7fa496287a90>,<function <lambda> at 0x7fa496287b30>
17036,2021-12-10 19:00:00,<function <lambda> at 0x7fa4962879f0>,<function <lambda> at 0x7fa496287a90>,<function <lambda> at 0x7fa496287b30>
17037,2021-12-10 20:00:00,<function <lambda> at 0x7fa4962879f0>,<function <lambda> at 0x7fa496287a90>,<function <lambda> at 0x7fa496287b30>
17038,2021-12-10 21:00:00,<function <lambda> at 0x7fa4962879f0>,<function <lambda> at 0x7fa496287a90>,<function <lambda> at 0x7fa496287b30>
17039,2021-12-10 22:00:00,<function <lambda> at 0x7fa4962879f0>,<function <lambda> at 0x7fa496287a90>,<function <lambda> at 0x7fa496287b30>
17040,2021-12-10 23:00:00,<function <lambda> at 0x7fa4962879f0>,<function <lambda> at 0x7fa496287a90>,<function <lambda> at 0x7fa496287b30>
17041,2021-12-11 00:00:00,<function <lambda> at 0x7fa4962879f0>,<function <lambda> at 0x7fa496287a90>,<function <lambda> at 0x7fa496287b30>
17042,2021-12-11 01:00:00,<function <lambda> at 0x7fa4962879f0>,<function <lambda> at 0x7fa496287a90>,<function <lambda> at 0x7fa496287b30>
17043,2021-12-11 02:00:00,<function <lambda> at 0x7fa4962879f0>,<function <lambda> at 0x7fa496287a90>,<function <lambda> at 0x7fa496287b30>
17044,2021-12-11 03:00:00,<function <lambda> at 0x7fa4962879f0>,<function <lambda> at 0x7fa496287a90>,<function <lambda> at 0x7fa496287b30>
17045,2021-12-11 04:00:00,<function <lambda> at 0x7fa4962879f0>,<function <lambda> at 0x7fa496287a90>,<function <lambda> at 0x7fa496287b30>
17046,2021-12-11 05:00:00,<function <lambda> at 0x7fa4962879f0>,<function <lambda> at 0x7fa496287a90>,<function <lambda> at 0x7fa496287b30>
17047,2021-12-11 06:00:00,<function <lambda> at 0x7fa4962879f0>,<function <lambda> at 0x7fa496287a90>,<function <lambda> at 0x7fa496287b30>
17048,2021-12-11 07:00:00,<function <lambda> at 0x7fa4962879f0>,<function <lambda> at 0x7fa496287a90>,<function <lambda> at 0x7fa496287b30>
17049,2021-12-11 08:00:00,<function <lambda> at 0x7fa4962879f0>,<function <lambda> at 0x7fa496287a90>,<function <lambda> at 0x7fa496287b30>
17050,2021-12-11 09:00:00,<function <lambda> at 0x7fa4962879f0>,<function <lambda> at 0x7fa496287a90>,<function <lambda> at 0x7fa496287b30>
17051,2021-12-11 10:00:00,<function <lambda> at 0x7fa4962879f0>,<function <lambda> at 0x7fa496287a90>,<function <lambda> at 0x7fa496287b30>
17052,2021-12-11 11:00:00,<function <lambda> at 0x7fa4962879f0>,<function <lambda> at 0x7fa496287a90>,<function <lambda> at 0x7fa496287b30>
17053,2021-12-11 12:00:00,<function <lambda> at 0x7fa4962879f0>,<function <lambda> at 0x7fa496287a90>,<function <lambda> at 0x7fa496287b30>
17054,2021-12-11 13:00:00,<function <lambda> at 0x7fa4962879f0>,<function <lambda> at 0x7fa496287a90>,<function <lambda> at 0x7fa496287b30>
17055,2021-12-11 14:00:00,<function <lambda> at 0x7fa4962879f0>,<function <lambda> at 0x7fa496287a90>,<function <lambda> at 0x7fa496287b30>
17056,2021-12-11 15:00:00,<function <lambda> at 0x7fa4962879f0>,<function <lambda> at 0x7fa496287a90>,<function <lambda> at 0x7fa496287b30>
17057,2021-12-11 16:00:00,<function <lambda> at 0x7fa4962879f0>,<function <lambda> at 0x7fa496287a90>,<function <lambda> at 0x7fa496287b30>
17058,2021-12-11 17:00:00,<function <lambda> at 0x7fa4962879f0>,<function <lambda> at 0x7fa496287a90>,<function <lambda> at 0x7fa496287b30>
17059,2021-12-11 18:00:00,<function <lambda> at 0x7fa4962879f0>,<function <lambda> at 0x7fa496287a90>,<function <lambda> at 0x7fa496287b30>
17060,2021-12-11 19:00:00,<function <lambda> at 0x7fa4962879f0>,<function <lambda> at 0x7fa496287a90>,<function <lambda> at 0x7fa496287b30>
17061,2021-12-11 20:00:00,<function <lambda> at 0x7fa4962879f0>,<function <lambda> at 0x7fa496287a90>,<function <lambda> at 0x7fa496287b30>
17062,2021-12-11 21:00:00,<function <lambda> at 0x7fa4962879f0>,<function <lambda> at 0x7fa496287a90>,<function <lambda> at 0x7fa496287b30>
17063,2021-12-11 22:00:00,<function <lambda> at 0x7fa4962879f0>,<function <lambda> at 0x7fa496287a90>,<function <lambda> at 0x7fa496287b30>
17064,2021-12-11 23:00:00,<function <lambda> at 0x7fa4962879f0>,<function <lambda> at 0x7fa496287a90>,<function <lambda> at 0x7fa496287b30>
17065,2021-12-12 00:00:00,<function <lambda> at 0x7fa4962879f0>,<function <lambda> at 0x7fa496287a90>,<function <lambda> at 0x7fa496287b30>
17066,2021-12-12 01:00:00,<function <lambda> at 0x7fa4962879f0>,<function <lambda> at 0x7fa496287a90>,<function <lambda> at 0x7fa496287b30>
17067,2021-12-12 02:00:00,<function <lambda> at 0x7fa4962879f0>,<function <lambda> at 0x7fa496287a90>,<function <lambda> at 0x7fa496287b30>
17068,2021-12-12 03:00:00,<function <lambda> at 0x7fa4962879f0>,<function <lambda> at 0x7fa496287a90>,<function <lambda> at 0x7fa496287b30>
17069,2021-12-12 04:00:00,<function <lambda> at 0x7fa4962879f0>,<function <lambda> at 0x7fa496287a90>,<function <lambda> at 0x7fa496287b30>
17070,2021-12-12 05:00:00,<function <lambda> at 0x7fa4962879f0>,<function <lambda> at 0x7fa496287a90>,<function <lambda> at 0x7fa496287b30>
17071,2021-12-12 06:00:00,<function <lambda> at 0x7fa4962879f0>,<function <lambda> at 0x7fa496287a90>,<function <lambda> at 0x7fa496287b30>
17072,2021-12-12 07:00:00,<function <lambda> at 0x7fa4962879f0>,<function <lambda> at 0x7fa496287a90>,<function <lambda> at 0x7fa496287b30>
17073,2021-12-12 08:00:00,<function <lambda> at 0x7fa4962879f0>,<function <lambda> at 0x7fa496287a90>,<function <lambda> at 0x7fa496287b30>
17074,2021-12-12 09:00:00,<function <lambda> at 0x7fa4962879f0>,<function <lambda> at 0x7fa496287a90>,<function <lambda> at 0x7fa496287b30>
17075,2021-12-12 10:00:00,<function <lambda> at 0x7fa4962879f0>,<function <lambda> at 0x7fa496287a90>,<function <lambda> at 0x7fa496287b30>
17076,2021-12-12 11:00:00,<function <lambda> at 0x7fa4962879f0>,<function <lambda> at 0x7fa496287a90>,<function <lambda> at 0x7fa496287b30>
17077,2021-12-12 12:00:00,<function <lambda> at 0x7fa4962879f0>,<function <lambda> at 0x7fa496287a90>,<function <lambda> at 0x7fa496287b30>
17078,2021-12-12 13:00:00,<function <lambda> at 0x7fa4962879f0>,<function <lambda> at 0x7fa496287a90>,<function <lambda> at 0x7fa496287b30>
17079,2021-12-12 14:00:00,<function <lambda> at 0x7fa4962879f0>,<function <lambda> at 0x7fa496287a90>,<function <lambda> at 0x7fa496287b30>
17080,2021-12-12 15:00:00,<function <lambda> at 0x7fa4962879f0>,<function <lambda> at 0x7fa496287a90>,<function <lambda> at 0x7fa496287b30>
17081,2021-12-12 16:00:00,<function <lambda> at 0x7fa4962879f0>,<function <lambda> at 0x7fa496287a90>,<function <lambda> at 0x7fa496287b30>
17082,2021-12-12 17:00:00,<function <lambda> at 0x7fa4962879f0>,<function <lambda> at 0x7fa496287a90>,<function <lambda> at 0x7fa496287b30>
17083,2021-12-12 18:00:00,<function <lambda> at 0x7fa4962879f0>,<function <lambda> at 0x7fa496287a90>,<function <lambda> at 0x7fa496287b30>
17084,2021-12-12 19:00:00,<function <lambda> at 0x7fa4962879f0>,<function <lambda> at 0x7fa496287a90>,<function <lambda> at 0x7fa496287b30>
17085,2021-12-12 20:00:00,<function <lambda> at 0x7fa4962879f0>,<function <lambda> at 0x7fa496287a90>,<function <lambda> at 0x7fa496287b30>
17086,2021-12-12 21:00:00,<function <lambda> at 0x7fa4962879f0>,<function <lambda> at 0x7fa496287a90>,<function <lambda> at 0x7fa496287b30>
17087,2021-12-12 22:00:00,<function <lambda> at 0x7fa4962879f0>,<function <lambda> at 0x7fa496287a90>,<function <lambda> at 0x7fa496287b30>
17088,2021-12-12 23:00:00,<function <lambda> at 0x7fa4962879f0>,<function <lambda> at 0x7fa496287a90>,<function <lambda> at 0x7fa496287b30>
17089,2021-12-13 00:00:00,<function <lambda> at 0x7fa4962879f0>,<function <lambda> at 0x7fa496287a90>,<function <lambda> at 0x7fa496287b30>
17090,2021-12-13 01:00:00,<function <lambda> at 0x7fa4962879f0>,<function <lambda> at 0x7fa496287a90>,<function <lambda> at 0x7fa496287b30>
17091,2021-12-13 02:00:00,<function <lambda> at 0x7fa4962879f0>,<function <lambda> at 0x7fa496287a90>,<function <lambda> at 0x7fa496287b30>
17092,2021-12-13 03:00:00,<function <lambda> at 0x7fa4962879f0>,<function <lambda> at 0x7fa496287a90>,<function <lambda> at 0x7fa496287b30>
17093,2021-12-13 04:00:00,<function <lambda> at 0x7fa4962879f0>,<function <lambda> at 0x7fa496287a90>,<function <lambda> at 0x7fa496287b30>
17094,2021-12-13 05:00:00,<function <lambda> at 0x7fa4962879f0>,<function <lambda> at 0x7fa496287a90>,<function <lambda> at 0x7fa496287b30>
17095,2021-12-13 06:00:00,<function <lambda> at 0x7fa4962879f0>,<function <lambda> at 0x7fa496287a90>,<function <lambda> at 0x7fa496287b30>
17096,2021-12-13 07:00:00,<function <lambda> at 0x7fa4962879f0>,<function <lambda> at 0x7fa496287a90>,<function <lambda> at 0x7fa496287b30>
17097,2021-12-13 08:00:00,<function <lambda> at 0x7fa4962879f0>,<function <lambda> at 0x7fa496287a90>,<function <lambda> at 0x7fa496287b30>
17098,2021-12-13 09:00:00,<function <lambda> at 0x7fa4962879f0>,<function <lambda> at 0x7fa496287a90>,<function <lambda> at 0x7fa496287b30>
17099,2021-12-13 10:00:00,<function <lambda> at 0x7fa4962879f0>,<function <lambda> at 0x7fa496287a90>,<function <lambda> at 0x7fa496287b30>
17100,2021-12-13 11:00:00,<function <lambda> at 0x7fa4962879f0>,<function <lambda> at 0x7fa496287a90>,<function <lambda> at 0x7fa496287b30>
17101,2021-12-13 12:00:00,<function <lambda> at 0x7fa4962879f0>,<function <lambda> at 0x7fa496287a90>,<function <lambda> at 0x7fa496287b30>
17102,2021-12-13 13:00:00,<function <lambda> at 0x7fa4962879f0>,<function <lambda> at 0x7fa496287a90>,<function <lambda> at 0x7fa496287b30>
17103,2021-12-13 14:00:00,<function <lambda> at 0x7fa4962879f0>,<function <lambda> at 0x7fa496287a90>,<function <lambda> at 0x7fa496287b30>
17104,2021-12-13 15:00:00,<function <lambda> at 0x7fa4962879f0>,<function <lambda> at 0x7fa496287a90>,<function <lambda> at 0x7fa496287b30>
17105,2021-12-13 16:00:00,<function <lambda> at 0x7fa4962879f0>,<function <lambda> at 0x7fa496287a90>,<function <lambda> at 0x7fa496287b30>
17106,2021-12-13 17:00:00,<function <lambda> at 0x7fa4962879f0>,<function <lambda> at 0x7fa496287a90>,<function <lambda> at 0x7fa496287b30>
17107,2021-12-13 18:00:00,<function <lambda> at 0x7fa4962879f0>,<function <lambda> at 0x7fa496287a90>,<function <lambda> at 0x7fa496287b30>
17108,2021-12-13 19:00:00,<function <lambda> at 0x7fa4962879f0>,<function <lambda> at 0x7fa496287a90>,<function <lambda> at 0x7fa496287b30>
17109,2021-12-13 20:00:00,<function <lambda> at 0x7fa4962879f0>,<function <lambda> at 0x7fa496287a90>,<function <lambda> at 0x7fa496287b30>
17110,2021-12-13 21:00:00,<function <lambda> at 0x7fa4962879f0>,<function <lambda> at 0x7fa496287a90>,<function <lambda> at 0x7fa496287b30>
17111,2021-12-13 22:00:00,<function <lambda> at 0x7fa4962879f0>,<function <lambda> at 0x7fa496287a90>,<function <lambda> at 0x7fa496287b30>
17112,2021-12-13 23:00:00,<function <lambda> at 0x7fa4962879f0>,<function <lambda> at 0x7fa496287a90>,<function <lambda> at 0x7fa496287b30>
17113,2021-12-14 00:00:00,<function <lambda> at 0x7fa4962879f0>,<function <lambda> at 0x7fa496287a90>,<function <lambda> at 0x7fa496287b30>
17114,2021-12-14 01:00:00,<function <lambda> at 0x7fa4962879f0>,<function <lambda> at 0x7fa496287a90>,<function <lambda> at 0x7fa496287b30>
17115,2021-12-14 02:00:00,<function <lambda> at 0x7fa4962879f0>,<function <lambda> at 0x7fa496287a90>,<function <lambda> at 0x7fa496287b30>
17116,2021-12-14 03:00:00,<function <lambda> at 0x7fa4962879f0>,<function <lambda> at 0x7fa496287a90>,<function <lambda> at 0x7fa496287b30>
17117,2021-12-14 04:00:00,<function <lambda> at 0x7fa4962879f0>,<function <lambda> at 0x7fa496287a90>,<function <lambda> at 0x7fa496287b30>
17118,2021-12-14 05:00:00,<function <lambda> at 0x7fa4962879f0>,<function <lambda> at 0x7fa496287a90>,<function <lambda> at 0x7fa496287b30>
17119,2021-12-14 06:00:00,<function <lambda> at 0x7fa4962879f0>,<function <lambda> at 0x7fa496287a90>,<function <lambda> at 0x7fa496287b30>
17120,2021-12-14 07:00:00,<function <lambda> at 0x7fa4962879f0>,<function <lambda> at 0x7fa496287a90>,<function <lambda> at 0x7fa496287b30>
17121,2021-12-14 08:00:00,<function <lambda> at 0x7fa4962879f0>,<function <lambda> at 0x7fa496287a90>,<function <lambda> at 0x7fa496287b30>
17122,2021-12-14 09:00:00,<function <lambda> at 0x7fa4962879f0>,<function <lambda> at 0x7fa496287a90>,<function <lambda> at 0x7fa496287b30>
17123,2021-12-14 10:00:00,<function <lambda> at 0x7fa4962879f0>,<function <lambda> at 0x7fa496287a90>,<function <lambda> at 0x7fa496287b30>
17124,2021-12-14 11:00:00,<function <lambda> at 0x7fa4962879f0>,<function <lambda> at 0x7fa496287a90>,<function <lambda> at 0x7fa496287b30>
17125,2021-12-14 12:00:00,<function <lambda> at 0x7fa4962879f0>,<function <lambda> at 0x7fa496287a90>,<function <lambda> at 0x7fa496287b30>
17126,2021-12-14 13:00:00,<function <lambda> at 0x7fa4962879f0>,<function <lambda> at 0x7fa496287a90>,<function <lambda> at 0x7fa496287b30>
17127,2021-12-14 14:00:00,<function <lambda> at 0x7fa4962879f0>,<function <lambda> at 0x7fa496287a90>,<function <lambda> at 0x7fa496287b30>
17128,2021-12-14 15:00:00,<function <lambda> at 0x7fa4962879f0>,<function <lambda> at 0x7fa496287a90>,<function <lambda> at 0x7fa496287b30>
17129,2021-12-14 16:00:00,<function <lambda> at 0x7fa4962879f0>,<function <lambda> at 0x7fa496287a90>,<function <lambda> at 0x7fa496287b30>
17130,2021-12-14 17:00:00,<function <lambda> at 0x7fa4962879f0>,<function <lambda> at 0x7fa496287a90>,<function <lambda> at 0x7fa496287b30>
17131,2021-12-14 18:00:00,<function <lambda> at 0x7fa4962879f0>,<function <lambda> at 0x7fa496287a90>,<function <lambda> at 0x7fa496287b30>
17132,2021-12-14 19:00:00,<function <lambda> at 0x7fa4962879f0>,<function <lambda> at 0x7fa496287a90>,<function <lambda> at 0x7fa496287b30>
17133,2021-12-14 20:00:00,<function <lambda> at 0x7fa4962879f0>,<function <lambda> at 0x7fa496287a90>,<function <lambda> at 0x7fa496287b30>
17134,2021-12-14 21:00:00,<function <lambda> at 0x7fa4962879f0>,<function <lambda> at 0x7fa496287a90>,<function <lambda> at 0x7fa496287b30>
17135,2021-12-14 22:00:00,<function <lambda> at 0x7fa4962879f0>,<function <lambda> at 0x7fa496287a90>,<function <lambda> at 0x7fa496287b30>
17136,2021-12-14 23:00:00,<function <lambda> at 0x7fa4962879f0>,<function <lambda> at 0x7fa496287a90>,<function <lambda> at 0x7fa496287b30>
17137,2021-12-15 00:00:00,<function <lambda> at 0x7fa4962879f0>,<function <lambda> at 0x7fa496287a90>,<function <lambda> at 0x7fa496287b30>
17138,2021-12-15 01:00:00,<function <lambda> at 0x7fa4962879f0>,<function <lambda> at 0x7fa496287a90>,<function <lambda> at 0x7fa496287b30>
17139,2021-12-15 02:00:00,<function <lambda> at 0x7fa4962879f0>,<function <lambda> at 0x7fa496287a90>,<function <lambda> at 0x7fa496287b30>
17140,2021-12-15 03:00:00,<function <lambda> at 0x7fa4962879f0>,<function <lambda> at 0x7fa496287a90>,<function <lambda> at 0x7fa496287b30>
17141,2021-12-15 04:00:00,<function <lambda> at 0x7fa4962879f0>,<function <lambda> at 0x7fa496287a90>,<function <lambda> at 0x7fa496287b30>
17142,2021-12-15 05:00:00,<function <lambda> at 0x7fa4962879f0>,<function <lambda> at 0x7fa496287a90>,<function <lambda> at 0x7fa496287b30>
17143,2021-12-15 06:00:00,<function <lambda> at 0x7fa4962879f0>,<function <lambda> at 0x7fa496287a90>,<function <lambda> at 0x7fa496287b30>
17144,2021-12-15 07:00:00,<function <lambda> at 0x7fa4962879f0>,<function <lambda> at 0x7fa496287a90>,<function <lambda> at 0x7fa496287b30>
17145,2021-12-15 08:00:00,<function <lambda> at 0x7fa4962879f0>,<function <lambda> at 0x7fa496287a90>,<function <lambda> at 0x7fa496287b30>
17146,2021-12-15 09:00:00,<function <lambda> at 0x7fa4962879f0>,<function <lambda> at 0x7fa496287a90>,<function <lambda> at 0x7fa496287b30>
17147,2021-12-15 10:00:00,<function <lambda> at 0x7fa4962879f0>,<function <lambda> at 0x7fa496287a90>,<function <lambda> at 0x7fa496287b30>
17148,2021-12-15 11:00:00,<function <lambda> at 0x7fa4962879f0>,<function <lambda> at 0x7fa496287a90>,<function <lambda> at 0x7fa496287b30>
17149,2021-12-15 12:00:00,<function <lambda> at 0x7fa4962879f0>,<function <lambda> at 0x7fa496287a90>,<function <lambda> at 0x7fa496287b30>
17150,2021-12-15 13:00:00,<function <lambda> at 0x7fa4962879f0>,<function <lambda> at 0x7fa496287a90>,<function <lambda> at 0x7fa496287b30>
17151,2021-12-15 14:00:00,<function <lambda> at 0x7fa4962879f0>,<function <lambda> at 0x7fa496287a90>,<function <lambda> at 0x7fa496287b30>
17152,2021-12-15 15:00:00,<function <lambda> at 0x7fa4962879f0>,<function <lambda> at 0x7fa496287a90>,<function <lambda> at 0x7fa496287b30>
17153,2021-12-15 16:00:00,<function <lambda> at 0x7fa4962879f0>,<function <lambda> at 0x7fa496287a90>,<function <lambda> at 0x7fa496287b30>
17154,2021-12-15 17:00:00,<function <lambda> at 0x7fa4962879f0>,<function <lambda> at 0x7fa496287a90>,<function <lambda> at 0x7fa496287b30>
17155,2021-12-15 18:00:00,<function <lambda> at 0x7fa4962879f0>,<function <lambda> at 0x7fa496287a90>,<function <lambda> at 0x7fa496287b30>
17156,2021-12-15 19:00:00,<function <lambda> at 0x7fa4962879f0>,<function <lambda> at 0x7fa496287a90>,<function <lambda> at 0x7fa496287b30>
17157,2021-12-15 20:00:00,<function <lambda> at 0x7fa4962879f0>,<function <lambda> at 0x7fa496287a90>,<function <lambda> at 0x7fa496287b30>
17158,2021-12-15 21:00:00,<function <lambda> at 0x7fa4962879f0>,<function <lambda> at 0x7fa496287a90>,<function <lambda> at 0x7fa496287b30>
17159,2021-12-15 22:00:00,<function <lambda> at 0x7fa4962879f0>,<function <lambda> at 0x7fa496287a90>,<function <lambda> at 0x7fa496287b30>
17160,2021-12-15 23:00:00,<function <lambda> at 0x7fa4962879f0>,<function <lambda> at 0x7fa496287a90>,<function <lambda> at 0x7fa496287b30>
17161,2021-12-16 00:00:00,<function <lambda> at 0x7fa4962879f0>,<function <lambda> at 0x7fa496287a90>,<function <lambda> at 0x7fa496287b30>
17162,2021-12-16 01:00:00,<function <lambda> at 0x7fa4962879f0>,<function <lambda> at 0x7fa496287a90>,<function <lambda> at 0x7fa496287b30>
17163,2021-12-16 02:00:00,<function <lambda> at 0x7fa4962879f0>,<function <lambda> at 0x7fa496287a90>,<function <lambda> at 0x7fa496287b30>
17164,2021-12-16 03:00:00,<function <lambda> at 0x7fa4962879f0>,<function <lambda> at 0x7fa496287a90>,<function <lambda> at 0x7fa496287b30>
17165,2021-12-16 04:00:00,<function <lambda> at 0x7fa4962879f0>,<function <lambda> at 0x7fa496287a90>,<function <lambda> at 0x7fa496287b30>
17166,2021-12-16 05:00:00,<function <lambda> at 0x7fa4962879f0>,<function <lambda> at 0x7fa496287a90>,<function <lambda> at 0x7fa496287b30>
17167,2021-12-16 06:00:00,<function <lambda> at 0x7fa4962879f0>,<function <lambda> at 0x7fa496287a90>,<function <lambda> at 0x7fa496287b30>
17168,2021-12-16 07:00:00,<function <lambda> at 0x7fa4962879f0>,<function <lambda> at 0x7fa496287a90>,<function <lambda> at 0x7fa496287b30>
17169,2021-12-16 08:00:00,<function <lambda> at 0x7fa4962879f0>,<function <lambda> at 0x7fa496287a90>,<function <lambda> at 0x7fa496287b30>
17170,2021-12-16 09:00:00,<function <lambda> at 0x7fa4962879f0>,<function <lambda> at 0x7fa496287a90>,<function <lambda> at 0x7fa496287b30>
17171,2021-12-16 10:00:00,<function <lambda> at 0x7fa4962879f0>,<function <lambda> at 0x7fa496287a90>,<function <lambda> at 0x7fa496287b30>
17172,2021-12-16 11:00:00,<function <lambda> at 0x7fa4962879f0>,<function <lambda> at 0x7fa496287a90>,<function <lambda> at 0x7fa496287b30>
17173,2021-12-16 12:00:00,<function <lambda> at 0x7fa4962879f0>,<function <lambda> at 0x7fa496287a90>,<function <lambda> at 0x7fa496287b30>
17174,2021-12-16 13:00:00,<function <lambda> at 0x7fa4962879f0>,<function <lambda> at 0x7fa496287a90>,<function <lambda> at 0x7fa496287b30>
17175,2021-12-16 14:00:00,<function <lambda> at 0x7fa4962879f0>,<function <lambda> at 0x7fa496287a90>,<function <lambda> at 0x7fa496287b30>
17176,2021-12-16 15:00:00,<function <lambda> at 0x7fa4962879f0>,<function <lambda> at 0x7fa496287a90>,<function <lambda> at 0x7fa496287b30>
17177,2021-12-16 16:00:00,<function <lambda> at 0x7fa4962879f0>,<function <lambda> at 0x7fa496287a90>,<function <lambda> at 0x7fa496287b30>
17178,2021-12-16 17:00:00,<function <lambda> at 0x7fa4962879f0>,<function <lambda> at 0x7fa496287a90>,<function <lambda> at 0x7fa496287b30>
17179,2021-12-16 18:00:00,<function <lambda> at 0x7fa4962879f0>,<function <lambda> at 0x7fa496287a90>,<function <lambda> at 0x7fa496287b30>
17180,2021-12-16 19:00:00,<function <lambda> at 0x7fa4962879f0>,<function <lambda> at 0x7fa496287a90>,<function <lambda> at 0x7fa496287b30>
17181,2021-12-16 20:00:00,<function <lambda> at 0x7fa4962879f0>,<function <lambda> at 0x7fa496287a90>,<function <lambda> at 0x7fa496287b30>
17182,2021-12-16 21:00:00,<function <lambda> at 0x7fa4962879f0>,<function <lambda> at 0x7fa496287a90>,<function <lambda> at 0x7fa496287b30>
17183,2021-12-16 22:00:00,<function <lambda> at 0x7fa4962879f0>,<function <lambda> at 0x7fa496287a90>,<function <lambda> at 0x7fa496287b30>
17184,2021-12-16 23:00:00,<function <lambda> at 0x7fa4962879f0>,<function <lambda> at 0x7fa496287a90>,<function <lambda> at 0x7fa496287b30>
17185,2021-12-17 00:00:00,<function <lambda> at 0x7fa4962879f0>,<function <lambda> at 0x7fa496287a90>,<function <lambda> at 0x7fa496287b30>
17186,2021-12-17 01:00:00,<function <lambda> at 0x7fa4962879f0>,<function <lambda> at 0x7fa496287a90>,<function <lambda> at 0x7fa496287b30>
17187,2021-12-17 02:00:00,<function <lambda> at 0x7fa4962879f0>,<function <lambda> at 0x7fa496287a90>,<function <lambda> at 0x7fa496287b30>
17188,2021-12-17 03:00:00,<function <lambda> at 0x7fa4962879f0>,<function <lambda> at 0x7fa496287a90>,<function <lambda> at 0x7fa496287b30>
17189,2021-12-17 04:00:00,<function <lambda> at 0x7fa4962879f0>,<function <lambda> at 0x7fa496287a90>,<function <lambda> at 0x7fa496287b30>
17190,2021-12-17 05:00:00,<function <lambda> at 0x7fa4962879f0>,<function <lambda> at 0x7fa496287a90>,<function <lambda> at 0x7fa496287b30>
17191,2021-12-17 06:00:00,<function <lambda> at 0x7fa4962879f0>,<function <lambda> at 0x7fa496287a90>,<function <lambda> at 0x7fa496287b30>
17192,2021-12-17 07:00:00,<function <lambda> at 0x7fa4962879f0>,<function <lambda> at 0x7fa496287a90>,<function <lambda> at 0x7fa496287b30>
17193,2021-12-17 08:00:00,<function <lambda> at 0x7fa4962879f0>,<function <lambda> at 0x7fa496287a90>,<function <lambda> at 0x7fa496287b30>
17194,2021-12-17 09:00:00,<function <lambda> at 0x7fa4962879f0>,<function <lambda> at 0x7fa496287a90>,<function <lambda> at 0x7fa496287b30>
17195,2021-12-17 10:00:00,<function <lambda> at 0x7fa4962879f0>,<function <lambda> at 0x7fa496287a90>,<function <lambda> at 0x7fa496287b30>
17196,2021-12-17 11:00:00,<function <lambda> at 0x7fa4962879f0>,<function <lambda> at 0x7fa496287a90>,<function <lambda> at 0x7fa496287b30>
17197,2021-12-17 12:00:00,<function <lambda> at 0x7fa4962879f0>,<function <lambda> at 0x7fa496287a90>,<function <lambda> at 0x7fa496287b30>
17198,2021-12-17 13:00:00,<function <lambda> at 0x7fa4962879f0>,<function <lambda> at 0x7fa496287a90>,<function <lambda> at 0x7fa496287b30>
17199,2021-12-17 14:00:00,<function <lambda> at 0x7fa4962879f0>,<function <lambda> at 0x7fa496287a90>,<function <lambda> at 0x7fa496287b30>
17200,2021-12-17 15:00:00,<function <lambda> at 0x7fa4962879f0>,<function <lambda> at 0x7fa496287a90>,<function <lambda> at 0x7fa496287b30>
17201,2021-12-17 16:00:00,<function <lambda> at 0x7fa4962879f0>,<function <lambda> at 0x7fa496287a90>,<function <lambda> at 0x7fa496287b30>
17202,2021-12-17 17:00:00,<function <lambda> at 0x7fa4962879f0>,<function <lambda> at 0x7fa496287a90>,<function <lambda> at 0x7fa496287b30>
17203,2021-12-17 18:00:00,<function <lambda> at 0x7fa4962879f0>,<function <lambda> at 0x7fa496287a90>,<function <lambda> at 0x7fa496287b30>
17204,2021-12-17 19:00:00,<function <lambda> at 0x7fa4962879f0>,<function <lambda> at 0x7fa496287a90>,<function <lambda> at 0x7fa496287b30>
17205,2021-12-17 20:00:00,<function <lambda> at 0x7fa4962879f0>,<function <lambda> at 0x7fa496287a90>,<function <lambda> at 0x7fa496287b30>
17206,2021-12-17 21:00:00,<function <lambda> at 0x7fa4962879f0>,<function <lambda> at 0x7fa496287a90>,<function <lambda> at 0x7fa496287b30>
17207,2021-12-17 22:00:00,<function <lambda> at 0x7fa4962879f0>,<function <lambda> at 0x7fa496287a90>,<function <lambda> at 0x7fa496287b30>
17208,2021-12-17 23:00:00,<function <lambda> at 0x7fa4962879f0>,<function <lambda> at 0x7fa496287a90>,<function <lambda> at 0x7fa496287b30>
17209,2021-12-18 00:00:00,<function <lambda> at 0x7fa4962879f0>,<function <lambda> at 0x7fa496287a90>,<function <lambda> at 0x7fa496287b30>
17210,2021-12-18 01:00:00,<function <lambda> at 0x7fa4962879f0>,<function <lambda> at 0x7fa496287a90>,<function <lambda> at 0x7fa496287b30>
17211,2021-12-18 02:00:00,<function <lambda> at 0x7fa4962879f0>,<function <lambda> at 0x7fa496287a90>,<function <lambda> at 0x7fa496287b30>
17212,2021-12-18 03:00:00,<function <lambda> at 0x7fa4962879f0>,<function <lambda> at 0x7fa496287a90>,<function <lambda> at 0x7fa496287b30>
17213,2021-12-18 04:00:00,<function <lambda> at 0x7fa4962879f0>,<function <lambda> at 0x7fa496287a90>,<function <lambda> at 0x7fa496287b30>
17214,2021-12-18 05:00:00,<function <lambda> at 0x7fa4962879f0>,<function <lambda> at 0x7fa496287a90>,<function <lambda> at 0x7fa496287b30>
17215,2021-12-18 06:00:00,<function <lambda> at 0x7fa4962879f0>,<function <lambda> at 0x7fa496287a90>,<function <lambda> at 0x7fa496287b30>
17216,2021-12-18 07:00:00,<function <lambda> at 0x7fa4962879f0>,<function <lambda> at 0x7fa496287a90>,<function <lambda> at 0x7fa496287b30>
17217,2021-12-18 08:00:00,<function <lambda> at 0x7fa4962879f0>,<function <lambda> at 0x7fa496287a90>,<function <lambda> at 0x7fa496287b30>
17218,2021-12-18 09:00:00,<function <lambda> at 0x7fa4962879f0>,<function <lambda> at 0x7fa496287a90>,<function <lambda> at 0x7fa496287b30>
17219,2021-12-18 10:00:00,<function <lambda> at 0x7fa4962879f0>,<function <lambda> at 0x7fa496287a90>,<function <lambda> at 0x7fa496287b30>
17220,2021-12-18 11:00:00,<function <lambda> at 0x7fa4962879f0>,<function <lambda> at 0x7fa496287a90>,<function <lambda> at 0x7fa496287b30>
17221,2021-12-18 12:00:00,<function <lambda> at 0x7fa4962879f0>,<function <lambda> at 0x7fa496287a90>,<function <lambda> at 0x7fa496287b30>
17222,2021-12-18 13:00:00,<function <lambda> at 0x7fa4962879f0>,<function <lambda> at 0x7fa496287a90>,<function <lambda> at 0x7fa496287b30>
17223,2021-12-18 14:00:00,<function <lambda> at 0x7fa4962879f0>,<function <lambda> at 0x7fa496287a90>,<function <lambda> at 0x7fa496287b30>
17224,2021-12-18 15:00:00,<function <lambda> at 0x7fa4962879f0>,<function <lambda> at 0x7fa496287a90>,<function <lambda> at 0x7fa496287b30>
17225,2021-12-18 16:00:00,<function <lambda> at 0x7fa4962879f0>,<function <lambda> at 0x7fa496287a90>,<function <lambda> at 0x7fa496287b30>
17226,2021-12-18 17:00:00,<function <lambda> at 0x7fa4962879f0>,<function <lambda> at 0x7fa496287a90>,<function <lambda> at 0x7fa496287b30>
17227,2021-12-18 18:00:00,<function <lambda> at 0x7fa4962879f0>,<function <lambda> at 0x7fa496287a90>,<function <lambda> at 0x7fa496287b30>
17228,2021-12-18 19:00:00,<function <lambda> at 0x7fa4962879f0>,<function <lambda> at 0x7fa496287a90>,<function <lambda> at 0x7fa496287b30>
17229,2021-12-18 20:00:00,<function <lambda> at 0x7fa4962879f0>,<function <lambda> at 0x7fa496287a90>,<function <lambda> at 0x7fa496287b30>
17230,2021-12-18 21:00:00,<function <lambda> at 0x7fa4962879f0>,<function <lambda> at 0x7fa496287a90>,<function <lambda> at 0x7fa496287b30>
17231,2021-12-18 22:00:00,<function <lambda> at 0x7fa4962879f0>,<function <lambda> at 0x7fa496287a90>,<function <lambda> at 0x7fa496287b30>
17232,2021-12-18 23:00:00,<function <lambda> at 0x7fa4962879f0>,<function <lambda> at 0x7fa496287a90>,<function <lambda> at 0x7fa496287b30>
17233,2021-12-19 00:00:00,<function <lambda> at 0x7fa4962879f0>,<function <lambda> at 0x7fa496287a90>,<function <lambda> at 0x7fa496287b30>
17234,2021-12-19 01:00:00,<function <lambda> at 0x7fa4962879f0>,<function <lambda> at 0x7fa496287a90>,<function <lambda> at 0x7fa496287b30>
17235,2021-12-19 02:00:00,<function <lambda> at 0x7fa4962879f0>,<function <lambda> at 0x7fa496287a90>,<function <lambda> at 0x7fa496287b30>
17236,2021-12-19 03:00:00,<function <lambda> at 0x7fa4962879f0>,<function <lambda> at 0x7fa496287a90>,<function <lambda> at 0x7fa496287b30>
17237,2021-12-19 04:00:00,<function <lambda> at 0x7fa4962879f0>,<function <lambda> at 0x7fa496287a90>,<function <lambda> at 0x7fa496287b30>
17238,2021-12-19 05:00:00,<function <lambda> at 0x7fa4962879f0>,<function <lambda> at 0x7fa496287a90>,<function <lambda> at 0x7fa496287b30>
17239,2021-12-19 06:00:00,<function <lambda> at 0x7fa4962879f0>,<function <lambda> at 0x7fa496287a90>,<function <lambda> at 0x7fa496287b30>
17240,2021-12-19 07:00:00,<function <lambda> at 0x7fa4962879f0>,<function <lambda> at 0x7fa496287a90>,<function <lambda> at 0x7fa496287b30>
17241,2021-12-19 08:00:00,<function <lambda> at 0x7fa4962879f0>,<function <lambda> at 0x7fa496287a90>,<function <lambda> at 0x7fa496287b30>
17242,2021-12-19 09:00:00,<function <lambda> at 0x7fa4962879f0>,<function <lambda> at 0x7fa496287a90>,<function <lambda> at 0x7fa496287b30>
17243,2021-12-19 10:00:00,<function <lambda> at 0x7fa4962879f0>,<function <lambda> at 0x7fa496287a90>,<function <lambda> at 0x7fa496287b30>
17244,2021-12-19 11:00:00,<function <lambda> at 0x7fa4962879f0>,<function <lambda> at 0x7fa496287a90>,<function <lambda> at 0x7fa496287b30>
17245,2021-12-19 12:00:00,<function <lambda> at 0x7fa4962879f0>,<function <lambda> at 0x7fa496287a90>,<function <lambda> at 0x7fa496287b30>
17246,2021-12-19 13:00:00,<function <lambda> at 0x7fa4962879f0>,<function <lambda> at 0x7fa496287a90>,<function <lambda> at 0x7fa496287b30>
17247,2021-12-19 14:00:00,<function <lambda> at 0x7fa4962879f0>,<function <lambda> at 0x7fa496287a90>,<function <lambda> at 0x7fa496287b30>
17248,2021-12-19 15:00:00,<function <lambda> at 0x7fa4962879f0>,<function <lambda> at 0x7fa496287a90>,<function <lambda> at 0x7fa496287b30>
17249,2021-12-19 16:00:00,<function <lambda> at 0x7fa4962879f0>,<function <lambda> at 0x7fa496287a90>,<function <lambda> at 0x7fa496287b30>
17250,2021-12-19 17:00:00,<function <lambda> at 0x7fa4962879f0>,<function <lambda> at 0x7fa496287a90>,<function <lambda> at 0x7fa496287b30>
17251,2021-12-19 18:00:00,<function <lambda> at 0x7fa4962879f0>,<function <lambda> at 0x7fa496287a90>,<function <lambda> at 0x7fa496287b30>
17252,2021-12-19 19:00:00,<function <lambda> at 0x7fa4962879f0>,<function <lambda> at 0x7fa496287a90>,<function <lambda> at 0x7fa496287b30>
17253,2021-12-19 20:00:00,<function <lambda> at 0x7fa4962879f0>,<function <lambda> at 0x7fa496287a90>,<function <lambda> at 0x7fa496287b30>
17254,2021-12-19 21:00:00,<function <lambda> at 0x7fa4962879f0>,<function <lambda> at 0x7fa496287a90>,<function <lambda> at 0x7fa496287b30>
17255,2021-12-19 22:00:00,<function <lambda> at 0x7fa4962879f0>,<function <lambda> at 0x7fa496287a90>,<function <lambda> at 0x7fa496287b30>
17256,2021-12-19 23:00:00,<function <lambda> at 0x7fa4962879f0>,<function <lambda> at 0x7fa496287a90>,<function <lambda> at 0x7fa496287b30>
17257,2021-12-20 00:00:00,<function <lambda> at 0x7fa4962879f0>,<function <lambda> at 0x7fa496287a90>,<function <lambda> at 0x7fa496287b30>
17258,2021-12-20 01:00:00,<function <lambda> at 0x7fa4962879f0>,<function <lambda> at 0x7fa496287a90>,<function <lambda> at 0x7fa496287b30>
17259,2021-12-20 02:00:00,<function <lambda> at 0x7fa4962879f0>,<function <lambda> at 0x7fa496287a90>,<function <lambda> at 0x7fa496287b30>
17260,2021-12-20 03:00:00,<function <lambda> at 0x7fa4962879f0>,<function <lambda> at 0x7fa496287a90>,<function <lambda> at 0x7fa496287b30>
17261,2021-12-20 04:00:00,<function <lambda> at 0x7fa4962879f0>,<function <lambda> at 0x7fa496287a90>,<function <lambda> at 0x7fa496287b30>
17262,2021-12-20 05:00:00,<function <lambda> at 0x7fa4962879f0>,<function <lambda> at 0x7fa496287a90>,<function <lambda> at 0x7fa496287b30>
17263,2021-12-20 06:00:00,<function <lambda> at 0x7fa4962879f0>,<function <lambda> at 0x7fa496287a90>,<function <lambda> at 0x7fa496287b30>
17264,2021-12-20 07:00:00,<function <lambda> at 0x7fa4962879f0>,<function <lambda> at 0x7fa496287a90>,<function <lambda> at 0x7fa496287b30>
17265,2021-12-20 08:00:00,<function <lambda> at 0x7fa4962879f0>,<function <lambda> at 0x7fa496287a90>,<function <lambda> at 0x7fa496287b30>
17266,2021-12-20 09:00:00,<function <lambda> at 0x7fa4962879f0>,<function <lambda> at 0x7fa496287a90>,<function <lambda> at 0x7fa496287b30>
17267,2021-12-20 10:00:00,<function <lambda> at 0x7fa4962879f0>,<function <lambda> at 0x7fa496287a90>,<function <lambda> at 0x7fa496287b30>
17268,2021-12-20 11:00:00,<function <lambda> at 0x7fa4962879f0>,<function <lambda> at 0x7fa496287a90>,<function <lambda> at 0x7fa496287b30>
17269,2021-12-20 12:00:00,<function <lambda> at 0x7fa4962879f0>,<function <lambda> at 0x7fa496287a90>,<function <lambda> at 0x7fa496287b30>
17270,2021-12-20 13:00:00,<function <lambda> at 0x7fa4962879f0>,<function <lambda> at 0x7fa496287a90>,<function <lambda> at 0x7fa496287b30>
17271,2021-12-20 14:00:00,<function <lambda> at 0x7fa4962879f0>,<function <lambda> at 0x7fa496287a90>,<function <lambda> at 0x7fa496287b30>
17272,2021-12-20 15:00:00,<function <lambda> at 0x7fa4962879f0>,<function <lambda> at 0x7fa496287a90>,<function <lambda> at 0x7fa496287b30>
17273,2021-12-20 16:00:00,<function <lambda> at 0x7fa4962879f0>,<function <lambda> at 0x7fa496287a90>,<function <lambda> at 0x7fa496287b30>
17274,2021-12-20 17:00:00,<function <lambda> at 0x7fa4962879f0>,<function <lambda> at 0x7fa496287a90>,<function <lambda> at 0x7fa496287b30>
17275,2021-12-20 18:00:00,<function <lambda> at 0x7fa4962879f0>,<function <lambda> at 0x7fa496287a90>,<function <lambda> at 0x7fa496287b30>
17276,2021-12-20 19:00:00,<function <lambda> at 0x7fa4962879f0>,<function <lambda> at 0x7fa496287a90>,<function <lambda> at 0x7fa496287b30>
17277,2021-12-20 20:00:00,<function <lambda> at 0x7fa4962879f0>,<function <lambda> at 0x7fa496287a90>,<function <lambda> at 0x7fa496287b30>
17278,2021-12-20 21:00:00,<function <lambda> at 0x7fa4962879f0>,<function <lambda> at 0x7fa496287a90>,<function <lambda> at 0x7fa496287b30>
17279,2021-12-20 22:00:00,<function <lambda> at 0x7fa4962879f0>,<function <lambda> at 0x7fa496287a90>,<function <lambda> at 0x7fa496287b30>
17280,2021-12-20 23:00:00,<function <lambda> at 0x7fa4962879f0>,<function <lambda> at 0x7fa496287a90>,<function <lambda> at 0x7fa496287b30>
17281,2021-12-21 00:00:00,<function <lambda> at 0x7fa4962879f0>,<function <lambda> at 0x7fa496287a90>,<function <lambda> at 0x7fa496287b30>
17282,2021-12-21 01:00:00,<function <lambda> at 0x7fa4962879f0>,<function <lambda> at 0x7fa496287a90>,<function <lambda> at 0x7fa496287b30>
17283,2021-12-21 02:00:00,<function <lambda> at 0x7fa4962879f0>,<function <lambda> at 0x7fa496287a90>,<function <lambda> at 0x7fa496287b30>
17284,2021-12-21 03:00:00,<function <lambda> at 0x7fa4962879f0>,<function <lambda> at 0x7fa496287a90>,<function <lambda> at 0x7fa496287b30>
17285,2021-12-21 04:00:00,<function <lambda> at 0x7fa4962879f0>,<function <lambda> at 0x7fa496287a90>,<function <lambda> at 0x7fa496287b30>
17286,2021-12-21 05:00:00,<function <lambda> at 0x7fa4962879f0>,<function <lambda> at 0x7fa496287a90>,<function <lambda> at 0x7fa496287b30>
17287,2021-12-21 06:00:00,<function <lambda> at 0x7fa4962879f0>,<function <lambda> at 0x7fa496287a90>,<function <lambda> at 0x7fa496287b30>
17288,2021-12-21 07:00:00,<function <lambda> at 0x7fa4962879f0>,<function <lambda> at 0x7fa496287a90>,<function <lambda> at 0x7fa496287b30>
17289,2021-12-21 08:00:00,<function <lambda> at 0x7fa4962879f0>,<function <lambda> at 0x7fa496287a90>,<function <lambda> at 0x7fa496287b30>
17290,2021-12-21 09:00:00,<function <lambda> at 0x7fa4962879f0>,<function <lambda> at 0x7fa496287a90>,<function <lambda> at 0x7fa496287b30>
17291,2021-12-21 10:00:00,<function <lambda> at 0x7fa4962879f0>,<function <lambda> at 0x7fa496287a90>,<function <lambda> at 0x7fa496287b30>
17292,2021-12-21 11:00:00,<function <lambda> at 0x7fa4962879f0>,<function <lambda> at 0x7fa496287a90>,<function <lambda> at 0x7fa496287b30>
17293,2021-12-21 12:00:00,<function <lambda> at 0x7fa4962879f0>,<function <lambda> at 0x7fa496287a90>,<function <lambda> at 0x7fa496287b30>
17294,2021-12-21 13:00:00,<function <lambda> at 0x7fa4962879f0>,<function <lambda> at 0x7fa496287a90>,<function <lambda> at 0x7fa496287b30>
17295,2021-12-21 14:00:00,<function <lambda> at 0x7fa4962879f0>,<function <lambda> at 0x7fa496287a90>,<function <lambda> at 0x7fa496287b30>
17296,2021-12-21 15:00:00,<function <lambda> at 0x7fa4962879f0>,<function <lambda> at 0x7fa496287a90>,<function <lambda> at 0x7fa496287b30>
17297,2021-12-21 16:00:00,<function <lambda> at 0x7fa4962879f0>,<function <lambda> at 0x7fa496287a90>,<function <lambda> at 0x7fa496287b30>
17298,2021-12-21 17:00:00,<function <lambda> at 0x7fa4962879f0>,<function <lambda> at 0x7fa496287a90>,<function <lambda> at 0x7fa496287b30>
17299,2021-12-21 18:00:00,<function <lambda> at 0x7fa4962879f0>,<function <lambda> at 0x7fa496287a90>,<function <lambda> at 0x7fa496287b30>
17300,2021-12-21 19:00:00,<function <lambda> at 0x7fa4962879f0>,<function <lambda> at 0x7fa496287a90>,<function <lambda> at 0x7fa496287b30>
17301,2021-12-21 20:00:00,<function <lambda> at 0x7fa4962879f0>,<function <lambda> at 0x7fa496287a90>,<function <lambda> at 0x7fa496287b30>
17302,2021-12-21 21:00:00,<function <lambda> at 0x7fa4962879f0>,<function <lambda> at 0x7fa496287a90>,<function <lambda> at 0x7fa496287b30>
17303,2021-12-21 22:00:00,<function <lambda> at 0x7fa4962879f0>,<function <lambda> at 0x7fa496287a90>,<function <lambda> at 0x7fa496287b30>
17304,2021-12-21 23:00:00,<function <lambda> at 0x7fa4962879f0>,<function <lambda> at 0x7fa496287a90>,<function <lambda> at 0x7fa496287b30>
17305,2021-12-22 00:00:00,<function <lambda> at 0x7fa4962879f0>,<function <lambda> at 0x7fa496287a90>,<function <lambda> at 0x7fa496287b30>
17306,2021-12-22 01:00:00,<function <lambda> at 0x7fa4962879f0>,<function <lambda> at 0x7fa496287a90>,<function <lambda> at 0x7fa496287b30>
17307,2021-12-22 02:00:00,<function <lambda> at 0x7fa4962879f0>,<function <lambda> at 0x7fa496287a90>,<function <lambda> at 0x7fa496287b30>
17308,2021-12-22 03:00:00,<function <lambda> at 0x7fa4962879f0>,<function <lambda> at 0x7fa496287a90>,<function <lambda> at 0x7fa496287b30>
17309,2021-12-22 04:00:00,<function <lambda> at 0x7fa4962879f0>,<function <lambda> at 0x7fa496287a90>,<function <lambda> at 0x7fa496287b30>
17310,2021-12-22 05:00:00,<function <lambda> at 0x7fa4962879f0>,<function <lambda> at 0x7fa496287a90>,<function <lambda> at 0x7fa496287b30>
17311,2021-12-22 06:00:00,<function <lambda> at 0x7fa4962879f0>,<function <lambda> at 0x7fa496287a90>,<function <lambda> at 0x7fa496287b30>
17312,2021-12-22 07:00:00,<function <lambda> at 0x7fa4962879f0>,<function <lambda> at 0x7fa496287a90>,<function <lambda> at 0x7fa496287b30>
17313,2021-12-22 08:00:00,<function <lambda> at 0x7fa4962879f0>,<function <lambda> at 0x7fa496287a90>,<function <lambda> at 0x7fa496287b30>
17314,2021-12-22 09:00:00,<function <lambda> at 0x7fa4962879f0>,<function <lambda> at 0x7fa496287a90>,<function <lambda> at 0x7fa496287b30>
17315,2021-12-22 10:00:00,<function <lambda> at 0x7fa4962879f0>,<function <lambda> at 0x7fa496287a90>,<function <lambda> at 0x7fa496287b30>
17316,2021-12-22 11:00:00,<function <lambda> at 0x7fa4962879f0>,<function <lambda> at 0x7fa496287a90>,<function <lambda> at 0x7fa496287b30>
17317,2021-12-22 12:00:00,<function <lambda> at 0x7fa4962879f0>,<function <lambda> at 0x7fa496287a90>,<function <lambda> at 0x7fa496287b30>
17318,2021-12-22 13:00:00,<function <lambda> at 0x7fa4962879f0>,<function <lambda> at 0x7fa496287a90>,<function <lambda> at 0x7fa496287b30>
17319,2021-12-22 14:00:00,<function <lambda> at 0x7fa4962879f0>,<function <lambda> at 0x7fa496287a90>,<function <lambda> at 0x7fa496287b30>
17320,2021-12-22 15:00:00,<function <lambda> at 0x7fa4962879f0>,<function <lambda> at 0x7fa496287a90>,<function <lambda> at 0x7fa496287b30>
17321,2021-12-22 16:00:00,<function <lambda> at 0x7fa4962879f0>,<function <lambda> at 0x7fa496287a90>,<function <lambda> at 0x7fa496287b30>
17322,2021-12-22 17:00:00,<function <lambda> at 0x7fa4962879f0>,<function <lambda> at 0x7fa496287a90>,<function <lambda> at 0x7fa496287b30>
17323,2021-12-22 18:00:00,<function <lambda> at 0x7fa4962879f0>,<function <lambda> at 0x7fa496287a90>,<function <lambda> at 0x7fa496287b30>
17324,2021-12-22 19:00:00,<function <lambda> at 0x7fa4962879f0>,<function <lambda> at 0x7fa496287a90>,<function <lambda> at 0x7fa496287b30>
17325,2021-12-22 20:00:00,<function <lambda> at 0x7fa4962879f0>,<function <lambda> at 0x7fa496287a90>,<function <lambda> at 0x7fa496287b30>
17326,2021-12-22 21:00:00,<function <lambda> at 0x7fa4962879f0>,<function <lambda> at 0x7fa496287a90>,<function <lambda> at 0x7fa496287b30>
17327,2021-12-22 22:00:00,<function <lambda> at 0x7fa4962879f0>,<function <lambda> at 0x7fa496287a90>,<function <lambda> at 0x7fa496287b30>
17328,2021-12-22 23:00:00,<function <lambda> at 0x7fa4962879f0>,<function <lambda> at 0x7fa496287a90>,<function <lambda> at 0x7fa496287b30>
17329,2021-12-23 00:00:00,<function <lambda> at 0x7fa4962879f0>,<function <lambda> at 0x7fa496287a90>,<function <lambda> at 0x7fa496287b30>
17330,2021-12-23 01:00:00,<function <lambda> at 0x7fa4962879f0>,<function <lambda> at 0x7fa496287a90>,<function <lambda> at 0x7fa496287b30>
17331,2021-12-23 02:00:00,<function <lambda> at 0x7fa4962879f0>,<function <lambda> at 0x7fa496287a90>,<function <lambda> at 0x7fa496287b30>
17332,2021-12-23 03:00:00,<function <lambda> at 0x7fa4962879f0>,<function <lambda> at 0x7fa496287a90>,<function <lambda> at 0x7fa496287b30>
17333,2021-12-23 04:00:00,<function <lambda> at 0x7fa4962879f0>,<function <lambda> at 0x7fa496287a90>,<function <lambda> at 0x7fa496287b30>
17334,2021-12-23 05:00:00,<function <lambda> at 0x7fa4962879f0>,<function <lambda> at 0x7fa496287a90>,<function <lambda> at 0x7fa496287b30>
17335,2021-12-23 06:00:00,<function <lambda> at 0x7fa4962879f0>,<function <lambda> at 0x7fa496287a90>,<function <lambda> at 0x7fa496287b30>
17336,2021-12-23 07:00:00,<function <lambda> at 0x7fa4962879f0>,<function <lambda> at 0x7fa496287a90>,<function <lambda> at 0x7fa496287b30>
17337,2021-12-23 08:00:00,<function <lambda> at 0x7fa4962879f0>,<function <lambda> at 0x7fa496287a90>,<function <lambda> at 0x7fa496287b30>
17338,2021-12-23 09:00:00,<function <lambda> at 0x7fa4962879f0>,<function <lambda> at 0x7fa496287a90>,<function <lambda> at 0x7fa496287b30>
17339,2021-12-23 10:00:00,<function <lambda> at 0x7fa4962879f0>,<function <lambda> at 0x7fa496287a90>,<function <lambda> at 0x7fa496287b30>
17340,2021-12-23 11:00:00,<function <lambda> at 0x7fa4962879f0>,<function <lambda> at 0x7fa496287a90>,<function <lambda> at 0x7fa496287b30>
17341,2021-12-23 12:00:00,<function <lambda> at 0x7fa4962879f0>,<function <lambda> at 0x7fa496287a90>,<function <lambda> at 0x7fa496287b30>
17342,2021-12-23 13:00:00,<function <lambda> at 0x7fa4962879f0>,<function <lambda> at 0x7fa496287a90>,<function <lambda> at 0x7fa496287b30>
17343,2021-12-23 14:00:00,<function <lambda> at 0x7fa4962879f0>,<function <lambda> at 0x7fa496287a90>,<function <lambda> at 0x7fa496287b30>
17344,2021-12-23 15:00:00,<function <lambda> at 0x7fa4962879f0>,<function <lambda> at 0x7fa496287a90>,<function <lambda> at 0x7fa496287b30>
17345,2021-12-23 16:00:00,<function <lambda> at 0x7fa4962879f0>,<function <lambda> at 0x7fa496287a90>,<function <lambda> at 0x7fa496287b30>
17346,2021-12-23 17:00:00,<function <lambda> at 0x7fa4962879f0>,<function <lambda> at 0x7fa496287a90>,<function <lambda> at 0x7fa496287b30>
17347,2021-12-23 18:00:00,<function <lambda> at 0x7fa4962879f0>,<function <lambda> at 0x7fa496287a90>,<function <lambda> at 0x7fa496287b30>
17348,2021-12-23 19:00:00,<function <lambda> at 0x7fa4962879f0>,<function <lambda> at 0x7fa496287a90>,<function <lambda> at 0x7fa496287b30>
17349,2021-12-23 20:00:00,<function <lambda> at 0x7fa4962879f0>,<function <lambda> at 0x7fa496287a90>,<function <lambda> at 0x7fa496287b30>
17350,2021-12-23 21:00:00,<function <lambda> at 0x7fa4962879f0>,<function <lambda> at 0x7fa496287a90>,<function <lambda> at 0x7fa496287b30>
17351,2021-12-23 22:00:00,<function <lambda> at 0x7fa4962879f0>,<function <lambda> at 0x7fa496287a90>,<function <lambda> at 0x7fa496287b30>
17352,2021-12-23 23:00:00,<function <lambda> at 0x7fa4962879f0>,<function <lambda> at 0x7fa496287a90>,<function <lambda> at 0x7fa496287b30>
17353,2021-12-24 00:00:00,<function <lambda> at 0x7fa4962879f0>,<function <lambda> at 0x7fa496287a90>,<function <lambda> at 0x7fa496287b30>
17354,2021-12-24 01:00:00,<function <lambda> at 0x7fa4962879f0>,<function <lambda> at 0x7fa496287a90>,<function <lambda> at 0x7fa496287b30>
17355,2021-12-24 02:00:00,<function <lambda> at 0x7fa4962879f0>,<function <lambda> at 0x7fa496287a90>,<function <lambda> at 0x7fa496287b30>
17356,2021-12-24 03:00:00,<function <lambda> at 0x7fa4962879f0>,<function <lambda> at 0x7fa496287a90>,<function <lambda> at 0x7fa496287b30>
17357,2021-12-24 04:00:00,<function <lambda> at 0x7fa4962879f0>,<function <lambda> at 0x7fa496287a90>,<function <lambda> at 0x7fa496287b30>
17358,2021-12-24 05:00:00,<function <lambda> at 0x7fa4962879f0>,<function <lambda> at 0x7fa496287a90>,<function <lambda> at 0x7fa496287b30>
17359,2021-12-24 06:00:00,<function <lambda> at 0x7fa4962879f0>,<function <lambda> at 0x7fa496287a90>,<function <lambda> at 0x7fa496287b30>
17360,2021-12-24 07:00:00,<function <lambda> at 0x7fa4962879f0>,<function <lambda> at 0x7fa496287a90>,<function <lambda> at 0x7fa496287b30>
17361,2021-12-24 08:00:00,<function <lambda> at 0x7fa4962879f0>,<function <lambda> at 0x7fa496287a90>,<function <lambda> at 0x7fa496287b30>
17362,2021-12-24 09:00:00,<function <lambda> at 0x7fa4962879f0>,<function <lambda> at 0x7fa496287a90>,<function <lambda> at 0x7fa496287b30>
17363,2021-12-24 10:00:00,<function <lambda> at 0x7fa4962879f0>,<function <lambda> at 0x7fa496287a90>,<function <lambda> at 0x7fa496287b30>
17364,2021-12-24 11:00:00,<function <lambda> at 0x7fa4962879f0>,<function <lambda> at 0x7fa496287a90>,<function <lambda> at 0x7fa496287b30>
17365,2021-12-24 12:00:00,<function <lambda> at 0x7fa4962879f0>,<function <lambda> at 0x7fa496287a90>,<function <lambda> at 0x7fa496287b30>
17366,2021-12-24 13:00:00,<function <lambda> at 0x7fa4962879f0>,<function <lambda> at 0x7fa496287a90>,<function <lambda> at 0x7fa496287b30>
17367,2021-12-24 14:00:00,<function <lambda> at 0x7fa4962879f0>,<function <lambda> at 0x7fa496287a90>,<function <lambda> at 0x7fa496287b30>
17368,2021-12-24 15:00:00,<function <lambda> at 0x7fa4962879f0>,<function <lambda> at 0x7fa496287a90>,<function <lambda> at 0x7fa496287b30>
17369,2021-12-24 16:00:00,<function <lambda> at 0x7fa4962879f0>,<function <lambda> at 0x7fa496287a90>,<function <lambda> at 0x7fa496287b30>
17370,2021-12-24 17:00:00,<function <lambda> at 0x7fa4962879f0>,<function <lambda> at 0x7fa496287a90>,<function <lambda> at 0x7fa496287b30>
17371,2021-12-24 18:00:00,<function <lambda> at 0x7fa4962879f0>,<function <lambda> at 0x7fa496287a90>,<function <lambda> at 0x7fa496287b30>
17372,2021-12-24 19:00:00,<function <lambda> at 0x7fa4962879f0>,<function <lambda> at 0x7fa496287a90>,<function <lambda> at 0x7fa496287b30>
17373,2021-12-24 20:00:00,<function <lambda> at 0x7fa4962879f0>,<function <lambda> at 0x7fa496287a90>,<function <lambda> at 0x7fa496287b30>
17374,2021-12-24 21:00:00,<function <lambda> at 0x7fa4962879f0>,<function <lambda> at 0x7fa496287a90>,<function <lambda> at 0x7fa496287b30>
17375,2021-12-24 22:00:00,<function <lambda> at 0x7fa4962879f0>,<function <lambda> at 0x7fa496287a90>,<function <lambda> at 0x7fa496287b30>
17376,2021-12-24 23:00:00,<function <lambda> at 0x7fa4962879f0>,<function <lambda> at 0x7fa496287a90>,<function <lambda> at 0x7fa496287b30>
17377,2021-12-25 00:00:00,<function <lambda> at 0x7fa4962879f0>,<function <lambda> at 0x7fa496287a90>,<function <lambda> at 0x7fa496287b30>
17378,2021-12-25 01:00:00,<function <lambda> at 0x7fa4962879f0>,<function <lambda> at 0x7fa496287a90>,<function <lambda> at 0x7fa496287b30>
17379,2021-12-25 02:00:00,<function <lambda> at 0x7fa4962879f0>,<function <lambda> at 0x7fa496287a90>,<function <lambda> at 0x7fa496287b30>
17380,2021-12-25 03:00:00,<function <lambda> at 0x7fa4962879f0>,<function <lambda> at 0x7fa496287a90>,<function <lambda> at 0x7fa496287b30>
17381,2021-12-25 04:00:00,<function <lambda> at 0x7fa4962879f0>,<function <lambda> at 0x7fa496287a90>,<function <lambda> at 0x7fa496287b30>
17382,2021-12-25 05:00:00,<function <lambda> at 0x7fa4962879f0>,<function <lambda> at 0x7fa496287a90>,<function <lambda> at 0x7fa496287b30>
17383,2021-12-25 06:00:00,<function <lambda> at 0x7fa4962879f0>,<function <lambda> at 0x7fa496287a90>,<function <lambda> at 0x7fa496287b30>
17384,2021-12-25 07:00:00,<function <lambda> at 0x7fa4962879f0>,<function <lambda> at 0x7fa496287a90>,<function <lambda> at 0x7fa496287b30>
17385,2021-12-25 08:00:00,<function <lambda> at 0x7fa4962879f0>,<function <lambda> at 0x7fa496287a90>,<function <lambda> at 0x7fa496287b30>
17386,2021-12-25 09:00:00,<function <lambda> at 0x7fa4962879f0>,<function <lambda> at 0x7fa496287a90>,<function <lambda> at 0x7fa496287b30>
17387,2021-12-25 10:00:00,<function <lambda> at 0x7fa4962879f0>,<function <lambda> at 0x7fa496287a90>,<function <lambda> at 0x7fa496287b30>
17388,2021-12-25 11:00:00,<function <lambda> at 0x7fa4962879f0>,<function <lambda> at 0x7fa496287a90>,<function <lambda> at 0x7fa496287b30>
17389,2021-12-25 12:00:00,<function <lambda> at 0x7fa4962879f0>,<function <lambda> at 0x7fa496287a90>,<function <lambda> at 0x7fa496287b30>
17390,2021-12-25 13:00:00,<function <lambda> at 0x7fa4962879f0>,<function <lambda> at 0x7fa496287a90>,<function <lambda> at 0x7fa496287b30>
17391,2021-12-25 14:00:00,<function <lambda> at 0x7fa4962879f0>,<function <lambda> at 0x7fa496287a90>,<function <lambda> at 0x7fa496287b30>
17392,2021-12-25 15:00:00,<function <lambda> at 0x7fa4962879f0>,<function <lambda> at 0x7fa496287a90>,<function <lambda> at 0x7fa496287b30>
17393,2021-12-25 16:00:00,<function <lambda> at 0x7fa4962879f0>,<function <lambda> at 0x7fa496287a90>,<function <lambda> at 0x7fa496287b30>
17394,2021-12-25 17:00:00,<function <lambda> at 0x7fa4962879f0>,<function <lambda> at 0x7fa496287a90>,<function <lambda> at 0x7fa496287b30>
17395,2021-12-25 18:00:00,<function <lambda> at 0x7fa4962879f0>,<function <lambda> at 0x7fa496287a90>,<function <lambda> at 0x7fa496287b30>
17396,2021-12-25 19:00:00,<function <lambda> at 0x7fa4962879f0>,<function <lambda> at 0x7fa496287a90>,<function <lambda> at 0x7fa496287b30>
17397,2021-12-25 20:00:00,<function <lambda> at 0x7fa4962879f0>,<function <lambda> at 0x7fa496287a90>,<function <lambda> at 0x7fa496287b30>
17398,2021-12-25 21:00:00,<function <lambda> at 0x7fa4962879f0>,<function <lambda> at 0x7fa496287a90>,<function <lambda> at 0x7fa496287b30>
17399,2021-12-25 22:00:00,<function <lambda> at 0x7fa4962879f0>,<function <lambda> at 0x7fa496287a90>,<function <lambda> at 0x7fa496287b30>
17400,2021-12-25 23:00:00,<function <lambda> at 0x7fa4962879f0>,<function <lambda> at 0x7fa496287a90>,<function <lambda> at 0x7fa496287b30>
17401,2021-12-26 00:00:00,<function <lambda> at 0x7fa4962879f0>,<function <lambda> at 0x7fa496287a90>,<function <lambda> at 0x7fa496287b30>
17402,2021-12-26 01:00:00,<function <lambda> at 0x7fa4962879f0>,<function <lambda> at 0x7fa496287a90>,<function <lambda> at 0x7fa496287b30>
17403,2021-12-26 02:00:00,<function <lambda> at 0x7fa4962879f0>,<function <lambda> at 0x7fa496287a90>,<function <lambda> at 0x7fa496287b30>
17404,2021-12-26 03:00:00,<function <lambda> at 0x7fa4962879f0>,<function <lambda> at 0x7fa496287a90>,<function <lambda> at 0x7fa496287b30>
17405,2021-12-26 04:00:00,<function <lambda> at 0x7fa4962879f0>,<function <lambda> at 0x7fa496287a90>,<function <lambda> at 0x7fa496287b30>
17406,2021-12-26 05:00:00,<function <lambda> at 0x7fa4962879f0>,<function <lambda> at 0x7fa496287a90>,<function <lambda> at 0x7fa496287b30>
17407,2021-12-26 06:00:00,<function <lambda> at 0x7fa4962879f0>,<function <lambda> at 0x7fa496287a90>,<function <lambda> at 0x7fa496287b30>
17408,2021-12-26 07:00:00,<function <lambda> at 0x7fa4962879f0>,<function <lambda> at 0x7fa496287a90>,<function <lambda> at 0x7fa496287b30>
17409,2021-12-26 08:00:00,<function <lambda> at 0x7fa4962879f0>,<function <lambda> at 0x7fa496287a90>,<function <lambda> at 0x7fa496287b30>
17410,2021-12-26 09:00:00,<function <lambda> at 0x7fa4962879f0>,<function <lambda> at 0x7fa496287a90>,<function <lambda> at 0x7fa496287b30>
17411,2021-12-26 10:00:00,<function <lambda> at 0x7fa4962879f0>,<function <lambda> at 0x7fa496287a90>,<function <lambda> at 0x7fa496287b30>
17412,2021-12-26 11:00:00,<function <lambda> at 0x7fa4962879f0>,<function <lambda> at 0x7fa496287a90>,<function <lambda> at 0x7fa496287b30>
17413,2021-12-26 12:00:00,<function <lambda> at 0x7fa4962879f0>,<function <lambda> at 0x7fa496287a90>,<function <lambda> at 0x7fa496287b30>
17414,2021-12-26 13:00:00,<function <lambda> at 0x7fa4962879f0>,<function <lambda> at 0x7fa496287a90>,<function <lambda> at 0x7fa496287b30>
17415,2021-12-26 14:00:00,<function <lambda> at 0x7fa4962879f0>,<function <lambda> at 0x7fa496287a90>,<function <lambda> at 0x7fa496287b30>
17416,2021-12-26 15:00:00,<function <lambda> at 0x7fa4962879f0>,<function <lambda> at 0x7fa496287a90>,<function <lambda> at 0x7fa496287b30>
17417,2021-12-26 16:00:00,<function <lambda> at 0x7fa4962879f0>,<function <lambda> at 0x7fa496287a90>,<function <lambda> at 0x7fa496287b30>
17418,2021-12-26 17:00:00,<function <lambda> at 0x7fa4962879f0>,<function <lambda> at 0x7fa496287a90>,<function <lambda> at 0x7fa496287b30>
17419,2021-12-26 18:00:00,<function <lambda> at 0x7fa4962879f0>,<function <lambda> at 0x7fa496287a90>,<function <lambda> at 0x7fa496287b30>
17420,2021-12-26 19:00:00,<function <lambda> at 0x7fa4962879f0>,<function <lambda> at 0x7fa496287a90>,<function <lambda> at 0x7fa496287b30>
17421,2021-12-26 20:00:00,<function <lambda> at 0x7fa4962879f0>,<function <lambda> at 0x7fa496287a90>,<function <lambda> at 0x7fa496287b30>
17422,2021-12-26 21:00:00,<function <lambda> at 0x7fa4962879f0>,<function <lambda> at 0x7fa496287a90>,<function <lambda> at 0x7fa496287b30>
17423,2021-12-26 22:00:00,<function <lambda> at 0x7fa4962879f0>,<function <lambda> at 0x7fa496287a90>,<function <lambda> at 0x7fa496287b30>
17424,2021-12-26 23:00:00,<function <lambda> at 0x7fa4962879f0>,<function <lambda> at 0x7fa496287a90>,<function <lambda> at 0x7fa496287b30>
17425,2021-12-27 00:00:00,<function <lambda> at 0x7fa4962879f0>,<function <lambda> at 0x7fa496287a90>,<function <lambda> at 0x7fa496287b30>
17426,2021-12-27 01:00:00,<function <lambda> at 0x7fa4962879f0>,<function <lambda> at 0x7fa496287a90>,<function <lambda> at 0x7fa496287b30>
17427,2021-12-27 02:00:00,<function <lambda> at 0x7fa4962879f0>,<function <lambda> at 0x7fa496287a90>,<function <lambda> at 0x7fa496287b30>
17428,2021-12-27 03:00:00,<function <lambda> at 0x7fa4962879f0>,<function <lambda> at 0x7fa496287a90>,<function <lambda> at 0x7fa496287b30>
17429,2021-12-27 04:00:00,<function <lambda> at 0x7fa4962879f0>,<function <lambda> at 0x7fa496287a90>,<function <lambda> at 0x7fa496287b30>
17430,2021-12-27 05:00:00,<function <lambda> at 0x7fa4962879f0>,<function <lambda> at 0x7fa496287a90>,<function <lambda> at 0x7fa496287b30>
17431,2021-12-27 06:00:00,<function <lambda> at 0x7fa4962879f0>,<function <lambda> at 0x7fa496287a90>,<function <lambda> at 0x7fa496287b30>
17432,2021-12-27 07:00:00,<function <lambda> at 0x7fa4962879f0>,<function <lambda> at 0x7fa496287a90>,<function <lambda> at 0x7fa496287b30>
17433,2021-12-27 08:00:00,<function <lambda> at 0x7fa4962879f0>,<function <lambda> at 0x7fa496287a90>,<function <lambda> at 0x7fa496287b30>
17434,2021-12-27 09:00:00,<function <lambda> at 0x7fa4962879f0>,<function <lambda> at 0x7fa496287a90>,<function <lambda> at 0x7fa496287b30>
17435,2021-12-27 10:00:00,<function <lambda> at 0x7fa4962879f0>,<function <lambda> at 0x7fa496287a90>,<function <lambda> at 0x7fa496287b30>
17436,2021-12-27 11:00:00,<function <lambda> at 0x7fa4962879f0>,<function <lambda> at 0x7fa496287a90>,<function <lambda> at 0x7fa496287b30>
17437,2021-12-27 12:00:00,<function <lambda> at 0x7fa4962879f0>,<function <lambda> at 0x7fa496287a90>,<function <lambda> at 0x7fa496287b30>
17438,2021-12-27 13:00:00,<function <lambda> at 0x7fa4962879f0>,<function <lambda> at 0x7fa496287a90>,<function <lambda> at 0x7fa496287b30>
17439,2021-12-27 14:00:00,<function <lambda> at 0x7fa4962879f0>,<function <lambda> at 0x7fa496287a90>,<function <lambda> at 0x7fa496287b30>
17440,2021-12-27 15:00:00,<function <lambda> at 0x7fa4962879f0>,<function <lambda> at 0x7fa496287a90>,<function <lambda> at 0x7fa496287b30>
17441,2021-12-27 16:00:00,<function <lambda> at 0x7fa4962879f0>,<function <lambda> at 0x7fa496287a90>,<function <lambda> at 0x7fa496287b30>
17442,2021-12-27 17:00:00,<function <lambda> at 0x7fa4962879f0>,<function <lambda> at 0x7fa496287a90>,<function <lambda> at 0x7fa496287b30>
17443,2021-12-27 18:00:00,<function <lambda> at 0x7fa4962879f0>,<function <lambda> at 0x7fa496287a90>,<function <lambda> at 0x7fa496287b30>
17444,2021-12-27 19:00:00,<function <lambda> at 0x7fa4962879f0>,<function <lambda> at 0x7fa496287a90>,<function <lambda> at 0x7fa496287b30>
17445,2021-12-27 20:00:00,<function <lambda> at 0x7fa4962879f0>,<function <lambda> at 0x7fa496287a90>,<function <lambda> at 0x7fa496287b30>
17446,2021-12-27 21:00:00,<function <lambda> at 0x7fa4962879f0>,<function <lambda> at 0x7fa496287a90>,<function <lambda> at 0x7fa496287b30>
17447,2021-12-27 22:00:00,<function <lambda> at 0x7fa4962879f0>,<function <lambda> at 0x7fa496287a90>,<function <lambda> at 0x7fa496287b30>
17448,2021-12-27 23:00:00,<function <lambda> at 0x7fa4962879f0>,<function <lambda> at 0x7fa496287a90>,<function <lambda> at 0x7fa496287b30>
17449,2021-12-28 00:00:00,<function <lambda> at 0x7fa4962879f0>,<function <lambda> at 0x7fa496287a90>,<function <lambda> at 0x7fa496287b30>
17450,2021-12-28 01:00:00,<function <lambda> at 0x7fa4962879f0>,<function <lambda> at 0x7fa496287a90>,<function <lambda> at 0x7fa496287b30>
17451,2021-12-28 02:00:00,<function <lambda> at 0x7fa4962879f0>,<function <lambda> at 0x7fa496287a90>,<function <lambda> at 0x7fa496287b30>
17452,2021-12-28 03:00:00,<function <lambda> at 0x7fa4962879f0>,<function <lambda> at 0x7fa496287a90>,<function <lambda> at 0x7fa496287b30>
17453,2021-12-28 04:00:00,<function <lambda> at 0x7fa4962879f0>,<function <lambda> at 0x7fa496287a90>,<function <lambda> at 0x7fa496287b30>
17454,2021-12-28 05:00:00,<function <lambda> at 0x7fa4962879f0>,<function <lambda> at 0x7fa496287a90>,<function <lambda> at 0x7fa496287b30>
17455,2021-12-28 06:00:00,<function <lambda> at 0x7fa4962879f0>,<function <lambda> at 0x7fa496287a90>,<function <lambda> at 0x7fa496287b30>
17456,2021-12-28 07:00:00,<function <lambda> at 0x7fa4962879f0>,<function <lambda> at 0x7fa496287a90>,<function <lambda> at 0x7fa496287b30>
17457,2021-12-28 08:00:00,<function <lambda> at 0x7fa4962879f0>,<function <lambda> at 0x7fa496287a90>,<function <lambda> at 0x7fa496287b30>
17458,2021-12-28 09:00:00,<function <lambda> at 0x7fa4962879f0>,<function <lambda> at 0x7fa496287a90>,<function <lambda> at 0x7fa496287b30>
17459,2021-12-28 10:00:00,<function <lambda> at 0x7fa4962879f0>,<function <lambda> at 0x7fa496287a90>,<function <lambda> at 0x7fa496287b30>
17460,2021-12-28 11:00:00,<function <lambda> at 0x7fa4962879f0>,<function <lambda> at 0x7fa496287a90>,<function <lambda> at 0x7fa496287b30>
17461,2021-12-28 12:00:00,<function <lambda> at 0x7fa4962879f0>,<function <lambda> at 0x7fa496287a90>,<function <lambda> at 0x7fa496287b30>
17462,2021-12-28 13:00:00,<function <lambda> at 0x7fa4962879f0>,<function <lambda> at 0x7fa496287a90>,<function <lambda> at 0x7fa496287b30>
17463,2021-12-28 14:00:00,<function <lambda> at 0x7fa4962879f0>,<function <lambda> at 0x7fa496287a90>,<function <lambda> at 0x7fa496287b30>
17464,2021-12-28 15:00:00,<function <lambda> at 0x7fa4962879f0>,<function <lambda> at 0x7fa496287a90>,<function <lambda> at 0x7fa496287b30>
17465,2021-12-28 16:00:00,<function <lambda> at 0x7fa4962879f0>,<function <lambda> at 0x7fa496287a90>,<function <lambda> at 0x7fa496287b30>
17466,2021-12-28 17:00:00,<function <lambda> at 0x7fa4962879f0>,<function <lambda> at 0x7fa496287a90>,<function <lambda> at 0x7fa496287b30>
17467,2021-12-28 18:00:00,<function <lambda> at 0x7fa4962879f0>,<function <lambda> at 0x7fa496287a90>,<function <lambda> at 0x7fa496287b30>
17468,2021-12-28 19:00:00,<function <lambda> at 0x7fa4962879f0>,<function <lambda> at 0x7fa496287a90>,<function <lambda> at 0x7fa496287b30>
17469,2021-12-28 20:00:00,<function <lambda> at 0x7fa4962879f0>,<function <lambda> at 0x7fa496287a90>,<function <lambda> at 0x7fa496287b30>
17470,2021-12-28 21:00:00,<function <lambda> at 0x7fa4962879f0>,<function <lambda> at 0x7fa496287a90>,<function <lambda> at 0x7fa496287b30>
17471,2021-12-28 22:00:00,<function <lambda> at 0x7fa4962879f0>,<function <lambda> at 0x7fa496287a90>,<function <lambda> at 0x7fa496287b30>
17472,2021-12-28 23:00:00,<function <lambda> at 0x7fa4962879f0>,<function <lambda> at 0x7fa496287a90>,<function <lambda> at 0x7fa496287b30>
17473,2021-12-29 00:00:00,<function <lambda> at 0x7fa4962879f0>,<function <lambda> at 0x7fa496287a90>,<function <lambda> at 0x7fa496287b30>
17474,2021-12-29 01:00:00,<function <lambda> at 0x7fa4962879f0>,<function <lambda> at 0x7fa496287a90>,<function <lambda> at 0x7fa496287b30>
17475,2021-12-29 02:00:00,<function <lambda> at 0x7fa4962879f0>,<function <lambda> at 0x7fa496287a90>,<function <lambda> at 0x7fa496287b30>
17476,2021-12-29 03:00:00,<function <lambda> at 0x7fa4962879f0>,<function <lambda> at 0x7fa496287a90>,<function <lambda> at 0x7fa496287b30>
17477,2021-12-29 04:00:00,<function <lambda> at 0x7fa4962879f0>,<function <lambda> at 0x7fa496287a90>,<function <lambda> at 0x7fa496287b30>
17478,2021-12-29 05:00:00,<function <lambda> at 0x7fa4962879f0>,<function <lambda> at 0x7fa496287a90>,<function <lambda> at 0x7fa496287b30>
17479,2021-12-29 06:00:00,<function <lambda> at 0x7fa4962879f0>,<function <lambda> at 0x7fa496287a90>,<function <lambda> at 0x7fa496287b30>
17480,2021-12-29 07:00:00,<function <lambda> at 0x7fa4962879f0>,<function <lambda> at 0x7fa496287a90>,<function <lambda> at 0x7fa496287b30>
17481,2021-12-29 08:00:00,<function <lambda> at 0x7fa4962879f0>,<function <lambda> at 0x7fa496287a90>,<function <lambda> at 0x7fa496287b30>
17482,2021-12-29 09:00:00,<function <lambda> at 0x7fa4962879f0>,<function <lambda> at 0x7fa496287a90>,<function <lambda> at 0x7fa496287b30>
17483,2021-12-29 10:00:00,<function <lambda> at 0x7fa4962879f0>,<function <lambda> at 0x7fa496287a90>,<function <lambda> at 0x7fa496287b30>
17484,2021-12-29 11:00:00,<function <lambda> at 0x7fa4962879f0>,<function <lambda> at 0x7fa496287a90>,<function <lambda> at 0x7fa496287b30>
17485,2021-12-29 12:00:00,<function <lambda> at 0x7fa4962879f0>,<function <lambda> at 0x7fa496287a90>,<function <lambda> at 0x7fa496287b30>
17486,2021-12-29 13:00:00,<function <lambda> at 0x7fa4962879f0>,<function <lambda> at 0x7fa496287a90>,<function <lambda> at 0x7fa496287b30>
17487,2021-12-29 14:00:00,<function <lambda> at 0x7fa4962879f0>,<function <lambda> at 0x7fa496287a90>,<function <lambda> at 0x7fa496287b30>
17488,2021-12-29 15:00:00,<function <lambda> at 0x7fa4962879f0>,<function <lambda> at 0x7fa496287a90>,<function <lambda> at 0x7fa496287b30>
17489,2021-12-29 16:00:00,<function <lambda> at 0x7fa4962879f0>,<function <lambda> at 0x7fa496287a90>,<function <lambda> at 0x7fa496287b30>
17490,2021-12-29 17:00:00,<function <lambda> at 0x7fa4962879f0>,<function <lambda> at 0x7fa496287a90>,<function <lambda> at 0x7fa496287b30>
17491,2021-12-29 18:00:00,<function <lambda> at 0x7fa4962879f0>,<function <lambda> at 0x7fa496287a90>,<function <lambda> at 0x7fa496287b30>
17492,2021-12-29 19:00:00,<function <lambda> at 0x7fa4962879f0>,<function <lambda> at 0x7fa496287a90>,<function <lambda> at 0x7fa496287b30>
17493,2021-12-29 20:00:00,<function <lambda> at 0x7fa4962879f0>,<function <lambda> at 0x7fa496287a90>,<function <lambda> at 0x7fa496287b30>
17494,2021-12-29 21:00:00,<function <lambda> at 0x7fa4962879f0>,<function <lambda> at 0x7fa496287a90>,<function <lambda> at 0x7fa496287b30>
17495,2021-12-29 22:00:00,<function <lambda> at 0x7fa4962879f0>,<function <lambda> at 0x7fa496287a90>,<function <lambda> at 0x7fa496287b30>
17496,2021-12-29 23:00:00,<function <lambda> at 0x7fa4962879f0>,<function <lambda> at 0x7fa496287a90>,<function <lambda> at 0x7fa496287b30>
17497,2021-12-30 00:00:00,<function <lambda> at 0x7fa4962879f0>,<function <lambda> at 0x7fa496287a90>,<function <lambda> at 0x7fa496287b30>
17498,2021-12-30 01:00:00,<function <lambda> at 0x7fa4962879f0>,<function <lambda> at 0x7fa496287a90>,<function <lambda> at 0x7fa496287b30>
17499,2021-12-30 02:00:00,<function <lambda> at 0x7fa4962879f0>,<function <lambda> at 0x7fa496287a90>,<function <lambda> at 0x7fa496287b30>
17500,2021-12-30 03:00:00,<function <lambda> at 0x7fa4962879f0>,<function <lambda> at 0x7fa496287a90>,<function <lambda> at 0x7fa496287b30>
17501,2021-12-30 04:00:00,<function <lambda> at 0x7fa4962879f0>,<function <lambda> at 0x7fa496287a90>,<function <lambda> at 0x7fa496287b30>
17502,2021-12-30 05:00:00,<function <lambda> at 0x7fa4962879f0>,<function <lambda> at 0x7fa496287a90>,<function <lambda> at 0x7fa496287b30>
17503,2021-12-30 06:00:00,<function <lambda> at 0x7fa4962879f0>,<function <lambda> at 0x7fa496287a90>,<function <lambda> at 0x7fa496287b30>
17504,2021-12-30 07:00:00,<function <lambda> at 0x7fa4962879f0>,<function <lambda> at 0x7fa496287a90>,<function <lambda> at 0x7fa496287b30>
17505,2021-12-30 08:00:00,<function <lambda> at 0x7fa4962879f0>,<function <lambda> at 0x7fa496287a90>,<function <lambda> at 0x7fa496287b30>
17506,2021-12-30 09:00:00,<function <lambda> at 0x7fa4962879f0>,<function <lambda> at 0x7fa496287a90>,<function <lambda> at 0x7fa496287b30>
17507,2021-12-30 10:00:00,<function <lambda> at 0x7fa4962879f0>,<function <lambda> at 0x7fa496287a90>,<function <lambda> at 0x7fa496287b30>
17508,2021-12-30 11:00:00,<function <lambda> at 0x7fa4962879f0>,<function <lambda> at 0x7fa496287a90>,<function <lambda> at 0x7fa496287b30>
17509,2021-12-30 12:00:00,<function <lambda> at 0x7fa4962879f0>,<function <lambda> at 0x7fa496287a90>,<function <lambda> at 0x7fa496287b30>
17510,2021-12-30 13:00:00,<function <lambda> at 0x7fa4962879f0>,<function <lambda> at 0x7fa496287a90>,<function <lambda> at 0x7fa496287b30>
17511,2021-12-30 14:00:00,<function <lambda> at 0x7fa4962879f0>,<function <lambda> at 0x7fa496287a90>,<function <lambda> at 0x7fa496287b30>
17512,2021-12-30 15:00:00,<function <lambda> at 0x7fa4962879f0>,<function <lambda> at 0x7fa496287a90>,<function <lambda> at 0x7fa496287b30>
17513,2021-12-30 16:00:00,<function <lambda> at 0x7fa4962879f0>,<function <lambda> at 0x7fa496287a90>,<function <lambda> at 0x7fa496287b30>
17514,2021-12-30 17:00:00,<function <lambda> at 0x7fa4962879f0>,<function <lambda> at 0x7fa496287a90>,<function <lambda> at 0x7fa496287b30>
17515,2021-12-30 18:00:00,<function <lambda> at 0x7fa4962879f0>,<function <lambda> at 0x7fa496287a90>,<function <lambda> at 0x7fa496287b30>
17516,2021-12-30 19:00:00,<function <lambda> at 0x7fa4962879f0>,<function <lambda> at 0x7fa496287a90>,<function <lambda> at 0x7fa496287b30>
17517,2021-12-30 20:00:00,<function <lambda> at 0x7fa4962879f0>,<function <lambda> at 0x7fa496287a90>,<function <lambda> at 0x7fa496287b30>
17518,2021-12-30 21:00:00,<function <lambda> at 0x7fa4962879f0>,<function <lambda> at 0x7fa496287a90>,<function <lambda> at 0x7fa496287b30>
17519,2021-12-30 22:00:00,<function <lambda> at 0x7fa4962879f0>,<function <lambda> at 0x7fa496287a90>,<function <lambda> at 0x7fa496287b30>
17520,2021-12-30 23:00:00,<function <lambda> at 0x7fa4962879f0>,<function <lambda> at 0x7fa496287a90>,<function <lambda> at 0x7fa496287b30>
17521,2021-12-31 00:00:00,<function <lambda> at 0x7fa4962879f0>,<function <lambda> at 0x7fa496287a90>,<function <lambda> at 0x7fa496287b30>
17522,2021-12-31 01:00:00,<function <lambda> at 0x7fa4962879f0>,<function <lambda> at 0x7fa496287a90>,<function <lambda> at 0x7fa496287b30>
17523,2021-12-31 02:00:00,<function <lambda> at 0x7fa4962879f0>,<function <lambda> at 0x7fa496287a90>,<function <lambda> at 0x7fa496287b30>
17524,2021-12-31 03:00:00,<function <lambda> at 0x7fa4962879f0>,<function <lambda> at 0x7fa496287a90>,<function <lambda> at 0x7fa496287b30>
17525,2021-12-31 04:00:00,<function <lambda> at 0x7fa4962879f0>,<function <lambda> at 0x7fa496287a90>,<function <lambda> at 0x7fa496287b30>
17526,2021-12-31 05:00:00,<function <lambda> at 0x7fa4962879f0>,<function <lambda> at 0x7fa496287a90>,<function <lambda> at 0x7fa496287b30>
17527,2021-12-31 06:00:00,<function <lambda> at 0x7fa4962879f0>,<function <lambda> at 0x7fa496287a90>,<function <lambda> at 0x7fa496287b30>
17528,2021-12-31 07:00:00,<function <lambda> at 0x7fa4962879f0>,<function <lambda> at 0x7fa496287a90>,<function <lambda> at 0x7fa496287b30>
17529,2021-12-31 08:00:00,<function <lambda> at 0x7fa4962879f0>,<function <lambda> at 0x7fa496287a90>,<function <lambda> at 0x7fa496287b30>
17530,2021-12-31 09:00:00,<function <lambda> at 0x7fa4962879f0>,<function <lambda> at 0x7fa496287a90>,<function <lambda> at 0x7fa496287b30>
17531,2021-12-31 10:00:00,<function <lambda> at 0x7fa4962879f0>,<function <lambda> at 0x7fa496287a90>,<function <lambda> at 0x7fa496287b30>
17532,2021-12-31 11:00:00,<function <lambda> at 0x7fa4962879f0>,<function <lambda> at 0x7fa496287a90>,<function <lambda> at 0x7fa496287b30>
17533,2021-12-31 12:00:00,<function <lambda> at 0x7fa4962879f0>,<function <lambda> at 0x7fa496287a90>,<function <lambda> at 0x7fa496287b30>
17534,2021-12-31 13:00:00,<function <lambda> at 0x7fa4962879f0>,<function <lambda> at 0x7fa496287a90>,<function <lambda> at 0x7fa496287b30>
17535,2021-12-31 14:00:00,<function <lambda> at 0x7fa4962879f0>,<function <lambda> at 0x7fa496287a90>,<function <lambda> at 0x7fa496287b30>
17536,2021-12-31 15:00:00,<function <lambda> at 0x7fa4962879f0>,<function <lambda> at 0x7fa496287a90>,<function <lambda> at 0x7fa496287b30>
17537,2021-12-31 16:00:00,<function <lambda> at 0x7fa4962879f0>,<function <lambda> at 0x7fa496287a90>,<function <lambda> at 0x7fa496287b30>
17538,2021-12-31 17:00:00,<function <lambda> at 0x7fa4962879f0>,<function <lambda> at 0x7fa496287a90>,<function <lambda> at 0x7fa496287b30>
17539,2021-12-31 18:00:00,<function <lambda> at 0x7fa4962879f0>,<function <lambda> at 0x7fa496287a90>,<function <lambda> at 0x7fa496287b30>
17540,2021-12-31 19:00:00,<function <lambda> at 0x7fa4962879f0>,<function <lambda> at 0x7fa496287a90>,<function <lambda> at 0x7fa496287b30>
17541,2021-12-31 20:00:00,<function <lambda> at 0x7fa4962879f0>,<function <lambda> at 0x7fa496287a90>,<function <lambda> at 0x7fa496287b30>
17542,2021-12-31 21:00:00,<function <lambda> at 0x7fa4962879f0>,<function <lambda> at 0x7fa496287a90>,<function <lambda> at 0x7fa496287b30>
17543,2021-12-31 22:00:00,<function <lambda> at 0x7fa4962879f0>,<function <lambda> at 0x7fa496287a90>,<function <lambda> at 0x7fa496287b30>
17544,2021-12-31 23:00:00,<function <lambda> at 0x7fa4962879f0>,<function <lambda> at 0x7fa496287a90>,<function <lambda> at 0x7fa496287b30>
17545,2022-01-01 00:00:00,<function <lambda> at 0x7fa4962879f0>,<function <lambda> at 0x7fa496287a90>,<function <lambda> at 0x7fa496287b30>
17546,2022-01-01 01:00:00,<function <lambda> at 0x7fa4962879f0>,<function <lambda> at 0x7fa496287a90>,<function <lambda> at 0x7fa496287b30>
17547,2022-01-01 02:00:00,<function <lambda> at 0x7fa4962879f0>,<function <lambda> at 0x7fa496287a90>,<function <lambda> at 0x7fa496287b30>
17548,2022-01-01 03:00:00,<function <lambda> at 0x7fa4962879f0>,<function <lambda> at 0x7fa496287a90>,<function <lambda> at 0x7fa496287b30>
17549,2022-01-01 04:00:00,<function <lambda> at 0x7fa4962879f0>,<function <lambda> at 0x7fa496287a90>,<function <lambda> at 0x7fa496287b30>
17550,2022-01-01 05:00:00,<function <lambda> at 0x7fa4962879f0>,<function <lambda> at 0x7fa496287a90>,<function <lambda> at 0x7fa496287b30>
17551,2022-01-01 06:00:00,<function <lambda> at 0x7fa4962879f0>,<function <lambda> at 0x7fa496287a90>,<function <lambda> at 0x7fa496287b30>
17552,2022-01-01 07:00:00,<function <lambda> at 0x7fa4962879f0>,<function <lambda> at 0x7fa496287a90>,<function <lambda> at 0x7fa496287b30>
17553,2022-01-01 08:00:00,<function <lambda> at 0x7fa4962879f0>,<function <lambda> at 0x7fa496287a90>,<function <lambda> at 0x7fa496287b30>
17554,2022-01-01 09:00:00,<function <lambda> at 0x7fa4962879f0>,<function <lambda> at 0x7fa496287a90>,<function <lambda> at 0x7fa496287b30>
17555,2022-01-01 10:00:00,<function <lambda> at 0x7fa4962879f0>,<function <lambda> at 0x7fa496287a90>,<function <lambda> at 0x7fa496287b30>
17556,2022-01-01 11:00:00,<function <lambda> at 0x7fa4962879f0>,<function <lambda> at 0x7fa496287a90>,<function <lambda> at 0x7fa496287b30>
17557,2022-01-01 12:00:00,<function <lambda> at 0x7fa4962879f0>,<function <lambda> at 0x7fa496287a90>,<function <lambda> at 0x7fa496287b30>
17558,2022-01-01 13:00:00,<function <lambda> at 0x7fa4962879f0>,<function <lambda> at 0x7fa496287a90>,<function <lambda> at 0x7fa496287b30>
17559,2022-01-01 14:00:00,<function <lambda> at 0x7fa4962879f0>,<function <lambda> at 0x7fa496287a90>,<function <lambda> at 0x7fa496287b30>
17560,2022-01-01 15:00:00,<function <lambda> at 0x7fa4962879f0>,<function <lambda> at 0x7fa496287a90>,<function <lambda> at 0x7fa496287b30>
17561,2022-01-01 16:00:00,<function <lambda> at 0x7fa4962879f0>,<function <lambda> at 0x7fa496287a90>,<function <lambda> at 0x7fa496287b30>
17562,2022-01-01 17:00:00,<function <lambda> at 0x7fa4962879f0>,<function <lambda> at 0x7fa496287a90>,<function <lambda> at 0x7fa496287b30>
17563,2022-01-01 18:00:00,<function <lambda> at 0x7fa4962879f0>,<function <lambda> at 0x7fa496287a90>,<function <lambda> at 0x7fa496287b30>
17564,2022-01-01 19:00:00,<function <lambda> at 0x7fa4962879f0>,<function <lambda> at 0x7fa496287a90>,<function <lambda> at 0x7fa496287b30>
17565,2022-01-01 20:00:00,<function <lambda> at 0x7fa4962879f0>,<function <lambda> at 0x7fa496287a90>,<function <lambda> at 0x7fa496287b30>
17566,2022-01-01 21:00:00,<function <lambda> at 0x7fa4962879f0>,<function <lambda> at 0x7fa496287a90>,<function <lambda> at 0x7fa496287b30>
17567,2022-01-01 22:00:00,<function <lambda> at 0x7fa4962879f0>,<function <lambda> at 0x7fa496287a90>,<function <lambda> at 0x7fa496287b30>
17568,2022-01-01 23:00:00,<function <lambda> at 0x7fa4962879f0>,<function <lambda> at 0x7fa496287a90>,<function <lambda> at 0x7fa496287b30>
17569,2022-01-02 00:00:00,<function <lambda> at 0x7fa4962879f0>,<function <lambda> at 0x7fa496287a90>,<function <lambda> at 0x7fa496287b30>
17570,2022-01-02 01:00:00,<function <lambda> at 0x7fa4962879f0>,<function <lambda> at 0x7fa496287a90>,<function <lambda> at 0x7fa496287b30>
17571,2022-01-02 02:00:00,<function <lambda> at 0x7fa4962879f0>,<function <lambda> at 0x7fa496287a90>,<function <lambda> at 0x7fa496287b30>
17572,2022-01-02 03:00:00,<function <lambda> at 0x7fa4962879f0>,<function <lambda> at 0x7fa496287a90>,<function <lambda> at 0x7fa496287b30>
17573,2022-01-02 04:00:00,<function <lambda> at 0x7fa4962879f0>,<function <lambda> at 0x7fa496287a90>,<function <lambda> at 0x7fa496287b30>
17574,2022-01-02 05:00:00,<function <lambda> at 0x7fa4962879f0>,<function <lambda> at 0x7fa496287a90>,<function <lambda> at 0x7fa496287b30>
17575,2022-01-02 06:00:00,<function <lambda> at 0x7fa4962879f0>,<function <lambda> at 0x7fa496287a90>,<function <lambda> at 0x7fa496287b30>
17576,2022-01-02 07:00:00,<function <lambda> at 0x7fa4962879f0>,<function <lambda> at 0x7fa496287a90>,<function <lambda> at 0x7fa496287b30>
17577,2022-01-02 08:00:00,<function <lambda> at 0x7fa4962879f0>,<function <lambda> at 0x7fa496287a90>,<function <lambda> at 0x7fa496287b30>
17578,2022-01-02 09:00:00,<function <lambda> at 0x7fa4962879f0>,<function <lambda> at 0x7fa496287a90>,<function <lambda> at 0x7fa496287b30>
17579,2022-01-02 10:00:00,<function <lambda> at 0x7fa4962879f0>,<function <lambda> at 0x7fa496287a90>,<function <lambda> at 0x7fa496287b30>
17580,2022-01-02 11:00:00,<function <lambda> at 0x7fa4962879f0>,<function <lambda> at 0x7fa496287a90>,<function <lambda> at 0x7fa496287b30>
17581,2022-01-02 12:00:00,<function <lambda> at 0x7fa4962879f0>,<function <lambda> at 0x7fa496287a90>,<function <lambda> at 0x7fa496287b30>
17582,2022-01-02 13:00:00,<function <lambda> at 0x7fa4962879f0>,<function <lambda> at 0x7fa496287a90>,<function <lambda> at 0x7fa496287b30>
17583,2022-01-02 14:00:00,<function <lambda> at 0x7fa4962879f0>,<function <lambda> at 0x7fa496287a90>,<function <lambda> at 0x7fa496287b30>
17584,2022-01-02 15:00:00,<function <lambda> at 0x7fa4962879f0>,<function <lambda> at 0x7fa496287a90>,<function <lambda> at 0x7fa496287b30>
17585,2022-01-02 16:00:00,<function <lambda> at 0x7fa4962879f0>,<function <lambda> at 0x7fa496287a90>,<function <lambda> at 0x7fa496287b30>
17586,2022-01-02 17:00:00,<function <lambda> at 0x7fa4962879f0>,<function <lambda> at 0x7fa496287a90>,<function <lambda> at 0x7fa496287b30>
17587,2022-01-02 18:00:00,<function <lambda> at 0x7fa4962879f0>,<function <lambda> at 0x7fa496287a90>,<function <lambda> at 0x7fa496287b30>
17588,2022-01-02 19:00:00,<function <lambda> at 0x7fa4962879f0>,<function <lambda> at 0x7fa496287a90>,<function <lambda> at 0x7fa496287b30>
17589,2022-01-02 20:00:00,<function <lambda> at 0x7fa4962879f0>,<function <lambda> at 0x7fa496287a90>,<function <lambda> at 0x7fa496287b30>
17590,2022-01-02 21:00:00,<function <lambda> at 0x7fa4962879f0>,<function <lambda> at 0x7fa496287a90>,<function <lambda> at 0x7fa496287b30>
17591,2022-01-02 22:00:00,<function <lambda> at 0x7fa4962879f0>,<function <lambda> at 0x7fa496287a90>,<function <lambda> at 0x7fa496287b30>
17592,2022-01-02 23:00:00,<function <lambda> at 0x7fa4962879f0>,<function <lambda> at 0x7fa496287a90>,<function <lambda> at 0x7fa496287b30>
17593,2022-01-03 00:00:00,<function <lambda> at 0x7fa4962879f0>,<function <lambda> at 0x7fa496287a90>,<function <lambda> at 0x7fa496287b30>
17594,2022-01-03 01:00:00,<function <lambda> at 0x7fa4962879f0>,<function <lambda> at 0x7fa496287a90>,<function <lambda> at 0x7fa496287b30>
17595,2022-01-03 02:00:00,<function <lambda> at 0x7fa4962879f0>,<function <lambda> at 0x7fa496287a90>,<function <lambda> at 0x7fa496287b30>
17596,2022-01-03 03:00:00,<function <lambda> at 0x7fa4962879f0>,<function <lambda> at 0x7fa496287a90>,<function <lambda> at 0x7fa496287b30>
17597,2022-01-03 04:00:00,<function <lambda> at 0x7fa4962879f0>,<function <lambda> at 0x7fa496287a90>,<function <lambda> at 0x7fa496287b30>
17598,2022-01-03 05:00:00,<function <lambda> at 0x7fa4962879f0>,<function <lambda> at 0x7fa496287a90>,<function <lambda> at 0x7fa496287b30>
17599,2022-01-03 06:00:00,<function <lambda> at 0x7fa4962879f0>,<function <lambda> at 0x7fa496287a90>,<function <lambda> at 0x7fa496287b30>
17600,2022-01-03 07:00:00,<function <lambda> at 0x7fa4962879f0>,<function <lambda> at 0x7fa496287a90>,<function <lambda> at 0x7fa496287b30>
17601,2022-01-03 08:00:00,<function <lambda> at 0x7fa4962879f0>,<function <lambda> at 0x7fa496287a90>,<function <lambda> at 0x7fa496287b30>
17602,2022-01-03 09:00:00,<function <lambda> at 0x7fa4962879f0>,<function <lambda> at 0x7fa496287a90>,<function <lambda> at 0x7fa496287b30>
17603,2022-01-03 10:00:00,<function <lambda> at 0x7fa4962879f0>,<function <lambda> at 0x7fa496287a90>,<function <lambda> at 0x7fa496287b30>
17604,2022-01-03 11:00:00,<function <lambda> at 0x7fa4962879f0>,<function <lambda> at 0x7fa496287a90>,<function <lambda> at 0x7fa496287b30>
17605,2022-01-03 12:00:00,<function <lambda> at 0x7fa4962879f0>,<function <lambda> at 0x7fa496287a90>,<function <lambda> at 0x7fa496287b30>
17606,2022-01-03 13:00:00,<function <lambda> at 0x7fa4962879f0>,<function <lambda> at 0x7fa496287a90>,<function <lambda> at 0x7fa496287b30>
17607,2022-01-03 14:00:00,<function <lambda> at 0x7fa4962879f0>,<function <lambda> at 0x7fa496287a90>,<function <lambda> at 0x7fa496287b30>
17608,2022-01-03 15:00:00,<function <lambda> at 0x7fa4962879f0>,<function <lambda> at 0x7fa496287a90>,<function <lambda> at 0x7fa496287b30>
17609,2022-01-03 16:00:00,<function <lambda> at 0x7fa4962879f0>,<function <lambda> at 0x7fa496287a90>,<function <lambda> at 0x7fa496287b30>
17610,2022-01-03 17:00:00,<function <lambda> at 0x7fa4962879f0>,<function <lambda> at 0x7fa496287a90>,<function <lambda> at 0x7fa496287b30>
17611,2022-01-03 18:00:00,<function <lambda> at 0x7fa4962879f0>,<function <lambda> at 0x7fa496287a90>,<function <lambda> at 0x7fa496287b30>
17612,2022-01-03 19:00:00,<function <lambda> at 0x7fa4962879f0>,<function <lambda> at 0x7fa496287a90>,<function <lambda> at 0x7fa496287b30>
17613,2022-01-03 20:00:00,<function <lambda> at 0x7fa4962879f0>,<function <lambda> at 0x7fa496287a90>,<function <lambda> at 0x7fa496287b30>
17614,2022-01-03 21:00:00,<function <lambda> at 0x7fa4962879f0>,<function <lambda> at 0x7fa496287a90>,<function <lambda> at 0x7fa496287b30>
17615,2022-01-03 22:00:00,<function <lambda> at 0x7fa4962879f0>,<function <lambda> at 0x7fa496287a90>,<function <lambda> at 0x7fa496287b30>
17616,2022-01-03 23:00:00,<function <lambda> at 0x7fa4962879f0>,<function <lambda> at 0x7fa496287a90>,<function <lambda> at 0x7fa496287b30>
17617,2022-01-04 00:00:00,<function <lambda> at 0x7fa4962879f0>,<function <lambda> at 0x7fa496287a90>,<function <lambda> at 0x7fa496287b30>
17618,2022-01-04 01:00:00,<function <lambda> at 0x7fa4962879f0>,<function <lambda> at 0x7fa496287a90>,<function <lambda> at 0x7fa496287b30>
17619,2022-01-04 02:00:00,<function <lambda> at 0x7fa4962879f0>,<function <lambda> at 0x7fa496287a90>,<function <lambda> at 0x7fa496287b30>
17620,2022-01-04 03:00:00,<function <lambda> at 0x7fa4962879f0>,<function <lambda> at 0x7fa496287a90>,<function <lambda> at 0x7fa496287b30>
17621,2022-01-04 04:00:00,<function <lambda> at 0x7fa4962879f0>,<function <lambda> at 0x7fa496287a90>,<function <lambda> at 0x7fa496287b30>
17622,2022-01-04 05:00:00,<function <lambda> at 0x7fa4962879f0>,<function <lambda> at 0x7fa496287a90>,<function <lambda> at 0x7fa496287b30>
17623,2022-01-04 06:00:00,<function <lambda> at 0x7fa4962879f0>,<function <lambda> at 0x7fa496287a90>,<function <lambda> at 0x7fa496287b30>
17624,2022-01-04 07:00:00,<function <lambda> at 0x7fa4962879f0>,<function <lambda> at 0x7fa496287a90>,<function <lambda> at 0x7fa496287b30>
17625,2022-01-04 08:00:00,<function <lambda> at 0x7fa4962879f0>,<function <lambda> at 0x7fa496287a90>,<function <lambda> at 0x7fa496287b30>
17626,2022-01-04 09:00:00,<function <lambda> at 0x7fa4962879f0>,<function <lambda> at 0x7fa496287a90>,<function <lambda> at 0x7fa496287b30>
17627,2022-01-04 10:00:00,<function <lambda> at 0x7fa4962879f0>,<function <lambda> at 0x7fa496287a90>,<function <lambda> at 0x7fa496287b30>
17628,2022-01-04 11:00:00,<function <lambda> at 0x7fa4962879f0>,<function <lambda> at 0x7fa496287a90>,<function <lambda> at 0x7fa496287b30>
17629,2022-01-04 12:00:00,<function <lambda> at 0x7fa4962879f0>,<function <lambda> at 0x7fa496287a90>,<function <lambda> at 0x7fa496287b30>
17630,2022-01-04 13:00:00,<function <lambda> at 0x7fa4962879f0>,<function <lambda> at 0x7fa496287a90>,<function <lambda> at 0x7fa496287b30>
17631,2022-01-04 14:00:00,<function <lambda> at 0x7fa4962879f0>,<function <lambda> at 0x7fa496287a90>,<function <lambda> at 0x7fa496287b30>
17632,2022-01-04 15:00:00,<function <lambda> at 0x7fa4962879f0>,<function <lambda> at 0x7fa496287a90>,<function <lambda> at 0x7fa496287b30>
17633,2022-01-04 16:00:00,<function <lambda> at 0x7fa4962879f0>,<function <lambda> at 0x7fa496287a90>,<function <lambda> at 0x7fa496287b30>
17634,2022-01-04 17:00:00,<function <lambda> at 0x7fa4962879f0>,<function <lambda> at 0x7fa496287a90>,<function <lambda> at 0x7fa496287b30>
17635,2022-01-04 18:00:00,<function <lambda> at 0x7fa4962879f0>,<function <lambda> at 0x7fa496287a90>,<function <lambda> at 0x7fa496287b30>
17636,2022-01-04 19:00:00,<function <lambda> at 0x7fa4962879f0>,<function <lambda> at 0x7fa496287a90>,<function <lambda> at 0x7fa496287b30>
17637,2022-01-04 20:00:00,<function <lambda> at 0x7fa4962879f0>,<function <lambda> at 0x7fa496287a90>,<function <lambda> at 0x7fa496287b30>
17638,2022-01-04 21:00:00,<function <lambda> at 0x7fa4962879f0>,<function <lambda> at 0x7fa496287a90>,<function <lambda> at 0x7fa496287b30>
17639,2022-01-04 22:00:00,<function <lambda> at 0x7fa4962879f0>,<function <lambda> at 0x7fa496287a90>,<function <lambda> at 0x7fa496287b30>
17640,2022-01-04 23:00:00,<function <lambda> at 0x7fa4962879f0>,<function <lambda> at 0x7fa496287a90>,<function <lambda> at 0x7fa496287b30>
17641,2022-01-05 00:00:00,<function <lambda> at 0x7fa4962879f0>,<function <lambda> at 0x7fa496287a90>,<function <lambda> at 0x7fa496287b30>
17642,2022-01-05 01:00:00,<function <lambda> at 0x7fa4962879f0>,<function <lambda> at 0x7fa496287a90>,<function <lambda> at 0x7fa496287b30>
17643,2022-01-05 02:00:00,<function <lambda> at 0x7fa4962879f0>,<function <lambda> at 0x7fa496287a90>,<function <lambda> at 0x7fa496287b30>
17644,2022-01-05 03:00:00,<function <lambda> at 0x7fa4962879f0>,<function <lambda> at 0x7fa496287a90>,<function <lambda> at 0x7fa496287b30>
17645,2022-01-05 04:00:00,<function <lambda> at 0x7fa4962879f0>,<function <lambda> at 0x7fa496287a90>,<function <lambda> at 0x7fa496287b30>
17646,2022-01-05 05:00:00,<function <lambda> at 0x7fa4962879f0>,<function <lambda> at 0x7fa496287a90>,<function <lambda> at 0x7fa496287b30>
17647,2022-01-05 06:00:00,<function <lambda> at 0x7fa4962879f0>,<function <lambda> at 0x7fa496287a90>,<function <lambda> at 0x7fa496287b30>
17648,2022-01-05 07:00:00,<function <lambda> at 0x7fa4962879f0>,<function <lambda> at 0x7fa496287a90>,<function <lambda> at 0x7fa496287b30>
17649,2022-01-05 08:00:00,<function <lambda> at 0x7fa4962879f0>,<function <lambda> at 0x7fa496287a90>,<function <lambda> at 0x7fa496287b30>
17650,2022-01-05 09:00:00,<function <lambda> at 0x7fa4962879f0>,<function <lambda> at 0x7fa496287a90>,<function <lambda> at 0x7fa496287b30>
17651,2022-01-05 10:00:00,<function <lambda> at 0x7fa4962879f0>,<function <lambda> at 0x7fa496287a90>,<function <lambda> at 0x7fa496287b30>
17652,2022-01-05 11:00:00,<function <lambda> at 0x7fa4962879f0>,<function <lambda> at 0x7fa496287a90>,<function <lambda> at 0x7fa496287b30>
17653,2022-01-05 12:00:00,<function <lambda> at 0x7fa4962879f0>,<function <lambda> at 0x7fa496287a90>,<function <lambda> at 0x7fa496287b30>
17654,2022-01-05 13:00:00,<function <lambda> at 0x7fa4962879f0>,<function <lambda> at 0x7fa496287a90>,<function <lambda> at 0x7fa496287b30>
17655,2022-01-05 14:00:00,<function <lambda> at 0x7fa4962879f0>,<function <lambda> at 0x7fa496287a90>,<function <lambda> at 0x7fa496287b30>
17656,2022-01-05 15:00:00,<function <lambda> at 0x7fa4962879f0>,<function <lambda> at 0x7fa496287a90>,<function <lambda> at 0x7fa496287b30>
17657,2022-01-05 16:00:00,<function <lambda> at 0x7fa4962879f0>,<function <lambda> at 0x7fa496287a90>,<function <lambda> at 0x7fa496287b30>
17658,2022-01-05 17:00:00,<function <lambda> at 0x7fa4962879f0>,<function <lambda> at 0x7fa496287a90>,<function <lambda> at 0x7fa496287b30>
17659,2022-01-05 18:00:00,<function <lambda> at 0x7fa4962879f0>,<function <lambda> at 0x7fa496287a90>,<function <lambda> at 0x7fa496287b30>
17660,2022-01-05 19:00:00,<function <lambda> at 0x7fa4962879f0>,<function <lambda> at 0x7fa496287a90>,<function <lambda> at 0x7fa496287b30>
17661,2022-01-05 20:00:00,<function <lambda> at 0x7fa4962879f0>,<function <lambda> at 0x7fa496287a90>,<function <lambda> at 0x7fa496287b30>
17662,2022-01-05 21:00:00,<function <lambda> at 0x7fa4962879f0>,<function <lambda> at 0x7fa496287a90>,<function <lambda> at 0x7fa496287b30>
17663,2022-01-05 22:00:00,<function <lambda> at 0x7fa4962879f0>,<function <lambda> at 0x7fa496287a90>,<function <lambda> at 0x7fa496287b30>
17664,2022-01-05 23:00:00,<function <lambda> at 0x7fa4962879f0>,<function <lambda> at 0x7fa496287a90>,<function <lambda> at 0x7fa496287b30>
17665,2022-01-06 00:00:00,<function <lambda> at 0x7fa4962879f0>,<function <lambda> at 0x7fa496287a90>,<function <lambda> at 0x7fa496287b30>
17666,2022-01-06 01:00:00,<function <lambda> at 0x7fa4962879f0>,<function <lambda> at 0x7fa496287a90>,<function <lambda> at 0x7fa496287b30>
17667,2022-01-06 02:00:00,<function <lambda> at 0x7fa4962879f0>,<function <lambda> at 0x7fa496287a90>,<function <lambda> at 0x7fa496287b30>
17668,2022-01-06 03:00:00,<function <lambda> at 0x7fa4962879f0>,<function <lambda> at 0x7fa496287a90>,<function <lambda> at 0x7fa496287b30>
17669,2022-01-06 04:00:00,<function <lambda> at 0x7fa4962879f0>,<function <lambda> at 0x7fa496287a90>,<function <lambda> at 0x7fa496287b30>
17670,2022-01-06 05:00:00,<function <lambda> at 0x7fa4962879f0>,<function <lambda> at 0x7fa496287a90>,<function <lambda> at 0x7fa496287b30>
17671,2022-01-06 06:00:00,<function <lambda> at 0x7fa4962879f0>,<function <lambda> at 0x7fa496287a90>,<function <lambda> at 0x7fa496287b30>
17672,2022-01-06 07:00:00,<function <lambda> at 0x7fa4962879f0>,<function <lambda> at 0x7fa496287a90>,<function <lambda> at 0x7fa496287b30>
17673,2022-01-06 08:00:00,<function <lambda> at 0x7fa4962879f0>,<function <lambda> at 0x7fa496287a90>,<function <lambda> at 0x7fa496287b30>
17674,2022-01-06 09:00:00,<function <lambda> at 0x7fa4962879f0>,<function <lambda> at 0x7fa496287a90>,<function <lambda> at 0x7fa496287b30>
17675,2022-01-06 10:00:00,<function <lambda> at 0x7fa4962879f0>,<function <lambda> at 0x7fa496287a90>,<function <lambda> at 0x7fa496287b30>
17676,2022-01-06 11:00:00,<function <lambda> at 0x7fa4962879f0>,<function <lambda> at 0x7fa496287a90>,<function <lambda> at 0x7fa496287b30>
17677,2022-01-06 12:00:00,<function <lambda> at 0x7fa4962879f0>,<function <lambda> at 0x7fa496287a90>,<function <lambda> at 0x7fa496287b30>
17678,2022-01-06 13:00:00,<function <lambda> at 0x7fa4962879f0>,<function <lambda> at 0x7fa496287a90>,<function <lambda> at 0x7fa496287b30>
17679,2022-01-06 14:00:00,<function <lambda> at 0x7fa4962879f0>,<function <lambda> at 0x7fa496287a90>,<function <lambda> at 0x7fa496287b30>
17680,2022-01-06 15:00:00,<function <lambda> at 0x7fa4962879f0>,<function <lambda> at 0x7fa496287a90>,<function <lambda> at 0x7fa496287b30>
17681,2022-01-06 16:00:00,<function <lambda> at 0x7fa4962879f0>,<function <lambda> at 0x7fa496287a90>,<function <lambda> at 0x7fa496287b30>
17682,2022-01-06 17:00:00,<function <lambda> at 0x7fa4962879f0>,<function <lambda> at 0x7fa496287a90>,<function <lambda> at 0x7fa496287b30>
17683,2022-01-06 18:00:00,<function <lambda> at 0x7fa4962879f0>,<function <lambda> at 0x7fa496287a90>,<function <lambda> at 0x7fa496287b30>
17684,2022-01-06 19:00:00,<function <lambda> at 0x7fa4962879f0>,<function <lambda> at 0x7fa496287a90>,<function <lambda> at 0x7fa496287b30>
17685,2022-01-06 20:00:00,<function <lambda> at 0x7fa4962879f0>,<function <lambda> at 0x7fa496287a90>,<function <lambda> at 0x7fa496287b30>
17686,2022-01-06 21:00:00,<function <lambda> at 0x7fa4962879f0>,<function <lambda> at 0x7fa496287a90>,<function <lambda> at 0x7fa496287b30>
17687,2022-01-06 22:00:00,<function <lambda> at 0x7fa4962879f0>,<function <lambda> at 0x7fa496287a90>,<function <lambda> at 0x7fa496287b30>
17688,2022-01-06 23:00:00,<function <lambda> at 0x7fa4962879f0>,<function <lambda> at 0x7fa496287a90>,<function <lambda> at 0x7fa496287b30>
17689,2022-01-07 00:00:00,<function <lambda> at 0x7fa4962879f0>,<function <lambda> at 0x7fa496287a90>,<function <lambda> at 0x7fa496287b30>
17690,2022-01-07 01:00:00,<function <lambda> at 0x7fa4962879f0>,<function <lambda> at 0x7fa496287a90>,<function <lambda> at 0x7fa496287b30>
17691,2022-01-07 02:00:00,<function <lambda> at 0x7fa4962879f0>,<function <lambda> at 0x7fa496287a90>,<function <lambda> at 0x7fa496287b30>
17692,2022-01-07 03:00:00,<function <lambda> at 0x7fa4962879f0>,<function <lambda> at 0x7fa496287a90>,<function <lambda> at 0x7fa496287b30>
17693,2022-01-07 04:00:00,<function <lambda> at 0x7fa4962879f0>,<function <lambda> at 0x7fa496287a90>,<function <lambda> at 0x7fa496287b30>
17694,2022-01-07 05:00:00,<function <lambda> at 0x7fa4962879f0>,<function <lambda> at 0x7fa496287a90>,<function <lambda> at 0x7fa496287b30>
17695,2022-01-07 06:00:00,<function <lambda> at 0x7fa4962879f0>,<function <lambda> at 0x7fa496287a90>,<function <lambda> at 0x7fa496287b30>
17696,2022-01-07 07:00:00,<function <lambda> at 0x7fa4962879f0>,<function <lambda> at 0x7fa496287a90>,<function <lambda> at 0x7fa496287b30>
17697,2022-01-07 08:00:00,<function <lambda> at 0x7fa4962879f0>,<function <lambda> at 0x7fa496287a90>,<function <lambda> at 0x7fa496287b30>
17698,2022-01-07 09:00:00,<function <lambda> at 0x7fa4962879f0>,<function <lambda> at 0x7fa496287a90>,<function <lambda> at 0x7fa496287b30>
17699,2022-01-07 10:00:00,<function <lambda> at 0x7fa4962879f0>,<function <lambda> at 0x7fa496287a90>,<function <lambda> at 0x7fa496287b30>
17700,2022-01-07 11:00:00,<function <lambda> at 0x7fa4962879f0>,<function <lambda> at 0x7fa496287a90>,<function <lambda> at 0x7fa496287b30>
17701,2022-01-07 12:00:00,<function <lambda> at 0x7fa4962879f0>,<function <lambda> at 0x7fa496287a90>,<function <lambda> at 0x7fa496287b30>
17702,2022-01-07 13:00:00,<function <lambda> at 0x7fa4962879f0>,<function <lambda> at 0x7fa496287a90>,<function <lambda> at 0x7fa496287b30>
17703,2022-01-07 14:00:00,<function <lambda> at 0x7fa4962879f0>,<function <lambda> at 0x7fa496287a90>,<function <lambda> at 0x7fa496287b30>
17704,2022-01-07 15:00:00,<function <lambda> at 0x7fa4962879f0>,<function <lambda> at 0x7fa496287a90>,<function <lambda> at 0x7fa496287b30>
17705,2022-01-07 16:00:00,<function <lambda> at 0x7fa4962879f0>,<function <lambda> at 0x7fa496287a90>,<function <lambda> at 0x7fa496287b30>
17706,2022-01-07 17:00:00,<function <lambda> at 0x7fa4962879f0>,<function <lambda> at 0x7fa496287a90>,<function <lambda> at 0x7fa496287b30>
17707,2022-01-07 18:00:00,<function <lambda> at 0x7fa4962879f0>,<function <lambda> at 0x7fa496287a90>,<function <lambda> at 0x7fa496287b30>
17708,2022-01-07 19:00:00,<function <lambda> at 0x7fa4962879f0>,<function <lambda> at 0x7fa496287a90>,<function <lambda> at 0x7fa496287b30>
17709,2022-01-07 20:00:00,<function <lambda> at 0x7fa4962879f0>,<function <lambda> at 0x7fa496287a90>,<function <lambda> at 0x7fa496287b30>
17710,2022-01-07 21:00:00,<function <lambda> at 0x7fa4962879f0>,<function <lambda> at 0x7fa496287a90>,<function <lambda> at 0x7fa496287b30>
17711,2022-01-07 22:00:00,<function <lambda> at 0x7fa4962879f0>,<function <lambda> at 0x7fa496287a90>,<function <lambda> at 0x7fa496287b30>
17712,2022-01-07 23:00:00,<function <lambda> at 0x7fa4962879f0>,<function <lambda> at 0x7fa496287a90>,<function <lambda> at 0x7fa496287b30>
17713,2022-01-08 00:00:00,<function <lambda> at 0x7fa4962879f0>,<function <lambda> at 0x7fa496287a90>,<function <lambda> at 0x7fa496287b30>
17714,2022-01-08 01:00:00,<function <lambda> at 0x7fa4962879f0>,<function <lambda> at 0x7fa496287a90>,<function <lambda> at 0x7fa496287b30>
17715,2022-01-08 02:00:00,<function <lambda> at 0x7fa4962879f0>,<function <lambda> at 0x7fa496287a90>,<function <lambda> at 0x7fa496287b30>
17716,2022-01-08 03:00:00,<function <lambda> at 0x7fa4962879f0>,<function <lambda> at 0x7fa496287a90>,<function <lambda> at 0x7fa496287b30>
17717,2022-01-08 04:00:00,<function <lambda> at 0x7fa4962879f0>,<function <lambda> at 0x7fa496287a90>,<function <lambda> at 0x7fa496287b30>
17718,2022-01-08 05:00:00,<function <lambda> at 0x7fa4962879f0>,<function <lambda> at 0x7fa496287a90>,<function <lambda> at 0x7fa496287b30>
17719,2022-01-08 06:00:00,<function <lambda> at 0x7fa4962879f0>,<function <lambda> at 0x7fa496287a90>,<function <lambda> at 0x7fa496287b30>
17720,2022-01-08 07:00:00,<function <lambda> at 0x7fa4962879f0>,<function <lambda> at 0x7fa496287a90>,<function <lambda> at 0x7fa496287b30>
17721,2022-01-08 08:00:00,<function <lambda> at 0x7fa4962879f0>,<function <lambda> at 0x7fa496287a90>,<function <lambda> at 0x7fa496287b30>
17722,2022-01-08 09:00:00,<function <lambda> at 0x7fa4962879f0>,<function <lambda> at 0x7fa496287a90>,<function <lambda> at 0x7fa496287b30>
17723,2022-01-08 10:00:00,<function <lambda> at 0x7fa4962879f0>,<function <lambda> at 0x7fa496287a90>,<function <lambda> at 0x7fa496287b30>
17724,2022-01-08 11:00:00,<function <lambda> at 0x7fa4962879f0>,<function <lambda> at 0x7fa496287a90>,<function <lambda> at 0x7fa496287b30>
17725,2022-01-08 12:00:00,<function <lambda> at 0x7fa4962879f0>,<function <lambda> at 0x7fa496287a90>,<function <lambda> at 0x7fa496287b30>
17726,2022-01-08 13:00:00,<function <lambda> at 0x7fa4962879f0>,<function <lambda> at 0x7fa496287a90>,<function <lambda> at 0x7fa496287b30>
17727,2022-01-08 14:00:00,<function <lambda> at 0x7fa4962879f0>,<function <lambda> at 0x7fa496287a90>,<function <lambda> at 0x7fa496287b30>
17728,2022-01-08 15:00:00,<function <lambda> at 0x7fa4962879f0>,<function <lambda> at 0x7fa496287a90>,<function <lambda> at 0x7fa496287b30>
17729,2022-01-08 16:00:00,<function <lambda> at 0x7fa4962879f0>,<function <lambda> at 0x7fa496287a90>,<function <lambda> at 0x7fa496287b30>
17730,2022-01-08 17:00:00,<function <lambda> at 0x7fa4962879f0>,<function <lambda> at 0x7fa496287a90>,<function <lambda> at 0x7fa496287b30>
17731,2022-01-08 18:00:00,<function <lambda> at 0x7fa4962879f0>,<function <lambda> at 0x7fa496287a90>,<function <lambda> at 0x7fa496287b30>
17732,2022-01-08 19:00:00,<function <lambda> at 0x7fa4962879f0>,<function <lambda> at 0x7fa496287a90>,<function <lambda> at 0x7fa496287b30>
17733,2022-01-08 20:00:00,<function <lambda> at 0x7fa4962879f0>,<function <lambda> at 0x7fa496287a90>,<function <lambda> at 0x7fa496287b30>
17734,2022-01-08 21:00:00,<function <lambda> at 0x7fa4962879f0>,<function <lambda> at 0x7fa496287a90>,<function <lambda> at 0x7fa496287b30>
17735,2022-01-08 22:00:00,<function <lambda> at 0x7fa4962879f0>,<function <lambda> at 0x7fa496287a90>,<function <lambda> at 0x7fa496287b30>
17736,2022-01-08 23:00:00,<function <lambda> at 0x7fa4962879f0>,<function <lambda> at 0x7fa496287a90>,<function <lambda> at 0x7fa496287b30>
17737,2022-01-09 00:00:00,<function <lambda> at 0x7fa4962879f0>,<function <lambda> at 0x7fa496287a90>,<function <lambda> at 0x7fa496287b30>
17738,2022-01-09 01:00:00,<function <lambda> at 0x7fa4962879f0>,<function <lambda> at 0x7fa496287a90>,<function <lambda> at 0x7fa496287b30>
17739,2022-01-09 02:00:00,<function <lambda> at 0x7fa4962879f0>,<function <lambda> at 0x7fa496287a90>,<function <lambda> at 0x7fa496287b30>
17740,2022-01-09 03:00:00,<function <lambda> at 0x7fa4962879f0>,<function <lambda> at 0x7fa496287a90>,<function <lambda> at 0x7fa496287b30>
17741,2022-01-09 04:00:00,<function <lambda> at 0x7fa4962879f0>,<function <lambda> at 0x7fa496287a90>,<function <lambda> at 0x7fa496287b30>
17742,2022-01-09 05:00:00,<function <lambda> at 0x7fa4962879f0>,<function <lambda> at 0x7fa496287a90>,<function <lambda> at 0x7fa496287b30>
17743,2022-01-09 06:00:00,<function <lambda> at 0x7fa4962879f0>,<function <lambda> at 0x7fa496287a90>,<function <lambda> at 0x7fa496287b30>
17744,2022-01-09 07:00:00,<function <lambda> at 0x7fa4962879f0>,<function <lambda> at 0x7fa496287a90>,<function <lambda> at 0x7fa496287b30>
17745,2022-01-09 08:00:00,<function <lambda> at 0x7fa4962879f0>,<function <lambda> at 0x7fa496287a90>,<function <lambda> at 0x7fa496287b30>
17746,2022-01-09 09:00:00,<function <lambda> at 0x7fa4962879f0>,<function <lambda> at 0x7fa496287a90>,<function <lambda> at 0x7fa496287b30>
17747,2022-01-09 10:00:00,<function <lambda> at 0x7fa4962879f0>,<function <lambda> at 0x7fa496287a90>,<function <lambda> at 0x7fa496287b30>
17748,2022-01-09 11:00:00,<function <lambda> at 0x7fa4962879f0>,<function <lambda> at 0x7fa496287a90>,<function <lambda> at 0x7fa496287b30>
17749,2022-01-09 12:00:00,<function <lambda> at 0x7fa4962879f0>,<function <lambda> at 0x7fa496287a90>,<function <lambda> at 0x7fa496287b30>
17750,2022-01-09 13:00:00,<function <lambda> at 0x7fa4962879f0>,<function <lambda> at 0x7fa496287a90>,<function <lambda> at 0x7fa496287b30>
17751,2022-01-09 14:00:00,<function <lambda> at 0x7fa4962879f0>,<function <lambda> at 0x7fa496287a90>,<function <lambda> at 0x7fa496287b30>
17752,2022-01-09 15:00:00,<function <lambda> at 0x7fa4962879f0>,<function <lambda> at 0x7fa496287a90>,<function <lambda> at 0x7fa496287b30>
17753,2022-01-09 16:00:00,<function <lambda> at 0x7fa4962879f0>,<function <lambda> at 0x7fa496287a90>,<function <lambda> at 0x7fa496287b30>
17754,2022-01-09 17:00:00,<function <lambda> at 0x7fa4962879f0>,<function <lambda> at 0x7fa496287a90>,<function <lambda> at 0x7fa496287b30>
17755,2022-01-09 18:00:00,<function <lambda> at 0x7fa4962879f0>,<function <lambda> at 0x7fa496287a90>,<function <lambda> at 0x7fa496287b30>
17756,2022-01-09 19:00:00,<function <lambda> at 0x7fa4962879f0>,<function <lambda> at 0x7fa496287a90>,<function <lambda> at 0x7fa496287b30>
17757,2022-01-09 20:00:00,<function <lambda> at 0x7fa4962879f0>,<function <lambda> at 0x7fa496287a90>,<function <lambda> at 0x7fa496287b30>
17758,2022-01-09 21:00:00,<function <lambda> at 0x7fa4962879f0>,<function <lambda> at 0x7fa496287a90>,<function <lambda> at 0x7fa496287b30>
17759,2022-01-09 22:00:00,<function <lambda> at 0x7fa4962879f0>,<function <lambda> at 0x7fa496287a90>,<function <lambda> at 0x7fa496287b30>
17760,2022-01-09 23:00:00,<function <lambda> at 0x7fa4962879f0>,<function <lambda> at 0x7fa496287a90>,<function <lambda> at 0x7fa496287b30>
17761,2022-01-10 00:00:00,<function <lambda> at 0x7fa4962879f0>,<function <lambda> at 0x7fa496287a90>,<function <lambda> at 0x7fa496287b30>
17762,2022-01-10 01:00:00,<function <lambda> at 0x7fa4962879f0>,<function <lambda> at 0x7fa496287a90>,<function <lambda> at 0x7fa496287b30>
17763,2022-01-10 02:00:00,<function <lambda> at 0x7fa4962879f0>,<function <lambda> at 0x7fa496287a90>,<function <lambda> at 0x7fa496287b30>
17764,2022-01-10 03:00:00,<function <lambda> at 0x7fa4962879f0>,<function <lambda> at 0x7fa496287a90>,<function <lambda> at 0x7fa496287b30>
17765,2022-01-10 04:00:00,<function <lambda> at 0x7fa4962879f0>,<function <lambda> at 0x7fa496287a90>,<function <lambda> at 0x7fa496287b30>
17766,2022-01-10 05:00:00,<function <lambda> at 0x7fa4962879f0>,<function <lambda> at 0x7fa496287a90>,<function <lambda> at 0x7fa496287b30>
17767,2022-01-10 06:00:00,<function <lambda> at 0x7fa4962879f0>,<function <lambda> at 0x7fa496287a90>,<function <lambda> at 0x7fa496287b30>
17768,2022-01-10 07:00:00,<function <lambda> at 0x7fa4962879f0>,<function <lambda> at 0x7fa496287a90>,<function <lambda> at 0x7fa496287b30>
17769,2022-01-10 08:00:00,<function <lambda> at 0x7fa4962879f0>,<function <lambda> at 0x7fa496287a90>,<function <lambda> at 0x7fa496287b30>
17770,2022-01-10 09:00:00,<function <lambda> at 0x7fa4962879f0>,<function <lambda> at 0x7fa496287a90>,<function <lambda> at 0x7fa496287b30>
17771,2022-01-10 10:00:00,<function <lambda> at 0x7fa4962879f0>,<function <lambda> at 0x7fa496287a90>,<function <lambda> at 0x7fa496287b30>
17772,2022-01-10 11:00:00,<function <lambda> at 0x7fa4962879f0>,<function <lambda> at 0x7fa496287a90>,<function <lambda> at 0x7fa496287b30>
17773,2022-01-10 12:00:00,<function <lambda> at 0x7fa4962879f0>,<function <lambda> at 0x7fa496287a90>,<function <lambda> at 0x7fa496287b30>
17774,2022-01-10 13:00:00,<function <lambda> at 0x7fa4962879f0>,<function <lambda> at 0x7fa496287a90>,<function <lambda> at 0x7fa496287b30>
17775,2022-01-10 14:00:00,<function <lambda> at 0x7fa4962879f0>,<function <lambda> at 0x7fa496287a90>,<function <lambda> at 0x7fa496287b30>
17776,2022-01-10 15:00:00,<function <lambda> at 0x7fa4962879f0>,<function <lambda> at 0x7fa496287a90>,<function <lambda> at 0x7fa496287b30>
17777,2022-01-10 16:00:00,<function <lambda> at 0x7fa4962879f0>,<function <lambda> at 0x7fa496287a90>,<function <lambda> at 0x7fa496287b30>
17778,2022-01-10 17:00:00,<function <lambda> at 0x7fa4962879f0>,<function <lambda> at 0x7fa496287a90>,<function <lambda> at 0x7fa496287b30>
17779,2022-01-10 18:00:00,<function <lambda> at 0x7fa4962879f0>,<function <lambda> at 0x7fa496287a90>,<function <lambda> at 0x7fa496287b30>
17780,2022-01-10 19:00:00,<function <lambda> at 0x7fa4962879f0>,<function <lambda> at 0x7fa496287a90>,<function <lambda> at 0x7fa496287b30>
17781,2022-01-10 20:00:00,<function <lambda> at 0x7fa4962879f0>,<function <lambda> at 0x7fa496287a90>,<function <lambda> at 0x7fa496287b30>
17782,2022-01-10 21:00:00,<function <lambda> at 0x7fa4962879f0>,<function <lambda> at 0x7fa496287a90>,<function <lambda> at 0x7fa496287b30>
17783,2022-01-10 22:00:00,<function <lambda> at 0x7fa4962879f0>,<function <lambda> at 0x7fa496287a90>,<function <lambda> at 0x7fa496287b30>
17784,2022-01-10 23:00:00,<function <lambda> at 0x7fa4962879f0>,<function <lambda> at 0x7fa496287a90>,<function <lambda> at 0x7fa496287b30>
17785,2022-01-11 00:00:00,<function <lambda> at 0x7fa4962879f0>,<function <lambda> at 0x7fa496287a90>,<function <lambda> at 0x7fa496287b30>
17786,2022-01-11 01:00:00,<function <lambda> at 0x7fa4962879f0>,<function <lambda> at 0x7fa496287a90>,<function <lambda> at 0x7fa496287b30>
17787,2022-01-11 02:00:00,<function <lambda> at 0x7fa4962879f0>,<function <lambda> at 0x7fa496287a90>,<function <lambda> at 0x7fa496287b30>
17788,2022-01-11 03:00:00,<function <lambda> at 0x7fa4962879f0>,<function <lambda> at 0x7fa496287a90>,<function <lambda> at 0x7fa496287b30>
17789,2022-01-11 04:00:00,<function <lambda> at 0x7fa4962879f0>,<function <lambda> at 0x7fa496287a90>,<function <lambda> at 0x7fa496287b30>
17790,2022-01-11 05:00:00,<function <lambda> at 0x7fa4962879f0>,<function <lambda> at 0x7fa496287a90>,<function <lambda> at 0x7fa496287b30>
17791,2022-01-11 06:00:00,<function <lambda> at 0x7fa4962879f0>,<function <lambda> at 0x7fa496287a90>,<function <lambda> at 0x7fa496287b30>
17792,2022-01-11 07:00:00,<function <lambda> at 0x7fa4962879f0>,<function <lambda> at 0x7fa496287a90>,<function <lambda> at 0x7fa496287b30>
17793,2022-01-11 08:00:00,<function <lambda> at 0x7fa4962879f0>,<function <lambda> at 0x7fa496287a90>,<function <lambda> at 0x7fa496287b30>
17794,2022-01-11 09:00:00,<function <lambda> at 0x7fa4962879f0>,<function <lambda> at 0x7fa496287a90>,<function <lambda> at 0x7fa496287b30>
17795,2022-01-11 10:00:00,<function <lambda> at 0x7fa4962879f0>,<function <lambda> at 0x7fa496287a90>,<function <lambda> at 0x7fa496287b30>
17796,2022-01-11 11:00:00,<function <lambda> at 0x7fa4962879f0>,<function <lambda> at 0x7fa496287a90>,<function <lambda> at 0x7fa496287b30>
17797,2022-01-11 12:00:00,<function <lambda> at 0x7fa4962879f0>,<function <lambda> at 0x7fa496287a90>,<function <lambda> at 0x7fa496287b30>
17798,2022-01-11 13:00:00,<function <lambda> at 0x7fa4962879f0>,<function <lambda> at 0x7fa496287a90>,<function <lambda> at 0x7fa496287b30>
17799,2022-01-11 14:00:00,<function <lambda> at 0x7fa4962879f0>,<function <lambda> at 0x7fa496287a90>,<function <lambda> at 0x7fa496287b30>
17800,2022-01-11 15:00:00,<function <lambda> at 0x7fa4962879f0>,<function <lambda> at 0x7fa496287a90>,<function <lambda> at 0x7fa496287b30>
17801,2022-01-11 16:00:00,<function <lambda> at 0x7fa4962879f0>,<function <lambda> at 0x7fa496287a90>,<function <lambda> at 0x7fa496287b30>
17802,2022-01-11 17:00:00,<function <lambda> at 0x7fa4962879f0>,<function <lambda> at 0x7fa496287a90>,<function <lambda> at 0x7fa496287b30>
17803,2022-01-11 18:00:00,<function <lambda> at 0x7fa4962879f0>,<function <lambda> at 0x7fa496287a90>,<function <lambda> at 0x7fa496287b30>
17804,2022-01-11 19:00:00,<function <lambda> at 0x7fa4962879f0>,<function <lambda> at 0x7fa496287a90>,<function <lambda> at 0x7fa496287b30>
17805,2022-01-11 20:00:00,<function <lambda> at 0x7fa4962879f0>,<function <lambda> at 0x7fa496287a90>,<function <lambda> at 0x7fa496287b30>
17806,2022-01-11 21:00:00,<function <lambda> at 0x7fa4962879f0>,<function <lambda> at 0x7fa496287a90>,<function <lambda> at 0x7fa496287b30>
17807,2022-01-11 22:00:00,<function <lambda> at 0x7fa4962879f0>,<function <lambda> at 0x7fa496287a90>,<function <lambda> at 0x7fa496287b30>
17808,2022-01-11 23:00:00,<function <lambda> at 0x7fa4962879f0>,<function <lambda> at 0x7fa496287a90>,<function <lambda> at 0x7fa496287b30>
17809,2022-01-12 00:00:00,<function <lambda> at 0x7fa4962879f0>,<function <lambda> at 0x7fa496287a90>,<function <lambda> at 0x7fa496287b30>
17810,2022-01-12 01:00:00,<function <lambda> at 0x7fa4962879f0>,<function <lambda> at 0x7fa496287a90>,<function <lambda> at 0x7fa496287b30>
17811,2022-01-12 02:00:00,<function <lambda> at 0x7fa4962879f0>,<function <lambda> at 0x7fa496287a90>,<function <lambda> at 0x7fa496287b30>
17812,2022-01-12 03:00:00,<function <lambda> at 0x7fa4962879f0>,<function <lambda> at 0x7fa496287a90>,<function <lambda> at 0x7fa496287b30>
17813,2022-01-12 04:00:00,<function <lambda> at 0x7fa4962879f0>,<function <lambda> at 0x7fa496287a90>,<function <lambda> at 0x7fa496287b30>
17814,2022-01-12 05:00:00,<function <lambda> at 0x7fa4962879f0>,<function <lambda> at 0x7fa496287a90>,<function <lambda> at 0x7fa496287b30>
17815,2022-01-12 06:00:00,<function <lambda> at 0x7fa4962879f0>,<function <lambda> at 0x7fa496287a90>,<function <lambda> at 0x7fa496287b30>
17816,2022-01-12 07:00:00,<function <lambda> at 0x7fa4962879f0>,<function <lambda> at 0x7fa496287a90>,<function <lambda> at 0x7fa496287b30>
17817,2022-01-12 08:00:00,<function <lambda> at 0x7fa4962879f0>,<function <lambda> at 0x7fa496287a90>,<function <lambda> at 0x7fa496287b30>
17818,2022-01-12 09:00:00,<function <lambda> at 0x7fa4962879f0>,<function <lambda> at 0x7fa496287a90>,<function <lambda> at 0x7fa496287b30>
17819,2022-01-12 10:00:00,<function <lambda> at 0x7fa4962879f0>,<function <lambda> at 0x7fa496287a90>,<function <lambda> at 0x7fa496287b30>
17820,2022-01-12 11:00:00,<function <lambda> at 0x7fa4962879f0>,<function <lambda> at 0x7fa496287a90>,<function <lambda> at 0x7fa496287b30>
17821,2022-01-12 12:00:00,<function <lambda> at 0x7fa4962879f0>,<function <lambda> at 0x7fa496287a90>,<function <lambda> at 0x7fa496287b30>
17822,2022-01-12 13:00:00,<function <lambda> at 0x7fa4962879f0>,<function <lambda> at 0x7fa496287a90>,<function <lambda> at 0x7fa496287b30>
17823,2022-01-12 14:00:00,<function <lambda> at 0x7fa4962879f0>,<function <lambda> at 0x7fa496287a90>,<function <lambda> at 0x7fa496287b30>
17824,2022-01-12 15:00:00,<function <lambda> at 0x7fa4962879f0>,<function <lambda> at 0x7fa496287a90>,<function <lambda> at 0x7fa496287b30>
17825,2022-01-12 16:00:00,<function <lambda> at 0x7fa4962879f0>,<function <lambda> at 0x7fa496287a90>,<function <lambda> at 0x7fa496287b30>
17826,2022-01-12 17:00:00,<function <lambda> at 0x7fa4962879f0>,<function <lambda> at 0x7fa496287a90>,<function <lambda> at 0x7fa496287b30>
17827,2022-01-12 18:00:00,<function <lambda> at 0x7fa4962879f0>,<function <lambda> at 0x7fa496287a90>,<function <lambda> at 0x7fa496287b30>
17828,2022-01-12 19:00:00,<function <lambda> at 0x7fa4962879f0>,<function <lambda> at 0x7fa496287a90>,<function <lambda> at 0x7fa496287b30>
17829,2022-01-12 20:00:00,<function <lambda> at 0x7fa4962879f0>,<function <lambda> at 0x7fa496287a90>,<function <lambda> at 0x7fa496287b30>
17830,2022-01-12 21:00:00,<function <lambda> at 0x7fa4962879f0>,<function <lambda> at 0x7fa496287a90>,<function <lambda> at 0x7fa496287b30>
17831,2022-01-12 22:00:00,<function <lambda> at 0x7fa4962879f0>,<function <lambda> at 0x7fa496287a90>,<function <lambda> at 0x7fa496287b30>
17832,2022-01-12 23:00:00,<function <lambda> at 0x7fa4962879f0>,<function <lambda> at 0x7fa496287a90>,<function <lambda> at 0x7fa496287b30>
17833,2022-01-13 00:00:00,<function <lambda> at 0x7fa4962879f0>,<function <lambda> at 0x7fa496287a90>,<function <lambda> at 0x7fa496287b30>
17834,2022-01-13 01:00:00,<function <lambda> at 0x7fa4962879f0>,<function <lambda> at 0x7fa496287a90>,<function <lambda> at 0x7fa496287b30>
17835,2022-01-13 02:00:00,<function <lambda> at 0x7fa4962879f0>,<function <lambda> at 0x7fa496287a90>,<function <lambda> at 0x7fa496287b30>
17836,2022-01-13 03:00:00,<function <lambda> at 0x7fa4962879f0>,<function <lambda> at 0x7fa496287a90>,<function <lambda> at 0x7fa496287b30>
17837,2022-01-13 04:00:00,<function <lambda> at 0x7fa4962879f0>,<function <lambda> at 0x7fa496287a90>,<function <lambda> at 0x7fa496287b30>
17838,2022-01-13 05:00:00,<function <lambda> at 0x7fa4962879f0>,<function <lambda> at 0x7fa496287a90>,<function <lambda> at 0x7fa496287b30>
17839,2022-01-13 06:00:00,<function <lambda> at 0x7fa4962879f0>,<function <lambda> at 0x7fa496287a90>,<function <lambda> at 0x7fa496287b30>
17840,2022-01-13 07:00:00,<function <lambda> at 0x7fa4962879f0>,<function <lambda> at 0x7fa496287a90>,<function <lambda> at 0x7fa496287b30>
17841,2022-01-13 08:00:00,<function <lambda> at 0x7fa4962879f0>,<function <lambda> at 0x7fa496287a90>,<function <lambda> at 0x7fa496287b30>
17842,2022-01-13 09:00:00,<function <lambda> at 0x7fa4962879f0>,<function <lambda> at 0x7fa496287a90>,<function <lambda> at 0x7fa496287b30>
17843,2022-01-13 10:00:00,<function <lambda> at 0x7fa4962879f0>,<function <lambda> at 0x7fa496287a90>,<function <lambda> at 0x7fa496287b30>
17844,2022-01-13 11:00:00,<function <lambda> at 0x7fa4962879f0>,<function <lambda> at 0x7fa496287a90>,<function <lambda> at 0x7fa496287b30>
17845,2022-01-13 12:00:00,<function <lambda> at 0x7fa4962879f0>,<function <lambda> at 0x7fa496287a90>,<function <lambda> at 0x7fa496287b30>
17846,2022-01-13 13:00:00,<function <lambda> at 0x7fa4962879f0>,<function <lambda> at 0x7fa496287a90>,<function <lambda> at 0x7fa496287b30>
17847,2022-01-13 14:00:00,<function <lambda> at 0x7fa4962879f0>,<function <lambda> at 0x7fa496287a90>,<function <lambda> at 0x7fa496287b30>
17848,2022-01-13 15:00:00,<function <lambda> at 0x7fa4962879f0>,<function <lambda> at 0x7fa496287a90>,<function <lambda> at 0x7fa496287b30>
17849,2022-01-13 16:00:00,<function <lambda> at 0x7fa4962879f0>,<function <lambda> at 0x7fa496287a90>,<function <lambda> at 0x7fa496287b30>
17850,2022-01-13 17:00:00,<function <lambda> at 0x7fa4962879f0>,<function <lambda> at 0x7fa496287a90>,<function <lambda> at 0x7fa496287b30>
17851,2022-01-13 18:00:00,<function <lambda> at 0x7fa4962879f0>,<function <lambda> at 0x7fa496287a90>,<function <lambda> at 0x7fa496287b30>
17852,2022-01-13 19:00:00,<function <lambda> at 0x7fa4962879f0>,<function <lambda> at 0x7fa496287a90>,<function <lambda> at 0x7fa496287b30>
17853,2022-01-13 20:00:00,<function <lambda> at 0x7fa4962879f0>,<function <lambda> at 0x7fa496287a90>,<function <lambda> at 0x7fa496287b30>
17854,2022-01-13 21:00:00,<function <lambda> at 0x7fa4962879f0>,<function <lambda> at 0x7fa496287a90>,<function <lambda> at 0x7fa496287b30>
17855,2022-01-13 22:00:00,<function <lambda> at 0x7fa4962879f0>,<function <lambda> at 0x7fa496287a90>,<function <lambda> at 0x7fa496287b30>
17856,2022-01-13 23:00:00,<function <lambda> at 0x7fa4962879f0>,<function <lambda> at 0x7fa496287a90>,<function <lambda> at 0x7fa496287b30>
17857,2022-01-14 00:00:00,<function <lambda> at 0x7fa4962879f0>,<function <lambda> at 0x7fa496287a90>,<function <lambda> at 0x7fa496287b30>
17858,2022-01-14 01:00:00,<function <lambda> at 0x7fa4962879f0>,<function <lambda> at 0x7fa496287a90>,<function <lambda> at 0x7fa496287b30>
17859,2022-01-14 02:00:00,<function <lambda> at 0x7fa4962879f0>,<function <lambda> at 0x7fa496287a90>,<function <lambda> at 0x7fa496287b30>
17860,2022-01-14 03:00:00,<function <lambda> at 0x7fa4962879f0>,<function <lambda> at 0x7fa496287a90>,<function <lambda> at 0x7fa496287b30>
17861,2022-01-14 04:00:00,<function <lambda> at 0x7fa4962879f0>,<function <lambda> at 0x7fa496287a90>,<function <lambda> at 0x7fa496287b30>
17862,2022-01-14 05:00:00,<function <lambda> at 0x7fa4962879f0>,<function <lambda> at 0x7fa496287a90>,<function <lambda> at 0x7fa496287b30>
17863,2022-01-14 06:00:00,<function <lambda> at 0x7fa4962879f0>,<function <lambda> at 0x7fa496287a90>,<function <lambda> at 0x7fa496287b30>
17864,2022-01-14 07:00:00,<function <lambda> at 0x7fa4962879f0>,<function <lambda> at 0x7fa496287a90>,<function <lambda> at 0x7fa496287b30>
17865,2022-01-14 08:00:00,<function <lambda> at 0x7fa4962879f0>,<function <lambda> at 0x7fa496287a90>,<function <lambda> at 0x7fa496287b30>
17866,2022-01-14 09:00:00,<function <lambda> at 0x7fa4962879f0>,<function <lambda> at 0x7fa496287a90>,<function <lambda> at 0x7fa496287b30>
17867,2022-01-14 10:00:00,<function <lambda> at 0x7fa4962879f0>,<function <lambda> at 0x7fa496287a90>,<function <lambda> at 0x7fa496287b30>
17868,2022-01-14 11:00:00,<function <lambda> at 0x7fa4962879f0>,<function <lambda> at 0x7fa496287a90>,<function <lambda> at 0x7fa496287b30>
17869,2022-01-14 12:00:00,<function <lambda> at 0x7fa4962879f0>,<function <lambda> at 0x7fa496287a90>,<function <lambda> at 0x7fa496287b30>
17870,2022-01-14 13:00:00,<function <lambda> at 0x7fa4962879f0>,<function <lambda> at 0x7fa496287a90>,<function <lambda> at 0x7fa496287b30>
17871,2022-01-14 14:00:00,<function <lambda> at 0x7fa4962879f0>,<function <lambda> at 0x7fa496287a90>,<function <lambda> at 0x7fa496287b30>
17872,2022-01-14 15:00:00,<function <lambda> at 0x7fa4962879f0>,<function <lambda> at 0x7fa496287a90>,<function <lambda> at 0x7fa496287b30>
17873,2022-01-14 16:00:00,<function <lambda> at 0x7fa4962879f0>,<function <lambda> at 0x7fa496287a90>,<function <lambda> at 0x7fa496287b30>
17874,2022-01-14 17:00:00,<function <lambda> at 0x7fa4962879f0>,<function <lambda> at 0x7fa496287a90>,<function <lambda> at 0x7fa496287b30>
17875,2022-01-14 18:00:00,<function <lambda> at 0x7fa4962879f0>,<function <lambda> at 0x7fa496287a90>,<function <lambda> at 0x7fa496287b30>
17876,2022-01-14 19:00:00,<function <lambda> at 0x7fa4962879f0>,<function <lambda> at 0x7fa496287a90>,<function <lambda> at 0x7fa496287b30>
17877,2022-01-14 20:00:00,<function <lambda> at 0x7fa4962879f0>,<function <lambda> at 0x7fa496287a90>,<function <lambda> at 0x7fa496287b30>
17878,2022-01-14 21:00:00,<function <lambda> at 0x7fa4962879f0>,<function <lambda> at 0x7fa496287a90>,<function <lambda> at 0x7fa496287b30>
17879,2022-01-14 22:00:00,<function <lambda> at 0x7fa4962879f0>,<function <lambda> at 0x7fa496287a90>,<function <lambda> at 0x7fa496287b30>
17880,2022-01-14 23:00:00,<function <lambda> at 0x7fa4962879f0>,<function <lambda> at 0x7fa496287a90>,<function <lambda> at 0x7fa496287b30>
17881,2022-01-15 00:00:00,<function <lambda> at 0x7fa4962879f0>,<function <lambda> at 0x7fa496287a90>,<function <lambda> at 0x7fa496287b30>
17882,2022-01-15 01:00:00,<function <lambda> at 0x7fa4962879f0>,<function <lambda> at 0x7fa496287a90>,<function <lambda> at 0x7fa496287b30>
17883,2022-01-15 02:00:00,<function <lambda> at 0x7fa4962879f0>,<function <lambda> at 0x7fa496287a90>,<function <lambda> at 0x7fa496287b30>
17884,2022-01-15 03:00:00,<function <lambda> at 0x7fa4962879f0>,<function <lambda> at 0x7fa496287a90>,<function <lambda> at 0x7fa496287b30>
17885,2022-01-15 04:00:00,<function <lambda> at 0x7fa4962879f0>,<function <lambda> at 0x7fa496287a90>,<function <lambda> at 0x7fa496287b30>
17886,2022-01-15 05:00:00,<function <lambda> at 0x7fa4962879f0>,<function <lambda> at 0x7fa496287a90>,<function <lambda> at 0x7fa496287b30>
17887,2022-01-15 06:00:00,<function <lambda> at 0x7fa4962879f0>,<function <lambda> at 0x7fa496287a90>,<function <lambda> at 0x7fa496287b30>
17888,2022-01-15 07:00:00,<function <lambda> at 0x7fa4962879f0>,<function <lambda> at 0x7fa496287a90>,<function <lambda> at 0x7fa496287b30>
17889,2022-01-15 08:00:00,<function <lambda> at 0x7fa4962879f0>,<function <lambda> at 0x7fa496287a90>,<function <lambda> at 0x7fa496287b30>
17890,2022-01-15 09:00:00,<function <lambda> at 0x7fa4962879f0>,<function <lambda> at 0x7fa496287a90>,<function <lambda> at 0x7fa496287b30>
17891,2022-01-15 10:00:00,<function <lambda> at 0x7fa4962879f0>,<function <lambda> at 0x7fa496287a90>,<function <lambda> at 0x7fa496287b30>
17892,2022-01-15 11:00:00,<function <lambda> at 0x7fa4962879f0>,<function <lambda> at 0x7fa496287a90>,<function <lambda> at 0x7fa496287b30>
17893,2022-01-15 12:00:00,<function <lambda> at 0x7fa4962879f0>,<function <lambda> at 0x7fa496287a90>,<function <lambda> at 0x7fa496287b30>
17894,2022-01-15 13:00:00,<function <lambda> at 0x7fa4962879f0>,<function <lambda> at 0x7fa496287a90>,<function <lambda> at 0x7fa496287b30>
17895,2022-01-15 14:00:00,<function <lambda> at 0x7fa4962879f0>,<function <lambda> at 0x7fa496287a90>,<function <lambda> at 0x7fa496287b30>
17896,2022-01-15 15:00:00,<function <lambda> at 0x7fa4962879f0>,<function <lambda> at 0x7fa496287a90>,<function <lambda> at 0x7fa496287b30>
17897,2022-01-15 16:00:00,<function <lambda> at 0x7fa4962879f0>,<function <lambda> at 0x7fa496287a90>,<function <lambda> at 0x7fa496287b30>
17898,2022-01-15 17:00:00,<function <lambda> at 0x7fa4962879f0>,<function <lambda> at 0x7fa496287a90>,<function <lambda> at 0x7fa496287b30>
17899,2022-01-15 18:00:00,<function <lambda> at 0x7fa4962879f0>,<function <lambda> at 0x7fa496287a90>,<function <lambda> at 0x7fa496287b30>
17900,2022-01-15 19:00:00,<function <lambda> at 0x7fa4962879f0>,<function <lambda> at 0x7fa496287a90>,<function <lambda> at 0x7fa496287b30>
17901,2022-01-15 20:00:00,<function <lambda> at 0x7fa4962879f0>,<function <lambda> at 0x7fa496287a90>,<function <lambda> at 0x7fa496287b30>
17902,2022-01-15 21:00:00,<function <lambda> at 0x7fa4962879f0>,<function <lambda> at 0x7fa496287a90>,<function <lambda> at 0x7fa496287b30>
17903,2022-01-15 22:00:00,<function <lambda> at 0x7fa4962879f0>,<function <lambda> at 0x7fa496287a90>,<function <lambda> at 0x7fa496287b30>
17904,2022-01-15 23:00:00,<function <lambda> at 0x7fa4962879f0>,<function <lambda> at 0x7fa496287a90>,<function <lambda> at 0x7fa496287b30>
17905,2022-01-16 00:00:00,<function <lambda> at 0x7fa4962879f0>,<function <lambda> at 0x7fa496287a90>,<function <lambda> at 0x7fa496287b30>
17906,2022-01-16 01:00:00,<function <lambda> at 0x7fa4962879f0>,<function <lambda> at 0x7fa496287a90>,<function <lambda> at 0x7fa496287b30>
17907,2022-01-16 02:00:00,<function <lambda> at 0x7fa4962879f0>,<function <lambda> at 0x7fa496287a90>,<function <lambda> at 0x7fa496287b30>
17908,2022-01-16 03:00:00,<function <lambda> at 0x7fa4962879f0>,<function <lambda> at 0x7fa496287a90>,<function <lambda> at 0x7fa496287b30>
17909,2022-01-16 04:00:00,<function <lambda> at 0x7fa4962879f0>,<function <lambda> at 0x7fa496287a90>,<function <lambda> at 0x7fa496287b30>
17910,2022-01-16 05:00:00,<function <lambda> at 0x7fa4962879f0>,<function <lambda> at 0x7fa496287a90>,<function <lambda> at 0x7fa496287b30>
17911,2022-01-16 06:00:00,<function <lambda> at 0x7fa4962879f0>,<function <lambda> at 0x7fa496287a90>,<function <lambda> at 0x7fa496287b30>
17912,2022-01-16 07:00:00,<function <lambda> at 0x7fa4962879f0>,<function <lambda> at 0x7fa496287a90>,<function <lambda> at 0x7fa496287b30>
17913,2022-01-16 08:00:00,<function <lambda> at 0x7fa4962879f0>,<function <lambda> at 0x7fa496287a90>,<function <lambda> at 0x7fa496287b30>
17914,2022-01-16 09:00:00,<function <lambda> at 0x7fa4962879f0>,<function <lambda> at 0x7fa496287a90>,<function <lambda> at 0x7fa496287b30>
17915,2022-01-16 10:00:00,<function <lambda> at 0x7fa4962879f0>,<function <lambda> at 0x7fa496287a90>,<function <lambda> at 0x7fa496287b30>
17916,2022-01-16 11:00:00,<function <lambda> at 0x7fa4962879f0>,<function <lambda> at 0x7fa496287a90>,<function <lambda> at 0x7fa496287b30>
17917,2022-01-16 12:00:00,<function <lambda> at 0x7fa4962879f0>,<function <lambda> at 0x7fa496287a90>,<function <lambda> at 0x7fa496287b30>
17918,2022-01-16 13:00:00,<function <lambda> at 0x7fa4962879f0>,<function <lambda> at 0x7fa496287a90>,<function <lambda> at 0x7fa496287b30>
17919,2022-01-16 14:00:00,<function <lambda> at 0x7fa4962879f0>,<function <lambda> at 0x7fa496287a90>,<function <lambda> at 0x7fa496287b30>
17920,2022-01-16 15:00:00,<function <lambda> at 0x7fa4962879f0>,<function <lambda> at 0x7fa496287a90>,<function <lambda> at 0x7fa496287b30>
17921,2022-01-16 16:00:00,<function <lambda> at 0x7fa4962879f0>,<function <lambda> at 0x7fa496287a90>,<function <lambda> at 0x7fa496287b30>
17922,2022-01-16 17:00:00,<function <lambda> at 0x7fa4962879f0>,<function <lambda> at 0x7fa496287a90>,<function <lambda> at 0x7fa496287b30>
17923,2022-01-16 18:00:00,<function <lambda> at 0x7fa4962879f0>,<function <lambda> at 0x7fa496287a90>,<function <lambda> at 0x7fa496287b30>
17924,2022-01-16 19:00:00,<function <lambda> at 0x7fa4962879f0>,<function <lambda> at 0x7fa496287a90>,<function <lambda> at 0x7fa496287b30>
17925,2022-01-16 20:00:00,<function <lambda> at 0x7fa4962879f0>,<function <lambda> at 0x7fa496287a90>,<function <lambda> at 0x7fa496287b30>
17926,2022-01-16 21:00:00,<function <lambda> at 0x7fa4962879f0>,<function <lambda> at 0x7fa496287a90>,<function <lambda> at 0x7fa496287b30>
17927,2022-01-16 22:00:00,<function <lambda> at 0x7fa4962879f0>,<function <lambda> at 0x7fa496287a90>,<function <lambda> at 0x7fa496287b30>
17928,2022-01-16 23:00:00,<function <lambda> at 0x7fa4962879f0>,<function <lambda> at 0x7fa496287a90>,<function <lambda> at 0x7fa496287b30>
17929,2022-01-17 00:00:00,<function <lambda> at 0x7fa4962879f0>,<function <lambda> at 0x7fa496287a90>,<function <lambda> at 0x7fa496287b30>
17930,2022-01-17 01:00:00,<function <lambda> at 0x7fa4962879f0>,<function <lambda> at 0x7fa496287a90>,<function <lambda> at 0x7fa496287b30>
17931,2022-01-17 02:00:00,<function <lambda> at 0x7fa4962879f0>,<function <lambda> at 0x7fa496287a90>,<function <lambda> at 0x7fa496287b30>
17932,2022-01-17 03:00:00,<function <lambda> at 0x7fa4962879f0>,<function <lambda> at 0x7fa496287a90>,<function <lambda> at 0x7fa496287b30>
17933,2022-01-17 04:00:00,<function <lambda> at 0x7fa4962879f0>,<function <lambda> at 0x7fa496287a90>,<function <lambda> at 0x7fa496287b30>
17934,2022-01-17 05:00:00,<function <lambda> at 0x7fa4962879f0>,<function <lambda> at 0x7fa496287a90>,<function <lambda> at 0x7fa496287b30>
17935,2022-01-17 06:00:00,<function <lambda> at 0x7fa4962879f0>,<function <lambda> at 0x7fa496287a90>,<function <lambda> at 0x7fa496287b30>
17936,2022-01-17 07:00:00,<function <lambda> at 0x7fa4962879f0>,<function <lambda> at 0x7fa496287a90>,<function <lambda> at 0x7fa496287b30>
17937,2022-01-17 08:00:00,<function <lambda> at 0x7fa4962879f0>,<function <lambda> at 0x7fa496287a90>,<function <lambda> at 0x7fa496287b30>
17938,2022-01-17 09:00:00,<function <lambda> at 0x7fa4962879f0>,<function <lambda> at 0x7fa496287a90>,<function <lambda> at 0x7fa496287b30>
17939,2022-01-17 10:00:00,<function <lambda> at 0x7fa4962879f0>,<function <lambda> at 0x7fa496287a90>,<function <lambda> at 0x7fa496287b30>
17940,2022-01-17 11:00:00,<function <lambda> at 0x7fa4962879f0>,<function <lambda> at 0x7fa496287a90>,<function <lambda> at 0x7fa496287b30>
17941,2022-01-17 12:00:00,<function <lambda> at 0x7fa4962879f0>,<function <lambda> at 0x7fa496287a90>,<function <lambda> at 0x7fa496287b30>
17942,2022-01-17 13:00:00,<function <lambda> at 0x7fa4962879f0>,<function <lambda> at 0x7fa496287a90>,<function <lambda> at 0x7fa496287b30>
17943,2022-01-17 14:00:00,<function <lambda> at 0x7fa4962879f0>,<function <lambda> at 0x7fa496287a90>,<function <lambda> at 0x7fa496287b30>
17944,2022-01-17 15:00:00,<function <lambda> at 0x7fa4962879f0>,<function <lambda> at 0x7fa496287a90>,<function <lambda> at 0x7fa496287b30>
17945,2022-01-17 16:00:00,<function <lambda> at 0x7fa4962879f0>,<function <lambda> at 0x7fa496287a90>,<function <lambda> at 0x7fa496287b30>
17946,2022-01-17 17:00:00,<function <lambda> at 0x7fa4962879f0>,<function <lambda> at 0x7fa496287a90>,<function <lambda> at 0x7fa496287b30>
17947,2022-01-17 18:00:00,<function <lambda> at 0x7fa4962879f0>,<function <lambda> at 0x7fa496287a90>,<function <lambda> at 0x7fa496287b30>
17948,2022-01-17 19:00:00,<function <lambda> at 0x7fa4962879f0>,<function <lambda> at 0x7fa496287a90>,<function <lambda> at 0x7fa496287b30>
17949,2022-01-17 20:00:00,<function <lambda> at 0x7fa4962879f0>,<function <lambda> at 0x7fa496287a90>,<function <lambda> at 0x7fa496287b30>
17950,2022-01-17 21:00:00,<function <lambda> at 0x7fa4962879f0>,<function <lambda> at 0x7fa496287a90>,<function <lambda> at 0x7fa496287b30>
17951,2022-01-17 22:00:00,<function <lambda> at 0x7fa4962879f0>,<function <lambda> at 0x7fa496287a90>,<function <lambda> at 0x7fa496287b30>
17952,2022-01-17 23:00:00,<function <lambda> at 0x7fa4962879f0>,<function <lambda> at 0x7fa496287a90>,<function <lambda> at 0x7fa496287b30>
17953,2022-01-18 00:00:00,<function <lambda> at 0x7fa4962879f0>,<function <lambda> at 0x7fa496287a90>,<function <lambda> at 0x7fa496287b30>
17954,2022-01-18 01:00:00,<function <lambda> at 0x7fa4962879f0>,<function <lambda> at 0x7fa496287a90>,<function <lambda> at 0x7fa496287b30>
17955,2022-01-18 02:00:00,<function <lambda> at 0x7fa4962879f0>,<function <lambda> at 0x7fa496287a90>,<function <lambda> at 0x7fa496287b30>
17956,2022-01-18 03:00:00,<function <lambda> at 0x7fa4962879f0>,<function <lambda> at 0x7fa496287a90>,<function <lambda> at 0x7fa496287b30>
17957,2022-01-18 04:00:00,<function <lambda> at 0x7fa4962879f0>,<function <lambda> at 0x7fa496287a90>,<function <lambda> at 0x7fa496287b30>
17958,2022-01-18 05:00:00,<function <lambda> at 0x7fa4962879f0>,<function <lambda> at 0x7fa496287a90>,<function <lambda> at 0x7fa496287b30>
17959,2022-01-18 06:00:00,<function <lambda> at 0x7fa4962879f0>,<function <lambda> at 0x7fa496287a90>,<function <lambda> at 0x7fa496287b30>
17960,2022-01-18 07:00:00,<function <lambda> at 0x7fa4962879f0>,<function <lambda> at 0x7fa496287a90>,<function <lambda> at 0x7fa496287b30>
17961,2022-01-18 08:00:00,<function <lambda> at 0x7fa4962879f0>,<function <lambda> at 0x7fa496287a90>,<function <lambda> at 0x7fa496287b30>
17962,2022-01-18 09:00:00,<function <lambda> at 0x7fa4962879f0>,<function <lambda> at 0x7fa496287a90>,<function <lambda> at 0x7fa496287b30>
17963,2022-01-18 10:00:00,<function <lambda> at 0x7fa4962879f0>,<function <lambda> at 0x7fa496287a90>,<function <lambda> at 0x7fa496287b30>
17964,2022-01-18 11:00:00,<function <lambda> at 0x7fa4962879f0>,<function <lambda> at 0x7fa496287a90>,<function <lambda> at 0x7fa496287b30>
17965,2022-01-18 12:00:00,<function <lambda> at 0x7fa4962879f0>,<function <lambda> at 0x7fa496287a90>,<function <lambda> at 0x7fa496287b30>
17966,2022-01-18 13:00:00,<function <lambda> at 0x7fa4962879f0>,<function <lambda> at 0x7fa496287a90>,<function <lambda> at 0x7fa496287b30>
17967,2022-01-18 14:00:00,<function <lambda> at 0x7fa4962879f0>,<function <lambda> at 0x7fa496287a90>,<function <lambda> at 0x7fa496287b30>
17968,2022-01-18 15:00:00,<function <lambda> at 0x7fa4962879f0>,<function <lambda> at 0x7fa496287a90>,<function <lambda> at 0x7fa496287b30>
17969,2022-01-18 16:00:00,<function <lambda> at 0x7fa4962879f0>,<function <lambda> at 0x7fa496287a90>,<function <lambda> at 0x7fa496287b30>
17970,2022-01-18 17:00:00,<function <lambda> at 0x7fa4962879f0>,<function <lambda> at 0x7fa496287a90>,<function <lambda> at 0x7fa496287b30>
17971,2022-01-18 18:00:00,<function <lambda> at 0x7fa4962879f0>,<function <lambda> at 0x7fa496287a90>,<function <lambda> at 0x7fa496287b30>
17972,2022-01-18 19:00:00,<function <lambda> at 0x7fa4962879f0>,<function <lambda> at 0x7fa496287a90>,<function <lambda> at 0x7fa496287b30>
17973,2022-01-18 20:00:00,<function <lambda> at 0x7fa4962879f0>,<function <lambda> at 0x7fa496287a90>,<function <lambda> at 0x7fa496287b30>
17974,2022-01-18 21:00:00,<function <lambda> at 0x7fa4962879f0>,<function <lambda> at 0x7fa496287a90>,<function <lambda> at 0x7fa496287b30>
17975,2022-01-18 22:00:00,<function <lambda> at 0x7fa4962879f0>,<function <lambda> at 0x7fa496287a90>,<function <lambda> at 0x7fa496287b30>
17976,2022-01-18 23:00:00,<function <lambda> at 0x7fa4962879f0>,<function <lambda> at 0x7fa496287a90>,<function <lambda> at 0x7fa496287b30>
17977,2022-01-19 00:00:00,<function <lambda> at 0x7fa4962879f0>,<function <lambda> at 0x7fa496287a90>,<function <lambda> at 0x7fa496287b30>
17978,2022-01-19 01:00:00,<function <lambda> at 0x7fa4962879f0>,<function <lambda> at 0x7fa496287a90>,<function <lambda> at 0x7fa496287b30>
17979,2022-01-19 02:00:00,<function <lambda> at 0x7fa4962879f0>,<function <lambda> at 0x7fa496287a90>,<function <lambda> at 0x7fa496287b30>
17980,2022-01-19 03:00:00,<function <lambda> at 0x7fa4962879f0>,<function <lambda> at 0x7fa496287a90>,<function <lambda> at 0x7fa496287b30>
17981,2022-01-19 04:00:00,<function <lambda> at 0x7fa4962879f0>,<function <lambda> at 0x7fa496287a90>,<function <lambda> at 0x7fa496287b30>
17982,2022-01-19 05:00:00,<function <lambda> at 0x7fa4962879f0>,<function <lambda> at 0x7fa496287a90>,<function <lambda> at 0x7fa496287b30>
17983,2022-01-19 06:00:00,<function <lambda> at 0x7fa4962879f0>,<function <lambda> at 0x7fa496287a90>,<function <lambda> at 0x7fa496287b30>
17984,2022-01-19 07:00:00,<function <lambda> at 0x7fa4962879f0>,<function <lambda> at 0x7fa496287a90>,<function <lambda> at 0x7fa496287b30>
17985,2022-01-19 08:00:00,<function <lambda> at 0x7fa4962879f0>,<function <lambda> at 0x7fa496287a90>,<function <lambda> at 0x7fa496287b30>
17986,2022-01-19 09:00:00,<function <lambda> at 0x7fa4962879f0>,<function <lambda> at 0x7fa496287a90>,<function <lambda> at 0x7fa496287b30>
17987,2022-01-19 10:00:00,<function <lambda> at 0x7fa4962879f0>,<function <lambda> at 0x7fa496287a90>,<function <lambda> at 0x7fa496287b30>
17988,2022-01-19 11:00:00,<function <lambda> at 0x7fa4962879f0>,<function <lambda> at 0x7fa496287a90>,<function <lambda> at 0x7fa496287b30>
17989,2022-01-19 12:00:00,<function <lambda> at 0x7fa4962879f0>,<function <lambda> at 0x7fa496287a90>,<function <lambda> at 0x7fa496287b30>
17990,2022-01-19 13:00:00,<function <lambda> at 0x7fa4962879f0>,<function <lambda> at 0x7fa496287a90>,<function <lambda> at 0x7fa496287b30>
17991,2022-01-19 14:00:00,<function <lambda> at 0x7fa4962879f0>,<function <lambda> at 0x7fa496287a90>,<function <lambda> at 0x7fa496287b30>
17992,2022-01-19 15:00:00,<function <lambda> at 0x7fa4962879f0>,<function <lambda> at 0x7fa496287a90>,<function <lambda> at 0x7fa496287b30>
17993,2022-01-19 16:00:00,<function <lambda> at 0x7fa4962879f0>,<function <lambda> at 0x7fa496287a90>,<function <lambda> at 0x7fa496287b30>
17994,2022-01-19 17:00:00,<function <lambda> at 0x7fa4962879f0>,<function <lambda> at 0x7fa496287a90>,<function <lambda> at 0x7fa496287b30>
17995,2022-01-19 18:00:00,<function <lambda> at 0x7fa4962879f0>,<function <lambda> at 0x7fa496287a90>,<function <lambda> at 0x7fa496287b30>
17996,2022-01-19 19:00:00,<function <lambda> at 0x7fa4962879f0>,<function <lambda> at 0x7fa496287a90>,<function <lambda> at 0x7fa496287b30>
17997,2022-01-19 20:00:00,<function <lambda> at 0x7fa4962879f0>,<function <lambda> at 0x7fa496287a90>,<function <lambda> at 0x7fa496287b30>
17998,2022-01-19 21:00:00,<function <lambda> at 0x7fa4962879f0>,<function <lambda> at 0x7fa496287a90>,<function <lambda> at 0x7fa496287b30>
17999,2022-01-19 22:00:00,<function <lambda> at 0x7fa4962879f0>,<function <lambda> at 0x7fa496287a90>,<function <lambda> at 0x7fa496287b30>
18000,2022-01-19 23:00:00,<function <lambda> at 0x7fa4962879f0>,<function <lambda> at 0x7fa496287a90>,<function <lambda> at 0x7fa496287b30>
18001,2022-01-20 00:00:00,<function <lambda> at 0x7fa4962879f0>,<function <lambda> at 0x7fa496287a90>,<function <lambda> at 0x7fa496287b30>
18002,2022-01-20 01:00:00,<function <lambda> at 0x7fa4962879f0>,<function <lambda> at 0x7fa496287a90>,<function <lambda> at 0x7fa496287b30>
18003,2022-01-20 02:00:00,<function <lambda> at 0x7fa4962879f0>,<function <lambda> at 0x7fa496287a90>,<function <lambda> at 0x7fa496287b30>
18004,2022-01-20 03:00:00,<function <lambda> at 0x7fa4962879f0>,<function <lambda> at 0x7fa496287a90>,<function <lambda> at 0x7fa496287b30>
18005,2022-01-20 04:00:00,<function <lambda> at 0x7fa4962879f0>,<function <lambda> at 0x7fa496287a90>,<function <lambda> at 0x7fa496287b30>
18006,2022-01-20 05:00:00,<function <lambda> at 0x7fa4962879f0>,<function <lambda> at 0x7fa496287a90>,<function <lambda> at 0x7fa496287b30>
18007,2022-01-20 06:00:00,<function <lambda> at 0x7fa4962879f0>,<function <lambda> at 0x7fa496287a90>,<function <lambda> at 0x7fa496287b30>
18008,2022-01-20 07:00:00,<function <lambda> at 0x7fa4962879f0>,<function <lambda> at 0x7fa496287a90>,<function <lambda> at 0x7fa496287b30>
18009,2022-01-20 08:00:00,<function <lambda> at 0x7fa4962879f0>,<function <lambda> at 0x7fa496287a90>,<function <lambda> at 0x7fa496287b30>
18010,2022-01-20 09:00:00,<function <lambda> at 0x7fa4962879f0>,<function <lambda> at 0x7fa496287a90>,<function <lambda> at 0x7fa496287b30>
18011,2022-01-20 10:00:00,<function <lambda> at 0x7fa4962879f0>,<function <lambda> at 0x7fa496287a90>,<function <lambda> at 0x7fa496287b30>
18012,2022-01-20 11:00:00,<function <lambda> at 0x7fa4962879f0>,<function <lambda> at 0x7fa496287a90>,<function <lambda> at 0x7fa496287b30>
18013,2022-01-20 12:00:00,<function <lambda> at 0x7fa4962879f0>,<function <lambda> at 0x7fa496287a90>,<function <lambda> at 0x7fa496287b30>
18014,2022-01-20 13:00:00,<function <lambda> at 0x7fa4962879f0>,<function <lambda> at 0x7fa496287a90>,<function <lambda> at 0x7fa496287b30>
18015,2022-01-20 14:00:00,<function <lambda> at 0x7fa4962879f0>,<function <lambda> at 0x7fa496287a90>,<function <lambda> at 0x7fa496287b30>
18016,2022-01-20 15:00:00,<function <lambda> at 0x7fa4962879f0>,<function <lambda> at 0x7fa496287a90>,<function <lambda> at 0x7fa496287b30>
18017,2022-01-20 16:00:00,<function <lambda> at 0x7fa4962879f0>,<function <lambda> at 0x7fa496287a90>,<function <lambda> at 0x7fa496287b30>
18018,2022-01-20 17:00:00,<function <lambda> at 0x7fa4962879f0>,<function <lambda> at 0x7fa496287a90>,<function <lambda> at 0x7fa496287b30>
18019,2022-01-20 18:00:00,<function <lambda> at 0x7fa4962879f0>,<function <lambda> at 0x7fa496287a90>,<function <lambda> at 0x7fa496287b30>
18020,2022-01-20 19:00:00,<function <lambda> at 0x7fa4962879f0>,<function <lambda> at 0x7fa496287a90>,<function <lambda> at 0x7fa496287b30>
18021,2022-01-20 20:00:00,<function <lambda> at 0x7fa4962879f0>,<function <lambda> at 0x7fa496287a90>,<function <lambda> at 0x7fa496287b30>
18022,2022-01-20 21:00:00,<function <lambda> at 0x7fa4962879f0>,<function <lambda> at 0x7fa496287a90>,<function <lambda> at 0x7fa496287b30>
18023,2022-01-20 22:00:00,<function <lambda> at 0x7fa4962879f0>,<function <lambda> at 0x7fa496287a90>,<function <lambda> at 0x7fa496287b30>
18024,2022-01-20 23:00:00,<function <lambda> at 0x7fa4962879f0>,<function <lambda> at 0x7fa496287a90>,<function <lambda> at 0x7fa496287b30>
18025,2022-01-21 00:00:00,<function <lambda> at 0x7fa4962879f0>,<function <lambda> at 0x7fa496287a90>,<function <lambda> at 0x7fa496287b30>
18026,2022-01-21 01:00:00,<function <lambda> at 0x7fa4962879f0>,<function <lambda> at 0x7fa496287a90>,<function <lambda> at 0x7fa496287b30>
18027,2022-01-21 02:00:00,<function <lambda> at 0x7fa4962879f0>,<function <lambda> at 0x7fa496287a90>,<function <lambda> at 0x7fa496287b30>
18028,2022-01-21 03:00:00,<function <lambda> at 0x7fa4962879f0>,<function <lambda> at 0x7fa496287a90>,<function <lambda> at 0x7fa496287b30>
18029,2022-01-21 04:00:00,<function <lambda> at 0x7fa4962879f0>,<function <lambda> at 0x7fa496287a90>,<function <lambda> at 0x7fa496287b30>
18030,2022-01-21 05:00:00,<function <lambda> at 0x7fa4962879f0>,<function <lambda> at 0x7fa496287a90>,<function <lambda> at 0x7fa496287b30>
18031,2022-01-21 06:00:00,<function <lambda> at 0x7fa4962879f0>,<function <lambda> at 0x7fa496287a90>,<function <lambda> at 0x7fa496287b30>
18032,2022-01-21 07:00:00,<function <lambda> at 0x7fa4962879f0>,<function <lambda> at 0x7fa496287a90>,<function <lambda> at 0x7fa496287b30>
18033,2022-01-21 08:00:00,<function <lambda> at 0x7fa4962879f0>,<function <lambda> at 0x7fa496287a90>,<function <lambda> at 0x7fa496287b30>
18034,2022-01-21 09:00:00,<function <lambda> at 0x7fa4962879f0>,<function <lambda> at 0x7fa496287a90>,<function <lambda> at 0x7fa496287b30>
18035,2022-01-21 10:00:00,<function <lambda> at 0x7fa4962879f0>,<function <lambda> at 0x7fa496287a90>,<function <lambda> at 0x7fa496287b30>
18036,2022-01-21 11:00:00,<function <lambda> at 0x7fa4962879f0>,<function <lambda> at 0x7fa496287a90>,<function <lambda> at 0x7fa496287b30>
18037,2022-01-21 12:00:00,<function <lambda> at 0x7fa4962879f0>,<function <lambda> at 0x7fa496287a90>,<function <lambda> at 0x7fa496287b30>
18038,2022-01-21 13:00:00,<function <lambda> at 0x7fa4962879f0>,<function <lambda> at 0x7fa496287a90>,<function <lambda> at 0x7fa496287b30>
18039,2022-01-21 14:00:00,<function <lambda> at 0x7fa4962879f0>,<function <lambda> at 0x7fa496287a90>,<function <lambda> at 0x7fa496287b30>
18040,2022-01-21 15:00:00,<function <lambda> at 0x7fa4962879f0>,<function <lambda> at 0x7fa496287a90>,<function <lambda> at 0x7fa496287b30>
18041,2022-01-21 16:00:00,<function <lambda> at 0x7fa4962879f0>,<function <lambda> at 0x7fa496287a90>,<function <lambda> at 0x7fa496287b30>
18042,2022-01-21 17:00:00,<function <lambda> at 0x7fa4962879f0>,<function <lambda> at 0x7fa496287a90>,<function <lambda> at 0x7fa496287b30>
18043,2022-01-21 18:00:00,<function <lambda> at 0x7fa4962879f0>,<function <lambda> at 0x7fa496287a90>,<function <lambda> at 0x7fa496287b30>
18044,2022-01-21 19:00:00,<function <lambda> at 0x7fa4962879f0>,<function <lambda> at 0x7fa496287a90>,<function <lambda> at 0x7fa496287b30>
18045,2022-01-21 20:00:00,<function <lambda> at 0x7fa4962879f0>,<function <lambda> at 0x7fa496287a90>,<function <lambda> at 0x7fa496287b30>
18046,2022-01-21 21:00:00,<function <lambda> at 0x7fa4962879f0>,<function <lambda> at 0x7fa496287a90>,<function <lambda> at 0x7fa496287b30>
18047,2022-01-21 22:00:00,<function <lambda> at 0x7fa4962879f0>,<function <lambda> at 0x7fa496287a90>,<function <lambda> at 0x7fa496287b30>
18048,2022-01-21 23:00:00,<function <lambda> at 0x7fa4962879f0>,<function <lambda> at 0x7fa496287a90>,<function <lambda> at 0x7fa496287b30>
18049,2022-01-22 00:00:00,<function <lambda> at 0x7fa4962879f0>,<function <lambda> at 0x7fa496287a90>,<function <lambda> at 0x7fa496287b30>
18050,2022-01-22 01:00:00,<function <lambda> at 0x7fa4962879f0>,<function <lambda> at 0x7fa496287a90>,<function <lambda> at 0x7fa496287b30>
18051,2022-01-22 02:00:00,<function <lambda> at 0x7fa4962879f0>,<function <lambda> at 0x7fa496287a90>,<function <lambda> at 0x7fa496287b30>
18052,2022-01-22 03:00:00,<function <lambda> at 0x7fa4962879f0>,<function <lambda> at 0x7fa496287a90>,<function <lambda> at 0x7fa496287b30>
18053,2022-01-22 04:00:00,<function <lambda> at 0x7fa4962879f0>,<function <lambda> at 0x7fa496287a90>,<function <lambda> at 0x7fa496287b30>
18054,2022-01-22 05:00:00,<function <lambda> at 0x7fa4962879f0>,<function <lambda> at 0x7fa496287a90>,<function <lambda> at 0x7fa496287b30>
18055,2022-01-22 06:00:00,<function <lambda> at 0x7fa4962879f0>,<function <lambda> at 0x7fa496287a90>,<function <lambda> at 0x7fa496287b30>
18056,2022-01-22 07:00:00,<function <lambda> at 0x7fa4962879f0>,<function <lambda> at 0x7fa496287a90>,<function <lambda> at 0x7fa496287b30>
18057,2022-01-22 08:00:00,<function <lambda> at 0x7fa4962879f0>,<function <lambda> at 0x7fa496287a90>,<function <lambda> at 0x7fa496287b30>
18058,2022-01-22 09:00:00,<function <lambda> at 0x7fa4962879f0>,<function <lambda> at 0x7fa496287a90>,<function <lambda> at 0x7fa496287b30>
18059,2022-01-22 10:00:00,<function <lambda> at 0x7fa4962879f0>,<function <lambda> at 0x7fa496287a90>,<function <lambda> at 0x7fa496287b30>
18060,2022-01-22 11:00:00,<function <lambda> at 0x7fa4962879f0>,<function <lambda> at 0x7fa496287a90>,<function <lambda> at 0x7fa496287b30>
18061,2022-01-22 12:00:00,<function <lambda> at 0x7fa4962879f0>,<function <lambda> at 0x7fa496287a90>,<function <lambda> at 0x7fa496287b30>
18062,2022-01-22 13:00:00,<function <lambda> at 0x7fa4962879f0>,<function <lambda> at 0x7fa496287a90>,<function <lambda> at 0x7fa496287b30>
18063,2022-01-22 14:00:00,<function <lambda> at 0x7fa4962879f0>,<function <lambda> at 0x7fa496287a90>,<function <lambda> at 0x7fa496287b30>
18064,2022-01-22 15:00:00,<function <lambda> at 0x7fa4962879f0>,<function <lambda> at 0x7fa496287a90>,<function <lambda> at 0x7fa496287b30>
18065,2022-01-22 16:00:00,<function <lambda> at 0x7fa4962879f0>,<function <lambda> at 0x7fa496287a90>,<function <lambda> at 0x7fa496287b30>
18066,2022-01-22 17:00:00,<function <lambda> at 0x7fa4962879f0>,<function <lambda> at 0x7fa496287a90>,<function <lambda> at 0x7fa496287b30>
18067,2022-01-22 18:00:00,<function <lambda> at 0x7fa4962879f0>,<function <lambda> at 0x7fa496287a90>,<function <lambda> at 0x7fa496287b30>
18068,2022-01-22 19:00:00,<function <lambda> at 0x7fa4962879f0>,<function <lambda> at 0x7fa496287a90>,<function <lambda> at 0x7fa496287b30>
18069,2022-01-22 20:00:00,<function <lambda> at 0x7fa4962879f0>,<function <lambda> at 0x7fa496287a90>,<function <lambda> at 0x7fa496287b30>
18070,2022-01-22 21:00:00,<function <lambda> at 0x7fa4962879f0>,<function <lambda> at 0x7fa496287a90>,<function <lambda> at 0x7fa496287b30>
18071,2022-01-22 22:00:00,<function <lambda> at 0x7fa4962879f0>,<function <lambda> at 0x7fa496287a90>,<function <lambda> at 0x7fa496287b30>
18072,2022-01-22 23:00:00,<function <lambda> at 0x7fa4962879f0>,<function <lambda> at 0x7fa496287a90>,<function <lambda> at 0x7fa496287b30>
18073,2022-01-23 00:00:00,<function <lambda> at 0x7fa4962879f0>,<function <lambda> at 0x7fa496287a90>,<function <lambda> at 0x7fa496287b30>
18074,2022-01-23 01:00:00,<function <lambda> at 0x7fa4962879f0>,<function <lambda> at 0x7fa496287a90>,<function <lambda> at 0x7fa496287b30>
18075,2022-01-23 02:00:00,<function <lambda> at 0x7fa4962879f0>,<function <lambda> at 0x7fa496287a90>,<function <lambda> at 0x7fa496287b30>
18076,2022-01-23 03:00:00,<function <lambda> at 0x7fa4962879f0>,<function <lambda> at 0x7fa496287a90>,<function <lambda> at 0x7fa496287b30>
18077,2022-01-23 04:00:00,<function <lambda> at 0x7fa4962879f0>,<function <lambda> at 0x7fa496287a90>,<function <lambda> at 0x7fa496287b30>
18078,2022-01-23 05:00:00,<function <lambda> at 0x7fa4962879f0>,<function <lambda> at 0x7fa496287a90>,<function <lambda> at 0x7fa496287b30>
18079,2022-01-23 06:00:00,<function <lambda> at 0x7fa4962879f0>,<function <lambda> at 0x7fa496287a90>,<function <lambda> at 0x7fa496287b30>
18080,2022-01-23 07:00:00,<function <lambda> at 0x7fa4962879f0>,<function <lambda> at 0x7fa496287a90>,<function <lambda> at 0x7fa496287b30>
18081,2022-01-23 08:00:00,<function <lambda> at 0x7fa4962879f0>,<function <lambda> at 0x7fa496287a90>,<function <lambda> at 0x7fa496287b30>
18082,2022-01-23 09:00:00,<function <lambda> at 0x7fa4962879f0>,<function <lambda> at 0x7fa496287a90>,<function <lambda> at 0x7fa496287b30>
18083,2022-01-23 10:00:00,<function <lambda> at 0x7fa4962879f0>,<function <lambda> at 0x7fa496287a90>,<function <lambda> at 0x7fa496287b30>
18084,2022-01-23 11:00:00,<function <lambda> at 0x7fa4962879f0>,<function <lambda> at 0x7fa496287a90>,<function <lambda> at 0x7fa496287b30>
18085,2022-01-23 12:00:00,<function <lambda> at 0x7fa4962879f0>,<function <lambda> at 0x7fa496287a90>,<function <lambda> at 0x7fa496287b30>
18086,2022-01-23 13:00:00,<function <lambda> at 0x7fa4962879f0>,<function <lambda> at 0x7fa496287a90>,<function <lambda> at 0x7fa496287b30>
18087,2022-01-23 14:00:00,<function <lambda> at 0x7fa4962879f0>,<function <lambda> at 0x7fa496287a90>,<function <lambda> at 0x7fa496287b30>
18088,2022-01-23 15:00:00,<function <lambda> at 0x7fa4962879f0>,<function <lambda> at 0x7fa496287a90>,<function <lambda> at 0x7fa496287b30>
18089,2022-01-23 16:00:00,<function <lambda> at 0x7fa4962879f0>,<function <lambda> at 0x7fa496287a90>,<function <lambda> at 0x7fa496287b30>
18090,2022-01-23 17:00:00,<function <lambda> at 0x7fa4962879f0>,<function <lambda> at 0x7fa496287a90>,<function <lambda> at 0x7fa496287b30>
18091,2022-01-23 18:00:00,<function <lambda> at 0x7fa4962879f0>,<function <lambda> at 0x7fa496287a90>,<function <lambda> at 0x7fa496287b30>
18092,2022-01-23 19:00:00,<function <lambda> at 0x7fa4962879f0>,<function <lambda> at 0x7fa496287a90>,<function <lambda> at 0x7fa496287b30>
18093,2022-01-23 20:00:00,<function <lambda> at 0x7fa4962879f0>,<function <lambda> at 0x7fa496287a90>,<function <lambda> at 0x7fa496287b30>
18094,2022-01-23 21:00:00,<function <lambda> at 0x7fa4962879f0>,<function <lambda> at 0x7fa496287a90>,<function <lambda> at 0x7fa496287b30>
18095,2022-01-23 22:00:00,<function <lambda> at 0x7fa4962879f0>,<function <lambda> at 0x7fa496287a90>,<function <lambda> at 0x7fa496287b30>
18096,2022-01-23 23:00:00,<function <lambda> at 0x7fa4962879f0>,<function <lambda> at 0x7fa496287a90>,<function <lambda> at 0x7fa496287b30>
18097,2022-01-24 00:00:00,<function <lambda> at 0x7fa4962879f0>,<function <lambda> at 0x7fa496287a90>,<function <lambda> at 0x7fa496287b30>
18098,2022-01-24 01:00:00,<function <lambda> at 0x7fa4962879f0>,<function <lambda> at 0x7fa496287a90>,<function <lambda> at 0x7fa496287b30>
18099,2022-01-24 02:00:00,<function <lambda> at 0x7fa4962879f0>,<function <lambda> at 0x7fa496287a90>,<function <lambda> at 0x7fa496287b30>
18100,2022-01-24 03:00:00,<function <lambda> at 0x7fa4962879f0>,<function <lambda> at 0x7fa496287a90>,<function <lambda> at 0x7fa496287b30>
18101,2022-01-24 04:00:00,<function <lambda> at 0x7fa4962879f0>,<function <lambda> at 0x7fa496287a90>,<function <lambda> at 0x7fa496287b30>
18102,2022-01-24 05:00:00,<function <lambda> at 0x7fa4962879f0>,<function <lambda> at 0x7fa496287a90>,<function <lambda> at 0x7fa496287b30>
18103,2022-01-24 06:00:00,<function <lambda> at 0x7fa4962879f0>,<function <lambda> at 0x7fa496287a90>,<function <lambda> at 0x7fa496287b30>
18104,2022-01-24 07:00:00,<function <lambda> at 0x7fa4962879f0>,<function <lambda> at 0x7fa496287a90>,<function <lambda> at 0x7fa496287b30>
18105,2022-01-24 08:00:00,<function <lambda> at 0x7fa4962879f0>,<function <lambda> at 0x7fa496287a90>,<function <lambda> at 0x7fa496287b30>
18106,2022-01-24 09:00:00,<function <lambda> at 0x7fa4962879f0>,<function <lambda> at 0x7fa496287a90>,<function <lambda> at 0x7fa496287b30>
18107,2022-01-24 10:00:00,<function <lambda> at 0x7fa4962879f0>,<function <lambda> at 0x7fa496287a90>,<function <lambda> at 0x7fa496287b30>
18108,2022-01-24 11:00:00,<function <lambda> at 0x7fa4962879f0>,<function <lambda> at 0x7fa496287a90>,<function <lambda> at 0x7fa496287b30>
18109,2022-01-24 12:00:00,<function <lambda> at 0x7fa4962879f0>,<function <lambda> at 0x7fa496287a90>,<function <lambda> at 0x7fa496287b30>
18110,2022-01-24 13:00:00,<function <lambda> at 0x7fa4962879f0>,<function <lambda> at 0x7fa496287a90>,<function <lambda> at 0x7fa496287b30>
18111,2022-01-24 14:00:00,<function <lambda> at 0x7fa4962879f0>,<function <lambda> at 0x7fa496287a90>,<function <lambda> at 0x7fa496287b30>
18112,2022-01-24 15:00:00,<function <lambda> at 0x7fa4962879f0>,<function <lambda> at 0x7fa496287a90>,<function <lambda> at 0x7fa496287b30>
18113,2022-01-24 16:00:00,<function <lambda> at 0x7fa4962879f0>,<function <lambda> at 0x7fa496287a90>,<function <lambda> at 0x7fa496287b30>
18114,2022-01-24 17:00:00,<function <lambda> at 0x7fa4962879f0>,<function <lambda> at 0x7fa496287a90>,<function <lambda> at 0x7fa496287b30>
18115,2022-01-24 18:00:00,<function <lambda> at 0x7fa4962879f0>,<function <lambda> at 0x7fa496287a90>,<function <lambda> at 0x7fa496287b30>
18116,2022-01-24 19:00:00,<function <lambda> at 0x7fa4962879f0>,<function <lambda> at 0x7fa496287a90>,<function <lambda> at 0x7fa496287b30>
18117,2022-01-24 20:00:00,<function <lambda> at 0x7fa4962879f0>,<function <lambda> at 0x7fa496287a90>,<function <lambda> at 0x7fa496287b30>
18118,2022-01-24 21:00:00,<function <lambda> at 0x7fa4962879f0>,<function <lambda> at 0x7fa496287a90>,<function <lambda> at 0x7fa496287b30>
18119,2022-01-24 22:00:00,<function <lambda> at 0x7fa4962879f0>,<function <lambda> at 0x7fa496287a90>,<function <lambda> at 0x7fa496287b30>
18120,2022-01-24 23:00:00,<function <lambda> at 0x7fa4962879f0>,<function <lambda> at 0x7fa496287a90>,<function <lambda> at 0x7fa496287b30>
18121,2022-01-25 00:00:00,<function <lambda> at 0x7fa4962879f0>,<function <lambda> at 0x7fa496287a90>,<function <lambda> at 0x7fa496287b30>
18122,2022-01-25 01:00:00,<function <lambda> at 0x7fa4962879f0>,<function <lambda> at 0x7fa496287a90>,<function <lambda> at 0x7fa496287b30>
18123,2022-01-25 02:00:00,<function <lambda> at 0x7fa4962879f0>,<function <lambda> at 0x7fa496287a90>,<function <lambda> at 0x7fa496287b30>
18124,2022-01-25 03:00:00,<function <lambda> at 0x7fa4962879f0>,<function <lambda> at 0x7fa496287a90>,<function <lambda> at 0x7fa496287b30>
18125,2022-01-25 04:00:00,<function <lambda> at 0x7fa4962879f0>,<function <lambda> at 0x7fa496287a90>,<function <lambda> at 0x7fa496287b30>
18126,2022-01-25 05:00:00,<function <lambda> at 0x7fa4962879f0>,<function <lambda> at 0x7fa496287a90>,<function <lambda> at 0x7fa496287b30>
18127,2022-01-25 06:00:00,<function <lambda> at 0x7fa4962879f0>,<function <lambda> at 0x7fa496287a90>,<function <lambda> at 0x7fa496287b30>
18128,2022-01-25 07:00:00,<function <lambda> at 0x7fa4962879f0>,<function <lambda> at 0x7fa496287a90>,<function <lambda> at 0x7fa496287b30>
18129,2022-01-25 08:00:00,<function <lambda> at 0x7fa4962879f0>,<function <lambda> at 0x7fa496287a90>,<function <lambda> at 0x7fa496287b30>
18130,2022-01-25 09:00:00,<function <lambda> at 0x7fa4962879f0>,<function <lambda> at 0x7fa496287a90>,<function <lambda> at 0x7fa496287b30>
18131,2022-01-25 10:00:00,<function <lambda> at 0x7fa4962879f0>,<function <lambda> at 0x7fa496287a90>,<function <lambda> at 0x7fa496287b30>
18132,2022-01-25 11:00:00,<function <lambda> at 0x7fa4962879f0>,<function <lambda> at 0x7fa496287a90>,<function <lambda> at 0x7fa496287b30>
18133,2022-01-25 12:00:00,<function <lambda> at 0x7fa4962879f0>,<function <lambda> at 0x7fa496287a90>,<function <lambda> at 0x7fa496287b30>
18134,2022-01-25 13:00:00,<function <lambda> at 0x7fa4962879f0>,<function <lambda> at 0x7fa496287a90>,<function <lambda> at 0x7fa496287b30>
18135,2022-01-25 14:00:00,<function <lambda> at 0x7fa4962879f0>,<function <lambda> at 0x7fa496287a90>,<function <lambda> at 0x7fa496287b30>
18136,2022-01-25 15:00:00,<function <lambda> at 0x7fa4962879f0>,<function <lambda> at 0x7fa496287a90>,<function <lambda> at 0x7fa496287b30>
18137,2022-01-25 16:00:00,<function <lambda> at 0x7fa4962879f0>,<function <lambda> at 0x7fa496287a90>,<function <lambda> at 0x7fa496287b30>
18138,2022-01-25 17:00:00,<function <lambda> at 0x7fa4962879f0>,<function <lambda> at 0x7fa496287a90>,<function <lambda> at 0x7fa496287b30>
18139,2022-01-25 18:00:00,<function <lambda> at 0x7fa4962879f0>,<function <lambda> at 0x7fa496287a90>,<function <lambda> at 0x7fa496287b30>
18140,2022-01-25 19:00:00,<function <lambda> at 0x7fa4962879f0>,<function <lambda> at 0x7fa496287a90>,<function <lambda> at 0x7fa496287b30>
18141,2022-01-25 20:00:00,<function <lambda> at 0x7fa4962879f0>,<function <lambda> at 0x7fa496287a90>,<function <lambda> at 0x7fa496287b30>
18142,2022-01-25 21:00:00,<function <lambda> at 0x7fa4962879f0>,<function <lambda> at 0x7fa496287a90>,<function <lambda> at 0x7fa496287b30>
18143,2022-01-25 22:00:00,<function <lambda> at 0x7fa4962879f0>,<function <lambda> at 0x7fa496287a90>,<function <lambda> at 0x7fa496287b30>
18144,2022-01-25 23:00:00,<function <lambda> at 0x7fa4962879f0>,<function <lambda> at 0x7fa496287a90>,<function <lambda> at 0x7fa496287b30>
18145,2022-01-26 00:00:00,<function <lambda> at 0x7fa4962879f0>,<function <lambda> at 0x7fa496287a90>,<function <lambda> at 0x7fa496287b30>
18146,2022-01-26 01:00:00,<function <lambda> at 0x7fa4962879f0>,<function <lambda> at 0x7fa496287a90>,<function <lambda> at 0x7fa496287b30>
18147,2022-01-26 02:00:00,<function <lambda> at 0x7fa4962879f0>,<function <lambda> at 0x7fa496287a90>,<function <lambda> at 0x7fa496287b30>
18148,2022-01-26 03:00:00,<function <lambda> at 0x7fa4962879f0>,<function <lambda> at 0x7fa496287a90>,<function <lambda> at 0x7fa496287b30>
18149,2022-01-26 04:00:00,<function <lambda> at 0x7fa4962879f0>,<function <lambda> at 0x7fa496287a90>,<function <lambda> at 0x7fa496287b30>
18150,2022-01-26 05:00:00,<function <lambda> at 0x7fa4962879f0>,<function <lambda> at 0x7fa496287a90>,<function <lambda> at 0x7fa496287b30>
18151,2022-01-26 06:00:00,<function <lambda> at 0x7fa4962879f0>,<function <lambda> at 0x7fa496287a90>,<function <lambda> at 0x7fa496287b30>
18152,2022-01-26 07:00:00,<function <lambda> at 0x7fa4962879f0>,<function <lambda> at 0x7fa496287a90>,<function <lambda> at 0x7fa496287b30>
18153,2022-01-26 08:00:00,<function <lambda> at 0x7fa4962879f0>,<function <lambda> at 0x7fa496287a90>,<function <lambda> at 0x7fa496287b30>
18154,2022-01-26 09:00:00,<function <lambda> at 0x7fa4962879f0>,<function <lambda> at 0x7fa496287a90>,<function <lambda> at 0x7fa496287b30>
18155,2022-01-26 10:00:00,<function <lambda> at 0x7fa4962879f0>,<function <lambda> at 0x7fa496287a90>,<function <lambda> at 0x7fa496287b30>
18156,2022-01-26 11:00:00,<function <lambda> at 0x7fa4962879f0>,<function <lambda> at 0x7fa496287a90>,<function <lambda> at 0x7fa496287b30>
18157,2022-01-26 12:00:00,<function <lambda> at 0x7fa4962879f0>,<function <lambda> at 0x7fa496287a90>,<function <lambda> at 0x7fa496287b30>
18158,2022-01-26 13:00:00,<function <lambda> at 0x7fa4962879f0>,<function <lambda> at 0x7fa496287a90>,<function <lambda> at 0x7fa496287b30>
18159,2022-01-26 14:00:00,<function <lambda> at 0x7fa4962879f0>,<function <lambda> at 0x7fa496287a90>,<function <lambda> at 0x7fa496287b30>
18160,2022-01-26 15:00:00,<function <lambda> at 0x7fa4962879f0>,<function <lambda> at 0x7fa496287a90>,<function <lambda> at 0x7fa496287b30>
18161,2022-01-26 16:00:00,<function <lambda> at 0x7fa4962879f0>,<function <lambda> at 0x7fa496287a90>,<function <lambda> at 0x7fa496287b30>
18162,2022-01-26 17:00:00,<function <lambda> at 0x7fa4962879f0>,<function <lambda> at 0x7fa496287a90>,<function <lambda> at 0x7fa496287b30>
18163,2022-01-26 18:00:00,<function <lambda> at 0x7fa4962879f0>,<function <lambda> at 0x7fa496287a90>,<function <lambda> at 0x7fa496287b30>
18164,2022-01-26 19:00:00,<function <lambda> at 0x7fa4962879f0>,<function <lambda> at 0x7fa496287a90>,<function <lambda> at 0x7fa496287b30>
18165,2022-01-26 20:00:00,<function <lambda> at 0x7fa4962879f0>,<function <lambda> at 0x7fa496287a90>,<function <lambda> at 0x7fa496287b30>
18166,2022-01-26 21:00:00,<function <lambda> at 0x7fa4962879f0>,<function <lambda> at 0x7fa496287a90>,<function <lambda> at 0x7fa496287b30>
18167,2022-01-26 22:00:00,<function <lambda> at 0x7fa4962879f0>,<function <lambda> at 0x7fa496287a90>,<function <lambda> at 0x7fa496287b30>
18168,2022-01-26 23:00:00,<function <lambda> at 0x7fa4962879f0>,<function <lambda> at 0x7fa496287a90>,<function <lambda> at 0x7fa496287b30>
18169,2022-01-27 00:00:00,<function <lambda> at 0x7fa4962879f0>,<function <lambda> at 0x7fa496287a90>,<function <lambda> at 0x7fa496287b30>
18170,2022-01-27 01:00:00,<function <lambda> at 0x7fa4962879f0>,<function <lambda> at 0x7fa496287a90>,<function <lambda> at 0x7fa496287b30>
18171,2022-01-27 02:00:00,<function <lambda> at 0x7fa4962879f0>,<function <lambda> at 0x7fa496287a90>,<function <lambda> at 0x7fa496287b30>
18172,2022-01-27 03:00:00,<function <lambda> at 0x7fa4962879f0>,<function <lambda> at 0x7fa496287a90>,<function <lambda> at 0x7fa496287b30>
18173,2022-01-27 04:00:00,<function <lambda> at 0x7fa4962879f0>,<function <lambda> at 0x7fa496287a90>,<function <lambda> at 0x7fa496287b30>
18174,2022-01-27 05:00:00,<function <lambda> at 0x7fa4962879f0>,<function <lambda> at 0x7fa496287a90>,<function <lambda> at 0x7fa496287b30>
18175,2022-01-27 06:00:00,<function <lambda> at 0x7fa4962879f0>,<function <lambda> at 0x7fa496287a90>,<function <lambda> at 0x7fa496287b30>
18176,2022-01-27 07:00:00,<function <lambda> at 0x7fa4962879f0>,<function <lambda> at 0x7fa496287a90>,<function <lambda> at 0x7fa496287b30>
18177,2022-01-27 08:00:00,<function <lambda> at 0x7fa4962879f0>,<function <lambda> at 0x7fa496287a90>,<function <lambda> at 0x7fa496287b30>
18178,2022-01-27 09:00:00,<function <lambda> at 0x7fa4962879f0>,<function <lambda> at 0x7fa496287a90>,<function <lambda> at 0x7fa496287b30>
18179,2022-01-27 10:00:00,<function <lambda> at 0x7fa4962879f0>,<function <lambda> at 0x7fa496287a90>,<function <lambda> at 0x7fa496287b30>
18180,2022-01-27 11:00:00,<function <lambda> at 0x7fa4962879f0>,<function <lambda> at 0x7fa496287a90>,<function <lambda> at 0x7fa496287b30>
18181,2022-01-27 12:00:00,<function <lambda> at 0x7fa4962879f0>,<function <lambda> at 0x7fa496287a90>,<function <lambda> at 0x7fa496287b30>
18182,2022-01-27 13:00:00,<function <lambda> at 0x7fa4962879f0>,<function <lambda> at 0x7fa496287a90>,<function <lambda> at 0x7fa496287b30>
18183,2022-01-27 14:00:00,<function <lambda> at 0x7fa4962879f0>,<function <lambda> at 0x7fa496287a90>,<function <lambda> at 0x7fa496287b30>
18184,2022-01-27 15:00:00,<function <lambda> at 0x7fa4962879f0>,<function <lambda> at 0x7fa496287a90>,<function <lambda> at 0x7fa496287b30>
18185,2022-01-27 16:00:00,<function <lambda> at 0x7fa4962879f0>,<function <lambda> at 0x7fa496287a90>,<function <lambda> at 0x7fa496287b30>
18186,2022-01-27 17:00:00,<function <lambda> at 0x7fa4962879f0>,<function <lambda> at 0x7fa496287a90>,<function <lambda> at 0x7fa496287b30>
18187,2022-01-27 18:00:00,<function <lambda> at 0x7fa4962879f0>,<function <lambda> at 0x7fa496287a90>,<function <lambda> at 0x7fa496287b30>
18188,2022-01-27 19:00:00,<function <lambda> at 0x7fa4962879f0>,<function <lambda> at 0x7fa496287a90>,<function <lambda> at 0x7fa496287b30>
18189,2022-01-27 20:00:00,<function <lambda> at 0x7fa4962879f0>,<function <lambda> at 0x7fa496287a90>,<function <lambda> at 0x7fa496287b30>
18190,2022-01-27 21:00:00,<function <lambda> at 0x7fa4962879f0>,<function <lambda> at 0x7fa496287a90>,<function <lambda> at 0x7fa496287b30>
18191,2022-01-27 22:00:00,<function <lambda> at 0x7fa4962879f0>,<function <lambda> at 0x7fa496287a90>,<function <lambda> at 0x7fa496287b30>
18192,2022-01-27 23:00:00,<function <lambda> at 0x7fa4962879f0>,<function <lambda> at 0x7fa496287a90>,<function <lambda> at 0x7fa496287b30>
18193,2022-01-28 00:00:00,<function <lambda> at 0x7fa4962879f0>,<function <lambda> at 0x7fa496287a90>,<function <lambda> at 0x7fa496287b30>
18194,2022-01-28 01:00:00,<function <lambda> at 0x7fa4962879f0>,<function <lambda> at 0x7fa496287a90>,<function <lambda> at 0x7fa496287b30>
18195,2022-01-28 02:00:00,<function <lambda> at 0x7fa4962879f0>,<function <lambda> at 0x7fa496287a90>,<function <lambda> at 0x7fa496287b30>
18196,2022-01-28 03:00:00,<function <lambda> at 0x7fa4962879f0>,<function <lambda> at 0x7fa496287a90>,<function <lambda> at 0x7fa496287b30>
18197,2022-01-28 04:00:00,<function <lambda> at 0x7fa4962879f0>,<function <lambda> at 0x7fa496287a90>,<function <lambda> at 0x7fa496287b30>
18198,2022-01-28 05:00:00,<function <lambda> at 0x7fa4962879f0>,<function <lambda> at 0x7fa496287a90>,<function <lambda> at 0x7fa496287b30>
18199,2022-01-28 06:00:00,<function <lambda> at 0x7fa4962879f0>,<function <lambda> at 0x7fa496287a90>,<function <lambda> at 0x7fa496287b30>
18200,2022-01-28 07:00:00,<function <lambda> at 0x7fa4962879f0>,<function <lambda> at 0x7fa496287a90>,<function <lambda> at 0x7fa496287b30>
18201,2022-01-28 08:00:00,<function <lambda> at 0x7fa4962879f0>,<function <lambda> at 0x7fa496287a90>,<function <lambda> at 0x7fa496287b30>
18202,2022-01-28 09:00:00,<function <lambda> at 0x7fa4962879f0>,<function <lambda> at 0x7fa496287a90>,<function <lambda> at 0x7fa496287b30>
18203,2022-01-28 10:00:00,<function <lambda> at 0x7fa4962879f0>,<function <lambda> at 0x7fa496287a90>,<function <lambda> at 0x7fa496287b30>
18204,2022-01-28 11:00:00,<function <lambda> at 0x7fa4962879f0>,<function <lambda> at 0x7fa496287a90>,<function <lambda> at 0x7fa496287b30>
18205,2022-01-28 12:00:00,<function <lambda> at 0x7fa4962879f0>,<function <lambda> at 0x7fa496287a90>,<function <lambda> at 0x7fa496287b30>
18206,2022-01-28 13:00:00,<function <lambda> at 0x7fa4962879f0>,<function <lambda> at 0x7fa496287a90>,<function <lambda> at 0x7fa496287b30>
18207,2022-01-28 14:00:00,<function <lambda> at 0x7fa4962879f0>,<function <lambda> at 0x7fa496287a90>,<function <lambda> at 0x7fa496287b30>
18208,2022-01-28 15:00:00,<function <lambda> at 0x7fa4962879f0>,<function <lambda> at 0x7fa496287a90>,<function <lambda> at 0x7fa496287b30>
18209,2022-01-28 16:00:00,<function <lambda> at 0x7fa4962879f0>,<function <lambda> at 0x7fa496287a90>,<function <lambda> at 0x7fa496287b30>
18210,2022-01-28 17:00:00,<function <lambda> at 0x7fa4962879f0>,<function <lambda> at 0x7fa496287a90>,<function <lambda> at 0x7fa496287b30>
18211,2022-01-28 18:00:00,<function <lambda> at 0x7fa4962879f0>,<function <lambda> at 0x7fa496287a90>,<function <lambda> at 0x7fa496287b30>
18212,2022-01-28 19:00:00,<function <lambda> at 0x7fa4962879f0>,<function <lambda> at 0x7fa496287a90>,<function <lambda> at 0x7fa496287b30>
18213,2022-01-28 20:00:00,<function <lambda> at 0x7fa4962879f0>,<function <lambda> at 0x7fa496287a90>,<function <lambda> at 0x7fa496287b30>
18214,2022-01-28 21:00:00,<function <lambda> at 0x7fa4962879f0>,<function <lambda> at 0x7fa496287a90>,<function <lambda> at 0x7fa496287b30>
18215,2022-01-28 22:00:00,<function <lambda> at 0x7fa4962879f0>,<function <lambda> at 0x7fa496287a90>,<function <lambda> at 0x7fa496287b30>
18216,2022-01-28 23:00:00,<function <lambda> at 0x7fa4962879f0>,<function <lambda> at 0x7fa496287a90>,<function <lambda> at 0x7fa496287b30>
18217,2022-01-29 00:00:00,<function <lambda> at 0x7fa4962879f0>,<function <lambda> at 0x7fa496287a90>,<function <lambda> at 0x7fa496287b30>
18218,2022-01-29 01:00:00,<function <lambda> at 0x7fa4962879f0>,<function <lambda> at 0x7fa496287a90>,<function <lambda> at 0x7fa496287b30>
18219,2022-01-29 02:00:00,<function <lambda> at 0x7fa4962879f0>,<function <lambda> at 0x7fa496287a90>,<function <lambda> at 0x7fa496287b30>
18220,2022-01-29 03:00:00,<function <lambda> at 0x7fa4962879f0>,<function <lambda> at 0x7fa496287a90>,<function <lambda> at 0x7fa496287b30>
18221,2022-01-29 04:00:00,<function <lambda> at 0x7fa4962879f0>,<function <lambda> at 0x7fa496287a90>,<function <lambda> at 0x7fa496287b30>
18222,2022-01-29 05:00:00,<function <lambda> at 0x7fa4962879f0>,<function <lambda> at 0x7fa496287a90>,<function <lambda> at 0x7fa496287b30>
18223,2022-01-29 06:00:00,<function <lambda> at 0x7fa4962879f0>,<function <lambda> at 0x7fa496287a90>,<function <lambda> at 0x7fa496287b30>
18224,2022-01-29 07:00:00,<function <lambda> at 0x7fa4962879f0>,<function <lambda> at 0x7fa496287a90>,<function <lambda> at 0x7fa496287b30>
18225,2022-01-29 08:00:00,<function <lambda> at 0x7fa4962879f0>,<function <lambda> at 0x7fa496287a90>,<function <lambda> at 0x7fa496287b30>
18226,2022-01-29 09:00:00,<function <lambda> at 0x7fa4962879f0>,<function <lambda> at 0x7fa496287a90>,<function <lambda> at 0x7fa496287b30>
18227,2022-01-29 10:00:00,<function <lambda> at 0x7fa4962879f0>,<function <lambda> at 0x7fa496287a90>,<function <lambda> at 0x7fa496287b30>
18228,2022-01-29 11:00:00,<function <lambda> at 0x7fa4962879f0>,<function <lambda> at 0x7fa496287a90>,<function <lambda> at 0x7fa496287b30>
18229,2022-01-29 12:00:00,<function <lambda> at 0x7fa4962879f0>,<function <lambda> at 0x7fa496287a90>,<function <lambda> at 0x7fa496287b30>
18230,2022-01-29 13:00:00,<function <lambda> at 0x7fa4962879f0>,<function <lambda> at 0x7fa496287a90>,<function <lambda> at 0x7fa496287b30>
18231,2022-01-29 14:00:00,<function <lambda> at 0x7fa4962879f0>,<function <lambda> at 0x7fa496287a90>,<function <lambda> at 0x7fa496287b30>
18232,2022-01-29 15:00:00,<function <lambda> at 0x7fa4962879f0>,<function <lambda> at 0x7fa496287a90>,<function <lambda> at 0x7fa496287b30>
18233,2022-01-29 16:00:00,<function <lambda> at 0x7fa4962879f0>,<function <lambda> at 0x7fa496287a90>,<function <lambda> at 0x7fa496287b30>
18234,2022-01-29 17:00:00,<function <lambda> at 0x7fa4962879f0>,<function <lambda> at 0x7fa496287a90>,<function <lambda> at 0x7fa496287b30>
18235,2022-01-29 18:00:00,<function <lambda> at 0x7fa4962879f0>,<function <lambda> at 0x7fa496287a90>,<function <lambda> at 0x7fa496287b30>
18236,2022-01-29 19:00:00,<function <lambda> at 0x7fa4962879f0>,<function <lambda> at 0x7fa496287a90>,<function <lambda> at 0x7fa496287b30>
18237,2022-01-29 20:00:00,<function <lambda> at 0x7fa4962879f0>,<function <lambda> at 0x7fa496287a90>,<function <lambda> at 0x7fa496287b30>
18238,2022-01-29 21:00:00,<function <lambda> at 0x7fa4962879f0>,<function <lambda> at 0x7fa496287a90>,<function <lambda> at 0x7fa496287b30>
18239,2022-01-29 22:00:00,<function <lambda> at 0x7fa4962879f0>,<function <lambda> at 0x7fa496287a90>,<function <lambda> at 0x7fa496287b30>
18240,2022-01-29 23:00:00,<function <lambda> at 0x7fa4962879f0>,<function <lambda> at 0x7fa496287a90>,<function <lambda> at 0x7fa496287b30>
18241,2022-01-30 00:00:00,<function <lambda> at 0x7fa4962879f0>,<function <lambda> at 0x7fa496287a90>,<function <lambda> at 0x7fa496287b30>
18242,2022-01-30 01:00:00,<function <lambda> at 0x7fa4962879f0>,<function <lambda> at 0x7fa496287a90>,<function <lambda> at 0x7fa496287b30>
18243,2022-01-30 02:00:00,<function <lambda> at 0x7fa4962879f0>,<function <lambda> at 0x7fa496287a90>,<function <lambda> at 0x7fa496287b30>
18244,2022-01-30 03:00:00,<function <lambda> at 0x7fa4962879f0>,<function <lambda> at 0x7fa496287a90>,<function <lambda> at 0x7fa496287b30>
18245,2022-01-30 04:00:00,<function <lambda> at 0x7fa4962879f0>,<function <lambda> at 0x7fa496287a90>,<function <lambda> at 0x7fa496287b30>
18246,2022-01-30 05:00:00,<function <lambda> at 0x7fa4962879f0>,<function <lambda> at 0x7fa496287a90>,<function <lambda> at 0x7fa496287b30>
18247,2022-01-30 06:00:00,<function <lambda> at 0x7fa4962879f0>,<function <lambda> at 0x7fa496287a90>,<function <lambda> at 0x7fa496287b30>
18248,2022-01-30 07:00:00,<function <lambda> at 0x7fa4962879f0>,<function <lambda> at 0x7fa496287a90>,<function <lambda> at 0x7fa496287b30>
18249,2022-01-30 08:00:00,<function <lambda> at 0x7fa4962879f0>,<function <lambda> at 0x7fa496287a90>,<function <lambda> at 0x7fa496287b30>
18250,2022-01-30 09:00:00,<function <lambda> at 0x7fa4962879f0>,<function <lambda> at 0x7fa496287a90>,<function <lambda> at 0x7fa496287b30>
18251,2022-01-30 10:00:00,<function <lambda> at 0x7fa4962879f0>,<function <lambda> at 0x7fa496287a90>,<function <lambda> at 0x7fa496287b30>
18252,2022-01-30 11:00:00,<function <lambda> at 0x7fa4962879f0>,<function <lambda> at 0x7fa496287a90>,<function <lambda> at 0x7fa496287b30>
18253,2022-01-30 12:00:00,<function <lambda> at 0x7fa4962879f0>,<function <lambda> at 0x7fa496287a90>,<function <lambda> at 0x7fa496287b30>
18254,2022-01-30 13:00:00,<function <lambda> at 0x7fa4962879f0>,<function <lambda> at 0x7fa496287a90>,<function <lambda> at 0x7fa496287b30>
18255,2022-01-30 14:00:00,<function <lambda> at 0x7fa4962879f0>,<function <lambda> at 0x7fa496287a90>,<function <lambda> at 0x7fa496287b30>
18256,2022-01-30 15:00:00,<function <lambda> at 0x7fa4962879f0>,<function <lambda> at 0x7fa496287a90>,<function <lambda> at 0x7fa496287b30>
18257,2022-01-30 16:00:00,<function <lambda> at 0x7fa4962879f0>,<function <lambda> at 0x7fa496287a90>,<function <lambda> at 0x7fa496287b30>
18258,2022-01-30 17:00:00,<function <lambda> at 0x7fa4962879f0>,<function <lambda> at 0x7fa496287a90>,<function <lambda> at 0x7fa496287b30>
18259,2022-01-30 18:00:00,<function <lambda> at 0x7fa4962879f0>,<function <lambda> at 0x7fa496287a90>,<function <lambda> at 0x7fa496287b30>
18260,2022-01-30 19:00:00,<function <lambda> at 0x7fa4962879f0>,<function <lambda> at 0x7fa496287a90>,<function <lambda> at 0x7fa496287b30>
18261,2022-01-30 20:00:00,<function <lambda> at 0x7fa4962879f0>,<function <lambda> at 0x7fa496287a90>,<function <lambda> at 0x7fa496287b30>
18262,2022-01-30 21:00:00,<function <lambda> at 0x7fa4962879f0>,<function <lambda> at 0x7fa496287a90>,<function <lambda> at 0x7fa496287b30>
18263,2022-01-30 22:00:00,<function <lambda> at 0x7fa4962879f0>,<function <lambda> at 0x7fa496287a90>,<function <lambda> at 0x7fa496287b30>
18264,2022-01-30 23:00:00,<function <lambda> at 0x7fa4962879f0>,<function <lambda> at 0x7fa496287a90>,<function <lambda> at 0x7fa496287b30>
18265,2022-01-31 00:00:00,<function <lambda> at 0x7fa4962879f0>,<function <lambda> at 0x7fa496287a90>,<function <lambda> at 0x7fa496287b30>
18266,2022-01-31 01:00:00,<function <lambda> at 0x7fa4962879f0>,<function <lambda> at 0x7fa496287a90>,<function <lambda> at 0x7fa496287b30>
18267,2022-01-31 02:00:00,<function <lambda> at 0x7fa4962879f0>,<function <lambda> at 0x7fa496287a90>,<function <lambda> at 0x7fa496287b30>
18268,2022-01-31 03:00:00,<function <lambda> at 0x7fa4962879f0>,<function <lambda> at 0x7fa496287a90>,<function <lambda> at 0x7fa496287b30>
18269,2022-01-31 04:00:00,<function <lambda> at 0x7fa4962879f0>,<function <lambda> at 0x7fa496287a90>,<function <lambda> at 0x7fa496287b30>
18270,2022-01-31 05:00:00,<function <lambda> at 0x7fa4962879f0>,<function <lambda> at 0x7fa496287a90>,<function <lambda> at 0x7fa496287b30>
18271,2022-01-31 06:00:00,<function <lambda> at 0x7fa4962879f0>,<function <lambda> at 0x7fa496287a90>,<function <lambda> at 0x7fa496287b30>
18272,2022-01-31 07:00:00,<function <lambda> at 0x7fa4962879f0>,<function <lambda> at 0x7fa496287a90>,<function <lambda> at 0x7fa496287b30>
18273,2022-01-31 08:00:00,<function <lambda> at 0x7fa4962879f0>,<function <lambda> at 0x7fa496287a90>,<function <lambda> at 0x7fa496287b30>
18274,2022-01-31 09:00:00,<function <lambda> at 0x7fa4962879f0>,<function <lambda> at 0x7fa496287a90>,<function <lambda> at 0x7fa496287b30>
18275,2022-01-31 10:00:00,<function <lambda> at 0x7fa4962879f0>,<function <lambda> at 0x7fa496287a90>,<function <lambda> at 0x7fa496287b30>
18276,2022-01-31 11:00:00,<function <lambda> at 0x7fa4962879f0>,<function <lambda> at 0x7fa496287a90>,<function <lambda> at 0x7fa496287b30>
18277,2022-01-31 12:00:00,<function <lambda> at 0x7fa4962879f0>,<function <lambda> at 0x7fa496287a90>,<function <lambda> at 0x7fa496287b30>
18278,2022-01-31 13:00:00,<function <lambda> at 0x7fa4962879f0>,<function <lambda> at 0x7fa496287a90>,<function <lambda> at 0x7fa496287b30>
18279,2022-01-31 14:00:00,<function <lambda> at 0x7fa4962879f0>,<function <lambda> at 0x7fa496287a90>,<function <lambda> at 0x7fa496287b30>
18280,2022-01-31 15:00:00,<function <lambda> at 0x7fa4962879f0>,<function <lambda> at 0x7fa496287a90>,<function <lambda> at 0x7fa496287b30>
18281,2022-01-31 16:00:00,<function <lambda> at 0x7fa4962879f0>,<function <lambda> at 0x7fa496287a90>,<function <lambda> at 0x7fa496287b30>
18282,2022-01-31 17:00:00,<function <lambda> at 0x7fa4962879f0>,<function <lambda> at 0x7fa496287a90>,<function <lambda> at 0x7fa496287b30>
18283,2022-01-31 18:00:00,<function <lambda> at 0x7fa4962879f0>,<function <lambda> at 0x7fa496287a90>,<function <lambda> at 0x7fa496287b30>
18284,2022-01-31 19:00:00,<function <lambda> at 0x7fa4962879f0>,<function <lambda> at 0x7fa496287a90>,<function <lambda> at 0x7fa496287b30>
18285,2022-01-31 20:00:00,<function <lambda> at 0x7fa4962879f0>,<function <lambda> at 0x7fa496287a90>,<function <lambda> at 0x7fa496287b30>
18286,2022-01-31 21:00:00,<function <lambda> at 0x7fa4962879f0>,<function <lambda> at 0x7fa496287a90>,<function <lambda> at 0x7fa496287b30>
18287,2022-01-31 22:00:00,<function <lambda> at 0x7fa4962879f0>,<function <lambda> at 0x7fa496287a90>,<function <lambda> at 0x7fa496287b30>
18288,2022-01-31 23:00:00,<function <lambda> at 0x7fa4962879f0>,<function <lambda> at 0x7fa496287a90>,<function <lambda> at 0x7fa496287b30>
18289,2022-02-01 00:00:00,<function <lambda> at 0x7fa4962879f0>,<function <lambda> at 0x7fa496287a90>,<function <lambda> at 0x7fa496287b30>
18290,2022-02-01 01:00:00,<function <lambda> at 0x7fa4962879f0>,<function <lambda> at 0x7fa496287a90>,<function <lambda> at 0x7fa496287b30>
18291,2022-02-01 02:00:00,<function <lambda> at 0x7fa4962879f0>,<function <lambda> at 0x7fa496287a90>,<function <lambda> at 0x7fa496287b30>
18292,2022-02-01 03:00:00,<function <lambda> at 0x7fa4962879f0>,<function <lambda> at 0x7fa496287a90>,<function <lambda> at 0x7fa496287b30>
18293,2022-02-01 04:00:00,<function <lambda> at 0x7fa4962879f0>,<function <lambda> at 0x7fa496287a90>,<function <lambda> at 0x7fa496287b30>
18294,2022-02-01 05:00:00,<function <lambda> at 0x7fa4962879f0>,<function <lambda> at 0x7fa496287a90>,<function <lambda> at 0x7fa496287b30>
18295,2022-02-01 06:00:00,<function <lambda> at 0x7fa4962879f0>,<function <lambda> at 0x7fa496287a90>,<function <lambda> at 0x7fa496287b30>
18296,2022-02-01 07:00:00,<function <lambda> at 0x7fa4962879f0>,<function <lambda> at 0x7fa496287a90>,<function <lambda> at 0x7fa496287b30>
18297,2022-02-01 08:00:00,<function <lambda> at 0x7fa4962879f0>,<function <lambda> at 0x7fa496287a90>,<function <lambda> at 0x7fa496287b30>
18298,2022-02-01 09:00:00,<function <lambda> at 0x7fa4962879f0>,<function <lambda> at 0x7fa496287a90>,<function <lambda> at 0x7fa496287b30>
18299,2022-02-01 10:00:00,<function <lambda> at 0x7fa4962879f0>,<function <lambda> at 0x7fa496287a90>,<function <lambda> at 0x7fa496287b30>
18300,2022-02-01 11:00:00,<function <lambda> at 0x7fa4962879f0>,<function <lambda> at 0x7fa496287a90>,<function <lambda> at 0x7fa496287b30>
18301,2022-02-01 12:00:00,<function <lambda> at 0x7fa4962879f0>,<function <lambda> at 0x7fa496287a90>,<function <lambda> at 0x7fa496287b30>
18302,2022-02-01 13:00:00,<function <lambda> at 0x7fa4962879f0>,<function <lambda> at 0x7fa496287a90>,<function <lambda> at 0x7fa496287b30>
18303,2022-02-01 14:00:00,<function <lambda> at 0x7fa4962879f0>,<function <lambda> at 0x7fa496287a90>,<function <lambda> at 0x7fa496287b30>
18304,2022-02-01 15:00:00,<function <lambda> at 0x7fa4962879f0>,<function <lambda> at 0x7fa496287a90>,<function <lambda> at 0x7fa496287b30>
18305,2022-02-01 16:00:00,<function <lambda> at 0x7fa4962879f0>,<function <lambda> at 0x7fa496287a90>,<function <lambda> at 0x7fa496287b30>
18306,2022-02-01 17:00:00,<function <lambda> at 0x7fa4962879f0>,<function <lambda> at 0x7fa496287a90>,<function <lambda> at 0x7fa496287b30>
18307,2022-02-01 18:00:00,<function <lambda> at 0x7fa4962879f0>,<function <lambda> at 0x7fa496287a90>,<function <lambda> at 0x7fa496287b30>
18308,2022-02-01 19:00:00,<function <lambda> at 0x7fa4962879f0>,<function <lambda> at 0x7fa496287a90>,<function <lambda> at 0x7fa496287b30>
18309,2022-02-01 20:00:00,<function <lambda> at 0x7fa4962879f0>,<function <lambda> at 0x7fa496287a90>,<function <lambda> at 0x7fa496287b30>
18310,2022-02-01 21:00:00,<function <lambda> at 0x7fa4962879f0>,<function <lambda> at 0x7fa496287a90>,<function <lambda> at 0x7fa496287b30>
18311,2022-02-01 22:00:00,<function <lambda> at 0x7fa4962879f0>,<function <lambda> at 0x7fa496287a90>,<function <lambda> at 0x7fa496287b30>
18312,2022-02-01 23:00:00,<function <lambda> at 0x7fa4962879f0>,<function <lambda> at 0x7fa496287a90>,<function <lambda> at 0x7fa496287b30>
18313,2022-02-02 00:00:00,<function <lambda> at 0x7fa4962879f0>,<function <lambda> at 0x7fa496287a90>,<function <lambda> at 0x7fa496287b30>
18314,2022-02-02 01:00:00,<function <lambda> at 0x7fa4962879f0>,<function <lambda> at 0x7fa496287a90>,<function <lambda> at 0x7fa496287b30>
18315,2022-02-02 02:00:00,<function <lambda> at 0x7fa4962879f0>,<function <lambda> at 0x7fa496287a90>,<function <lambda> at 0x7fa496287b30>
18316,2022-02-02 03:00:00,<function <lambda> at 0x7fa4962879f0>,<function <lambda> at 0x7fa496287a90>,<function <lambda> at 0x7fa496287b30>
18317,2022-02-02 04:00:00,<function <lambda> at 0x7fa4962879f0>,<function <lambda> at 0x7fa496287a90>,<function <lambda> at 0x7fa496287b30>
18318,2022-02-02 05:00:00,<function <lambda> at 0x7fa4962879f0>,<function <lambda> at 0x7fa496287a90>,<function <lambda> at 0x7fa496287b30>
18319,2022-02-02 06:00:00,<function <lambda> at 0x7fa4962879f0>,<function <lambda> at 0x7fa496287a90>,<function <lambda> at 0x7fa496287b30>
18320,2022-02-02 07:00:00,<function <lambda> at 0x7fa4962879f0>,<function <lambda> at 0x7fa496287a90>,<function <lambda> at 0x7fa496287b30>
18321,2022-02-02 08:00:00,<function <lambda> at 0x7fa4962879f0>,<function <lambda> at 0x7fa496287a90>,<function <lambda> at 0x7fa496287b30>
18322,2022-02-02 09:00:00,<function <lambda> at 0x7fa4962879f0>,<function <lambda> at 0x7fa496287a90>,<function <lambda> at 0x7fa496287b30>
18323,2022-02-02 10:00:00,<function <lambda> at 0x7fa4962879f0>,<function <lambda> at 0x7fa496287a90>,<function <lambda> at 0x7fa496287b30>
18324,2022-02-02 11:00:00,<function <lambda> at 0x7fa4962879f0>,<function <lambda> at 0x7fa496287a90>,<function <lambda> at 0x7fa496287b30>
18325,2022-02-02 12:00:00,<function <lambda> at 0x7fa4962879f0>,<function <lambda> at 0x7fa496287a90>,<function <lambda> at 0x7fa496287b30>
18326,2022-02-02 13:00:00,<function <lambda> at 0x7fa4962879f0>,<function <lambda> at 0x7fa496287a90>,<function <lambda> at 0x7fa496287b30>
18327,2022-02-02 14:00:00,<function <lambda> at 0x7fa4962879f0>,<function <lambda> at 0x7fa496287a90>,<function <lambda> at 0x7fa496287b30>
18328,2022-02-02 15:00:00,<function <lambda> at 0x7fa4962879f0>,<function <lambda> at 0x7fa496287a90>,<function <lambda> at 0x7fa496287b30>
18329,2022-02-02 16:00:00,<function <lambda> at 0x7fa4962879f0>,<function <lambda> at 0x7fa496287a90>,<function <lambda> at 0x7fa496287b30>
18330,2022-02-02 17:00:00,<function <lambda> at 0x7fa4962879f0>,<function <lambda> at 0x7fa496287a90>,<function <lambda> at 0x7fa496287b30>
18331,2022-02-02 18:00:00,<function <lambda> at 0x7fa4962879f0>,<function <lambda> at 0x7fa496287a90>,<function <lambda> at 0x7fa496287b30>
18332,2022-02-02 19:00:00,<function <lambda> at 0x7fa4962879f0>,<function <lambda> at 0x7fa496287a90>,<function <lambda> at 0x7fa496287b30>
18333,2022-02-02 20:00:00,<function <lambda> at 0x7fa4962879f0>,<function <lambda> at 0x7fa496287a90>,<function <lambda> at 0x7fa496287b30>
18334,2022-02-02 21:00:00,<function <lambda> at 0x7fa4962879f0>,<function <lambda> at 0x7fa496287a90>,<function <lambda> at 0x7fa496287b30>
18335,2022-02-02 22:00:00,<function <lambda> at 0x7fa4962879f0>,<function <lambda> at 0x7fa496287a90>,<function <lambda> at 0x7fa496287b30>
18336,2022-02-02 23:00:00,<function <lambda> at 0x7fa4962879f0>,<function <lambda> at 0x7fa496287a90>,<function <lambda> at 0x7fa496287b30>
18337,2022-02-03 00:00:00,<function <lambda> at 0x7fa4962879f0>,<function <lambda> at 0x7fa496287a90>,<function <lambda> at 0x7fa496287b30>
18338,2022-02-03 01:00:00,<function <lambda> at 0x7fa4962879f0>,<function <lambda> at 0x7fa496287a90>,<function <lambda> at 0x7fa496287b30>
18339,2022-02-03 02:00:00,<function <lambda> at 0x7fa4962879f0>,<function <lambda> at 0x7fa496287a90>,<function <lambda> at 0x7fa496287b30>
18340,2022-02-03 03:00:00,<function <lambda> at 0x7fa4962879f0>,<function <lambda> at 0x7fa496287a90>,<function <lambda> at 0x7fa496287b30>
18341,2022-02-03 04:00:00,<function <lambda> at 0x7fa4962879f0>,<function <lambda> at 0x7fa496287a90>,<function <lambda> at 0x7fa496287b30>
18342,2022-02-03 05:00:00,<function <lambda> at 0x7fa4962879f0>,<function <lambda> at 0x7fa496287a90>,<function <lambda> at 0x7fa496287b30>
18343,2022-02-03 06:00:00,<function <lambda> at 0x7fa4962879f0>,<function <lambda> at 0x7fa496287a90>,<function <lambda> at 0x7fa496287b30>
18344,2022-02-03 07:00:00,<function <lambda> at 0x7fa4962879f0>,<function <lambda> at 0x7fa496287a90>,<function <lambda> at 0x7fa496287b30>
18345,2022-02-03 08:00:00,<function <lambda> at 0x7fa4962879f0>,<function <lambda> at 0x7fa496287a90>,<function <lambda> at 0x7fa496287b30>
18346,2022-02-03 09:00:00,<function <lambda> at 0x7fa4962879f0>,<function <lambda> at 0x7fa496287a90>,<function <lambda> at 0x7fa496287b30>
18347,2022-02-03 10:00:00,<function <lambda> at 0x7fa4962879f0>,<function <lambda> at 0x7fa496287a90>,<function <lambda> at 0x7fa496287b30>
18348,2022-02-03 11:00:00,<function <lambda> at 0x7fa4962879f0>,<function <lambda> at 0x7fa496287a90>,<function <lambda> at 0x7fa496287b30>
18349,2022-02-03 12:00:00,<function <lambda> at 0x7fa4962879f0>,<function <lambda> at 0x7fa496287a90>,<function <lambda> at 0x7fa496287b30>
18350,2022-02-03 13:00:00,<function <lambda> at 0x7fa4962879f0>,<function <lambda> at 0x7fa496287a90>,<function <lambda> at 0x7fa496287b30>
18351,2022-02-03 14:00:00,<function <lambda> at 0x7fa4962879f0>,<function <lambda> at 0x7fa496287a90>,<function <lambda> at 0x7fa496287b30>
18352,2022-02-03 15:00:00,<function <lambda> at 0x7fa4962879f0>,<function <lambda> at 0x7fa496287a90>,<function <lambda> at 0x7fa496287b30>
18353,2022-02-03 16:00:00,<function <lambda> at 0x7fa4962879f0>,<function <lambda> at 0x7fa496287a90>,<function <lambda> at 0x7fa496287b30>
18354,2022-02-03 17:00:00,<function <lambda> at 0x7fa4962879f0>,<function <lambda> at 0x7fa496287a90>,<function <lambda> at 0x7fa496287b30>
18355,2022-02-03 18:00:00,<function <lambda> at 0x7fa4962879f0>,<function <lambda> at 0x7fa496287a90>,<function <lambda> at 0x7fa496287b30>
18356,2022-02-03 19:00:00,<function <lambda> at 0x7fa4962879f0>,<function <lambda> at 0x7fa496287a90>,<function <lambda> at 0x7fa496287b30>
18357,2022-02-03 20:00:00,<function <lambda> at 0x7fa4962879f0>,<function <lambda> at 0x7fa496287a90>,<function <lambda> at 0x7fa496287b30>
18358,2022-02-03 21:00:00,<function <lambda> at 0x7fa4962879f0>,<function <lambda> at 0x7fa496287a90>,<function <lambda> at 0x7fa496287b30>
18359,2022-02-03 22:00:00,<function <lambda> at 0x7fa4962879f0>,<function <lambda> at 0x7fa496287a90>,<function <lambda> at 0x7fa496287b30>
18360,2022-02-03 23:00:00,<function <lambda> at 0x7fa4962879f0>,<function <lambda> at 0x7fa496287a90>,<function <lambda> at 0x7fa496287b30>
18361,2022-02-04 00:00:00,<function <lambda> at 0x7fa4962879f0>,<function <lambda> at 0x7fa496287a90>,<function <lambda> at 0x7fa496287b30>
18362,2022-02-04 01:00:00,<function <lambda> at 0x7fa4962879f0>,<function <lambda> at 0x7fa496287a90>,<function <lambda> at 0x7fa496287b30>
18363,2022-02-04 02:00:00,<function <lambda> at 0x7fa4962879f0>,<function <lambda> at 0x7fa496287a90>,<function <lambda> at 0x7fa496287b30>
18364,2022-02-04 03:00:00,<function <lambda> at 0x7fa4962879f0>,<function <lambda> at 0x7fa496287a90>,<function <lambda> at 0x7fa496287b30>
18365,2022-02-04 04:00:00,<function <lambda> at 0x7fa4962879f0>,<function <lambda> at 0x7fa496287a90>,<function <lambda> at 0x7fa496287b30>
18366,2022-02-04 05:00:00,<function <lambda> at 0x7fa4962879f0>,<function <lambda> at 0x7fa496287a90>,<function <lambda> at 0x7fa496287b30>
18367,2022-02-04 06:00:00,<function <lambda> at 0x7fa4962879f0>,<function <lambda> at 0x7fa496287a90>,<function <lambda> at 0x7fa496287b30>
18368,2022-02-04 07:00:00,<function <lambda> at 0x7fa4962879f0>,<function <lambda> at 0x7fa496287a90>,<function <lambda> at 0x7fa496287b30>
18369,2022-02-04 08:00:00,<function <lambda> at 0x7fa4962879f0>,<function <lambda> at 0x7fa496287a90>,<function <lambda> at 0x7fa496287b30>
18370,2022-02-04 09:00:00,<function <lambda> at 0x7fa4962879f0>,<function <lambda> at 0x7fa496287a90>,<function <lambda> at 0x7fa496287b30>
18371,2022-02-04 10:00:00,<function <lambda> at 0x7fa4962879f0>,<function <lambda> at 0x7fa496287a90>,<function <lambda> at 0x7fa496287b30>
18372,2022-02-04 11:00:00,<function <lambda> at 0x7fa4962879f0>,<function <lambda> at 0x7fa496287a90>,<function <lambda> at 0x7fa496287b30>
18373,2022-02-04 12:00:00,<function <lambda> at 0x7fa4962879f0>,<function <lambda> at 0x7fa496287a90>,<function <lambda> at 0x7fa496287b30>
18374,2022-02-04 13:00:00,<function <lambda> at 0x7fa4962879f0>,<function <lambda> at 0x7fa496287a90>,<function <lambda> at 0x7fa496287b30>
18375,2022-02-04 14:00:00,<function <lambda> at 0x7fa4962879f0>,<function <lambda> at 0x7fa496287a90>,<function <lambda> at 0x7fa496287b30>
18376,2022-02-04 15:00:00,<function <lambda> at 0x7fa4962879f0>,<function <lambda> at 0x7fa496287a90>,<function <lambda> at 0x7fa496287b30>
18377,2022-02-04 16:00:00,<function <lambda> at 0x7fa4962879f0>,<function <lambda> at 0x7fa496287a90>,<function <lambda> at 0x7fa496287b30>
18378,2022-02-04 17:00:00,<function <lambda> at 0x7fa4962879f0>,<function <lambda> at 0x7fa496287a90>,<function <lambda> at 0x7fa496287b30>
18379,2022-02-04 18:00:00,<function <lambda> at 0x7fa4962879f0>,<function <lambda> at 0x7fa496287a90>,<function <lambda> at 0x7fa496287b30>
18380,2022-02-04 19:00:00,<function <lambda> at 0x7fa4962879f0>,<function <lambda> at 0x7fa496287a90>,<function <lambda> at 0x7fa496287b30>
18381,2022-02-04 20:00:00,<function <lambda> at 0x7fa4962879f0>,<function <lambda> at 0x7fa496287a90>,<function <lambda> at 0x7fa496287b30>
18382,2022-02-04 21:00:00,<function <lambda> at 0x7fa4962879f0>,<function <lambda> at 0x7fa496287a90>,<function <lambda> at 0x7fa496287b30>
18383,2022-02-04 22:00:00,<function <lambda> at 0x7fa4962879f0>,<function <lambda> at 0x7fa496287a90>,<function <lambda> at 0x7fa496287b30>
18384,2022-02-04 23:00:00,<function <lambda> at 0x7fa4962879f0>,<function <lambda> at 0x7fa496287a90>,<function <lambda> at 0x7fa496287b30>
18385,2022-02-05 00:00:00,<function <lambda> at 0x7fa4962879f0>,<function <lambda> at 0x7fa496287a90>,<function <lambda> at 0x7fa496287b30>
18386,2022-02-05 01:00:00,<function <lambda> at 0x7fa4962879f0>,<function <lambda> at 0x7fa496287a90>,<function <lambda> at 0x7fa496287b30>
18387,2022-02-05 02:00:00,<function <lambda> at 0x7fa4962879f0>,<function <lambda> at 0x7fa496287a90>,<function <lambda> at 0x7fa496287b30>
18388,2022-02-05 03:00:00,<function <lambda> at 0x7fa4962879f0>,<function <lambda> at 0x7fa496287a90>,<function <lambda> at 0x7fa496287b30>
18389,2022-02-05 04:00:00,<function <lambda> at 0x7fa4962879f0>,<function <lambda> at 0x7fa496287a90>,<function <lambda> at 0x7fa496287b30>
18390,2022-02-05 05:00:00,<function <lambda> at 0x7fa4962879f0>,<function <lambda> at 0x7fa496287a90>,<function <lambda> at 0x7fa496287b30>
18391,2022-02-05 06:00:00,<function <lambda> at 0x7fa4962879f0>,<function <lambda> at 0x7fa496287a90>,<function <lambda> at 0x7fa496287b30>
18392,2022-02-05 07:00:00,<function <lambda> at 0x7fa4962879f0>,<function <lambda> at 0x7fa496287a90>,<function <lambda> at 0x7fa496287b30>
18393,2022-02-05 08:00:00,<function <lambda> at 0x7fa4962879f0>,<function <lambda> at 0x7fa496287a90>,<function <lambda> at 0x7fa496287b30>
18394,2022-02-05 09:00:00,<function <lambda> at 0x7fa4962879f0>,<function <lambda> at 0x7fa496287a90>,<function <lambda> at 0x7fa496287b30>
18395,2022-02-05 10:00:00,<function <lambda> at 0x7fa4962879f0>,<function <lambda> at 0x7fa496287a90>,<function <lambda> at 0x7fa496287b30>
18396,2022-02-05 11:00:00,<function <lambda> at 0x7fa4962879f0>,<function <lambda> at 0x7fa496287a90>,<function <lambda> at 0x7fa496287b30>
18397,2022-02-05 12:00:00,<function <lambda> at 0x7fa4962879f0>,<function <lambda> at 0x7fa496287a90>,<function <lambda> at 0x7fa496287b30>
18398,2022-02-05 13:00:00,<function <lambda> at 0x7fa4962879f0>,<function <lambda> at 0x7fa496287a90>,<function <lambda> at 0x7fa496287b30>
18399,2022-02-05 14:00:00,<function <lambda> at 0x7fa4962879f0>,<function <lambda> at 0x7fa496287a90>,<function <lambda> at 0x7fa496287b30>
18400,2022-02-05 15:00:00,<function <lambda> at 0x7fa4962879f0>,<function <lambda> at 0x7fa496287a90>,<function <lambda> at 0x7fa496287b30>
18401,2022-02-05 16:00:00,<function <lambda> at 0x7fa4962879f0>,<function <lambda> at 0x7fa496287a90>,<function <lambda> at 0x7fa496287b30>
18402,2022-02-05 17:00:00,<function <lambda> at 0x7fa4962879f0>,<function <lambda> at 0x7fa496287a90>,<function <lambda> at 0x7fa496287b30>
18403,2022-02-05 18:00:00,<function <lambda> at 0x7fa4962879f0>,<function <lambda> at 0x7fa496287a90>,<function <lambda> at 0x7fa496287b30>
18404,2022-02-05 19:00:00,<function <lambda> at 0x7fa4962879f0>,<function <lambda> at 0x7fa496287a90>,<function <lambda> at 0x7fa496287b30>
18405,2022-02-05 20:00:00,<function <lambda> at 0x7fa4962879f0>,<function <lambda> at 0x7fa496287a90>,<function <lambda> at 0x7fa496287b30>
18406,2022-02-05 21:00:00,<function <lambda> at 0x7fa4962879f0>,<function <lambda> at 0x7fa496287a90>,<function <lambda> at 0x7fa496287b30>
18407,2022-02-05 22:00:00,<function <lambda> at 0x7fa4962879f0>,<function <lambda> at 0x7fa496287a90>,<function <lambda> at 0x7fa496287b30>
18408,2022-02-05 23:00:00,<function <lambda> at 0x7fa4962879f0>,<function <lambda> at 0x7fa496287a90>,<function <lambda> at 0x7fa496287b30>
18409,2022-02-06 00:00:00,<function <lambda> at 0x7fa4962879f0>,<function <lambda> at 0x7fa496287a90>,<function <lambda> at 0x7fa496287b30>
18410,2022-02-06 01:00:00,<function <lambda> at 0x7fa4962879f0>,<function <lambda> at 0x7fa496287a90>,<function <lambda> at 0x7fa496287b30>
18411,2022-02-06 02:00:00,<function <lambda> at 0x7fa4962879f0>,<function <lambda> at 0x7fa496287a90>,<function <lambda> at 0x7fa496287b30>
18412,2022-02-06 03:00:00,<function <lambda> at 0x7fa4962879f0>,<function <lambda> at 0x7fa496287a90>,<function <lambda> at 0x7fa496287b30>
18413,2022-02-06 04:00:00,<function <lambda> at 0x7fa4962879f0>,<function <lambda> at 0x7fa496287a90>,<function <lambda> at 0x7fa496287b30>
18414,2022-02-06 05:00:00,<function <lambda> at 0x7fa4962879f0>,<function <lambda> at 0x7fa496287a90>,<function <lambda> at 0x7fa496287b30>
18415,2022-02-06 06:00:00,<function <lambda> at 0x7fa4962879f0>,<function <lambda> at 0x7fa496287a90>,<function <lambda> at 0x7fa496287b30>
18416,2022-02-06 07:00:00,<function <lambda> at 0x7fa4962879f0>,<function <lambda> at 0x7fa496287a90>,<function <lambda> at 0x7fa496287b30>
18417,2022-02-06 08:00:00,<function <lambda> at 0x7fa4962879f0>,<function <lambda> at 0x7fa496287a90>,<function <lambda> at 0x7fa496287b30>
18418,2022-02-06 09:00:00,<function <lambda> at 0x7fa4962879f0>,<function <lambda> at 0x7fa496287a90>,<function <lambda> at 0x7fa496287b30>
18419,2022-02-06 10:00:00,<function <lambda> at 0x7fa4962879f0>,<function <lambda> at 0x7fa496287a90>,<function <lambda> at 0x7fa496287b30>
18420,2022-02-06 11:00:00,<function <lambda> at 0x7fa4962879f0>,<function <lambda> at 0x7fa496287a90>,<function <lambda> at 0x7fa496287b30>
18421,2022-02-06 12:00:00,<function <lambda> at 0x7fa4962879f0>,<function <lambda> at 0x7fa496287a90>,<function <lambda> at 0x7fa496287b30>
18422,2022-02-06 13:00:00,<function <lambda> at 0x7fa4962879f0>,<function <lambda> at 0x7fa496287a90>,<function <lambda> at 0x7fa496287b30>
18423,2022-02-06 14:00:00,<function <lambda> at 0x7fa4962879f0>,<function <lambda> at 0x7fa496287a90>,<function <lambda> at 0x7fa496287b30>
18424,2022-02-06 15:00:00,<function <lambda> at 0x7fa4962879f0>,<function <lambda> at 0x7fa496287a90>,<function <lambda> at 0x7fa496287b30>
18425,2022-02-06 16:00:00,<function <lambda> at 0x7fa4962879f0>,<function <lambda> at 0x7fa496287a90>,<function <lambda> at 0x7fa496287b30>
18426,2022-02-06 17:00:00,<function <lambda> at 0x7fa4962879f0>,<function <lambda> at 0x7fa496287a90>,<function <lambda> at 0x7fa496287b30>
18427,2022-02-06 18:00:00,<function <lambda> at 0x7fa4962879f0>,<function <lambda> at 0x7fa496287a90>,<function <lambda> at 0x7fa496287b30>
18428,2022-02-06 19:00:00,<function <lambda> at 0x7fa4962879f0>,<function <lambda> at 0x7fa496287a90>,<function <lambda> at 0x7fa496287b30>
18429,2022-02-06 20:00:00,<function <lambda> at 0x7fa4962879f0>,<function <lambda> at 0x7fa496287a90>,<function <lambda> at 0x7fa496287b30>
18430,2022-02-06 21:00:00,<function <lambda> at 0x7fa4962879f0>,<function <lambda> at 0x7fa496287a90>,<function <lambda> at 0x7fa496287b30>
18431,2022-02-06 22:00:00,<function <lambda> at 0x7fa4962879f0>,<function <lambda> at 0x7fa496287a90>,<function <lambda> at 0x7fa496287b30>
18432,2022-02-06 23:00:00,<function <lambda> at 0x7fa4962879f0>,<function <lambda> at 0x7fa496287a90>,<function <lambda> at 0x7fa496287b30>
18433,2022-02-07 00:00:00,<function <lambda> at 0x7fa4962879f0>,<function <lambda> at 0x7fa496287a90>,<function <lambda> at 0x7fa496287b30>
18434,2022-02-07 01:00:00,<function <lambda> at 0x7fa4962879f0>,<function <lambda> at 0x7fa496287a90>,<function <lambda> at 0x7fa496287b30>
18435,2022-02-07 02:00:00,<function <lambda> at 0x7fa4962879f0>,<function <lambda> at 0x7fa496287a90>,<function <lambda> at 0x7fa496287b30>
18436,2022-02-07 03:00:00,<function <lambda> at 0x7fa4962879f0>,<function <lambda> at 0x7fa496287a90>,<function <lambda> at 0x7fa496287b30>
18437,2022-02-07 04:00:00,<function <lambda> at 0x7fa4962879f0>,<function <lambda> at 0x7fa496287a90>,<function <lambda> at 0x7fa496287b30>
18438,2022-02-07 05:00:00,<function <lambda> at 0x7fa4962879f0>,<function <lambda> at 0x7fa496287a90>,<function <lambda> at 0x7fa496287b30>
18439,2022-02-07 06:00:00,<function <lambda> at 0x7fa4962879f0>,<function <lambda> at 0x7fa496287a90>,<function <lambda> at 0x7fa496287b30>
18440,2022-02-07 07:00:00,<function <lambda> at 0x7fa4962879f0>,<function <lambda> at 0x7fa496287a90>,<function <lambda> at 0x7fa496287b30>
18441,2022-02-07 08:00:00,<function <lambda> at 0x7fa4962879f0>,<function <lambda> at 0x7fa496287a90>,<function <lambda> at 0x7fa496287b30>
18442,2022-02-07 09:00:00,<function <lambda> at 0x7fa4962879f0>,<function <lambda> at 0x7fa496287a90>,<function <lambda> at 0x7fa496287b30>
18443,2022-02-07 10:00:00,<function <lambda> at 0x7fa4962879f0>,<function <lambda> at 0x7fa496287a90>,<function <lambda> at 0x7fa496287b30>
18444,2022-02-07 11:00:00,<function <lambda> at 0x7fa4962879f0>,<function <lambda> at 0x7fa496287a90>,<function <lambda> at 0x7fa496287b30>
18445,2022-02-07 12:00:00,<function <lambda> at 0x7fa4962879f0>,<function <lambda> at 0x7fa496287a90>,<function <lambda> at 0x7fa496287b30>
18446,2022-02-07 13:00:00,<function <lambda> at 0x7fa4962879f0>,<function <lambda> at 0x7fa496287a90>,<function <lambda> at 0x7fa496287b30>
18447,2022-02-07 14:00:00,<function <lambda> at 0x7fa4962879f0>,<function <lambda> at 0x7fa496287a90>,<function <lambda> at 0x7fa496287b30>
18448,2022-02-07 15:00:00,<function <lambda> at 0x7fa4962879f0>,<function <lambda> at 0x7fa496287a90>,<function <lambda> at 0x7fa496287b30>
18449,2022-02-07 16:00:00,<function <lambda> at 0x7fa4962879f0>,<function <lambda> at 0x7fa496287a90>,<function <lambda> at 0x7fa496287b30>
18450,2022-02-07 17:00:00,<function <lambda> at 0x7fa4962879f0>,<function <lambda> at 0x7fa496287a90>,<function <lambda> at 0x7fa496287b30>
18451,2022-02-07 18:00:00,<function <lambda> at 0x7fa4962879f0>,<function <lambda> at 0x7fa496287a90>,<function <lambda> at 0x7fa496287b30>
18452,2022-02-07 19:00:00,<function <lambda> at 0x7fa4962879f0>,<function <lambda> at 0x7fa496287a90>,<function <lambda> at 0x7fa496287b30>
18453,2022-02-07 20:00:00,<function <lambda> at 0x7fa4962879f0>,<function <lambda> at 0x7fa496287a90>,<function <lambda> at 0x7fa496287b30>
18454,2022-02-07 21:00:00,<function <lambda> at 0x7fa4962879f0>,<function <lambda> at 0x7fa496287a90>,<function <lambda> at 0x7fa496287b30>
18455,2022-02-07 22:00:00,<function <lambda> at 0x7fa4962879f0>,<function <lambda> at 0x7fa496287a90>,<function <lambda> at 0x7fa496287b30>
18456,2022-02-07 23:00:00,<function <lambda> at 0x7fa4962879f0>,<function <lambda> at 0x7fa496287a90>,<function <lambda> at 0x7fa496287b30>
18457,2022-02-08 00:00:00,<function <lambda> at 0x7fa4962879f0>,<function <lambda> at 0x7fa496287a90>,<function <lambda> at 0x7fa496287b30>
18458,2022-02-08 01:00:00,<function <lambda> at 0x7fa4962879f0>,<function <lambda> at 0x7fa496287a90>,<function <lambda> at 0x7fa496287b30>
18459,2022-02-08 02:00:00,<function <lambda> at 0x7fa4962879f0>,<function <lambda> at 0x7fa496287a90>,<function <lambda> at 0x7fa496287b30>
18460,2022-02-08 03:00:00,<function <lambda> at 0x7fa4962879f0>,<function <lambda> at 0x7fa496287a90>,<function <lambda> at 0x7fa496287b30>
18461,2022-02-08 04:00:00,<function <lambda> at 0x7fa4962879f0>,<function <lambda> at 0x7fa496287a90>,<function <lambda> at 0x7fa496287b30>
18462,2022-02-08 05:00:00,<function <lambda> at 0x7fa4962879f0>,<function <lambda> at 0x7fa496287a90>,<function <lambda> at 0x7fa496287b30>
18463,2022-02-08 06:00:00,<function <lambda> at 0x7fa4962879f0>,<function <lambda> at 0x7fa496287a90>,<function <lambda> at 0x7fa496287b30>
18464,2022-02-08 07:00:00,<function <lambda> at 0x7fa4962879f0>,<function <lambda> at 0x7fa496287a90>,<function <lambda> at 0x7fa496287b30>
18465,2022-02-08 08:00:00,<function <lambda> at 0x7fa4962879f0>,<function <lambda> at 0x7fa496287a90>,<function <lambda> at 0x7fa496287b30>
18466,2022-02-08 09:00:00,<function <lambda> at 0x7fa4962879f0>,<function <lambda> at 0x7fa496287a90>,<function <lambda> at 0x7fa496287b30>
18467,2022-02-08 10:00:00,<function <lambda> at 0x7fa4962879f0>,<function <lambda> at 0x7fa496287a90>,<function <lambda> at 0x7fa496287b30>
18468,2022-02-08 11:00:00,<function <lambda> at 0x7fa4962879f0>,<function <lambda> at 0x7fa496287a90>,<function <lambda> at 0x7fa496287b30>
18469,2022-02-08 12:00:00,<function <lambda> at 0x7fa4962879f0>,<function <lambda> at 0x7fa496287a90>,<function <lambda> at 0x7fa496287b30>
18470,2022-02-08 13:00:00,<function <lambda> at 0x7fa4962879f0>,<function <lambda> at 0x7fa496287a90>,<function <lambda> at 0x7fa496287b30>
18471,2022-02-08 14:00:00,<function <lambda> at 0x7fa4962879f0>,<function <lambda> at 0x7fa496287a90>,<function <lambda> at 0x7fa496287b30>
18472,2022-02-08 15:00:00,<function <lambda> at 0x7fa4962879f0>,<function <lambda> at 0x7fa496287a90>,<function <lambda> at 0x7fa496287b30>
18473,2022-02-08 16:00:00,<function <lambda> at 0x7fa4962879f0>,<function <lambda> at 0x7fa496287a90>,<function <lambda> at 0x7fa496287b30>
18474,2022-02-08 17:00:00,<function <lambda> at 0x7fa4962879f0>,<function <lambda> at 0x7fa496287a90>,<function <lambda> at 0x7fa496287b30>
18475,2022-02-08 18:00:00,<function <lambda> at 0x7fa4962879f0>,<function <lambda> at 0x7fa496287a90>,<function <lambda> at 0x7fa496287b30>
18476,2022-02-08 19:00:00,<function <lambda> at 0x7fa4962879f0>,<function <lambda> at 0x7fa496287a90>,<function <lambda> at 0x7fa496287b30>
18477,2022-02-08 20:00:00,<function <lambda> at 0x7fa4962879f0>,<function <lambda> at 0x7fa496287a90>,<function <lambda> at 0x7fa496287b30>
18478,2022-02-08 21:00:00,<function <lambda> at 0x7fa4962879f0>,<function <lambda> at 0x7fa496287a90>,<function <lambda> at 0x7fa496287b30>
18479,2022-02-08 22:00:00,<function <lambda> at 0x7fa4962879f0>,<function <lambda> at 0x7fa496287a90>,<function <lambda> at 0x7fa496287b30>
18480,2022-02-08 23:00:00,<function <lambda> at 0x7fa4962879f0>,<function <lambda> at 0x7fa496287a90>,<function <lambda> at 0x7fa496287b30>
18481,2022-02-09 00:00:00,<function <lambda> at 0x7fa4962879f0>,<function <lambda> at 0x7fa496287a90>,<function <lambda> at 0x7fa496287b30>
18482,2022-02-09 01:00:00,<function <lambda> at 0x7fa4962879f0>,<function <lambda> at 0x7fa496287a90>,<function <lambda> at 0x7fa496287b30>
18483,2022-02-09 02:00:00,<function <lambda> at 0x7fa4962879f0>,<function <lambda> at 0x7fa496287a90>,<function <lambda> at 0x7fa496287b30>
18484,2022-02-09 03:00:00,<function <lambda> at 0x7fa4962879f0>,<function <lambda> at 0x7fa496287a90>,<function <lambda> at 0x7fa496287b30>
18485,2022-02-09 04:00:00,<function <lambda> at 0x7fa4962879f0>,<function <lambda> at 0x7fa496287a90>,<function <lambda> at 0x7fa496287b30>
18486,2022-02-09 05:00:00,<function <lambda> at 0x7fa4962879f0>,<function <lambda> at 0x7fa496287a90>,<function <lambda> at 0x7fa496287b30>
18487,2022-02-09 06:00:00,<function <lambda> at 0x7fa4962879f0>,<function <lambda> at 0x7fa496287a90>,<function <lambda> at 0x7fa496287b30>
18488,2022-02-09 07:00:00,<function <lambda> at 0x7fa4962879f0>,<function <lambda> at 0x7fa496287a90>,<function <lambda> at 0x7fa496287b30>
18489,2022-02-09 08:00:00,<function <lambda> at 0x7fa4962879f0>,<function <lambda> at 0x7fa496287a90>,<function <lambda> at 0x7fa496287b30>
18490,2022-02-09 09:00:00,<function <lambda> at 0x7fa4962879f0>,<function <lambda> at 0x7fa496287a90>,<function <lambda> at 0x7fa496287b30>
18491,2022-02-09 10:00:00,<function <lambda> at 0x7fa4962879f0>,<function <lambda> at 0x7fa496287a90>,<function <lambda> at 0x7fa496287b30>
18492,2022-02-09 11:00:00,<function <lambda> at 0x7fa4962879f0>,<function <lambda> at 0x7fa496287a90>,<function <lambda> at 0x7fa496287b30>
18493,2022-02-09 12:00:00,<function <lambda> at 0x7fa4962879f0>,<function <lambda> at 0x7fa496287a90>,<function <lambda> at 0x7fa496287b30>
18494,2022-02-09 13:00:00,<function <lambda> at 0x7fa4962879f0>,<function <lambda> at 0x7fa496287a90>,<function <lambda> at 0x7fa496287b30>
18495,2022-02-09 14:00:00,<function <lambda> at 0x7fa4962879f0>,<function <lambda> at 0x7fa496287a90>,<function <lambda> at 0x7fa496287b30>
18496,2022-02-09 15:00:00,<function <lambda> at 0x7fa4962879f0>,<function <lambda> at 0x7fa496287a90>,<function <lambda> at 0x7fa496287b30>
18497,2022-02-09 16:00:00,<function <lambda> at 0x7fa4962879f0>,<function <lambda> at 0x7fa496287a90>,<function <lambda> at 0x7fa496287b30>
18498,2022-02-09 17:00:00,<function <lambda> at 0x7fa4962879f0>,<function <lambda> at 0x7fa496287a90>,<function <lambda> at 0x7fa496287b30>
18499,2022-02-09 18:00:00,<function <lambda> at 0x7fa4962879f0>,<function <lambda> at 0x7fa496287a90>,<function <lambda> at 0x7fa496287b30>
18500,2022-02-09 19:00:00,<function <lambda> at 0x7fa4962879f0>,<function <lambda> at 0x7fa496287a90>,<function <lambda> at 0x7fa496287b30>
18501,2022-02-09 20:00:00,<function <lambda> at 0x7fa4962879f0>,<function <lambda> at 0x7fa496287a90>,<function <lambda> at 0x7fa496287b30>
18502,2022-02-09 21:00:00,<function <lambda> at 0x7fa4962879f0>,<function <lambda> at 0x7fa496287a90>,<function <lambda> at 0x7fa496287b30>
18503,2022-02-09 22:00:00,<function <lambda> at 0x7fa4962879f0>,<function <lambda> at 0x7fa496287a90>,<function <lambda> at 0x7fa496287b30>
18504,2022-02-09 23:00:00,<function <lambda> at 0x7fa4962879f0>,<function <lambda> at 0x7fa496287a90>,<function <lambda> at 0x7fa496287b30>
18505,2022-02-10 00:00:00,<function <lambda> at 0x7fa4962879f0>,<function <lambda> at 0x7fa496287a90>,<function <lambda> at 0x7fa496287b30>
18506,2022-02-10 01:00:00,<function <lambda> at 0x7fa4962879f0>,<function <lambda> at 0x7fa496287a90>,<function <lambda> at 0x7fa496287b30>
18507,2022-02-10 02:00:00,<function <lambda> at 0x7fa4962879f0>,<function <lambda> at 0x7fa496287a90>,<function <lambda> at 0x7fa496287b30>
18508,2022-02-10 03:00:00,<function <lambda> at 0x7fa4962879f0>,<function <lambda> at 0x7fa496287a90>,<function <lambda> at 0x7fa496287b30>
18509,2022-02-10 04:00:00,<function <lambda> at 0x7fa4962879f0>,<function <lambda> at 0x7fa496287a90>,<function <lambda> at 0x7fa496287b30>
18510,2022-02-10 05:00:00,<function <lambda> at 0x7fa4962879f0>,<function <lambda> at 0x7fa496287a90>,<function <lambda> at 0x7fa496287b30>
18511,2022-02-10 06:00:00,<function <lambda> at 0x7fa4962879f0>,<function <lambda> at 0x7fa496287a90>,<function <lambda> at 0x7fa496287b30>
18512,2022-02-10 07:00:00,<function <lambda> at 0x7fa4962879f0>,<function <lambda> at 0x7fa496287a90>,<function <lambda> at 0x7fa496287b30>
18513,2022-02-10 08:00:00,<function <lambda> at 0x7fa4962879f0>,<function <lambda> at 0x7fa496287a90>,<function <lambda> at 0x7fa496287b30>
18514,2022-02-10 09:00:00,<function <lambda> at 0x7fa4962879f0>,<function <lambda> at 0x7fa496287a90>,<function <lambda> at 0x7fa496287b30>
18515,2022-02-10 10:00:00,<function <lambda> at 0x7fa4962879f0>,<function <lambda> at 0x7fa496287a90>,<function <lambda> at 0x7fa496287b30>
18516,2022-02-10 11:00:00,<function <lambda> at 0x7fa4962879f0>,<function <lambda> at 0x7fa496287a90>,<function <lambda> at 0x7fa496287b30>
18517,2022-02-10 12:00:00,<function <lambda> at 0x7fa4962879f0>,<function <lambda> at 0x7fa496287a90>,<function <lambda> at 0x7fa496287b30>
18518,2022-02-10 13:00:00,<function <lambda> at 0x7fa4962879f0>,<function <lambda> at 0x7fa496287a90>,<function <lambda> at 0x7fa496287b30>
18519,2022-02-10 14:00:00,<function <lambda> at 0x7fa4962879f0>,<function <lambda> at 0x7fa496287a90>,<function <lambda> at 0x7fa496287b30>
18520,2022-02-10 15:00:00,<function <lambda> at 0x7fa4962879f0>,<function <lambda> at 0x7fa496287a90>,<function <lambda> at 0x7fa496287b30>
18521,2022-02-10 16:00:00,<function <lambda> at 0x7fa4962879f0>,<function <lambda> at 0x7fa496287a90>,<function <lambda> at 0x7fa496287b30>
18522,2022-02-10 17:00:00,<function <lambda> at 0x7fa4962879f0>,<function <lambda> at 0x7fa496287a90>,<function <lambda> at 0x7fa496287b30>
18523,2022-02-10 18:00:00,<function <lambda> at 0x7fa4962879f0>,<function <lambda> at 0x7fa496287a90>,<function <lambda> at 0x7fa496287b30>
18524,2022-02-10 19:00:00,<function <lambda> at 0x7fa4962879f0>,<function <lambda> at 0x7fa496287a90>,<function <lambda> at 0x7fa496287b30>
18525,2022-02-10 20:00:00,<function <lambda> at 0x7fa4962879f0>,<function <lambda> at 0x7fa496287a90>,<function <lambda> at 0x7fa496287b30>
18526,2022-02-10 21:00:00,<function <lambda> at 0x7fa4962879f0>,<function <lambda> at 0x7fa496287a90>,<function <lambda> at 0x7fa496287b30>
18527,2022-02-10 22:00:00,<function <lambda> at 0x7fa4962879f0>,<function <lambda> at 0x7fa496287a90>,<function <lambda> at 0x7fa496287b30>
18528,2022-02-10 23:00:00,<function <lambda> at 0x7fa4962879f0>,<function <lambda> at 0x7fa496287a90>,<function <lambda> at 0x7fa496287b30>
18529,2022-02-11 00:00:00,<function <lambda> at 0x7fa4962879f0>,<function <lambda> at 0x7fa496287a90>,<function <lambda> at 0x7fa496287b30>
18530,2022-02-11 01:00:00,<function <lambda> at 0x7fa4962879f0>,<function <lambda> at 0x7fa496287a90>,<function <lambda> at 0x7fa496287b30>
18531,2022-02-11 02:00:00,<function <lambda> at 0x7fa4962879f0>,<function <lambda> at 0x7fa496287a90>,<function <lambda> at 0x7fa496287b30>
18532,2022-02-11 03:00:00,<function <lambda> at 0x7fa4962879f0>,<function <lambda> at 0x7fa496287a90>,<function <lambda> at 0x7fa496287b30>
18533,2022-02-11 04:00:00,<function <lambda> at 0x7fa4962879f0>,<function <lambda> at 0x7fa496287a90>,<function <lambda> at 0x7fa496287b30>
18534,2022-02-11 05:00:00,<function <lambda> at 0x7fa4962879f0>,<function <lambda> at 0x7fa496287a90>,<function <lambda> at 0x7fa496287b30>
18535,2022-02-11 06:00:00,<function <lambda> at 0x7fa4962879f0>,<function <lambda> at 0x7fa496287a90>,<function <lambda> at 0x7fa496287b30>
18536,2022-02-11 07:00:00,<function <lambda> at 0x7fa4962879f0>,<function <lambda> at 0x7fa496287a90>,<function <lambda> at 0x7fa496287b30>
18537,2022-02-11 08:00:00,<function <lambda> at 0x7fa4962879f0>,<function <lambda> at 0x7fa496287a90>,<function <lambda> at 0x7fa496287b30>
18538,2022-02-11 09:00:00,<function <lambda> at 0x7fa4962879f0>,<function <lambda> at 0x7fa496287a90>,<function <lambda> at 0x7fa496287b30>
18539,2022-02-11 10:00:00,<function <lambda> at 0x7fa4962879f0>,<function <lambda> at 0x7fa496287a90>,<function <lambda> at 0x7fa496287b30>
18540,2022-02-11 11:00:00,<function <lambda> at 0x7fa4962879f0>,<function <lambda> at 0x7fa496287a90>,<function <lambda> at 0x7fa496287b30>
18541,2022-02-11 12:00:00,<function <lambda> at 0x7fa4962879f0>,<function <lambda> at 0x7fa496287a90>,<function <lambda> at 0x7fa496287b30>
18542,2022-02-11 13:00:00,<function <lambda> at 0x7fa4962879f0>,<function <lambda> at 0x7fa496287a90>,<function <lambda> at 0x7fa496287b30>
18543,2022-02-11 14:00:00,<function <lambda> at 0x7fa4962879f0>,<function <lambda> at 0x7fa496287a90>,<function <lambda> at 0x7fa496287b30>
18544,2022-02-11 15:00:00,<function <lambda> at 0x7fa4962879f0>,<function <lambda> at 0x7fa496287a90>,<function <lambda> at 0x7fa496287b30>
18545,2022-02-11 16:00:00,<function <lambda> at 0x7fa4962879f0>,<function <lambda> at 0x7fa496287a90>,<function <lambda> at 0x7fa496287b30>
18546,2022-02-11 17:00:00,<function <lambda> at 0x7fa4962879f0>,<function <lambda> at 0x7fa496287a90>,<function <lambda> at 0x7fa496287b30>
18547,2022-02-11 18:00:00,<function <lambda> at 0x7fa4962879f0>,<function <lambda> at 0x7fa496287a90>,<function <lambda> at 0x7fa496287b30>
18548,2022-02-11 19:00:00,<function <lambda> at 0x7fa4962879f0>,<function <lambda> at 0x7fa496287a90>,<function <lambda> at 0x7fa496287b30>
18549,2022-02-11 20:00:00,<function <lambda> at 0x7fa4962879f0>,<function <lambda> at 0x7fa496287a90>,<function <lambda> at 0x7fa496287b30>
18550,2022-02-11 21:00:00,<function <lambda> at 0x7fa4962879f0>,<function <lambda> at 0x7fa496287a90>,<function <lambda> at 0x7fa496287b30>
18551,2022-02-11 22:00:00,<function <lambda> at 0x7fa4962879f0>,<function <lambda> at 0x7fa496287a90>,<function <lambda> at 0x7fa496287b30>
18552,2022-02-11 23:00:00,<function <lambda> at 0x7fa4962879f0>,<function <lambda> at 0x7fa496287a90>,<function <lambda> at 0x7fa496287b30>
18553,2022-02-12 00:00:00,<function <lambda> at 0x7fa4962879f0>,<function <lambda> at 0x7fa496287a90>,<function <lambda> at 0x7fa496287b30>
18554,2022-02-12 01:00:00,<function <lambda> at 0x7fa4962879f0>,<function <lambda> at 0x7fa496287a90>,<function <lambda> at 0x7fa496287b30>
18555,2022-02-12 02:00:00,<function <lambda> at 0x7fa4962879f0>,<function <lambda> at 0x7fa496287a90>,<function <lambda> at 0x7fa496287b30>
18556,2022-02-12 03:00:00,<function <lambda> at 0x7fa4962879f0>,<function <lambda> at 0x7fa496287a90>,<function <lambda> at 0x7fa496287b30>
18557,2022-02-12 04:00:00,<function <lambda> at 0x7fa4962879f0>,<function <lambda> at 0x7fa496287a90>,<function <lambda> at 0x7fa496287b30>
18558,2022-02-12 05:00:00,<function <lambda> at 0x7fa4962879f0>,<function <lambda> at 0x7fa496287a90>,<function <lambda> at 0x7fa496287b30>
18559,2022-02-12 06:00:00,<function <lambda> at 0x7fa4962879f0>,<function <lambda> at 0x7fa496287a90>,<function <lambda> at 0x7fa496287b30>
18560,2022-02-12 07:00:00,<function <lambda> at 0x7fa4962879f0>,<function <lambda> at 0x7fa496287a90>,<function <lambda> at 0x7fa496287b30>
18561,2022-02-12 08:00:00,<function <lambda> at 0x7fa4962879f0>,<function <lambda> at 0x7fa496287a90>,<function <lambda> at 0x7fa496287b30>
18562,2022-02-12 09:00:00,<function <lambda> at 0x7fa4962879f0>,<function <lambda> at 0x7fa496287a90>,<function <lambda> at 0x7fa496287b30>
18563,2022-02-12 10:00:00,<function <lambda> at 0x7fa4962879f0>,<function <lambda> at 0x7fa496287a90>,<function <lambda> at 0x7fa496287b30>
18564,2022-02-12 11:00:00,<function <lambda> at 0x7fa4962879f0>,<function <lambda> at 0x7fa496287a90>,<function <lambda> at 0x7fa496287b30>
18565,2022-02-12 12:00:00,<function <lambda> at 0x7fa4962879f0>,<function <lambda> at 0x7fa496287a90>,<function <lambda> at 0x7fa496287b30>
18566,2022-02-12 13:00:00,<function <lambda> at 0x7fa4962879f0>,<function <lambda> at 0x7fa496287a90>,<function <lambda> at 0x7fa496287b30>
18567,2022-02-12 14:00:00,<function <lambda> at 0x7fa4962879f0>,<function <lambda> at 0x7fa496287a90>,<function <lambda> at 0x7fa496287b30>
18568,2022-02-12 15:00:00,<function <lambda> at 0x7fa4962879f0>,<function <lambda> at 0x7fa496287a90>,<function <lambda> at 0x7fa496287b30>
18569,2022-02-12 16:00:00,<function <lambda> at 0x7fa4962879f0>,<function <lambda> at 0x7fa496287a90>,<function <lambda> at 0x7fa496287b30>
18570,2022-02-12 17:00:00,<function <lambda> at 0x7fa4962879f0>,<function <lambda> at 0x7fa496287a90>,<function <lambda> at 0x7fa496287b30>
18571,2022-02-12 18:00:00,<function <lambda> at 0x7fa4962879f0>,<function <lambda> at 0x7fa496287a90>,<function <lambda> at 0x7fa496287b30>
18572,2022-02-12 19:00:00,<function <lambda> at 0x7fa4962879f0>,<function <lambda> at 0x7fa496287a90>,<function <lambda> at 0x7fa496287b30>
18573,2022-02-12 20:00:00,<function <lambda> at 0x7fa4962879f0>,<function <lambda> at 0x7fa496287a90>,<function <lambda> at 0x7fa496287b30>
18574,2022-02-12 21:00:00,<function <lambda> at 0x7fa4962879f0>,<function <lambda> at 0x7fa496287a90>,<function <lambda> at 0x7fa496287b30>
18575,2022-02-12 22:00:00,<function <lambda> at 0x7fa4962879f0>,<function <lambda> at 0x7fa496287a90>,<function <lambda> at 0x7fa496287b30>
18576,2022-02-12 23:00:00,<function <lambda> at 0x7fa4962879f0>,<function <lambda> at 0x7fa496287a90>,<function <lambda> at 0x7fa496287b30>
18577,2022-02-13 00:00:00,<function <lambda> at 0x7fa4962879f0>,<function <lambda> at 0x7fa496287a90>,<function <lambda> at 0x7fa496287b30>
18578,2022-02-13 01:00:00,<function <lambda> at 0x7fa4962879f0>,<function <lambda> at 0x7fa496287a90>,<function <lambda> at 0x7fa496287b30>
18579,2022-02-13 02:00:00,<function <lambda> at 0x7fa4962879f0>,<function <lambda> at 0x7fa496287a90>,<function <lambda> at 0x7fa496287b30>
18580,2022-02-13 03:00:00,<function <lambda> at 0x7fa4962879f0>,<function <lambda> at 0x7fa496287a90>,<function <lambda> at 0x7fa496287b30>
18581,2022-02-13 04:00:00,<function <lambda> at 0x7fa4962879f0>,<function <lambda> at 0x7fa496287a90>,<function <lambda> at 0x7fa496287b30>
18582,2022-02-13 05:00:00,<function <lambda> at 0x7fa4962879f0>,<function <lambda> at 0x7fa496287a90>,<function <lambda> at 0x7fa496287b30>
18583,2022-02-13 06:00:00,<function <lambda> at 0x7fa4962879f0>,<function <lambda> at 0x7fa496287a90>,<function <lambda> at 0x7fa496287b30>
18584,2022-02-13 07:00:00,<function <lambda> at 0x7fa4962879f0>,<function <lambda> at 0x7fa496287a90>,<function <lambda> at 0x7fa496287b30>
18585,2022-02-13 08:00:00,<function <lambda> at 0x7fa4962879f0>,<function <lambda> at 0x7fa496287a90>,<function <lambda> at 0x7fa496287b30>
18586,2022-02-13 09:00:00,<function <lambda> at 0x7fa4962879f0>,<function <lambda> at 0x7fa496287a90>,<function <lambda> at 0x7fa496287b30>
18587,2022-02-13 10:00:00,<function <lambda> at 0x7fa4962879f0>,<function <lambda> at 0x7fa496287a90>,<function <lambda> at 0x7fa496287b30>
18588,2022-02-13 11:00:00,<function <lambda> at 0x7fa4962879f0>,<function <lambda> at 0x7fa496287a90>,<function <lambda> at 0x7fa496287b30>
18589,2022-02-13 12:00:00,<function <lambda> at 0x7fa4962879f0>,<function <lambda> at 0x7fa496287a90>,<function <lambda> at 0x7fa496287b30>
18590,2022-02-13 13:00:00,<function <lambda> at 0x7fa4962879f0>,<function <lambda> at 0x7fa496287a90>,<function <lambda> at 0x7fa496287b30>
18591,2022-02-13 14:00:00,<function <lambda> at 0x7fa4962879f0>,<function <lambda> at 0x7fa496287a90>,<function <lambda> at 0x7fa496287b30>
18592,2022-02-13 15:00:00,<function <lambda> at 0x7fa4962879f0>,<function <lambda> at 0x7fa496287a90>,<function <lambda> at 0x7fa496287b30>
18593,2022-02-13 16:00:00,<function <lambda> at 0x7fa4962879f0>,<function <lambda> at 0x7fa496287a90>,<function <lambda> at 0x7fa496287b30>
18594,2022-02-13 17:00:00,<function <lambda> at 0x7fa4962879f0>,<function <lambda> at 0x7fa496287a90>,<function <lambda> at 0x7fa496287b30>
18595,2022-02-13 18:00:00,<function <lambda> at 0x7fa4962879f0>,<function <lambda> at 0x7fa496287a90>,<function <lambda> at 0x7fa496287b30>
18596,2022-02-13 19:00:00,<function <lambda> at 0x7fa4962879f0>,<function <lambda> at 0x7fa496287a90>,<function <lambda> at 0x7fa496287b30>
18597,2022-02-13 20:00:00,<function <lambda> at 0x7fa4962879f0>,<function <lambda> at 0x7fa496287a90>,<function <lambda> at 0x7fa496287b30>
18598,2022-02-13 21:00:00,<function <lambda> at 0x7fa4962879f0>,<function <lambda> at 0x7fa496287a90>,<function <lambda> at 0x7fa496287b30>
18599,2022-02-13 22:00:00,<function <lambda> at 0x7fa4962879f0>,<function <lambda> at 0x7fa496287a90>,<function <lambda> at 0x7fa496287b30>
18600,2022-02-13 23:00:00,<function <lambda> at 0x7fa4962879f0>,<function <lambda> at 0x7fa496287a90>,<function <lambda> at 0x7fa496287b30>
18601,2022-02-14 00:00:00,<function <lambda> at 0x7fa4962879f0>,<function <lambda> at 0x7fa496287a90>,<function <lambda> at 0x7fa496287b30>
18602,2022-02-14 01:00:00,<function <lambda> at 0x7fa4962879f0>,<function <lambda> at 0x7fa496287a90>,<function <lambda> at 0x7fa496287b30>
18603,2022-02-14 02:00:00,<function <lambda> at 0x7fa4962879f0>,<function <lambda> at 0x7fa496287a90>,<function <lambda> at 0x7fa496287b30>
18604,2022-02-14 03:00:00,<function <lambda> at 0x7fa4962879f0>,<function <lambda> at 0x7fa496287a90>,<function <lambda> at 0x7fa496287b30>
18605,2022-02-14 04:00:00,<function <lambda> at 0x7fa4962879f0>,<function <lambda> at 0x7fa496287a90>,<function <lambda> at 0x7fa496287b30>
18606,2022-02-14 05:00:00,<function <lambda> at 0x7fa4962879f0>,<function <lambda> at 0x7fa496287a90>,<function <lambda> at 0x7fa496287b30>
18607,2022-02-14 06:00:00,<function <lambda> at 0x7fa4962879f0>,<function <lambda> at 0x7fa496287a90>,<function <lambda> at 0x7fa496287b30>
18608,2022-02-14 07:00:00,<function <lambda> at 0x7fa4962879f0>,<function <lambda> at 0x7fa496287a90>,<function <lambda> at 0x7fa496287b30>
18609,2022-02-14 08:00:00,<function <lambda> at 0x7fa4962879f0>,<function <lambda> at 0x7fa496287a90>,<function <lambda> at 0x7fa496287b30>
18610,2022-02-14 09:00:00,<function <lambda> at 0x7fa4962879f0>,<function <lambda> at 0x7fa496287a90>,<function <lambda> at 0x7fa496287b30>
18611,2022-02-14 10:00:00,<function <lambda> at 0x7fa4962879f0>,<function <lambda> at 0x7fa496287a90>,<function <lambda> at 0x7fa496287b30>
18612,2022-02-14 11:00:00,<function <lambda> at 0x7fa4962879f0>,<function <lambda> at 0x7fa496287a90>,<function <lambda> at 0x7fa496287b30>
18613,2022-02-14 12:00:00,<function <lambda> at 0x7fa4962879f0>,<function <lambda> at 0x7fa496287a90>,<function <lambda> at 0x7fa496287b30>
18614,2022-02-14 13:00:00,<function <lambda> at 0x7fa4962879f0>,<function <lambda> at 0x7fa496287a90>,<function <lambda> at 0x7fa496287b30>
18615,2022-02-14 14:00:00,<function <lambda> at 0x7fa4962879f0>,<function <lambda> at 0x7fa496287a90>,<function <lambda> at 0x7fa496287b30>
18616,2022-02-14 15:00:00,<function <lambda> at 0x7fa4962879f0>,<function <lambda> at 0x7fa496287a90>,<function <lambda> at 0x7fa496287b30>
18617,2022-02-14 16:00:00,<function <lambda> at 0x7fa4962879f0>,<function <lambda> at 0x7fa496287a90>,<function <lambda> at 0x7fa496287b30>
18618,2022-02-14 17:00:00,<function <lambda> at 0x7fa4962879f0>,<function <lambda> at 0x7fa496287a90>,<function <lambda> at 0x7fa496287b30>
18619,2022-02-14 18:00:00,<function <lambda> at 0x7fa4962879f0>,<function <lambda> at 0x7fa496287a90>,<function <lambda> at 0x7fa496287b30>
18620,2022-02-14 19:00:00,<function <lambda> at 0x7fa4962879f0>,<function <lambda> at 0x7fa496287a90>,<function <lambda> at 0x7fa496287b30>
18621,2022-02-14 20:00:00,<function <lambda> at 0x7fa4962879f0>,<function <lambda> at 0x7fa496287a90>,<function <lambda> at 0x7fa496287b30>
18622,2022-02-14 21:00:00,<function <lambda> at 0x7fa4962879f0>,<function <lambda> at 0x7fa496287a90>,<function <lambda> at 0x7fa496287b30>
18623,2022-02-14 22:00:00,<function <lambda> at 0x7fa4962879f0>,<function <lambda> at 0x7fa496287a90>,<function <lambda> at 0x7fa496287b30>
18624,2022-02-14 23:00:00,<function <lambda> at 0x7fa4962879f0>,<function <lambda> at 0x7fa496287a90>,<function <lambda> at 0x7fa496287b30>
18625,2022-02-15 00:00:00,<function <lambda> at 0x7fa4962879f0>,<function <lambda> at 0x7fa496287a90>,<function <lambda> at 0x7fa496287b30>
18626,2022-02-15 01:00:00,<function <lambda> at 0x7fa4962879f0>,<function <lambda> at 0x7fa496287a90>,<function <lambda> at 0x7fa496287b30>
18627,2022-02-15 02:00:00,<function <lambda> at 0x7fa4962879f0>,<function <lambda> at 0x7fa496287a90>,<function <lambda> at 0x7fa496287b30>
18628,2022-02-15 03:00:00,<function <lambda> at 0x7fa4962879f0>,<function <lambda> at 0x7fa496287a90>,<function <lambda> at 0x7fa496287b30>
18629,2022-02-15 04:00:00,<function <lambda> at 0x7fa4962879f0>,<function <lambda> at 0x7fa496287a90>,<function <lambda> at 0x7fa496287b30>
18630,2022-02-15 05:00:00,<function <lambda> at 0x7fa4962879f0>,<function <lambda> at 0x7fa496287a90>,<function <lambda> at 0x7fa496287b30>
18631,2022-02-15 06:00:00,<function <lambda> at 0x7fa4962879f0>,<function <lambda> at 0x7fa496287a90>,<function <lambda> at 0x7fa496287b30>
18632,2022-02-15 07:00:00,<function <lambda> at 0x7fa4962879f0>,<function <lambda> at 0x7fa496287a90>,<function <lambda> at 0x7fa496287b30>
18633,2022-02-15 08:00:00,<function <lambda> at 0x7fa4962879f0>,<function <lambda> at 0x7fa496287a90>,<function <lambda> at 0x7fa496287b30>
18634,2022-02-15 09:00:00,<function <lambda> at 0x7fa4962879f0>,<function <lambda> at 0x7fa496287a90>,<function <lambda> at 0x7fa496287b30>
18635,2022-02-15 10:00:00,<function <lambda> at 0x7fa4962879f0>,<function <lambda> at 0x7fa496287a90>,<function <lambda> at 0x7fa496287b30>
18636,2022-02-15 11:00:00,<function <lambda> at 0x7fa4962879f0>,<function <lambda> at 0x7fa496287a90>,<function <lambda> at 0x7fa496287b30>
18637,2022-02-15 12:00:00,<function <lambda> at 0x7fa4962879f0>,<function <lambda> at 0x7fa496287a90>,<function <lambda> at 0x7fa496287b30>
18638,2022-02-15 13:00:00,<function <lambda> at 0x7fa4962879f0>,<function <lambda> at 0x7fa496287a90>,<function <lambda> at 0x7fa496287b30>
18639,2022-02-15 14:00:00,<function <lambda> at 0x7fa4962879f0>,<function <lambda> at 0x7fa496287a90>,<function <lambda> at 0x7fa496287b30>
18640,2022-02-15 15:00:00,<function <lambda> at 0x7fa4962879f0>,<function <lambda> at 0x7fa496287a90>,<function <lambda> at 0x7fa496287b30>
18641,2022-02-15 16:00:00,<function <lambda> at 0x7fa4962879f0>,<function <lambda> at 0x7fa496287a90>,<function <lambda> at 0x7fa496287b30>
18642,2022-02-15 17:00:00,<function <lambda> at 0x7fa4962879f0>,<function <lambda> at 0x7fa496287a90>,<function <lambda> at 0x7fa496287b30>
18643,2022-02-15 18:00:00,<function <lambda> at 0x7fa4962879f0>,<function <lambda> at 0x7fa496287a90>,<function <lambda> at 0x7fa496287b30>
18644,2022-02-15 19:00:00,<function <lambda> at 0x7fa4962879f0>,<function <lambda> at 0x7fa496287a90>,<function <lambda> at 0x7fa496287b30>
18645,2022-02-15 20:00:00,<function <lambda> at 0x7fa4962879f0>,<function <lambda> at 0x7fa496287a90>,<function <lambda> at 0x7fa496287b30>
18646,2022-02-15 21:00:00,<function <lambda> at 0x7fa4962879f0>,<function <lambda> at 0x7fa496287a90>,<function <lambda> at 0x7fa496287b30>
18647,2022-02-15 22:00:00,<function <lambda> at 0x7fa4962879f0>,<function <lambda> at 0x7fa496287a90>,<function <lambda> at 0x7fa496287b30>
18648,2022-02-15 23:00:00,<function <lambda> at 0x7fa4962879f0>,<function <lambda> at 0x7fa496287a90>,<function <lambda> at 0x7fa496287b30>
18649,2022-02-16 00:00:00,<function <lambda> at 0x7fa4962879f0>,<function <lambda> at 0x7fa496287a90>,<function <lambda> at 0x7fa496287b30>
18650,2022-02-16 01:00:00,<function <lambda> at 0x7fa4962879f0>,<function <lambda> at 0x7fa496287a90>,<function <lambda> at 0x7fa496287b30>
18651,2022-02-16 02:00:00,<function <lambda> at 0x7fa4962879f0>,<function <lambda> at 0x7fa496287a90>,<function <lambda> at 0x7fa496287b30>
18652,2022-02-16 03:00:00,<function <lambda> at 0x7fa4962879f0>,<function <lambda> at 0x7fa496287a90>,<function <lambda> at 0x7fa496287b30>
18653,2022-02-16 04:00:00,<function <lambda> at 0x7fa4962879f0>,<function <lambda> at 0x7fa496287a90>,<function <lambda> at 0x7fa496287b30>
18654,2022-02-16 05:00:00,<function <lambda> at 0x7fa4962879f0>,<function <lambda> at 0x7fa496287a90>,<function <lambda> at 0x7fa496287b30>
18655,2022-02-16 06:00:00,<function <lambda> at 0x7fa4962879f0>,<function <lambda> at 0x7fa496287a90>,<function <lambda> at 0x7fa496287b30>
18656,2022-02-16 07:00:00,<function <lambda> at 0x7fa4962879f0>,<function <lambda> at 0x7fa496287a90>,<function <lambda> at 0x7fa496287b30>
18657,2022-02-16 08:00:00,<function <lambda> at 0x7fa4962879f0>,<function <lambda> at 0x7fa496287a90>,<function <lambda> at 0x7fa496287b30>
18658,2022-02-16 09:00:00,<function <lambda> at 0x7fa4962879f0>,<function <lambda> at 0x7fa496287a90>,<function <lambda> at 0x7fa496287b30>
18659,2022-02-16 10:00:00,<function <lambda> at 0x7fa4962879f0>,<function <lambda> at 0x7fa496287a90>,<function <lambda> at 0x7fa496287b30>
18660,2022-02-16 11:00:00,<function <lambda> at 0x7fa4962879f0>,<function <lambda> at 0x7fa496287a90>,<function <lambda> at 0x7fa496287b30>
18661,2022-02-16 12:00:00,<function <lambda> at 0x7fa4962879f0>,<function <lambda> at 0x7fa496287a90>,<function <lambda> at 0x7fa496287b30>
18662,2022-02-16 13:00:00,<function <lambda> at 0x7fa4962879f0>,<function <lambda> at 0x7fa496287a90>,<function <lambda> at 0x7fa496287b30>
18663,2022-02-16 14:00:00,<function <lambda> at 0x7fa4962879f0>,<function <lambda> at 0x7fa496287a90>,<function <lambda> at 0x7fa496287b30>
18664,2022-02-16 15:00:00,<function <lambda> at 0x7fa4962879f0>,<function <lambda> at 0x7fa496287a90>,<function <lambda> at 0x7fa496287b30>
18665,2022-02-16 16:00:00,<function <lambda> at 0x7fa4962879f0>,<function <lambda> at 0x7fa496287a90>,<function <lambda> at 0x7fa496287b30>
18666,2022-02-16 17:00:00,<function <lambda> at 0x7fa4962879f0>,<function <lambda> at 0x7fa496287a90>,<function <lambda> at 0x7fa496287b30>
18667,2022-02-16 18:00:00,<function <lambda> at 0x7fa4962879f0>,<function <lambda> at 0x7fa496287a90>,<function <lambda> at 0x7fa496287b30>
18668,2022-02-16 19:00:00,<function <lambda> at 0x7fa4962879f0>,<function <lambda> at 0x7fa496287a90>,<function <lambda> at 0x7fa496287b30>
18669,2022-02-16 20:00:00,<function <lambda> at 0x7fa4962879f0>,<function <lambda> at 0x7fa496287a90>,<function <lambda> at 0x7fa496287b30>
18670,2022-02-16 21:00:00,<function <lambda> at 0x7fa4962879f0>,<function <lambda> at 0x7fa496287a90>,<function <lambda> at 0x7fa496287b30>
18671,2022-02-16 22:00:00,<function <lambda> at 0x7fa4962879f0>,<function <lambda> at 0x7fa496287a90>,<function <lambda> at 0x7fa496287b30>
18672,2022-02-16 23:00:00,<function <lambda> at 0x7fa4962879f0>,<function <lambda> at 0x7fa496287a90>,<function <lambda> at 0x7fa496287b30>
18673,2022-02-17 00:00:00,<function <lambda> at 0x7fa4962879f0>,<function <lambda> at 0x7fa496287a90>,<function <lambda> at 0x7fa496287b30>
18674,2022-02-17 01:00:00,<function <lambda> at 0x7fa4962879f0>,<function <lambda> at 0x7fa496287a90>,<function <lambda> at 0x7fa496287b30>
18675,2022-02-17 02:00:00,<function <lambda> at 0x7fa4962879f0>,<function <lambda> at 0x7fa496287a90>,<function <lambda> at 0x7fa496287b30>
18676,2022-02-17 03:00:00,<function <lambda> at 0x7fa4962879f0>,<function <lambda> at 0x7fa496287a90>,<function <lambda> at 0x7fa496287b30>
18677,2022-02-17 04:00:00,<function <lambda> at 0x7fa4962879f0>,<function <lambda> at 0x7fa496287a90>,<function <lambda> at 0x7fa496287b30>
18678,2022-02-17 05:00:00,<function <lambda> at 0x7fa4962879f0>,<function <lambda> at 0x7fa496287a90>,<function <lambda> at 0x7fa496287b30>
18679,2022-02-17 06:00:00,<function <lambda> at 0x7fa4962879f0>,<function <lambda> at 0x7fa496287a90>,<function <lambda> at 0x7fa496287b30>
18680,2022-02-17 07:00:00,<function <lambda> at 0x7fa4962879f0>,<function <lambda> at 0x7fa496287a90>,<function <lambda> at 0x7fa496287b30>
18681,2022-02-17 08:00:00,<function <lambda> at 0x7fa4962879f0>,<function <lambda> at 0x7fa496287a90>,<function <lambda> at 0x7fa496287b30>
18682,2022-02-17 09:00:00,<function <lambda> at 0x7fa4962879f0>,<function <lambda> at 0x7fa496287a90>,<function <lambda> at 0x7fa496287b30>
18683,2022-02-17 10:00:00,<function <lambda> at 0x7fa4962879f0>,<function <lambda> at 0x7fa496287a90>,<function <lambda> at 0x7fa496287b30>
18684,2022-02-17 11:00:00,<function <lambda> at 0x7fa4962879f0>,<function <lambda> at 0x7fa496287a90>,<function <lambda> at 0x7fa496287b30>
18685,2022-02-17 12:00:00,<function <lambda> at 0x7fa4962879f0>,<function <lambda> at 0x7fa496287a90>,<function <lambda> at 0x7fa496287b30>
18686,2022-02-17 13:00:00,<function <lambda> at 0x7fa4962879f0>,<function <lambda> at 0x7fa496287a90>,<function <lambda> at 0x7fa496287b30>
18687,2022-02-17 14:00:00,<function <lambda> at 0x7fa4962879f0>,<function <lambda> at 0x7fa496287a90>,<function <lambda> at 0x7fa496287b30>
18688,2022-02-17 15:00:00,<function <lambda> at 0x7fa4962879f0>,<function <lambda> at 0x7fa496287a90>,<function <lambda> at 0x7fa496287b30>
18689,2022-02-17 16:00:00,<function <lambda> at 0x7fa4962879f0>,<function <lambda> at 0x7fa496287a90>,<function <lambda> at 0x7fa496287b30>
18690,2022-02-17 17:00:00,<function <lambda> at 0x7fa4962879f0>,<function <lambda> at 0x7fa496287a90>,<function <lambda> at 0x7fa496287b30>
18691,2022-02-17 18:00:00,<function <lambda> at 0x7fa4962879f0>,<function <lambda> at 0x7fa496287a90>,<function <lambda> at 0x7fa496287b30>
18692,2022-02-17 19:00:00,<function <lambda> at 0x7fa4962879f0>,<function <lambda> at 0x7fa496287a90>,<function <lambda> at 0x7fa496287b30>
18693,2022-02-17 20:00:00,<function <lambda> at 0x7fa4962879f0>,<function <lambda> at 0x7fa496287a90>,<function <lambda> at 0x7fa496287b30>
18694,2022-02-17 21:00:00,<function <lambda> at 0x7fa4962879f0>,<function <lambda> at 0x7fa496287a90>,<function <lambda> at 0x7fa496287b30>
18695,2022-02-17 22:00:00,<function <lambda> at 0x7fa4962879f0>,<function <lambda> at 0x7fa496287a90>,<function <lambda> at 0x7fa496287b30>
18696,2022-02-17 23:00:00,<function <lambda> at 0x7fa4962879f0>,<function <lambda> at 0x7fa496287a90>,<function <lambda> at 0x7fa496287b30>
18697,2022-02-18 00:00:00,<function <lambda> at 0x7fa4962879f0>,<function <lambda> at 0x7fa496287a90>,<function <lambda> at 0x7fa496287b30>
18698,2022-02-18 01:00:00,<function <lambda> at 0x7fa4962879f0>,<function <lambda> at 0x7fa496287a90>,<function <lambda> at 0x7fa496287b30>
18699,2022-02-18 02:00:00,<function <lambda> at 0x7fa4962879f0>,<function <lambda> at 0x7fa496287a90>,<function <lambda> at 0x7fa496287b30>
18700,2022-02-18 03:00:00,<function <lambda> at 0x7fa4962879f0>,<function <lambda> at 0x7fa496287a90>,<function <lambda> at 0x7fa496287b30>
18701,2022-02-18 04:00:00,<function <lambda> at 0x7fa4962879f0>,<function <lambda> at 0x7fa496287a90>,<function <lambda> at 0x7fa496287b30>
18702,2022-02-18 05:00:00,<function <lambda> at 0x7fa4962879f0>,<function <lambda> at 0x7fa496287a90>,<function <lambda> at 0x7fa496287b30>
18703,2022-02-18 06:00:00,<function <lambda> at 0x7fa4962879f0>,<function <lambda> at 0x7fa496287a90>,<function <lambda> at 0x7fa496287b30>
18704,2022-02-18 07:00:00,<function <lambda> at 0x7fa4962879f0>,<function <lambda> at 0x7fa496287a90>,<function <lambda> at 0x7fa496287b30>
18705,2022-02-18 08:00:00,<function <lambda> at 0x7fa4962879f0>,<function <lambda> at 0x7fa496287a90>,<function <lambda> at 0x7fa496287b30>
18706,2022-02-18 09:00:00,<function <lambda> at 0x7fa4962879f0>,<function <lambda> at 0x7fa496287a90>,<function <lambda> at 0x7fa496287b30>
18707,2022-02-18 10:00:00,<function <lambda> at 0x7fa4962879f0>,<function <lambda> at 0x7fa496287a90>,<function <lambda> at 0x7fa496287b30>
18708,2022-02-18 11:00:00,<function <lambda> at 0x7fa4962879f0>,<function <lambda> at 0x7fa496287a90>,<function <lambda> at 0x7fa496287b30>
18709,2022-02-18 12:00:00,<function <lambda> at 0x7fa4962879f0>,<function <lambda> at 0x7fa496287a90>,<function <lambda> at 0x7fa496287b30>
18710,2022-02-18 13:00:00,<function <lambda> at 0x7fa4962879f0>,<function <lambda> at 0x7fa496287a90>,<function <lambda> at 0x7fa496287b30>
18711,2022-02-18 14:00:00,<function <lambda> at 0x7fa4962879f0>,<function <lambda> at 0x7fa496287a90>,<function <lambda> at 0x7fa496287b30>
18712,2022-02-18 15:00:00,<function <lambda> at 0x7fa4962879f0>,<function <lambda> at 0x7fa496287a90>,<function <lambda> at 0x7fa496287b30>
18713,2022-02-18 16:00:00,<function <lambda> at 0x7fa4962879f0>,<function <lambda> at 0x7fa496287a90>,<function <lambda> at 0x7fa496287b30>
18714,2022-02-18 17:00:00,<function <lambda> at 0x7fa4962879f0>,<function <lambda> at 0x7fa496287a90>,<function <lambda> at 0x7fa496287b30>
18715,2022-02-18 18:00:00,<function <lambda> at 0x7fa4962879f0>,<function <lambda> at 0x7fa496287a90>,<function <lambda> at 0x7fa496287b30>
18716,2022-02-18 19:00:00,<function <lambda> at 0x7fa4962879f0>,<function <lambda> at 0x7fa496287a90>,<function <lambda> at 0x7fa496287b30>
18717,2022-02-18 20:00:00,<function <lambda> at 0x7fa4962879f0>,<function <lambda> at 0x7fa496287a90>,<function <lambda> at 0x7fa496287b30>
18718,2022-02-18 21:00:00,<function <lambda> at 0x7fa4962879f0>,<function <lambda> at 0x7fa496287a90>,<function <lambda> at 0x7fa496287b30>
18719,2022-02-18 22:00:00,<function <lambda> at 0x7fa4962879f0>,<function <lambda> at 0x7fa496287a90>,<function <lambda> at 0x7fa496287b30>
18720,2022-02-18 23:00:00,<function <lambda> at 0x7fa4962879f0>,<function <lambda> at 0x7fa496287a90>,<function <lambda> at 0x7fa496287b30>
18721,2022-02-19 00:00:00,<function <lambda> at 0x7fa4962879f0>,<function <lambda> at 0x7fa496287a90>,<function <lambda> at 0x7fa496287b30>
18722,2022-02-19 01:00:00,<function <lambda> at 0x7fa4962879f0>,<function <lambda> at 0x7fa496287a90>,<function <lambda> at 0x7fa496287b30>
18723,2022-02-19 02:00:00,<function <lambda> at 0x7fa4962879f0>,<function <lambda> at 0x7fa496287a90>,<function <lambda> at 0x7fa496287b30>
18724,2022-02-19 03:00:00,<function <lambda> at 0x7fa4962879f0>,<function <lambda> at 0x7fa496287a90>,<function <lambda> at 0x7fa496287b30>
18725,2022-02-19 04:00:00,<function <lambda> at 0x7fa4962879f0>,<function <lambda> at 0x7fa496287a90>,<function <lambda> at 0x7fa496287b30>
18726,2022-02-19 05:00:00,<function <lambda> at 0x7fa4962879f0>,<function <lambda> at 0x7fa496287a90>,<function <lambda> at 0x7fa496287b30>
18727,2022-02-19 06:00:00,<function <lambda> at 0x7fa4962879f0>,<function <lambda> at 0x7fa496287a90>,<function <lambda> at 0x7fa496287b30>
18728,2022-02-19 07:00:00,<function <lambda> at 0x7fa4962879f0>,<function <lambda> at 0x7fa496287a90>,<function <lambda> at 0x7fa496287b30>
18729,2022-02-19 08:00:00,<function <lambda> at 0x7fa4962879f0>,<function <lambda> at 0x7fa496287a90>,<function <lambda> at 0x7fa496287b30>
18730,2022-02-19 09:00:00,<function <lambda> at 0x7fa4962879f0>,<function <lambda> at 0x7fa496287a90>,<function <lambda> at 0x7fa496287b30>
18731,2022-02-19 10:00:00,<function <lambda> at 0x7fa4962879f0>,<function <lambda> at 0x7fa496287a90>,<function <lambda> at 0x7fa496287b30>
18732,2022-02-19 11:00:00,<function <lambda> at 0x7fa4962879f0>,<function <lambda> at 0x7fa496287a90>,<function <lambda> at 0x7fa496287b30>
18733,2022-02-19 12:00:00,<function <lambda> at 0x7fa4962879f0>,<function <lambda> at 0x7fa496287a90>,<function <lambda> at 0x7fa496287b30>
18734,2022-02-19 13:00:00,<function <lambda> at 0x7fa4962879f0>,<function <lambda> at 0x7fa496287a90>,<function <lambda> at 0x7fa496287b30>
18735,2022-02-19 14:00:00,<function <lambda> at 0x7fa4962879f0>,<function <lambda> at 0x7fa496287a90>,<function <lambda> at 0x7fa496287b30>
18736,2022-02-19 15:00:00,<function <lambda> at 0x7fa4962879f0>,<function <lambda> at 0x7fa496287a90>,<function <lambda> at 0x7fa496287b30>
18737,2022-02-19 16:00:00,<function <lambda> at 0x7fa4962879f0>,<function <lambda> at 0x7fa496287a90>,<function <lambda> at 0x7fa496287b30>
18738,2022-02-19 17:00:00,<function <lambda> at 0x7fa4962879f0>,<function <lambda> at 0x7fa496287a90>,<function <lambda> at 0x7fa496287b30>
18739,2022-02-19 18:00:00,<function <lambda> at 0x7fa4962879f0>,<function <lambda> at 0x7fa496287a90>,<function <lambda> at 0x7fa496287b30>
18740,2022-02-19 19:00:00,<function <lambda> at 0x7fa4962879f0>,<function <lambda> at 0x7fa496287a90>,<function <lambda> at 0x7fa496287b30>
18741,2022-02-19 20:00:00,<function <lambda> at 0x7fa4962879f0>,<function <lambda> at 0x7fa496287a90>,<function <lambda> at 0x7fa496287b30>
18742,2022-02-19 21:00:00,<function <lambda> at 0x7fa4962879f0>,<function <lambda> at 0x7fa496287a90>,<function <lambda> at 0x7fa496287b30>
18743,2022-02-19 22:00:00,<function <lambda> at 0x7fa4962879f0>,<function <lambda> at 0x7fa496287a90>,<function <lambda> at 0x7fa496287b30>
18744,2022-02-19 23:00:00,<function <lambda> at 0x7fa4962879f0>,<function <lambda> at 0x7fa496287a90>,<function <lambda> at 0x7fa496287b30>
18745,2022-02-20 00:00:00,<function <lambda> at 0x7fa4962879f0>,<function <lambda> at 0x7fa496287a90>,<function <lambda> at 0x7fa496287b30>
18746,2022-02-20 01:00:00,<function <lambda> at 0x7fa4962879f0>,<function <lambda> at 0x7fa496287a90>,<function <lambda> at 0x7fa496287b30>
18747,2022-02-20 02:00:00,<function <lambda> at 0x7fa4962879f0>,<function <lambda> at 0x7fa496287a90>,<function <lambda> at 0x7fa496287b30>
18748,2022-02-20 03:00:00,<function <lambda> at 0x7fa4962879f0>,<function <lambda> at 0x7fa496287a90>,<function <lambda> at 0x7fa496287b30>
18749,2022-02-20 04:00:00,<function <lambda> at 0x7fa4962879f0>,<function <lambda> at 0x7fa496287a90>,<function <lambda> at 0x7fa496287b30>
18750,2022-02-20 05:00:00,<function <lambda> at 0x7fa4962879f0>,<function <lambda> at 0x7fa496287a90>,<function <lambda> at 0x7fa496287b30>
18751,2022-02-20 06:00:00,<function <lambda> at 0x7fa4962879f0>,<function <lambda> at 0x7fa496287a90>,<function <lambda> at 0x7fa496287b30>
18752,2022-02-20 07:00:00,<function <lambda> at 0x7fa4962879f0>,<function <lambda> at 0x7fa496287a90>,<function <lambda> at 0x7fa496287b30>
18753,2022-02-20 08:00:00,<function <lambda> at 0x7fa4962879f0>,<function <lambda> at 0x7fa496287a90>,<function <lambda> at 0x7fa496287b30>
18754,2022-02-20 09:00:00,<function <lambda> at 0x7fa4962879f0>,<function <lambda> at 0x7fa496287a90>,<function <lambda> at 0x7fa496287b30>
18755,2022-02-20 10:00:00,<function <lambda> at 0x7fa4962879f0>,<function <lambda> at 0x7fa496287a90>,<function <lambda> at 0x7fa496287b30>
18756,2022-02-20 11:00:00,<function <lambda> at 0x7fa4962879f0>,<function <lambda> at 0x7fa496287a90>,<function <lambda> at 0x7fa496287b30>
18757,2022-02-20 12:00:00,<function <lambda> at 0x7fa4962879f0>,<function <lambda> at 0x7fa496287a90>,<function <lambda> at 0x7fa496287b30>
18758,2022-02-20 13:00:00,<function <lambda> at 0x7fa4962879f0>,<function <lambda> at 0x7fa496287a90>,<function <lambda> at 0x7fa496287b30>
18759,2022-02-20 14:00:00,<function <lambda> at 0x7fa4962879f0>,<function <lambda> at 0x7fa496287a90>,<function <lambda> at 0x7fa496287b30>
18760,2022-02-20 15:00:00,<function <lambda> at 0x7fa4962879f0>,<function <lambda> at 0x7fa496287a90>,<function <lambda> at 0x7fa496287b30>
18761,2022-02-20 16:00:00,<function <lambda> at 0x7fa4962879f0>,<function <lambda> at 0x7fa496287a90>,<function <lambda> at 0x7fa496287b30>
18762,2022-02-20 17:00:00,<function <lambda> at 0x7fa4962879f0>,<function <lambda> at 0x7fa496287a90>,<function <lambda> at 0x7fa496287b30>
18763,2022-02-20 18:00:00,<function <lambda> at 0x7fa4962879f0>,<function <lambda> at 0x7fa496287a90>,<function <lambda> at 0x7fa496287b30>
18764,2022-02-20 19:00:00,<function <lambda> at 0x7fa4962879f0>,<function <lambda> at 0x7fa496287a90>,<function <lambda> at 0x7fa496287b30>
18765,2022-02-20 20:00:00,<function <lambda> at 0x7fa4962879f0>,<function <lambda> at 0x7fa496287a90>,<function <lambda> at 0x7fa496287b30>
18766,2022-02-20 21:00:00,<function <lambda> at 0x7fa4962879f0>,<function <lambda> at 0x7fa496287a90>,<function <lambda> at 0x7fa496287b30>
18767,2022-02-20 22:00:00,<function <lambda> at 0x7fa4962879f0>,<function <lambda> at 0x7fa496287a90>,<function <lambda> at 0x7fa496287b30>
18768,2022-02-20 23:00:00,<function <lambda> at 0x7fa4962879f0>,<function <lambda> at 0x7fa496287a90>,<function <lambda> at 0x7fa496287b30>
18769,2022-02-21 00:00:00,<function <lambda> at 0x7fa4962879f0>,<function <lambda> at 0x7fa496287a90>,<function <lambda> at 0x7fa496287b30>
18770,2022-02-21 01:00:00,<function <lambda> at 0x7fa4962879f0>,<function <lambda> at 0x7fa496287a90>,<function <lambda> at 0x7fa496287b30>
18771,2022-02-21 02:00:00,<function <lambda> at 0x7fa4962879f0>,<function <lambda> at 0x7fa496287a90>,<function <lambda> at 0x7fa496287b30>
18772,2022-02-21 03:00:00,<function <lambda> at 0x7fa4962879f0>,<function <lambda> at 0x7fa496287a90>,<function <lambda> at 0x7fa496287b30>
18773,2022-02-21 04:00:00,<function <lambda> at 0x7fa4962879f0>,<function <lambda> at 0x7fa496287a90>,<function <lambda> at 0x7fa496287b30>
18774,2022-02-21 05:00:00,<function <lambda> at 0x7fa4962879f0>,<function <lambda> at 0x7fa496287a90>,<function <lambda> at 0x7fa496287b30>
18775,2022-02-21 06:00:00,<function <lambda> at 0x7fa4962879f0>,<function <lambda> at 0x7fa496287a90>,<function <lambda> at 0x7fa496287b30>
18776,2022-02-21 07:00:00,<function <lambda> at 0x7fa4962879f0>,<function <lambda> at 0x7fa496287a90>,<function <lambda> at 0x7fa496287b30>
18777,2022-02-21 08:00:00,<function <lambda> at 0x7fa4962879f0>,<function <lambda> at 0x7fa496287a90>,<function <lambda> at 0x7fa496287b30>
18778,2022-02-21 09:00:00,<function <lambda> at 0x7fa4962879f0>,<function <lambda> at 0x7fa496287a90>,<function <lambda> at 0x7fa496287b30>
18779,2022-02-21 10:00:00,<function <lambda> at 0x7fa4962879f0>,<function <lambda> at 0x7fa496287a90>,<function <lambda> at 0x7fa496287b30>
18780,2022-02-21 11:00:00,<function <lambda> at 0x7fa4962879f0>,<function <lambda> at 0x7fa496287a90>,<function <lambda> at 0x7fa496287b30>
18781,2022-02-21 12:00:00,<function <lambda> at 0x7fa4962879f0>,<function <lambda> at 0x7fa496287a90>,<function <lambda> at 0x7fa496287b30>
18782,2022-02-21 13:00:00,<function <lambda> at 0x7fa4962879f0>,<function <lambda> at 0x7fa496287a90>,<function <lambda> at 0x7fa496287b30>
18783,2022-02-21 14:00:00,<function <lambda> at 0x7fa4962879f0>,<function <lambda> at 0x7fa496287a90>,<function <lambda> at 0x7fa496287b30>
18784,2022-02-21 15:00:00,<function <lambda> at 0x7fa4962879f0>,<function <lambda> at 0x7fa496287a90>,<function <lambda> at 0x7fa496287b30>
18785,2022-02-21 16:00:00,<function <lambda> at 0x7fa4962879f0>,<function <lambda> at 0x7fa496287a90>,<function <lambda> at 0x7fa496287b30>
18786,2022-02-21 17:00:00,<function <lambda> at 0x7fa4962879f0>,<function <lambda> at 0x7fa496287a90>,<function <lambda> at 0x7fa496287b30>
18787,2022-02-21 18:00:00,<function <lambda> at 0x7fa4962879f0>,<function <lambda> at 0x7fa496287a90>,<function <lambda> at 0x7fa496287b30>
18788,2022-02-21 19:00:00,<function <lambda> at 0x7fa4962879f0>,<function <lambda> at 0x7fa496287a90>,<function <lambda> at 0x7fa496287b30>
18789,2022-02-21 20:00:00,<function <lambda> at 0x7fa4962879f0>,<function <lambda> at 0x7fa496287a90>,<function <lambda> at 0x7fa496287b30>
18790,2022-02-21 21:00:00,<function <lambda> at 0x7fa4962879f0>,<function <lambda> at 0x7fa496287a90>,<function <lambda> at 0x7fa496287b30>
18791,2022-02-21 22:00:00,<function <lambda> at 0x7fa4962879f0>,<function <lambda> at 0x7fa496287a90>,<function <lambda> at 0x7fa496287b30>
18792,2022-02-21 23:00:00,<function <lambda> at 0x7fa4962879f0>,<function <lambda> at 0x7fa496287a90>,<function <lambda> at 0x7fa496287b30>
18793,2022-02-22 00:00:00,<function <lambda> at 0x7fa4962879f0>,<function <lambda> at 0x7fa496287a90>,<function <lambda> at 0x7fa496287b30>
18794,2022-02-22 01:00:00,<function <lambda> at 0x7fa4962879f0>,<function <lambda> at 0x7fa496287a90>,<function <lambda> at 0x7fa496287b30>
18795,2022-02-22 02:00:00,<function <lambda> at 0x7fa4962879f0>,<function <lambda> at 0x7fa496287a90>,<function <lambda> at 0x7fa496287b30>
18796,2022-02-22 03:00:00,<function <lambda> at 0x7fa4962879f0>,<function <lambda> at 0x7fa496287a90>,<function <lambda> at 0x7fa496287b30>
18797,2022-02-22 04:00:00,<function <lambda> at 0x7fa4962879f0>,<function <lambda> at 0x7fa496287a90>,<function <lambda> at 0x7fa496287b30>
18798,2022-02-22 05:00:00,<function <lambda> at 0x7fa4962879f0>,<function <lambda> at 0x7fa496287a90>,<function <lambda> at 0x7fa496287b30>
18799,2022-02-22 06:00:00,<function <lambda> at 0x7fa4962879f0>,<function <lambda> at 0x7fa496287a90>,<function <lambda> at 0x7fa496287b30>
18800,2022-02-22 07:00:00,<function <lambda> at 0x7fa4962879f0>,<function <lambda> at 0x7fa496287a90>,<function <lambda> at 0x7fa496287b30>
18801,2022-02-22 08:00:00,<function <lambda> at 0x7fa4962879f0>,<function <lambda> at 0x7fa496287a90>,<function <lambda> at 0x7fa496287b30>
18802,2022-02-22 09:00:00,<function <lambda> at 0x7fa4962879f0>,<function <lambda> at 0x7fa496287a90>,<function <lambda> at 0x7fa496287b30>
18803,2022-02-22 10:00:00,<function <lambda> at 0x7fa4962879f0>,<function <lambda> at 0x7fa496287a90>,<function <lambda> at 0x7fa496287b30>
18804,2022-02-22 11:00:00,<function <lambda> at 0x7fa4962879f0>,<function <lambda> at 0x7fa496287a90>,<function <lambda> at 0x7fa496287b30>
18805,2022-02-22 12:00:00,<function <lambda> at 0x7fa4962879f0>,<function <lambda> at 0x7fa496287a90>,<function <lambda> at 0x7fa496287b30>
18806,2022-02-22 13:00:00,<function <lambda> at 0x7fa4962879f0>,<function <lambda> at 0x7fa496287a90>,<function <lambda> at 0x7fa496287b30>
18807,2022-02-22 14:00:00,<function <lambda> at 0x7fa4962879f0>,<function <lambda> at 0x7fa496287a90>,<function <lambda> at 0x7fa496287b30>
18808,2022-02-22 15:00:00,<function <lambda> at 0x7fa4962879f0>,<function <lambda> at 0x7fa496287a90>,<function <lambda> at 0x7fa496287b30>
18809,2022-02-22 16:00:00,<function <lambda> at 0x7fa4962879f0>,<function <lambda> at 0x7fa496287a90>,<function <lambda> at 0x7fa496287b30>
18810,2022-02-22 17:00:00,<function <lambda> at 0x7fa4962879f0>,<function <lambda> at 0x7fa496287a90>,<function <lambda> at 0x7fa496287b30>
18811,2022-02-22 18:00:00,<function <lambda> at 0x7fa4962879f0>,<function <lambda> at 0x7fa496287a90>,<function <lambda> at 0x7fa496287b30>
18812,2022-02-22 19:00:00,<function <lambda> at 0x7fa4962879f0>,<function <lambda> at 0x7fa496287a90>,<function <lambda> at 0x7fa496287b30>
18813,2022-02-22 20:00:00,<function <lambda> at 0x7fa4962879f0>,<function <lambda> at 0x7fa496287a90>,<function <lambda> at 0x7fa496287b30>
18814,2022-02-22 21:00:00,<function <lambda> at 0x7fa4962879f0>,<function <lambda> at 0x7fa496287a90>,<function <lambda> at 0x7fa496287b30>
18815,2022-02-22 22:00:00,<function <lambda> at 0x7fa4962879f0>,<function <lambda> at 0x7fa496287a90>,<function <lambda> at 0x7fa496287b30>
18816,2022-02-22 23:00:00,<function <lambda> at 0x7fa4962879f0>,<function <lambda> at 0x7fa496287a90>,<function <lambda> at 0x7fa496287b30>
18817,2022-02-23 00:00:00,<function <lambda> at 0x7fa4962879f0>,<function <lambda> at 0x7fa496287a90>,<function <lambda> at 0x7fa496287b30>
18818,2022-02-23 01:00:00,<function <lambda> at 0x7fa4962879f0>,<function <lambda> at 0x7fa496287a90>,<function <lambda> at 0x7fa496287b30>
18819,2022-02-23 02:00:00,<function <lambda> at 0x7fa4962879f0>,<function <lambda> at 0x7fa496287a90>,<function <lambda> at 0x7fa496287b30>
18820,2022-02-23 03:00:00,<function <lambda> at 0x7fa4962879f0>,<function <lambda> at 0x7fa496287a90>,<function <lambda> at 0x7fa496287b30>
18821,2022-02-23 04:00:00,<function <lambda> at 0x7fa4962879f0>,<function <lambda> at 0x7fa496287a90>,<function <lambda> at 0x7fa496287b30>
18822,2022-02-23 05:00:00,<function <lambda> at 0x7fa4962879f0>,<function <lambda> at 0x7fa496287a90>,<function <lambda> at 0x7fa496287b30>
18823,2022-02-23 06:00:00,<function <lambda> at 0x7fa4962879f0>,<function <lambda> at 0x7fa496287a90>,<function <lambda> at 0x7fa496287b30>
18824,2022-02-23 07:00:00,<function <lambda> at 0x7fa4962879f0>,<function <lambda> at 0x7fa496287a90>,<function <lambda> at 0x7fa496287b30>
18825,2022-02-23 08:00:00,<function <lambda> at 0x7fa4962879f0>,<function <lambda> at 0x7fa496287a90>,<function <lambda> at 0x7fa496287b30>
18826,2022-02-23 09:00:00,<function <lambda> at 0x7fa4962879f0>,<function <lambda> at 0x7fa496287a90>,<function <lambda> at 0x7fa496287b30>
18827,2022-02-23 10:00:00,<function <lambda> at 0x7fa4962879f0>,<function <lambda> at 0x7fa496287a90>,<function <lambda> at 0x7fa496287b30>
18828,2022-02-23 11:00:00,<function <lambda> at 0x7fa4962879f0>,<function <lambda> at 0x7fa496287a90>,<function <lambda> at 0x7fa496287b30>
18829,2022-02-23 12:00:00,<function <lambda> at 0x7fa4962879f0>,<function <lambda> at 0x7fa496287a90>,<function <lambda> at 0x7fa496287b30>
18830,2022-02-23 13:00:00,<function <lambda> at 0x7fa4962879f0>,<function <lambda> at 0x7fa496287a90>,<function <lambda> at 0x7fa496287b30>
18831,2022-02-23 14:00:00,<function <lambda> at 0x7fa4962879f0>,<function <lambda> at 0x7fa496287a90>,<function <lambda> at 0x7fa496287b30>
18832,2022-02-23 15:00:00,<function <lambda> at 0x7fa4962879f0>,<function <lambda> at 0x7fa496287a90>,<function <lambda> at 0x7fa496287b30>
18833,2022-02-23 16:00:00,<function <lambda> at 0x7fa4962879f0>,<function <lambda> at 0x7fa496287a90>,<function <lambda> at 0x7fa496287b30>
18834,2022-02-23 17:00:00,<function <lambda> at 0x7fa4962879f0>,<function <lambda> at 0x7fa496287a90>,<function <lambda> at 0x7fa496287b30>
18835,2022-02-23 18:00:00,<function <lambda> at 0x7fa4962879f0>,<function <lambda> at 0x7fa496287a90>,<function <lambda> at 0x7fa496287b30>
18836,2022-02-23 19:00:00,<function <lambda> at 0x7fa4962879f0>,<function <lambda> at 0x7fa496287a90>,<function <lambda> at 0x7fa496287b30>
18837,2022-02-23 20:00:00,<function <lambda> at 0x7fa4962879f0>,<function <lambda> at 0x7fa496287a90>,<function <lambda> at 0x7fa496287b30>
18838,2022-02-23 21:00:00,<function <lambda> at 0x7fa4962879f0>,<function <lambda> at 0x7fa496287a90>,<function <lambda> at 0x7fa496287b30>
18839,2022-02-23 22:00:00,<function <lambda> at 0x7fa4962879f0>,<function <lambda> at 0x7fa496287a90>,<function <lambda> at 0x7fa496287b30>
18840,2022-02-23 23:00:00,<function <lambda> at 0x7fa4962879f0>,<function <lambda> at 0x7fa496287a90>,<function <lambda> at 0x7fa496287b30>
18841,2022-02-24 00:00:00,<function <lambda> at 0x7fa4962879f0>,<function <lambda> at 0x7fa496287a90>,<function <lambda> at 0x7fa496287b30>
18842,2022-02-24 01:00:00,<function <lambda> at 0x7fa4962879f0>,<function <lambda> at 0x7fa496287a90>,<function <lambda> at 0x7fa496287b30>
18843,2022-02-24 02:00:00,<function <lambda> at 0x7fa4962879f0>,<function <lambda> at 0x7fa496287a90>,<function <lambda> at 0x7fa496287b30>
18844,2022-02-24 03:00:00,<function <lambda> at 0x7fa4962879f0>,<function <lambda> at 0x7fa496287a90>,<function <lambda> at 0x7fa496287b30>
18845,2022-02-24 04:00:00,<function <lambda> at 0x7fa4962879f0>,<function <lambda> at 0x7fa496287a90>,<function <lambda> at 0x7fa496287b30>
18846,2022-02-24 05:00:00,<function <lambda> at 0x7fa4962879f0>,<function <lambda> at 0x7fa496287a90>,<function <lambda> at 0x7fa496287b30>
18847,2022-02-24 06:00:00,<function <lambda> at 0x7fa4962879f0>,<function <lambda> at 0x7fa496287a90>,<function <lambda> at 0x7fa496287b30>
18848,2022-02-24 07:00:00,<function <lambda> at 0x7fa4962879f0>,<function <lambda> at 0x7fa496287a90>,<function <lambda> at 0x7fa496287b30>
18849,2022-02-24 08:00:00,<function <lambda> at 0x7fa4962879f0>,<function <lambda> at 0x7fa496287a90>,<function <lambda> at 0x7fa496287b30>
18850,2022-02-24 09:00:00,<function <lambda> at 0x7fa4962879f0>,<function <lambda> at 0x7fa496287a90>,<function <lambda> at 0x7fa496287b30>
18851,2022-02-24 10:00:00,<function <lambda> at 0x7fa4962879f0>,<function <lambda> at 0x7fa496287a90>,<function <lambda> at 0x7fa496287b30>
18852,2022-02-24 11:00:00,<function <lambda> at 0x7fa4962879f0>,<function <lambda> at 0x7fa496287a90>,<function <lambda> at 0x7fa496287b30>
18853,2022-02-24 12:00:00,<function <lambda> at 0x7fa4962879f0>,<function <lambda> at 0x7fa496287a90>,<function <lambda> at 0x7fa496287b30>
18854,2022-02-24 13:00:00,<function <lambda> at 0x7fa4962879f0>,<function <lambda> at 0x7fa496287a90>,<function <lambda> at 0x7fa496287b30>
18855,2022-02-24 14:00:00,<function <lambda> at 0x7fa4962879f0>,<function <lambda> at 0x7fa496287a90>,<function <lambda> at 0x7fa496287b30>
18856,2022-02-24 15:00:00,<function <lambda> at 0x7fa4962879f0>,<function <lambda> at 0x7fa496287a90>,<function <lambda> at 0x7fa496287b30>
18857,2022-02-24 16:00:00,<function <lambda> at 0x7fa4962879f0>,<function <lambda> at 0x7fa496287a90>,<function <lambda> at 0x7fa496287b30>
18858,2022-02-24 17:00:00,<function <lambda> at 0x7fa4962879f0>,<function <lambda> at 0x7fa496287a90>,<function <lambda> at 0x7fa496287b30>
18859,2022-02-24 18:00:00,<function <lambda> at 0x7fa4962879f0>,<function <lambda> at 0x7fa496287a90>,<function <lambda> at 0x7fa496287b30>
18860,2022-02-24 19:00:00,<function <lambda> at 0x7fa4962879f0>,<function <lambda> at 0x7fa496287a90>,<function <lambda> at 0x7fa496287b30>
18861,2022-02-24 20:00:00,<function <lambda> at 0x7fa4962879f0>,<function <lambda> at 0x7fa496287a90>,<function <lambda> at 0x7fa496287b30>
18862,2022-02-24 21:00:00,<function <lambda> at 0x7fa4962879f0>,<function <lambda> at 0x7fa496287a90>,<function <lambda> at 0x7fa496287b30>
18863,2022-02-24 22:00:00,<function <lambda> at 0x7fa4962879f0>,<function <lambda> at 0x7fa496287a90>,<function <lambda> at 0x7fa496287b30>
18864,2022-02-24 23:00:00,<function <lambda> at 0x7fa4962879f0>,<function <lambda> at 0x7fa496287a90>,<function <lambda> at 0x7fa496287b30>
18865,2022-02-25 00:00:00,<function <lambda> at 0x7fa4962879f0>,<function <lambda> at 0x7fa496287a90>,<function <lambda> at 0x7fa496287b30>
18866,2022-02-25 01:00:00,<function <lambda> at 0x7fa4962879f0>,<function <lambda> at 0x7fa496287a90>,<function <lambda> at 0x7fa496287b30>
18867,2022-02-25 02:00:00,<function <lambda> at 0x7fa4962879f0>,<function <lambda> at 0x7fa496287a90>,<function <lambda> at 0x7fa496287b30>
18868,2022-02-25 03:00:00,<function <lambda> at 0x7fa4962879f0>,<function <lambda> at 0x7fa496287a90>,<function <lambda> at 0x7fa496287b30>
18869,2022-02-25 04:00:00,<function <lambda> at 0x7fa4962879f0>,<function <lambda> at 0x7fa496287a90>,<function <lambda> at 0x7fa496287b30>
18870,2022-02-25 05:00:00,<function <lambda> at 0x7fa4962879f0>,<function <lambda> at 0x7fa496287a90>,<function <lambda> at 0x7fa496287b30>
18871,2022-02-25 06:00:00,<function <lambda> at 0x7fa4962879f0>,<function <lambda> at 0x7fa496287a90>,<function <lambda> at 0x7fa496287b30>
18872,2022-02-25 07:00:00,<function <lambda> at 0x7fa4962879f0>,<function <lambda> at 0x7fa496287a90>,<function <lambda> at 0x7fa496287b30>
18873,2022-02-25 08:00:00,<function <lambda> at 0x7fa4962879f0>,<function <lambda> at 0x7fa496287a90>,<function <lambda> at 0x7fa496287b30>
18874,2022-02-25 09:00:00,<function <lambda> at 0x7fa4962879f0>,<function <lambda> at 0x7fa496287a90>,<function <lambda> at 0x7fa496287b30>
18875,2022-02-25 10:00:00,<function <lambda> at 0x7fa4962879f0>,<function <lambda> at 0x7fa496287a90>,<function <lambda> at 0x7fa496287b30>
18876,2022-02-25 11:00:00,<function <lambda> at 0x7fa4962879f0>,<function <lambda> at 0x7fa496287a90>,<function <lambda> at 0x7fa496287b30>
18877,2022-02-25 12:00:00,<function <lambda> at 0x7fa4962879f0>,<function <lambda> at 0x7fa496287a90>,<function <lambda> at 0x7fa496287b30>
18878,2022-02-25 13:00:00,<function <lambda> at 0x7fa4962879f0>,<function <lambda> at 0x7fa496287a90>,<function <lambda> at 0x7fa496287b30>
18879,2022-02-25 14:00:00,<function <lambda> at 0x7fa4962879f0>,<function <lambda> at 0x7fa496287a90>,<function <lambda> at 0x7fa496287b30>
18880,2022-02-25 15:00:00,<function <lambda> at 0x7fa4962879f0>,<function <lambda> at 0x7fa496287a90>,<function <lambda> at 0x7fa496287b30>
18881,2022-02-25 16:00:00,<function <lambda> at 0x7fa4962879f0>,<function <lambda> at 0x7fa496287a90>,<function <lambda> at 0x7fa496287b30>
18882,2022-02-25 17:00:00,<function <lambda> at 0x7fa4962879f0>,<function <lambda> at 0x7fa496287a90>,<function <lambda> at 0x7fa496287b30>
18883,2022-02-25 18:00:00,<function <lambda> at 0x7fa4962879f0>,<function <lambda> at 0x7fa496287a90>,<function <lambda> at 0x7fa496287b30>
18884,2022-02-25 19:00:00,<function <lambda> at 0x7fa4962879f0>,<function <lambda> at 0x7fa496287a90>,<function <lambda> at 0x7fa496287b30>
18885,2022-02-25 20:00:00,<function <lambda> at 0x7fa4962879f0>,<function <lambda> at 0x7fa496287a90>,<function <lambda> at 0x7fa496287b30>
18886,2022-02-25 21:00:00,<function <lambda> at 0x7fa4962879f0>,<function <lambda> at 0x7fa496287a90>,<function <lambda> at 0x7fa496287b30>
18887,2022-02-25 22:00:00,<function <lambda> at 0x7fa4962879f0>,<function <lambda> at 0x7fa496287a90>,<function <lambda> at 0x7fa496287b30>
18888,2022-02-25 23:00:00,<function <lambda> at 0x7fa4962879f0>,<function <lambda> at 0x7fa496287a90>,<function <lambda> at 0x7fa496287b30>
18889,2022-02-26 00:00:00,<function <lambda> at 0x7fa4962879f0>,<function <lambda> at 0x7fa496287a90>,<function <lambda> at 0x7fa496287b30>
18890,2022-02-26 01:00:00,<function <lambda> at 0x7fa4962879f0>,<function <lambda> at 0x7fa496287a90>,<function <lambda> at 0x7fa496287b30>
18891,2022-02-26 02:00:00,<function <lambda> at 0x7fa4962879f0>,<function <lambda> at 0x7fa496287a90>,<function <lambda> at 0x7fa496287b30>
18892,2022-02-26 03:00:00,<function <lambda> at 0x7fa4962879f0>,<function <lambda> at 0x7fa496287a90>,<function <lambda> at 0x7fa496287b30>
18893,2022-02-26 04:00:00,<function <lambda> at 0x7fa4962879f0>,<function <lambda> at 0x7fa496287a90>,<function <lambda> at 0x7fa496287b30>
18894,2022-02-26 05:00:00,<function <lambda> at 0x7fa4962879f0>,<function <lambda> at 0x7fa496287a90>,<function <lambda> at 0x7fa496287b30>
18895,2022-02-26 06:00:00,<function <lambda> at 0x7fa4962879f0>,<function <lambda> at 0x7fa496287a90>,<function <lambda> at 0x7fa496287b30>
18896,2022-02-26 07:00:00,<function <lambda> at 0x7fa4962879f0>,<function <lambda> at 0x7fa496287a90>,<function <lambda> at 0x7fa496287b30>
18897,2022-02-26 08:00:00,<function <lambda> at 0x7fa4962879f0>,<function <lambda> at 0x7fa496287a90>,<function <lambda> at 0x7fa496287b30>
18898,2022-02-26 09:00:00,<function <lambda> at 0x7fa4962879f0>,<function <lambda> at 0x7fa496287a90>,<function <lambda> at 0x7fa496287b30>
18899,2022-02-26 10:00:00,<function <lambda> at 0x7fa4962879f0>,<function <lambda> at 0x7fa496287a90>,<function <lambda> at 0x7fa496287b30>
18900,2022-02-26 11:00:00,<function <lambda> at 0x7fa4962879f0>,<function <lambda> at 0x7fa496287a90>,<function <lambda> at 0x7fa496287b30>
18901,2022-02-26 12:00:00,<function <lambda> at 0x7fa4962879f0>,<function <lambda> at 0x7fa496287a90>,<function <lambda> at 0x7fa496287b30>
18902,2022-02-26 13:00:00,<function <lambda> at 0x7fa4962879f0>,<function <lambda> at 0x7fa496287a90>,<function <lambda> at 0x7fa496287b30>
18903,2022-02-26 14:00:00,<function <lambda> at 0x7fa4962879f0>,<function <lambda> at 0x7fa496287a90>,<function <lambda> at 0x7fa496287b30>
18904,2022-02-26 15:00:00,<function <lambda> at 0x7fa4962879f0>,<function <lambda> at 0x7fa496287a90>,<function <lambda> at 0x7fa496287b30>
18905,2022-02-26 16:00:00,<function <lambda> at 0x7fa4962879f0>,<function <lambda> at 0x7fa496287a90>,<function <lambda> at 0x7fa496287b30>
18906,2022-02-26 17:00:00,<function <lambda> at 0x7fa4962879f0>,<function <lambda> at 0x7fa496287a90>,<function <lambda> at 0x7fa496287b30>
18907,2022-02-26 18:00:00,<function <lambda> at 0x7fa4962879f0>,<function <lambda> at 0x7fa496287a90>,<function <lambda> at 0x7fa496287b30>
18908,2022-02-26 19:00:00,<function <lambda> at 0x7fa4962879f0>,<function <lambda> at 0x7fa496287a90>,<function <lambda> at 0x7fa496287b30>
18909,2022-02-26 20:00:00,<function <lambda> at 0x7fa4962879f0>,<function <lambda> at 0x7fa496287a90>,<function <lambda> at 0x7fa496287b30>
18910,2022-02-26 21:00:00,<function <lambda> at 0x7fa4962879f0>,<function <lambda> at 0x7fa496287a90>,<function <lambda> at 0x7fa496287b30>
18911,2022-02-26 22:00:00,<function <lambda> at 0x7fa4962879f0>,<function <lambda> at 0x7fa496287a90>,<function <lambda> at 0x7fa496287b30>
18912,2022-02-26 23:00:00,<function <lambda> at 0x7fa4962879f0>,<function <lambda> at 0x7fa496287a90>,<function <lambda> at 0x7fa496287b30>
18913,2022-02-27 00:00:00,<function <lambda> at 0x7fa4962879f0>,<function <lambda> at 0x7fa496287a90>,<function <lambda> at 0x7fa496287b30>
18914,2022-02-27 01:00:00,<function <lambda> at 0x7fa4962879f0>,<function <lambda> at 0x7fa496287a90>,<function <lambda> at 0x7fa496287b30>
18915,2022-02-27 02:00:00,<function <lambda> at 0x7fa4962879f0>,<function <lambda> at 0x7fa496287a90>,<function <lambda> at 0x7fa496287b30>
18916,2022-02-27 03:00:00,<function <lambda> at 0x7fa4962879f0>,<function <lambda> at 0x7fa496287a90>,<function <lambda> at 0x7fa496287b30>
18917,2022-02-27 04:00:00,<function <lambda> at 0x7fa4962879f0>,<function <lambda> at 0x7fa496287a90>,<function <lambda> at 0x7fa496287b30>
18918,2022-02-27 05:00:00,<function <lambda> at 0x7fa4962879f0>,<function <lambda> at 0x7fa496287a90>,<function <lambda> at 0x7fa496287b30>
18919,2022-02-27 06:00:00,<function <lambda> at 0x7fa4962879f0>,<function <lambda> at 0x7fa496287a90>,<function <lambda> at 0x7fa496287b30>
18920,2022-02-27 07:00:00,<function <lambda> at 0x7fa4962879f0>,<function <lambda> at 0x7fa496287a90>,<function <lambda> at 0x7fa496287b30>
18921,2022-02-27 08:00:00,<function <lambda> at 0x7fa4962879f0>,<function <lambda> at 0x7fa496287a90>,<function <lambda> at 0x7fa496287b30>
18922,2022-02-27 09:00:00,<function <lambda> at 0x7fa4962879f0>,<function <lambda> at 0x7fa496287a90>,<function <lambda> at 0x7fa496287b30>
18923,2022-02-27 10:00:00,<function <lambda> at 0x7fa4962879f0>,<function <lambda> at 0x7fa496287a90>,<function <lambda> at 0x7fa496287b30>
18924,2022-02-27 11:00:00,<function <lambda> at 0x7fa4962879f0>,<function <lambda> at 0x7fa496287a90>,<function <lambda> at 0x7fa496287b30>
18925,2022-02-27 12:00:00,<function <lambda> at 0x7fa4962879f0>,<function <lambda> at 0x7fa496287a90>,<function <lambda> at 0x7fa496287b30>
18926,2022-02-27 13:00:00,<function <lambda> at 0x7fa4962879f0>,<function <lambda> at 0x7fa496287a90>,<function <lambda> at 0x7fa496287b30>
18927,2022-02-27 14:00:00,<function <lambda> at 0x7fa4962879f0>,<function <lambda> at 0x7fa496287a90>,<function <lambda> at 0x7fa496287b30>
18928,2022-02-27 15:00:00,<function <lambda> at 0x7fa4962879f0>,<function <lambda> at 0x7fa496287a90>,<function <lambda> at 0x7fa496287b30>
18929,2022-02-27 16:00:00,<function <lambda> at 0x7fa4962879f0>,<function <lambda> at 0x7fa496287a90>,<function <lambda> at 0x7fa496287b30>
18930,2022-02-27 17:00:00,<function <lambda> at 0x7fa4962879f0>,<function <lambda> at 0x7fa496287a90>,<function <lambda> at 0x7fa496287b30>
18931,2022-02-27 18:00:00,<function <lambda> at 0x7fa4962879f0>,<function <lambda> at 0x7fa496287a90>,<function <lambda> at 0x7fa496287b30>
18932,2022-02-27 19:00:00,<function <lambda> at 0x7fa4962879f0>,<function <lambda> at 0x7fa496287a90>,<function <lambda> at 0x7fa496287b30>
18933,2022-02-27 20:00:00,<function <lambda> at 0x7fa4962879f0>,<function <lambda> at 0x7fa496287a90>,<function <lambda> at 0x7fa496287b30>
18934,2022-02-27 21:00:00,<function <lambda> at 0x7fa4962879f0>,<function <lambda> at 0x7fa496287a90>,<function <lambda> at 0x7fa496287b30>
18935,2022-02-27 22:00:00,<function <lambda> at 0x7fa4962879f0>,<function <lambda> at 0x7fa496287a90>,<function <lambda> at 0x7fa496287b30>
18936,2022-02-27 23:00:00,<function <lambda> at 0x7fa4962879f0>,<function <lambda> at 0x7fa496287a90>,<function <lambda> at 0x7fa496287b30>
18937,2022-02-28 00:00:00,<function <lambda> at 0x7fa4962879f0>,<function <lambda> at 0x7fa496287a90>,<function <lambda> at 0x7fa496287b30>
18938,2022-02-28 01:00:00,<function <lambda> at 0x7fa4962879f0>,<function <lambda> at 0x7fa496287a90>,<function <lambda> at 0x7fa496287b30>
18939,2022-02-28 02:00:00,<function <lambda> at 0x7fa4962879f0>,<function <lambda> at 0x7fa496287a90>,<function <lambda> at 0x7fa496287b30>
18940,2022-02-28 03:00:00,<function <lambda> at 0x7fa4962879f0>,<function <lambda> at 0x7fa496287a90>,<function <lambda> at 0x7fa496287b30>
18941,2022-02-28 04:00:00,<function <lambda> at 0x7fa4962879f0>,<function <lambda> at 0x7fa496287a90>,<function <lambda> at 0x7fa496287b30>
18942,2022-02-28 05:00:00,<function <lambda> at 0x7fa4962879f0>,<function <lambda> at 0x7fa496287a90>,<function <lambda> at 0x7fa496287b30>
18943,2022-02-28 06:00:00,<function <lambda> at 0x7fa4962879f0>,<function <lambda> at 0x7fa496287a90>,<function <lambda> at 0x7fa496287b30>
18944,2022-02-28 07:00:00,<function <lambda> at 0x7fa4962879f0>,<function <lambda> at 0x7fa496287a90>,<function <lambda> at 0x7fa496287b30>
18945,2022-02-28 08:00:00,<function <lambda> at 0x7fa4962879f0>,<function <lambda> at 0x7fa496287a90>,<function <lambda> at 0x7fa496287b30>
18946,2022-02-28 09:00:00,<function <lambda> at 0x7fa4962879f0>,<function <lambda> at 0x7fa496287a90>,<function <lambda> at 0x7fa496287b30>
18947,2022-02-28 10:00:00,<function <lambda> at 0x7fa4962879f0>,<function <lambda> at 0x7fa496287a90>,<function <lambda> at 0x7fa496287b30>
18948,2022-02-28 11:00:00,<function <lambda> at 0x7fa4962879f0>,<function <lambda> at 0x7fa496287a90>,<function <lambda> at 0x7fa496287b30>
18949,2022-02-28 12:00:00,<function <lambda> at 0x7fa4962879f0>,<function <lambda> at 0x7fa496287a90>,<function <lambda> at 0x7fa496287b30>
18950,2022-02-28 13:00:00,<function <lambda> at 0x7fa4962879f0>,<function <lambda> at 0x7fa496287a90>,<function <lambda> at 0x7fa496287b30>
18951,2022-02-28 14:00:00,<function <lambda> at 0x7fa4962879f0>,<function <lambda> at 0x7fa496287a90>,<function <lambda> at 0x7fa496287b30>
18952,2022-02-28 15:00:00,<function <lambda> at 0x7fa4962879f0>,<function <lambda> at 0x7fa496287a90>,<function <lambda> at 0x7fa496287b30>
18953,2022-02-28 16:00:00,<function <lambda> at 0x7fa4962879f0>,<function <lambda> at 0x7fa496287a90>,<function <lambda> at 0x7fa496287b30>
18954,2022-02-28 17:00:00,<function <lambda> at 0x7fa4962879f0>,<function <lambda> at 0x7fa496287a90>,<function <lambda> at 0x7fa496287b30>
18955,2022-02-28 18:00:00,<function <lambda> at 0x7fa4962879f0>,<function <lambda> at 0x7fa496287a90>,<function <lambda> at 0x7fa496287b30>
18956,2022-02-28 19:00:00,<function <lambda> at 0x7fa4962879f0>,<function <lambda> at 0x7fa496287a90>,<function <lambda> at 0x7fa496287b30>
18957,2022-02-28 20:00:00,<function <lambda> at 0x7fa4962879f0>,<function <lambda> at 0x7fa496287a90>,<function <lambda> at 0x7fa496287b30>
18958,2022-02-28 21:00:00,<function <lambda> at 0x7fa4962879f0>,<function <lambda> at 0x7fa496287a90>,<function <lambda> at 0x7fa496287b30>
18959,2022-02-28 22:00:00,<function <lambda> at 0x7fa4962879f0>,<function <lambda> at 0x7fa496287a90>,<function <lambda> at 0x7fa496287b30>
18960,2022-02-28 23:00:00,<function <lambda> at 0x7fa4962879f0>,<function <lambda> at 0x7fa496287a90>,<function <lambda> at 0x7fa496287b30>
18961,2022-03-01 00:00:00,<function <lambda> at 0x7fa4962879f0>,<function <lambda> at 0x7fa496287a90>,<function <lambda> at 0x7fa496287b30>
18962,2022-03-01 01:00:00,<function <lambda> at 0x7fa4962879f0>,<function <lambda> at 0x7fa496287a90>,<function <lambda> at 0x7fa496287b30>
18963,2022-03-01 02:00:00,<function <lambda> at 0x7fa4962879f0>,<function <lambda> at 0x7fa496287a90>,<function <lambda> at 0x7fa496287b30>
18964,2022-03-01 03:00:00,<function <lambda> at 0x7fa4962879f0>,<function <lambda> at 0x7fa496287a90>,<function <lambda> at 0x7fa496287b30>
18965,2022-03-01 04:00:00,<function <lambda> at 0x7fa4962879f0>,<function <lambda> at 0x7fa496287a90>,<function <lambda> at 0x7fa496287b30>
18966,2022-03-01 05:00:00,<function <lambda> at 0x7fa4962879f0>,<function <lambda> at 0x7fa496287a90>,<function <lambda> at 0x7fa496287b30>
18967,2022-03-01 06:00:00,<function <lambda> at 0x7fa4962879f0>,<function <lambda> at 0x7fa496287a90>,<function <lambda> at 0x7fa496287b30>
18968,2022-03-01 07:00:00,<function <lambda> at 0x7fa4962879f0>,<function <lambda> at 0x7fa496287a90>,<function <lambda> at 0x7fa496287b30>
18969,2022-03-01 08:00:00,<function <lambda> at 0x7fa4962879f0>,<function <lambda> at 0x7fa496287a90>,<function <lambda> at 0x7fa496287b30>
18970,2022-03-01 09:00:00,<function <lambda> at 0x7fa4962879f0>,<function <lambda> at 0x7fa496287a90>,<function <lambda> at 0x7fa496287b30>
18971,2022-03-01 10:00:00,<function <lambda> at 0x7fa4962879f0>,<function <lambda> at 0x7fa496287a90>,<function <lambda> at 0x7fa496287b30>
18972,2022-03-01 11:00:00,<function <lambda> at 0x7fa4962879f0>,<function <lambda> at 0x7fa496287a90>,<function <lambda> at 0x7fa496287b30>
18973,2022-03-01 12:00:00,<function <lambda> at 0x7fa4962879f0>,<function <lambda> at 0x7fa496287a90>,<function <lambda> at 0x7fa496287b30>
18974,2022-03-01 13:00:00,<function <lambda> at 0x7fa4962879f0>,<function <lambda> at 0x7fa496287a90>,<function <lambda> at 0x7fa496287b30>
18975,2022-03-01 14:00:00,<function <lambda> at 0x7fa4962879f0>,<function <lambda> at 0x7fa496287a90>,<function <lambda> at 0x7fa496287b30>
18976,2022-03-01 15:00:00,<function <lambda> at 0x7fa4962879f0>,<function <lambda> at 0x7fa496287a90>,<function <lambda> at 0x7fa496287b30>
18977,2022-03-01 16:00:00,<function <lambda> at 0x7fa4962879f0>,<function <lambda> at 0x7fa496287a90>,<function <lambda> at 0x7fa496287b30>
18978,2022-03-01 17:00:00,<function <lambda> at 0x7fa4962879f0>,<function <lambda> at 0x7fa496287a90>,<function <lambda> at 0x7fa496287b30>
18979,2022-03-01 18:00:00,<function <lambda> at 0x7fa4962879f0>,<function <lambda> at 0x7fa496287a90>,<function <lambda> at 0x7fa496287b30>
18980,2022-03-01 19:00:00,<function <lambda> at 0x7fa4962879f0>,<function <lambda> at 0x7fa496287a90>,<function <lambda> at 0x7fa496287b30>
18981,2022-03-01 20:00:00,<function <lambda> at 0x7fa4962879f0>,<function <lambda> at 0x7fa496287a90>,<function <lambda> at 0x7fa496287b30>
18982,2022-03-01 21:00:00,<function <lambda> at 0x7fa4962879f0>,<function <lambda> at 0x7fa496287a90>,<function <lambda> at 0x7fa496287b30>
18983,2022-03-01 22:00:00,<function <lambda> at 0x7fa4962879f0>,<function <lambda> at 0x7fa496287a90>,<function <lambda> at 0x7fa496287b30>
18984,2022-03-01 23:00:00,<function <lambda> at 0x7fa4962879f0>,<function <lambda> at 0x7fa496287a90>,<function <lambda> at 0x7fa496287b30>
18985,2022-03-02 00:00:00,<function <lambda> at 0x7fa4962879f0>,<function <lambda> at 0x7fa496287a90>,<function <lambda> at 0x7fa496287b30>
18986,2022-03-02 01:00:00,<function <lambda> at 0x7fa4962879f0>,<function <lambda> at 0x7fa496287a90>,<function <lambda> at 0x7fa496287b30>
18987,2022-03-02 02:00:00,<function <lambda> at 0x7fa4962879f0>,<function <lambda> at 0x7fa496287a90>,<function <lambda> at 0x7fa496287b30>
18988,2022-03-02 03:00:00,<function <lambda> at 0x7fa4962879f0>,<function <lambda> at 0x7fa496287a90>,<function <lambda> at 0x7fa496287b30>
18989,2022-03-02 04:00:00,<function <lambda> at 0x7fa4962879f0>,<function <lambda> at 0x7fa496287a90>,<function <lambda> at 0x7fa496287b30>
18990,2022-03-02 05:00:00,<function <lambda> at 0x7fa4962879f0>,<function <lambda> at 0x7fa496287a90>,<function <lambda> at 0x7fa496287b30>
18991,2022-03-02 06:00:00,<function <lambda> at 0x7fa4962879f0>,<function <lambda> at 0x7fa496287a90>,<function <lambda> at 0x7fa496287b30>
18992,2022-03-02 07:00:00,<function <lambda> at 0x7fa4962879f0>,<function <lambda> at 0x7fa496287a90>,<function <lambda> at 0x7fa496287b30>
18993,2022-03-02 08:00:00,<function <lambda> at 0x7fa4962879f0>,<function <lambda> at 0x7fa496287a90>,<function <lambda> at 0x7fa496287b30>
18994,2022-03-02 09:00:00,<function <lambda> at 0x7fa4962879f0>,<function <lambda> at 0x7fa496287a90>,<function <lambda> at 0x7fa496287b30>
18995,2022-03-02 10:00:00,<function <lambda> at 0x7fa4962879f0>,<function <lambda> at 0x7fa496287a90>,<function <lambda> at 0x7fa496287b30>
18996,2022-03-02 11:00:00,<function <lambda> at 0x7fa4962879f0>,<function <lambda> at 0x7fa496287a90>,<function <lambda> at 0x7fa496287b30>
18997,2022-03-02 12:00:00,<function <lambda> at 0x7fa4962879f0>,<function <lambda> at 0x7fa496287a90>,<function <lambda> at 0x7fa496287b30>
18998,2022-03-02 13:00:00,<function <lambda> at 0x7fa4962879f0>,<function <lambda> at 0x7fa496287a90>,<function <lambda> at 0x7fa496287b30>
18999,2022-03-02 14:00:00,<function <lambda> at 0x7fa4962879f0>,<function <lambda> at 0x7fa496287a90>,<function <lambda> at 0x7fa496287b30>
19000,2022-03-02 15:00:00,<function <lambda> at 0x7fa4962879f0>,<function <lambda> at 0x7fa496287a90>,<function <lambda> at 0x7fa496287b30>
19001,2022-03-02 16:00:00,<function <lambda> at 0x7fa4962879f0>,<function <lambda> at 0x7fa496287a90>,<function <lambda> at 0x7fa496287b30>
19002,2022-03-02 17:00:00,<function <lambda> at 0x7fa4962879f0>,<function <lambda> at 0x7fa496287a90>,<function <lambda> at 0x7fa496287b30>
19003,2022-03-02 18:00:00,<function <lambda> at 0x7fa4962879f0>,<function <lambda> at 0x7fa496287a90>,<function <lambda> at 0x7fa496287b30>
19004,2022-03-02 19:00:00,<function <lambda> at 0x7fa4962879f0>,<function <lambda> at 0x7fa496287a90>,<function <lambda> at 0x7fa496287b30>
19005,2022-03-02 20:00:00,<function <lambda> at 0x7fa4962879f0>,<function <lambda> at 0x7fa496287a90>,<function <lambda> at 0x7fa496287b30>
19006,2022-03-02 21:00:00,<function <lambda> at 0x7fa4962879f0>,<function <lambda> at 0x7fa496287a90>,<function <lambda> at 0x7fa496287b30>
19007,2022-03-02 22:00:00,<function <lambda> at 0x7fa4962879f0>,<function <lambda> at 0x7fa496287a90>,<function <lambda> at 0x7fa496287b30>
19008,2022-03-02 23:00:00,<function <lambda> at 0x7fa4962879f0>,<function <lambda> at 0x7fa496287a90>,<function <lambda> at 0x7fa496287b30>
19009,2022-03-03 00:00:00,<function <lambda> at 0x7fa4962879f0>,<function <lambda> at 0x7fa496287a90>,<function <lambda> at 0x7fa496287b30>
19010,2022-03-03 01:00:00,<function <lambda> at 0x7fa4962879f0>,<function <lambda> at 0x7fa496287a90>,<function <lambda> at 0x7fa496287b30>
19011,2022-03-03 02:00:00,<function <lambda> at 0x7fa4962879f0>,<function <lambda> at 0x7fa496287a90>,<function <lambda> at 0x7fa496287b30>
19012,2022-03-03 03:00:00,<function <lambda> at 0x7fa4962879f0>,<function <lambda> at 0x7fa496287a90>,<function <lambda> at 0x7fa496287b30>
19013,2022-03-03 04:00:00,<function <lambda> at 0x7fa4962879f0>,<function <lambda> at 0x7fa496287a90>,<function <lambda> at 0x7fa496287b30>
19014,2022-03-03 05:00:00,<function <lambda> at 0x7fa4962879f0>,<function <lambda> at 0x7fa496287a90>,<function <lambda> at 0x7fa496287b30>
19015,2022-03-03 06:00:00,<function <lambda> at 0x7fa4962879f0>,<function <lambda> at 0x7fa496287a90>,<function <lambda> at 0x7fa496287b30>
19016,2022-03-03 07:00:00,<function <lambda> at 0x7fa4962879f0>,<function <lambda> at 0x7fa496287a90>,<function <lambda> at 0x7fa496287b30>
19017,2022-03-03 08:00:00,<function <lambda> at 0x7fa4962879f0>,<function <lambda> at 0x7fa496287a90>,<function <lambda> at 0x7fa496287b30>
19018,2022-03-03 09:00:00,<function <lambda> at 0x7fa4962879f0>,<function <lambda> at 0x7fa496287a90>,<function <lambda> at 0x7fa496287b30>
19019,2022-03-03 10:00:00,<function <lambda> at 0x7fa4962879f0>,<function <lambda> at 0x7fa496287a90>,<function <lambda> at 0x7fa496287b30>
19020,2022-03-03 11:00:00,<function <lambda> at 0x7fa4962879f0>,<function <lambda> at 0x7fa496287a90>,<function <lambda> at 0x7fa496287b30>
19021,2022-03-03 12:00:00,<function <lambda> at 0x7fa4962879f0>,<function <lambda> at 0x7fa496287a90>,<function <lambda> at 0x7fa496287b30>
19022,2022-03-03 13:00:00,<function <lambda> at 0x7fa4962879f0>,<function <lambda> at 0x7fa496287a90>,<function <lambda> at 0x7fa496287b30>
19023,2022-03-03 14:00:00,<function <lambda> at 0x7fa4962879f0>,<function <lambda> at 0x7fa496287a90>,<function <lambda> at 0x7fa496287b30>
19024,2022-03-03 15:00:00,<function <lambda> at 0x7fa4962879f0>,<function <lambda> at 0x7fa496287a90>,<function <lambda> at 0x7fa496287b30>
19025,2022-03-03 16:00:00,<function <lambda> at 0x7fa4962879f0>,<function <lambda> at 0x7fa496287a90>,<function <lambda> at 0x7fa496287b30>
19026,2022-03-03 17:00:00,<function <lambda> at 0x7fa4962879f0>,<function <lambda> at 0x7fa496287a90>,<function <lambda> at 0x7fa496287b30>
19027,2022-03-03 18:00:00,<function <lambda> at 0x7fa4962879f0>,<function <lambda> at 0x7fa496287a90>,<function <lambda> at 0x7fa496287b30>
19028,2022-03-03 19:00:00,<function <lambda> at 0x7fa4962879f0>,<function <lambda> at 0x7fa496287a90>,<function <lambda> at 0x7fa496287b30>
19029,2022-03-03 20:00:00,<function <lambda> at 0x7fa4962879f0>,<function <lambda> at 0x7fa496287a90>,<function <lambda> at 0x7fa496287b30>
19030,2022-03-03 21:00:00,<function <lambda> at 0x7fa4962879f0>,<function <lambda> at 0x7fa496287a90>,<function <lambda> at 0x7fa496287b30>
19031,2022-03-03 22:00:00,<function <lambda> at 0x7fa4962879f0>,<function <lambda> at 0x7fa496287a90>,<function <lambda> at 0x7fa496287b30>
19032,2022-03-03 23:00:00,<function <lambda> at 0x7fa4962879f0>,<function <lambda> at 0x7fa496287a90>,<function <lambda> at 0x7fa496287b30>
19033,2022-03-04 00:00:00,<function <lambda> at 0x7fa4962879f0>,<function <lambda> at 0x7fa496287a90>,<function <lambda> at 0x7fa496287b30>
19034,2022-03-04 01:00:00,<function <lambda> at 0x7fa4962879f0>,<function <lambda> at 0x7fa496287a90>,<function <lambda> at 0x7fa496287b30>
19035,2022-03-04 02:00:00,<function <lambda> at 0x7fa4962879f0>,<function <lambda> at 0x7fa496287a90>,<function <lambda> at 0x7fa496287b30>
19036,2022-03-04 03:00:00,<function <lambda> at 0x7fa4962879f0>,<function <lambda> at 0x7fa496287a90>,<function <lambda> at 0x7fa496287b30>
19037,2022-03-04 04:00:00,<function <lambda> at 0x7fa4962879f0>,<function <lambda> at 0x7fa496287a90>,<function <lambda> at 0x7fa496287b30>
19038,2022-03-04 05:00:00,<function <lambda> at 0x7fa4962879f0>,<function <lambda> at 0x7fa496287a90>,<function <lambda> at 0x7fa496287b30>
19039,2022-03-04 06:00:00,<function <lambda> at 0x7fa4962879f0>,<function <lambda> at 0x7fa496287a90>,<function <lambda> at 0x7fa496287b30>
19040,2022-03-04 07:00:00,<function <lambda> at 0x7fa4962879f0>,<function <lambda> at 0x7fa496287a90>,<function <lambda> at 0x7fa496287b30>
19041,2022-03-04 08:00:00,<function <lambda> at 0x7fa4962879f0>,<function <lambda> at 0x7fa496287a90>,<function <lambda> at 0x7fa496287b30>
19042,2022-03-04 09:00:00,<function <lambda> at 0x7fa4962879f0>,<function <lambda> at 0x7fa496287a90>,<function <lambda> at 0x7fa496287b30>
19043,2022-03-04 10:00:00,<function <lambda> at 0x7fa4962879f0>,<function <lambda> at 0x7fa496287a90>,<function <lambda> at 0x7fa496287b30>
19044,2022-03-04 11:00:00,<function <lambda> at 0x7fa4962879f0>,<function <lambda> at 0x7fa496287a90>,<function <lambda> at 0x7fa496287b30>
19045,2022-03-04 12:00:00,<function <lambda> at 0x7fa4962879f0>,<function <lambda> at 0x7fa496287a90>,<function <lambda> at 0x7fa496287b30>
19046,2022-03-04 13:00:00,<function <lambda> at 0x7fa4962879f0>,<function <lambda> at 0x7fa496287a90>,<function <lambda> at 0x7fa496287b30>
19047,2022-03-04 14:00:00,<function <lambda> at 0x7fa4962879f0>,<function <lambda> at 0x7fa496287a90>,<function <lambda> at 0x7fa496287b30>
19048,2022-03-04 15:00:00,<function <lambda> at 0x7fa4962879f0>,<function <lambda> at 0x7fa496287a90>,<function <lambda> at 0x7fa496287b30>
19049,2022-03-04 16:00:00,<function <lambda> at 0x7fa4962879f0>,<function <lambda> at 0x7fa496287a90>,<function <lambda> at 0x7fa496287b30>
19050,2022-03-04 17:00:00,<function <lambda> at 0x7fa4962879f0>,<function <lambda> at 0x7fa496287a90>,<function <lambda> at 0x7fa496287b30>
19051,2022-03-04 18:00:00,<function <lambda> at 0x7fa4962879f0>,<function <lambda> at 0x7fa496287a90>,<function <lambda> at 0x7fa496287b30>
19052,2022-03-04 19:00:00,<function <lambda> at 0x7fa4962879f0>,<function <lambda> at 0x7fa496287a90>,<function <lambda> at 0x7fa496287b30>
19053,2022-03-04 20:00:00,<function <lambda> at 0x7fa4962879f0>,<function <lambda> at 0x7fa496287a90>,<function <lambda> at 0x7fa496287b30>
19054,2022-03-04 21:00:00,<function <lambda> at 0x7fa4962879f0>,<function <lambda> at 0x7fa496287a90>,<function <lambda> at 0x7fa496287b30>
19055,2022-03-04 22:00:00,<function <lambda> at 0x7fa4962879f0>,<function <lambda> at 0x7fa496287a90>,<function <lambda> at 0x7fa496287b30>
19056,2022-03-04 23:00:00,<function <lambda> at 0x7fa4962879f0>,<function <lambda> at 0x7fa496287a90>,<function <lambda> at 0x7fa496287b30>
19057,2022-03-05 00:00:00,<function <lambda> at 0x7fa4962879f0>,<function <lambda> at 0x7fa496287a90>,<function <lambda> at 0x7fa496287b30>
19058,2022-03-05 01:00:00,<function <lambda> at 0x7fa4962879f0>,<function <lambda> at 0x7fa496287a90>,<function <lambda> at 0x7fa496287b30>
19059,2022-03-05 02:00:00,<function <lambda> at 0x7fa4962879f0>,<function <lambda> at 0x7fa496287a90>,<function <lambda> at 0x7fa496287b30>
19060,2022-03-05 03:00:00,<function <lambda> at 0x7fa4962879f0>,<function <lambda> at 0x7fa496287a90>,<function <lambda> at 0x7fa496287b30>
19061,2022-03-05 04:00:00,<function <lambda> at 0x7fa4962879f0>,<function <lambda> at 0x7fa496287a90>,<function <lambda> at 0x7fa496287b30>
19062,2022-03-05 05:00:00,<function <lambda> at 0x7fa4962879f0>,<function <lambda> at 0x7fa496287a90>,<function <lambda> at 0x7fa496287b30>
19063,2022-03-05 06:00:00,<function <lambda> at 0x7fa4962879f0>,<function <lambda> at 0x7fa496287a90>,<function <lambda> at 0x7fa496287b30>
19064,2022-03-05 07:00:00,<function <lambda> at 0x7fa4962879f0>,<function <lambda> at 0x7fa496287a90>,<function <lambda> at 0x7fa496287b30>
19065,2022-03-05 08:00:00,<function <lambda> at 0x7fa4962879f0>,<function <lambda> at 0x7fa496287a90>,<function <lambda> at 0x7fa496287b30>
19066,2022-03-05 09:00:00,<function <lambda> at 0x7fa4962879f0>,<function <lambda> at 0x7fa496287a90>,<function <lambda> at 0x7fa496287b30>
19067,2022-03-05 10:00:00,<function <lambda> at 0x7fa4962879f0>,<function <lambda> at 0x7fa496287a90>,<function <lambda> at 0x7fa496287b30>
19068,2022-03-05 11:00:00,<function <lambda> at 0x7fa4962879f0>,<function <lambda> at 0x7fa496287a90>,<function <lambda> at 0x7fa496287b30>
19069,2022-03-05 12:00:00,<function <lambda> at 0x7fa4962879f0>,<function <lambda> at 0x7fa496287a90>,<function <lambda> at 0x7fa496287b30>
19070,2022-03-05 13:00:00,<function <lambda> at 0x7fa4962879f0>,<function <lambda> at 0x7fa496287a90>,<function <lambda> at 0x7fa496287b30>
19071,2022-03-05 14:00:00,<function <lambda> at 0x7fa4962879f0>,<function <lambda> at 0x7fa496287a90>,<function <lambda> at 0x7fa496287b30>
19072,2022-03-05 15:00:00,<function <lambda> at 0x7fa4962879f0>,<function <lambda> at 0x7fa496287a90>,<function <lambda> at 0x7fa496287b30>
19073,2022-03-05 16:00:00,<function <lambda> at 0x7fa4962879f0>,<function <lambda> at 0x7fa496287a90>,<function <lambda> at 0x7fa496287b30>
19074,2022-03-05 17:00:00,<function <lambda> at 0x7fa4962879f0>,<function <lambda> at 0x7fa496287a90>,<function <lambda> at 0x7fa496287b30>
19075,2022-03-05 18:00:00,<function <lambda> at 0x7fa4962879f0>,<function <lambda> at 0x7fa496287a90>,<function <lambda> at 0x7fa496287b30>
19076,2022-03-05 19:00:00,<function <lambda> at 0x7fa4962879f0>,<function <lambda> at 0x7fa496287a90>,<function <lambda> at 0x7fa496287b30>
19077,2022-03-05 20:00:00,<function <lambda> at 0x7fa4962879f0>,<function <lambda> at 0x7fa496287a90>,<function <lambda> at 0x7fa496287b30>
19078,2022-03-05 21:00:00,<function <lambda> at 0x7fa4962879f0>,<function <lambda> at 0x7fa496287a90>,<function <lambda> at 0x7fa496287b30>
19079,2022-03-05 22:00:00,<function <lambda> at 0x7fa4962879f0>,<function <lambda> at 0x7fa496287a90>,<function <lambda> at 0x7fa496287b30>
19080,2022-03-05 23:00:00,<function <lambda> at 0x7fa4962879f0>,<function <lambda> at 0x7fa496287a90>,<function <lambda> at 0x7fa496287b30>
19081,2022-03-06 00:00:00,<function <lambda> at 0x7fa4962879f0>,<function <lambda> at 0x7fa496287a90>,<function <lambda> at 0x7fa496287b30>
19082,2022-03-06 01:00:00,<function <lambda> at 0x7fa4962879f0>,<function <lambda> at 0x7fa496287a90>,<function <lambda> at 0x7fa496287b30>
19083,2022-03-06 02:00:00,<function <lambda> at 0x7fa4962879f0>,<function <lambda> at 0x7fa496287a90>,<function <lambda> at 0x7fa496287b30>
19084,2022-03-06 03:00:00,<function <lambda> at 0x7fa4962879f0>,<function <lambda> at 0x7fa496287a90>,<function <lambda> at 0x7fa496287b30>
19085,2022-03-06 04:00:00,<function <lambda> at 0x7fa4962879f0>,<function <lambda> at 0x7fa496287a90>,<function <lambda> at 0x7fa496287b30>
19086,2022-03-06 05:00:00,<function <lambda> at 0x7fa4962879f0>,<function <lambda> at 0x7fa496287a90>,<function <lambda> at 0x7fa496287b30>
19087,2022-03-06 06:00:00,<function <lambda> at 0x7fa4962879f0>,<function <lambda> at 0x7fa496287a90>,<function <lambda> at 0x7fa496287b30>
19088,2022-03-06 07:00:00,<function <lambda> at 0x7fa4962879f0>,<function <lambda> at 0x7fa496287a90>,<function <lambda> at 0x7fa496287b30>
19089,2022-03-06 08:00:00,<function <lambda> at 0x7fa4962879f0>,<function <lambda> at 0x7fa496287a90>,<function <lambda> at 0x7fa496287b30>
19090,2022-03-06 09:00:00,<function <lambda> at 0x7fa4962879f0>,<function <lambda> at 0x7fa496287a90>,<function <lambda> at 0x7fa496287b30>
19091,2022-03-06 10:00:00,<function <lambda> at 0x7fa4962879f0>,<function <lambda> at 0x7fa496287a90>,<function <lambda> at 0x7fa496287b30>
19092,2022-03-06 11:00:00,<function <lambda> at 0x7fa4962879f0>,<function <lambda> at 0x7fa496287a90>,<function <lambda> at 0x7fa496287b30>
19093,2022-03-06 12:00:00,<function <lambda> at 0x7fa4962879f0>,<function <lambda> at 0x7fa496287a90>,<function <lambda> at 0x7fa496287b30>
19094,2022-03-06 13:00:00,<function <lambda> at 0x7fa4962879f0>,<function <lambda> at 0x7fa496287a90>,<function <lambda> at 0x7fa496287b30>
19095,2022-03-06 14:00:00,<function <lambda> at 0x7fa4962879f0>,<function <lambda> at 0x7fa496287a90>,<function <lambda> at 0x7fa496287b30>
19096,2022-03-06 15:00:00,<function <lambda> at 0x7fa4962879f0>,<function <lambda> at 0x7fa496287a90>,<function <lambda> at 0x7fa496287b30>
19097,2022-03-06 16:00:00,<function <lambda> at 0x7fa4962879f0>,<function <lambda> at 0x7fa496287a90>,<function <lambda> at 0x7fa496287b30>
19098,2022-03-06 17:00:00,<function <lambda> at 0x7fa4962879f0>,<function <lambda> at 0x7fa496287a90>,<function <lambda> at 0x7fa496287b30>
19099,2022-03-06 18:00:00,<function <lambda> at 0x7fa4962879f0>,<function <lambda> at 0x7fa496287a90>,<function <lambda> at 0x7fa496287b30>
19100,2022-03-06 19:00:00,<function <lambda> at 0x7fa4962879f0>,<function <lambda> at 0x7fa496287a90>,<function <lambda> at 0x7fa496287b30>
19101,2022-03-06 20:00:00,<function <lambda> at 0x7fa4962879f0>,<function <lambda> at 0x7fa496287a90>,<function <lambda> at 0x7fa496287b30>
19102,2022-03-06 21:00:00,<function <lambda> at 0x7fa4962879f0>,<function <lambda> at 0x7fa496287a90>,<function <lambda> at 0x7fa496287b30>
19103,2022-03-06 22:00:00,<function <lambda> at 0x7fa4962879f0>,<function <lambda> at 0x7fa496287a90>,<function <lambda> at 0x7fa496287b30>
19104,2022-03-06 23:00:00,<function <lambda> at 0x7fa4962879f0>,<function <lambda> at 0x7fa496287a90>,<function <lambda> at 0x7fa496287b30>
19105,2022-03-07 00:00:00,<function <lambda> at 0x7fa4962879f0>,<function <lambda> at 0x7fa496287a90>,<function <lambda> at 0x7fa496287b30>
19106,2022-03-07 01:00:00,<function <lambda> at 0x7fa4962879f0>,<function <lambda> at 0x7fa496287a90>,<function <lambda> at 0x7fa496287b30>
19107,2022-03-07 02:00:00,<function <lambda> at 0x7fa4962879f0>,<function <lambda> at 0x7fa496287a90>,<function <lambda> at 0x7fa496287b30>
19108,2022-03-07 03:00:00,<function <lambda> at 0x7fa4962879f0>,<function <lambda> at 0x7fa496287a90>,<function <lambda> at 0x7fa496287b30>
19109,2022-03-07 04:00:00,<function <lambda> at 0x7fa4962879f0>,<function <lambda> at 0x7fa496287a90>,<function <lambda> at 0x7fa496287b30>
19110,2022-03-07 05:00:00,<function <lambda> at 0x7fa4962879f0>,<function <lambda> at 0x7fa496287a90>,<function <lambda> at 0x7fa496287b30>
19111,2022-03-07 06:00:00,<function <lambda> at 0x7fa4962879f0>,<function <lambda> at 0x7fa496287a90>,<function <lambda> at 0x7fa496287b30>
19112,2022-03-07 07:00:00,<function <lambda> at 0x7fa4962879f0>,<function <lambda> at 0x7fa496287a90>,<function <lambda> at 0x7fa496287b30>
19113,2022-03-07 08:00:00,<function <lambda> at 0x7fa4962879f0>,<function <lambda> at 0x7fa496287a90>,<function <lambda> at 0x7fa496287b30>
19114,2022-03-07 09:00:00,<function <lambda> at 0x7fa4962879f0>,<function <lambda> at 0x7fa496287a90>,<function <lambda> at 0x7fa496287b30>
19115,2022-03-07 10:00:00,<function <lambda> at 0x7fa4962879f0>,<function <lambda> at 0x7fa496287a90>,<function <lambda> at 0x7fa496287b30>
19116,2022-03-07 11:00:00,<function <lambda> at 0x7fa4962879f0>,<function <lambda> at 0x7fa496287a90>,<function <lambda> at 0x7fa496287b30>
19117,2022-03-07 12:00:00,<function <lambda> at 0x7fa4962879f0>,<function <lambda> at 0x7fa496287a90>,<function <lambda> at 0x7fa496287b30>
19118,2022-03-07 13:00:00,<function <lambda> at 0x7fa4962879f0>,<function <lambda> at 0x7fa496287a90>,<function <lambda> at 0x7fa496287b30>
19119,2022-03-07 14:00:00,<function <lambda> at 0x7fa4962879f0>,<function <lambda> at 0x7fa496287a90>,<function <lambda> at 0x7fa496287b30>
19120,2022-03-07 15:00:00,<function <lambda> at 0x7fa4962879f0>,<function <lambda> at 0x7fa496287a90>,<function <lambda> at 0x7fa496287b30>
19121,2022-03-07 16:00:00,<function <lambda> at 0x7fa4962879f0>,<function <lambda> at 0x7fa496287a90>,<function <lambda> at 0x7fa496287b30>
19122,2022-03-07 17:00:00,<function <lambda> at 0x7fa4962879f0>,<function <lambda> at 0x7fa496287a90>,<function <lambda> at 0x7fa496287b30>
19123,2022-03-07 18:00:00,<function <lambda> at 0x7fa4962879f0>,<function <lambda> at 0x7fa496287a90>,<function <lambda> at 0x7fa496287b30>
19124,2022-03-07 19:00:00,<function <lambda> at 0x7fa4962879f0>,<function <lambda> at 0x7fa496287a90>,<function <lambda> at 0x7fa496287b30>
19125,2022-03-07 20:00:00,<function <lambda> at 0x7fa4962879f0>,<function <lambda> at 0x7fa496287a90>,<function <lambda> at 0x7fa496287b30>
19126,2022-03-07 21:00:00,<function <lambda> at 0x7fa4962879f0>,<function <lambda> at 0x7fa496287a90>,<function <lambda> at 0x7fa496287b30>
19127,2022-03-07 22:00:00,<function <lambda> at 0x7fa4962879f0>,<function <lambda> at 0x7fa496287a90>,<function <lambda> at 0x7fa496287b30>
19128,2022-03-07 23:00:00,<function <lambda> at 0x7fa4962879f0>,<function <lambda> at 0x7fa496287a90>,<function <lambda> at 0x7fa496287b30>
19129,2022-03-08 00:00:00,<function <lambda> at 0x7fa4962879f0>,<function <lambda> at 0x7fa496287a90>,<function <lambda> at 0x7fa496287b30>
19130,2022-03-08 01:00:00,<function <lambda> at 0x7fa4962879f0>,<function <lambda> at 0x7fa496287a90>,<function <lambda> at 0x7fa496287b30>
19131,2022-03-08 02:00:00,<function <lambda> at 0x7fa4962879f0>,<function <lambda> at 0x7fa496287a90>,<function <lambda> at 0x7fa496287b30>
19132,2022-03-08 03:00:00,<function <lambda> at 0x7fa4962879f0>,<function <lambda> at 0x7fa496287a90>,<function <lambda> at 0x7fa496287b30>
19133,2022-03-08 04:00:00,<function <lambda> at 0x7fa4962879f0>,<function <lambda> at 0x7fa496287a90>,<function <lambda> at 0x7fa496287b30>
19134,2022-03-08 05:00:00,<function <lambda> at 0x7fa4962879f0>,<function <lambda> at 0x7fa496287a90>,<function <lambda> at 0x7fa496287b30>
19135,2022-03-08 06:00:00,<function <lambda> at 0x7fa4962879f0>,<function <lambda> at 0x7fa496287a90>,<function <lambda> at 0x7fa496287b30>
19136,2022-03-08 07:00:00,<function <lambda> at 0x7fa4962879f0>,<function <lambda> at 0x7fa496287a90>,<function <lambda> at 0x7fa496287b30>
19137,2022-03-08 08:00:00,<function <lambda> at 0x7fa4962879f0>,<function <lambda> at 0x7fa496287a90>,<function <lambda> at 0x7fa496287b30>
19138,2022-03-08 09:00:00,<function <lambda> at 0x7fa4962879f0>,<function <lambda> at 0x7fa496287a90>,<function <lambda> at 0x7fa496287b30>
19139,2022-03-08 10:00:00,<function <lambda> at 0x7fa4962879f0>,<function <lambda> at 0x7fa496287a90>,<function <lambda> at 0x7fa496287b30>
19140,2022-03-08 11:00:00,<function <lambda> at 0x7fa4962879f0>,<function <lambda> at 0x7fa496287a90>,<function <lambda> at 0x7fa496287b30>
19141,2022-03-08 12:00:00,<function <lambda> at 0x7fa4962879f0>,<function <lambda> at 0x7fa496287a90>,<function <lambda> at 0x7fa496287b30>
19142,2022-03-08 13:00:00,<function <lambda> at 0x7fa4962879f0>,<function <lambda> at 0x7fa496287a90>,<function <lambda> at 0x7fa496287b30>
19143,2022-03-08 14:00:00,<function <lambda> at 0x7fa4962879f0>,<function <lambda> at 0x7fa496287a90>,<function <lambda> at 0x7fa496287b30>
19144,2022-03-08 15:00:00,<function <lambda> at 0x7fa4962879f0>,<function <lambda> at 0x7fa496287a90>,<function <lambda> at 0x7fa496287b30>
19145,2022-03-08 16:00:00,<function <lambda> at 0x7fa4962879f0>,<function <lambda> at 0x7fa496287a90>,<function <lambda> at 0x7fa496287b30>
19146,2022-03-08 17:00:00,<function <lambda> at 0x7fa4962879f0>,<function <lambda> at 0x7fa496287a90>,<function <lambda> at 0x7fa496287b30>
19147,2022-03-08 18:00:00,<function <lambda> at 0x7fa4962879f0>,<function <lambda> at 0x7fa496287a90>,<function <lambda> at 0x7fa496287b30>
19148,2022-03-08 19:00:00,<function <lambda> at 0x7fa4962879f0>,<function <lambda> at 0x7fa496287a90>,<function <lambda> at 0x7fa496287b30>
19149,2022-03-08 20:00:00,<function <lambda> at 0x7fa4962879f0>,<function <lambda> at 0x7fa496287a90>,<function <lambda> at 0x7fa496287b30>
19150,2022-03-08 21:00:00,<function <lambda> at 0x7fa4962879f0>,<function <lambda> at 0x7fa496287a90>,<function <lambda> at 0x7fa496287b30>
19151,2022-03-08 22:00:00,<function <lambda> at 0x7fa4962879f0>,<function <lambda> at 0x7fa496287a90>,<function <lambda> at 0x7fa496287b30>
19152,2022-03-08 23:00:00,<function <lambda> at 0x7fa4962879f0>,<function <lambda> at 0x7fa496287a90>,<function <lambda> at 0x7fa496287b30>
19153,2022-03-09 00:00:00,<function <lambda> at 0x7fa4962879f0>,<function <lambda> at 0x7fa496287a90>,<function <lambda> at 0x7fa496287b30>
19154,2022-03-09 01:00:00,<function <lambda> at 0x7fa4962879f0>,<function <lambda> at 0x7fa496287a90>,<function <lambda> at 0x7fa496287b30>
19155,2022-03-09 02:00:00,<function <lambda> at 0x7fa4962879f0>,<function <lambda> at 0x7fa496287a90>,<function <lambda> at 0x7fa496287b30>
19156,2022-03-09 03:00:00,<function <lambda> at 0x7fa4962879f0>,<function <lambda> at 0x7fa496287a90>,<function <lambda> at 0x7fa496287b30>
19157,2022-03-09 04:00:00,<function <lambda> at 0x7fa4962879f0>,<function <lambda> at 0x7fa496287a90>,<function <lambda> at 0x7fa496287b30>
19158,2022-03-09 05:00:00,<function <lambda> at 0x7fa4962879f0>,<function <lambda> at 0x7fa496287a90>,<function <lambda> at 0x7fa496287b30>
19159,2022-03-09 06:00:00,<function <lambda> at 0x7fa4962879f0>,<function <lambda> at 0x7fa496287a90>,<function <lambda> at 0x7fa496287b30>
19160,2022-03-09 07:00:00,<function <lambda> at 0x7fa4962879f0>,<function <lambda> at 0x7fa496287a90>,<function <lambda> at 0x7fa496287b30>
19161,2022-03-09 08:00:00,<function <lambda> at 0x7fa4962879f0>,<function <lambda> at 0x7fa496287a90>,<function <lambda> at 0x7fa496287b30>
19162,2022-03-09 09:00:00,<function <lambda> at 0x7fa4962879f0>,<function <lambda> at 0x7fa496287a90>,<function <lambda> at 0x7fa496287b30>
19163,2022-03-09 10:00:00,<function <lambda> at 0x7fa4962879f0>,<function <lambda> at 0x7fa496287a90>,<function <lambda> at 0x7fa496287b30>
19164,2022-03-09 11:00:00,<function <lambda> at 0x7fa4962879f0>,<function <lambda> at 0x7fa496287a90>,<function <lambda> at 0x7fa496287b30>
19165,2022-03-09 12:00:00,<function <lambda> at 0x7fa4962879f0>,<function <lambda> at 0x7fa496287a90>,<function <lambda> at 0x7fa496287b30>
19166,2022-03-09 13:00:00,<function <lambda> at 0x7fa4962879f0>,<function <lambda> at 0x7fa496287a90>,<function <lambda> at 0x7fa496287b30>
19167,2022-03-09 14:00:00,<function <lambda> at 0x7fa4962879f0>,<function <lambda> at 0x7fa496287a90>,<function <lambda> at 0x7fa496287b30>
19168,2022-03-09 15:00:00,<function <lambda> at 0x7fa4962879f0>,<function <lambda> at 0x7fa496287a90>,<function <lambda> at 0x7fa496287b30>
19169,2022-03-09 16:00:00,<function <lambda> at 0x7fa4962879f0>,<function <lambda> at 0x7fa496287a90>,<function <lambda> at 0x7fa496287b30>
19170,2022-03-09 17:00:00,<function <lambda> at 0x7fa4962879f0>,<function <lambda> at 0x7fa496287a90>,<function <lambda> at 0x7fa496287b30>
19171,2022-03-09 18:00:00,<function <lambda> at 0x7fa4962879f0>,<function <lambda> at 0x7fa496287a90>,<function <lambda> at 0x7fa496287b30>
19172,2022-03-09 19:00:00,<function <lambda> at 0x7fa4962879f0>,<function <lambda> at 0x7fa496287a90>,<function <lambda> at 0x7fa496287b30>
19173,2022-03-09 20:00:00,<function <lambda> at 0x7fa4962879f0>,<function <lambda> at 0x7fa496287a90>,<function <lambda> at 0x7fa496287b30>
19174,2022-03-09 21:00:00,<function <lambda> at 0x7fa4962879f0>,<function <lambda> at 0x7fa496287a90>,<function <lambda> at 0x7fa496287b30>
19175,2022-03-09 22:00:00,<function <lambda> at 0x7fa4962879f0>,<function <lambda> at 0x7fa496287a90>,<function <lambda> at 0x7fa496287b30>
19176,2022-03-09 23:00:00,<function <lambda> at 0x7fa4962879f0>,<function <lambda> at 0x7fa496287a90>,<function <lambda> at 0x7fa496287b30>
19177,2022-03-10 00:00:00,<function <lambda> at 0x7fa4962879f0>,<function <lambda> at 0x7fa496287a90>,<function <lambda> at 0x7fa496287b30>
19178,2022-03-10 01:00:00,<function <lambda> at 0x7fa4962879f0>,<function <lambda> at 0x7fa496287a90>,<function <lambda> at 0x7fa496287b30>
19179,2022-03-10 02:00:00,<function <lambda> at 0x7fa4962879f0>,<function <lambda> at 0x7fa496287a90>,<function <lambda> at 0x7fa496287b30>
19180,2022-03-10 03:00:00,<function <lambda> at 0x7fa4962879f0>,<function <lambda> at 0x7fa496287a90>,<function <lambda> at 0x7fa496287b30>
19181,2022-03-10 04:00:00,<function <lambda> at 0x7fa4962879f0>,<function <lambda> at 0x7fa496287a90>,<function <lambda> at 0x7fa496287b30>
19182,2022-03-10 05:00:00,<function <lambda> at 0x7fa4962879f0>,<function <lambda> at 0x7fa496287a90>,<function <lambda> at 0x7fa496287b30>
19183,2022-03-10 06:00:00,<function <lambda> at 0x7fa4962879f0>,<function <lambda> at 0x7fa496287a90>,<function <lambda> at 0x7fa496287b30>
19184,2022-03-10 07:00:00,<function <lambda> at 0x7fa4962879f0>,<function <lambda> at 0x7fa496287a90>,<function <lambda> at 0x7fa496287b30>
19185,2022-03-10 08:00:00,<function <lambda> at 0x7fa4962879f0>,<function <lambda> at 0x7fa496287a90>,<function <lambda> at 0x7fa496287b30>
19186,2022-03-10 09:00:00,<function <lambda> at 0x7fa4962879f0>,<function <lambda> at 0x7fa496287a90>,<function <lambda> at 0x7fa496287b30>
19187,2022-03-10 10:00:00,<function <lambda> at 0x7fa4962879f0>,<function <lambda> at 0x7fa496287a90>,<function <lambda> at 0x7fa496287b30>
19188,2022-03-10 11:00:00,<function <lambda> at 0x7fa4962879f0>,<function <lambda> at 0x7fa496287a90>,<function <lambda> at 0x7fa496287b30>
19189,2022-03-10 12:00:00,<function <lambda> at 0x7fa4962879f0>,<function <lambda> at 0x7fa496287a90>,<function <lambda> at 0x7fa496287b30>
19190,2022-03-10 13:00:00,<function <lambda> at 0x7fa4962879f0>,<function <lambda> at 0x7fa496287a90>,<function <lambda> at 0x7fa496287b30>
19191,2022-03-10 14:00:00,<function <lambda> at 0x7fa4962879f0>,<function <lambda> at 0x7fa496287a90>,<function <lambda> at 0x7fa496287b30>
19192,2022-03-10 15:00:00,<function <lambda> at 0x7fa4962879f0>,<function <lambda> at 0x7fa496287a90>,<function <lambda> at 0x7fa496287b30>
19193,2022-03-10 16:00:00,<function <lambda> at 0x7fa4962879f0>,<function <lambda> at 0x7fa496287a90>,<function <lambda> at 0x7fa496287b30>
19194,2022-03-10 17:00:00,<function <lambda> at 0x7fa4962879f0>,<function <lambda> at 0x7fa496287a90>,<function <lambda> at 0x7fa496287b30>
19195,2022-03-10 18:00:00,<function <lambda> at 0x7fa4962879f0>,<function <lambda> at 0x7fa496287a90>,<function <lambda> at 0x7fa496287b30>
19196,2022-03-10 19:00:00,<function <lambda> at 0x7fa4962879f0>,<function <lambda> at 0x7fa496287a90>,<function <lambda> at 0x7fa496287b30>
19197,2022-03-10 20:00:00,<function <lambda> at 0x7fa4962879f0>,<function <lambda> at 0x7fa496287a90>,<function <lambda> at 0x7fa496287b30>
19198,2022-03-10 21:00:00,<function <lambda> at 0x7fa4962879f0>,<function <lambda> at 0x7fa496287a90>,<function <lambda> at 0x7fa496287b30>
19199,2022-03-10 22:00:00,<function <lambda> at 0x7fa4962879f0>,<function <lambda> at 0x7fa496287a90>,<function <lambda> at 0x7fa496287b30>
19200,2022-03-10 23:00:00,<function <lambda> at 0x7fa4962879f0>,<function <lambda> at 0x7fa496287a90>,<function <lambda> at 0x7fa496287b30>
19201,2022-03-11 00:00:00,<function <lambda> at 0x7fa4962879f0>,<function <lambda> at 0x7fa496287a90>,<function <lambda> at 0x7fa496287b30>
19202,2022-03-11 01:00:00,<function <lambda> at 0x7fa4962879f0>,<function <lambda> at 0x7fa496287a90>,<function <lambda> at 0x7fa496287b30>
19203,2022-03-11 02:00:00,<function <lambda> at 0x7fa4962879f0>,<function <lambda> at 0x7fa496287a90>,<function <lambda> at 0x7fa496287b30>
19204,2022-03-11 03:00:00,<function <lambda> at 0x7fa4962879f0>,<function <lambda> at 0x7fa496287a90>,<function <lambda> at 0x7fa496287b30>
19205,2022-03-11 04:00:00,<function <lambda> at 0x7fa4962879f0>,<function <lambda> at 0x7fa496287a90>,<function <lambda> at 0x7fa496287b30>
19206,2022-03-11 05:00:00,<function <lambda> at 0x7fa4962879f0>,<function <lambda> at 0x7fa496287a90>,<function <lambda> at 0x7fa496287b30>
19207,2022-03-11 06:00:00,<function <lambda> at 0x7fa4962879f0>,<function <lambda> at 0x7fa496287a90>,<function <lambda> at 0x7fa496287b30>
19208,2022-03-11 07:00:00,<function <lambda> at 0x7fa4962879f0>,<function <lambda> at 0x7fa496287a90>,<function <lambda> at 0x7fa496287b30>
19209,2022-03-11 08:00:00,<function <lambda> at 0x7fa4962879f0>,<function <lambda> at 0x7fa496287a90>,<function <lambda> at 0x7fa496287b30>
19210,2022-03-11 09:00:00,<function <lambda> at 0x7fa4962879f0>,<function <lambda> at 0x7fa496287a90>,<function <lambda> at 0x7fa496287b30>
19211,2022-03-11 10:00:00,<function <lambda> at 0x7fa4962879f0>,<function <lambda> at 0x7fa496287a90>,<function <lambda> at 0x7fa496287b30>
19212,2022-03-11 11:00:00,<function <lambda> at 0x7fa4962879f0>,<function <lambda> at 0x7fa496287a90>,<function <lambda> at 0x7fa496287b30>
19213,2022-03-11 12:00:00,<function <lambda> at 0x7fa4962879f0>,<function <lambda> at 0x7fa496287a90>,<function <lambda> at 0x7fa496287b30>
19214,2022-03-11 13:00:00,<function <lambda> at 0x7fa4962879f0>,<function <lambda> at 0x7fa496287a90>,<function <lambda> at 0x7fa496287b30>
19215,2022-03-11 14:00:00,<function <lambda> at 0x7fa4962879f0>,<function <lambda> at 0x7fa496287a90>,<function <lambda> at 0x7fa496287b30>
19216,2022-03-11 15:00:00,<function <lambda> at 0x7fa4962879f0>,<function <lambda> at 0x7fa496287a90>,<function <lambda> at 0x7fa496287b30>
19217,2022-03-11 16:00:00,<function <lambda> at 0x7fa4962879f0>,<function <lambda> at 0x7fa496287a90>,<function <lambda> at 0x7fa496287b30>
19218,2022-03-11 17:00:00,<function <lambda> at 0x7fa4962879f0>,<function <lambda> at 0x7fa496287a90>,<function <lambda> at 0x7fa496287b30>
19219,2022-03-11 18:00:00,<function <lambda> at 0x7fa4962879f0>,<function <lambda> at 0x7fa496287a90>,<function <lambda> at 0x7fa496287b30>
19220,2022-03-11 19:00:00,<function <lambda> at 0x7fa4962879f0>,<function <lambda> at 0x7fa496287a90>,<function <lambda> at 0x7fa496287b30>
19221,2022-03-11 20:00:00,<function <lambda> at 0x7fa4962879f0>,<function <lambda> at 0x7fa496287a90>,<function <lambda> at 0x7fa496287b30>
19222,2022-03-11 21:00:00,<function <lambda> at 0x7fa4962879f0>,<function <lambda> at 0x7fa496287a90>,<function <lambda> at 0x7fa496287b30>
19223,2022-03-11 22:00:00,<function <lambda> at 0x7fa4962879f0>,<function <lambda> at 0x7fa496287a90>,<function <lambda> at 0x7fa496287b30>
19224,2022-03-11 23:00:00,<function <lambda> at 0x7fa4962879f0>,<function <lambda> at 0x7fa496287a90>,<function <lambda> at 0x7fa496287b30>
19225,2022-03-12 00:00:00,<function <lambda> at 0x7fa4962879f0>,<function <lambda> at 0x7fa496287a90>,<function <lambda> at 0x7fa496287b30>
19226,2022-03-12 01:00:00,<function <lambda> at 0x7fa4962879f0>,<function <lambda> at 0x7fa496287a90>,<function <lambda> at 0x7fa496287b30>
19227,2022-03-12 02:00:00,<function <lambda> at 0x7fa4962879f0>,<function <lambda> at 0x7fa496287a90>,<function <lambda> at 0x7fa496287b30>
19228,2022-03-12 03:00:00,<function <lambda> at 0x7fa4962879f0>,<function <lambda> at 0x7fa496287a90>,<function <lambda> at 0x7fa496287b30>
19229,2022-03-12 04:00:00,<function <lambda> at 0x7fa4962879f0>,<function <lambda> at 0x7fa496287a90>,<function <lambda> at 0x7fa496287b30>
19230,2022-03-12 05:00:00,<function <lambda> at 0x7fa4962879f0>,<function <lambda> at 0x7fa496287a90>,<function <lambda> at 0x7fa496287b30>
19231,2022-03-12 06:00:00,<function <lambda> at 0x7fa4962879f0>,<function <lambda> at 0x7fa496287a90>,<function <lambda> at 0x7fa496287b30>
19232,2022-03-12 07:00:00,<function <lambda> at 0x7fa4962879f0>,<function <lambda> at 0x7fa496287a90>,<function <lambda> at 0x7fa496287b30>
19233,2022-03-12 08:00:00,<function <lambda> at 0x7fa4962879f0>,<function <lambda> at 0x7fa496287a90>,<function <lambda> at 0x7fa496287b30>
19234,2022-03-12 09:00:00,<function <lambda> at 0x7fa4962879f0>,<function <lambda> at 0x7fa496287a90>,<function <lambda> at 0x7fa496287b30>
19235,2022-03-12 10:00:00,<function <lambda> at 0x7fa4962879f0>,<function <lambda> at 0x7fa496287a90>,<function <lambda> at 0x7fa496287b30>
19236,2022-03-12 11:00:00,<function <lambda> at 0x7fa4962879f0>,<function <lambda> at 0x7fa496287a90>,<function <lambda> at 0x7fa496287b30>
19237,2022-03-12 12:00:00,<function <lambda> at 0x7fa4962879f0>,<function <lambda> at 0x7fa496287a90>,<function <lambda> at 0x7fa496287b30>
19238,2022-03-12 13:00:00,<function <lambda> at 0x7fa4962879f0>,<function <lambda> at 0x7fa496287a90>,<function <lambda> at 0x7fa496287b30>
19239,2022-03-12 14:00:00,<function <lambda> at 0x7fa4962879f0>,<function <lambda> at 0x7fa496287a90>,<function <lambda> at 0x7fa496287b30>
19240,2022-03-12 15:00:00,<function <lambda> at 0x7fa4962879f0>,<function <lambda> at 0x7fa496287a90>,<function <lambda> at 0x7fa496287b30>
19241,2022-03-12 16:00:00,<function <lambda> at 0x7fa4962879f0>,<function <lambda> at 0x7fa496287a90>,<function <lambda> at 0x7fa496287b30>
19242,2022-03-12 17:00:00,<function <lambda> at 0x7fa4962879f0>,<function <lambda> at 0x7fa496287a90>,<function <lambda> at 0x7fa496287b30>
19243,2022-03-12 18:00:00,<function <lambda> at 0x7fa4962879f0>,<function <lambda> at 0x7fa496287a90>,<function <lambda> at 0x7fa496287b30>
19244,2022-03-12 19:00:00,<function <lambda> at 0x7fa4962879f0>,<function <lambda> at 0x7fa496287a90>,<function <lambda> at 0x7fa496287b30>
19245,2022-03-12 20:00:00,<function <lambda> at 0x7fa4962879f0>,<function <lambda> at 0x7fa496287a90>,<function <lambda> at 0x7fa496287b30>
19246,2022-03-12 21:00:00,<function <lambda> at 0x7fa4962879f0>,<function <lambda> at 0x7fa496287a90>,<function <lambda> at 0x7fa496287b30>
19247,2022-03-12 22:00:00,<function <lambda> at 0x7fa4962879f0>,<function <lambda> at 0x7fa496287a90>,<function <lambda> at 0x7fa496287b30>
19248,2022-03-12 23:00:00,<function <lambda> at 0x7fa4962879f0>,<function <lambda> at 0x7fa496287a90>,<function <lambda> at 0x7fa496287b30>
19249,2022-03-13 00:00:00,<function <lambda> at 0x7fa4962879f0>,<function <lambda> at 0x7fa496287a90>,<function <lambda> at 0x7fa496287b30>
19250,2022-03-13 01:00:00,<function <lambda> at 0x7fa4962879f0>,<function <lambda> at 0x7fa496287a90>,<function <lambda> at 0x7fa496287b30>
19251,2022-03-13 02:00:00,<function <lambda> at 0x7fa4962879f0>,<function <lambda> at 0x7fa496287a90>,<function <lambda> at 0x7fa496287b30>
19252,2022-03-13 03:00:00,<function <lambda> at 0x7fa4962879f0>,<function <lambda> at 0x7fa496287a90>,<function <lambda> at 0x7fa496287b30>
19253,2022-03-13 04:00:00,<function <lambda> at 0x7fa4962879f0>,<function <lambda> at 0x7fa496287a90>,<function <lambda> at 0x7fa496287b30>
19254,2022-03-13 05:00:00,<function <lambda> at 0x7fa4962879f0>,<function <lambda> at 0x7fa496287a90>,<function <lambda> at 0x7fa496287b30>
19255,2022-03-13 06:00:00,<function <lambda> at 0x7fa4962879f0>,<function <lambda> at 0x7fa496287a90>,<function <lambda> at 0x7fa496287b30>
19256,2022-03-13 07:00:00,<function <lambda> at 0x7fa4962879f0>,<function <lambda> at 0x7fa496287a90>,<function <lambda> at 0x7fa496287b30>
19257,2022-03-13 08:00:00,<function <lambda> at 0x7fa4962879f0>,<function <lambda> at 0x7fa496287a90>,<function <lambda> at 0x7fa496287b30>
19258,2022-03-13 09:00:00,<function <lambda> at 0x7fa4962879f0>,<function <lambda> at 0x7fa496287a90>,<function <lambda> at 0x7fa496287b30>
19259,2022-03-13 10:00:00,<function <lambda> at 0x7fa4962879f0>,<function <lambda> at 0x7fa496287a90>,<function <lambda> at 0x7fa496287b30>
19260,2022-03-13 11:00:00,<function <lambda> at 0x7fa4962879f0>,<function <lambda> at 0x7fa496287a90>,<function <lambda> at 0x7fa496287b30>
19261,2022-03-13 12:00:00,<function <lambda> at 0x7fa4962879f0>,<function <lambda> at 0x7fa496287a90>,<function <lambda> at 0x7fa496287b30>
19262,2022-03-13 13:00:00,<function <lambda> at 0x7fa4962879f0>,<function <lambda> at 0x7fa496287a90>,<function <lambda> at 0x7fa496287b30>
19263,2022-03-13 14:00:00,<function <lambda> at 0x7fa4962879f0>,<function <lambda> at 0x7fa496287a90>,<function <lambda> at 0x7fa496287b30>
19264,2022-03-13 15:00:00,<function <lambda> at 0x7fa4962879f0>,<function <lambda> at 0x7fa496287a90>,<function <lambda> at 0x7fa496287b30>
19265,2022-03-13 16:00:00,<function <lambda> at 0x7fa4962879f0>,<function <lambda> at 0x7fa496287a90>,<function <lambda> at 0x7fa496287b30>
19266,2022-03-13 17:00:00,<function <lambda> at 0x7fa4962879f0>,<function <lambda> at 0x7fa496287a90>,<function <lambda> at 0x7fa496287b30>
19267,2022-03-13 18:00:00,<function <lambda> at 0x7fa4962879f0>,<function <lambda> at 0x7fa496287a90>,<function <lambda> at 0x7fa496287b30>
19268,2022-03-13 19:00:00,<function <lambda> at 0x7fa4962879f0>,<function <lambda> at 0x7fa496287a90>,<function <lambda> at 0x7fa496287b30>
19269,2022-03-13 20:00:00,<function <lambda> at 0x7fa4962879f0>,<function <lambda> at 0x7fa496287a90>,<function <lambda> at 0x7fa496287b30>
19270,2022-03-13 21:00:00,<function <lambda> at 0x7fa4962879f0>,<function <lambda> at 0x7fa496287a90>,<function <lambda> at 0x7fa496287b30>
19271,2022-03-13 22:00:00,<function <lambda> at 0x7fa4962879f0>,<function <lambda> at 0x7fa496287a90>,<function <lambda> at 0x7fa496287b30>
19272,2022-03-13 23:00:00,<function <lambda> at 0x7fa4962879f0>,<function <lambda> at 0x7fa496287a90>,<function <lambda> at 0x7fa496287b30>
19273,2022-03-14 00:00:00,<function <lambda> at 0x7fa4962879f0>,<function <lambda> at 0x7fa496287a90>,<function <lambda> at 0x7fa496287b30>
19274,2022-03-14 01:00:00,<function <lambda> at 0x7fa4962879f0>,<function <lambda> at 0x7fa496287a90>,<function <lambda> at 0x7fa496287b30>
19275,2022-03-14 02:00:00,<function <lambda> at 0x7fa4962879f0>,<function <lambda> at 0x7fa496287a90>,<function <lambda> at 0x7fa496287b30>
19276,2022-03-14 03:00:00,<function <lambda> at 0x7fa4962879f0>,<function <lambda> at 0x7fa496287a90>,<function <lambda> at 0x7fa496287b30>
19277,2022-03-14 04:00:00,<function <lambda> at 0x7fa4962879f0>,<function <lambda> at 0x7fa496287a90>,<function <lambda> at 0x7fa496287b30>
19278,2022-03-14 05:00:00,<function <lambda> at 0x7fa4962879f0>,<function <lambda> at 0x7fa496287a90>,<function <lambda> at 0x7fa496287b30>
19279,2022-03-14 06:00:00,<function <lambda> at 0x7fa4962879f0>,<function <lambda> at 0x7fa496287a90>,<function <lambda> at 0x7fa496287b30>
19280,2022-03-14 07:00:00,<function <lambda> at 0x7fa4962879f0>,<function <lambda> at 0x7fa496287a90>,<function <lambda> at 0x7fa496287b30>
19281,2022-03-14 08:00:00,<function <lambda> at 0x7fa4962879f0>,<function <lambda> at 0x7fa496287a90>,<function <lambda> at 0x7fa496287b30>
19282,2022-03-14 09:00:00,<function <lambda> at 0x7fa4962879f0>,<function <lambda> at 0x7fa496287a90>,<function <lambda> at 0x7fa496287b30>
19283,2022-03-14 10:00:00,<function <lambda> at 0x7fa4962879f0>,<function <lambda> at 0x7fa496287a90>,<function <lambda> at 0x7fa496287b30>
19284,2022-03-14 11:00:00,<function <lambda> at 0x7fa4962879f0>,<function <lambda> at 0x7fa496287a90>,<function <lambda> at 0x7fa496287b30>
19285,2022-03-14 12:00:00,<function <lambda> at 0x7fa4962879f0>,<function <lambda> at 0x7fa496287a90>,<function <lambda> at 0x7fa496287b30>
19286,2022-03-14 13:00:00,<function <lambda> at 0x7fa4962879f0>,<function <lambda> at 0x7fa496287a90>,<function <lambda> at 0x7fa496287b30>
19287,2022-03-14 14:00:00,<function <lambda> at 0x7fa4962879f0>,<function <lambda> at 0x7fa496287a90>,<function <lambda> at 0x7fa496287b30>
19288,2022-03-14 15:00:00,<function <lambda> at 0x7fa4962879f0>,<function <lambda> at 0x7fa496287a90>,<function <lambda> at 0x7fa496287b30>
19289,2022-03-14 16:00:00,<function <lambda> at 0x7fa4962879f0>,<function <lambda> at 0x7fa496287a90>,<function <lambda> at 0x7fa496287b30>
19290,2022-03-14 17:00:00,<function <lambda> at 0x7fa4962879f0>,<function <lambda> at 0x7fa496287a90>,<function <lambda> at 0x7fa496287b30>
19291,2022-03-14 18:00:00,<function <lambda> at 0x7fa4962879f0>,<function <lambda> at 0x7fa496287a90>,<function <lambda> at 0x7fa496287b30>
19292,2022-03-14 19:00:00,<function <lambda> at 0x7fa4962879f0>,<function <lambda> at 0x7fa496287a90>,<function <lambda> at 0x7fa496287b30>
19293,2022-03-14 20:00:00,<function <lambda> at 0x7fa4962879f0>,<function <lambda> at 0x7fa496287a90>,<function <lambda> at 0x7fa496287b30>
19294,2022-03-14 21:00:00,<function <lambda> at 0x7fa4962879f0>,<function <lambda> at 0x7fa496287a90>,<function <lambda> at 0x7fa496287b30>
19295,2022-03-14 22:00:00,<function <lambda> at 0x7fa4962879f0>,<function <lambda> at 0x7fa496287a90>,<function <lambda> at 0x7fa496287b30>
19296,2022-03-14 23:00:00,<function <lambda> at 0x7fa4962879f0>,<function <lambda> at 0x7fa496287a90>,<function <lambda> at 0x7fa496287b30>
19297,2022-03-15 00:00:00,<function <lambda> at 0x7fa4962879f0>,<function <lambda> at 0x7fa496287a90>,<function <lambda> at 0x7fa496287b30>
19298,2022-03-15 01:00:00,<function <lambda> at 0x7fa4962879f0>,<function <lambda> at 0x7fa496287a90>,<function <lambda> at 0x7fa496287b30>
19299,2022-03-15 02:00:00,<function <lambda> at 0x7fa4962879f0>,<function <lambda> at 0x7fa496287a90>,<function <lambda> at 0x7fa496287b30>
19300,2022-03-15 03:00:00,<function <lambda> at 0x7fa4962879f0>,<function <lambda> at 0x7fa496287a90>,<function <lambda> at 0x7fa496287b30>
19301,2022-03-15 04:00:00,<function <lambda> at 0x7fa4962879f0>,<function <lambda> at 0x7fa496287a90>,<function <lambda> at 0x7fa496287b30>
19302,2022-03-15 05:00:00,<function <lambda> at 0x7fa4962879f0>,<function <lambda> at 0x7fa496287a90>,<function <lambda> at 0x7fa496287b30>
19303,2022-03-15 06:00:00,<function <lambda> at 0x7fa4962879f0>,<function <lambda> at 0x7fa496287a90>,<function <lambda> at 0x7fa496287b30>
19304,2022-03-15 07:00:00,<function <lambda> at 0x7fa4962879f0>,<function <lambda> at 0x7fa496287a90>,<function <lambda> at 0x7fa496287b30>
19305,2022-03-15 08:00:00,<function <lambda> at 0x7fa4962879f0>,<function <lambda> at 0x7fa496287a90>,<function <lambda> at 0x7fa496287b30>
19306,2022-03-15 09:00:00,<function <lambda> at 0x7fa4962879f0>,<function <lambda> at 0x7fa496287a90>,<function <lambda> at 0x7fa496287b30>
19307,2022-03-15 10:00:00,<function <lambda> at 0x7fa4962879f0>,<function <lambda> at 0x7fa496287a90>,<function <lambda> at 0x7fa496287b30>
19308,2022-03-15 11:00:00,<function <lambda> at 0x7fa4962879f0>,<function <lambda> at 0x7fa496287a90>,<function <lambda> at 0x7fa496287b30>
19309,2022-03-15 12:00:00,<function <lambda> at 0x7fa4962879f0>,<function <lambda> at 0x7fa496287a90>,<function <lambda> at 0x7fa496287b30>
19310,2022-03-15 13:00:00,<function <lambda> at 0x7fa4962879f0>,<function <lambda> at 0x7fa496287a90>,<function <lambda> at 0x7fa496287b30>
19311,2022-03-15 14:00:00,<function <lambda> at 0x7fa4962879f0>,<function <lambda> at 0x7fa496287a90>,<function <lambda> at 0x7fa496287b30>
19312,2022-03-15 15:00:00,<function <lambda> at 0x7fa4962879f0>,<function <lambda> at 0x7fa496287a90>,<function <lambda> at 0x7fa496287b30>
19313,2022-03-15 16:00:00,<function <lambda> at 0x7fa4962879f0>,<function <lambda> at 0x7fa496287a90>,<function <lambda> at 0x7fa496287b30>
19314,2022-03-15 17:00:00,<function <lambda> at 0x7fa4962879f0>,<function <lambda> at 0x7fa496287a90>,<function <lambda> at 0x7fa496287b30>
19315,2022-03-15 18:00:00,<function <lambda> at 0x7fa4962879f0>,<function <lambda> at 0x7fa496287a90>,<function <lambda> at 0x7fa496287b30>
19316,2022-03-15 19:00:00,<function <lambda> at 0x7fa4962879f0>,<function <lambda> at 0x7fa496287a90>,<function <lambda> at 0x7fa496287b30>
19317,2022-03-15 20:00:00,<function <lambda> at 0x7fa4962879f0>,<function <lambda> at 0x7fa496287a90>,<function <lambda> at 0x7fa496287b30>
19318,2022-03-15 21:00:00,<function <lambda> at 0x7fa4962879f0>,<function <lambda> at 0x7fa496287a90>,<function <lambda> at 0x7fa496287b30>
19319,2022-03-15 22:00:00,<function <lambda> at 0x7fa4962879f0>,<function <lambda> at 0x7fa496287a90>,<function <lambda> at 0x7fa496287b30>
19320,2022-03-15 23:00:00,<function <lambda> at 0x7fa4962879f0>,<function <lambda> at 0x7fa496287a90>,<function <lambda> at 0x7fa496287b30>
19321,2022-03-16 00:00:00,<function <lambda> at 0x7fa4962879f0>,<function <lambda> at 0x7fa496287a90>,<function <lambda> at 0x7fa496287b30>
19322,2022-03-16 01:00:00,<function <lambda> at 0x7fa4962879f0>,<function <lambda> at 0x7fa496287a90>,<function <lambda> at 0x7fa496287b30>
19323,2022-03-16 02:00:00,<function <lambda> at 0x7fa4962879f0>,<function <lambda> at 0x7fa496287a90>,<function <lambda> at 0x7fa496287b30>
19324,2022-03-16 03:00:00,<function <lambda> at 0x7fa4962879f0>,<function <lambda> at 0x7fa496287a90>,<function <lambda> at 0x7fa496287b30>
19325,2022-03-16 04:00:00,<function <lambda> at 0x7fa4962879f0>,<function <lambda> at 0x7fa496287a90>,<function <lambda> at 0x7fa496287b30>
19326,2022-03-16 05:00:00,<function <lambda> at 0x7fa4962879f0>,<function <lambda> at 0x7fa496287a90>,<function <lambda> at 0x7fa496287b30>
19327,2022-03-16 06:00:00,<function <lambda> at 0x7fa4962879f0>,<function <lambda> at 0x7fa496287a90>,<function <lambda> at 0x7fa496287b30>
19328,2022-03-16 07:00:00,<function <lambda> at 0x7fa4962879f0>,<function <lambda> at 0x7fa496287a90>,<function <lambda> at 0x7fa496287b30>
19329,2022-03-16 08:00:00,<function <lambda> at 0x7fa4962879f0>,<function <lambda> at 0x7fa496287a90>,<function <lambda> at 0x7fa496287b30>
19330,2022-03-16 09:00:00,<function <lambda> at 0x7fa4962879f0>,<function <lambda> at 0x7fa496287a90>,<function <lambda> at 0x7fa496287b30>
19331,2022-03-16 10:00:00,<function <lambda> at 0x7fa4962879f0>,<function <lambda> at 0x7fa496287a90>,<function <lambda> at 0x7fa496287b30>
19332,2022-03-16 11:00:00,<function <lambda> at 0x7fa4962879f0>,<function <lambda> at 0x7fa496287a90>,<function <lambda> at 0x7fa496287b30>
19333,2022-03-16 12:00:00,<function <lambda> at 0x7fa4962879f0>,<function <lambda> at 0x7fa496287a90>,<function <lambda> at 0x7fa496287b30>
19334,2022-03-16 13:00:00,<function <lambda> at 0x7fa4962879f0>,<function <lambda> at 0x7fa496287a90>,<function <lambda> at 0x7fa496287b30>
19335,2022-03-16 14:00:00,<function <lambda> at 0x7fa4962879f0>,<function <lambda> at 0x7fa496287a90>,<function <lambda> at 0x7fa496287b30>
19336,2022-03-16 15:00:00,<function <lambda> at 0x7fa4962879f0>,<function <lambda> at 0x7fa496287a90>,<function <lambda> at 0x7fa496287b30>
19337,2022-03-16 16:00:00,<function <lambda> at 0x7fa4962879f0>,<function <lambda> at 0x7fa496287a90>,<function <lambda> at 0x7fa496287b30>
19338,2022-03-16 17:00:00,<function <lambda> at 0x7fa4962879f0>,<function <lambda> at 0x7fa496287a90>,<function <lambda> at 0x7fa496287b30>
19339,2022-03-16 18:00:00,<function <lambda> at 0x7fa4962879f0>,<function <lambda> at 0x7fa496287a90>,<function <lambda> at 0x7fa496287b30>
19340,2022-03-16 19:00:00,<function <lambda> at 0x7fa4962879f0>,<function <lambda> at 0x7fa496287a90>,<function <lambda> at 0x7fa496287b30>
19341,2022-03-16 20:00:00,<function <lambda> at 0x7fa4962879f0>,<function <lambda> at 0x7fa496287a90>,<function <lambda> at 0x7fa496287b30>
19342,2022-03-16 21:00:00,<function <lambda> at 0x7fa4962879f0>,<function <lambda> at 0x7fa496287a90>,<function <lambda> at 0x7fa496287b30>
19343,2022-03-16 22:00:00,<function <lambda> at 0x7fa4962879f0>,<function <lambda> at 0x7fa496287a90>,<function <lambda> at 0x7fa496287b30>
19344,2022-03-16 23:00:00,<function <lambda> at 0x7fa4962879f0>,<function <lambda> at 0x7fa496287a90>,<function <lambda> at 0x7fa496287b30>
19345,2022-03-17 00:00:00,<function <lambda> at 0x7fa4962879f0>,<function <lambda> at 0x7fa496287a90>,<function <lambda> at 0x7fa496287b30>
19346,2022-03-17 01:00:00,<function <lambda> at 0x7fa4962879f0>,<function <lambda> at 0x7fa496287a90>,<function <lambda> at 0x7fa496287b30>
19347,2022-03-17 02:00:00,<function <lambda> at 0x7fa4962879f0>,<function <lambda> at 0x7fa496287a90>,<function <lambda> at 0x7fa496287b30>
19348,2022-03-17 03:00:00,<function <lambda> at 0x7fa4962879f0>,<function <lambda> at 0x7fa496287a90>,<function <lambda> at 0x7fa496287b30>
19349,2022-03-17 04:00:00,<function <lambda> at 0x7fa4962879f0>,<function <lambda> at 0x7fa496287a90>,<function <lambda> at 0x7fa496287b30>
19350,2022-03-17 05:00:00,<function <lambda> at 0x7fa4962879f0>,<function <lambda> at 0x7fa496287a90>,<function <lambda> at 0x7fa496287b30>
19351,2022-03-17 06:00:00,<function <lambda> at 0x7fa4962879f0>,<function <lambda> at 0x7fa496287a90>,<function <lambda> at 0x7fa496287b30>
19352,2022-03-17 07:00:00,<function <lambda> at 0x7fa4962879f0>,<function <lambda> at 0x7fa496287a90>,<function <lambda> at 0x7fa496287b30>
19353,2022-03-17 08:00:00,<function <lambda> at 0x7fa4962879f0>,<function <lambda> at 0x7fa496287a90>,<function <lambda> at 0x7fa496287b30>
19354,2022-03-17 09:00:00,<function <lambda> at 0x7fa4962879f0>,<function <lambda> at 0x7fa496287a90>,<function <lambda> at 0x7fa496287b30>
19355,2022-03-17 10:00:00,<function <lambda> at 0x7fa4962879f0>,<function <lambda> at 0x7fa496287a90>,<function <lambda> at 0x7fa496287b30>
19356,2022-03-17 11:00:00,<function <lambda> at 0x7fa4962879f0>,<function <lambda> at 0x7fa496287a90>,<function <lambda> at 0x7fa496287b30>
19357,2022-03-17 12:00:00,<function <lambda> at 0x7fa4962879f0>,<function <lambda> at 0x7fa496287a90>,<function <lambda> at 0x7fa496287b30>
19358,2022-03-17 13:00:00,<function <lambda> at 0x7fa4962879f0>,<function <lambda> at 0x7fa496287a90>,<function <lambda> at 0x7fa496287b30>
19359,2022-03-17 14:00:00,<function <lambda> at 0x7fa4962879f0>,<function <lambda> at 0x7fa496287a90>,<function <lambda> at 0x7fa496287b30>
19360,2022-03-17 15:00:00,<function <lambda> at 0x7fa4962879f0>,<function <lambda> at 0x7fa496287a90>,<function <lambda> at 0x7fa496287b30>
19361,2022-03-17 16:00:00,<function <lambda> at 0x7fa4962879f0>,<function <lambda> at 0x7fa496287a90>,<function <lambda> at 0x7fa496287b30>
19362,2022-03-17 17:00:00,<function <lambda> at 0x7fa4962879f0>,<function <lambda> at 0x7fa496287a90>,<function <lambda> at 0x7fa496287b30>
19363,2022-03-17 18:00:00,<function <lambda> at 0x7fa4962879f0>,<function <lambda> at 0x7fa496287a90>,<function <lambda> at 0x7fa496287b30>
19364,2022-03-17 19:00:00,<function <lambda> at 0x7fa4962879f0>,<function <lambda> at 0x7fa496287a90>,<function <lambda> at 0x7fa496287b30>
19365,2022-03-17 20:00:00,<function <lambda> at 0x7fa4962879f0>,<function <lambda> at 0x7fa496287a90>,<function <lambda> at 0x7fa496287b30>
19366,2022-03-17 21:00:00,<function <lambda> at 0x7fa4962879f0>,<function <lambda> at 0x7fa496287a90>,<function <lambda> at 0x7fa496287b30>
19367,2022-03-17 22:00:00,<function <lambda> at 0x7fa4962879f0>,<function <lambda> at 0x7fa496287a90>,<function <lambda> at 0x7fa496287b30>
19368,2022-03-17 23:00:00,<function <lambda> at 0x7fa4962879f0>,<function <lambda> at 0x7fa496287a90>,<function <lambda> at 0x7fa496287b30>
19369,2022-03-18 00:00:00,<function <lambda> at 0x7fa4962879f0>,<function <lambda> at 0x7fa496287a90>,<function <lambda> at 0x7fa496287b30>
19370,2022-03-18 01:00:00,<function <lambda> at 0x7fa4962879f0>,<function <lambda> at 0x7fa496287a90>,<function <lambda> at 0x7fa496287b30>
19371,2022-03-18 02:00:00,<function <lambda> at 0x7fa4962879f0>,<function <lambda> at 0x7fa496287a90>,<function <lambda> at 0x7fa496287b30>
19372,2022-03-18 03:00:00,<function <lambda> at 0x7fa4962879f0>,<function <lambda> at 0x7fa496287a90>,<function <lambda> at 0x7fa496287b30>
19373,2022-03-18 04:00:00,<function <lambda> at 0x7fa4962879f0>,<function <lambda> at 0x7fa496287a90>,<function <lambda> at 0x7fa496287b30>
19374,2022-03-18 05:00:00,<function <lambda> at 0x7fa4962879f0>,<function <lambda> at 0x7fa496287a90>,<function <lambda> at 0x7fa496287b30>
19375,2022-03-18 06:00:00,<function <lambda> at 0x7fa4962879f0>,<function <lambda> at 0x7fa496287a90>,<function <lambda> at 0x7fa496287b30>
19376,2022-03-18 07:00:00,<function <lambda> at 0x7fa4962879f0>,<function <lambda> at 0x7fa496287a90>,<function <lambda> at 0x7fa496287b30>
19377,2022-03-18 08:00:00,<function <lambda> at 0x7fa4962879f0>,<function <lambda> at 0x7fa496287a90>,<function <lambda> at 0x7fa496287b30>
19378,2022-03-18 09:00:00,<function <lambda> at 0x7fa4962879f0>,<function <lambda> at 0x7fa496287a90>,<function <lambda> at 0x7fa496287b30>
19379,2022-03-18 10:00:00,<function <lambda> at 0x7fa4962879f0>,<function <lambda> at 0x7fa496287a90>,<function <lambda> at 0x7fa496287b30>
19380,2022-03-18 11:00:00,<function <lambda> at 0x7fa4962879f0>,<function <lambda> at 0x7fa496287a90>,<function <lambda> at 0x7fa496287b30>
19381,2022-03-18 12:00:00,<function <lambda> at 0x7fa4962879f0>,<function <lambda> at 0x7fa496287a90>,<function <lambda> at 0x7fa496287b30>
19382,2022-03-18 13:00:00,<function <lambda> at 0x7fa4962879f0>,<function <lambda> at 0x7fa496287a90>,<function <lambda> at 0x7fa496287b30>
19383,2022-03-18 14:00:00,<function <lambda> at 0x7fa4962879f0>,<function <lambda> at 0x7fa496287a90>,<function <lambda> at 0x7fa496287b30>
19384,2022-03-18 15:00:00,<function <lambda> at 0x7fa4962879f0>,<function <lambda> at 0x7fa496287a90>,<function <lambda> at 0x7fa496287b30>
19385,2022-03-18 16:00:00,<function <lambda> at 0x7fa4962879f0>,<function <lambda> at 0x7fa496287a90>,<function <lambda> at 0x7fa496287b30>
19386,2022-03-18 17:00:00,<function <lambda> at 0x7fa4962879f0>,<function <lambda> at 0x7fa496287a90>,<function <lambda> at 0x7fa496287b30>
19387,2022-03-18 18:00:00,<function <lambda> at 0x7fa4962879f0>,<function <lambda> at 0x7fa496287a90>,<function <lambda> at 0x7fa496287b30>
19388,2022-03-18 19:00:00,<function <lambda> at 0x7fa4962879f0>,<function <lambda> at 0x7fa496287a90>,<function <lambda> at 0x7fa496287b30>
19389,2022-03-18 20:00:00,<function <lambda> at 0x7fa4962879f0>,<function <lambda> at 0x7fa496287a90>,<function <lambda> at 0x7fa496287b30>
19390,2022-03-18 21:00:00,<function <lambda> at 0x7fa4962879f0>,<function <lambda> at 0x7fa496287a90>,<function <lambda> at 0x7fa496287b30>
19391,2022-03-18 22:00:00,<function <lambda> at 0x7fa4962879f0>,<function <lambda> at 0x7fa496287a90>,<function <lambda> at 0x7fa496287b30>
19392,2022-03-18 23:00:00,<function <lambda> at 0x7fa4962879f0>,<function <lambda> at 0x7fa496287a90>,<function <lambda> at 0x7fa496287b30>
19393,2022-03-19 00:00:00,<function <lambda> at 0x7fa4962879f0>,<function <lambda> at 0x7fa496287a90>,<function <lambda> at 0x7fa496287b30>
19394,2022-03-19 01:00:00,<function <lambda> at 0x7fa4962879f0>,<function <lambda> at 0x7fa496287a90>,<function <lambda> at 0x7fa496287b30>
19395,2022-03-19 02:00:00,<function <lambda> at 0x7fa4962879f0>,<function <lambda> at 0x7fa496287a90>,<function <lambda> at 0x7fa496287b30>
19396,2022-03-19 03:00:00,<function <lambda> at 0x7fa4962879f0>,<function <lambda> at 0x7fa496287a90>,<function <lambda> at 0x7fa496287b30>
19397,2022-03-19 04:00:00,<function <lambda> at 0x7fa4962879f0>,<function <lambda> at 0x7fa496287a90>,<function <lambda> at 0x7fa496287b30>
19398,2022-03-19 05:00:00,<function <lambda> at 0x7fa4962879f0>,<function <lambda> at 0x7fa496287a90>,<function <lambda> at 0x7fa496287b30>
19399,2022-03-19 06:00:00,<function <lambda> at 0x7fa4962879f0>,<function <lambda> at 0x7fa496287a90>,<function <lambda> at 0x7fa496287b30>
19400,2022-03-19 07:00:00,<function <lambda> at 0x7fa4962879f0>,<function <lambda> at 0x7fa496287a90>,<function <lambda> at 0x7fa496287b30>
19401,2022-03-19 08:00:00,<function <lambda> at 0x7fa4962879f0>,<function <lambda> at 0x7fa496287a90>,<function <lambda> at 0x7fa496287b30>
19402,2022-03-19 09:00:00,<function <lambda> at 0x7fa4962879f0>,<function <lambda> at 0x7fa496287a90>,<function <lambda> at 0x7fa496287b30>
19403,2022-03-19 10:00:00,<function <lambda> at 0x7fa4962879f0>,<function <lambda> at 0x7fa496287a90>,<function <lambda> at 0x7fa496287b30>
19404,2022-03-19 11:00:00,<function <lambda> at 0x7fa4962879f0>,<function <lambda> at 0x7fa496287a90>,<function <lambda> at 0x7fa496287b30>
19405,2022-03-19 12:00:00,<function <lambda> at 0x7fa4962879f0>,<function <lambda> at 0x7fa496287a90>,<function <lambda> at 0x7fa496287b30>
19406,2022-03-19 13:00:00,<function <lambda> at 0x7fa4962879f0>,<function <lambda> at 0x7fa496287a90>,<function <lambda> at 0x7fa496287b30>
19407,2022-03-19 14:00:00,<function <lambda> at 0x7fa4962879f0>,<function <lambda> at 0x7fa496287a90>,<function <lambda> at 0x7fa496287b30>
19408,2022-03-19 15:00:00,<function <lambda> at 0x7fa4962879f0>,<function <lambda> at 0x7fa496287a90>,<function <lambda> at 0x7fa496287b30>
19409,2022-03-19 16:00:00,<function <lambda> at 0x7fa4962879f0>,<function <lambda> at 0x7fa496287a90>,<function <lambda> at 0x7fa496287b30>
19410,2022-03-19 17:00:00,<function <lambda> at 0x7fa4962879f0>,<function <lambda> at 0x7fa496287a90>,<function <lambda> at 0x7fa496287b30>
19411,2022-03-19 18:00:00,<function <lambda> at 0x7fa4962879f0>,<function <lambda> at 0x7fa496287a90>,<function <lambda> at 0x7fa496287b30>
19412,2022-03-19 19:00:00,<function <lambda> at 0x7fa4962879f0>,<function <lambda> at 0x7fa496287a90>,<function <lambda> at 0x7fa496287b30>
19413,2022-03-19 20:00:00,<function <lambda> at 0x7fa4962879f0>,<function <lambda> at 0x7fa496287a90>,<function <lambda> at 0x7fa496287b30>
19414,2022-03-19 21:00:00,<function <lambda> at 0x7fa4962879f0>,<function <lambda> at 0x7fa496287a90>,<function <lambda> at 0x7fa496287b30>
19415,2022-03-19 22:00:00,<function <lambda> at 0x7fa4962879f0>,<function <lambda> at 0x7fa496287a90>,<function <lambda> at 0x7fa496287b30>
19416,2022-03-19 23:00:00,<function <lambda> at 0x7fa4962879f0>,<function <lambda> at 0x7fa496287a90>,<function <lambda> at 0x7fa496287b30>
19417,2022-03-20 00:00:00,<function <lambda> at 0x7fa4962879f0>,<function <lambda> at 0x7fa496287a90>,<function <lambda> at 0x7fa496287b30>
19418,2022-03-20 01:00:00,<function <lambda> at 0x7fa4962879f0>,<function <lambda> at 0x7fa496287a90>,<function <lambda> at 0x7fa496287b30>
19419,2022-03-20 02:00:00,<function <lambda> at 0x7fa4962879f0>,<function <lambda> at 0x7fa496287a90>,<function <lambda> at 0x7fa496287b30>
19420,2022-03-20 03:00:00,<function <lambda> at 0x7fa4962879f0>,<function <lambda> at 0x7fa496287a90>,<function <lambda> at 0x7fa496287b30>
19421,2022-03-20 04:00:00,<function <lambda> at 0x7fa4962879f0>,<function <lambda> at 0x7fa496287a90>,<function <lambda> at 0x7fa496287b30>
19422,2022-03-20 05:00:00,<function <lambda> at 0x7fa4962879f0>,<function <lambda> at 0x7fa496287a90>,<function <lambda> at 0x7fa496287b30>
19423,2022-03-20 06:00:00,<function <lambda> at 0x7fa4962879f0>,<function <lambda> at 0x7fa496287a90>,<function <lambda> at 0x7fa496287b30>
19424,2022-03-20 07:00:00,<function <lambda> at 0x7fa4962879f0>,<function <lambda> at 0x7fa496287a90>,<function <lambda> at 0x7fa496287b30>
19425,2022-03-20 08:00:00,<function <lambda> at 0x7fa4962879f0>,<function <lambda> at 0x7fa496287a90>,<function <lambda> at 0x7fa496287b30>
19426,2022-03-20 09:00:00,<function <lambda> at 0x7fa4962879f0>,<function <lambda> at 0x7fa496287a90>,<function <lambda> at 0x7fa496287b30>
19427,2022-03-20 10:00:00,<function <lambda> at 0x7fa4962879f0>,<function <lambda> at 0x7fa496287a90>,<function <lambda> at 0x7fa496287b30>
19428,2022-03-20 11:00:00,<function <lambda> at 0x7fa4962879f0>,<function <lambda> at 0x7fa496287a90>,<function <lambda> at 0x7fa496287b30>
19429,2022-03-20 12:00:00,<function <lambda> at 0x7fa4962879f0>,<function <lambda> at 0x7fa496287a90>,<function <lambda> at 0x7fa496287b30>
19430,2022-03-20 13:00:00,<function <lambda> at 0x7fa4962879f0>,<function <lambda> at 0x7fa496287a90>,<function <lambda> at 0x7fa496287b30>
19431,2022-03-20 14:00:00,<function <lambda> at 0x7fa4962879f0>,<function <lambda> at 0x7fa496287a90>,<function <lambda> at 0x7fa496287b30>
19432,2022-03-20 15:00:00,<function <lambda> at 0x7fa4962879f0>,<function <lambda> at 0x7fa496287a90>,<function <lambda> at 0x7fa496287b30>
19433,2022-03-20 16:00:00,<function <lambda> at 0x7fa4962879f0>,<function <lambda> at 0x7fa496287a90>,<function <lambda> at 0x7fa496287b30>
19434,2022-03-20 17:00:00,<function <lambda> at 0x7fa4962879f0>,<function <lambda> at 0x7fa496287a90>,<function <lambda> at 0x7fa496287b30>
19435,2022-03-20 18:00:00,<function <lambda> at 0x7fa4962879f0>,<function <lambda> at 0x7fa496287a90>,<function <lambda> at 0x7fa496287b30>
19436,2022-03-20 19:00:00,<function <lambda> at 0x7fa4962879f0>,<function <lambda> at 0x7fa496287a90>,<function <lambda> at 0x7fa496287b30>
19437,2022-03-20 20:00:00,<function <lambda> at 0x7fa4962879f0>,<function <lambda> at 0x7fa496287a90>,<function <lambda> at 0x7fa496287b30>
19438,2022-03-20 21:00:00,<function <lambda> at 0x7fa4962879f0>,<function <lambda> at 0x7fa496287a90>,<function <lambda> at 0x7fa496287b30>
19439,2022-03-20 22:00:00,<function <lambda> at 0x7fa4962879f0>,<function <lambda> at 0x7fa496287a90>,<function <lambda> at 0x7fa496287b30>
19440,2022-03-20 23:00:00,<function <lambda> at 0x7fa4962879f0>,<function <lambda> at 0x7fa496287a90>,<function <lambda> at 0x7fa496287b30>
19441,2022-03-21 00:00:00,<function <lambda> at 0x7fa4962879f0>,<function <lambda> at 0x7fa496287a90>,<function <lambda> at 0x7fa496287b30>
19442,2022-03-21 01:00:00,<function <lambda> at 0x7fa4962879f0>,<function <lambda> at 0x7fa496287a90>,<function <lambda> at 0x7fa496287b30>
19443,2022-03-21 02:00:00,<function <lambda> at 0x7fa4962879f0>,<function <lambda> at 0x7fa496287a90>,<function <lambda> at 0x7fa496287b30>
19444,2022-03-21 03:00:00,<function <lambda> at 0x7fa4962879f0>,<function <lambda> at 0x7fa496287a90>,<function <lambda> at 0x7fa496287b30>
19445,2022-03-21 04:00:00,<function <lambda> at 0x7fa4962879f0>,<function <lambda> at 0x7fa496287a90>,<function <lambda> at 0x7fa496287b30>
19446,2022-03-21 05:00:00,<function <lambda> at 0x7fa4962879f0>,<function <lambda> at 0x7fa496287a90>,<function <lambda> at 0x7fa496287b30>
19447,2022-03-21 06:00:00,<function <lambda> at 0x7fa4962879f0>,<function <lambda> at 0x7fa496287a90>,<function <lambda> at 0x7fa496287b30>
19448,2022-03-21 07:00:00,<function <lambda> at 0x7fa4962879f0>,<function <lambda> at 0x7fa496287a90>,<function <lambda> at 0x7fa496287b30>
19449,2022-03-21 08:00:00,<function <lambda> at 0x7fa4962879f0>,<function <lambda> at 0x7fa496287a90>,<function <lambda> at 0x7fa496287b30>
19450,2022-03-21 09:00:00,<function <lambda> at 0x7fa4962879f0>,<function <lambda> at 0x7fa496287a90>,<function <lambda> at 0x7fa496287b30>
19451,2022-03-21 10:00:00,<function <lambda> at 0x7fa4962879f0>,<function <lambda> at 0x7fa496287a90>,<function <lambda> at 0x7fa496287b30>
19452,2022-03-21 11:00:00,<function <lambda> at 0x7fa4962879f0>,<function <lambda> at 0x7fa496287a90>,<function <lambda> at 0x7fa496287b30>
19453,2022-03-21 12:00:00,<function <lambda> at 0x7fa4962879f0>,<function <lambda> at 0x7fa496287a90>,<function <lambda> at 0x7fa496287b30>
19454,2022-03-21 13:00:00,<function <lambda> at 0x7fa4962879f0>,<function <lambda> at 0x7fa496287a90>,<function <lambda> at 0x7fa496287b30>
19455,2022-03-21 14:00:00,<function <lambda> at 0x7fa4962879f0>,<function <lambda> at 0x7fa496287a90>,<function <lambda> at 0x7fa496287b30>
19456,2022-03-21 15:00:00,<function <lambda> at 0x7fa4962879f0>,<function <lambda> at 0x7fa496287a90>,<function <lambda> at 0x7fa496287b30>
19457,2022-03-21 16:00:00,<function <lambda> at 0x7fa4962879f0>,<function <lambda> at 0x7fa496287a90>,<function <lambda> at 0x7fa496287b30>
19458,2022-03-21 17:00:00,<function <lambda> at 0x7fa4962879f0>,<function <lambda> at 0x7fa496287a90>,<function <lambda> at 0x7fa496287b30>
19459,2022-03-21 18:00:00,<function <lambda> at 0x7fa4962879f0>,<function <lambda> at 0x7fa496287a90>,<function <lambda> at 0x7fa496287b30>
19460,2022-03-21 19:00:00,<function <lambda> at 0x7fa4962879f0>,<function <lambda> at 0x7fa496287a90>,<function <lambda> at 0x7fa496287b30>
19461,2022-03-21 20:00:00,<function <lambda> at 0x7fa4962879f0>,<function <lambda> at 0x7fa496287a90>,<function <lambda> at 0x7fa496287b30>
19462,2022-03-21 21:00:00,<function <lambda> at 0x7fa4962879f0>,<function <lambda> at 0x7fa496287a90>,<function <lambda> at 0x7fa496287b30>
19463,2022-03-21 22:00:00,<function <lambda> at 0x7fa4962879f0>,<function <lambda> at 0x7fa496287a90>,<function <lambda> at 0x7fa496287b30>
19464,2022-03-21 23:00:00,<function <lambda> at 0x7fa4962879f0>,<function <lambda> at 0x7fa496287a90>,<function <lambda> at 0x7fa496287b30>
19465,2022-03-22 00:00:00,<function <lambda> at 0x7fa4962879f0>,<function <lambda> at 0x7fa496287a90>,<function <lambda> at 0x7fa496287b30>
19466,2022-03-22 01:00:00,<function <lambda> at 0x7fa4962879f0>,<function <lambda> at 0x7fa496287a90>,<function <lambda> at 0x7fa496287b30>
19467,2022-03-22 02:00:00,<function <lambda> at 0x7fa4962879f0>,<function <lambda> at 0x7fa496287a90>,<function <lambda> at 0x7fa496287b30>
19468,2022-03-22 03:00:00,<function <lambda> at 0x7fa4962879f0>,<function <lambda> at 0x7fa496287a90>,<function <lambda> at 0x7fa496287b30>
19469,2022-03-22 04:00:00,<function <lambda> at 0x7fa4962879f0>,<function <lambda> at 0x7fa496287a90>,<function <lambda> at 0x7fa496287b30>
19470,2022-03-22 05:00:00,<function <lambda> at 0x7fa4962879f0>,<function <lambda> at 0x7fa496287a90>,<function <lambda> at 0x7fa496287b30>
19471,2022-03-22 06:00:00,<function <lambda> at 0x7fa4962879f0>,<function <lambda> at 0x7fa496287a90>,<function <lambda> at 0x7fa496287b30>
19472,2022-03-22 07:00:00,<function <lambda> at 0x7fa4962879f0>,<function <lambda> at 0x7fa496287a90>,<function <lambda> at 0x7fa496287b30>
19473,2022-03-22 08:00:00,<function <lambda> at 0x7fa4962879f0>,<function <lambda> at 0x7fa496287a90>,<function <lambda> at 0x7fa496287b30>
19474,2022-03-22 09:00:00,<function <lambda> at 0x7fa4962879f0>,<function <lambda> at 0x7fa496287a90>,<function <lambda> at 0x7fa496287b30>
19475,2022-03-22 10:00:00,<function <lambda> at 0x7fa4962879f0>,<function <lambda> at 0x7fa496287a90>,<function <lambda> at 0x7fa496287b30>
19476,2022-03-22 11:00:00,<function <lambda> at 0x7fa4962879f0>,<function <lambda> at 0x7fa496287a90>,<function <lambda> at 0x7fa496287b30>
19477,2022-03-22 12:00:00,<function <lambda> at 0x7fa4962879f0>,<function <lambda> at 0x7fa496287a90>,<function <lambda> at 0x7fa496287b30>
19478,2022-03-22 13:00:00,<function <lambda> at 0x7fa4962879f0>,<function <lambda> at 0x7fa496287a90>,<function <lambda> at 0x7fa496287b30>
19479,2022-03-22 14:00:00,<function <lambda> at 0x7fa4962879f0>,<function <lambda> at 0x7fa496287a90>,<function <lambda> at 0x7fa496287b30>
19480,2022-03-22 15:00:00,<function <lambda> at 0x7fa4962879f0>,<function <lambda> at 0x7fa496287a90>,<function <lambda> at 0x7fa496287b30>
19481,2022-03-22 16:00:00,<function <lambda> at 0x7fa4962879f0>,<function <lambda> at 0x7fa496287a90>,<function <lambda> at 0x7fa496287b30>
19482,2022-03-22 17:00:00,<function <lambda> at 0x7fa4962879f0>,<function <lambda> at 0x7fa496287a90>,<function <lambda> at 0x7fa496287b30>
19483,2022-03-22 18:00:00,<function <lambda> at 0x7fa4962879f0>,<function <lambda> at 0x7fa496287a90>,<function <lambda> at 0x7fa496287b30>
19484,2022-03-22 19:00:00,<function <lambda> at 0x7fa4962879f0>,<function <lambda> at 0x7fa496287a90>,<function <lambda> at 0x7fa496287b30>
19485,2022-03-22 20:00:00,<function <lambda> at 0x7fa4962879f0>,<function <lambda> at 0x7fa496287a90>,<function <lambda> at 0x7fa496287b30>
19486,2022-03-22 21:00:00,<function <lambda> at 0x7fa4962879f0>,<function <lambda> at 0x7fa496287a90>,<function <lambda> at 0x7fa496287b30>
19487,2022-03-22 22:00:00,<function <lambda> at 0x7fa4962879f0>,<function <lambda> at 0x7fa496287a90>,<function <lambda> at 0x7fa496287b30>
19488,2022-03-22 23:00:00,<function <lambda> at 0x7fa4962879f0>,<function <lambda> at 0x7fa496287a90>,<function <lambda> at 0x7fa496287b30>
19489,2022-03-23 00:00:00,<function <lambda> at 0x7fa4962879f0>,<function <lambda> at 0x7fa496287a90>,<function <lambda> at 0x7fa496287b30>
19490,2022-03-23 01:00:00,<function <lambda> at 0x7fa4962879f0>,<function <lambda> at 0x7fa496287a90>,<function <lambda> at 0x7fa496287b30>
19491,2022-03-23 02:00:00,<function <lambda> at 0x7fa4962879f0>,<function <lambda> at 0x7fa496287a90>,<function <lambda> at 0x7fa496287b30>
19492,2022-03-23 03:00:00,<function <lambda> at 0x7fa4962879f0>,<function <lambda> at 0x7fa496287a90>,<function <lambda> at 0x7fa496287b30>
19493,2022-03-23 04:00:00,<function <lambda> at 0x7fa4962879f0>,<function <lambda> at 0x7fa496287a90>,<function <lambda> at 0x7fa496287b30>
19494,2022-03-23 05:00:00,<function <lambda> at 0x7fa4962879f0>,<function <lambda> at 0x7fa496287a90>,<function <lambda> at 0x7fa496287b30>
19495,2022-03-23 06:00:00,<function <lambda> at 0x7fa4962879f0>,<function <lambda> at 0x7fa496287a90>,<function <lambda> at 0x7fa496287b30>
19496,2022-03-23 07:00:00,<function <lambda> at 0x7fa4962879f0>,<function <lambda> at 0x7fa496287a90>,<function <lambda> at 0x7fa496287b30>
19497,2022-03-23 08:00:00,<function <lambda> at 0x7fa4962879f0>,<function <lambda> at 0x7fa496287a90>,<function <lambda> at 0x7fa496287b30>
19498,2022-03-23 09:00:00,<function <lambda> at 0x7fa4962879f0>,<function <lambda> at 0x7fa496287a90>,<function <lambda> at 0x7fa496287b30>
19499,2022-03-23 10:00:00,<function <lambda> at 0x7fa4962879f0>,<function <lambda> at 0x7fa496287a90>,<function <lambda> at 0x7fa496287b30>
19500,2022-03-23 11:00:00,<function <lambda> at 0x7fa4962879f0>,<function <lambda> at 0x7fa496287a90>,<function <lambda> at 0x7fa496287b30>
19501,2022-03-23 12:00:00,<function <lambda> at 0x7fa4962879f0>,<function <lambda> at 0x7fa496287a90>,<function <lambda> at 0x7fa496287b30>
19502,2022-03-23 13:00:00,<function <lambda> at 0x7fa4962879f0>,<function <lambda> at 0x7fa496287a90>,<function <lambda> at 0x7fa496287b30>
19503,2022-03-23 14:00:00,<function <lambda> at 0x7fa4962879f0>,<function <lambda> at 0x7fa496287a90>,<function <lambda> at 0x7fa496287b30>
19504,2022-03-23 15:00:00,<function <lambda> at 0x7fa4962879f0>,<function <lambda> at 0x7fa496287a90>,<function <lambda> at 0x7fa496287b30>
19505,2022-03-23 16:00:00,<function <lambda> at 0x7fa4962879f0>,<function <lambda> at 0x7fa496287a90>,<function <lambda> at 0x7fa496287b30>
19506,2022-03-23 17:00:00,<function <lambda> at 0x7fa4962879f0>,<function <lambda> at 0x7fa496287a90>,<function <lambda> at 0x7fa496287b30>
19507,2022-03-23 18:00:00,<function <lambda> at 0x7fa4962879f0>,<function <lambda> at 0x7fa496287a90>,<function <lambda> at 0x7fa496287b30>
19508,2022-03-23 19:00:00,<function <lambda> at 0x7fa4962879f0>,<function <lambda> at 0x7fa496287a90>,<function <lambda> at 0x7fa496287b30>
19509,2022-03-23 20:00:00,<function <lambda> at 0x7fa4962879f0>,<function <lambda> at 0x7fa496287a90>,<function <lambda> at 0x7fa496287b30>
19510,2022-03-23 21:00:00,<function <lambda> at 0x7fa4962879f0>,<function <lambda> at 0x7fa496287a90>,<function <lambda> at 0x7fa496287b30>
19511,2022-03-23 22:00:00,<function <lambda> at 0x7fa4962879f0>,<function <lambda> at 0x7fa496287a90>,<function <lambda> at 0x7fa496287b30>
19512,2022-03-23 23:00:00,<function <lambda> at 0x7fa4962879f0>,<function <lambda> at 0x7fa496287a90>,<function <lambda> at 0x7fa496287b30>
19513,2022-03-24 00:00:00,<function <lambda> at 0x7fa4962879f0>,<function <lambda> at 0x7fa496287a90>,<function <lambda> at 0x7fa496287b30>
19514,2022-03-24 01:00:00,<function <lambda> at 0x7fa4962879f0>,<function <lambda> at 0x7fa496287a90>,<function <lambda> at 0x7fa496287b30>
19515,2022-03-24 02:00:00,<function <lambda> at 0x7fa4962879f0>,<function <lambda> at 0x7fa496287a90>,<function <lambda> at 0x7fa496287b30>
19516,2022-03-24 03:00:00,<function <lambda> at 0x7fa4962879f0>,<function <lambda> at 0x7fa496287a90>,<function <lambda> at 0x7fa496287b30>
19517,2022-03-24 04:00:00,<function <lambda> at 0x7fa4962879f0>,<function <lambda> at 0x7fa496287a90>,<function <lambda> at 0x7fa496287b30>
19518,2022-03-24 05:00:00,<function <lambda> at 0x7fa4962879f0>,<function <lambda> at 0x7fa496287a90>,<function <lambda> at 0x7fa496287b30>
19519,2022-03-24 06:00:00,<function <lambda> at 0x7fa4962879f0>,<function <lambda> at 0x7fa496287a90>,<function <lambda> at 0x7fa496287b30>
19520,2022-03-24 07:00:00,<function <lambda> at 0x7fa4962879f0>,<function <lambda> at 0x7fa496287a90>,<function <lambda> at 0x7fa496287b30>
19521,2022-03-24 08:00:00,<function <lambda> at 0x7fa4962879f0>,<function <lambda> at 0x7fa496287a90>,<function <lambda> at 0x7fa496287b30>
19522,2022-03-24 09:00:00,<function <lambda> at 0x7fa4962879f0>,<function <lambda> at 0x7fa496287a90>,<function <lambda> at 0x7fa496287b30>
19523,2022-03-24 10:00:00,<function <lambda> at 0x7fa4962879f0>,<function <lambda> at 0x7fa496287a90>,<function <lambda> at 0x7fa496287b30>
19524,2022-03-24 11:00:00,<function <lambda> at 0x7fa4962879f0>,<function <lambda> at 0x7fa496287a90>,<function <lambda> at 0x7fa496287b30>
19525,2022-03-24 12:00:00,<function <lambda> at 0x7fa4962879f0>,<function <lambda> at 0x7fa496287a90>,<function <lambda> at 0x7fa496287b30>
19526,2022-03-24 13:00:00,<function <lambda> at 0x7fa4962879f0>,<function <lambda> at 0x7fa496287a90>,<function <lambda> at 0x7fa496287b30>
19527,2022-03-24 14:00:00,<function <lambda> at 0x7fa4962879f0>,<function <lambda> at 0x7fa496287a90>,<function <lambda> at 0x7fa496287b30>
19528,2022-03-24 15:00:00,<function <lambda> at 0x7fa4962879f0>,<function <lambda> at 0x7fa496287a90>,<function <lambda> at 0x7fa496287b30>
19529,2022-03-24 16:00:00,<function <lambda> at 0x7fa4962879f0>,<function <lambda> at 0x7fa496287a90>,<function <lambda> at 0x7fa496287b30>
19530,2022-03-24 17:00:00,<function <lambda> at 0x7fa4962879f0>,<function <lambda> at 0x7fa496287a90>,<function <lambda> at 0x7fa496287b30>
19531,2022-03-24 18:00:00,<function <lambda> at 0x7fa4962879f0>,<function <lambda> at 0x7fa496287a90>,<function <lambda> at 0x7fa496287b30>
19532,2022-03-24 19:00:00,<function <lambda> at 0x7fa4962879f0>,<function <lambda> at 0x7fa496287a90>,<function <lambda> at 0x7fa496287b30>
19533,2022-03-24 20:00:00,<function <lambda> at 0x7fa4962879f0>,<function <lambda> at 0x7fa496287a90>,<function <lambda> at 0x7fa496287b30>
19534,2022-03-24 21:00:00,<function <lambda> at 0x7fa4962879f0>,<function <lambda> at 0x7fa496287a90>,<function <lambda> at 0x7fa496287b30>
19535,2022-03-24 22:00:00,<function <lambda> at 0x7fa4962879f0>,<function <lambda> at 0x7fa496287a90>,<function <lambda> at 0x7fa496287b30>
19536,2022-03-24 23:00:00,<function <lambda> at 0x7fa4962879f0>,<function <lambda> at 0x7fa496287a90>,<function <lambda> at 0x7fa496287b30>
19537,2022-03-25 00:00:00,<function <lambda> at 0x7fa4962879f0>,<function <lambda> at 0x7fa496287a90>,<function <lambda> at 0x7fa496287b30>
19538,2022-03-25 01:00:00,<function <lambda> at 0x7fa4962879f0>,<function <lambda> at 0x7fa496287a90>,<function <lambda> at 0x7fa496287b30>
19539,2022-03-25 02:00:00,<function <lambda> at 0x7fa4962879f0>,<function <lambda> at 0x7fa496287a90>,<function <lambda> at 0x7fa496287b30>
19540,2022-03-25 03:00:00,<function <lambda> at 0x7fa4962879f0>,<function <lambda> at 0x7fa496287a90>,<function <lambda> at 0x7fa496287b30>
19541,2022-03-25 04:00:00,<function <lambda> at 0x7fa4962879f0>,<function <lambda> at 0x7fa496287a90>,<function <lambda> at 0x7fa496287b30>
19542,2022-03-25 05:00:00,<function <lambda> at 0x7fa4962879f0>,<function <lambda> at 0x7fa496287a90>,<function <lambda> at 0x7fa496287b30>
19543,2022-03-25 06:00:00,<function <lambda> at 0x7fa4962879f0>,<function <lambda> at 0x7fa496287a90>,<function <lambda> at 0x7fa496287b30>
19544,2022-03-25 07:00:00,<function <lambda> at 0x7fa4962879f0>,<function <lambda> at 0x7fa496287a90>,<function <lambda> at 0x7fa496287b30>
19545,2022-03-25 08:00:00,<function <lambda> at 0x7fa4962879f0>,<function <lambda> at 0x7fa496287a90>,<function <lambda> at 0x7fa496287b30>
19546,2022-03-25 09:00:00,<function <lambda> at 0x7fa4962879f0>,<function <lambda> at 0x7fa496287a90>,<function <lambda> at 0x7fa496287b30>
19547,2022-03-25 10:00:00,<function <lambda> at 0x7fa4962879f0>,<function <lambda> at 0x7fa496287a90>,<function <lambda> at 0x7fa496287b30>
19548,2022-03-25 11:00:00,<function <lambda> at 0x7fa4962879f0>,<function <lambda> at 0x7fa496287a90>,<function <lambda> at 0x7fa496287b30>
19549,2022-03-25 12:00:00,<function <lambda> at 0x7fa4962879f0>,<function <lambda> at 0x7fa496287a90>,<function <lambda> at 0x7fa496287b30>
19550,2022-03-25 13:00:00,<function <lambda> at 0x7fa4962879f0>,<function <lambda> at 0x7fa496287a90>,<function <lambda> at 0x7fa496287b30>
19551,2022-03-25 14:00:00,<function <lambda> at 0x7fa4962879f0>,<function <lambda> at 0x7fa496287a90>,<function <lambda> at 0x7fa496287b30>
19552,2022-03-25 15:00:00,<function <lambda> at 0x7fa4962879f0>,<function <lambda> at 0x7fa496287a90>,<function <lambda> at 0x7fa496287b30>
19553,2022-03-25 16:00:00,<function <lambda> at 0x7fa4962879f0>,<function <lambda> at 0x7fa496287a90>,<function <lambda> at 0x7fa496287b30>
19554,2022-03-25 17:00:00,<function <lambda> at 0x7fa4962879f0>,<function <lambda> at 0x7fa496287a90>,<function <lambda> at 0x7fa496287b30>
19555,2022-03-25 18:00:00,<function <lambda> at 0x7fa4962879f0>,<function <lambda> at 0x7fa496287a90>,<function <lambda> at 0x7fa496287b30>
19556,2022-03-25 19:00:00,<function <lambda> at 0x7fa4962879f0>,<function <lambda> at 0x7fa496287a90>,<function <lambda> at 0x7fa496287b30>
19557,2022-03-25 20:00:00,<function <lambda> at 0x7fa4962879f0>,<function <lambda> at 0x7fa496287a90>,<function <lambda> at 0x7fa496287b30>
19558,2022-03-25 21:00:00,<function <lambda> at 0x7fa4962879f0>,<function <lambda> at 0x7fa496287a90>,<function <lambda> at 0x7fa496287b30>
19559,2022-03-25 22:00:00,<function <lambda> at 0x7fa4962879f0>,<function <lambda> at 0x7fa496287a90>,<function <lambda> at 0x7fa496287b30>
19560,2022-03-25 23:00:00,<function <lambda> at 0x7fa4962879f0>,<function <lambda> at 0x7fa496287a90>,<function <lambda> at 0x7fa496287b30>
19561,2022-03-26 00:00:00,<function <lambda> at 0x7fa4962879f0>,<function <lambda> at 0x7fa496287a90>,<function <lambda> at 0x7fa496287b30>
19562,2022-03-26 01:00:00,<function <lambda> at 0x7fa4962879f0>,<function <lambda> at 0x7fa496287a90>,<function <lambda> at 0x7fa496287b30>
19563,2022-03-26 02:00:00,<function <lambda> at 0x7fa4962879f0>,<function <lambda> at 0x7fa496287a90>,<function <lambda> at 0x7fa496287b30>
19564,2022-03-26 03:00:00,<function <lambda> at 0x7fa4962879f0>,<function <lambda> at 0x7fa496287a90>,<function <lambda> at 0x7fa496287b30>
19565,2022-03-26 04:00:00,<function <lambda> at 0x7fa4962879f0>,<function <lambda> at 0x7fa496287a90>,<function <lambda> at 0x7fa496287b30>
19566,2022-03-26 05:00:00,<function <lambda> at 0x7fa4962879f0>,<function <lambda> at 0x7fa496287a90>,<function <lambda> at 0x7fa496287b30>
19567,2022-03-26 06:00:00,<function <lambda> at 0x7fa4962879f0>,<function <lambda> at 0x7fa496287a90>,<function <lambda> at 0x7fa496287b30>
19568,2022-03-26 07:00:00,<function <lambda> at 0x7fa4962879f0>,<function <lambda> at 0x7fa496287a90>,<function <lambda> at 0x7fa496287b30>
19569,2022-03-26 08:00:00,<function <lambda> at 0x7fa4962879f0>,<function <lambda> at 0x7fa496287a90>,<function <lambda> at 0x7fa496287b30>
19570,2022-03-26 09:00:00,<function <lambda> at 0x7fa4962879f0>,<function <lambda> at 0x7fa496287a90>,<function <lambda> at 0x7fa496287b30>
19571,2022-03-26 10:00:00,<function <lambda> at 0x7fa4962879f0>,<function <lambda> at 0x7fa496287a90>,<function <lambda> at 0x7fa496287b30>
19572,2022-03-26 11:00:00,<function <lambda> at 0x7fa4962879f0>,<function <lambda> at 0x7fa496287a90>,<function <lambda> at 0x7fa496287b30>
19573,2022-03-26 12:00:00,<function <lambda> at 0x7fa4962879f0>,<function <lambda> at 0x7fa496287a90>,<function <lambda> at 0x7fa496287b30>
19574,2022-03-26 13:00:00,<function <lambda> at 0x7fa4962879f0>,<function <lambda> at 0x7fa496287a90>,<function <lambda> at 0x7fa496287b30>
19575,2022-03-26 14:00:00,<function <lambda> at 0x7fa4962879f0>,<function <lambda> at 0x7fa496287a90>,<function <lambda> at 0x7fa496287b30>
19576,2022-03-26 15:00:00,<function <lambda> at 0x7fa4962879f0>,<function <lambda> at 0x7fa496287a90>,<function <lambda> at 0x7fa496287b30>
19577,2022-03-26 16:00:00,<function <lambda> at 0x7fa4962879f0>,<function <lambda> at 0x7fa496287a90>,<function <lambda> at 0x7fa496287b30>
19578,2022-03-26 17:00:00,<function <lambda> at 0x7fa4962879f0>,<function <lambda> at 0x7fa496287a90>,<function <lambda> at 0x7fa496287b30>
19579,2022-03-26 18:00:00,<function <lambda> at 0x7fa4962879f0>,<function <lambda> at 0x7fa496287a90>,<function <lambda> at 0x7fa496287b30>
19580,2022-03-26 19:00:00,<function <lambda> at 0x7fa4962879f0>,<function <lambda> at 0x7fa496287a90>,<function <lambda> at 0x7fa496287b30>
19581,2022-03-26 20:00:00,<function <lambda> at 0x7fa4962879f0>,<function <lambda> at 0x7fa496287a90>,<function <lambda> at 0x7fa496287b30>
19582,2022-03-26 21:00:00,<function <lambda> at 0x7fa4962879f0>,<function <lambda> at 0x7fa496287a90>,<function <lambda> at 0x7fa496287b30>
19583,2022-03-26 22:00:00,<function <lambda> at 0x7fa4962879f0>,<function <lambda> at 0x7fa496287a90>,<function <lambda> at 0x7fa496287b30>
19584,2022-03-26 23:00:00,<function <lambda> at 0x7fa4962879f0>,<function <lambda> at 0x7fa496287a90>,<function <lambda> at 0x7fa496287b30>
19585,2022-03-27 00:00:00,<function <lambda> at 0x7fa4962879f0>,<function <lambda> at 0x7fa496287a90>,<function <lambda> at 0x7fa496287b30>
19586,2022-03-27 01:00:00,<function <lambda> at 0x7fa4962879f0>,<function <lambda> at 0x7fa496287a90>,<function <lambda> at 0x7fa496287b30>
19587,2022-03-27 02:00:00,<function <lambda> at 0x7fa4962879f0>,<function <lambda> at 0x7fa496287a90>,<function <lambda> at 0x7fa496287b30>
19588,2022-03-27 03:00:00,<function <lambda> at 0x7fa4962879f0>,<function <lambda> at 0x7fa496287a90>,<function <lambda> at 0x7fa496287b30>
19589,2022-03-27 04:00:00,<function <lambda> at 0x7fa4962879f0>,<function <lambda> at 0x7fa496287a90>,<function <lambda> at 0x7fa496287b30>
19590,2022-03-27 05:00:00,<function <lambda> at 0x7fa4962879f0>,<function <lambda> at 0x7fa496287a90>,<function <lambda> at 0x7fa496287b30>
19591,2022-03-27 06:00:00,<function <lambda> at 0x7fa4962879f0>,<function <lambda> at 0x7fa496287a90>,<function <lambda> at 0x7fa496287b30>
19592,2022-03-27 07:00:00,<function <lambda> at 0x7fa4962879f0>,<function <lambda> at 0x7fa496287a90>,<function <lambda> at 0x7fa496287b30>
19593,2022-03-27 08:00:00,<function <lambda> at 0x7fa4962879f0>,<function <lambda> at 0x7fa496287a90>,<function <lambda> at 0x7fa496287b30>
19594,2022-03-27 09:00:00,<function <lambda> at 0x7fa4962879f0>,<function <lambda> at 0x7fa496287a90>,<function <lambda> at 0x7fa496287b30>
19595,2022-03-27 10:00:00,<function <lambda> at 0x7fa4962879f0>,<function <lambda> at 0x7fa496287a90>,<function <lambda> at 0x7fa496287b30>
19596,2022-03-27 11:00:00,<function <lambda> at 0x7fa4962879f0>,<function <lambda> at 0x7fa496287a90>,<function <lambda> at 0x7fa496287b30>
19597,2022-03-27 12:00:00,<function <lambda> at 0x7fa4962879f0>,<function <lambda> at 0x7fa496287a90>,<function <lambda> at 0x7fa496287b30>
19598,2022-03-27 13:00:00,<function <lambda> at 0x7fa4962879f0>,<function <lambda> at 0x7fa496287a90>,<function <lambda> at 0x7fa496287b30>
19599,2022-03-27 14:00:00,<function <lambda> at 0x7fa4962879f0>,<function <lambda> at 0x7fa496287a90>,<function <lambda> at 0x7fa496287b30>
19600,2022-03-27 15:00:00,<function <lambda> at 0x7fa4962879f0>,<function <lambda> at 0x7fa496287a90>,<function <lambda> at 0x7fa496287b30>
19601,2022-03-27 16:00:00,<function <lambda> at 0x7fa4962879f0>,<function <lambda> at 0x7fa496287a90>,<function <lambda> at 0x7fa496287b30>
19602,2022-03-27 17:00:00,<function <lambda> at 0x7fa4962879f0>,<function <lambda> at 0x7fa496287a90>,<function <lambda> at 0x7fa496287b30>
19603,2022-03-27 18:00:00,<function <lambda> at 0x7fa4962879f0>,<function <lambda> at 0x7fa496287a90>,<function <lambda> at 0x7fa496287b30>
19604,2022-03-27 19:00:00,<function <lambda> at 0x7fa4962879f0>,<function <lambda> at 0x7fa496287a90>,<function <lambda> at 0x7fa496287b30>
19605,2022-03-27 20:00:00,<function <lambda> at 0x7fa4962879f0>,<function <lambda> at 0x7fa496287a90>,<function <lambda> at 0x7fa496287b30>
19606,2022-03-27 21:00:00,<function <lambda> at 0x7fa4962879f0>,<function <lambda> at 0x7fa496287a90>,<function <lambda> at 0x7fa496287b30>
19607,2022-03-27 22:00:00,<function <lambda> at 0x7fa4962879f0>,<function <lambda> at 0x7fa496287a90>,<function <lambda> at 0x7fa496287b30>
19608,2022-03-27 23:00:00,<function <lambda> at 0x7fa4962879f0>,<function <lambda> at 0x7fa496287a90>,<function <lambda> at 0x7fa496287b30>
19609,2022-03-28 00:00:00,<function <lambda> at 0x7fa4962879f0>,<function <lambda> at 0x7fa496287a90>,<function <lambda> at 0x7fa496287b30>
19610,2022-03-28 01:00:00,<function <lambda> at 0x7fa4962879f0>,<function <lambda> at 0x7fa496287a90>,<function <lambda> at 0x7fa496287b30>
19611,2022-03-28 02:00:00,<function <lambda> at 0x7fa4962879f0>,<function <lambda> at 0x7fa496287a90>,<function <lambda> at 0x7fa496287b30>
19612,2022-03-28 03:00:00,<function <lambda> at 0x7fa4962879f0>,<function <lambda> at 0x7fa496287a90>,<function <lambda> at 0x7fa496287b30>
19613,2022-03-28 04:00:00,<function <lambda> at 0x7fa4962879f0>,<function <lambda> at 0x7fa496287a90>,<function <lambda> at 0x7fa496287b30>
19614,2022-03-28 05:00:00,<function <lambda> at 0x7fa4962879f0>,<function <lambda> at 0x7fa496287a90>,<function <lambda> at 0x7fa496287b30>
19615,2022-03-28 06:00:00,<function <lambda> at 0x7fa4962879f0>,<function <lambda> at 0x7fa496287a90>,<function <lambda> at 0x7fa496287b30>
19616,2022-03-28 07:00:00,<function <lambda> at 0x7fa4962879f0>,<function <lambda> at 0x7fa496287a90>,<function <lambda> at 0x7fa496287b30>
19617,2022-03-28 08:00:00,<function <lambda> at 0x7fa4962879f0>,<function <lambda> at 0x7fa496287a90>,<function <lambda> at 0x7fa496287b30>
19618,2022-03-28 09:00:00,<function <lambda> at 0x7fa4962879f0>,<function <lambda> at 0x7fa496287a90>,<function <lambda> at 0x7fa496287b30>
19619,2022-03-28 10:00:00,<function <lambda> at 0x7fa4962879f0>,<function <lambda> at 0x7fa496287a90>,<function <lambda> at 0x7fa496287b30>
19620,2022-03-28 11:00:00,<function <lambda> at 0x7fa4962879f0>,<function <lambda> at 0x7fa496287a90>,<function <lambda> at 0x7fa496287b30>
19621,2022-03-28 12:00:00,<function <lambda> at 0x7fa4962879f0>,<function <lambda> at 0x7fa496287a90>,<function <lambda> at 0x7fa496287b30>
19622,2022-03-28 13:00:00,<function <lambda> at 0x7fa4962879f0>,<function <lambda> at 0x7fa496287a90>,<function <lambda> at 0x7fa496287b30>
19623,2022-03-28 14:00:00,<function <lambda> at 0x7fa4962879f0>,<function <lambda> at 0x7fa496287a90>,<function <lambda> at 0x7fa496287b30>
19624,2022-03-28 15:00:00,<function <lambda> at 0x7fa4962879f0>,<function <lambda> at 0x7fa496287a90>,<function <lambda> at 0x7fa496287b30>
19625,2022-03-28 16:00:00,<function <lambda> at 0x7fa4962879f0>,<function <lambda> at 0x7fa496287a90>,<function <lambda> at 0x7fa496287b30>
19626,2022-03-28 17:00:00,<function <lambda> at 0x7fa4962879f0>,<function <lambda> at 0x7fa496287a90>,<function <lambda> at 0x7fa496287b30>
19627,2022-03-28 18:00:00,<function <lambda> at 0x7fa4962879f0>,<function <lambda> at 0x7fa496287a90>,<function <lambda> at 0x7fa496287b30>
19628,2022-03-28 19:00:00,<function <lambda> at 0x7fa4962879f0>,<function <lambda> at 0x7fa496287a90>,<function <lambda> at 0x7fa496287b30>
19629,2022-03-28 20:00:00,<function <lambda> at 0x7fa4962879f0>,<function <lambda> at 0x7fa496287a90>,<function <lambda> at 0x7fa496287b30>
19630,2022-03-28 21:00:00,<function <lambda> at 0x7fa4962879f0>,<function <lambda> at 0x7fa496287a90>,<function <lambda> at 0x7fa496287b30>
19631,2022-03-28 22:00:00,<function <lambda> at 0x7fa4962879f0>,<function <lambda> at 0x7fa496287a90>,<function <lambda> at 0x7fa496287b30>
19632,2022-03-28 23:00:00,<function <lambda> at 0x7fa4962879f0>,<function <lambda> at 0x7fa496287a90>,<function <lambda> at 0x7fa496287b30>
19633,2022-03-29 00:00:00,<function <lambda> at 0x7fa4962879f0>,<function <lambda> at 0x7fa496287a90>,<function <lambda> at 0x7fa496287b30>
19634,2022-03-29 01:00:00,<function <lambda> at 0x7fa4962879f0>,<function <lambda> at 0x7fa496287a90>,<function <lambda> at 0x7fa496287b30>
19635,2022-03-29 02:00:00,<function <lambda> at 0x7fa4962879f0>,<function <lambda> at 0x7fa496287a90>,<function <lambda> at 0x7fa496287b30>
19636,2022-03-29 03:00:00,<function <lambda> at 0x7fa4962879f0>,<function <lambda> at 0x7fa496287a90>,<function <lambda> at 0x7fa496287b30>
19637,2022-03-29 04:00:00,<function <lambda> at 0x7fa4962879f0>,<function <lambda> at 0x7fa496287a90>,<function <lambda> at 0x7fa496287b30>
19638,2022-03-29 05:00:00,<function <lambda> at 0x7fa4962879f0>,<function <lambda> at 0x7fa496287a90>,<function <lambda> at 0x7fa496287b30>
19639,2022-03-29 06:00:00,<function <lambda> at 0x7fa4962879f0>,<function <lambda> at 0x7fa496287a90>,<function <lambda> at 0x7fa496287b30>
19640,2022-03-29 07:00:00,<function <lambda> at 0x7fa4962879f0>,<function <lambda> at 0x7fa496287a90>,<function <lambda> at 0x7fa496287b30>
19641,2022-03-29 08:00:00,<function <lambda> at 0x7fa4962879f0>,<function <lambda> at 0x7fa496287a90>,<function <lambda> at 0x7fa496287b30>
19642,2022-03-29 09:00:00,<function <lambda> at 0x7fa4962879f0>,<function <lambda> at 0x7fa496287a90>,<function <lambda> at 0x7fa496287b30>
19643,2022-03-29 10:00:00,<function <lambda> at 0x7fa4962879f0>,<function <lambda> at 0x7fa496287a90>,<function <lambda> at 0x7fa496287b30>
19644,2022-03-29 11:00:00,<function <lambda> at 0x7fa4962879f0>,<function <lambda> at 0x7fa496287a90>,<function <lambda> at 0x7fa496287b30>
19645,2022-03-29 12:00:00,<function <lambda> at 0x7fa4962879f0>,<function <lambda> at 0x7fa496287a90>,<function <lambda> at 0x7fa496287b30>
19646,2022-03-29 13:00:00,<function <lambda> at 0x7fa4962879f0>,<function <lambda> at 0x7fa496287a90>,<function <lambda> at 0x7fa496287b30>
19647,2022-03-29 14:00:00,<function <lambda> at 0x7fa4962879f0>,<function <lambda> at 0x7fa496287a90>,<function <lambda> at 0x7fa496287b30>
19648,2022-03-29 15:00:00,<function <lambda> at 0x7fa4962879f0>,<function <lambda> at 0x7fa496287a90>,<function <lambda> at 0x7fa496287b30>
19649,2022-03-29 16:00:00,<function <lambda> at 0x7fa4962879f0>,<function <lambda> at 0x7fa496287a90>,<function <lambda> at 0x7fa496287b30>
19650,2022-03-29 17:00:00,<function <lambda> at 0x7fa4962879f0>,<function <lambda> at 0x7fa496287a90>,<function <lambda> at 0x7fa496287b30>
19651,2022-03-29 18:00:00,<function <lambda> at 0x7fa4962879f0>,<function <lambda> at 0x7fa496287a90>,<function <lambda> at 0x7fa496287b30>
19652,2022-03-29 19:00:00,<function <lambda> at 0x7fa4962879f0>,<function <lambda> at 0x7fa496287a90>,<function <lambda> at 0x7fa496287b30>
19653,2022-03-29 20:00:00,<function <lambda> at 0x7fa4962879f0>,<function <lambda> at 0x7fa496287a90>,<function <lambda> at 0x7fa496287b30>
19654,2022-03-29 21:00:00,<function <lambda> at 0x7fa4962879f0>,<function <lambda> at 0x7fa496287a90>,<function <lambda> at 0x7fa496287b30>
19655,2022-03-29 22:00:00,<function <lambda> at 0x7fa4962879f0>,<function <lambda> at 0x7fa496287a90>,<function <lambda> at 0x7fa496287b30>
19656,2022-03-29 23:00:00,<function <lambda> at 0x7fa4962879f0>,<function <lambda> at 0x7fa496287a90>,<function <lambda> at 0x7fa496287b30>
19657,2022-03-30 00:00:00,<function <lambda> at 0x7fa4962879f0>,<function <lambda> at 0x7fa496287a90>,<function <lambda> at 0x7fa496287b30>
19658,2022-03-30 01:00:00,<function <lambda> at 0x7fa4962879f0>,<function <lambda> at 0x7fa496287a90>,<function <lambda> at 0x7fa496287b30>
19659,2022-03-30 02:00:00,<function <lambda> at 0x7fa4962879f0>,<function <lambda> at 0x7fa496287a90>,<function <lambda> at 0x7fa496287b30>
19660,2022-03-30 03:00:00,<function <lambda> at 0x7fa4962879f0>,<function <lambda> at 0x7fa496287a90>,<function <lambda> at 0x7fa496287b30>
19661,2022-03-30 04:00:00,<function <lambda> at 0x7fa4962879f0>,<function <lambda> at 0x7fa496287a90>,<function <lambda> at 0x7fa496287b30>
19662,2022-03-30 05:00:00,<function <lambda> at 0x7fa4962879f0>,<function <lambda> at 0x7fa496287a90>,<function <lambda> at 0x7fa496287b30>
19663,2022-03-30 06:00:00,<function <lambda> at 0x7fa4962879f0>,<function <lambda> at 0x7fa496287a90>,<function <lambda> at 0x7fa496287b30>
19664,2022-03-30 07:00:00,<function <lambda> at 0x7fa4962879f0>,<function <lambda> at 0x7fa496287a90>,<function <lambda> at 0x7fa496287b30>
19665,2022-03-30 08:00:00,<function <lambda> at 0x7fa4962879f0>,<function <lambda> at 0x7fa496287a90>,<function <lambda> at 0x7fa496287b30>
19666,2022-03-30 09:00:00,<function <lambda> at 0x7fa4962879f0>,<function <lambda> at 0x7fa496287a90>,<function <lambda> at 0x7fa496287b30>
19667,2022-03-30 10:00:00,<function <lambda> at 0x7fa4962879f0>,<function <lambda> at 0x7fa496287a90>,<function <lambda> at 0x7fa496287b30>
19668,2022-03-30 11:00:00,<function <lambda> at 0x7fa4962879f0>,<function <lambda> at 0x7fa496287a90>,<function <lambda> at 0x7fa496287b30>
19669,2022-03-30 12:00:00,<function <lambda> at 0x7fa4962879f0>,<function <lambda> at 0x7fa496287a90>,<function <lambda> at 0x7fa496287b30>
19670,2022-03-30 13:00:00,<function <lambda> at 0x7fa4962879f0>,<function <lambda> at 0x7fa496287a90>,<function <lambda> at 0x7fa496287b30>
19671,2022-03-30 14:00:00,<function <lambda> at 0x7fa4962879f0>,<function <lambda> at 0x7fa496287a90>,<function <lambda> at 0x7fa496287b30>
19672,2022-03-30 15:00:00,<function <lambda> at 0x7fa4962879f0>,<function <lambda> at 0x7fa496287a90>,<function <lambda> at 0x7fa496287b30>
19673,2022-03-30 16:00:00,<function <lambda> at 0x7fa4962879f0>,<function <lambda> at 0x7fa496287a90>,<function <lambda> at 0x7fa496287b30>
19674,2022-03-30 17:00:00,<function <lambda> at 0x7fa4962879f0>,<function <lambda> at 0x7fa496287a90>,<function <lambda> at 0x7fa496287b30>
19675,2022-03-30 18:00:00,<function <lambda> at 0x7fa4962879f0>,<function <lambda> at 0x7fa496287a90>,<function <lambda> at 0x7fa496287b30>
19676,2022-03-30 19:00:00,<function <lambda> at 0x7fa4962879f0>,<function <lambda> at 0x7fa496287a90>,<function <lambda> at 0x7fa496287b30>
19677,2022-03-30 20:00:00,<function <lambda> at 0x7fa4962879f0>,<function <lambda> at 0x7fa496287a90>,<function <lambda> at 0x7fa496287b30>
19678,2022-03-30 21:00:00,<function <lambda> at 0x7fa4962879f0>,<function <lambda> at 0x7fa496287a90>,<function <lambda> at 0x7fa496287b30>
19679,2022-03-30 22:00:00,<function <lambda> at 0x7fa4962879f0>,<function <lambda> at 0x7fa496287a90>,<function <lambda> at 0x7fa496287b30>
19680,2022-03-30 23:00:00,<function <lambda> at 0x7fa4962879f0>,<function <lambda> at 0x7fa496287a90>,<function <lambda> at 0x7fa496287b30>
19681,2022-03-31 00:00:00,<function <lambda> at 0x7fa4962879f0>,<function <lambda> at 0x7fa496287a90>,<function <lambda> at 0x7fa496287b30>
19682,2022-03-31 01:00:00,<function <lambda> at 0x7fa4962879f0>,<function <lambda> at 0x7fa496287a90>,<function <lambda> at 0x7fa496287b30>
19683,2022-03-31 02:00:00,<function <lambda> at 0x7fa4962879f0>,<function <lambda> at 0x7fa496287a90>,<function <lambda> at 0x7fa496287b30>
19684,2022-03-31 03:00:00,<function <lambda> at 0x7fa4962879f0>,<function <lambda> at 0x7fa496287a90>,<function <lambda> at 0x7fa496287b30>
19685,2022-03-31 04:00:00,<function <lambda> at 0x7fa4962879f0>,<function <lambda> at 0x7fa496287a90>,<function <lambda> at 0x7fa496287b30>
19686,2022-03-31 05:00:00,<function <lambda> at 0x7fa4962879f0>,<function <lambda> at 0x7fa496287a90>,<function <lambda> at 0x7fa496287b30>
19687,2022-03-31 06:00:00,<function <lambda> at 0x7fa4962879f0>,<function <lambda> at 0x7fa496287a90>,<function <lambda> at 0x7fa496287b30>
19688,2022-03-31 07:00:00,<function <lambda> at 0x7fa4962879f0>,<function <lambda> at 0x7fa496287a90>,<function <lambda> at 0x7fa496287b30>
19689,2022-03-31 08:00:00,<function <lambda> at 0x7fa4962879f0>,<function <lambda> at 0x7fa496287a90>,<function <lambda> at 0x7fa496287b30>
19690,2022-03-31 09:00:00,<function <lambda> at 0x7fa4962879f0>,<function <lambda> at 0x7fa496287a90>,<function <lambda> at 0x7fa496287b30>
19691,2022-03-31 10:00:00,<function <lambda> at 0x7fa4962879f0>,<function <lambda> at 0x7fa496287a90>,<function <lambda> at 0x7fa496287b30>
19692,2022-03-31 11:00:00,<function <lambda> at 0x7fa4962879f0>,<function <lambda> at 0x7fa496287a90>,<function <lambda> at 0x7fa496287b30>
19693,2022-03-31 12:00:00,<function <lambda> at 0x7fa4962879f0>,<function <lambda> at 0x7fa496287a90>,<function <lambda> at 0x7fa496287b30>
19694,2022-03-31 13:00:00,<function <lambda> at 0x7fa4962879f0>,<function <lambda> at 0x7fa496287a90>,<function <lambda> at 0x7fa496287b30>
19695,2022-03-31 14:00:00,<function <lambda> at 0x7fa4962879f0>,<function <lambda> at 0x7fa496287a90>,<function <lambda> at 0x7fa496287b30>
19696,2022-03-31 15:00:00,<function <lambda> at 0x7fa4962879f0>,<function <lambda> at 0x7fa496287a90>,<function <lambda> at 0x7fa496287b30>
19697,2022-03-31 16:00:00,<function <lambda> at 0x7fa4962879f0>,<function <lambda> at 0x7fa496287a90>,<function <lambda> at 0x7fa496287b30>
19698,2022-03-31 17:00:00,<function <lambda> at 0x7fa4962879f0>,<function <lambda> at 0x7fa496287a90>,<function <lambda> at 0x7fa496287b30>
19699,2022-03-31 18:00:00,<function <lambda> at 0x7fa4962879f0>,<function <lambda> at 0x7fa496287a90>,<function <lambda> at 0x7fa496287b30>
19700,2022-03-31 19:00:00,<function <lambda> at 0x7fa4962879f0>,<function <lambda> at 0x7fa496287a90>,<function <lambda> at 0x7fa496287b30>
19701,2022-03-31 20:00:00,<function <lambda> at 0x7fa4962879f0>,<function <lambda> at 0x7fa496287a90>,<function <lambda> at 0x7fa496287b30>
19702,2022-03-31 21:00:00,<function <lambda> at 0x7fa4962879f0>,<function <lambda> at 0x7fa496287a90>,<function <lambda> at 0x7fa496287b30>
19703,2022-03-31 22:00:00,<function <lambda> at 0x7fa4962879f0>,<function <lambda> at 0x7fa496287a90>,<function <lambda> at 0x7fa496287b30>
19704,2022-03-31 23:00:00,<function <lambda> at 0x7fa4962879f0>,<function <lambda> at 0x7fa496287a90>,<function <lambda> at 0x7fa496287b30>
19705,2022-04-01 00:00:00,<function <lambda> at 0x7fa4962879f0>,<function <lambda> at 0x7fa496287a90>,<function <lambda> at 0x7fa496287b30>
19706,2022-04-01 01:00:00,<function <lambda> at 0x7fa4962879f0>,<function <lambda> at 0x7fa496287a90>,<function <lambda> at 0x7fa496287b30>
19707,2022-04-01 02:00:00,<function <lambda> at 0x7fa4962879f0>,<function <lambda> at 0x7fa496287a90>,<function <lambda> at 0x7fa496287b30>
19708,2022-04-01 03:00:00,<function <lambda> at 0x7fa4962879f0>,<function <lambda> at 0x7fa496287a90>,<function <lambda> at 0x7fa496287b30>
19709,2022-04-01 04:00:00,<function <lambda> at 0x7fa4962879f0>,<function <lambda> at 0x7fa496287a90>,<function <lambda> at 0x7fa496287b30>
19710,2022-04-01 05:00:00,<function <lambda> at 0x7fa4962879f0>,<function <lambda> at 0x7fa496287a90>,<function <lambda> at 0x7fa496287b30>
19711,2022-04-01 06:00:00,<function <lambda> at 0x7fa4962879f0>,<function <lambda> at 0x7fa496287a90>,<function <lambda> at 0x7fa496287b30>
19712,2022-04-01 07:00:00,<function <lambda> at 0x7fa4962879f0>,<function <lambda> at 0x7fa496287a90>,<function <lambda> at 0x7fa496287b30>
19713,2022-04-01 08:00:00,<function <lambda> at 0x7fa4962879f0>,<function <lambda> at 0x7fa496287a90>,<function <lambda> at 0x7fa496287b30>
19714,2022-04-01 09:00:00,<function <lambda> at 0x7fa4962879f0>,<function <lambda> at 0x7fa496287a90>,<function <lambda> at 0x7fa496287b30>
19715,2022-04-01 10:00:00,<function <lambda> at 0x7fa4962879f0>,<function <lambda> at 0x7fa496287a90>,<function <lambda> at 0x7fa496287b30>
19716,2022-04-01 11:00:00,<function <lambda> at 0x7fa4962879f0>,<function <lambda> at 0x7fa496287a90>,<function <lambda> at 0x7fa496287b30>
19717,2022-04-01 12:00:00,<function <lambda> at 0x7fa4962879f0>,<function <lambda> at 0x7fa496287a90>,<function <lambda> at 0x7fa496287b30>
19718,2022-04-01 13:00:00,<function <lambda> at 0x7fa4962879f0>,<function <lambda> at 0x7fa496287a90>,<function <lambda> at 0x7fa496287b30>
19719,2022-04-01 14:00:00,<function <lambda> at 0x7fa4962879f0>,<function <lambda> at 0x7fa496287a90>,<function <lambda> at 0x7fa496287b30>
19720,2022-04-01 15:00:00,<function <lambda> at 0x7fa4962879f0>,<function <lambda> at 0x7fa496287a90>,<function <lambda> at 0x7fa496287b30>
19721,2022-04-01 16:00:00,<function <lambda> at 0x7fa4962879f0>,<function <lambda> at 0x7fa496287a90>,<function <lambda> at 0x7fa496287b30>
19722,2022-04-01 17:00:00,<function <lambda> at 0x7fa4962879f0>,<function <lambda> at 0x7fa496287a90>,<function <lambda> at 0x7fa496287b30>
19723,2022-04-01 18:00:00,<function <lambda> at 0x7fa4962879f0>,<function <lambda> at 0x7fa496287a90>,<function <lambda> at 0x7fa496287b30>
19724,2022-04-01 19:00:00,<function <lambda> at 0x7fa4962879f0>,<function <lambda> at 0x7fa496287a90>,<function <lambda> at 0x7fa496287b30>
19725,2022-04-01 20:00:00,<function <lambda> at 0x7fa4962879f0>,<function <lambda> at 0x7fa496287a90>,<function <lambda> at 0x7fa496287b30>
19726,2022-04-01 21:00:00,<function <lambda> at 0x7fa4962879f0>,<function <lambda> at 0x7fa496287a90>,<function <lambda> at 0x7fa496287b30>
19727,2022-04-01 22:00:00,<function <lambda> at 0x7fa4962879f0>,<function <lambda> at 0x7fa496287a90>,<function <lambda> at 0x7fa496287b30>
19728,2022-04-01 23:00:00,<function <lambda> at 0x7fa4962879f0>,<function <lambda> at 0x7fa496287a90>,<function <lambda> at 0x7fa496287b30>
19729,2022-04-02 00:00:00,<function <lambda> at 0x7fa4962879f0>,<function <lambda> at 0x7fa496287a90>,<function <lambda> at 0x7fa496287b30>
19730,2022-04-02 01:00:00,<function <lambda> at 0x7fa4962879f0>,<function <lambda> at 0x7fa496287a90>,<function <lambda> at 0x7fa496287b30>
19731,2022-04-02 02:00:00,<function <lambda> at 0x7fa4962879f0>,<function <lambda> at 0x7fa496287a90>,<function <lambda> at 0x7fa496287b30>
19732,2022-04-02 03:00:00,<function <lambda> at 0x7fa4962879f0>,<function <lambda> at 0x7fa496287a90>,<function <lambda> at 0x7fa496287b30>
19733,2022-04-02 04:00:00,<function <lambda> at 0x7fa4962879f0>,<function <lambda> at 0x7fa496287a90>,<function <lambda> at 0x7fa496287b30>
19734,2022-04-02 05:00:00,<function <lambda> at 0x7fa4962879f0>,<function <lambda> at 0x7fa496287a90>,<function <lambda> at 0x7fa496287b30>
19735,2022-04-02 06:00:00,<function <lambda> at 0x7fa4962879f0>,<function <lambda> at 0x7fa496287a90>,<function <lambda> at 0x7fa496287b30>
19736,2022-04-02 07:00:00,<function <lambda> at 0x7fa4962879f0>,<function <lambda> at 0x7fa496287a90>,<function <lambda> at 0x7fa496287b30>
19737,2022-04-02 08:00:00,<function <lambda> at 0x7fa4962879f0>,<function <lambda> at 0x7fa496287a90>,<function <lambda> at 0x7fa496287b30>
19738,2022-04-02 09:00:00,<function <lambda> at 0x7fa4962879f0>,<function <lambda> at 0x7fa496287a90>,<function <lambda> at 0x7fa496287b30>
19739,2022-04-02 10:00:00,<function <lambda> at 0x7fa4962879f0>,<function <lambda> at 0x7fa496287a90>,<function <lambda> at 0x7fa496287b30>
19740,2022-04-02 11:00:00,<function <lambda> at 0x7fa4962879f0>,<function <lambda> at 0x7fa496287a90>,<function <lambda> at 0x7fa496287b30>
19741,2022-04-02 12:00:00,<function <lambda> at 0x7fa4962879f0>,<function <lambda> at 0x7fa496287a90>,<function <lambda> at 0x7fa496287b30>
19742,2022-04-02 13:00:00,<function <lambda> at 0x7fa4962879f0>,<function <lambda> at 0x7fa496287a90>,<function <lambda> at 0x7fa496287b30>
19743,2022-04-02 14:00:00,<function <lambda> at 0x7fa4962879f0>,<function <lambda> at 0x7fa496287a90>,<function <lambda> at 0x7fa496287b30>
19744,2022-04-02 15:00:00,<function <lambda> at 0x7fa4962879f0>,<function <lambda> at 0x7fa496287a90>,<function <lambda> at 0x7fa496287b30>
19745,2022-04-02 16:00:00,<function <lambda> at 0x7fa4962879f0>,<function <lambda> at 0x7fa496287a90>,<function <lambda> at 0x7fa496287b30>
19746,2022-04-02 17:00:00,<function <lambda> at 0x7fa4962879f0>,<function <lambda> at 0x7fa496287a90>,<function <lambda> at 0x7fa496287b30>
19747,2022-04-02 18:00:00,<function <lambda> at 0x7fa4962879f0>,<function <lambda> at 0x7fa496287a90>,<function <lambda> at 0x7fa496287b30>
19748,2022-04-02 19:00:00,<function <lambda> at 0x7fa4962879f0>,<function <lambda> at 0x7fa496287a90>,<function <lambda> at 0x7fa496287b30>
19749,2022-04-02 20:00:00,<function <lambda> at 0x7fa4962879f0>,<function <lambda> at 0x7fa496287a90>,<function <lambda> at 0x7fa496287b30>
19750,2022-04-02 21:00:00,<function <lambda> at 0x7fa4962879f0>,<function <lambda> at 0x7fa496287a90>,<function <lambda> at 0x7fa496287b30>
19751,2022-04-02 22:00:00,<function <lambda> at 0x7fa4962879f0>,<function <lambda> at 0x7fa496287a90>,<function <lambda> at 0x7fa496287b30>
19752,2022-04-02 23:00:00,<function <lambda> at 0x7fa4962879f0>,<function <lambda> at 0x7fa496287a90>,<function <lambda> at 0x7fa496287b30>
19753,2022-04-03 00:00:00,<function <lambda> at 0x7fa4962879f0>,<function <lambda> at 0x7fa496287a90>,<function <lambda> at 0x7fa496287b30>
19754,2022-04-03 01:00:00,<function <lambda> at 0x7fa4962879f0>,<function <lambda> at 0x7fa496287a90>,<function <lambda> at 0x7fa496287b30>
19755,2022-04-03 02:00:00,<function <lambda> at 0x7fa4962879f0>,<function <lambda> at 0x7fa496287a90>,<function <lambda> at 0x7fa496287b30>
19756,2022-04-03 03:00:00,<function <lambda> at 0x7fa4962879f0>,<function <lambda> at 0x7fa496287a90>,<function <lambda> at 0x7fa496287b30>
19757,2022-04-03 04:00:00,<function <lambda> at 0x7fa4962879f0>,<function <lambda> at 0x7fa496287a90>,<function <lambda> at 0x7fa496287b30>
19758,2022-04-03 05:00:00,<function <lambda> at 0x7fa4962879f0>,<function <lambda> at 0x7fa496287a90>,<function <lambda> at 0x7fa496287b30>
19759,2022-04-03 06:00:00,<function <lambda> at 0x7fa4962879f0>,<function <lambda> at 0x7fa496287a90>,<function <lambda> at 0x7fa496287b30>
19760,2022-04-03 07:00:00,<function <lambda> at 0x7fa4962879f0>,<function <lambda> at 0x7fa496287a90>,<function <lambda> at 0x7fa496287b30>
19761,2022-04-03 08:00:00,<function <lambda> at 0x7fa4962879f0>,<function <lambda> at 0x7fa496287a90>,<function <lambda> at 0x7fa496287b30>
19762,2022-04-03 09:00:00,<function <lambda> at 0x7fa4962879f0>,<function <lambda> at 0x7fa496287a90>,<function <lambda> at 0x7fa496287b30>
19763,2022-04-03 10:00:00,<function <lambda> at 0x7fa4962879f0>,<function <lambda> at 0x7fa496287a90>,<function <lambda> at 0x7fa496287b30>
19764,2022-04-03 11:00:00,<function <lambda> at 0x7fa4962879f0>,<function <lambda> at 0x7fa496287a90>,<function <lambda> at 0x7fa496287b30>
19765,2022-04-03 12:00:00,<function <lambda> at 0x7fa4962879f0>,<function <lambda> at 0x7fa496287a90>,<function <lambda> at 0x7fa496287b30>
19766,2022-04-03 13:00:00,<function <lambda> at 0x7fa4962879f0>,<function <lambda> at 0x7fa496287a90>,<function <lambda> at 0x7fa496287b30>
19767,2022-04-03 14:00:00,<function <lambda> at 0x7fa4962879f0>,<function <lambda> at 0x7fa496287a90>,<function <lambda> at 0x7fa496287b30>
19768,2022-04-03 15:00:00,<function <lambda> at 0x7fa4962879f0>,<function <lambda> at 0x7fa496287a90>,<function <lambda> at 0x7fa496287b30>
19769,2022-04-03 16:00:00,<function <lambda> at 0x7fa4962879f0>,<function <lambda> at 0x7fa496287a90>,<function <lambda> at 0x7fa496287b30>
19770,2022-04-03 17:00:00,<function <lambda> at 0x7fa4962879f0>,<function <lambda> at 0x7fa496287a90>,<function <lambda> at 0x7fa496287b30>
19771,2022-04-03 18:00:00,<function <lambda> at 0x7fa4962879f0>,<function <lambda> at 0x7fa496287a90>,<function <lambda> at 0x7fa496287b30>
19772,2022-04-03 19:00:00,<function <lambda> at 0x7fa4962879f0>,<function <lambda> at 0x7fa496287a90>,<function <lambda> at 0x7fa496287b30>
19773,2022-04-03 20:00:00,<function <lambda> at 0x7fa4962879f0>,<function <lambda> at 0x7fa496287a90>,<function <lambda> at 0x7fa496287b30>
19774,2022-04-03 21:00:00,<function <lambda> at 0x7fa4962879f0>,<function <lambda> at 0x7fa496287a90>,<function <lambda> at 0x7fa496287b30>
19775,2022-04-03 22:00:00,<function <lambda> at 0x7fa4962879f0>,<function <lambda> at 0x7fa496287a90>,<function <lambda> at 0x7fa496287b30>
19776,2022-04-03 23:00:00,<function <lambda> at 0x7fa4962879f0>,<function <lambda> at 0x7fa496287a90>,<function <lambda> at 0x7fa496287b30>
19777,2022-04-04 00:00:00,<function <lambda> at 0x7fa4962879f0>,<function <lambda> at 0x7fa496287a90>,<function <lambda> at 0x7fa496287b30>
19778,2022-04-04 01:00:00,<function <lambda> at 0x7fa4962879f0>,<function <lambda> at 0x7fa496287a90>,<function <lambda> at 0x7fa496287b30>
19779,2022-04-04 02:00:00,<function <lambda> at 0x7fa4962879f0>,<function <lambda> at 0x7fa496287a90>,<function <lambda> at 0x7fa496287b30>
19780,2022-04-04 03:00:00,<function <lambda> at 0x7fa4962879f0>,<function <lambda> at 0x7fa496287a90>,<function <lambda> at 0x7fa496287b30>
19781,2022-04-04 04:00:00,<function <lambda> at 0x7fa4962879f0>,<function <lambda> at 0x7fa496287a90>,<function <lambda> at 0x7fa496287b30>
19782,2022-04-04 05:00:00,<function <lambda> at 0x7fa4962879f0>,<function <lambda> at 0x7fa496287a90>,<function <lambda> at 0x7fa496287b30>
19783,2022-04-04 06:00:00,<function <lambda> at 0x7fa4962879f0>,<function <lambda> at 0x7fa496287a90>,<function <lambda> at 0x7fa496287b30>
19784,2022-04-04 07:00:00,<function <lambda> at 0x7fa4962879f0>,<function <lambda> at 0x7fa496287a90>,<function <lambda> at 0x7fa496287b30>
19785,2022-04-04 08:00:00,<function <lambda> at 0x7fa4962879f0>,<function <lambda> at 0x7fa496287a90>,<function <lambda> at 0x7fa496287b30>
19786,2022-04-04 09:00:00,<function <lambda> at 0x7fa4962879f0>,<function <lambda> at 0x7fa496287a90>,<function <lambda> at 0x7fa496287b30>
19787,2022-04-04 10:00:00,<function <lambda> at 0x7fa4962879f0>,<function <lambda> at 0x7fa496287a90>,<function <lambda> at 0x7fa496287b30>
19788,2022-04-04 11:00:00,<function <lambda> at 0x7fa4962879f0>,<function <lambda> at 0x7fa496287a90>,<function <lambda> at 0x7fa496287b30>
19789,2022-04-04 12:00:00,<function <lambda> at 0x7fa4962879f0>,<function <lambda> at 0x7fa496287a90>,<function <lambda> at 0x7fa496287b30>
19790,2022-04-04 13:00:00,<function <lambda> at 0x7fa4962879f0>,<function <lambda> at 0x7fa496287a90>,<function <lambda> at 0x7fa496287b30>
19791,2022-04-04 14:00:00,<function <lambda> at 0x7fa4962879f0>,<function <lambda> at 0x7fa496287a90>,<function <lambda> at 0x7fa496287b30>
19792,2022-04-04 15:00:00,<function <lambda> at 0x7fa4962879f0>,<function <lambda> at 0x7fa496287a90>,<function <lambda> at 0x7fa496287b30>
19793,2022-04-04 16:00:00,<function <lambda> at 0x7fa4962879f0>,<function <lambda> at 0x7fa496287a90>,<function <lambda> at 0x7fa496287b30>
19794,2022-04-04 17:00:00,<function <lambda> at 0x7fa4962879f0>,<function <lambda> at 0x7fa496287a90>,<function <lambda> at 0x7fa496287b30>
19795,2022-04-04 18:00:00,<function <lambda> at 0x7fa4962879f0>,<function <lambda> at 0x7fa496287a90>,<function <lambda> at 0x7fa496287b30>
19796,2022-04-04 19:00:00,<function <lambda> at 0x7fa4962879f0>,<function <lambda> at 0x7fa496287a90>,<function <lambda> at 0x7fa496287b30>
19797,2022-04-04 20:00:00,<function <lambda> at 0x7fa4962879f0>,<function <lambda> at 0x7fa496287a90>,<function <lambda> at 0x7fa496287b30>
19798,2022-04-04 21:00:00,<function <lambda> at 0x7fa4962879f0>,<function <lambda> at 0x7fa496287a90>,<function <lambda> at 0x7fa496287b30>
19799,2022-04-04 22:00:00,<function <lambda> at 0x7fa4962879f0>,<function <lambda> at 0x7fa496287a90>,<function <lambda> at 0x7fa496287b30>
19800,2022-04-04 23:00:00,<function <lambda> at 0x7fa4962879f0>,<function <lambda> at 0x7fa496287a90>,<function <lambda> at 0x7fa496287b30>
19801,2022-04-05 00:00:00,<function <lambda> at 0x7fa4962879f0>,<function <lambda> at 0x7fa496287a90>,<function <lambda> at 0x7fa496287b30>
19802,2022-04-05 01:00:00,<function <lambda> at 0x7fa4962879f0>,<function <lambda> at 0x7fa496287a90>,<function <lambda> at 0x7fa496287b30>
19803,2022-04-05 02:00:00,<function <lambda> at 0x7fa4962879f0>,<function <lambda> at 0x7fa496287a90>,<function <lambda> at 0x7fa496287b30>
19804,2022-04-05 03:00:00,<function <lambda> at 0x7fa4962879f0>,<function <lambda> at 0x7fa496287a90>,<function <lambda> at 0x7fa496287b30>
19805,2022-04-05 04:00:00,<function <lambda> at 0x7fa4962879f0>,<function <lambda> at 0x7fa496287a90>,<function <lambda> at 0x7fa496287b30>
19806,2022-04-05 05:00:00,<function <lambda> at 0x7fa4962879f0>,<function <lambda> at 0x7fa496287a90>,<function <lambda> at 0x7fa496287b30>
19807,2022-04-05 06:00:00,<function <lambda> at 0x7fa4962879f0>,<function <lambda> at 0x7fa496287a90>,<function <lambda> at 0x7fa496287b30>
19808,2022-04-05 07:00:00,<function <lambda> at 0x7fa4962879f0>,<function <lambda> at 0x7fa496287a90>,<function <lambda> at 0x7fa496287b30>
19809,2022-04-05 08:00:00,<function <lambda> at 0x7fa4962879f0>,<function <lambda> at 0x7fa496287a90>,<function <lambda> at 0x7fa496287b30>
19810,2022-04-05 09:00:00,<function <lambda> at 0x7fa4962879f0>,<function <lambda> at 0x7fa496287a90>,<function <lambda> at 0x7fa496287b30>
19811,2022-04-05 10:00:00,<function <lambda> at 0x7fa4962879f0>,<function <lambda> at 0x7fa496287a90>,<function <lambda> at 0x7fa496287b30>
19812,2022-04-05 11:00:00,<function <lambda> at 0x7fa4962879f0>,<function <lambda> at 0x7fa496287a90>,<function <lambda> at 0x7fa496287b30>
19813,2022-04-05 12:00:00,<function <lambda> at 0x7fa4962879f0>,<function <lambda> at 0x7fa496287a90>,<function <lambda> at 0x7fa496287b30>
19814,2022-04-05 13:00:00,<function <lambda> at 0x7fa4962879f0>,<function <lambda> at 0x7fa496287a90>,<function <lambda> at 0x7fa496287b30>
19815,2022-04-05 14:00:00,<function <lambda> at 0x7fa4962879f0>,<function <lambda> at 0x7fa496287a90>,<function <lambda> at 0x7fa496287b30>
19816,2022-04-05 15:00:00,<function <lambda> at 0x7fa4962879f0>,<function <lambda> at 0x7fa496287a90>,<function <lambda> at 0x7fa496287b30>
19817,2022-04-05 16:00:00,<function <lambda> at 0x7fa4962879f0>,<function <lambda> at 0x7fa496287a90>,<function <lambda> at 0x7fa496287b30>
19818,2022-04-05 17:00:00,<function <lambda> at 0x7fa4962879f0>,<function <lambda> at 0x7fa496287a90>,<function <lambda> at 0x7fa496287b30>
19819,2022-04-05 18:00:00,<function <lambda> at 0x7fa4962879f0>,<function <lambda> at 0x7fa496287a90>,<function <lambda> at 0x7fa496287b30>
19820,2022-04-05 19:00:00,<function <lambda> at 0x7fa4962879f0>,<function <lambda> at 0x7fa496287a90>,<function <lambda> at 0x7fa496287b30>
19821,2022-04-05 20:00:00,<function <lambda> at 0x7fa4962879f0>,<function <lambda> at 0x7fa496287a90>,<function <lambda> at 0x7fa496287b30>
19822,2022-04-05 21:00:00,<function <lambda> at 0x7fa4962879f0>,<function <lambda> at 0x7fa496287a90>,<function <lambda> at 0x7fa496287b30>
19823,2022-04-05 22:00:00,<function <lambda> at 0x7fa4962879f0>,<function <lambda> at 0x7fa496287a90>,<function <lambda> at 0x7fa496287b30>
19824,2022-04-05 23:00:00,<function <lambda> at 0x7fa4962879f0>,<function <lambda> at 0x7fa496287a90>,<function <lambda> at 0x7fa496287b30>
19825,2022-04-06 00:00:00,<function <lambda> at 0x7fa4962879f0>,<function <lambda> at 0x7fa496287a90>,<function <lambda> at 0x7fa496287b30>
19826,2022-04-06 01:00:00,<function <lambda> at 0x7fa4962879f0>,<function <lambda> at 0x7fa496287a90>,<function <lambda> at 0x7fa496287b30>
19827,2022-04-06 02:00:00,<function <lambda> at 0x7fa4962879f0>,<function <lambda> at 0x7fa496287a90>,<function <lambda> at 0x7fa496287b30>
19828,2022-04-06 03:00:00,<function <lambda> at 0x7fa4962879f0>,<function <lambda> at 0x7fa496287a90>,<function <lambda> at 0x7fa496287b30>
19829,2022-04-06 04:00:00,<function <lambda> at 0x7fa4962879f0>,<function <lambda> at 0x7fa496287a90>,<function <lambda> at 0x7fa496287b30>
19830,2022-04-06 05:00:00,<function <lambda> at 0x7fa4962879f0>,<function <lambda> at 0x7fa496287a90>,<function <lambda> at 0x7fa496287b30>
19831,2022-04-06 06:00:00,<function <lambda> at 0x7fa4962879f0>,<function <lambda> at 0x7fa496287a90>,<function <lambda> at 0x7fa496287b30>
19832,2022-04-06 07:00:00,<function <lambda> at 0x7fa4962879f0>,<function <lambda> at 0x7fa496287a90>,<function <lambda> at 0x7fa496287b30>
19833,2022-04-06 08:00:00,<function <lambda> at 0x7fa4962879f0>,<function <lambda> at 0x7fa496287a90>,<function <lambda> at 0x7fa496287b30>
19834,2022-04-06 09:00:00,<function <lambda> at 0x7fa4962879f0>,<function <lambda> at 0x7fa496287a90>,<function <lambda> at 0x7fa496287b30>
19835,2022-04-06 10:00:00,<function <lambda> at 0x7fa4962879f0>,<function <lambda> at 0x7fa496287a90>,<function <lambda> at 0x7fa496287b30>
19836,2022-04-06 11:00:00,<function <lambda> at 0x7fa4962879f0>,<function <lambda> at 0x7fa496287a90>,<function <lambda> at 0x7fa496287b30>
19837,2022-04-06 12:00:00,<function <lambda> at 0x7fa4962879f0>,<function <lambda> at 0x7fa496287a90>,<function <lambda> at 0x7fa496287b30>
19838,2022-04-06 13:00:00,<function <lambda> at 0x7fa4962879f0>,<function <lambda> at 0x7fa496287a90>,<function <lambda> at 0x7fa496287b30>
19839,2022-04-06 14:00:00,<function <lambda> at 0x7fa4962879f0>,<function <lambda> at 0x7fa496287a90>,<function <lambda> at 0x7fa496287b30>
19840,2022-04-06 15:00:00,<function <lambda> at 0x7fa4962879f0>,<function <lambda> at 0x7fa496287a90>,<function <lambda> at 0x7fa496287b30>
19841,2022-04-06 16:00:00,<function <lambda> at 0x7fa4962879f0>,<function <lambda> at 0x7fa496287a90>,<function <lambda> at 0x7fa496287b30>
19842,2022-04-06 17:00:00,<function <lambda> at 0x7fa4962879f0>,<function <lambda> at 0x7fa496287a90>,<function <lambda> at 0x7fa496287b30>
19843,2022-04-06 18:00:00,<function <lambda> at 0x7fa4962879f0>,<function <lambda> at 0x7fa496287a90>,<function <lambda> at 0x7fa496287b30>
19844,2022-04-06 19:00:00,<function <lambda> at 0x7fa4962879f0>,<function <lambda> at 0x7fa496287a90>,<function <lambda> at 0x7fa496287b30>
19845,2022-04-06 20:00:00,<function <lambda> at 0x7fa4962879f0>,<function <lambda> at 0x7fa496287a90>,<function <lambda> at 0x7fa496287b30>
19846,2022-04-06 21:00:00,<function <lambda> at 0x7fa4962879f0>,<function <lambda> at 0x7fa496287a90>,<function <lambda> at 0x7fa496287b30>
19847,2022-04-06 22:00:00,<function <lambda> at 0x7fa4962879f0>,<function <lambda> at 0x7fa496287a90>,<function <lambda> at 0x7fa496287b30>
19848,2022-04-06 23:00:00,<function <lambda> at 0x7fa4962879f0>,<function <lambda> at 0x7fa496287a90>,<function <lambda> at 0x7fa496287b30>
19849,2022-04-07 00:00:00,<function <lambda> at 0x7fa4962879f0>,<function <lambda> at 0x7fa496287a90>,<function <lambda> at 0x7fa496287b30>
19850,2022-04-07 01:00:00,<function <lambda> at 0x7fa4962879f0>,<function <lambda> at 0x7fa496287a90>,<function <lambda> at 0x7fa496287b30>
19851,2022-04-07 02:00:00,<function <lambda> at 0x7fa4962879f0>,<function <lambda> at 0x7fa496287a90>,<function <lambda> at 0x7fa496287b30>
19852,2022-04-07 03:00:00,<function <lambda> at 0x7fa4962879f0>,<function <lambda> at 0x7fa496287a90>,<function <lambda> at 0x7fa496287b30>
19853,2022-04-07 04:00:00,<function <lambda> at 0x7fa4962879f0>,<function <lambda> at 0x7fa496287a90>,<function <lambda> at 0x7fa496287b30>
19854,2022-04-07 05:00:00,<function <lambda> at 0x7fa4962879f0>,<function <lambda> at 0x7fa496287a90>,<function <lambda> at 0x7fa496287b30>
19855,2022-04-07 06:00:00,<function <lambda> at 0x7fa4962879f0>,<function <lambda> at 0x7fa496287a90>,<function <lambda> at 0x7fa496287b30>
19856,2022-04-07 07:00:00,<function <lambda> at 0x7fa4962879f0>,<function <lambda> at 0x7fa496287a90>,<function <lambda> at 0x7fa496287b30>
19857,2022-04-07 08:00:00,<function <lambda> at 0x7fa4962879f0>,<function <lambda> at 0x7fa496287a90>,<function <lambda> at 0x7fa496287b30>
19858,2022-04-07 09:00:00,<function <lambda> at 0x7fa4962879f0>,<function <lambda> at 0x7fa496287a90>,<function <lambda> at 0x7fa496287b30>
19859,2022-04-07 10:00:00,<function <lambda> at 0x7fa4962879f0>,<function <lambda> at 0x7fa496287a90>,<function <lambda> at 0x7fa496287b30>
19860,2022-04-07 11:00:00,<function <lambda> at 0x7fa4962879f0>,<function <lambda> at 0x7fa496287a90>,<function <lambda> at 0x7fa496287b30>
19861,2022-04-07 12:00:00,<function <lambda> at 0x7fa4962879f0>,<function <lambda> at 0x7fa496287a90>,<function <lambda> at 0x7fa496287b30>
19862,2022-04-07 13:00:00,<function <lambda> at 0x7fa4962879f0>,<function <lambda> at 0x7fa496287a90>,<function <lambda> at 0x7fa496287b30>
19863,2022-04-07 14:00:00,<function <lambda> at 0x7fa4962879f0>,<function <lambda> at 0x7fa496287a90>,<function <lambda> at 0x7fa496287b30>
19864,2022-04-07 15:00:00,<function <lambda> at 0x7fa4962879f0>,<function <lambda> at 0x7fa496287a90>,<function <lambda> at 0x7fa496287b30>
19865,2022-04-07 16:00:00,<function <lambda> at 0x7fa4962879f0>,<function <lambda> at 0x7fa496287a90>,<function <lambda> at 0x7fa496287b30>
19866,2022-04-07 17:00:00,<function <lambda> at 0x7fa4962879f0>,<function <lambda> at 0x7fa496287a90>,<function <lambda> at 0x7fa496287b30>
19867,2022-04-07 18:00:00,<function <lambda> at 0x7fa4962879f0>,<function <lambda> at 0x7fa496287a90>,<function <lambda> at 0x7fa496287b30>
19868,2022-04-07 19:00:00,<function <lambda> at 0x7fa4962879f0>,<function <lambda> at 0x7fa496287a90>,<function <lambda> at 0x7fa496287b30>
19869,2022-04-07 20:00:00,<function <lambda> at 0x7fa4962879f0>,<function <lambda> at 0x7fa496287a90>,<function <lambda> at 0x7fa496287b30>
19870,2022-04-07 21:00:00,<function <lambda> at 0x7fa4962879f0>,<function <lambda> at 0x7fa496287a90>,<function <lambda> at 0x7fa496287b30>
19871,2022-04-07 22:00:00,<function <lambda> at 0x7fa4962879f0>,<function <lambda> at 0x7fa496287a90>,<function <lambda> at 0x7fa496287b30>
19872,2022-04-07 23:00:00,<function <lambda> at 0x7fa4962879f0>,<function <lambda> at 0x7fa496287a90>,<function <lambda> at 0x7fa496287b30>
19873,2022-04-08 00:00:00,<function <lambda> at 0x7fa4962879f0>,<function <lambda> at 0x7fa496287a90>,<function <lambda> at 0x7fa496287b30>
19874,2022-04-08 01:00:00,<function <lambda> at 0x7fa4962879f0>,<function <lambda> at 0x7fa496287a90>,<function <lambda> at 0x7fa496287b30>
19875,2022-04-08 02:00:00,<function <lambda> at 0x7fa4962879f0>,<function <lambda> at 0x7fa496287a90>,<function <lambda> at 0x7fa496287b30>
19876,2022-04-08 03:00:00,<function <lambda> at 0x7fa4962879f0>,<function <lambda> at 0x7fa496287a90>,<function <lambda> at 0x7fa496287b30>
19877,2022-04-08 04:00:00,<function <lambda> at 0x7fa4962879f0>,<function <lambda> at 0x7fa496287a90>,<function <lambda> at 0x7fa496287b30>
19878,2022-04-08 05:00:00,<function <lambda> at 0x7fa4962879f0>,<function <lambda> at 0x7fa496287a90>,<function <lambda> at 0x7fa496287b30>
19879,2022-04-08 06:00:00,<function <lambda> at 0x7fa4962879f0>,<function <lambda> at 0x7fa496287a90>,<function <lambda> at 0x7fa496287b30>
19880,2022-04-08 07:00:00,<function <lambda> at 0x7fa4962879f0>,<function <lambda> at 0x7fa496287a90>,<function <lambda> at 0x7fa496287b30>
19881,2022-04-08 08:00:00,<function <lambda> at 0x7fa4962879f0>,<function <lambda> at 0x7fa496287a90>,<function <lambda> at 0x7fa496287b30>
19882,2022-04-08 09:00:00,<function <lambda> at 0x7fa4962879f0>,<function <lambda> at 0x7fa496287a90>,<function <lambda> at 0x7fa496287b30>
19883,2022-04-08 10:00:00,<function <lambda> at 0x7fa4962879f0>,<function <lambda> at 0x7fa496287a90>,<function <lambda> at 0x7fa496287b30>
19884,2022-04-08 11:00:00,<function <lambda> at 0x7fa4962879f0>,<function <lambda> at 0x7fa496287a90>,<function <lambda> at 0x7fa496287b30>
19885,2022-04-08 12:00:00,<function <lambda> at 0x7fa4962879f0>,<function <lambda> at 0x7fa496287a90>,<function <lambda> at 0x7fa496287b30>
19886,2022-04-08 13:00:00,<function <lambda> at 0x7fa4962879f0>,<function <lambda> at 0x7fa496287a90>,<function <lambda> at 0x7fa496287b30>
19887,2022-04-08 14:00:00,<function <lambda> at 0x7fa4962879f0>,<function <lambda> at 0x7fa496287a90>,<function <lambda> at 0x7fa496287b30>
19888,2022-04-08 15:00:00,<function <lambda> at 0x7fa4962879f0>,<function <lambda> at 0x7fa496287a90>,<function <lambda> at 0x7fa496287b30>
19889,2022-04-08 16:00:00,<function <lambda> at 0x7fa4962879f0>,<function <lambda> at 0x7fa496287a90>,<function <lambda> at 0x7fa496287b30>
19890,2022-04-08 17:00:00,<function <lambda> at 0x7fa4962879f0>,<function <lambda> at 0x7fa496287a90>,<function <lambda> at 0x7fa496287b30>
19891,2022-04-08 18:00:00,<function <lambda> at 0x7fa4962879f0>,<function <lambda> at 0x7fa496287a90>,<function <lambda> at 0x7fa496287b30>
19892,2022-04-08 19:00:00,<function <lambda> at 0x7fa4962879f0>,<function <lambda> at 0x7fa496287a90>,<function <lambda> at 0x7fa496287b30>
19893,2022-04-08 20:00:00,<function <lambda> at 0x7fa4962879f0>,<function <lambda> at 0x7fa496287a90>,<function <lambda> at 0x7fa496287b30>
19894,2022-04-08 21:00:00,<function <lambda> at 0x7fa4962879f0>,<function <lambda> at 0x7fa496287a90>,<function <lambda> at 0x7fa496287b30>
19895,2022-04-08 22:00:00,<function <lambda> at 0x7fa4962879f0>,<function <lambda> at 0x7fa496287a90>,<function <lambda> at 0x7fa496287b30>
19896,2022-04-08 23:00:00,<function <lambda> at 0x7fa4962879f0>,<function <lambda> at 0x7fa496287a90>,<function <lambda> at 0x7fa496287b30>
19897,2022-04-09 00:00:00,<function <lambda> at 0x7fa4962879f0>,<function <lambda> at 0x7fa496287a90>,<function <lambda> at 0x7fa496287b30>
19898,2022-04-09 01:00:00,<function <lambda> at 0x7fa4962879f0>,<function <lambda> at 0x7fa496287a90>,<function <lambda> at 0x7fa496287b30>
19899,2022-04-09 02:00:00,<function <lambda> at 0x7fa4962879f0>,<function <lambda> at 0x7fa496287a90>,<function <lambda> at 0x7fa496287b30>
19900,2022-04-09 03:00:00,<function <lambda> at 0x7fa4962879f0>,<function <lambda> at 0x7fa496287a90>,<function <lambda> at 0x7fa496287b30>
19901,2022-04-09 04:00:00,<function <lambda> at 0x7fa4962879f0>,<function <lambda> at 0x7fa496287a90>,<function <lambda> at 0x7fa496287b30>
19902,2022-04-09 05:00:00,<function <lambda> at 0x7fa4962879f0>,<function <lambda> at 0x7fa496287a90>,<function <lambda> at 0x7fa496287b30>
19903,2022-04-09 06:00:00,<function <lambda> at 0x7fa4962879f0>,<function <lambda> at 0x7fa496287a90>,<function <lambda> at 0x7fa496287b30>
19904,2022-04-09 07:00:00,<function <lambda> at 0x7fa4962879f0>,<function <lambda> at 0x7fa496287a90>,<function <lambda> at 0x7fa496287b30>
19905,2022-04-09 08:00:00,<function <lambda> at 0x7fa4962879f0>,<function <lambda> at 0x7fa496287a90>,<function <lambda> at 0x7fa496287b30>
19906,2022-04-09 09:00:00,<function <lambda> at 0x7fa4962879f0>,<function <lambda> at 0x7fa496287a90>,<function <lambda> at 0x7fa496287b30>
19907,2022-04-09 10:00:00,<function <lambda> at 0x7fa4962879f0>,<function <lambda> at 0x7fa496287a90>,<function <lambda> at 0x7fa496287b30>
19908,2022-04-09 11:00:00,<function <lambda> at 0x7fa4962879f0>,<function <lambda> at 0x7fa496287a90>,<function <lambda> at 0x7fa496287b30>
19909,2022-04-09 12:00:00,<function <lambda> at 0x7fa4962879f0>,<function <lambda> at 0x7fa496287a90>,<function <lambda> at 0x7fa496287b30>
19910,2022-04-09 13:00:00,<function <lambda> at 0x7fa4962879f0>,<function <lambda> at 0x7fa496287a90>,<function <lambda> at 0x7fa496287b30>
19911,2022-04-09 14:00:00,<function <lambda> at 0x7fa4962879f0>,<function <lambda> at 0x7fa496287a90>,<function <lambda> at 0x7fa496287b30>
19912,2022-04-09 15:00:00,<function <lambda> at 0x7fa4962879f0>,<function <lambda> at 0x7fa496287a90>,<function <lambda> at 0x7fa496287b30>
19913,2022-04-09 16:00:00,<function <lambda> at 0x7fa4962879f0>,<function <lambda> at 0x7fa496287a90>,<function <lambda> at 0x7fa496287b30>
19914,2022-04-09 17:00:00,<function <lambda> at 0x7fa4962879f0>,<function <lambda> at 0x7fa496287a90>,<function <lambda> at 0x7fa496287b30>
19915,2022-04-09 18:00:00,<function <lambda> at 0x7fa4962879f0>,<function <lambda> at 0x7fa496287a90>,<function <lambda> at 0x7fa496287b30>
19916,2022-04-09 19:00:00,<function <lambda> at 0x7fa4962879f0>,<function <lambda> at 0x7fa496287a90>,<function <lambda> at 0x7fa496287b30>
19917,2022-04-09 20:00:00,<function <lambda> at 0x7fa4962879f0>,<function <lambda> at 0x7fa496287a90>,<function <lambda> at 0x7fa496287b30>
19918,2022-04-09 21:00:00,<function <lambda> at 0x7fa4962879f0>,<function <lambda> at 0x7fa496287a90>,<function <lambda> at 0x7fa496287b30>
19919,2022-04-09 22:00:00,<function <lambda> at 0x7fa4962879f0>,<function <lambda> at 0x7fa496287a90>,<function <lambda> at 0x7fa496287b30>
19920,2022-04-09 23:00:00,<function <lambda> at 0x7fa4962879f0>,<function <lambda> at 0x7fa496287a90>,<function <lambda> at 0x7fa496287b30>
19921,2022-04-10 00:00:00,<function <lambda> at 0x7fa4962879f0>,<function <lambda> at 0x7fa496287a90>,<function <lambda> at 0x7fa496287b30>
19922,2022-04-10 01:00:00,<function <lambda> at 0x7fa4962879f0>,<function <lambda> at 0x7fa496287a90>,<function <lambda> at 0x7fa496287b30>
19923,2022-04-10 02:00:00,<function <lambda> at 0x7fa4962879f0>,<function <lambda> at 0x7fa496287a90>,<function <lambda> at 0x7fa496287b30>
19924,2022-04-10 03:00:00,<function <lambda> at 0x7fa4962879f0>,<function <lambda> at 0x7fa496287a90>,<function <lambda> at 0x7fa496287b30>
19925,2022-04-10 04:00:00,<function <lambda> at 0x7fa4962879f0>,<function <lambda> at 0x7fa496287a90>,<function <lambda> at 0x7fa496287b30>
19926,2022-04-10 05:00:00,<function <lambda> at 0x7fa4962879f0>,<function <lambda> at 0x7fa496287a90>,<function <lambda> at 0x7fa496287b30>
19927,2022-04-10 06:00:00,<function <lambda> at 0x7fa4962879f0>,<function <lambda> at 0x7fa496287a90>,<function <lambda> at 0x7fa496287b30>
19928,2022-04-10 07:00:00,<function <lambda> at 0x7fa4962879f0>,<function <lambda> at 0x7fa496287a90>,<function <lambda> at 0x7fa496287b30>
19929,2022-04-10 08:00:00,<function <lambda> at 0x7fa4962879f0>,<function <lambda> at 0x7fa496287a90>,<function <lambda> at 0x7fa496287b30>
19930,2022-04-10 09:00:00,<function <lambda> at 0x7fa4962879f0>,<function <lambda> at 0x7fa496287a90>,<function <lambda> at 0x7fa496287b30>
19931,2022-04-10 10:00:00,<function <lambda> at 0x7fa4962879f0>,<function <lambda> at 0x7fa496287a90>,<function <lambda> at 0x7fa496287b30>
19932,2022-04-10 11:00:00,<function <lambda> at 0x7fa4962879f0>,<function <lambda> at 0x7fa496287a90>,<function <lambda> at 0x7fa496287b30>
19933,2022-04-10 12:00:00,<function <lambda> at 0x7fa4962879f0>,<function <lambda> at 0x7fa496287a90>,<function <lambda> at 0x7fa496287b30>
19934,2022-04-10 13:00:00,<function <lambda> at 0x7fa4962879f0>,<function <lambda> at 0x7fa496287a90>,<function <lambda> at 0x7fa496287b30>
19935,2022-04-10 14:00:00,<function <lambda> at 0x7fa4962879f0>,<function <lambda> at 0x7fa496287a90>,<function <lambda> at 0x7fa496287b30>
19936,2022-04-10 15:00:00,<function <lambda> at 0x7fa4962879f0>,<function <lambda> at 0x7fa496287a90>,<function <lambda> at 0x7fa496287b30>
19937,2022-04-10 16:00:00,<function <lambda> at 0x7fa4962879f0>,<function <lambda> at 0x7fa496287a90>,<function <lambda> at 0x7fa496287b30>
19938,2022-04-10 17:00:00,<function <lambda> at 0x7fa4962879f0>,<function <lambda> at 0x7fa496287a90>,<function <lambda> at 0x7fa496287b30>
19939,2022-04-10 18:00:00,<function <lambda> at 0x7fa4962879f0>,<function <lambda> at 0x7fa496287a90>,<function <lambda> at 0x7fa496287b30>
19940,2022-04-10 19:00:00,<function <lambda> at 0x7fa4962879f0>,<function <lambda> at 0x7fa496287a90>,<function <lambda> at 0x7fa496287b30>
19941,2022-04-10 20:00:00,<function <lambda> at 0x7fa4962879f0>,<function <lambda> at 0x7fa496287a90>,<function <lambda> at 0x7fa496287b30>
19942,2022-04-10 21:00:00,<function <lambda> at 0x7fa4962879f0>,<function <lambda> at 0x7fa496287a90>,<function <lambda> at 0x7fa496287b30>
19943,2022-04-10 22:00:00,<function <lambda> at 0x7fa4962879f0>,<function <lambda> at 0x7fa496287a90>,<function <lambda> at 0x7fa496287b30>
19944,2022-04-10 23:00:00,<function <lambda> at 0x7fa4962879f0>,<function <lambda> at 0x7fa496287a90>,<function <lambda> at 0x7fa496287b30>
19945,2022-04-11 00:00:00,<function <lambda> at 0x7fa4962879f0>,<function <lambda> at 0x7fa496287a90>,<function <lambda> at 0x7fa496287b30>
19946,2022-04-11 01:00:00,<function <lambda> at 0x7fa4962879f0>,<function <lambda> at 0x7fa496287a90>,<function <lambda> at 0x7fa496287b30>
19947,2022-04-11 02:00:00,<function <lambda> at 0x7fa4962879f0>,<function <lambda> at 0x7fa496287a90>,<function <lambda> at 0x7fa496287b30>
19948,2022-04-11 03:00:00,<function <lambda> at 0x7fa4962879f0>,<function <lambda> at 0x7fa496287a90>,<function <lambda> at 0x7fa496287b30>
19949,2022-04-11 04:00:00,<function <lambda> at 0x7fa4962879f0>,<function <lambda> at 0x7fa496287a90>,<function <lambda> at 0x7fa496287b30>
19950,2022-04-11 05:00:00,<function <lambda> at 0x7fa4962879f0>,<function <lambda> at 0x7fa496287a90>,<function <lambda> at 0x7fa496287b30>
19951,2022-04-11 06:00:00,<function <lambda> at 0x7fa4962879f0>,<function <lambda> at 0x7fa496287a90>,<function <lambda> at 0x7fa496287b30>
19952,2022-04-11 07:00:00,<function <lambda> at 0x7fa4962879f0>,<function <lambda> at 0x7fa496287a90>,<function <lambda> at 0x7fa496287b30>
19953,2022-04-11 08:00:00,<function <lambda> at 0x7fa4962879f0>,<function <lambda> at 0x7fa496287a90>,<function <lambda> at 0x7fa496287b30>
19954,2022-04-11 09:00:00,<function <lambda> at 0x7fa4962879f0>,<function <lambda> at 0x7fa496287a90>,<function <lambda> at 0x7fa496287b30>
19955,2022-04-11 10:00:00,<function <lambda> at 0x7fa4962879f0>,<function <lambda> at 0x7fa496287a90>,<function <lambda> at 0x7fa496287b30>
19956,2022-04-11 11:00:00,<function <lambda> at 0x7fa4962879f0>,<function <lambda> at 0x7fa496287a90>,<function <lambda> at 0x7fa496287b30>
19957,2022-04-11 12:00:00,<function <lambda> at 0x7fa4962879f0>,<function <lambda> at 0x7fa496287a90>,<function <lambda> at 0x7fa496287b30>
19958,2022-04-11 13:00:00,<function <lambda> at 0x7fa4962879f0>,<function <lambda> at 0x7fa496287a90>,<function <lambda> at 0x7fa496287b30>
19959,2022-04-11 14:00:00,<function <lambda> at 0x7fa4962879f0>,<function <lambda> at 0x7fa496287a90>,<function <lambda> at 0x7fa496287b30>
19960,2022-04-11 15:00:00,<function <lambda> at 0x7fa4962879f0>,<function <lambda> at 0x7fa496287a90>,<function <lambda> at 0x7fa496287b30>
19961,2022-04-11 16:00:00,<function <lambda> at 0x7fa4962879f0>,<function <lambda> at 0x7fa496287a90>,<function <lambda> at 0x7fa496287b30>
19962,2022-04-11 17:00:00,<function <lambda> at 0x7fa4962879f0>,<function <lambda> at 0x7fa496287a90>,<function <lambda> at 0x7fa496287b30>
19963,2022-04-11 18:00:00,<function <lambda> at 0x7fa4962879f0>,<function <lambda> at 0x7fa496287a90>,<function <lambda> at 0x7fa496287b30>
19964,2022-04-11 19:00:00,<function <lambda> at 0x7fa4962879f0>,<function <lambda> at 0x7fa496287a90>,<function <lambda> at 0x7fa496287b30>
19965,2022-04-11 20:00:00,<function <lambda> at 0x7fa4962879f0>,<function <lambda> at 0x7fa496287a90>,<function <lambda> at 0x7fa496287b30>
19966,2022-04-11 21:00:00,<function <lambda> at 0x7fa4962879f0>,<function <lambda> at 0x7fa496287a90>,<function <lambda> at 0x7fa496287b30>
19967,2022-04-11 22:00:00,<function <lambda> at 0x7fa4962879f0>,<function <lambda> at 0x7fa496287a90>,<function <lambda> at 0x7fa496287b30>
19968,2022-04-11 23:00:00,<function <lambda> at 0x7fa4962879f0>,<function <lambda> at 0x7fa496287a90>,<function <lambda> at 0x7fa496287b30>
19969,2022-04-12 00:00:00,<function <lambda> at 0x7fa4962879f0>,<function <lambda> at 0x7fa496287a90>,<function <lambda> at 0x7fa496287b30>
19970,2022-04-12 01:00:00,<function <lambda> at 0x7fa4962879f0>,<function <lambda> at 0x7fa496287a90>,<function <lambda> at 0x7fa496287b30>
19971,2022-04-12 02:00:00,<function <lambda> at 0x7fa4962879f0>,<function <lambda> at 0x7fa496287a90>,<function <lambda> at 0x7fa496287b30>
19972,2022-04-12 03:00:00,<function <lambda> at 0x7fa4962879f0>,<function <lambda> at 0x7fa496287a90>,<function <lambda> at 0x7fa496287b30>
19973,2022-04-12 04:00:00,<function <lambda> at 0x7fa4962879f0>,<function <lambda> at 0x7fa496287a90>,<function <lambda> at 0x7fa496287b30>
19974,2022-04-12 05:00:00,<function <lambda> at 0x7fa4962879f0>,<function <lambda> at 0x7fa496287a90>,<function <lambda> at 0x7fa496287b30>
19975,2022-04-12 06:00:00,<function <lambda> at 0x7fa4962879f0>,<function <lambda> at 0x7fa496287a90>,<function <lambda> at 0x7fa496287b30>
19976,2022-04-12 07:00:00,<function <lambda> at 0x7fa4962879f0>,<function <lambda> at 0x7fa496287a90>,<function <lambda> at 0x7fa496287b30>
19977,2022-04-12 08:00:00,<function <lambda> at 0x7fa4962879f0>,<function <lambda> at 0x7fa496287a90>,<function <lambda> at 0x7fa496287b30>
19978,2022-04-12 09:00:00,<function <lambda> at 0x7fa4962879f0>,<function <lambda> at 0x7fa496287a90>,<function <lambda> at 0x7fa496287b30>
19979,2022-04-12 10:00:00,<function <lambda> at 0x7fa4962879f0>,<function <lambda> at 0x7fa496287a90>,<function <lambda> at 0x7fa496287b30>
19980,2022-04-12 11:00:00,<function <lambda> at 0x7fa4962879f0>,<function <lambda> at 0x7fa496287a90>,<function <lambda> at 0x7fa496287b30>
19981,2022-04-12 12:00:00,<function <lambda> at 0x7fa4962879f0>,<function <lambda> at 0x7fa496287a90>,<function <lambda> at 0x7fa496287b30>
19982,2022-04-12 13:00:00,<function <lambda> at 0x7fa4962879f0>,<function <lambda> at 0x7fa496287a90>,<function <lambda> at 0x7fa496287b30>
19983,2022-04-12 14:00:00,<function <lambda> at 0x7fa4962879f0>,<function <lambda> at 0x7fa496287a90>,<function <lambda> at 0x7fa496287b30>
19984,2022-04-12 15:00:00,<function <lambda> at 0x7fa4962879f0>,<function <lambda> at 0x7fa496287a90>,<function <lambda> at 0x7fa496287b30>
19985,2022-04-12 16:00:00,<function <lambda> at 0x7fa4962879f0>,<function <lambda> at 0x7fa496287a90>,<function <lambda> at 0x7fa496287b30>
19986,2022-04-12 17:00:00,<function <lambda> at 0x7fa4962879f0>,<function <lambda> at 0x7fa496287a90>,<function <lambda> at 0x7fa496287b30>
19987,2022-04-12 18:00:00,<function <lambda> at 0x7fa4962879f0>,<function <lambda> at 0x7fa496287a90>,<function <lambda> at 0x7fa496287b30>
19988,2022-04-12 19:00:00,<function <lambda> at 0x7fa4962879f0>,<function <lambda> at 0x7fa496287a90>,<function <lambda> at 0x7fa496287b30>
19989,2022-04-12 20:00:00,<function <lambda> at 0x7fa4962879f0>,<function <lambda> at 0x7fa496287a90>,<function <lambda> at 0x7fa496287b30>
19990,2022-04-12 21:00:00,<function <lambda> at 0x7fa4962879f0>,<function <lambda> at 0x7fa496287a90>,<function <lambda> at 0x7fa496287b30>
19991,2022-04-12 22:00:00,<function <lambda> at 0x7fa4962879f0>,<function <lambda> at 0x7fa496287a90>,<function <lambda> at 0x7fa496287b30>
19992,2022-04-12 23:00:00,<function <lambda> at 0x7fa4962879f0>,<function <lambda> at 0x7fa496287a90>,<function <lambda> at 0x7fa496287b30>
19993,2022-04-13 00:00:00,<function <lambda> at 0x7fa4962879f0>,<function <lambda> at 0x7fa496287a90>,<function <lambda> at 0x7fa496287b30>
19994,2022-04-13 01:00:00,<function <lambda> at 0x7fa4962879f0>,<function <lambda> at 0x7fa496287a90>,<function <lambda> at 0x7fa496287b30>
19995,2022-04-13 02:00:00,<function <lambda> at 0x7fa4962879f0>,<function <lambda> at 0x7fa496287a90>,<function <lambda> at 0x7fa496287b30>
19996,2022-04-13 03:00:00,<function <lambda> at 0x7fa4962879f0>,<function <lambda> at 0x7fa496287a90>,<function <lambda> at 0x7fa496287b30>
19997,2022-04-13 04:00:00,<function <lambda> at 0x7fa4962879f0>,<function <lambda> at 0x7fa496287a90>,<function <lambda> at 0x7fa496287b30>
19998,2022-04-13 05:00:00,<function <lambda> at 0x7fa4962879f0>,<function <lambda> at 0x7fa496287a90>,<function <lambda> at 0x7fa496287b30>
19999,2022-04-13 06:00:00,<function <lambda> at 0x7fa4962879f0>,<function <lambda> at 0x7fa496287a90>,<function <lambda> at 0x7fa496287b30>
20000,2022-04-13 07:00:00,<function <lambda> at 0x7fa4962879f0>,<function <lambda> at 0x7fa496287a90>,<function <lambda> at 0x7fa496287b30>
20001,2022-04-13 08:00:00,<function <lambda> at 0x7fa4962879f0>,<function <lambda> at 0x7fa496287a90>,<function <lambda> at 0x7fa496287b30>
20002,2022-04-13 09:00:00,<function <lambda> at 0x7fa4962879f0>,<function <lambda> at 0x7fa496287a90>,<function <lambda> at 0x7fa496287b30>
20003,2022-04-13 10:00:00,<function <lambda> at 0x7fa4962879f0>,<function <lambda> at 0x7fa496287a90>,<function <lambda> at 0x7fa496287b30>
20004,2022-04-13 11:00:00,<function <lambda> at 0x7fa4962879f0>,<function <lambda> at 0x7fa496287a90>,<function <lambda> at 0x7fa496287b30>
20005,2022-04-13 12:00:00,<function <lambda> at 0x7fa4962879f0>,<function <lambda> at 0x7fa496287a90>,<function <lambda> at 0x7fa496287b30>
20006,2022-04-13 13:00:00,<function <lambda> at 0x7fa4962879f0>,<function <lambda> at 0x7fa496287a90>,<function <lambda> at 0x7fa496287b30>
20007,2022-04-13 14:00:00,<function <lambda> at 0x7fa4962879f0>,<function <lambda> at 0x7fa496287a90>,<function <lambda> at 0x7fa496287b30>
20008,2022-04-13 15:00:00,<function <lambda> at 0x7fa4962879f0>,<function <lambda> at 0x7fa496287a90>,<function <lambda> at 0x7fa496287b30>
20009,2022-04-13 16:00:00,<function <lambda> at 0x7fa4962879f0>,<function <lambda> at 0x7fa496287a90>,<function <lambda> at 0x7fa496287b30>
20010,2022-04-13 17:00:00,<function <lambda> at 0x7fa4962879f0>,<function <lambda> at 0x7fa496287a90>,<function <lambda> at 0x7fa496287b30>
20011,2022-04-13 18:00:00,<function <lambda> at 0x7fa4962879f0>,<function <lambda> at 0x7fa496287a90>,<function <lambda> at 0x7fa496287b30>
20012,2022-04-13 19:00:00,<function <lambda> at 0x7fa4962879f0>,<function <lambda> at 0x7fa496287a90>,<function <lambda> at 0x7fa496287b30>
20013,2022-04-13 20:00:00,<function <lambda> at 0x7fa4962879f0>,<function <lambda> at 0x7fa496287a90>,<function <lambda> at 0x7fa496287b30>
20014,2022-04-13 21:00:00,<function <lambda> at 0x7fa4962879f0>,<function <lambda> at 0x7fa496287a90>,<function <lambda> at 0x7fa496287b30>
20015,2022-04-13 22:00:00,<function <lambda> at 0x7fa4962879f0>,<function <lambda> at 0x7fa496287a90>,<function <lambda> at 0x7fa496287b30>
20016,2022-04-13 23:00:00,<function <lambda> at 0x7fa4962879f0>,<function <lambda> at 0x7fa496287a90>,<function <lambda> at 0x7fa496287b30>
20017,2022-04-14 00:00:00,<function <lambda> at 0x7fa4962879f0>,<function <lambda> at 0x7fa496287a90>,<function <lambda> at 0x7fa496287b30>
20018,2022-04-14 01:00:00,<function <lambda> at 0x7fa4962879f0>,<function <lambda> at 0x7fa496287a90>,<function <lambda> at 0x7fa496287b30>
20019,2022-04-14 02:00:00,<function <lambda> at 0x7fa4962879f0>,<function <lambda> at 0x7fa496287a90>,<function <lambda> at 0x7fa496287b30>
20020,2022-04-14 03:00:00,<function <lambda> at 0x7fa4962879f0>,<function <lambda> at 0x7fa496287a90>,<function <lambda> at 0x7fa496287b30>
20021,2022-04-14 04:00:00,<function <lambda> at 0x7fa4962879f0>,<function <lambda> at 0x7fa496287a90>,<function <lambda> at 0x7fa496287b30>
20022,2022-04-14 05:00:00,<function <lambda> at 0x7fa4962879f0>,<function <lambda> at 0x7fa496287a90>,<function <lambda> at 0x7fa496287b30>
20023,2022-04-14 06:00:00,<function <lambda> at 0x7fa4962879f0>,<function <lambda> at 0x7fa496287a90>,<function <lambda> at 0x7fa496287b30>
20024,2022-04-14 07:00:00,<function <lambda> at 0x7fa4962879f0>,<function <lambda> at 0x7fa496287a90>,<function <lambda> at 0x7fa496287b30>
20025,2022-04-14 08:00:00,<function <lambda> at 0x7fa4962879f0>,<function <lambda> at 0x7fa496287a90>,<function <lambda> at 0x7fa496287b30>
20026,2022-04-14 09:00:00,<function <lambda> at 0x7fa4962879f0>,<function <lambda> at 0x7fa496287a90>,<function <lambda> at 0x7fa496287b30>
20027,2022-04-14 10:00:00,<function <lambda> at 0x7fa4962879f0>,<function <lambda> at 0x7fa496287a90>,<function <lambda> at 0x7fa496287b30>
20028,2022-04-14 11:00:00,<function <lambda> at 0x7fa4962879f0>,<function <lambda> at 0x7fa496287a90>,<function <lambda> at 0x7fa496287b30>
20029,2022-04-14 12:00:00,<function <lambda> at 0x7fa4962879f0>,<function <lambda> at 0x7fa496287a90>,<function <lambda> at 0x7fa496287b30>
20030,2022-04-14 13:00:00,<function <lambda> at 0x7fa4962879f0>,<function <lambda> at 0x7fa496287a90>,<function <lambda> at 0x7fa496287b30>
20031,2022-04-14 14:00:00,<function <lambda> at 0x7fa4962879f0>,<function <lambda> at 0x7fa496287a90>,<function <lambda> at 0x7fa496287b30>
20032,2022-04-14 15:00:00,<function <lambda> at 0x7fa4962879f0>,<function <lambda> at 0x7fa496287a90>,<function <lambda> at 0x7fa496287b30>
20033,2022-04-14 16:00:00,<function <lambda> at 0x7fa4962879f0>,<function <lambda> at 0x7fa496287a90>,<function <lambda> at 0x7fa496287b30>
20034,2022-04-14 17:00:00,<function <lambda> at 0x7fa4962879f0>,<function <lambda> at 0x7fa496287a90>,<function <lambda> at 0x7fa496287b30>
20035,2022-04-14 18:00:00,<function <lambda> at 0x7fa4962879f0>,<function <lambda> at 0x7fa496287a90>,<function <lambda> at 0x7fa496287b30>
20036,2022-04-14 19:00:00,<function <lambda> at 0x7fa4962879f0>,<function <lambda> at 0x7fa496287a90>,<function <lambda> at 0x7fa496287b30>
20037,2022-04-14 20:00:00,<function <lambda> at 0x7fa4962879f0>,<function <lambda> at 0x7fa496287a90>,<function <lambda> at 0x7fa496287b30>
20038,2022-04-14 21:00:00,<function <lambda> at 0x7fa4962879f0>,<function <lambda> at 0x7fa496287a90>,<function <lambda> at 0x7fa496287b30>
20039,2022-04-14 22:00:00,<function <lambda> at 0x7fa4962879f0>,<function <lambda> at 0x7fa496287a90>,<function <lambda> at 0x7fa496287b30>
20040,2022-04-14 23:00:00,<function <lambda> at 0x7fa4962879f0>,<function <lambda> at 0x7fa496287a90>,<function <lambda> at 0x7fa496287b30>
20041,2022-04-15 00:00:00,<function <lambda> at 0x7fa4962879f0>,<function <lambda> at 0x7fa496287a90>,<function <lambda> at 0x7fa496287b30>
20042,2022-04-15 01:00:00,<function <lambda> at 0x7fa4962879f0>,<function <lambda> at 0x7fa496287a90>,<function <lambda> at 0x7fa496287b30>
20043,2022-04-15 02:00:00,<function <lambda> at 0x7fa4962879f0>,<function <lambda> at 0x7fa496287a90>,<function <lambda> at 0x7fa496287b30>
20044,2022-04-15 03:00:00,<function <lambda> at 0x7fa4962879f0>,<function <lambda> at 0x7fa496287a90>,<function <lambda> at 0x7fa496287b30>
20045,2022-04-15 04:00:00,<function <lambda> at 0x7fa4962879f0>,<function <lambda> at 0x7fa496287a90>,<function <lambda> at 0x7fa496287b30>
20046,2022-04-15 05:00:00,<function <lambda> at 0x7fa4962879f0>,<function <lambda> at 0x7fa496287a90>,<function <lambda> at 0x7fa496287b30>
20047,2022-04-15 06:00:00,<function <lambda> at 0x7fa4962879f0>,<function <lambda> at 0x7fa496287a90>,<function <lambda> at 0x7fa496287b30>
20048,2022-04-15 07:00:00,<function <lambda> at 0x7fa4962879f0>,<function <lambda> at 0x7fa496287a90>,<function <lambda> at 0x7fa496287b30>
20049,2022-04-15 08:00:00,<function <lambda> at 0x7fa4962879f0>,<function <lambda> at 0x7fa496287a90>,<function <lambda> at 0x7fa496287b30>
20050,2022-04-15 09:00:00,<function <lambda> at 0x7fa4962879f0>,<function <lambda> at 0x7fa496287a90>,<function <lambda> at 0x7fa496287b30>
20051,2022-04-15 10:00:00,<function <lambda> at 0x7fa4962879f0>,<function <lambda> at 0x7fa496287a90>,<function <lambda> at 0x7fa496287b30>
20052,2022-04-15 11:00:00,<function <lambda> at 0x7fa4962879f0>,<function <lambda> at 0x7fa496287a90>,<function <lambda> at 0x7fa496287b30>
20053,2022-04-15 12:00:00,<function <lambda> at 0x7fa4962879f0>,<function <lambda> at 0x7fa496287a90>,<function <lambda> at 0x7fa496287b30>
20054,2022-04-15 13:00:00,<function <lambda> at 0x7fa4962879f0>,<function <lambda> at 0x7fa496287a90>,<function <lambda> at 0x7fa496287b30>
20055,2022-04-15 14:00:00,<function <lambda> at 0x7fa4962879f0>,<function <lambda> at 0x7fa496287a90>,<function <lambda> at 0x7fa496287b30>
20056,2022-04-15 15:00:00,<function <lambda> at 0x7fa4962879f0>,<function <lambda> at 0x7fa496287a90>,<function <lambda> at 0x7fa496287b30>
20057,2022-04-15 16:00:00,<function <lambda> at 0x7fa4962879f0>,<function <lambda> at 0x7fa496287a90>,<function <lambda> at 0x7fa496287b30>
20058,2022-04-15 17:00:00,<function <lambda> at 0x7fa4962879f0>,<function <lambda> at 0x7fa496287a90>,<function <lambda> at 0x7fa496287b30>
20059,2022-04-15 18:00:00,<function <lambda> at 0x7fa4962879f0>,<function <lambda> at 0x7fa496287a90>,<function <lambda> at 0x7fa496287b30>
20060,2022-04-15 19:00:00,<function <lambda> at 0x7fa4962879f0>,<function <lambda> at 0x7fa496287a90>,<function <lambda> at 0x7fa496287b30>
20061,2022-04-15 20:00:00,<function <lambda> at 0x7fa4962879f0>,<function <lambda> at 0x7fa496287a90>,<function <lambda> at 0x7fa496287b30>
20062,2022-04-15 21:00:00,<function <lambda> at 0x7fa4962879f0>,<function <lambda> at 0x7fa496287a90>,<function <lambda> at 0x7fa496287b30>
20063,2022-04-15 22:00:00,<function <lambda> at 0x7fa4962879f0>,<function <lambda> at 0x7fa496287a90>,<function <lambda> at 0x7fa496287b30>
20064,2022-04-15 23:00:00,<function <lambda> at 0x7fa4962879f0>,<function <lambda> at 0x7fa496287a90>,<function <lambda> at 0x7fa496287b30>
20065,2022-04-16 00:00:00,<function <lambda> at 0x7fa4962879f0>,<function <lambda> at 0x7fa496287a90>,<function <lambda> at 0x7fa496287b30>
20066,2022-04-16 01:00:00,<function <lambda> at 0x7fa4962879f0>,<function <lambda> at 0x7fa496287a90>,<function <lambda> at 0x7fa496287b30>
20067,2022-04-16 02:00:00,<function <lambda> at 0x7fa4962879f0>,<function <lambda> at 0x7fa496287a90>,<function <lambda> at 0x7fa496287b30>
20068,2022-04-16 03:00:00,<function <lambda> at 0x7fa4962879f0>,<function <lambda> at 0x7fa496287a90>,<function <lambda> at 0x7fa496287b30>
20069,2022-04-16 04:00:00,<function <lambda> at 0x7fa4962879f0>,<function <lambda> at 0x7fa496287a90>,<function <lambda> at 0x7fa496287b30>
20070,2022-04-16 05:00:00,<function <lambda> at 0x7fa4962879f0>,<function <lambda> at 0x7fa496287a90>,<function <lambda> at 0x7fa496287b30>
20071,2022-04-16 06:00:00,<function <lambda> at 0x7fa4962879f0>,<function <lambda> at 0x7fa496287a90>,<function <lambda> at 0x7fa496287b30>
20072,2022-04-16 07:00:00,<function <lambda> at 0x7fa4962879f0>,<function <lambda> at 0x7fa496287a90>,<function <lambda> at 0x7fa496287b30>
20073,2022-04-16 08:00:00,<function <lambda> at 0x7fa4962879f0>,<function <lambda> at 0x7fa496287a90>,<function <lambda> at 0x7fa496287b30>
20074,2022-04-16 09:00:00,<function <lambda> at 0x7fa4962879f0>,<function <lambda> at 0x7fa496287a90>,<function <lambda> at 0x7fa496287b30>
20075,2022-04-16 10:00:00,<function <lambda> at 0x7fa4962879f0>,<function <lambda> at 0x7fa496287a90>,<function <lambda> at 0x7fa496287b30>
20076,2022-04-16 11:00:00,<function <lambda> at 0x7fa4962879f0>,<function <lambda> at 0x7fa496287a90>,<function <lambda> at 0x7fa496287b30>
20077,2022-04-16 12:00:00,<function <lambda> at 0x7fa4962879f0>,<function <lambda> at 0x7fa496287a90>,<function <lambda> at 0x7fa496287b30>
20078,2022-04-16 13:00:00,<function <lambda> at 0x7fa4962879f0>,<function <lambda> at 0x7fa496287a90>,<function <lambda> at 0x7fa496287b30>
20079,2022-04-16 14:00:00,<function <lambda> at 0x7fa4962879f0>,<function <lambda> at 0x7fa496287a90>,<function <lambda> at 0x7fa496287b30>
20080,2022-04-16 15:00:00,<function <lambda> at 0x7fa4962879f0>,<function <lambda> at 0x7fa496287a90>,<function <lambda> at 0x7fa496287b30>
20081,2022-04-16 16:00:00,<function <lambda> at 0x7fa4962879f0>,<function <lambda> at 0x7fa496287a90>,<function <lambda> at 0x7fa496287b30>
20082,2022-04-16 17:00:00,<function <lambda> at 0x7fa4962879f0>,<function <lambda> at 0x7fa496287a90>,<function <lambda> at 0x7fa496287b30>
20083,2022-04-16 18:00:00,<function <lambda> at 0x7fa4962879f0>,<function <lambda> at 0x7fa496287a90>,<function <lambda> at 0x7fa496287b30>
20084,2022-04-16 19:00:00,<function <lambda> at 0x7fa4962879f0>,<function <lambda> at 0x7fa496287a90>,<function <lambda> at 0x7fa496287b30>
20085,2022-04-16 20:00:00,<function <lambda> at 0x7fa4962879f0>,<function <lambda> at 0x7fa496287a90>,<function <lambda> at 0x7fa496287b30>
20086,2022-04-16 21:00:00,<function <lambda> at 0x7fa4962879f0>,<function <lambda> at 0x7fa496287a90>,<function <lambda> at 0x7fa496287b30>
20087,2022-04-16 22:00:00,<function <lambda> at 0x7fa4962879f0>,<function <lambda> at 0x7fa496287a90>,<function <lambda> at 0x7fa496287b30>
20088,2022-04-16 23:00:00,<function <lambda> at 0x7fa4962879f0>,<function <lambda> at 0x7fa496287a90>,<function <lambda> at 0x7fa496287b30>
20089,2022-04-17 00:00:00,<function <lambda> at 0x7fa4962879f0>,<function <lambda> at 0x7fa496287a90>,<function <lambda> at 0x7fa496287b30>
20090,2022-04-17 01:00:00,<function <lambda> at 0x7fa4962879f0>,<function <lambda> at 0x7fa496287a90>,<function <lambda> at 0x7fa496287b30>
20091,2022-04-17 02:00:00,<function <lambda> at 0x7fa4962879f0>,<function <lambda> at 0x7fa496287a90>,<function <lambda> at 0x7fa496287b30>
20092,2022-04-17 03:00:00,<function <lambda> at 0x7fa4962879f0>,<function <lambda> at 0x7fa496287a90>,<function <lambda> at 0x7fa496287b30>
20093,2022-04-17 04:00:00,<function <lambda> at 0x7fa4962879f0>,<function <lambda> at 0x7fa496287a90>,<function <lambda> at 0x7fa496287b30>
20094,2022-04-17 05:00:00,<function <lambda> at 0x7fa4962879f0>,<function <lambda> at 0x7fa496287a90>,<function <lambda> at 0x7fa496287b30>
20095,2022-04-17 06:00:00,<function <lambda> at 0x7fa4962879f0>,<function <lambda> at 0x7fa496287a90>,<function <lambda> at 0x7fa496287b30>
20096,2022-04-17 07:00:00,<function <lambda> at 0x7fa4962879f0>,<function <lambda> at 0x7fa496287a90>,<function <lambda> at 0x7fa496287b30>
20097,2022-04-17 08:00:00,<function <lambda> at 0x7fa4962879f0>,<function <lambda> at 0x7fa496287a90>,<function <lambda> at 0x7fa496287b30>
20098,2022-04-17 09:00:00,<function <lambda> at 0x7fa4962879f0>,<function <lambda> at 0x7fa496287a90>,<function <lambda> at 0x7fa496287b30>
20099,2022-04-17 10:00:00,<function <lambda> at 0x7fa4962879f0>,<function <lambda> at 0x7fa496287a90>,<function <lambda> at 0x7fa496287b30>
20100,2022-04-17 11:00:00,<function <lambda> at 0x7fa4962879f0>,<function <lambda> at 0x7fa496287a90>,<function <lambda> at 0x7fa496287b30>
20101,2022-04-17 12:00:00,<function <lambda> at 0x7fa4962879f0>,<function <lambda> at 0x7fa496287a90>,<function <lambda> at 0x7fa496287b30>
20102,2022-04-17 13:00:00,<function <lambda> at 0x7fa4962879f0>,<function <lambda> at 0x7fa496287a90>,<function <lambda> at 0x7fa496287b30>
20103,2022-04-17 14:00:00,<function <lambda> at 0x7fa4962879f0>,<function <lambda> at 0x7fa496287a90>,<function <lambda> at 0x7fa496287b30>
20104,2022-04-17 15:00:00,<function <lambda> at 0x7fa4962879f0>,<function <lambda> at 0x7fa496287a90>,<function <lambda> at 0x7fa496287b30>
20105,2022-04-17 16:00:00,<function <lambda> at 0x7fa4962879f0>,<function <lambda> at 0x7fa496287a90>,<function <lambda> at 0x7fa496287b30>
20106,2022-04-17 17:00:00,<function <lambda> at 0x7fa4962879f0>,<function <lambda> at 0x7fa496287a90>,<function <lambda> at 0x7fa496287b30>
20107,2022-04-17 18:00:00,<function <lambda> at 0x7fa4962879f0>,<function <lambda> at 0x7fa496287a90>,<function <lambda> at 0x7fa496287b30>
20108,2022-04-17 19:00:00,<function <lambda> at 0x7fa4962879f0>,<function <lambda> at 0x7fa496287a90>,<function <lambda> at 0x7fa496287b30>
20109,2022-04-17 20:00:00,<function <lambda> at 0x7fa4962879f0>,<function <lambda> at 0x7fa496287a90>,<function <lambda> at 0x7fa496287b30>
20110,2022-04-17 21:00:00,<function <lambda> at 0x7fa4962879f0>,<function <lambda> at 0x7fa496287a90>,<function <lambda> at 0x7fa496287b30>
20111,2022-04-17 22:00:00,<function <lambda> at 0x7fa4962879f0>,<function <lambda> at 0x7fa496287a90>,<function <lambda> at 0x7fa496287b30>
20112,2022-04-17 23:00:00,<function <lambda> at 0x7fa4962879f0>,<function <lambda> at 0x7fa496287a90>,<function <lambda> at 0x7fa496287b30>
20113,2022-04-18 00:00:00,<function <lambda> at 0x7fa4962879f0>,<function <lambda> at 0x7fa496287a90>,<function <lambda> at 0x7fa496287b30>
20114,2022-04-18 01:00:00,<function <lambda> at 0x7fa4962879f0>,<function <lambda> at 0x7fa496287a90>,<function <lambda> at 0x7fa496287b30>
20115,2022-04-18 02:00:00,<function <lambda> at 0x7fa4962879f0>,<function <lambda> at 0x7fa496287a90>,<function <lambda> at 0x7fa496287b30>
20116,2022-04-18 03:00:00,<function <lambda> at 0x7fa4962879f0>,<function <lambda> at 0x7fa496287a90>,<function <lambda> at 0x7fa496287b30>
20117,2022-04-18 04:00:00,<function <lambda> at 0x7fa4962879f0>,<function <lambda> at 0x7fa496287a90>,<function <lambda> at 0x7fa496287b30>
20118,2022-04-18 05:00:00,<function <lambda> at 0x7fa4962879f0>,<function <lambda> at 0x7fa496287a90>,<function <lambda> at 0x7fa496287b30>
20119,2022-04-18 06:00:00,<function <lambda> at 0x7fa4962879f0>,<function <lambda> at 0x7fa496287a90>,<function <lambda> at 0x7fa496287b30>
20120,2022-04-18 07:00:00,<function <lambda> at 0x7fa4962879f0>,<function <lambda> at 0x7fa496287a90>,<function <lambda> at 0x7fa496287b30>
20121,2022-04-18 08:00:00,<function <lambda> at 0x7fa4962879f0>,<function <lambda> at 0x7fa496287a90>,<function <lambda> at 0x7fa496287b30>
20122,2022-04-18 09:00:00,<function <lambda> at 0x7fa4962879f0>,<function <lambda> at 0x7fa496287a90>,<function <lambda> at 0x7fa496287b30>
20123,2022-04-18 10:00:00,<function <lambda> at 0x7fa4962879f0>,<function <lambda> at 0x7fa496287a90>,<function <lambda> at 0x7fa496287b30>
20124,2022-04-18 11:00:00,<function <lambda> at 0x7fa4962879f0>,<function <lambda> at 0x7fa496287a90>,<function <lambda> at 0x7fa496287b30>
20125,2022-04-18 12:00:00,<function <lambda> at 0x7fa4962879f0>,<function <lambda> at 0x7fa496287a90>,<function <lambda> at 0x7fa496287b30>
20126,2022-04-18 13:00:00,<function <lambda> at 0x7fa4962879f0>,<function <lambda> at 0x7fa496287a90>,<function <lambda> at 0x7fa496287b30>
20127,2022-04-18 14:00:00,<function <lambda> at 0x7fa4962879f0>,<function <lambda> at 0x7fa496287a90>,<function <lambda> at 0x7fa496287b30>
20128,2022-04-18 15:00:00,<function <lambda> at 0x7fa4962879f0>,<function <lambda> at 0x7fa496287a90>,<function <lambda> at 0x7fa496287b30>
20129,2022-04-18 16:00:00,<function <lambda> at 0x7fa4962879f0>,<function <lambda> at 0x7fa496287a90>,<function <lambda> at 0x7fa496287b30>
20130,2022-04-18 17:00:00,<function <lambda> at 0x7fa4962879f0>,<function <lambda> at 0x7fa496287a90>,<function <lambda> at 0x7fa496287b30>
20131,2022-04-18 18:00:00,<function <lambda> at 0x7fa4962879f0>,<function <lambda> at 0x7fa496287a90>,<function <lambda> at 0x7fa496287b30>
20132,2022-04-18 19:00:00,<function <lambda> at 0x7fa4962879f0>,<function <lambda> at 0x7fa496287a90>,<function <lambda> at 0x7fa496287b30>
20133,2022-04-18 20:00:00,<function <lambda> at 0x7fa4962879f0>,<function <lambda> at 0x7fa496287a90>,<function <lambda> at 0x7fa496287b30>
20134,2022-04-18 21:00:00,<function <lambda> at 0x7fa4962879f0>,<function <lambda> at 0x7fa496287a90>,<function <lambda> at 0x7fa496287b30>
20135,2022-04-18 22:00:00,<function <lambda> at 0x7fa4962879f0>,<function <lambda> at 0x7fa496287a90>,<function <lambda> at 0x7fa496287b30>
20136,2022-04-18 23:00:00,<function <lambda> at 0x7fa4962879f0>,<function <lambda> at 0x7fa496287a90>,<function <lambda> at 0x7fa496287b30>
20137,2022-04-19 00:00:00,<function <lambda> at 0x7fa4962879f0>,<function <lambda> at 0x7fa496287a90>,<function <lambda> at 0x7fa496287b30>
20138,2022-04-19 01:00:00,<function <lambda> at 0x7fa4962879f0>,<function <lambda> at 0x7fa496287a90>,<function <lambda> at 0x7fa496287b30>
20139,2022-04-19 02:00:00,<function <lambda> at 0x7fa4962879f0>,<function <lambda> at 0x7fa496287a90>,<function <lambda> at 0x7fa496287b30>
20140,2022-04-19 03:00:00,<function <lambda> at 0x7fa4962879f0>,<function <lambda> at 0x7fa496287a90>,<function <lambda> at 0x7fa496287b30>
20141,2022-04-19 04:00:00,<function <lambda> at 0x7fa4962879f0>,<function <lambda> at 0x7fa496287a90>,<function <lambda> at 0x7fa496287b30>
20142,2022-04-19 05:00:00,<function <lambda> at 0x7fa4962879f0>,<function <lambda> at 0x7fa496287a90>,<function <lambda> at 0x7fa496287b30>
20143,2022-04-19 06:00:00,<function <lambda> at 0x7fa4962879f0>,<function <lambda> at 0x7fa496287a90>,<function <lambda> at 0x7fa496287b30>
20144,2022-04-19 07:00:00,<function <lambda> at 0x7fa4962879f0>,<function <lambda> at 0x7fa496287a90>,<function <lambda> at 0x7fa496287b30>
20145,2022-04-19 08:00:00,<function <lambda> at 0x7fa4962879f0>,<function <lambda> at 0x7fa496287a90>,<function <lambda> at 0x7fa496287b30>
20146,2022-04-19 09:00:00,<function <lambda> at 0x7fa4962879f0>,<function <lambda> at 0x7fa496287a90>,<function <lambda> at 0x7fa496287b30>
20147,2022-04-19 10:00:00,<function <lambda> at 0x7fa4962879f0>,<function <lambda> at 0x7fa496287a90>,<function <lambda> at 0x7fa496287b30>
20148,2022-04-19 11:00:00,<function <lambda> at 0x7fa4962879f0>,<function <lambda> at 0x7fa496287a90>,<function <lambda> at 0x7fa496287b30>
20149,2022-04-19 12:00:00,<function <lambda> at 0x7fa4962879f0>,<function <lambda> at 0x7fa496287a90>,<function <lambda> at 0x7fa496287b30>
20150,2022-04-19 13:00:00,<function <lambda> at 0x7fa4962879f0>,<function <lambda> at 0x7fa496287a90>,<function <lambda> at 0x7fa496287b30>
20151,2022-04-19 14:00:00,<function <lambda> at 0x7fa4962879f0>,<function <lambda> at 0x7fa496287a90>,<function <lambda> at 0x7fa496287b30>
20152,2022-04-19 15:00:00,<function <lambda> at 0x7fa4962879f0>,<function <lambda> at 0x7fa496287a90>,<function <lambda> at 0x7fa496287b30>
20153,2022-04-19 16:00:00,<function <lambda> at 0x7fa4962879f0>,<function <lambda> at 0x7fa496287a90>,<function <lambda> at 0x7fa496287b30>
20154,2022-04-19 17:00:00,<function <lambda> at 0x7fa4962879f0>,<function <lambda> at 0x7fa496287a90>,<function <lambda> at 0x7fa496287b30>
20155,2022-04-19 18:00:00,<function <lambda> at 0x7fa4962879f0>,<function <lambda> at 0x7fa496287a90>,<function <lambda> at 0x7fa496287b30>
20156,2022-04-19 19:00:00,<function <lambda> at 0x7fa4962879f0>,<function <lambda> at 0x7fa496287a90>,<function <lambda> at 0x7fa496287b30>
20157,2022-04-19 20:00:00,<function <lambda> at 0x7fa4962879f0>,<function <lambda> at 0x7fa496287a90>,<function <lambda> at 0x7fa496287b30>
20158,2022-04-19 21:00:00,<function <lambda> at 0x7fa4962879f0>,<function <lambda> at 0x7fa496287a90>,<function <lambda> at 0x7fa496287b30>
20159,2022-04-19 22:00:00,<function <lambda> at 0x7fa4962879f0>,<function <lambda> at 0x7fa496287a90>,<function <lambda> at 0x7fa496287b30>
20160,2022-04-19 23:00:00,<function <lambda> at 0x7fa4962879f0>,<function <lambda> at 0x7fa496287a90>,<function <lambda> at 0x7fa496287b30>
20161,2022-04-20 00:00:00,<function <lambda> at 0x7fa4962879f0>,<function <lambda> at 0x7fa496287a90>,<function <lambda> at 0x7fa496287b30>
20162,2022-04-20 01:00:00,<function <lambda> at 0x7fa4962879f0>,<function <lambda> at 0x7fa496287a90>,<function <lambda> at 0x7fa496287b30>
20163,2022-04-20 02:00:00,<function <lambda> at 0x7fa4962879f0>,<function <lambda> at 0x7fa496287a90>,<function <lambda> at 0x7fa496287b30>
20164,2022-04-20 03:00:00,<function <lambda> at 0x7fa4962879f0>,<function <lambda> at 0x7fa496287a90>,<function <lambda> at 0x7fa496287b30>
20165,2022-04-20 04:00:00,<function <lambda> at 0x7fa4962879f0>,<function <lambda> at 0x7fa496287a90>,<function <lambda> at 0x7fa496287b30>
20166,2022-04-20 05:00:00,<function <lambda> at 0x7fa4962879f0>,<function <lambda> at 0x7fa496287a90>,<function <lambda> at 0x7fa496287b30>
20167,2022-04-20 06:00:00,<function <lambda> at 0x7fa4962879f0>,<function <lambda> at 0x7fa496287a90>,<function <lambda> at 0x7fa496287b30>
20168,2022-04-20 07:00:00,<function <lambda> at 0x7fa4962879f0>,<function <lambda> at 0x7fa496287a90>,<function <lambda> at 0x7fa496287b30>
20169,2022-04-20 08:00:00,<function <lambda> at 0x7fa4962879f0>,<function <lambda> at 0x7fa496287a90>,<function <lambda> at 0x7fa496287b30>
20170,2022-04-20 09:00:00,<function <lambda> at 0x7fa4962879f0>,<function <lambda> at 0x7fa496287a90>,<function <lambda> at 0x7fa496287b30>
20171,2022-04-20 10:00:00,<function <lambda> at 0x7fa4962879f0>,<function <lambda> at 0x7fa496287a90>,<function <lambda> at 0x7fa496287b30>
20172,2022-04-20 11:00:00,<function <lambda> at 0x7fa4962879f0>,<function <lambda> at 0x7fa496287a90>,<function <lambda> at 0x7fa496287b30>
20173,2022-04-20 12:00:00,<function <lambda> at 0x7fa4962879f0>,<function <lambda> at 0x7fa496287a90>,<function <lambda> at 0x7fa496287b30>
20174,2022-04-20 13:00:00,<function <lambda> at 0x7fa4962879f0>,<function <lambda> at 0x7fa496287a90>,<function <lambda> at 0x7fa496287b30>
20175,2022-04-20 14:00:00,<function <lambda> at 0x7fa4962879f0>,<function <lambda> at 0x7fa496287a90>,<function <lambda> at 0x7fa496287b30>
20176,2022-04-20 15:00:00,<function <lambda> at 0x7fa4962879f0>,<function <lambda> at 0x7fa496287a90>,<function <lambda> at 0x7fa496287b30>
20177,2022-04-20 16:00:00,<function <lambda> at 0x7fa4962879f0>,<function <lambda> at 0x7fa496287a90>,<function <lambda> at 0x7fa496287b30>
20178,2022-04-20 17:00:00,<function <lambda> at 0x7fa4962879f0>,<function <lambda> at 0x7fa496287a90>,<function <lambda> at 0x7fa496287b30>
20179,2022-04-20 18:00:00,<function <lambda> at 0x7fa4962879f0>,<function <lambda> at 0x7fa496287a90>,<function <lambda> at 0x7fa496287b30>
20180,2022-04-20 19:00:00,<function <lambda> at 0x7fa4962879f0>,<function <lambda> at 0x7fa496287a90>,<function <lambda> at 0x7fa496287b30>
20181,2022-04-20 20:00:00,<function <lambda> at 0x7fa4962879f0>,<function <lambda> at 0x7fa496287a90>,<function <lambda> at 0x7fa496287b30>
20182,2022-04-20 21:00:00,<function <lambda> at 0x7fa4962879f0>,<function <lambda> at 0x7fa496287a90>,<function <lambda> at 0x7fa496287b30>
20183,2022-04-20 22:00:00,<function <lambda> at 0x7fa4962879f0>,<function <lambda> at 0x7fa496287a90>,<function <lambda> at 0x7fa496287b30>
20184,2022-04-20 23:00:00,<function <lambda> at 0x7fa4962879f0>,<function <lambda> at 0x7fa496287a90>,<function <lambda> at 0x7fa496287b30>
20185,2022-04-21 00:00:00,<function <lambda> at 0x7fa4962879f0>,<function <lambda> at 0x7fa496287a90>,<function <lambda> at 0x7fa496287b30>
20186,2022-04-21 01:00:00,<function <lambda> at 0x7fa4962879f0>,<function <lambda> at 0x7fa496287a90>,<function <lambda> at 0x7fa496287b30>
20187,2022-04-21 02:00:00,<function <lambda> at 0x7fa4962879f0>,<function <lambda> at 0x7fa496287a90>,<function <lambda> at 0x7fa496287b30>
20188,2022-04-21 03:00:00,<function <lambda> at 0x7fa4962879f0>,<function <lambda> at 0x7fa496287a90>,<function <lambda> at 0x7fa496287b30>
20189,2022-04-21 04:00:00,<function <lambda> at 0x7fa4962879f0>,<function <lambda> at 0x7fa496287a90>,<function <lambda> at 0x7fa496287b30>
20190,2022-04-21 05:00:00,<function <lambda> at 0x7fa4962879f0>,<function <lambda> at 0x7fa496287a90>,<function <lambda> at 0x7fa496287b30>
20191,2022-04-21 06:00:00,<function <lambda> at 0x7fa4962879f0>,<function <lambda> at 0x7fa496287a90>,<function <lambda> at 0x7fa496287b30>
20192,2022-04-21 07:00:00,<function <lambda> at 0x7fa4962879f0>,<function <lambda> at 0x7fa496287a90>,<function <lambda> at 0x7fa496287b30>
20193,2022-04-21 08:00:00,<function <lambda> at 0x7fa4962879f0>,<function <lambda> at 0x7fa496287a90>,<function <lambda> at 0x7fa496287b30>
20194,2022-04-21 09:00:00,<function <lambda> at 0x7fa4962879f0>,<function <lambda> at 0x7fa496287a90>,<function <lambda> at 0x7fa496287b30>
20195,2022-04-21 10:00:00,<function <lambda> at 0x7fa4962879f0>,<function <lambda> at 0x7fa496287a90>,<function <lambda> at 0x7fa496287b30>
20196,2022-04-21 11:00:00,<function <lambda> at 0x7fa4962879f0>,<function <lambda> at 0x7fa496287a90>,<function <lambda> at 0x7fa496287b30>
20197,2022-04-21 12:00:00,<function <lambda> at 0x7fa4962879f0>,<function <lambda> at 0x7fa496287a90>,<function <lambda> at 0x7fa496287b30>
20198,2022-04-21 13:00:00,<function <lambda> at 0x7fa4962879f0>,<function <lambda> at 0x7fa496287a90>,<function <lambda> at 0x7fa496287b30>
20199,2022-04-21 14:00:00,<function <lambda> at 0x7fa4962879f0>,<function <lambda> at 0x7fa496287a90>,<function <lambda> at 0x7fa496287b30>
20200,2022-04-21 15:00:00,<function <lambda> at 0x7fa4962879f0>,<function <lambda> at 0x7fa496287a90>,<function <lambda> at 0x7fa496287b30>
20201,2022-04-21 16:00:00,<function <lambda> at 0x7fa4962879f0>,<function <lambda> at 0x7fa496287a90>,<function <lambda> at 0x7fa496287b30>
20202,2022-04-21 17:00:00,<function <lambda> at 0x7fa4962879f0>,<function <lambda> at 0x7fa496287a90>,<function <lambda> at 0x7fa496287b30>
20203,2022-04-21 18:00:00,<function <lambda> at 0x7fa4962879f0>,<function <lambda> at 0x7fa496287a90>,<function <lambda> at 0x7fa496287b30>
20204,2022-04-21 19:00:00,<function <lambda> at 0x7fa4962879f0>,<function <lambda> at 0x7fa496287a90>,<function <lambda> at 0x7fa496287b30>
20205,2022-04-21 20:00:00,<function <lambda> at 0x7fa4962879f0>,<function <lambda> at 0x7fa496287a90>,<function <lambda> at 0x7fa496287b30>
20206,2022-04-21 21:00:00,<function <lambda> at 0x7fa4962879f0>,<function <lambda> at 0x7fa496287a90>,<function <lambda> at 0x7fa496287b30>
20207,2022-04-21 22:00:00,<function <lambda> at 0x7fa4962879f0>,<function <lambda> at 0x7fa496287a90>,<function <lambda> at 0x7fa496287b30>
20208,2022-04-21 23:00:00,<function <lambda> at 0x7fa4962879f0>,<function <lambda> at 0x7fa496287a90>,<function <lambda> at 0x7fa496287b30>
20209,2022-04-22 00:00:00,<function <lambda> at 0x7fa4962879f0>,<function <lambda> at 0x7fa496287a90>,<function <lambda> at 0x7fa496287b30>
20210,2022-04-22 01:00:00,<function <lambda> at 0x7fa4962879f0>,<function <lambda> at 0x7fa496287a90>,<function <lambda> at 0x7fa496287b30>
20211,2022-04-22 02:00:00,<function <lambda> at 0x7fa4962879f0>,<function <lambda> at 0x7fa496287a90>,<function <lambda> at 0x7fa496287b30>
20212,2022-04-22 03:00:00,<function <lambda> at 0x7fa4962879f0>,<function <lambda> at 0x7fa496287a90>,<function <lambda> at 0x7fa496287b30>
20213,2022-04-22 04:00:00,<function <lambda> at 0x7fa4962879f0>,<function <lambda> at 0x7fa496287a90>,<function <lambda> at 0x7fa496287b30>
20214,2022-04-22 05:00:00,<function <lambda> at 0x7fa4962879f0>,<function <lambda> at 0x7fa496287a90>,<function <lambda> at 0x7fa496287b30>
20215,2022-04-22 06:00:00,<function <lambda> at 0x7fa4962879f0>,<function <lambda> at 0x7fa496287a90>,<function <lambda> at 0x7fa496287b30>
20216,2022-04-22 07:00:00,<function <lambda> at 0x7fa4962879f0>,<function <lambda> at 0x7fa496287a90>,<function <lambda> at 0x7fa496287b30>
20217,2022-04-22 08:00:00,<function <lambda> at 0x7fa4962879f0>,<function <lambda> at 0x7fa496287a90>,<function <lambda> at 0x7fa496287b30>
20218,2022-04-22 09:00:00,<function <lambda> at 0x7fa4962879f0>,<function <lambda> at 0x7fa496287a90>,<function <lambda> at 0x7fa496287b30>
20219,2022-04-22 10:00:00,<function <lambda> at 0x7fa4962879f0>,<function <lambda> at 0x7fa496287a90>,<function <lambda> at 0x7fa496287b30>
20220,2022-04-22 11:00:00,<function <lambda> at 0x7fa4962879f0>,<function <lambda> at 0x7fa496287a90>,<function <lambda> at 0x7fa496287b30>
20221,2022-04-22 12:00:00,<function <lambda> at 0x7fa4962879f0>,<function <lambda> at 0x7fa496287a90>,<function <lambda> at 0x7fa496287b30>
20222,2022-04-22 13:00:00,<function <lambda> at 0x7fa4962879f0>,<function <lambda> at 0x7fa496287a90>,<function <lambda> at 0x7fa496287b30>
20223,2022-04-22 14:00:00,<function <lambda> at 0x7fa4962879f0>,<function <lambda> at 0x7fa496287a90>,<function <lambda> at 0x7fa496287b30>
20224,2022-04-22 15:00:00,<function <lambda> at 0x7fa4962879f0>,<function <lambda> at 0x7fa496287a90>,<function <lambda> at 0x7fa496287b30>
20225,2022-04-22 16:00:00,<function <lambda> at 0x7fa4962879f0>,<function <lambda> at 0x7fa496287a90>,<function <lambda> at 0x7fa496287b30>
20226,2022-04-22 17:00:00,<function <lambda> at 0x7fa4962879f0>,<function <lambda> at 0x7fa496287a90>,<function <lambda> at 0x7fa496287b30>
20227,2022-04-22 18:00:00,<function <lambda> at 0x7fa4962879f0>,<function <lambda> at 0x7fa496287a90>,<function <lambda> at 0x7fa496287b30>
20228,2022-04-22 19:00:00,<function <lambda> at 0x7fa4962879f0>,<function <lambda> at 0x7fa496287a90>,<function <lambda> at 0x7fa496287b30>
20229,2022-04-22 20:00:00,<function <lambda> at 0x7fa4962879f0>,<function <lambda> at 0x7fa496287a90>,<function <lambda> at 0x7fa496287b30>
20230,2022-04-22 21:00:00,<function <lambda> at 0x7fa4962879f0>,<function <lambda> at 0x7fa496287a90>,<function <lambda> at 0x7fa496287b30>
20231,2022-04-22 22:00:00,<function <lambda> at 0x7fa4962879f0>,<function <lambda> at 0x7fa496287a90>,<function <lambda> at 0x7fa496287b30>
20232,2022-04-22 23:00:00,<function <lambda> at 0x7fa4962879f0>,<function <lambda> at 0x7fa496287a90>,<function <lambda> at 0x7fa496287b30>
20233,2022-04-23 00:00:00,<function <lambda> at 0x7fa4962879f0>,<function <lambda> at 0x7fa496287a90>,<function <lambda> at 0x7fa496287b30>
20234,2022-04-23 01:00:00,<function <lambda> at 0x7fa4962879f0>,<function <lambda> at 0x7fa496287a90>,<function <lambda> at 0x7fa496287b30>
20235,2022-04-23 02:00:00,<function <lambda> at 0x7fa4962879f0>,<function <lambda> at 0x7fa496287a90>,<function <lambda> at 0x7fa496287b30>
20236,2022-04-23 03:00:00,<function <lambda> at 0x7fa4962879f0>,<function <lambda> at 0x7fa496287a90>,<function <lambda> at 0x7fa496287b30>
20237,2022-04-23 04:00:00,<function <lambda> at 0x7fa4962879f0>,<function <lambda> at 0x7fa496287a90>,<function <lambda> at 0x7fa496287b30>
20238,2022-04-23 05:00:00,<function <lambda> at 0x7fa4962879f0>,<function <lambda> at 0x7fa496287a90>,<function <lambda> at 0x7fa496287b30>
20239,2022-04-23 06:00:00,<function <lambda> at 0x7fa4962879f0>,<function <lambda> at 0x7fa496287a90>,<function <lambda> at 0x7fa496287b30>
20240,2022-04-23 07:00:00,<function <lambda> at 0x7fa4962879f0>,<function <lambda> at 0x7fa496287a90>,<function <lambda> at 0x7fa496287b30>
20241,2022-04-23 08:00:00,<function <lambda> at 0x7fa4962879f0>,<function <lambda> at 0x7fa496287a90>,<function <lambda> at 0x7fa496287b30>
20242,2022-04-23 09:00:00,<function <lambda> at 0x7fa4962879f0>,<function <lambda> at 0x7fa496287a90>,<function <lambda> at 0x7fa496287b30>
20243,2022-04-23 10:00:00,<function <lambda> at 0x7fa4962879f0>,<function <lambda> at 0x7fa496287a90>,<function <lambda> at 0x7fa496287b30>
20244,2022-04-23 11:00:00,<function <lambda> at 0x7fa4962879f0>,<function <lambda> at 0x7fa496287a90>,<function <lambda> at 0x7fa496287b30>
20245,2022-04-23 12:00:00,<function <lambda> at 0x7fa4962879f0>,<function <lambda> at 0x7fa496287a90>,<function <lambda> at 0x7fa496287b30>
20246,2022-04-23 13:00:00,<function <lambda> at 0x7fa4962879f0>,<function <lambda> at 0x7fa496287a90>,<function <lambda> at 0x7fa496287b30>
20247,2022-04-23 14:00:00,<function <lambda> at 0x7fa4962879f0>,<function <lambda> at 0x7fa496287a90>,<function <lambda> at 0x7fa496287b30>
20248,2022-04-23 15:00:00,<function <lambda> at 0x7fa4962879f0>,<function <lambda> at 0x7fa496287a90>,<function <lambda> at 0x7fa496287b30>
20249,2022-04-23 16:00:00,<function <lambda> at 0x7fa4962879f0>,<function <lambda> at 0x7fa496287a90>,<function <lambda> at 0x7fa496287b30>
20250,2022-04-23 17:00:00,<function <lambda> at 0x7fa4962879f0>,<function <lambda> at 0x7fa496287a90>,<function <lambda> at 0x7fa496287b30>
20251,2022-04-23 18:00:00,<function <lambda> at 0x7fa4962879f0>,<function <lambda> at 0x7fa496287a90>,<function <lambda> at 0x7fa496287b30>
20252,2022-04-23 19:00:00,<function <lambda> at 0x7fa4962879f0>,<function <lambda> at 0x7fa496287a90>,<function <lambda> at 0x7fa496287b30>
20253,2022-04-23 20:00:00,<function <lambda> at 0x7fa4962879f0>,<function <lambda> at 0x7fa496287a90>,<function <lambda> at 0x7fa496287b30>
20254,2022-04-23 21:00:00,<function <lambda> at 0x7fa4962879f0>,<function <lambda> at 0x7fa496287a90>,<function <lambda> at 0x7fa496287b30>
20255,2022-04-23 22:00:00,<function <lambda> at 0x7fa4962879f0>,<function <lambda> at 0x7fa496287a90>,<function <lambda> at 0x7fa496287b30>
20256,2022-04-23 23:00:00,<function <lambda> at 0x7fa4962879f0>,<function <lambda> at 0x7fa496287a90>,<function <lambda> at 0x7fa496287b30>
20257,2022-04-24 00:00:00,<function <lambda> at 0x7fa4962879f0>,<function <lambda> at 0x7fa496287a90>,<function <lambda> at 0x7fa496287b30>
20258,2022-04-24 01:00:00,<function <lambda> at 0x7fa4962879f0>,<function <lambda> at 0x7fa496287a90>,<function <lambda> at 0x7fa496287b30>
20259,2022-04-24 02:00:00,<function <lambda> at 0x7fa4962879f0>,<function <lambda> at 0x7fa496287a90>,<function <lambda> at 0x7fa496287b30>
20260,2022-04-24 03:00:00,<function <lambda> at 0x7fa4962879f0>,<function <lambda> at 0x7fa496287a90>,<function <lambda> at 0x7fa496287b30>
20261,2022-04-24 04:00:00,<function <lambda> at 0x7fa4962879f0>,<function <lambda> at 0x7fa496287a90>,<function <lambda> at 0x7fa496287b30>
20262,2022-04-24 05:00:00,<function <lambda> at 0x7fa4962879f0>,<function <lambda> at 0x7fa496287a90>,<function <lambda> at 0x7fa496287b30>
20263,2022-04-24 06:00:00,<function <lambda> at 0x7fa4962879f0>,<function <lambda> at 0x7fa496287a90>,<function <lambda> at 0x7fa496287b30>
20264,2022-04-24 07:00:00,<function <lambda> at 0x7fa4962879f0>,<function <lambda> at 0x7fa496287a90>,<function <lambda> at 0x7fa496287b30>
20265,2022-04-24 08:00:00,<function <lambda> at 0x7fa4962879f0>,<function <lambda> at 0x7fa496287a90>,<function <lambda> at 0x7fa496287b30>
20266,2022-04-24 09:00:00,<function <lambda> at 0x7fa4962879f0>,<function <lambda> at 0x7fa496287a90>,<function <lambda> at 0x7fa496287b30>
20267,2022-04-24 10:00:00,<function <lambda> at 0x7fa4962879f0>,<function <lambda> at 0x7fa496287a90>,<function <lambda> at 0x7fa496287b30>
20268,2022-04-24 11:00:00,<function <lambda> at 0x7fa4962879f0>,<function <lambda> at 0x7fa496287a90>,<function <lambda> at 0x7fa496287b30>
20269,2022-04-24 12:00:00,<function <lambda> at 0x7fa4962879f0>,<function <lambda> at 0x7fa496287a90>,<function <lambda> at 0x7fa496287b30>
20270,2022-04-24 13:00:00,<function <lambda> at 0x7fa4962879f0>,<function <lambda> at 0x7fa496287a90>,<function <lambda> at 0x7fa496287b30>
20271,2022-04-24 14:00:00,<function <lambda> at 0x7fa4962879f0>,<function <lambda> at 0x7fa496287a90>,<function <lambda> at 0x7fa496287b30>
20272,2022-04-24 15:00:00,<function <lambda> at 0x7fa4962879f0>,<function <lambda> at 0x7fa496287a90>,<function <lambda> at 0x7fa496287b30>
20273,2022-04-24 16:00:00,<function <lambda> at 0x7fa4962879f0>,<function <lambda> at 0x7fa496287a90>,<function <lambda> at 0x7fa496287b30>
20274,2022-04-24 17:00:00,<function <lambda> at 0x7fa4962879f0>,<function <lambda> at 0x7fa496287a90>,<function <lambda> at 0x7fa496287b30>
20275,2022-04-24 18:00:00,<function <lambda> at 0x7fa4962879f0>,<function <lambda> at 0x7fa496287a90>,<function <lambda> at 0x7fa496287b30>
20276,2022-04-24 19:00:00,<function <lambda> at 0x7fa4962879f0>,<function <lambda> at 0x7fa496287a90>,<function <lambda> at 0x7fa496287b30>
20277,2022-04-24 20:00:00,<function <lambda> at 0x7fa4962879f0>,<function <lambda> at 0x7fa496287a90>,<function <lambda> at 0x7fa496287b30>
20278,2022-04-24 21:00:00,<function <lambda> at 0x7fa4962879f0>,<function <lambda> at 0x7fa496287a90>,<function <lambda> at 0x7fa496287b30>
20279,2022-04-24 22:00:00,<function <lambda> at 0x7fa4962879f0>,<function <lambda> at 0x7fa496287a90>,<function <lambda> at 0x7fa496287b30>
20280,2022-04-24 23:00:00,<function <lambda> at 0x7fa4962879f0>,<function <lambda> at 0x7fa496287a90>,<function <lambda> at 0x7fa496287b30>
20281,2022-04-25 00:00:00,<function <lambda> at 0x7fa4962879f0>,<function <lambda> at 0x7fa496287a90>,<function <lambda> at 0x7fa496287b30>
20282,2022-04-25 01:00:00,<function <lambda> at 0x7fa4962879f0>,<function <lambda> at 0x7fa496287a90>,<function <lambda> at 0x7fa496287b30>
20283,2022-04-25 02:00:00,<function <lambda> at 0x7fa4962879f0>,<function <lambda> at 0x7fa496287a90>,<function <lambda> at 0x7fa496287b30>
20284,2022-04-25 03:00:00,<function <lambda> at 0x7fa4962879f0>,<function <lambda> at 0x7fa496287a90>,<function <lambda> at 0x7fa496287b30>
20285,2022-04-25 04:00:00,<function <lambda> at 0x7fa4962879f0>,<function <lambda> at 0x7fa496287a90>,<function <lambda> at 0x7fa496287b30>
20286,2022-04-25 05:00:00,<function <lambda> at 0x7fa4962879f0>,<function <lambda> at 0x7fa496287a90>,<function <lambda> at 0x7fa496287b30>
20287,2022-04-25 06:00:00,<function <lambda> at 0x7fa4962879f0>,<function <lambda> at 0x7fa496287a90>,<function <lambda> at 0x7fa496287b30>
20288,2022-04-25 07:00:00,<function <lambda> at 0x7fa4962879f0>,<function <lambda> at 0x7fa496287a90>,<function <lambda> at 0x7fa496287b30>
20289,2022-04-25 08:00:00,<function <lambda> at 0x7fa4962879f0>,<function <lambda> at 0x7fa496287a90>,<function <lambda> at 0x7fa496287b30>
20290,2022-04-25 09:00:00,<function <lambda> at 0x7fa4962879f0>,<function <lambda> at 0x7fa496287a90>,<function <lambda> at 0x7fa496287b30>
20291,2022-04-25 10:00:00,<function <lambda> at 0x7fa4962879f0>,<function <lambda> at 0x7fa496287a90>,<function <lambda> at 0x7fa496287b30>
20292,2022-04-25 11:00:00,<function <lambda> at 0x7fa4962879f0>,<function <lambda> at 0x7fa496287a90>,<function <lambda> at 0x7fa496287b30>
20293,2022-04-25 12:00:00,<function <lambda> at 0x7fa4962879f0>,<function <lambda> at 0x7fa496287a90>,<function <lambda> at 0x7fa496287b30>
20294,2022-04-25 13:00:00,<function <lambda> at 0x7fa4962879f0>,<function <lambda> at 0x7fa496287a90>,<function <lambda> at 0x7fa496287b30>
20295,2022-04-25 14:00:00,<function <lambda> at 0x7fa4962879f0>,<function <lambda> at 0x7fa496287a90>,<function <lambda> at 0x7fa496287b30>
20296,2022-04-25 15:00:00,<function <lambda> at 0x7fa4962879f0>,<function <lambda> at 0x7fa496287a90>,<function <lambda> at 0x7fa496287b30>
20297,2022-04-25 16:00:00,<function <lambda> at 0x7fa4962879f0>,<function <lambda> at 0x7fa496287a90>,<function <lambda> at 0x7fa496287b30>
20298,2022-04-25 17:00:00,<function <lambda> at 0x7fa4962879f0>,<function <lambda> at 0x7fa496287a90>,<function <lambda> at 0x7fa496287b30>
20299,2022-04-25 18:00:00,<function <lambda> at 0x7fa4962879f0>,<function <lambda> at 0x7fa496287a90>,<function <lambda> at 0x7fa496287b30>
20300,2022-04-25 19:00:00,<function <lambda> at 0x7fa4962879f0>,<function <lambda> at 0x7fa496287a90>,<function <lambda> at 0x7fa496287b30>
20301,2022-04-25 20:00:00,<function <lambda> at 0x7fa4962879f0>,<function <lambda> at 0x7fa496287a90>,<function <lambda> at 0x7fa496287b30>
20302,2022-04-25 21:00:00,<function <lambda> at 0x7fa4962879f0>,<function <lambda> at 0x7fa496287a90>,<function <lambda> at 0x7fa496287b30>
20303,2022-04-25 22:00:00,<function <lambda> at 0x7fa4962879f0>,<function <lambda> at 0x7fa496287a90>,<function <lambda> at 0x7fa496287b30>
20304,2022-04-25 23:00:00,<function <lambda> at 0x7fa4962879f0>,<function <lambda> at 0x7fa496287a90>,<function <lambda> at 0x7fa496287b30>
20305,2022-04-26 00:00:00,<function <lambda> at 0x7fa4962879f0>,<function <lambda> at 0x7fa496287a90>,<function <lambda> at 0x7fa496287b30>
20306,2022-04-26 01:00:00,<function <lambda> at 0x7fa4962879f0>,<function <lambda> at 0x7fa496287a90>,<function <lambda> at 0x7fa496287b30>
20307,2022-04-26 02:00:00,<function <lambda> at 0x7fa4962879f0>,<function <lambda> at 0x7fa496287a90>,<function <lambda> at 0x7fa496287b30>
20308,2022-04-26 03:00:00,<function <lambda> at 0x7fa4962879f0>,<function <lambda> at 0x7fa496287a90>,<function <lambda> at 0x7fa496287b30>
20309,2022-04-26 04:00:00,<function <lambda> at 0x7fa4962879f0>,<function <lambda> at 0x7fa496287a90>,<function <lambda> at 0x7fa496287b30>
20310,2022-04-26 05:00:00,<function <lambda> at 0x7fa4962879f0>,<function <lambda> at 0x7fa496287a90>,<function <lambda> at 0x7fa496287b30>
20311,2022-04-26 06:00:00,<function <lambda> at 0x7fa4962879f0>,<function <lambda> at 0x7fa496287a90>,<function <lambda> at 0x7fa496287b30>
20312,2022-04-26 07:00:00,<function <lambda> at 0x7fa4962879f0>,<function <lambda> at 0x7fa496287a90>,<function <lambda> at 0x7fa496287b30>
20313,2022-04-26 08:00:00,<function <lambda> at 0x7fa4962879f0>,<function <lambda> at 0x7fa496287a90>,<function <lambda> at 0x7fa496287b30>
20314,2022-04-26 09:00:00,<function <lambda> at 0x7fa4962879f0>,<function <lambda> at 0x7fa496287a90>,<function <lambda> at 0x7fa496287b30>
20315,2022-04-26 10:00:00,<function <lambda> at 0x7fa4962879f0>,<function <lambda> at 0x7fa496287a90>,<function <lambda> at 0x7fa496287b30>
20316,2022-04-26 11:00:00,<function <lambda> at 0x7fa4962879f0>,<function <lambda> at 0x7fa496287a90>,<function <lambda> at 0x7fa496287b30>
20317,2022-04-26 12:00:00,<function <lambda> at 0x7fa4962879f0>,<function <lambda> at 0x7fa496287a90>,<function <lambda> at 0x7fa496287b30>
20318,2022-04-26 13:00:00,<function <lambda> at 0x7fa4962879f0>,<function <lambda> at 0x7fa496287a90>,<function <lambda> at 0x7fa496287b30>
20319,2022-04-26 14:00:00,<function <lambda> at 0x7fa4962879f0>,<function <lambda> at 0x7fa496287a90>,<function <lambda> at 0x7fa496287b30>
20320,2022-04-26 15:00:00,<function <lambda> at 0x7fa4962879f0>,<function <lambda> at 0x7fa496287a90>,<function <lambda> at 0x7fa496287b30>
20321,2022-04-26 16:00:00,<function <lambda> at 0x7fa4962879f0>,<function <lambda> at 0x7fa496287a90>,<function <lambda> at 0x7fa496287b30>
20322,2022-04-26 17:00:00,<function <lambda> at 0x7fa4962879f0>,<function <lambda> at 0x7fa496287a90>,<function <lambda> at 0x7fa496287b30>
20323,2022-04-26 18:00:00,<function <lambda> at 0x7fa4962879f0>,<function <lambda> at 0x7fa496287a90>,<function <lambda> at 0x7fa496287b30>
20324,2022-04-26 19:00:00,<function <lambda> at 0x7fa4962879f0>,<function <lambda> at 0x7fa496287a90>,<function <lambda> at 0x7fa496287b30>
20325,2022-04-26 20:00:00,<function <lambda> at 0x7fa4962879f0>,<function <lambda> at 0x7fa496287a90>,<function <lambda> at 0x7fa496287b30>
20326,2022-04-26 21:00:00,<function <lambda> at 0x7fa4962879f0>,<function <lambda> at 0x7fa496287a90>,<function <lambda> at 0x7fa496287b30>
20327,2022-04-26 22:00:00,<function <lambda> at 0x7fa4962879f0>,<function <lambda> at 0x7fa496287a90>,<function <lambda> at 0x7fa496287b30>
20328,2022-04-26 23:00:00,<function <lambda> at 0x7fa4962879f0>,<function <lambda> at 0x7fa496287a90>,<function <lambda> at 0x7fa496287b30>
20329,2022-04-27 00:00:00,<function <lambda> at 0x7fa4962879f0>,<function <lambda> at 0x7fa496287a90>,<function <lambda> at 0x7fa496287b30>
20330,2022-04-27 01:00:00,<function <lambda> at 0x7fa4962879f0>,<function <lambda> at 0x7fa496287a90>,<function <lambda> at 0x7fa496287b30>
20331,2022-04-27 02:00:00,<function <lambda> at 0x7fa4962879f0>,<function <lambda> at 0x7fa496287a90>,<function <lambda> at 0x7fa496287b30>
20332,2022-04-27 03:00:00,<function <lambda> at 0x7fa4962879f0>,<function <lambda> at 0x7fa496287a90>,<function <lambda> at 0x7fa496287b30>
20333,2022-04-27 04:00:00,<function <lambda> at 0x7fa4962879f0>,<function <lambda> at 0x7fa496287a90>,<function <lambda> at 0x7fa496287b30>
20334,2022-04-27 05:00:00,<function <lambda> at 0x7fa4962879f0>,<function <lambda> at 0x7fa496287a90>,<function <lambda> at 0x7fa496287b30>
20335,2022-04-27 06:00:00,<function <lambda> at 0x7fa4962879f0>,<function <lambda> at 0x7fa496287a90>,<function <lambda> at 0x7fa496287b30>
20336,2022-04-27 07:00:00,<function <lambda> at 0x7fa4962879f0>,<function <lambda> at 0x7fa496287a90>,<function <lambda> at 0x7fa496287b30>
20337,2022-04-27 08:00:00,<function <lambda> at 0x7fa4962879f0>,<function <lambda> at 0x7fa496287a90>,<function <lambda> at 0x7fa496287b30>
20338,2022-04-27 09:00:00,<function <lambda> at 0x7fa4962879f0>,<function <lambda> at 0x7fa496287a90>,<function <lambda> at 0x7fa496287b30>
20339,2022-04-27 10:00:00,<function <lambda> at 0x7fa4962879f0>,<function <lambda> at 0x7fa496287a90>,<function <lambda> at 0x7fa496287b30>
20340,2022-04-27 11:00:00,<function <lambda> at 0x7fa4962879f0>,<function <lambda> at 0x7fa496287a90>,<function <lambda> at 0x7fa496287b30>
20341,2022-04-27 12:00:00,<function <lambda> at 0x7fa4962879f0>,<function <lambda> at 0x7fa496287a90>,<function <lambda> at 0x7fa496287b30>
20342,2022-04-27 13:00:00,<function <lambda> at 0x7fa4962879f0>,<function <lambda> at 0x7fa496287a90>,<function <lambda> at 0x7fa496287b30>
20343,2022-04-27 14:00:00,<function <lambda> at 0x7fa4962879f0>,<function <lambda> at 0x7fa496287a90>,<function <lambda> at 0x7fa496287b30>
20344,2022-04-27 15:00:00,<function <lambda> at 0x7fa4962879f0>,<function <lambda> at 0x7fa496287a90>,<function <lambda> at 0x7fa496287b30>
20345,2022-04-27 16:00:00,<function <lambda> at 0x7fa4962879f0>,<function <lambda> at 0x7fa496287a90>,<function <lambda> at 0x7fa496287b30>
20346,2022-04-27 17:00:00,<function <lambda> at 0x7fa4962879f0>,<function <lambda> at 0x7fa496287a90>,<function <lambda> at 0x7fa496287b30>
20347,2022-04-27 18:00:00,<function <lambda> at 0x7fa4962879f0>,<function <lambda> at 0x7fa496287a90>,<function <lambda> at 0x7fa496287b30>
20348,2022-04-27 19:00:00,<function <lambda> at 0x7fa4962879f0>,<function <lambda> at 0x7fa496287a90>,<function <lambda> at 0x7fa496287b30>
20349,2022-04-27 20:00:00,<function <lambda> at 0x7fa4962879f0>,<function <lambda> at 0x7fa496287a90>,<function <lambda> at 0x7fa496287b30>
20350,2022-04-27 21:00:00,<function <lambda> at 0x7fa4962879f0>,<function <lambda> at 0x7fa496287a90>,<function <lambda> at 0x7fa496287b30>
20351,2022-04-27 22:00:00,<function <lambda> at 0x7fa4962879f0>,<function <lambda> at 0x7fa496287a90>,<function <lambda> at 0x7fa496287b30>
20352,2022-04-27 23:00:00,<function <lambda> at 0x7fa4962879f0>,<function <lambda> at 0x7fa496287a90>,<function <lambda> at 0x7fa496287b30>
20353,2022-04-28 00:00:00,<function <lambda> at 0x7fa4962879f0>,<function <lambda> at 0x7fa496287a90>,<function <lambda> at 0x7fa496287b30>
20354,2022-04-28 01:00:00,<function <lambda> at 0x7fa4962879f0>,<function <lambda> at 0x7fa496287a90>,<function <lambda> at 0x7fa496287b30>
20355,2022-04-28 02:00:00,<function <lambda> at 0x7fa4962879f0>,<function <lambda> at 0x7fa496287a90>,<function <lambda> at 0x7fa496287b30>
20356,2022-04-28 03:00:00,<function <lambda> at 0x7fa4962879f0>,<function <lambda> at 0x7fa496287a90>,<function <lambda> at 0x7fa496287b30>
20357,2022-04-28 04:00:00,<function <lambda> at 0x7fa4962879f0>,<function <lambda> at 0x7fa496287a90>,<function <lambda> at 0x7fa496287b30>
20358,2022-04-28 05:00:00,<function <lambda> at 0x7fa4962879f0>,<function <lambda> at 0x7fa496287a90>,<function <lambda> at 0x7fa496287b30>
20359,2022-04-28 06:00:00,<function <lambda> at 0x7fa4962879f0>,<function <lambda> at 0x7fa496287a90>,<function <lambda> at 0x7fa496287b30>
20360,2022-04-28 07:00:00,<function <lambda> at 0x7fa4962879f0>,<function <lambda> at 0x7fa496287a90>,<function <lambda> at 0x7fa496287b30>
20361,2022-04-28 08:00:00,<function <lambda> at 0x7fa4962879f0>,<function <lambda> at 0x7fa496287a90>,<function <lambda> at 0x7fa496287b30>
20362,2022-04-28 09:00:00,<function <lambda> at 0x7fa4962879f0>,<function <lambda> at 0x7fa496287a90>,<function <lambda> at 0x7fa496287b30>
20363,2022-04-28 10:00:00,<function <lambda> at 0x7fa4962879f0>,<function <lambda> at 0x7fa496287a90>,<function <lambda> at 0x7fa496287b30>
20364,2022-04-28 11:00:00,<function <lambda> at 0x7fa4962879f0>,<function <lambda> at 0x7fa496287a90>,<function <lambda> at 0x7fa496287b30>
20365,2022-04-28 12:00:00,<function <lambda> at 0x7fa4962879f0>,<function <lambda> at 0x7fa496287a90>,<function <lambda> at 0x7fa496287b30>
20366,2022-04-28 13:00:00,<function <lambda> at 0x7fa4962879f0>,<function <lambda> at 0x7fa496287a90>,<function <lambda> at 0x7fa496287b30>
20367,2022-04-28 14:00:00,<function <lambda> at 0x7fa4962879f0>,<function <lambda> at 0x7fa496287a90>,<function <lambda> at 0x7fa496287b30>
20368,2022-04-28 15:00:00,<function <lambda> at 0x7fa4962879f0>,<function <lambda> at 0x7fa496287a90>,<function <lambda> at 0x7fa496287b30>
20369,2022-04-28 16:00:00,<function <lambda> at 0x7fa4962879f0>,<function <lambda> at 0x7fa496287a90>,<function <lambda> at 0x7fa496287b30>
20370,2022-04-28 17:00:00,<function <lambda> at 0x7fa4962879f0>,<function <lambda> at 0x7fa496287a90>,<function <lambda> at 0x7fa496287b30>
20371,2022-04-28 18:00:00,<function <lambda> at 0x7fa4962879f0>,<function <lambda> at 0x7fa496287a90>,<function <lambda> at 0x7fa496287b30>
20372,2022-04-28 19:00:00,<function <lambda> at 0x7fa4962879f0>,<function <lambda> at 0x7fa496287a90>,<function <lambda> at 0x7fa496287b30>
20373,2022-04-28 20:00:00,<function <lambda> at 0x7fa4962879f0>,<function <lambda> at 0x7fa496287a90>,<function <lambda> at 0x7fa496287b30>
20374,2022-04-28 21:00:00,<function <lambda> at 0x7fa4962879f0>,<function <lambda> at 0x7fa496287a90>,<function <lambda> at 0x7fa496287b30>
20375,2022-04-28 22:00:00,<function <lambda> at 0x7fa4962879f0>,<function <lambda> at 0x7fa496287a90>,<function <lambda> at 0x7fa496287b30>
20376,2022-04-28 23:00:00,<function <lambda> at 0x7fa4962879f0>,<function <lambda> at 0x7fa496287a90>,<function <lambda> at 0x7fa496287b30>
20377,2022-04-29 00:00:00,<function <lambda> at 0x7fa4962879f0>,<function <lambda> at 0x7fa496287a90>,<function <lambda> at 0x7fa496287b30>
20378,2022-04-29 01:00:00,<function <lambda> at 0x7fa4962879f0>,<function <lambda> at 0x7fa496287a90>,<function <lambda> at 0x7fa496287b30>
20379,2022-04-29 02:00:00,<function <lambda> at 0x7fa4962879f0>,<function <lambda> at 0x7fa496287a90>,<function <lambda> at 0x7fa496287b30>
20380,2022-04-29 03:00:00,<function <lambda> at 0x7fa4962879f0>,<function <lambda> at 0x7fa496287a90>,<function <lambda> at 0x7fa496287b30>
20381,2022-04-29 04:00:00,<function <lambda> at 0x7fa4962879f0>,<function <lambda> at 0x7fa496287a90>,<function <lambda> at 0x7fa496287b30>
20382,2022-04-29 05:00:00,<function <lambda> at 0x7fa4962879f0>,<function <lambda> at 0x7fa496287a90>,<function <lambda> at 0x7fa496287b30>
20383,2022-04-29 06:00:00,<function <lambda> at 0x7fa4962879f0>,<function <lambda> at 0x7fa496287a90>,<function <lambda> at 0x7fa496287b30>
20384,2022-04-29 07:00:00,<function <lambda> at 0x7fa4962879f0>,<function <lambda> at 0x7fa496287a90>,<function <lambda> at 0x7fa496287b30>
20385,2022-04-29 08:00:00,<function <lambda> at 0x7fa4962879f0>,<function <lambda> at 0x7fa496287a90>,<function <lambda> at 0x7fa496287b30>
20386,2022-04-29 09:00:00,<function <lambda> at 0x7fa4962879f0>,<function <lambda> at 0x7fa496287a90>,<function <lambda> at 0x7fa496287b30>
20387,2022-04-29 10:00:00,<function <lambda> at 0x7fa4962879f0>,<function <lambda> at 0x7fa496287a90>,<function <lambda> at 0x7fa496287b30>
20388,2022-04-29 11:00:00,<function <lambda> at 0x7fa4962879f0>,<function <lambda> at 0x7fa496287a90>,<function <lambda> at 0x7fa496287b30>
20389,2022-04-29 12:00:00,<function <lambda> at 0x7fa4962879f0>,<function <lambda> at 0x7fa496287a90>,<function <lambda> at 0x7fa496287b30>
20390,2022-04-29 13:00:00,<function <lambda> at 0x7fa4962879f0>,<function <lambda> at 0x7fa496287a90>,<function <lambda> at 0x7fa496287b30>
20391,2022-04-29 14:00:00,<function <lambda> at 0x7fa4962879f0>,<function <lambda> at 0x7fa496287a90>,<function <lambda> at 0x7fa496287b30>
20392,2022-04-29 15:00:00,<function <lambda> at 0x7fa4962879f0>,<function <lambda> at 0x7fa496287a90>,<function <lambda> at 0x7fa496287b30>
20393,2022-04-29 16:00:00,<function <lambda> at 0x7fa4962879f0>,<function <lambda> at 0x7fa496287a90>,<function <lambda> at 0x7fa496287b30>
20394,2022-04-29 17:00:00,<function <lambda> at 0x7fa4962879f0>,<function <lambda> at 0x7fa496287a90>,<function <lambda> at 0x7fa496287b30>
20395,2022-04-29 18:00:00,<function <lambda> at 0x7fa4962879f0>,<function <lambda> at 0x7fa496287a90>,<function <lambda> at 0x7fa496287b30>
20396,2022-04-29 19:00:00,<function <lambda> at 0x7fa4962879f0>,<function <lambda> at 0x7fa496287a90>,<function <lambda> at 0x7fa496287b30>
20397,2022-04-29 20:00:00,<function <lambda> at 0x7fa4962879f0>,<function <lambda> at 0x7fa496287a90>,<function <lambda> at 0x7fa496287b30>
20398,2022-04-29 21:00:00,<function <lambda> at 0x7fa4962879f0>,<function <lambda> at 0x7fa496287a90>,<function <lambda> at 0x7fa496287b30>
20399,2022-04-29 22:00:00,<function <lambda> at 0x7fa4962879f0>,<function <lambda> at 0x7fa496287a90>,<function <lambda> at 0x7fa496287b30>
20400,2022-04-29 23:00:00,<function <lambda> at 0x7fa4962879f0>,<function <lambda> at 0x7fa496287a90>,<function <lambda> at 0x7fa496287b30>
20401,2022-04-30 00:00:00,<function <lambda> at 0x7fa4962879f0>,<function <lambda> at 0x7fa496287a90>,<function <lambda> at 0x7fa496287b30>
20402,2022-04-30 01:00:00,<function <lambda> at 0x7fa4962879f0>,<function <lambda> at 0x7fa496287a90>,<function <lambda> at 0x7fa496287b30>
20403,2022-04-30 02:00:00,<function <lambda> at 0x7fa4962879f0>,<function <lambda> at 0x7fa496287a90>,<function <lambda> at 0x7fa496287b30>
20404,2022-04-30 03:00:00,<function <lambda> at 0x7fa4962879f0>,<function <lambda> at 0x7fa496287a90>,<function <lambda> at 0x7fa496287b30>
20405,2022-04-30 04:00:00,<function <lambda> at 0x7fa4962879f0>,<function <lambda> at 0x7fa496287a90>,<function <lambda> at 0x7fa496287b30>
20406,2022-04-30 05:00:00,<function <lambda> at 0x7fa4962879f0>,<function <lambda> at 0x7fa496287a90>,<function <lambda> at 0x7fa496287b30>
20407,2022-04-30 06:00:00,<function <lambda> at 0x7fa4962879f0>,<function <lambda> at 0x7fa496287a90>,<function <lambda> at 0x7fa496287b30>
20408,2022-04-30 07:00:00,<function <lambda> at 0x7fa4962879f0>,<function <lambda> at 0x7fa496287a90>,<function <lambda> at 0x7fa496287b30>
20409,2022-04-30 08:00:00,<function <lambda> at 0x7fa4962879f0>,<function <lambda> at 0x7fa496287a90>,<function <lambda> at 0x7fa496287b30>
20410,2022-04-30 09:00:00,<function <lambda> at 0x7fa4962879f0>,<function <lambda> at 0x7fa496287a90>,<function <lambda> at 0x7fa496287b30>
20411,2022-04-30 10:00:00,<function <lambda> at 0x7fa4962879f0>,<function <lambda> at 0x7fa496287a90>,<function <lambda> at 0x7fa496287b30>
20412,2022-04-30 11:00:00,<function <lambda> at 0x7fa4962879f0>,<function <lambda> at 0x7fa496287a90>,<function <lambda> at 0x7fa496287b30>
20413,2022-04-30 12:00:00,<function <lambda> at 0x7fa4962879f0>,<function <lambda> at 0x7fa496287a90>,<function <lambda> at 0x7fa496287b30>
20414,2022-04-30 13:00:00,<function <lambda> at 0x7fa4962879f0>,<function <lambda> at 0x7fa496287a90>,<function <lambda> at 0x7fa496287b30>
20415,2022-04-30 14:00:00,<function <lambda> at 0x7fa4962879f0>,<function <lambda> at 0x7fa496287a90>,<function <lambda> at 0x7fa496287b30>
20416,2022-04-30 15:00:00,<function <lambda> at 0x7fa4962879f0>,<function <lambda> at 0x7fa496287a90>,<function <lambda> at 0x7fa496287b30>
20417,2022-04-30 16:00:00,<function <lambda> at 0x7fa4962879f0>,<function <lambda> at 0x7fa496287a90>,<function <lambda> at 0x7fa496287b30>
20418,2022-04-30 17:00:00,<function <lambda> at 0x7fa4962879f0>,<function <lambda> at 0x7fa496287a90>,<function <lambda> at 0x7fa496287b30>
20419,2022-04-30 18:00:00,<function <lambda> at 0x7fa4962879f0>,<function <lambda> at 0x7fa496287a90>,<function <lambda> at 0x7fa496287b30>
20420,2022-04-30 19:00:00,<function <lambda> at 0x7fa4962879f0>,<function <lambda> at 0x7fa496287a90>,<function <lambda> at 0x7fa496287b30>
20421,2022-04-30 20:00:00,<function <lambda> at 0x7fa4962879f0>,<function <lambda> at 0x7fa496287a90>,<function <lambda> at 0x7fa496287b30>
20422,2022-04-30 21:00:00,<function <lambda> at 0x7fa4962879f0>,<function <lambda> at 0x7fa496287a90>,<function <lambda> at 0x7fa496287b30>
20423,2022-04-30 22:00:00,<function <lambda> at 0x7fa4962879f0>,<function <lambda> at 0x7fa496287a90>,<function <lambda> at 0x7fa496287b30>
20424,2022-04-30 23:00:00,<function <lambda> at 0x7fa4962879f0>,<function <lambda> at 0x7fa496287a90>,<function <lambda> at 0x7fa496287b30>
20425,2022-05-01 00:00:00,<function <lambda> at 0x7fa4962879f0>,<function <lambda> at 0x7fa496287a90>,<function <lambda> at 0x7fa496287b30>
20426,2022-05-01 01:00:00,<function <lambda> at 0x7fa4962879f0>,<function <lambda> at 0x7fa496287a90>,<function <lambda> at 0x7fa496287b30>
20427,2022-05-01 02:00:00,<function <lambda> at 0x7fa4962879f0>,<function <lambda> at 0x7fa496287a90>,<function <lambda> at 0x7fa496287b30>
20428,2022-05-01 03:00:00,<function <lambda> at 0x7fa4962879f0>,<function <lambda> at 0x7fa496287a90>,<function <lambda> at 0x7fa496287b30>
20429,2022-05-01 04:00:00,<function <lambda> at 0x7fa4962879f0>,<function <lambda> at 0x7fa496287a90>,<function <lambda> at 0x7fa496287b30>
20430,2022-05-01 05:00:00,<function <lambda> at 0x7fa4962879f0>,<function <lambda> at 0x7fa496287a90>,<function <lambda> at 0x7fa496287b30>
20431,2022-05-01 06:00:00,<function <lambda> at 0x7fa4962879f0>,<function <lambda> at 0x7fa496287a90>,<function <lambda> at 0x7fa496287b30>
20432,2022-05-01 07:00:00,<function <lambda> at 0x7fa4962879f0>,<function <lambda> at 0x7fa496287a90>,<function <lambda> at 0x7fa496287b30>
20433,2022-05-01 08:00:00,<function <lambda> at 0x7fa4962879f0>,<function <lambda> at 0x7fa496287a90>,<function <lambda> at 0x7fa496287b30>
20434,2022-05-01 09:00:00,<function <lambda> at 0x7fa4962879f0>,<function <lambda> at 0x7fa496287a90>,<function <lambda> at 0x7fa496287b30>
20435,2022-05-01 10:00:00,<function <lambda> at 0x7fa4962879f0>,<function <lambda> at 0x7fa496287a90>,<function <lambda> at 0x7fa496287b30>
20436,2022-05-01 11:00:00,<function <lambda> at 0x7fa4962879f0>,<function <lambda> at 0x7fa496287a90>,<function <lambda> at 0x7fa496287b30>
20437,2022-05-01 12:00:00,<function <lambda> at 0x7fa4962879f0>,<function <lambda> at 0x7fa496287a90>,<function <lambda> at 0x7fa496287b30>
20438,2022-05-01 13:00:00,<function <lambda> at 0x7fa4962879f0>,<function <lambda> at 0x7fa496287a90>,<function <lambda> at 0x7fa496287b30>
20439,2022-05-01 14:00:00,<function <lambda> at 0x7fa4962879f0>,<function <lambda> at 0x7fa496287a90>,<function <lambda> at 0x7fa496287b30>
20440,2022-05-01 15:00:00,<function <lambda> at 0x7fa4962879f0>,<function <lambda> at 0x7fa496287a90>,<function <lambda> at 0x7fa496287b30>
20441,2022-05-01 16:00:00,<function <lambda> at 0x7fa4962879f0>,<function <lambda> at 0x7fa496287a90>,<function <lambda> at 0x7fa496287b30>
20442,2022-05-01 17:00:00,<function <lambda> at 0x7fa4962879f0>,<function <lambda> at 0x7fa496287a90>,<function <lambda> at 0x7fa496287b30>
20443,2022-05-01 18:00:00,<function <lambda> at 0x7fa4962879f0>,<function <lambda> at 0x7fa496287a90>,<function <lambda> at 0x7fa496287b30>
20444,2022-05-01 19:00:00,<function <lambda> at 0x7fa4962879f0>,<function <lambda> at 0x7fa496287a90>,<function <lambda> at 0x7fa496287b30>
20445,2022-05-01 20:00:00,<function <lambda> at 0x7fa4962879f0>,<function <lambda> at 0x7fa496287a90>,<function <lambda> at 0x7fa496287b30>
20446,2022-05-01 21:00:00,<function <lambda> at 0x7fa4962879f0>,<function <lambda> at 0x7fa496287a90>,<function <lambda> at 0x7fa496287b30>
20447,2022-05-01 22:00:00,<function <lambda> at 0x7fa4962879f0>,<function <lambda> at 0x7fa496287a90>,<function <lambda> at 0x7fa496287b30>
20448,2022-05-01 23:00:00,<function <lambda> at 0x7fa4962879f0>,<function <lambda> at 0x7fa496287a90>,<function <lambda> at 0x7fa496287b30>
20449,2022-05-02 00:00:00,<function <lambda> at 0x7fa4962879f0>,<function <lambda> at 0x7fa496287a90>,<function <lambda> at 0x7fa496287b30>
20450,2022-05-02 01:00:00,<function <lambda> at 0x7fa4962879f0>,<function <lambda> at 0x7fa496287a90>,<function <lambda> at 0x7fa496287b30>
20451,2022-05-02 02:00:00,<function <lambda> at 0x7fa4962879f0>,<function <lambda> at 0x7fa496287a90>,<function <lambda> at 0x7fa496287b30>
20452,2022-05-02 03:00:00,<function <lambda> at 0x7fa4962879f0>,<function <lambda> at 0x7fa496287a90>,<function <lambda> at 0x7fa496287b30>
20453,2022-05-02 04:00:00,<function <lambda> at 0x7fa4962879f0>,<function <lambda> at 0x7fa496287a90>,<function <lambda> at 0x7fa496287b30>
20454,2022-05-02 05:00:00,<function <lambda> at 0x7fa4962879f0>,<function <lambda> at 0x7fa496287a90>,<function <lambda> at 0x7fa496287b30>
20455,2022-05-02 06:00:00,<function <lambda> at 0x7fa4962879f0>,<function <lambda> at 0x7fa496287a90>,<function <lambda> at 0x7fa496287b30>
20456,2022-05-02 07:00:00,<function <lambda> at 0x7fa4962879f0>,<function <lambda> at 0x7fa496287a90>,<function <lambda> at 0x7fa496287b30>
20457,2022-05-02 08:00:00,<function <lambda> at 0x7fa4962879f0>,<function <lambda> at 0x7fa496287a90>,<function <lambda> at 0x7fa496287b30>
20458,2022-05-02 09:00:00,<function <lambda> at 0x7fa4962879f0>,<function <lambda> at 0x7fa496287a90>,<function <lambda> at 0x7fa496287b30>
20459,2022-05-02 10:00:00,<function <lambda> at 0x7fa4962879f0>,<function <lambda> at 0x7fa496287a90>,<function <lambda> at 0x7fa496287b30>
20460,2022-05-02 11:00:00,<function <lambda> at 0x7fa4962879f0>,<function <lambda> at 0x7fa496287a90>,<function <lambda> at 0x7fa496287b30>
20461,2022-05-02 12:00:00,<function <lambda> at 0x7fa4962879f0>,<function <lambda> at 0x7fa496287a90>,<function <lambda> at 0x7fa496287b30>
20462,2022-05-02 13:00:00,<function <lambda> at 0x7fa4962879f0>,<function <lambda> at 0x7fa496287a90>,<function <lambda> at 0x7fa496287b30>
20463,2022-05-02 14:00:00,<function <lambda> at 0x7fa4962879f0>,<function <lambda> at 0x7fa496287a90>,<function <lambda> at 0x7fa496287b30>
20464,2022-05-02 15:00:00,<function <lambda> at 0x7fa4962879f0>,<function <lambda> at 0x7fa496287a90>,<function <lambda> at 0x7fa496287b30>
20465,2022-05-02 16:00:00,<function <lambda> at 0x7fa4962879f0>,<function <lambda> at 0x7fa496287a90>,<function <lambda> at 0x7fa496287b30>
20466,2022-05-02 17:00:00,<function <lambda> at 0x7fa4962879f0>,<function <lambda> at 0x7fa496287a90>,<function <lambda> at 0x7fa496287b30>
20467,2022-05-02 18:00:00,<function <lambda> at 0x7fa4962879f0>,<function <lambda> at 0x7fa496287a90>,<function <lambda> at 0x7fa496287b30>
20468,2022-05-02 19:00:00,<function <lambda> at 0x7fa4962879f0>,<function <lambda> at 0x7fa496287a90>,<function <lambda> at 0x7fa496287b30>
20469,2022-05-02 20:00:00,<function <lambda> at 0x7fa4962879f0>,<function <lambda> at 0x7fa496287a90>,<function <lambda> at 0x7fa496287b30>
20470,2022-05-02 21:00:00,<function <lambda> at 0x7fa4962879f0>,<function <lambda> at 0x7fa496287a90>,<function <lambda> at 0x7fa496287b30>
20471,2022-05-02 22:00:00,<function <lambda> at 0x7fa4962879f0>,<function <lambda> at 0x7fa496287a90>,<function <lambda> at 0x7fa496287b30>
20472,2022-05-02 23:00:00,<function <lambda> at 0x7fa4962879f0>,<function <lambda> at 0x7fa496287a90>,<function <lambda> at 0x7fa496287b30>
20473,2022-05-03 00:00:00,<function <lambda> at 0x7fa4962879f0>,<function <lambda> at 0x7fa496287a90>,<function <lambda> at 0x7fa496287b30>
20474,2022-05-03 01:00:00,<function <lambda> at 0x7fa4962879f0>,<function <lambda> at 0x7fa496287a90>,<function <lambda> at 0x7fa496287b30>
20475,2022-05-03 02:00:00,<function <lambda> at 0x7fa4962879f0>,<function <lambda> at 0x7fa496287a90>,<function <lambda> at 0x7fa496287b30>
20476,2022-05-03 03:00:00,<function <lambda> at 0x7fa4962879f0>,<function <lambda> at 0x7fa496287a90>,<function <lambda> at 0x7fa496287b30>
20477,2022-05-03 04:00:00,<function <lambda> at 0x7fa4962879f0>,<function <lambda> at 0x7fa496287a90>,<function <lambda> at 0x7fa496287b30>
20478,2022-05-03 05:00:00,<function <lambda> at 0x7fa4962879f0>,<function <lambda> at 0x7fa496287a90>,<function <lambda> at 0x7fa496287b30>
20479,2022-05-03 06:00:00,<function <lambda> at 0x7fa4962879f0>,<function <lambda> at 0x7fa496287a90>,<function <lambda> at 0x7fa496287b30>
20480,2022-05-03 07:00:00,<function <lambda> at 0x7fa4962879f0>,<function <lambda> at 0x7fa496287a90>,<function <lambda> at 0x7fa496287b30>
20481,2022-05-03 08:00:00,<function <lambda> at 0x7fa4962879f0>,<function <lambda> at 0x7fa496287a90>,<function <lambda> at 0x7fa496287b30>
20482,2022-05-03 09:00:00,<function <lambda> at 0x7fa4962879f0>,<function <lambda> at 0x7fa496287a90>,<function <lambda> at 0x7fa496287b30>
20483,2022-05-03 10:00:00,<function <lambda> at 0x7fa4962879f0>,<function <lambda> at 0x7fa496287a90>,<function <lambda> at 0x7fa496287b30>
20484,2022-05-03 11:00:00,<function <lambda> at 0x7fa4962879f0>,<function <lambda> at 0x7fa496287a90>,<function <lambda> at 0x7fa496287b30>
20485,2022-05-03 12:00:00,<function <lambda> at 0x7fa4962879f0>,<function <lambda> at 0x7fa496287a90>,<function <lambda> at 0x7fa496287b30>
20486,2022-05-03 13:00:00,<function <lambda> at 0x7fa4962879f0>,<function <lambda> at 0x7fa496287a90>,<function <lambda> at 0x7fa496287b30>
20487,2022-05-03 14:00:00,<function <lambda> at 0x7fa4962879f0>,<function <lambda> at 0x7fa496287a90>,<function <lambda> at 0x7fa496287b30>
20488,2022-05-03 15:00:00,<function <lambda> at 0x7fa4962879f0>,<function <lambda> at 0x7fa496287a90>,<function <lambda> at 0x7fa496287b30>
20489,2022-05-03 16:00:00,<function <lambda> at 0x7fa4962879f0>,<function <lambda> at 0x7fa496287a90>,<function <lambda> at 0x7fa496287b30>
20490,2022-05-03 17:00:00,<function <lambda> at 0x7fa4962879f0>,<function <lambda> at 0x7fa496287a90>,<function <lambda> at 0x7fa496287b30>
20491,2022-05-03 18:00:00,<function <lambda> at 0x7fa4962879f0>,<function <lambda> at 0x7fa496287a90>,<function <lambda> at 0x7fa496287b30>
20492,2022-05-03 19:00:00,<function <lambda> at 0x7fa4962879f0>,<function <lambda> at 0x7fa496287a90>,<function <lambda> at 0x7fa496287b30>
20493,2022-05-03 20:00:00,<function <lambda> at 0x7fa4962879f0>,<function <lambda> at 0x7fa496287a90>,<function <lambda> at 0x7fa496287b30>
20494,2022-05-03 21:00:00,<function <lambda> at 0x7fa4962879f0>,<function <lambda> at 0x7fa496287a90>,<function <lambda> at 0x7fa496287b30>
20495,2022-05-03 22:00:00,<function <lambda> at 0x7fa4962879f0>,<function <lambda> at 0x7fa496287a90>,<function <lambda> at 0x7fa496287b30>
20496,2022-05-03 23:00:00,<function <lambda> at 0x7fa4962879f0>,<function <lambda> at 0x7fa496287a90>,<function <lambda> at 0x7fa496287b30>
20497,2022-05-04 00:00:00,<function <lambda> at 0x7fa4962879f0>,<function <lambda> at 0x7fa496287a90>,<function <lambda> at 0x7fa496287b30>
20498,2022-05-04 01:00:00,<function <lambda> at 0x7fa4962879f0>,<function <lambda> at 0x7fa496287a90>,<function <lambda> at 0x7fa496287b30>
20499,2022-05-04 02:00:00,<function <lambda> at 0x7fa4962879f0>,<function <lambda> at 0x7fa496287a90>,<function <lambda> at 0x7fa496287b30>
20500,2022-05-04 03:00:00,<function <lambda> at 0x7fa4962879f0>,<function <lambda> at 0x7fa496287a90>,<function <lambda> at 0x7fa496287b30>
20501,2022-05-04 04:00:00,<function <lambda> at 0x7fa4962879f0>,<function <lambda> at 0x7fa496287a90>,<function <lambda> at 0x7fa496287b30>
20502,2022-05-04 05:00:00,<function <lambda> at 0x7fa4962879f0>,<function <lambda> at 0x7fa496287a90>,<function <lambda> at 0x7fa496287b30>
20503,2022-05-04 06:00:00,<function <lambda> at 0x7fa4962879f0>,<function <lambda> at 0x7fa496287a90>,<function <lambda> at 0x7fa496287b30>
20504,2022-05-04 07:00:00,<function <lambda> at 0x7fa4962879f0>,<function <lambda> at 0x7fa496287a90>,<function <lambda> at 0x7fa496287b30>
20505,2022-05-04 08:00:00,<function <lambda> at 0x7fa4962879f0>,<function <lambda> at 0x7fa496287a90>,<function <lambda> at 0x7fa496287b30>
20506,2022-05-04 09:00:00,<function <lambda> at 0x7fa4962879f0>,<function <lambda> at 0x7fa496287a90>,<function <lambda> at 0x7fa496287b30>
20507,2022-05-04 10:00:00,<function <lambda> at 0x7fa4962879f0>,<function <lambda> at 0x7fa496287a90>,<function <lambda> at 0x7fa496287b30>
20508,2022-05-04 11:00:00,<function <lambda> at 0x7fa4962879f0>,<function <lambda> at 0x7fa496287a90>,<function <lambda> at 0x7fa496287b30>
20509,2022-05-04 12:00:00,<function <lambda> at 0x7fa4962879f0>,<function <lambda> at 0x7fa496287a90>,<function <lambda> at 0x7fa496287b30>
20510,2022-05-04 13:00:00,<function <lambda> at 0x7fa4962879f0>,<function <lambda> at 0x7fa496287a90>,<function <lambda> at 0x7fa496287b30>
20511,2022-05-04 14:00:00,<function <lambda> at 0x7fa4962879f0>,<function <lambda> at 0x7fa496287a90>,<function <lambda> at 0x7fa496287b30>
20512,2022-05-04 15:00:00,<function <lambda> at 0x7fa4962879f0>,<function <lambda> at 0x7fa496287a90>,<function <lambda> at 0x7fa496287b30>
20513,2022-05-04 16:00:00,<function <lambda> at 0x7fa4962879f0>,<function <lambda> at 0x7fa496287a90>,<function <lambda> at 0x7fa496287b30>
20514,2022-05-04 17:00:00,<function <lambda> at 0x7fa4962879f0>,<function <lambda> at 0x7fa496287a90>,<function <lambda> at 0x7fa496287b30>
20515,2022-05-04 18:00:00,<function <lambda> at 0x7fa4962879f0>,<function <lambda> at 0x7fa496287a90>,<function <lambda> at 0x7fa496287b30>
20516,2022-05-04 19:00:00,<function <lambda> at 0x7fa4962879f0>,<function <lambda> at 0x7fa496287a90>,<function <lambda> at 0x7fa496287b30>
20517,2022-05-04 20:00:00,<function <lambda> at 0x7fa4962879f0>,<function <lambda> at 0x7fa496287a90>,<function <lambda> at 0x7fa496287b30>
20518,2022-05-04 21:00:00,<function <lambda> at 0x7fa4962879f0>,<function <lambda> at 0x7fa496287a90>,<function <lambda> at 0x7fa496287b30>
20519,2022-05-04 22:00:00,<function <lambda> at 0x7fa4962879f0>,<function <lambda> at 0x7fa496287a90>,<function <lambda> at 0x7fa496287b30>
20520,2022-05-04 23:00:00,<function <lambda> at 0x7fa4962879f0>,<function <lambda> at 0x7fa496287a90>,<function <lambda> at 0x7fa496287b30>
20521,2022-05-05 00:00:00,<function <lambda> at 0x7fa4962879f0>,<function <lambda> at 0x7fa496287a90>,<function <lambda> at 0x7fa496287b30>
20522,2022-05-05 01:00:00,<function <lambda> at 0x7fa4962879f0>,<function <lambda> at 0x7fa496287a90>,<function <lambda> at 0x7fa496287b30>
20523,2022-05-05 02:00:00,<function <lambda> at 0x7fa4962879f0>,<function <lambda> at 0x7fa496287a90>,<function <lambda> at 0x7fa496287b30>
20524,2022-05-05 03:00:00,<function <lambda> at 0x7fa4962879f0>,<function <lambda> at 0x7fa496287a90>,<function <lambda> at 0x7fa496287b30>
20525,2022-05-05 04:00:00,<function <lambda> at 0x7fa4962879f0>,<function <lambda> at 0x7fa496287a90>,<function <lambda> at 0x7fa496287b30>
20526,2022-05-05 05:00:00,<function <lambda> at 0x7fa4962879f0>,<function <lambda> at 0x7fa496287a90>,<function <lambda> at 0x7fa496287b30>
20527,2022-05-05 06:00:00,<function <lambda> at 0x7fa4962879f0>,<function <lambda> at 0x7fa496287a90>,<function <lambda> at 0x7fa496287b30>
20528,2022-05-05 07:00:00,<function <lambda> at 0x7fa4962879f0>,<function <lambda> at 0x7fa496287a90>,<function <lambda> at 0x7fa496287b30>
20529,2022-05-05 08:00:00,<function <lambda> at 0x7fa4962879f0>,<function <lambda> at 0x7fa496287a90>,<function <lambda> at 0x7fa496287b30>
20530,2022-05-05 09:00:00,<function <lambda> at 0x7fa4962879f0>,<function <lambda> at 0x7fa496287a90>,<function <lambda> at 0x7fa496287b30>
20531,2022-05-05 10:00:00,<function <lambda> at 0x7fa4962879f0>,<function <lambda> at 0x7fa496287a90>,<function <lambda> at 0x7fa496287b30>
20532,2022-05-05 11:00:00,<function <lambda> at 0x7fa4962879f0>,<function <lambda> at 0x7fa496287a90>,<function <lambda> at 0x7fa496287b30>
20533,2022-05-05 12:00:00,<function <lambda> at 0x7fa4962879f0>,<function <lambda> at 0x7fa496287a90>,<function <lambda> at 0x7fa496287b30>
20534,2022-05-05 13:00:00,<function <lambda> at 0x7fa4962879f0>,<function <lambda> at 0x7fa496287a90>,<function <lambda> at 0x7fa496287b30>
20535,2022-05-05 14:00:00,<function <lambda> at 0x7fa4962879f0>,<function <lambda> at 0x7fa496287a90>,<function <lambda> at 0x7fa496287b30>
20536,2022-05-05 15:00:00,<function <lambda> at 0x7fa4962879f0>,<function <lambda> at 0x7fa496287a90>,<function <lambda> at 0x7fa496287b30>
20537,2022-05-05 16:00:00,<function <lambda> at 0x7fa4962879f0>,<function <lambda> at 0x7fa496287a90>,<function <lambda> at 0x7fa496287b30>
20538,2022-05-05 17:00:00,<function <lambda> at 0x7fa4962879f0>,<function <lambda> at 0x7fa496287a90>,<function <lambda> at 0x7fa496287b30>
20539,2022-05-05 18:00:00,<function <lambda> at 0x7fa4962879f0>,<function <lambda> at 0x7fa496287a90>,<function <lambda> at 0x7fa496287b30>
20540,2022-05-05 19:00:00,<function <lambda> at 0x7fa4962879f0>,<function <lambda> at 0x7fa496287a90>,<function <lambda> at 0x7fa496287b30>
20541,2022-05-05 20:00:00,<function <lambda> at 0x7fa4962879f0>,<function <lambda> at 0x7fa496287a90>,<function <lambda> at 0x7fa496287b30>
20542,2022-05-05 21:00:00,<function <lambda> at 0x7fa4962879f0>,<function <lambda> at 0x7fa496287a90>,<function <lambda> at 0x7fa496287b30>
20543,2022-05-05 22:00:00,<function <lambda> at 0x7fa4962879f0>,<function <lambda> at 0x7fa496287a90>,<function <lambda> at 0x7fa496287b30>
20544,2022-05-05 23:00:00,<function <lambda> at 0x7fa4962879f0>,<function <lambda> at 0x7fa496287a90>,<function <lambda> at 0x7fa496287b30>
20545,2022-05-06 00:00:00,<function <lambda> at 0x7fa4962879f0>,<function <lambda> at 0x7fa496287a90>,<function <lambda> at 0x7fa496287b30>
20546,2022-05-06 01:00:00,<function <lambda> at 0x7fa4962879f0>,<function <lambda> at 0x7fa496287a90>,<function <lambda> at 0x7fa496287b30>
20547,2022-05-06 02:00:00,<function <lambda> at 0x7fa4962879f0>,<function <lambda> at 0x7fa496287a90>,<function <lambda> at 0x7fa496287b30>
20548,2022-05-06 03:00:00,<function <lambda> at 0x7fa4962879f0>,<function <lambda> at 0x7fa496287a90>,<function <lambda> at 0x7fa496287b30>
20549,2022-05-06 04:00:00,<function <lambda> at 0x7fa4962879f0>,<function <lambda> at 0x7fa496287a90>,<function <lambda> at 0x7fa496287b30>
20550,2022-05-06 05:00:00,<function <lambda> at 0x7fa4962879f0>,<function <lambda> at 0x7fa496287a90>,<function <lambda> at 0x7fa496287b30>
20551,2022-05-06 06:00:00,<function <lambda> at 0x7fa4962879f0>,<function <lambda> at 0x7fa496287a90>,<function <lambda> at 0x7fa496287b30>
20552,2022-05-06 07:00:00,<function <lambda> at 0x7fa4962879f0>,<function <lambda> at 0x7fa496287a90>,<function <lambda> at 0x7fa496287b30>
20553,2022-05-06 08:00:00,<function <lambda> at 0x7fa4962879f0>,<function <lambda> at 0x7fa496287a90>,<function <lambda> at 0x7fa496287b30>
20554,2022-05-06 09:00:00,<function <lambda> at 0x7fa4962879f0>,<function <lambda> at 0x7fa496287a90>,<function <lambda> at 0x7fa496287b30>
20555,2022-05-06 10:00:00,<function <lambda> at 0x7fa4962879f0>,<function <lambda> at 0x7fa496287a90>,<function <lambda> at 0x7fa496287b30>
20556,2022-05-06 11:00:00,<function <lambda> at 0x7fa4962879f0>,<function <lambda> at 0x7fa496287a90>,<function <lambda> at 0x7fa496287b30>
20557,2022-05-06 12:00:00,<function <lambda> at 0x7fa4962879f0>,<function <lambda> at 0x7fa496287a90>,<function <lambda> at 0x7fa496287b30>
20558,2022-05-06 13:00:00,<function <lambda> at 0x7fa4962879f0>,<function <lambda> at 0x7fa496287a90>,<function <lambda> at 0x7fa496287b30>
20559,2022-05-06 14:00:00,<function <lambda> at 0x7fa4962879f0>,<function <lambda> at 0x7fa496287a90>,<function <lambda> at 0x7fa496287b30>
20560,2022-05-06 15:00:00,<function <lambda> at 0x7fa4962879f0>,<function <lambda> at 0x7fa496287a90>,<function <lambda> at 0x7fa496287b30>
20561,2022-05-06 16:00:00,<function <lambda> at 0x7fa4962879f0>,<function <lambda> at 0x7fa496287a90>,<function <lambda> at 0x7fa496287b30>
20562,2022-05-06 17:00:00,<function <lambda> at 0x7fa4962879f0>,<function <lambda> at 0x7fa496287a90>,<function <lambda> at 0x7fa496287b30>
20563,2022-05-06 18:00:00,<function <lambda> at 0x7fa4962879f0>,<function <lambda> at 0x7fa496287a90>,<function <lambda> at 0x7fa496287b30>
20564,2022-05-06 19:00:00,<function <lambda> at 0x7fa4962879f0>,<function <lambda> at 0x7fa496287a90>,<function <lambda> at 0x7fa496287b30>
20565,2022-05-06 20:00:00,<function <lambda> at 0x7fa4962879f0>,<function <lambda> at 0x7fa496287a90>,<function <lambda> at 0x7fa496287b30>
20566,2022-05-06 21:00:00,<function <lambda> at 0x7fa4962879f0>,<function <lambda> at 0x7fa496287a90>,<function <lambda> at 0x7fa496287b30>
20567,2022-05-06 22:00:00,<function <lambda> at 0x7fa4962879f0>,<function <lambda> at 0x7fa496287a90>,<function <lambda> at 0x7fa496287b30>
20568,2022-05-06 23:00:00,<function <lambda> at 0x7fa4962879f0>,<function <lambda> at 0x7fa496287a90>,<function <lambda> at 0x7fa496287b30>
20569,2022-05-07 00:00:00,<function <lambda> at 0x7fa4962879f0>,<function <lambda> at 0x7fa496287a90>,<function <lambda> at 0x7fa496287b30>
20570,2022-05-07 01:00:00,<function <lambda> at 0x7fa4962879f0>,<function <lambda> at 0x7fa496287a90>,<function <lambda> at 0x7fa496287b30>
20571,2022-05-07 02:00:00,<function <lambda> at 0x7fa4962879f0>,<function <lambda> at 0x7fa496287a90>,<function <lambda> at 0x7fa496287b30>
20572,2022-05-07 03:00:00,<function <lambda> at 0x7fa4962879f0>,<function <lambda> at 0x7fa496287a90>,<function <lambda> at 0x7fa496287b30>
20573,2022-05-07 04:00:00,<function <lambda> at 0x7fa4962879f0>,<function <lambda> at 0x7fa496287a90>,<function <lambda> at 0x7fa496287b30>
20574,2022-05-07 05:00:00,<function <lambda> at 0x7fa4962879f0>,<function <lambda> at 0x7fa496287a90>,<function <lambda> at 0x7fa496287b30>
20575,2022-05-07 06:00:00,<function <lambda> at 0x7fa4962879f0>,<function <lambda> at 0x7fa496287a90>,<function <lambda> at 0x7fa496287b30>
20576,2022-05-07 07:00:00,<function <lambda> at 0x7fa4962879f0>,<function <lambda> at 0x7fa496287a90>,<function <lambda> at 0x7fa496287b30>
20577,2022-05-07 08:00:00,<function <lambda> at 0x7fa4962879f0>,<function <lambda> at 0x7fa496287a90>,<function <lambda> at 0x7fa496287b30>
20578,2022-05-07 09:00:00,<function <lambda> at 0x7fa4962879f0>,<function <lambda> at 0x7fa496287a90>,<function <lambda> at 0x7fa496287b30>
20579,2022-05-07 10:00:00,<function <lambda> at 0x7fa4962879f0>,<function <lambda> at 0x7fa496287a90>,<function <lambda> at 0x7fa496287b30>
20580,2022-05-07 11:00:00,<function <lambda> at 0x7fa4962879f0>,<function <lambda> at 0x7fa496287a90>,<function <lambda> at 0x7fa496287b30>
20581,2022-05-07 12:00:00,<function <lambda> at 0x7fa4962879f0>,<function <lambda> at 0x7fa496287a90>,<function <lambda> at 0x7fa496287b30>
20582,2022-05-07 13:00:00,<function <lambda> at 0x7fa4962879f0>,<function <lambda> at 0x7fa496287a90>,<function <lambda> at 0x7fa496287b30>
20583,2022-05-07 14:00:00,<function <lambda> at 0x7fa4962879f0>,<function <lambda> at 0x7fa496287a90>,<function <lambda> at 0x7fa496287b30>
20584,2022-05-07 15:00:00,<function <lambda> at 0x7fa4962879f0>,<function <lambda> at 0x7fa496287a90>,<function <lambda> at 0x7fa496287b30>
20585,2022-05-07 16:00:00,<function <lambda> at 0x7fa4962879f0>,<function <lambda> at 0x7fa496287a90>,<function <lambda> at 0x7fa496287b30>
20586,2022-05-07 17:00:00,<function <lambda> at 0x7fa4962879f0>,<function <lambda> at 0x7fa496287a90>,<function <lambda> at 0x7fa496287b30>
20587,2022-05-07 18:00:00,<function <lambda> at 0x7fa4962879f0>,<function <lambda> at 0x7fa496287a90>,<function <lambda> at 0x7fa496287b30>
20588,2022-05-07 19:00:00,<function <lambda> at 0x7fa4962879f0>,<function <lambda> at 0x7fa496287a90>,<function <lambda> at 0x7fa496287b30>
20589,2022-05-07 20:00:00,<function <lambda> at 0x7fa4962879f0>,<function <lambda> at 0x7fa496287a90>,<function <lambda> at 0x7fa496287b30>
20590,2022-05-07 21:00:00,<function <lambda> at 0x7fa4962879f0>,<function <lambda> at 0x7fa496287a90>,<function <lambda> at 0x7fa496287b30>
20591,2022-05-07 22:00:00,<function <lambda> at 0x7fa4962879f0>,<function <lambda> at 0x7fa496287a90>,<function <lambda> at 0x7fa496287b30>
20592,2022-05-07 23:00:00,<function <lambda> at 0x7fa4962879f0>,<function <lambda> at 0x7fa496287a90>,<function <lambda> at 0x7fa496287b30>
20593,2022-05-08 00:00:00,<function <lambda> at 0x7fa4962879f0>,<function <lambda> at 0x7fa496287a90>,<function <lambda> at 0x7fa496287b30>
20594,2022-05-08 01:00:00,<function <lambda> at 0x7fa4962879f0>,<function <lambda> at 0x7fa496287a90>,<function <lambda> at 0x7fa496287b30>
20595,2022-05-08 02:00:00,<function <lambda> at 0x7fa4962879f0>,<function <lambda> at 0x7fa496287a90>,<function <lambda> at 0x7fa496287b30>
20596,2022-05-08 03:00:00,<function <lambda> at 0x7fa4962879f0>,<function <lambda> at 0x7fa496287a90>,<function <lambda> at 0x7fa496287b30>
20597,2022-05-08 04:00:00,<function <lambda> at 0x7fa4962879f0>,<function <lambda> at 0x7fa496287a90>,<function <lambda> at 0x7fa496287b30>
20598,2022-05-08 05:00:00,<function <lambda> at 0x7fa4962879f0>,<function <lambda> at 0x7fa496287a90>,<function <lambda> at 0x7fa496287b30>
20599,2022-05-08 06:00:00,<function <lambda> at 0x7fa4962879f0>,<function <lambda> at 0x7fa496287a90>,<function <lambda> at 0x7fa496287b30>
20600,2022-05-08 07:00:00,<function <lambda> at 0x7fa4962879f0>,<function <lambda> at 0x7fa496287a90>,<function <lambda> at 0x7fa496287b30>
20601,2022-05-08 08:00:00,<function <lambda> at 0x7fa4962879f0>,<function <lambda> at 0x7fa496287a90>,<function <lambda> at 0x7fa496287b30>
20602,2022-05-08 09:00:00,<function <lambda> at 0x7fa4962879f0>,<function <lambda> at 0x7fa496287a90>,<function <lambda> at 0x7fa496287b30>
20603,2022-05-08 10:00:00,<function <lambda> at 0x7fa4962879f0>,<function <lambda> at 0x7fa496287a90>,<function <lambda> at 0x7fa496287b30>
20604,2022-05-08 11:00:00,<function <lambda> at 0x7fa4962879f0>,<function <lambda> at 0x7fa496287a90>,<function <lambda> at 0x7fa496287b30>
20605,2022-05-08 12:00:00,<function <lambda> at 0x7fa4962879f0>,<function <lambda> at 0x7fa496287a90>,<function <lambda> at 0x7fa496287b30>
20606,2022-05-08 13:00:00,<function <lambda> at 0x7fa4962879f0>,<function <lambda> at 0x7fa496287a90>,<function <lambda> at 0x7fa496287b30>
20607,2022-05-08 14:00:00,<function <lambda> at 0x7fa4962879f0>,<function <lambda> at 0x7fa496287a90>,<function <lambda> at 0x7fa496287b30>
20608,2022-05-08 15:00:00,<function <lambda> at 0x7fa4962879f0>,<function <lambda> at 0x7fa496287a90>,<function <lambda> at 0x7fa496287b30>
20609,2022-05-08 16:00:00,<function <lambda> at 0x7fa4962879f0>,<function <lambda> at 0x7fa496287a90>,<function <lambda> at 0x7fa496287b30>
20610,2022-05-08 17:00:00,<function <lambda> at 0x7fa4962879f0>,<function <lambda> at 0x7fa496287a90>,<function <lambda> at 0x7fa496287b30>
20611,2022-05-08 18:00:00,<function <lambda> at 0x7fa4962879f0>,<function <lambda> at 0x7fa496287a90>,<function <lambda> at 0x7fa496287b30>
20612,2022-05-08 19:00:00,<function <lambda> at 0x7fa4962879f0>,<function <lambda> at 0x7fa496287a90>,<function <lambda> at 0x7fa496287b30>
20613,2022-05-08 20:00:00,<function <lambda> at 0x7fa4962879f0>,<function <lambda> at 0x7fa496287a90>,<function <lambda> at 0x7fa496287b30>
20614,2022-05-08 21:00:00,<function <lambda> at 0x7fa4962879f0>,<function <lambda> at 0x7fa496287a90>,<function <lambda> at 0x7fa496287b30>
20615,2022-05-08 22:00:00,<function <lambda> at 0x7fa4962879f0>,<function <lambda> at 0x7fa496287a90>,<function <lambda> at 0x7fa496287b30>
20616,2022-05-08 23:00:00,<function <lambda> at 0x7fa4962879f0>,<function <lambda> at 0x7fa496287a90>,<function <lambda> at 0x7fa496287b30>
20617,2022-05-09 00:00:00,<function <lambda> at 0x7fa4962879f0>,<function <lambda> at 0x7fa496287a90>,<function <lambda> at 0x7fa496287b30>
20618,2022-05-09 01:00:00,<function <lambda> at 0x7fa4962879f0>,<function <lambda> at 0x7fa496287a90>,<function <lambda> at 0x7fa496287b30>
20619,2022-05-09 02:00:00,<function <lambda> at 0x7fa4962879f0>,<function <lambda> at 0x7fa496287a90>,<function <lambda> at 0x7fa496287b30>
20620,2022-05-09 03:00:00,<function <lambda> at 0x7fa4962879f0>,<function <lambda> at 0x7fa496287a90>,<function <lambda> at 0x7fa496287b30>
20621,2022-05-09 04:00:00,<function <lambda> at 0x7fa4962879f0>,<function <lambda> at 0x7fa496287a90>,<function <lambda> at 0x7fa496287b30>
20622,2022-05-09 05:00:00,<function <lambda> at 0x7fa4962879f0>,<function <lambda> at 0x7fa496287a90>,<function <lambda> at 0x7fa496287b30>
20623,2022-05-09 06:00:00,<function <lambda> at 0x7fa4962879f0>,<function <lambda> at 0x7fa496287a90>,<function <lambda> at 0x7fa496287b30>
20624,2022-05-09 07:00:00,<function <lambda> at 0x7fa4962879f0>,<function <lambda> at 0x7fa496287a90>,<function <lambda> at 0x7fa496287b30>
20625,2022-05-09 08:00:00,<function <lambda> at 0x7fa4962879f0>,<function <lambda> at 0x7fa496287a90>,<function <lambda> at 0x7fa496287b30>
20626,2022-05-09 09:00:00,<function <lambda> at 0x7fa4962879f0>,<function <lambda> at 0x7fa496287a90>,<function <lambda> at 0x7fa496287b30>
20627,2022-05-09 10:00:00,<function <lambda> at 0x7fa4962879f0>,<function <lambda> at 0x7fa496287a90>,<function <lambda> at 0x7fa496287b30>
20628,2022-05-09 11:00:00,<function <lambda> at 0x7fa4962879f0>,<function <lambda> at 0x7fa496287a90>,<function <lambda> at 0x7fa496287b30>
20629,2022-05-09 12:00:00,<function <lambda> at 0x7fa4962879f0>,<function <lambda> at 0x7fa496287a90>,<function <lambda> at 0x7fa496287b30>
20630,2022-05-09 13:00:00,<function <lambda> at 0x7fa4962879f0>,<function <lambda> at 0x7fa496287a90>,<function <lambda> at 0x7fa496287b30>
20631,2022-05-09 14:00:00,<function <lambda> at 0x7fa4962879f0>,<function <lambda> at 0x7fa496287a90>,<function <lambda> at 0x7fa496287b30>
20632,2022-05-09 15:00:00,<function <lambda> at 0x7fa4962879f0>,<function <lambda> at 0x7fa496287a90>,<function <lambda> at 0x7fa496287b30>
20633,2022-05-09 16:00:00,<function <lambda> at 0x7fa4962879f0>,<function <lambda> at 0x7fa496287a90>,<function <lambda> at 0x7fa496287b30>
20634,2022-05-09 17:00:00,<function <lambda> at 0x7fa4962879f0>,<function <lambda> at 0x7fa496287a90>,<function <lambda> at 0x7fa496287b30>
20635,2022-05-09 18:00:00,<function <lambda> at 0x7fa4962879f0>,<function <lambda> at 0x7fa496287a90>,<function <lambda> at 0x7fa496287b30>
20636,2022-05-09 19:00:00,<function <lambda> at 0x7fa4962879f0>,<function <lambda> at 0x7fa496287a90>,<function <lambda> at 0x7fa496287b30>
20637,2022-05-09 20:00:00,<function <lambda> at 0x7fa4962879f0>,<function <lambda> at 0x7fa496287a90>,<function <lambda> at 0x7fa496287b30>
20638,2022-05-09 21:00:00,<function <lambda> at 0x7fa4962879f0>,<function <lambda> at 0x7fa496287a90>,<function <lambda> at 0x7fa496287b30>
20639,2022-05-09 22:00:00,<function <lambda> at 0x7fa4962879f0>,<function <lambda> at 0x7fa496287a90>,<function <lambda> at 0x7fa496287b30>
20640,2022-05-09 23:00:00,<function <lambda> at 0x7fa4962879f0>,<function <lambda> at 0x7fa496287a90>,<function <lambda> at 0x7fa496287b30>
20641,2022-05-10 00:00:00,<function <lambda> at 0x7fa4962879f0>,<function <lambda> at 0x7fa496287a90>,<function <lambda> at 0x7fa496287b30>
20642,2022-05-10 01:00:00,<function <lambda> at 0x7fa4962879f0>,<function <lambda> at 0x7fa496287a90>,<function <lambda> at 0x7fa496287b30>
20643,2022-05-10 02:00:00,<function <lambda> at 0x7fa4962879f0>,<function <lambda> at 0x7fa496287a90>,<function <lambda> at 0x7fa496287b30>
20644,2022-05-10 03:00:00,<function <lambda> at 0x7fa4962879f0>,<function <lambda> at 0x7fa496287a90>,<function <lambda> at 0x7fa496287b30>
20645,2022-05-10 04:00:00,<function <lambda> at 0x7fa4962879f0>,<function <lambda> at 0x7fa496287a90>,<function <lambda> at 0x7fa496287b30>
20646,2022-05-10 05:00:00,<function <lambda> at 0x7fa4962879f0>,<function <lambda> at 0x7fa496287a90>,<function <lambda> at 0x7fa496287b30>
20647,2022-05-10 06:00:00,<function <lambda> at 0x7fa4962879f0>,<function <lambda> at 0x7fa496287a90>,<function <lambda> at 0x7fa496287b30>
20648,2022-05-10 07:00:00,<function <lambda> at 0x7fa4962879f0>,<function <lambda> at 0x7fa496287a90>,<function <lambda> at 0x7fa496287b30>
20649,2022-05-10 08:00:00,<function <lambda> at 0x7fa4962879f0>,<function <lambda> at 0x7fa496287a90>,<function <lambda> at 0x7fa496287b30>
20650,2022-05-10 09:00:00,<function <lambda> at 0x7fa4962879f0>,<function <lambda> at 0x7fa496287a90>,<function <lambda> at 0x7fa496287b30>
20651,2022-05-10 10:00:00,<function <lambda> at 0x7fa4962879f0>,<function <lambda> at 0x7fa496287a90>,<function <lambda> at 0x7fa496287b30>
20652,2022-05-10 11:00:00,<function <lambda> at 0x7fa4962879f0>,<function <lambda> at 0x7fa496287a90>,<function <lambda> at 0x7fa496287b30>
20653,2022-05-10 12:00:00,<function <lambda> at 0x7fa4962879f0>,<function <lambda> at 0x7fa496287a90>,<function <lambda> at 0x7fa496287b30>
20654,2022-05-10 13:00:00,<function <lambda> at 0x7fa4962879f0>,<function <lambda> at 0x7fa496287a90>,<function <lambda> at 0x7fa496287b30>
20655,2022-05-10 14:00:00,<function <lambda> at 0x7fa4962879f0>,<function <lambda> at 0x7fa496287a90>,<function <lambda> at 0x7fa496287b30>
20656,2022-05-10 15:00:00,<function <lambda> at 0x7fa4962879f0>,<function <lambda> at 0x7fa496287a90>,<function <lambda> at 0x7fa496287b30>
20657,2022-05-10 16:00:00,<function <lambda> at 0x7fa4962879f0>,<function <lambda> at 0x7fa496287a90>,<function <lambda> at 0x7fa496287b30>
20658,2022-05-10 17:00:00,<function <lambda> at 0x7fa4962879f0>,<function <lambda> at 0x7fa496287a90>,<function <lambda> at 0x7fa496287b30>
20659,2022-05-10 18:00:00,<function <lambda> at 0x7fa4962879f0>,<function <lambda> at 0x7fa496287a90>,<function <lambda> at 0x7fa496287b30>
20660,2022-05-10 19:00:00,<function <lambda> at 0x7fa4962879f0>,<function <lambda> at 0x7fa496287a90>,<function <lambda> at 0x7fa496287b30>
20661,2022-05-10 20:00:00,<function <lambda> at 0x7fa4962879f0>,<function <lambda> at 0x7fa496287a90>,<function <lambda> at 0x7fa496287b30>
20662,2022-05-10 21:00:00,<function <lambda> at 0x7fa4962879f0>,<function <lambda> at 0x7fa496287a90>,<function <lambda> at 0x7fa496287b30>
20663,2022-05-10 22:00:00,<function <lambda> at 0x7fa4962879f0>,<function <lambda> at 0x7fa496287a90>,<function <lambda> at 0x7fa496287b30>
20664,2022-05-10 23:00:00,<function <lambda> at 0x7fa4962879f0>,<function <lambda> at 0x7fa496287a90>,<function <lambda> at 0x7fa496287b30>
20665,2022-05-11 00:00:00,<function <lambda> at 0x7fa4962879f0>,<function <lambda> at 0x7fa496287a90>,<function <lambda> at 0x7fa496287b30>
20666,2022-05-11 01:00:00,<function <lambda> at 0x7fa4962879f0>,<function <lambda> at 0x7fa496287a90>,<function <lambda> at 0x7fa496287b30>
20667,2022-05-11 02:00:00,<function <lambda> at 0x7fa4962879f0>,<function <lambda> at 0x7fa496287a90>,<function <lambda> at 0x7fa496287b30>
20668,2022-05-11 03:00:00,<function <lambda> at 0x7fa4962879f0>,<function <lambda> at 0x7fa496287a90>,<function <lambda> at 0x7fa496287b30>
20669,2022-05-11 04:00:00,<function <lambda> at 0x7fa4962879f0>,<function <lambda> at 0x7fa496287a90>,<function <lambda> at 0x7fa496287b30>
20670,2022-05-11 05:00:00,<function <lambda> at 0x7fa4962879f0>,<function <lambda> at 0x7fa496287a90>,<function <lambda> at 0x7fa496287b30>
20671,2022-05-11 06:00:00,<function <lambda> at 0x7fa4962879f0>,<function <lambda> at 0x7fa496287a90>,<function <lambda> at 0x7fa496287b30>
20672,2022-05-11 07:00:00,<function <lambda> at 0x7fa4962879f0>,<function <lambda> at 0x7fa496287a90>,<function <lambda> at 0x7fa496287b30>
20673,2022-05-11 08:00:00,<function <lambda> at 0x7fa4962879f0>,<function <lambda> at 0x7fa496287a90>,<function <lambda> at 0x7fa496287b30>
20674,2022-05-11 09:00:00,<function <lambda> at 0x7fa4962879f0>,<function <lambda> at 0x7fa496287a90>,<function <lambda> at 0x7fa496287b30>
20675,2022-05-11 10:00:00,<function <lambda> at 0x7fa4962879f0>,<function <lambda> at 0x7fa496287a90>,<function <lambda> at 0x7fa496287b30>
20676,2022-05-11 11:00:00,<function <lambda> at 0x7fa4962879f0>,<function <lambda> at 0x7fa496287a90>,<function <lambda> at 0x7fa496287b30>
20677,2022-05-11 12:00:00,<function <lambda> at 0x7fa4962879f0>,<function <lambda> at 0x7fa496287a90>,<function <lambda> at 0x7fa496287b30>
20678,2022-05-11 13:00:00,<function <lambda> at 0x7fa4962879f0>,<function <lambda> at 0x7fa496287a90>,<function <lambda> at 0x7fa496287b30>
20679,2022-05-11 14:00:00,<function <lambda> at 0x7fa4962879f0>,<function <lambda> at 0x7fa496287a90>,<function <lambda> at 0x7fa496287b30>
20680,2022-05-11 15:00:00,<function <lambda> at 0x7fa4962879f0>,<function <lambda> at 0x7fa496287a90>,<function <lambda> at 0x7fa496287b30>
20681,2022-05-11 16:00:00,<function <lambda> at 0x7fa4962879f0>,<function <lambda> at 0x7fa496287a90>,<function <lambda> at 0x7fa496287b30>
20682,2022-05-11 17:00:00,<function <lambda> at 0x7fa4962879f0>,<function <lambda> at 0x7fa496287a90>,<function <lambda> at 0x7fa496287b30>
20683,2022-05-11 18:00:00,<function <lambda> at 0x7fa4962879f0>,<function <lambda> at 0x7fa496287a90>,<function <lambda> at 0x7fa496287b30>
20684,2022-05-11 19:00:00,<function <lambda> at 0x7fa4962879f0>,<function <lambda> at 0x7fa496287a90>,<function <lambda> at 0x7fa496287b30>
20685,2022-05-11 20:00:00,<function <lambda> at 0x7fa4962879f0>,<function <lambda> at 0x7fa496287a90>,<function <lambda> at 0x7fa496287b30>
20686,2022-05-11 21:00:00,<function <lambda> at 0x7fa4962879f0>,<function <lambda> at 0x7fa496287a90>,<function <lambda> at 0x7fa496287b30>
20687,2022-05-11 22:00:00,<function <lambda> at 0x7fa4962879f0>,<function <lambda> at 0x7fa496287a90>,<function <lambda> at 0x7fa496287b30>
20688,2022-05-11 23:00:00,<function <lambda> at 0x7fa4962879f0>,<function <lambda> at 0x7fa496287a90>,<function <lambda> at 0x7fa496287b30>
20689,2022-05-12 00:00:00,<function <lambda> at 0x7fa4962879f0>,<function <lambda> at 0x7fa496287a90>,<function <lambda> at 0x7fa496287b30>
20690,2022-05-12 01:00:00,<function <lambda> at 0x7fa4962879f0>,<function <lambda> at 0x7fa496287a90>,<function <lambda> at 0x7fa496287b30>
20691,2022-05-12 02:00:00,<function <lambda> at 0x7fa4962879f0>,<function <lambda> at 0x7fa496287a90>,<function <lambda> at 0x7fa496287b30>
20692,2022-05-12 03:00:00,<function <lambda> at 0x7fa4962879f0>,<function <lambda> at 0x7fa496287a90>,<function <lambda> at 0x7fa496287b30>
20693,2022-05-12 04:00:00,<function <lambda> at 0x7fa4962879f0>,<function <lambda> at 0x7fa496287a90>,<function <lambda> at 0x7fa496287b30>
20694,2022-05-12 05:00:00,<function <lambda> at 0x7fa4962879f0>,<function <lambda> at 0x7fa496287a90>,<function <lambda> at 0x7fa496287b30>
20695,2022-05-12 06:00:00,<function <lambda> at 0x7fa4962879f0>,<function <lambda> at 0x7fa496287a90>,<function <lambda> at 0x7fa496287b30>
20696,2022-05-12 07:00:00,<function <lambda> at 0x7fa4962879f0>,<function <lambda> at 0x7fa496287a90>,<function <lambda> at 0x7fa496287b30>
20697,2022-05-12 08:00:00,<function <lambda> at 0x7fa4962879f0>,<function <lambda> at 0x7fa496287a90>,<function <lambda> at 0x7fa496287b30>
20698,2022-05-12 09:00:00,<function <lambda> at 0x7fa4962879f0>,<function <lambda> at 0x7fa496287a90>,<function <lambda> at 0x7fa496287b30>
20699,2022-05-12 10:00:00,<function <lambda> at 0x7fa4962879f0>,<function <lambda> at 0x7fa496287a90>,<function <lambda> at 0x7fa496287b30>
20700,2022-05-12 11:00:00,<function <lambda> at 0x7fa4962879f0>,<function <lambda> at 0x7fa496287a90>,<function <lambda> at 0x7fa496287b30>
20701,2022-05-12 12:00:00,<function <lambda> at 0x7fa4962879f0>,<function <lambda> at 0x7fa496287a90>,<function <lambda> at 0x7fa496287b30>
20702,2022-05-12 13:00:00,<function <lambda> at 0x7fa4962879f0>,<function <lambda> at 0x7fa496287a90>,<function <lambda> at 0x7fa496287b30>
20703,2022-05-12 14:00:00,<function <lambda> at 0x7fa4962879f0>,<function <lambda> at 0x7fa496287a90>,<function <lambda> at 0x7fa496287b30>
20704,2022-05-12 15:00:00,<function <lambda> at 0x7fa4962879f0>,<function <lambda> at 0x7fa496287a90>,<function <lambda> at 0x7fa496287b30>
20705,2022-05-12 16:00:00,<function <lambda> at 0x7fa4962879f0>,<function <lambda> at 0x7fa496287a90>,<function <lambda> at 0x7fa496287b30>
20706,2022-05-12 17:00:00,<function <lambda> at 0x7fa4962879f0>,<function <lambda> at 0x7fa496287a90>,<function <lambda> at 0x7fa496287b30>
20707,2022-05-12 18:00:00,<function <lambda> at 0x7fa4962879f0>,<function <lambda> at 0x7fa496287a90>,<function <lambda> at 0x7fa496287b30>
20708,2022-05-12 19:00:00,<function <lambda> at 0x7fa4962879f0>,<function <lambda> at 0x7fa496287a90>,<function <lambda> at 0x7fa496287b30>
20709,2022-05-12 20:00:00,<function <lambda> at 0x7fa4962879f0>,<function <lambda> at 0x7fa496287a90>,<function <lambda> at 0x7fa496287b30>
20710,2022-05-12 21:00:00,<function <lambda> at 0x7fa4962879f0>,<function <lambda> at 0x7fa496287a90>,<function <lambda> at 0x7fa496287b30>
20711,2022-05-12 22:00:00,<function <lambda> at 0x7fa4962879f0>,<function <lambda> at 0x7fa496287a90>,<function <lambda> at 0x7fa496287b30>
20712,2022-05-12 23:00:00,<function <lambda> at 0x7fa4962879f0>,<function <lambda> at 0x7fa496287a90>,<function <lambda> at 0x7fa496287b30>
20713,2022-05-13 00:00:00,<function <lambda> at 0x7fa4962879f0>,<function <lambda> at 0x7fa496287a90>,<function <lambda> at 0x7fa496287b30>
20714,2022-05-13 01:00:00,<function <lambda> at 0x7fa4962879f0>,<function <lambda> at 0x7fa496287a90>,<function <lambda> at 0x7fa496287b30>
20715,2022-05-13 02:00:00,<function <lambda> at 0x7fa4962879f0>,<function <lambda> at 0x7fa496287a90>,<function <lambda> at 0x7fa496287b30>
20716,2022-05-13 03:00:00,<function <lambda> at 0x7fa4962879f0>,<function <lambda> at 0x7fa496287a90>,<function <lambda> at 0x7fa496287b30>
20717,2022-05-13 04:00:00,<function <lambda> at 0x7fa4962879f0>,<function <lambda> at 0x7fa496287a90>,<function <lambda> at 0x7fa496287b30>
20718,2022-05-13 05:00:00,<function <lambda> at 0x7fa4962879f0>,<function <lambda> at 0x7fa496287a90>,<function <lambda> at 0x7fa496287b30>
20719,2022-05-13 06:00:00,<function <lambda> at 0x7fa4962879f0>,<function <lambda> at 0x7fa496287a90>,<function <lambda> at 0x7fa496287b30>
20720,2022-05-13 07:00:00,<function <lambda> at 0x7fa4962879f0>,<function <lambda> at 0x7fa496287a90>,<function <lambda> at 0x7fa496287b30>
20721,2022-05-13 08:00:00,<function <lambda> at 0x7fa4962879f0>,<function <lambda> at 0x7fa496287a90>,<function <lambda> at 0x7fa496287b30>
20722,2022-05-13 09:00:00,<function <lambda> at 0x7fa4962879f0>,<function <lambda> at 0x7fa496287a90>,<function <lambda> at 0x7fa496287b30>
20723,2022-05-13 10:00:00,<function <lambda> at 0x7fa4962879f0>,<function <lambda> at 0x7fa496287a90>,<function <lambda> at 0x7fa496287b30>
20724,2022-05-13 11:00:00,<function <lambda> at 0x7fa4962879f0>,<function <lambda> at 0x7fa496287a90>,<function <lambda> at 0x7fa496287b30>
20725,2022-05-13 12:00:00,<function <lambda> at 0x7fa4962879f0>,<function <lambda> at 0x7fa496287a90>,<function <lambda> at 0x7fa496287b30>
20726,2022-05-13 13:00:00,<function <lambda> at 0x7fa4962879f0>,<function <lambda> at 0x7fa496287a90>,<function <lambda> at 0x7fa496287b30>
20727,2022-05-13 14:00:00,<function <lambda> at 0x7fa4962879f0>,<function <lambda> at 0x7fa496287a90>,<function <lambda> at 0x7fa496287b30>
20728,2022-05-13 15:00:00,<function <lambda> at 0x7fa4962879f0>,<function <lambda> at 0x7fa496287a90>,<function <lambda> at 0x7fa496287b30>
20729,2022-05-13 16:00:00,<function <lambda> at 0x7fa4962879f0>,<function <lambda> at 0x7fa496287a90>,<function <lambda> at 0x7fa496287b30>
20730,2022-05-13 17:00:00,<function <lambda> at 0x7fa4962879f0>,<function <lambda> at 0x7fa496287a90>,<function <lambda> at 0x7fa496287b30>
20731,2022-05-13 18:00:00,<function <lambda> at 0x7fa4962879f0>,<function <lambda> at 0x7fa496287a90>,<function <lambda> at 0x7fa496287b30>
20732,2022-05-13 19:00:00,<function <lambda> at 0x7fa4962879f0>,<function <lambda> at 0x7fa496287a90>,<function <lambda> at 0x7fa496287b30>
20733,2022-05-13 20:00:00,<function <lambda> at 0x7fa4962879f0>,<function <lambda> at 0x7fa496287a90>,<function <lambda> at 0x7fa496287b30>
20734,2022-05-13 21:00:00,<function <lambda> at 0x7fa4962879f0>,<function <lambda> at 0x7fa496287a90>,<function <lambda> at 0x7fa496287b30>
20735,2022-05-13 22:00:00,<function <lambda> at 0x7fa4962879f0>,<function <lambda> at 0x7fa496287a90>,<function <lambda> at 0x7fa496287b30>
20736,2022-05-13 23:00:00,<function <lambda> at 0x7fa4962879f0>,<function <lambda> at 0x7fa496287a90>,<function <lambda> at 0x7fa496287b30>
20737,2022-05-14 00:00:00,<function <lambda> at 0x7fa4962879f0>,<function <lambda> at 0x7fa496287a90>,<function <lambda> at 0x7fa496287b30>
20738,2022-05-14 01:00:00,<function <lambda> at 0x7fa4962879f0>,<function <lambda> at 0x7fa496287a90>,<function <lambda> at 0x7fa496287b30>
20739,2022-05-14 02:00:00,<function <lambda> at 0x7fa4962879f0>,<function <lambda> at 0x7fa496287a90>,<function <lambda> at 0x7fa496287b30>
20740,2022-05-14 03:00:00,<function <lambda> at 0x7fa4962879f0>,<function <lambda> at 0x7fa496287a90>,<function <lambda> at 0x7fa496287b30>
20741,2022-05-14 04:00:00,<function <lambda> at 0x7fa4962879f0>,<function <lambda> at 0x7fa496287a90>,<function <lambda> at 0x7fa496287b30>
20742,2022-05-14 05:00:00,<function <lambda> at 0x7fa4962879f0>,<function <lambda> at 0x7fa496287a90>,<function <lambda> at 0x7fa496287b30>
20743,2022-05-14 06:00:00,<function <lambda> at 0x7fa4962879f0>,<function <lambda> at 0x7fa496287a90>,<function <lambda> at 0x7fa496287b30>
20744,2022-05-14 07:00:00,<function <lambda> at 0x7fa4962879f0>,<function <lambda> at 0x7fa496287a90>,<function <lambda> at 0x7fa496287b30>
20745,2022-05-14 08:00:00,<function <lambda> at 0x7fa4962879f0>,<function <lambda> at 0x7fa496287a90>,<function <lambda> at 0x7fa496287b30>
20746,2022-05-14 09:00:00,<function <lambda> at 0x7fa4962879f0>,<function <lambda> at 0x7fa496287a90>,<function <lambda> at 0x7fa496287b30>
20747,2022-05-14 10:00:00,<function <lambda> at 0x7fa4962879f0>,<function <lambda> at 0x7fa496287a90>,<function <lambda> at 0x7fa496287b30>
20748,2022-05-14 11:00:00,<function <lambda> at 0x7fa4962879f0>,<function <lambda> at 0x7fa496287a90>,<function <lambda> at 0x7fa496287b30>
20749,2022-05-14 12:00:00,<function <lambda> at 0x7fa4962879f0>,<function <lambda> at 0x7fa496287a90>,<function <lambda> at 0x7fa496287b30>
20750,2022-05-14 13:00:00,<function <lambda> at 0x7fa4962879f0>,<function <lambda> at 0x7fa496287a90>,<function <lambda> at 0x7fa496287b30>
20751,2022-05-14 14:00:00,<function <lambda> at 0x7fa4962879f0>,<function <lambda> at 0x7fa496287a90>,<function <lambda> at 0x7fa496287b30>
20752,2022-05-14 15:00:00,<function <lambda> at 0x7fa4962879f0>,<function <lambda> at 0x7fa496287a90>,<function <lambda> at 0x7fa496287b30>
20753,2022-05-14 16:00:00,<function <lambda> at 0x7fa4962879f0>,<function <lambda> at 0x7fa496287a90>,<function <lambda> at 0x7fa496287b30>
20754,2022-05-14 17:00:00,<function <lambda> at 0x7fa4962879f0>,<function <lambda> at 0x7fa496287a90>,<function <lambda> at 0x7fa496287b30>
20755,2022-05-14 18:00:00,<function <lambda> at 0x7fa4962879f0>,<function <lambda> at 0x7fa496287a90>,<function <lambda> at 0x7fa496287b30>
20756,2022-05-14 19:00:00,<function <lambda> at 0x7fa4962879f0>,<function <lambda> at 0x7fa496287a90>,<function <lambda> at 0x7fa496287b30>
20757,2022-05-14 20:00:00,<function <lambda> at 0x7fa4962879f0>,<function <lambda> at 0x7fa496287a90>,<function <lambda> at 0x7fa496287b30>
20758,2022-05-14 21:00:00,<function <lambda> at 0x7fa4962879f0>,<function <lambda> at 0x7fa496287a90>,<function <lambda> at 0x7fa496287b30>
20759,2022-05-14 22:00:00,<function <lambda> at 0x7fa4962879f0>,<function <lambda> at 0x7fa496287a90>,<function <lambda> at 0x7fa496287b30>
20760,2022-05-14 23:00:00,<function <lambda> at 0x7fa4962879f0>,<function <lambda> at 0x7fa496287a90>,<function <lambda> at 0x7fa496287b30>
20761,2022-05-15 00:00:00,<function <lambda> at 0x7fa4962879f0>,<function <lambda> at 0x7fa496287a90>,<function <lambda> at 0x7fa496287b30>
20762,2022-05-15 01:00:00,<function <lambda> at 0x7fa4962879f0>,<function <lambda> at 0x7fa496287a90>,<function <lambda> at 0x7fa496287b30>
20763,2022-05-15 02:00:00,<function <lambda> at 0x7fa4962879f0>,<function <lambda> at 0x7fa496287a90>,<function <lambda> at 0x7fa496287b30>
20764,2022-05-15 03:00:00,<function <lambda> at 0x7fa4962879f0>,<function <lambda> at 0x7fa496287a90>,<function <lambda> at 0x7fa496287b30>
20765,2022-05-15 04:00:00,<function <lambda> at 0x7fa4962879f0>,<function <lambda> at 0x7fa496287a90>,<function <lambda> at 0x7fa496287b30>
20766,2022-05-15 05:00:00,<function <lambda> at 0x7fa4962879f0>,<function <lambda> at 0x7fa496287a90>,<function <lambda> at 0x7fa496287b30>
20767,2022-05-15 06:00:00,<function <lambda> at 0x7fa4962879f0>,<function <lambda> at 0x7fa496287a90>,<function <lambda> at 0x7fa496287b30>
20768,2022-05-15 07:00:00,<function <lambda> at 0x7fa4962879f0>,<function <lambda> at 0x7fa496287a90>,<function <lambda> at 0x7fa496287b30>
20769,2022-05-15 08:00:00,<function <lambda> at 0x7fa4962879f0>,<function <lambda> at 0x7fa496287a90>,<function <lambda> at 0x7fa496287b30>
20770,2022-05-15 09:00:00,<function <lambda> at 0x7fa4962879f0>,<function <lambda> at 0x7fa496287a90>,<function <lambda> at 0x7fa496287b30>
20771,2022-05-15 10:00:00,<function <lambda> at 0x7fa4962879f0>,<function <lambda> at 0x7fa496287a90>,<function <lambda> at 0x7fa496287b30>
20772,2022-05-15 11:00:00,<function <lambda> at 0x7fa4962879f0>,<function <lambda> at 0x7fa496287a90>,<function <lambda> at 0x7fa496287b30>
20773,2022-05-15 12:00:00,<function <lambda> at 0x7fa4962879f0>,<function <lambda> at 0x7fa496287a90>,<function <lambda> at 0x7fa496287b30>
20774,2022-05-15 13:00:00,<function <lambda> at 0x7fa4962879f0>,<function <lambda> at 0x7fa496287a90>,<function <lambda> at 0x7fa496287b30>
20775,2022-05-15 14:00:00,<function <lambda> at 0x7fa4962879f0>,<function <lambda> at 0x7fa496287a90>,<function <lambda> at 0x7fa496287b30>
20776,2022-05-15 15:00:00,<function <lambda> at 0x7fa4962879f0>,<function <lambda> at 0x7fa496287a90>,<function <lambda> at 0x7fa496287b30>
20777,2022-05-15 16:00:00,<function <lambda> at 0x7fa4962879f0>,<function <lambda> at 0x7fa496287a90>,<function <lambda> at 0x7fa496287b30>
20778,2022-05-15 17:00:00,<function <lambda> at 0x7fa4962879f0>,<function <lambda> at 0x7fa496287a90>,<function <lambda> at 0x7fa496287b30>
20779,2022-05-15 18:00:00,<function <lambda> at 0x7fa4962879f0>,<function <lambda> at 0x7fa496287a90>,<function <lambda> at 0x7fa496287b30>
20780,2022-05-15 19:00:00,<function <lambda> at 0x7fa4962879f0>,<function <lambda> at 0x7fa496287a90>,<function <lambda> at 0x7fa496287b30>
20781,2022-05-15 20:00:00,<function <lambda> at 0x7fa4962879f0>,<function <lambda> at 0x7fa496287a90>,<function <lambda> at 0x7fa496287b30>
20782,2022-05-15 21:00:00,<function <lambda> at 0x7fa4962879f0>,<function <lambda> at 0x7fa496287a90>,<function <lambda> at 0x7fa496287b30>
20783,2022-05-15 22:00:00,<function <lambda> at 0x7fa4962879f0>,<function <lambda> at 0x7fa496287a90>,<function <lambda> at 0x7fa496287b30>
20784,2022-05-15 23:00:00,<function <lambda> at 0x7fa4962879f0>,<function <lambda> at 0x7fa496287a90>,<function <lambda> at 0x7fa496287b30>
20785,2022-05-16 00:00:00,<function <lambda> at 0x7fa4962879f0>,<function <lambda> at 0x7fa496287a90>,<function <lambda> at 0x7fa496287b30>
20786,2022-05-16 01:00:00,<function <lambda> at 0x7fa4962879f0>,<function <lambda> at 0x7fa496287a90>,<function <lambda> at 0x7fa496287b30>
20787,2022-05-16 02:00:00,<function <lambda> at 0x7fa4962879f0>,<function <lambda> at 0x7fa496287a90>,<function <lambda> at 0x7fa496287b30>
20788,2022-05-16 03:00:00,<function <lambda> at 0x7fa4962879f0>,<function <lambda> at 0x7fa496287a90>,<function <lambda> at 0x7fa496287b30>
20789,2022-05-16 04:00:00,<function <lambda> at 0x7fa4962879f0>,<function <lambda> at 0x7fa496287a90>,<function <lambda> at 0x7fa496287b30>
20790,2022-05-16 05:00:00,<function <lambda> at 0x7fa4962879f0>,<function <lambda> at 0x7fa496287a90>,<function <lambda> at 0x7fa496287b30>
20791,2022-05-16 06:00:00,<function <lambda> at 0x7fa4962879f0>,<function <lambda> at 0x7fa496287a90>,<function <lambda> at 0x7fa496287b30>
20792,2022-05-16 07:00:00,<function <lambda> at 0x7fa4962879f0>,<function <lambda> at 0x7fa496287a90>,<function <lambda> at 0x7fa496287b30>
20793,2022-05-16 08:00:00,<function <lambda> at 0x7fa4962879f0>,<function <lambda> at 0x7fa496287a90>,<function <lambda> at 0x7fa496287b30>
20794,2022-05-16 09:00:00,<function <lambda> at 0x7fa4962879f0>,<function <lambda> at 0x7fa496287a90>,<function <lambda> at 0x7fa496287b30>
20795,2022-05-16 10:00:00,<function <lambda> at 0x7fa4962879f0>,<function <lambda> at 0x7fa496287a90>,<function <lambda> at 0x7fa496287b30>
20796,2022-05-16 11:00:00,<function <lambda> at 0x7fa4962879f0>,<function <lambda> at 0x7fa496287a90>,<function <lambda> at 0x7fa496287b30>
20797,2022-05-16 12:00:00,<function <lambda> at 0x7fa4962879f0>,<function <lambda> at 0x7fa496287a90>,<function <lambda> at 0x7fa496287b30>
20798,2022-05-16 13:00:00,<function <lambda> at 0x7fa4962879f0>,<function <lambda> at 0x7fa496287a90>,<function <lambda> at 0x7fa496287b30>
20799,2022-05-16 14:00:00,<function <lambda> at 0x7fa4962879f0>,<function <lambda> at 0x7fa496287a90>,<function <lambda> at 0x7fa496287b30>
20800,2022-05-16 15:00:00,<function <lambda> at 0x7fa4962879f0>,<function <lambda> at 0x7fa496287a90>,<function <lambda> at 0x7fa496287b30>
20801,2022-05-16 16:00:00,<function <lambda> at 0x7fa4962879f0>,<function <lambda> at 0x7fa496287a90>,<function <lambda> at 0x7fa496287b30>
20802,2022-05-16 17:00:00,<function <lambda> at 0x7fa4962879f0>,<function <lambda> at 0x7fa496287a90>,<function <lambda> at 0x7fa496287b30>
20803,2022-05-16 18:00:00,<function <lambda> at 0x7fa4962879f0>,<function <lambda> at 0x7fa496287a90>,<function <lambda> at 0x7fa496287b30>
20804,2022-05-16 19:00:00,<function <lambda> at 0x7fa4962879f0>,<function <lambda> at 0x7fa496287a90>,<function <lambda> at 0x7fa496287b30>
20805,2022-05-16 20:00:00,<function <lambda> at 0x7fa4962879f0>,<function <lambda> at 0x7fa496287a90>,<function <lambda> at 0x7fa496287b30>
20806,2022-05-16 21:00:00,<function <lambda> at 0x7fa4962879f0>,<function <lambda> at 0x7fa496287a90>,<function <lambda> at 0x7fa496287b30>
20807,2022-05-16 22:00:00,<function <lambda> at 0x7fa4962879f0>,<function <lambda> at 0x7fa496287a90>,<function <lambda> at 0x7fa496287b30>
20808,2022-05-16 23:00:00,<function <lambda> at 0x7fa4962879f0>,<function <lambda> at 0x7fa496287a90>,<function <lambda> at 0x7fa496287b30>
20809,2022-05-17 00:00:00,<function <lambda> at 0x7fa4962879f0>,<function <lambda> at 0x7fa496287a90>,<function <lambda> at 0x7fa496287b30>
20810,2022-05-17 01:00:00,<function <lambda> at 0x7fa4962879f0>,<function <lambda> at 0x7fa496287a90>,<function <lambda> at 0x7fa496287b30>
20811,2022-05-17 02:00:00,<function <lambda> at 0x7fa4962879f0>,<function <lambda> at 0x7fa496287a90>,<function <lambda> at 0x7fa496287b30>
20812,2022-05-17 03:00:00,<function <lambda> at 0x7fa4962879f0>,<function <lambda> at 0x7fa496287a90>,<function <lambda> at 0x7fa496287b30>
20813,2022-05-17 04:00:00,<function <lambda> at 0x7fa4962879f0>,<function <lambda> at 0x7fa496287a90>,<function <lambda> at 0x7fa496287b30>
20814,2022-05-17 05:00:00,<function <lambda> at 0x7fa4962879f0>,<function <lambda> at 0x7fa496287a90>,<function <lambda> at 0x7fa496287b30>
20815,2022-05-17 06:00:00,<function <lambda> at 0x7fa4962879f0>,<function <lambda> at 0x7fa496287a90>,<function <lambda> at 0x7fa496287b30>
20816,2022-05-17 07:00:00,<function <lambda> at 0x7fa4962879f0>,<function <lambda> at 0x7fa496287a90>,<function <lambda> at 0x7fa496287b30>
20817,2022-05-17 08:00:00,<function <lambda> at 0x7fa4962879f0>,<function <lambda> at 0x7fa496287a90>,<function <lambda> at 0x7fa496287b30>
20818,2022-05-17 09:00:00,<function <lambda> at 0x7fa4962879f0>,<function <lambda> at 0x7fa496287a90>,<function <lambda> at 0x7fa496287b30>
20819,2022-05-17 10:00:00,<function <lambda> at 0x7fa4962879f0>,<function <lambda> at 0x7fa496287a90>,<function <lambda> at 0x7fa496287b30>
20820,2022-05-17 11:00:00,<function <lambda> at 0x7fa4962879f0>,<function <lambda> at 0x7fa496287a90>,<function <lambda> at 0x7fa496287b30>
20821,2022-05-17 12:00:00,<function <lambda> at 0x7fa4962879f0>,<function <lambda> at 0x7fa496287a90>,<function <lambda> at 0x7fa496287b30>
20822,2022-05-17 13:00:00,<function <lambda> at 0x7fa4962879f0>,<function <lambda> at 0x7fa496287a90>,<function <lambda> at 0x7fa496287b30>
20823,2022-05-17 14:00:00,<function <lambda> at 0x7fa4962879f0>,<function <lambda> at 0x7fa496287a90>,<function <lambda> at 0x7fa496287b30>
20824,2022-05-17 15:00:00,<function <lambda> at 0x7fa4962879f0>,<function <lambda> at 0x7fa496287a90>,<function <lambda> at 0x7fa496287b30>
20825,2022-05-17 16:00:00,<function <lambda> at 0x7fa4962879f0>,<function <lambda> at 0x7fa496287a90>,<function <lambda> at 0x7fa496287b30>
20826,2022-05-17 17:00:00,<function <lambda> at 0x7fa4962879f0>,<function <lambda> at 0x7fa496287a90>,<function <lambda> at 0x7fa496287b30>
20827,2022-05-17 18:00:00,<function <lambda> at 0x7fa4962879f0>,<function <lambda> at 0x7fa496287a90>,<function <lambda> at 0x7fa496287b30>
20828,2022-05-17 19:00:00,<function <lambda> at 0x7fa4962879f0>,<function <lambda> at 0x7fa496287a90>,<function <lambda> at 0x7fa496287b30>
20829,2022-05-17 20:00:00,<function <lambda> at 0x7fa4962879f0>,<function <lambda> at 0x7fa496287a90>,<function <lambda> at 0x7fa496287b30>
20830,2022-05-17 21:00:00,<function <lambda> at 0x7fa4962879f0>,<function <lambda> at 0x7fa496287a90>,<function <lambda> at 0x7fa496287b30>
20831,2022-05-17 22:00:00,<function <lambda> at 0x7fa4962879f0>,<function <lambda> at 0x7fa496287a90>,<function <lambda> at 0x7fa496287b30>
20832,2022-05-17 23:00:00,<function <lambda> at 0x7fa4962879f0>,<function <lambda> at 0x7fa496287a90>,<function <lambda> at 0x7fa496287b30>
20833,2022-05-18 00:00:00,<function <lambda> at 0x7fa4962879f0>,<function <lambda> at 0x7fa496287a90>,<function <lambda> at 0x7fa496287b30>
20834,2022-05-18 01:00:00,<function <lambda> at 0x7fa4962879f0>,<function <lambda> at 0x7fa496287a90>,<function <lambda> at 0x7fa496287b30>
20835,2022-05-18 02:00:00,<function <lambda> at 0x7fa4962879f0>,<function <lambda> at 0x7fa496287a90>,<function <lambda> at 0x7fa496287b30>
20836,2022-05-18 03:00:00,<function <lambda> at 0x7fa4962879f0>,<function <lambda> at 0x7fa496287a90>,<function <lambda> at 0x7fa496287b30>
20837,2022-05-18 04:00:00,<function <lambda> at 0x7fa4962879f0>,<function <lambda> at 0x7fa496287a90>,<function <lambda> at 0x7fa496287b30>
20838,2022-05-18 05:00:00,<function <lambda> at 0x7fa4962879f0>,<function <lambda> at 0x7fa496287a90>,<function <lambda> at 0x7fa496287b30>
20839,2022-05-18 06:00:00,<function <lambda> at 0x7fa4962879f0>,<function <lambda> at 0x7fa496287a90>,<function <lambda> at 0x7fa496287b30>
20840,2022-05-18 07:00:00,<function <lambda> at 0x7fa4962879f0>,<function <lambda> at 0x7fa496287a90>,<function <lambda> at 0x7fa496287b30>
20841,2022-05-18 08:00:00,<function <lambda> at 0x7fa4962879f0>,<function <lambda> at 0x7fa496287a90>,<function <lambda> at 0x7fa496287b30>
20842,2022-05-18 09:00:00,<function <lambda> at 0x7fa4962879f0>,<function <lambda> at 0x7fa496287a90>,<function <lambda> at 0x7fa496287b30>
20843,2022-05-18 10:00:00,<function <lambda> at 0x7fa4962879f0>,<function <lambda> at 0x7fa496287a90>,<function <lambda> at 0x7fa496287b30>
20844,2022-05-18 11:00:00,<function <lambda> at 0x7fa4962879f0>,<function <lambda> at 0x7fa496287a90>,<function <lambda> at 0x7fa496287b30>
20845,2022-05-18 12:00:00,<function <lambda> at 0x7fa4962879f0>,<function <lambda> at 0x7fa496287a90>,<function <lambda> at 0x7fa496287b30>
20846,2022-05-18 13:00:00,<function <lambda> at 0x7fa4962879f0>,<function <lambda> at 0x7fa496287a90>,<function <lambda> at 0x7fa496287b30>
20847,2022-05-18 14:00:00,<function <lambda> at 0x7fa4962879f0>,<function <lambda> at 0x7fa496287a90>,<function <lambda> at 0x7fa496287b30>
20848,2022-05-18 15:00:00,<function <lambda> at 0x7fa4962879f0>,<function <lambda> at 0x7fa496287a90>,<function <lambda> at 0x7fa496287b30>
20849,2022-05-18 16:00:00,<function <lambda> at 0x7fa4962879f0>,<function <lambda> at 0x7fa496287a90>,<function <lambda> at 0x7fa496287b30>
20850,2022-05-18 17:00:00,<function <lambda> at 0x7fa4962879f0>,<function <lambda> at 0x7fa496287a90>,<function <lambda> at 0x7fa496287b30>
20851,2022-05-18 18:00:00,<function <lambda> at 0x7fa4962879f0>,<function <lambda> at 0x7fa496287a90>,<function <lambda> at 0x7fa496287b30>
20852,2022-05-18 19:00:00,<function <lambda> at 0x7fa4962879f0>,<function <lambda> at 0x7fa496287a90>,<function <lambda> at 0x7fa496287b30>
20853,2022-05-18 20:00:00,<function <lambda> at 0x7fa4962879f0>,<function <lambda> at 0x7fa496287a90>,<function <lambda> at 0x7fa496287b30>
20854,2022-05-18 21:00:00,<function <lambda> at 0x7fa4962879f0>,<function <lambda> at 0x7fa496287a90>,<function <lambda> at 0x7fa496287b30>
20855,2022-05-18 22:00:00,<function <lambda> at 0x7fa4962879f0>,<function <lambda> at 0x7fa496287a90>,<function <lambda> at 0x7fa496287b30>
20856,2022-05-18 23:00:00,<function <lambda> at 0x7fa4962879f0>,<function <lambda> at 0x7fa496287a90>,<function <lambda> at 0x7fa496287b30>
20857,2022-05-19 00:00:00,<function <lambda> at 0x7fa4962879f0>,<function <lambda> at 0x7fa496287a90>,<function <lambda> at 0x7fa496287b30>
20858,2022-05-19 01:00:00,<function <lambda> at 0x7fa4962879f0>,<function <lambda> at 0x7fa496287a90>,<function <lambda> at 0x7fa496287b30>
20859,2022-05-19 02:00:00,<function <lambda> at 0x7fa4962879f0>,<function <lambda> at 0x7fa496287a90>,<function <lambda> at 0x7fa496287b30>
20860,2022-05-19 03:00:00,<function <lambda> at 0x7fa4962879f0>,<function <lambda> at 0x7fa496287a90>,<function <lambda> at 0x7fa496287b30>
20861,2022-05-19 04:00:00,<function <lambda> at 0x7fa4962879f0>,<function <lambda> at 0x7fa496287a90>,<function <lambda> at 0x7fa496287b30>
20862,2022-05-19 05:00:00,<function <lambda> at 0x7fa4962879f0>,<function <lambda> at 0x7fa496287a90>,<function <lambda> at 0x7fa496287b30>
20863,2022-05-19 06:00:00,<function <lambda> at 0x7fa4962879f0>,<function <lambda> at 0x7fa496287a90>,<function <lambda> at 0x7fa496287b30>
20864,2022-05-19 07:00:00,<function <lambda> at 0x7fa4962879f0>,<function <lambda> at 0x7fa496287a90>,<function <lambda> at 0x7fa496287b30>
20865,2022-05-19 08:00:00,<function <lambda> at 0x7fa4962879f0>,<function <lambda> at 0x7fa496287a90>,<function <lambda> at 0x7fa496287b30>
20866,2022-05-19 09:00:00,<function <lambda> at 0x7fa4962879f0>,<function <lambda> at 0x7fa496287a90>,<function <lambda> at 0x7fa496287b30>
20867,2022-05-19 10:00:00,<function <lambda> at 0x7fa4962879f0>,<function <lambda> at 0x7fa496287a90>,<function <lambda> at 0x7fa496287b30>
20868,2022-05-19 11:00:00,<function <lambda> at 0x7fa4962879f0>,<function <lambda> at 0x7fa496287a90>,<function <lambda> at 0x7fa496287b30>
20869,2022-05-19 12:00:00,<function <lambda> at 0x7fa4962879f0>,<function <lambda> at 0x7fa496287a90>,<function <lambda> at 0x7fa496287b30>
20870,2022-05-19 13:00:00,<function <lambda> at 0x7fa4962879f0>,<function <lambda> at 0x7fa496287a90>,<function <lambda> at 0x7fa496287b30>
20871,2022-05-19 14:00:00,<function <lambda> at 0x7fa4962879f0>,<function <lambda> at 0x7fa496287a90>,<function <lambda> at 0x7fa496287b30>
20872,2022-05-19 15:00:00,<function <lambda> at 0x7fa4962879f0>,<function <lambda> at 0x7fa496287a90>,<function <lambda> at 0x7fa496287b30>
20873,2022-05-19 16:00:00,<function <lambda> at 0x7fa4962879f0>,<function <lambda> at 0x7fa496287a90>,<function <lambda> at 0x7fa496287b30>
20874,2022-05-19 17:00:00,<function <lambda> at 0x7fa4962879f0>,<function <lambda> at 0x7fa496287a90>,<function <lambda> at 0x7fa496287b30>
20875,2022-05-19 18:00:00,<function <lambda> at 0x7fa4962879f0>,<function <lambda> at 0x7fa496287a90>,<function <lambda> at 0x7fa496287b30>
20876,2022-05-19 19:00:00,<function <lambda> at 0x7fa4962879f0>,<function <lambda> at 0x7fa496287a90>,<function <lambda> at 0x7fa496287b30>
20877,2022-05-19 20:00:00,<function <lambda> at 0x7fa4962879f0>,<function <lambda> at 0x7fa496287a90>,<function <lambda> at 0x7fa496287b30>
20878,2022-05-19 21:00:00,<function <lambda> at 0x7fa4962879f0>,<function <lambda> at 0x7fa496287a90>,<function <lambda> at 0x7fa496287b30>
20879,2022-05-19 22:00:00,<function <lambda> at 0x7fa4962879f0>,<function <lambda> at 0x7fa496287a90>,<function <lambda> at 0x7fa496287b30>
20880,2022-05-19 23:00:00,<function <lambda> at 0x7fa4962879f0>,<function <lambda> at 0x7fa496287a90>,<function <lambda> at 0x7fa496287b30>
20881,2022-05-20 00:00:00,<function <lambda> at 0x7fa4962879f0>,<function <lambda> at 0x7fa496287a90>,<function <lambda> at 0x7fa496287b30>
20882,2022-05-20 01:00:00,<function <lambda> at 0x7fa4962879f0>,<function <lambda> at 0x7fa496287a90>,<function <lambda> at 0x7fa496287b30>
20883,2022-05-20 02:00:00,<function <lambda> at 0x7fa4962879f0>,<function <lambda> at 0x7fa496287a90>,<function <lambda> at 0x7fa496287b30>
20884,2022-05-20 03:00:00,<function <lambda> at 0x7fa4962879f0>,<function <lambda> at 0x7fa496287a90>,<function <lambda> at 0x7fa496287b30>
20885,2022-05-20 04:00:00,<function <lambda> at 0x7fa4962879f0>,<function <lambda> at 0x7fa496287a90>,<function <lambda> at 0x7fa496287b30>
20886,2022-05-20 05:00:00,<function <lambda> at 0x7fa4962879f0>,<function <lambda> at 0x7fa496287a90>,<function <lambda> at 0x7fa496287b30>
20887,2022-05-20 06:00:00,<function <lambda> at 0x7fa4962879f0>,<function <lambda> at 0x7fa496287a90>,<function <lambda> at 0x7fa496287b30>
20888,2022-05-20 07:00:00,<function <lambda> at 0x7fa4962879f0>,<function <lambda> at 0x7fa496287a90>,<function <lambda> at 0x7fa496287b30>
20889,2022-05-20 08:00:00,<function <lambda> at 0x7fa4962879f0>,<function <lambda> at 0x7fa496287a90>,<function <lambda> at 0x7fa496287b30>
20890,2022-05-20 09:00:00,<function <lambda> at 0x7fa4962879f0>,<function <lambda> at 0x7fa496287a90>,<function <lambda> at 0x7fa496287b30>
20891,2022-05-20 10:00:00,<function <lambda> at 0x7fa4962879f0>,<function <lambda> at 0x7fa496287a90>,<function <lambda> at 0x7fa496287b30>
20892,2022-05-20 11:00:00,<function <lambda> at 0x7fa4962879f0>,<function <lambda> at 0x7fa496287a90>,<function <lambda> at 0x7fa496287b30>
20893,2022-05-20 12:00:00,<function <lambda> at 0x7fa4962879f0>,<function <lambda> at 0x7fa496287a90>,<function <lambda> at 0x7fa496287b30>
20894,2022-05-20 13:00:00,<function <lambda> at 0x7fa4962879f0>,<function <lambda> at 0x7fa496287a90>,<function <lambda> at 0x7fa496287b30>
20895,2022-05-20 14:00:00,<function <lambda> at 0x7fa4962879f0>,<function <lambda> at 0x7fa496287a90>,<function <lambda> at 0x7fa496287b30>
20896,2022-05-20 15:00:00,<function <lambda> at 0x7fa4962879f0>,<function <lambda> at 0x7fa496287a90>,<function <lambda> at 0x7fa496287b30>
20897,2022-05-20 16:00:00,<function <lambda> at 0x7fa4962879f0>,<function <lambda> at 0x7fa496287a90>,<function <lambda> at 0x7fa496287b30>
20898,2022-05-20 17:00:00,<function <lambda> at 0x7fa4962879f0>,<function <lambda> at 0x7fa496287a90>,<function <lambda> at 0x7fa496287b30>
20899,2022-05-20 18:00:00,<function <lambda> at 0x7fa4962879f0>,<function <lambda> at 0x7fa496287a90>,<function <lambda> at 0x7fa496287b30>
20900,2022-05-20 19:00:00,<function <lambda> at 0x7fa4962879f0>,<function <lambda> at 0x7fa496287a90>,<function <lambda> at 0x7fa496287b30>
20901,2022-05-20 20:00:00,<function <lambda> at 0x7fa4962879f0>,<function <lambda> at 0x7fa496287a90>,<function <lambda> at 0x7fa496287b30>
20902,2022-05-20 21:00:00,<function <lambda> at 0x7fa4962879f0>,<function <lambda> at 0x7fa496287a90>,<function <lambda> at 0x7fa496287b30>
20903,2022-05-20 22:00:00,<function <lambda> at 0x7fa4962879f0>,<function <lambda> at 0x7fa496287a90>,<function <lambda> at 0x7fa496287b30>
20904,2022-05-20 23:00:00,<function <lambda> at 0x7fa4962879f0>,<function <lambda> at 0x7fa496287a90>,<function <lambda> at 0x7fa496287b30>
20905,2022-05-21 00:00:00,<function <lambda> at 0x7fa4962879f0>,<function <lambda> at 0x7fa496287a90>,<function <lambda> at 0x7fa496287b30>
20906,2022-05-21 01:00:00,<function <lambda> at 0x7fa4962879f0>,<function <lambda> at 0x7fa496287a90>,<function <lambda> at 0x7fa496287b30>
20907,2022-05-21 02:00:00,<function <lambda> at 0x7fa4962879f0>,<function <lambda> at 0x7fa496287a90>,<function <lambda> at 0x7fa496287b30>
20908,2022-05-21 03:00:00,<function <lambda> at 0x7fa4962879f0>,<function <lambda> at 0x7fa496287a90>,<function <lambda> at 0x7fa496287b30>
20909,2022-05-21 04:00:00,<function <lambda> at 0x7fa4962879f0>,<function <lambda> at 0x7fa496287a90>,<function <lambda> at 0x7fa496287b30>
20910,2022-05-21 05:00:00,<function <lambda> at 0x7fa4962879f0>,<function <lambda> at 0x7fa496287a90>,<function <lambda> at 0x7fa496287b30>
20911,2022-05-21 06:00:00,<function <lambda> at 0x7fa4962879f0>,<function <lambda> at 0x7fa496287a90>,<function <lambda> at 0x7fa496287b30>
20912,2022-05-21 07:00:00,<function <lambda> at 0x7fa4962879f0>,<function <lambda> at 0x7fa496287a90>,<function <lambda> at 0x7fa496287b30>
20913,2022-05-21 08:00:00,<function <lambda> at 0x7fa4962879f0>,<function <lambda> at 0x7fa496287a90>,<function <lambda> at 0x7fa496287b30>
20914,2022-05-21 09:00:00,<function <lambda> at 0x7fa4962879f0>,<function <lambda> at 0x7fa496287a90>,<function <lambda> at 0x7fa496287b30>
20915,2022-05-21 10:00:00,<function <lambda> at 0x7fa4962879f0>,<function <lambda> at 0x7fa496287a90>,<function <lambda> at 0x7fa496287b30>
20916,2022-05-21 11:00:00,<function <lambda> at 0x7fa4962879f0>,<function <lambda> at 0x7fa496287a90>,<function <lambda> at 0x7fa496287b30>
20917,2022-05-21 12:00:00,<function <lambda> at 0x7fa4962879f0>,<function <lambda> at 0x7fa496287a90>,<function <lambda> at 0x7fa496287b30>
20918,2022-05-21 13:00:00,<function <lambda> at 0x7fa4962879f0>,<function <lambda> at 0x7fa496287a90>,<function <lambda> at 0x7fa496287b30>
20919,2022-05-21 14:00:00,<function <lambda> at 0x7fa4962879f0>,<function <lambda> at 0x7fa496287a90>,<function <lambda> at 0x7fa496287b30>
20920,2022-05-21 15:00:00,<function <lambda> at 0x7fa4962879f0>,<function <lambda> at 0x7fa496287a90>,<function <lambda> at 0x7fa496287b30>
20921,2022-05-21 16:00:00,<function <lambda> at 0x7fa4962879f0>,<function <lambda> at 0x7fa496287a90>,<function <lambda> at 0x7fa496287b30>
20922,2022-05-21 17:00:00,<function <lambda> at 0x7fa4962879f0>,<function <lambda> at 0x7fa496287a90>,<function <lambda> at 0x7fa496287b30>
20923,2022-05-21 18:00:00,<function <lambda> at 0x7fa4962879f0>,<function <lambda> at 0x7fa496287a90>,<function <lambda> at 0x7fa496287b30>
20924,2022-05-21 19:00:00,<function <lambda> at 0x7fa4962879f0>,<function <lambda> at 0x7fa496287a90>,<function <lambda> at 0x7fa496287b30>
20925,2022-05-21 20:00:00,<function <lambda> at 0x7fa4962879f0>,<function <lambda> at 0x7fa496287a90>,<function <lambda> at 0x7fa496287b30>
20926,2022-05-21 21:00:00,<function <lambda> at 0x7fa4962879f0>,<function <lambda> at 0x7fa496287a90>,<function <lambda> at 0x7fa496287b30>
20927,2022-05-21 22:00:00,<function <lambda> at 0x7fa4962879f0>,<function <lambda> at 0x7fa496287a90>,<function <lambda> at 0x7fa496287b30>
20928,2022-05-21 23:00:00,<function <lambda> at 0x7fa4962879f0>,<function <lambda> at 0x7fa496287a90>,<function <lambda> at 0x7fa496287b30>
20929,2022-05-22 00:00:00,<function <lambda> at 0x7fa4962879f0>,<function <lambda> at 0x7fa496287a90>,<function <lambda> at 0x7fa496287b30>
20930,2022-05-22 01:00:00,<function <lambda> at 0x7fa4962879f0>,<function <lambda> at 0x7fa496287a90>,<function <lambda> at 0x7fa496287b30>
20931,2022-05-22 02:00:00,<function <lambda> at 0x7fa4962879f0>,<function <lambda> at 0x7fa496287a90>,<function <lambda> at 0x7fa496287b30>
20932,2022-05-22 03:00:00,<function <lambda> at 0x7fa4962879f0>,<function <lambda> at 0x7fa496287a90>,<function <lambda> at 0x7fa496287b30>
20933,2022-05-22 04:00:00,<function <lambda> at 0x7fa4962879f0>,<function <lambda> at 0x7fa496287a90>,<function <lambda> at 0x7fa496287b30>
20934,2022-05-22 05:00:00,<function <lambda> at 0x7fa4962879f0>,<function <lambda> at 0x7fa496287a90>,<function <lambda> at 0x7fa496287b30>
20935,2022-05-22 06:00:00,<function <lambda> at 0x7fa4962879f0>,<function <lambda> at 0x7fa496287a90>,<function <lambda> at 0x7fa496287b30>
20936,2022-05-22 07:00:00,<function <lambda> at 0x7fa4962879f0>,<function <lambda> at 0x7fa496287a90>,<function <lambda> at 0x7fa496287b30>
20937,2022-05-22 08:00:00,<function <lambda> at 0x7fa4962879f0>,<function <lambda> at 0x7fa496287a90>,<function <lambda> at 0x7fa496287b30>
20938,2022-05-22 09:00:00,<function <lambda> at 0x7fa4962879f0>,<function <lambda> at 0x7fa496287a90>,<function <lambda> at 0x7fa496287b30>
20939,2022-05-22 10:00:00,<function <lambda> at 0x7fa4962879f0>,<function <lambda> at 0x7fa496287a90>,<function <lambda> at 0x7fa496287b30>
20940,2022-05-22 11:00:00,<function <lambda> at 0x7fa4962879f0>,<function <lambda> at 0x7fa496287a90>,<function <lambda> at 0x7fa496287b30>
20941,2022-05-22 12:00:00,<function <lambda> at 0x7fa4962879f0>,<function <lambda> at 0x7fa496287a90>,<function <lambda> at 0x7fa496287b30>
20942,2022-05-22 13:00:00,<function <lambda> at 0x7fa4962879f0>,<function <lambda> at 0x7fa496287a90>,<function <lambda> at 0x7fa496287b30>
20943,2022-05-22 14:00:00,<function <lambda> at 0x7fa4962879f0>,<function <lambda> at 0x7fa496287a90>,<function <lambda> at 0x7fa496287b30>
20944,2022-05-22 15:00:00,<function <lambda> at 0x7fa4962879f0>,<function <lambda> at 0x7fa496287a90>,<function <lambda> at 0x7fa496287b30>
20945,2022-05-22 16:00:00,<function <lambda> at 0x7fa4962879f0>,<function <lambda> at 0x7fa496287a90>,<function <lambda> at 0x7fa496287b30>
20946,2022-05-22 17:00:00,<function <lambda> at 0x7fa4962879f0>,<function <lambda> at 0x7fa496287a90>,<function <lambda> at 0x7fa496287b30>
20947,2022-05-22 18:00:00,<function <lambda> at 0x7fa4962879f0>,<function <lambda> at 0x7fa496287a90>,<function <lambda> at 0x7fa496287b30>
20948,2022-05-22 19:00:00,<function <lambda> at 0x7fa4962879f0>,<function <lambda> at 0x7fa496287a90>,<function <lambda> at 0x7fa496287b30>
20949,2022-05-22 20:00:00,<function <lambda> at 0x7fa4962879f0>,<function <lambda> at 0x7fa496287a90>,<function <lambda> at 0x7fa496287b30>
20950,2022-05-22 21:00:00,<function <lambda> at 0x7fa4962879f0>,<function <lambda> at 0x7fa496287a90>,<function <lambda> at 0x7fa496287b30>
20951,2022-05-22 22:00:00,<function <lambda> at 0x7fa4962879f0>,<function <lambda> at 0x7fa496287a90>,<function <lambda> at 0x7fa496287b30>
20952,2022-05-22 23:00:00,<function <lambda> at 0x7fa4962879f0>,<function <lambda> at 0x7fa496287a90>,<function <lambda> at 0x7fa496287b30>
20953,2022-05-23 00:00:00,<function <lambda> at 0x7fa4962879f0>,<function <lambda> at 0x7fa496287a90>,<function <lambda> at 0x7fa496287b30>
20954,2022-05-23 01:00:00,<function <lambda> at 0x7fa4962879f0>,<function <lambda> at 0x7fa496287a90>,<function <lambda> at 0x7fa496287b30>
20955,2022-05-23 02:00:00,<function <lambda> at 0x7fa4962879f0>,<function <lambda> at 0x7fa496287a90>,<function <lambda> at 0x7fa496287b30>
20956,2022-05-23 03:00:00,<function <lambda> at 0x7fa4962879f0>,<function <lambda> at 0x7fa496287a90>,<function <lambda> at 0x7fa496287b30>
20957,2022-05-23 04:00:00,<function <lambda> at 0x7fa4962879f0>,<function <lambda> at 0x7fa496287a90>,<function <lambda> at 0x7fa496287b30>
20958,2022-05-23 05:00:00,<function <lambda> at 0x7fa4962879f0>,<function <lambda> at 0x7fa496287a90>,<function <lambda> at 0x7fa496287b30>
20959,2022-05-23 06:00:00,<function <lambda> at 0x7fa4962879f0>,<function <lambda> at 0x7fa496287a90>,<function <lambda> at 0x7fa496287b30>
20960,2022-05-23 07:00:00,<function <lambda> at 0x7fa4962879f0>,<function <lambda> at 0x7fa496287a90>,<function <lambda> at 0x7fa496287b30>
20961,2022-05-23 08:00:00,<function <lambda> at 0x7fa4962879f0>,<function <lambda> at 0x7fa496287a90>,<function <lambda> at 0x7fa496287b30>
20962,2022-05-23 09:00:00,<function <lambda> at 0x7fa4962879f0>,<function <lambda> at 0x7fa496287a90>,<function <lambda> at 0x7fa496287b30>
20963,2022-05-23 10:00:00,<function <lambda> at 0x7fa4962879f0>,<function <lambda> at 0x7fa496287a90>,<function <lambda> at 0x7fa496287b30>
20964,2022-05-23 11:00:00,<function <lambda> at 0x7fa4962879f0>,<function <lambda> at 0x7fa496287a90>,<function <lambda> at 0x7fa496287b30>
20965,2022-05-23 12:00:00,<function <lambda> at 0x7fa4962879f0>,<function <lambda> at 0x7fa496287a90>,<function <lambda> at 0x7fa496287b30>
20966,2022-05-23 13:00:00,<function <lambda> at 0x7fa4962879f0>,<function <lambda> at 0x7fa496287a90>,<function <lambda> at 0x7fa496287b30>
20967,2022-05-23 14:00:00,<function <lambda> at 0x7fa4962879f0>,<function <lambda> at 0x7fa496287a90>,<function <lambda> at 0x7fa496287b30>
20968,2022-05-23 15:00:00,<function <lambda> at 0x7fa4962879f0>,<function <lambda> at 0x7fa496287a90>,<function <lambda> at 0x7fa496287b30>
20969,2022-05-23 16:00:00,<function <lambda> at 0x7fa4962879f0>,<function <lambda> at 0x7fa496287a90>,<function <lambda> at 0x7fa496287b30>
20970,2022-05-23 17:00:00,<function <lambda> at 0x7fa4962879f0>,<function <lambda> at 0x7fa496287a90>,<function <lambda> at 0x7fa496287b30>
20971,2022-05-23 18:00:00,<function <lambda> at 0x7fa4962879f0>,<function <lambda> at 0x7fa496287a90>,<function <lambda> at 0x7fa496287b30>
20972,2022-05-23 19:00:00,<function <lambda> at 0x7fa4962879f0>,<function <lambda> at 0x7fa496287a90>,<function <lambda> at 0x7fa496287b30>
20973,2022-05-23 20:00:00,<function <lambda> at 0x7fa4962879f0>,<function <lambda> at 0x7fa496287a90>,<function <lambda> at 0x7fa496287b30>
20974,2022-05-23 21:00:00,<function <lambda> at 0x7fa4962879f0>,<function <lambda> at 0x7fa496287a90>,<function <lambda> at 0x7fa496287b30>
20975,2022-05-23 22:00:00,<function <lambda> at 0x7fa4962879f0>,<function <lambda> at 0x7fa496287a90>,<function <lambda> at 0x7fa496287b30>
20976,2022-05-23 23:00:00,<function <lambda> at 0x7fa4962879f0>,<function <lambda> at 0x7fa496287a90>,<function <lambda> at 0x7fa496287b30>
20977,2022-05-24 00:00:00,<function <lambda> at 0x7fa4962879f0>,<function <lambda> at 0x7fa496287a90>,<function <lambda> at 0x7fa496287b30>
20978,2022-05-24 01:00:00,<function <lambda> at 0x7fa4962879f0>,<function <lambda> at 0x7fa496287a90>,<function <lambda> at 0x7fa496287b30>
20979,2022-05-24 02:00:00,<function <lambda> at 0x7fa4962879f0>,<function <lambda> at 0x7fa496287a90>,<function <lambda> at 0x7fa496287b30>
20980,2022-05-24 03:00:00,<function <lambda> at 0x7fa4962879f0>,<function <lambda> at 0x7fa496287a90>,<function <lambda> at 0x7fa496287b30>
20981,2022-05-24 04:00:00,<function <lambda> at 0x7fa4962879f0>,<function <lambda> at 0x7fa496287a90>,<function <lambda> at 0x7fa496287b30>
20982,2022-05-24 05:00:00,<function <lambda> at 0x7fa4962879f0>,<function <lambda> at 0x7fa496287a90>,<function <lambda> at 0x7fa496287b30>
20983,2022-05-24 06:00:00,<function <lambda> at 0x7fa4962879f0>,<function <lambda> at 0x7fa496287a90>,<function <lambda> at 0x7fa496287b30>
20984,2022-05-24 07:00:00,<function <lambda> at 0x7fa4962879f0>,<function <lambda> at 0x7fa496287a90>,<function <lambda> at 0x7fa496287b30>
20985,2022-05-24 08:00:00,<function <lambda> at 0x7fa4962879f0>,<function <lambda> at 0x7fa496287a90>,<function <lambda> at 0x7fa496287b30>
20986,2022-05-24 09:00:00,<function <lambda> at 0x7fa4962879f0>,<function <lambda> at 0x7fa496287a90>,<function <lambda> at 0x7fa496287b30>
20987,2022-05-24 10:00:00,<function <lambda> at 0x7fa4962879f0>,<function <lambda> at 0x7fa496287a90>,<function <lambda> at 0x7fa496287b30>
20988,2022-05-24 11:00:00,<function <lambda> at 0x7fa4962879f0>,<function <lambda> at 0x7fa496287a90>,<function <lambda> at 0x7fa496287b30>
20989,2022-05-24 12:00:00,<function <lambda> at 0x7fa4962879f0>,<function <lambda> at 0x7fa496287a90>,<function <lambda> at 0x7fa496287b30>
20990,2022-05-24 13:00:00,<function <lambda> at 0x7fa4962879f0>,<function <lambda> at 0x7fa496287a90>,<function <lambda> at 0x7fa496287b30>
20991,2022-05-24 14:00:00,<function <lambda> at 0x7fa4962879f0>,<function <lambda> at 0x7fa496287a90>,<function <lambda> at 0x7fa496287b30>
20992,2022-05-24 15:00:00,<function <lambda> at 0x7fa4962879f0>,<function <lambda> at 0x7fa496287a90>,<function <lambda> at 0x7fa496287b30>
20993,2022-05-24 16:00:00,<function <lambda> at 0x7fa4962879f0>,<function <lambda> at 0x7fa496287a90>,<function <lambda> at 0x7fa496287b30>
20994,2022-05-24 17:00:00,<function <lambda> at 0x7fa4962879f0>,<function <lambda> at 0x7fa496287a90>,<function <lambda> at 0x7fa496287b30>
20995,2022-05-24 18:00:00,<function <lambda> at 0x7fa4962879f0>,<function <lambda> at 0x7fa496287a90>,<function <lambda> at 0x7fa496287b30>
20996,2022-05-24 19:00:00,<function <lambda> at 0x7fa4962879f0>,<function <lambda> at 0x7fa496287a90>,<function <lambda> at 0x7fa496287b30>
20997,2022-05-24 20:00:00,<function <lambda> at 0x7fa4962879f0>,<function <lambda> at 0x7fa496287a90>,<function <lambda> at 0x7fa496287b30>
20998,2022-05-24 21:00:00,<function <lambda> at 0x7fa4962879f0>,<function <lambda> at 0x7fa496287a90>,<function <lambda> at 0x7fa496287b30>
20999,2022-05-24 22:00:00,<function <lambda> at 0x7fa4962879f0>,<function <lambda> at 0x7fa496287a90>,<function <lambda> at 0x7fa496287b30>
21000,2022-05-24 23:00:00,<function <lambda> at 0x7fa4962879f0>,<function <lambda> at 0x7fa496287a90>,<function <lambda> at 0x7fa496287b30>
21001,2022-05-25 00:00:00,<function <lambda> at 0x7fa4962879f0>,<function <lambda> at 0x7fa496287a90>,<function <lambda> at 0x7fa496287b30>
21002,2022-05-25 01:00:00,<function <lambda> at 0x7fa4962879f0>,<function <lambda> at 0x7fa496287a90>,<function <lambda> at 0x7fa496287b30>
21003,2022-05-25 02:00:00,<function <lambda> at 0x7fa4962879f0>,<function <lambda> at 0x7fa496287a90>,<function <lambda> at 0x7fa496287b30>
21004,2022-05-25 03:00:00,<function <lambda> at 0x7fa4962879f0>,<function <lambda> at 0x7fa496287a90>,<function <lambda> at 0x7fa496287b30>
21005,2022-05-25 04:00:00,<function <lambda> at 0x7fa4962879f0>,<function <lambda> at 0x7fa496287a90>,<function <lambda> at 0x7fa496287b30>
21006,2022-05-25 05:00:00,<function <lambda> at 0x7fa4962879f0>,<function <lambda> at 0x7fa496287a90>,<function <lambda> at 0x7fa496287b30>
21007,2022-05-25 06:00:00,<function <lambda> at 0x7fa4962879f0>,<function <lambda> at 0x7fa496287a90>,<function <lambda> at 0x7fa496287b30>
21008,2022-05-25 07:00:00,<function <lambda> at 0x7fa4962879f0>,<function <lambda> at 0x7fa496287a90>,<function <lambda> at 0x7fa496287b30>
21009,2022-05-25 08:00:00,<function <lambda> at 0x7fa4962879f0>,<function <lambda> at 0x7fa496287a90>,<function <lambda> at 0x7fa496287b30>
21010,2022-05-25 09:00:00,<function <lambda> at 0x7fa4962879f0>,<function <lambda> at 0x7fa496287a90>,<function <lambda> at 0x7fa496287b30>
21011,2022-05-25 10:00:00,<function <lambda> at 0x7fa4962879f0>,<function <lambda> at 0x7fa496287a90>,<function <lambda> at 0x7fa496287b30>
21012,2022-05-25 11:00:00,<function <lambda> at 0x7fa4962879f0>,<function <lambda> at 0x7fa496287a90>,<function <lambda> at 0x7fa496287b30>
21013,2022-05-25 12:00:00,<function <lambda> at 0x7fa4962879f0>,<function <lambda> at 0x7fa496287a90>,<function <lambda> at 0x7fa496287b30>
21014,2022-05-25 13:00:00,<function <lambda> at 0x7fa4962879f0>,<function <lambda> at 0x7fa496287a90>,<function <lambda> at 0x7fa496287b30>
21015,2022-05-25 14:00:00,<function <lambda> at 0x7fa4962879f0>,<function <lambda> at 0x7fa496287a90>,<function <lambda> at 0x7fa496287b30>
21016,2022-05-25 15:00:00,<function <lambda> at 0x7fa4962879f0>,<function <lambda> at 0x7fa496287a90>,<function <lambda> at 0x7fa496287b30>
21017,2022-05-25 16:00:00,<function <lambda> at 0x7fa4962879f0>,<function <lambda> at 0x7fa496287a90>,<function <lambda> at 0x7fa496287b30>
21018,2022-05-25 17:00:00,<function <lambda> at 0x7fa4962879f0>,<function <lambda> at 0x7fa496287a90>,<function <lambda> at 0x7fa496287b30>
21019,2022-05-25 18:00:00,<function <lambda> at 0x7fa4962879f0>,<function <lambda> at 0x7fa496287a90>,<function <lambda> at 0x7fa496287b30>
21020,2022-05-25 19:00:00,<function <lambda> at 0x7fa4962879f0>,<function <lambda> at 0x7fa496287a90>,<function <lambda> at 0x7fa496287b30>
21021,2022-05-25 20:00:00,<function <lambda> at 0x7fa4962879f0>,<function <lambda> at 0x7fa496287a90>,<function <lambda> at 0x7fa496287b30>
21022,2022-05-25 21:00:00,<function <lambda> at 0x7fa4962879f0>,<function <lambda> at 0x7fa496287a90>,<function <lambda> at 0x7fa496287b30>
21023,2022-05-25 22:00:00,<function <lambda> at 0x7fa4962879f0>,<function <lambda> at 0x7fa496287a90>,<function <lambda> at 0x7fa496287b30>
21024,2022-05-25 23:00:00,<function <lambda> at 0x7fa4962879f0>,<function <lambda> at 0x7fa496287a90>,<function <lambda> at 0x7fa496287b30>
21025,2022-05-26 00:00:00,<function <lambda> at 0x7fa4962879f0>,<function <lambda> at 0x7fa496287a90>,<function <lambda> at 0x7fa496287b30>
21026,2022-05-26 01:00:00,<function <lambda> at 0x7fa4962879f0>,<function <lambda> at 0x7fa496287a90>,<function <lambda> at 0x7fa496287b30>
21027,2022-05-26 02:00:00,<function <lambda> at 0x7fa4962879f0>,<function <lambda> at 0x7fa496287a90>,<function <lambda> at 0x7fa496287b30>
21028,2022-05-26 03:00:00,<function <lambda> at 0x7fa4962879f0>,<function <lambda> at 0x7fa496287a90>,<function <lambda> at 0x7fa496287b30>
21029,2022-05-26 04:00:00,<function <lambda> at 0x7fa4962879f0>,<function <lambda> at 0x7fa496287a90>,<function <lambda> at 0x7fa496287b30>
21030,2022-05-26 05:00:00,<function <lambda> at 0x7fa4962879f0>,<function <lambda> at 0x7fa496287a90>,<function <lambda> at 0x7fa496287b30>
21031,2022-05-26 06:00:00,<function <lambda> at 0x7fa4962879f0>,<function <lambda> at 0x7fa496287a90>,<function <lambda> at 0x7fa496287b30>
21032,2022-05-26 07:00:00,<function <lambda> at 0x7fa4962879f0>,<function <lambda> at 0x7fa496287a90>,<function <lambda> at 0x7fa496287b30>
21033,2022-05-26 08:00:00,<function <lambda> at 0x7fa4962879f0>,<function <lambda> at 0x7fa496287a90>,<function <lambda> at 0x7fa496287b30>
21034,2022-05-26 09:00:00,<function <lambda> at 0x7fa4962879f0>,<function <lambda> at 0x7fa496287a90>,<function <lambda> at 0x7fa496287b30>
21035,2022-05-26 10:00:00,<function <lambda> at 0x7fa4962879f0>,<function <lambda> at 0x7fa496287a90>,<function <lambda> at 0x7fa496287b30>
21036,2022-05-26 11:00:00,<function <lambda> at 0x7fa4962879f0>,<function <lambda> at 0x7fa496287a90>,<function <lambda> at 0x7fa496287b30>
21037,2022-05-26 12:00:00,<function <lambda> at 0x7fa4962879f0>,<function <lambda> at 0x7fa496287a90>,<function <lambda> at 0x7fa496287b30>
21038,2022-05-26 13:00:00,<function <lambda> at 0x7fa4962879f0>,<function <lambda> at 0x7fa496287a90>,<function <lambda> at 0x7fa496287b30>
21039,2022-05-26 14:00:00,<function <lambda> at 0x7fa4962879f0>,<function <lambda> at 0x7fa496287a90>,<function <lambda> at 0x7fa496287b30>
21040,2022-05-26 15:00:00,<function <lambda> at 0x7fa4962879f0>,<function <lambda> at 0x7fa496287a90>,<function <lambda> at 0x7fa496287b30>
21041,2022-05-26 16:00:00,<function <lambda> at 0x7fa4962879f0>,<function <lambda> at 0x7fa496287a90>,<function <lambda> at 0x7fa496287b30>
21042,2022-05-26 17:00:00,<function <lambda> at 0x7fa4962879f0>,<function <lambda> at 0x7fa496287a90>,<function <lambda> at 0x7fa496287b30>
21043,2022-05-26 18:00:00,<function <lambda> at 0x7fa4962879f0>,<function <lambda> at 0x7fa496287a90>,<function <lambda> at 0x7fa496287b30>
21044,2022-05-26 19:00:00,<function <lambda> at 0x7fa4962879f0>,<function <lambda> at 0x7fa496287a90>,<function <lambda> at 0x7fa496287b30>
21045,2022-05-26 20:00:00,<function <lambda> at 0x7fa4962879f0>,<function <lambda> at 0x7fa496287a90>,<function <lambda> at 0x7fa496287b30>
21046,2022-05-26 21:00:00,<function <lambda> at 0x7fa4962879f0>,<function <lambda> at 0x7fa496287a90>,<function <lambda> at 0x7fa496287b30>
21047,2022-05-26 22:00:00,<function <lambda> at 0x7fa4962879f0>,<function <lambda> at 0x7fa496287a90>,<function <lambda> at 0x7fa496287b30>
21048,2022-05-26 23:00:00,<function <lambda> at 0x7fa4962879f0>,<function <lambda> at 0x7fa496287a90>,<function <lambda> at 0x7fa496287b30>
21049,2022-05-27 00:00:00,<function <lambda> at 0x7fa4962879f0>,<function <lambda> at 0x7fa496287a90>,<function <lambda> at 0x7fa496287b30>
21050,2022-05-27 01:00:00,<function <lambda> at 0x7fa4962879f0>,<function <lambda> at 0x7fa496287a90>,<function <lambda> at 0x7fa496287b30>
21051,2022-05-27 02:00:00,<function <lambda> at 0x7fa4962879f0>,<function <lambda> at 0x7fa496287a90>,<function <lambda> at 0x7fa496287b30>
21052,2022-05-27 03:00:00,<function <lambda> at 0x7fa4962879f0>,<function <lambda> at 0x7fa496287a90>,<function <lambda> at 0x7fa496287b30>
21053,2022-05-27 04:00:00,<function <lambda> at 0x7fa4962879f0>,<function <lambda> at 0x7fa496287a90>,<function <lambda> at 0x7fa496287b30>
21054,2022-05-27 05:00:00,<function <lambda> at 0x7fa4962879f0>,<function <lambda> at 0x7fa496287a90>,<function <lambda> at 0x7fa496287b30>
21055,2022-05-27 06:00:00,<function <lambda> at 0x7fa4962879f0>,<function <lambda> at 0x7fa496287a90>,<function <lambda> at 0x7fa496287b30>
21056,2022-05-27 07:00:00,<function <lambda> at 0x7fa4962879f0>,<function <lambda> at 0x7fa496287a90>,<function <lambda> at 0x7fa496287b30>
21057,2022-05-27 08:00:00,<function <lambda> at 0x7fa4962879f0>,<function <lambda> at 0x7fa496287a90>,<function <lambda> at 0x7fa496287b30>
21058,2022-05-27 09:00:00,<function <lambda> at 0x7fa4962879f0>,<function <lambda> at 0x7fa496287a90>,<function <lambda> at 0x7fa496287b30>
21059,2022-05-27 10:00:00,<function <lambda> at 0x7fa4962879f0>,<function <lambda> at 0x7fa496287a90>,<function <lambda> at 0x7fa496287b30>
21060,2022-05-27 11:00:00,<function <lambda> at 0x7fa4962879f0>,<function <lambda> at 0x7fa496287a90>,<function <lambda> at 0x7fa496287b30>
21061,2022-05-27 12:00:00,<function <lambda> at 0x7fa4962879f0>,<function <lambda> at 0x7fa496287a90>,<function <lambda> at 0x7fa496287b30>
21062,2022-05-27 13:00:00,<function <lambda> at 0x7fa4962879f0>,<function <lambda> at 0x7fa496287a90>,<function <lambda> at 0x7fa496287b30>
21063,2022-05-27 14:00:00,<function <lambda> at 0x7fa4962879f0>,<function <lambda> at 0x7fa496287a90>,<function <lambda> at 0x7fa496287b30>
21064,2022-05-27 15:00:00,<function <lambda> at 0x7fa4962879f0>,<function <lambda> at 0x7fa496287a90>,<function <lambda> at 0x7fa496287b30>
21065,2022-05-27 16:00:00,<function <lambda> at 0x7fa4962879f0>,<function <lambda> at 0x7fa496287a90>,<function <lambda> at 0x7fa496287b30>
21066,2022-05-27 17:00:00,<function <lambda> at 0x7fa4962879f0>,<function <lambda> at 0x7fa496287a90>,<function <lambda> at 0x7fa496287b30>
21067,2022-05-27 18:00:00,<function <lambda> at 0x7fa4962879f0>,<function <lambda> at 0x7fa496287a90>,<function <lambda> at 0x7fa496287b30>
21068,2022-05-27 19:00:00,<function <lambda> at 0x7fa4962879f0>,<function <lambda> at 0x7fa496287a90>,<function <lambda> at 0x7fa496287b30>
21069,2022-05-27 20:00:00,<function <lambda> at 0x7fa4962879f0>,<function <lambda> at 0x7fa496287a90>,<function <lambda> at 0x7fa496287b30>
21070,2022-05-27 21:00:00,<function <lambda> at 0x7fa4962879f0>,<function <lambda> at 0x7fa496287a90>,<function <lambda> at 0x7fa496287b30>
21071,2022-05-27 22:00:00,<function <lambda> at 0x7fa4962879f0>,<function <lambda> at 0x7fa496287a90>,<function <lambda> at 0x7fa496287b30>
21072,2022-05-27 23:00:00,<function <lambda> at 0x7fa4962879f0>,<function <lambda> at 0x7fa496287a90>,<function <lambda> at 0x7fa496287b30>
21073,2022-05-28 00:00:00,<function <lambda> at 0x7fa4962879f0>,<function <lambda> at 0x7fa496287a90>,<function <lambda> at 0x7fa496287b30>
21074,2022-05-28 01:00:00,<function <lambda> at 0x7fa4962879f0>,<function <lambda> at 0x7fa496287a90>,<function <lambda> at 0x7fa496287b30>
21075,2022-05-28 02:00:00,<function <lambda> at 0x7fa4962879f0>,<function <lambda> at 0x7fa496287a90>,<function <lambda> at 0x7fa496287b30>
21076,2022-05-28 03:00:00,<function <lambda> at 0x7fa4962879f0>,<function <lambda> at 0x7fa496287a90>,<function <lambda> at 0x7fa496287b30>
21077,2022-05-28 04:00:00,<function <lambda> at 0x7fa4962879f0>,<function <lambda> at 0x7fa496287a90>,<function <lambda> at 0x7fa496287b30>
21078,2022-05-28 05:00:00,<function <lambda> at 0x7fa4962879f0>,<function <lambda> at 0x7fa496287a90>,<function <lambda> at 0x7fa496287b30>
21079,2022-05-28 06:00:00,<function <lambda> at 0x7fa4962879f0>,<function <lambda> at 0x7fa496287a90>,<function <lambda> at 0x7fa496287b30>
21080,2022-05-28 07:00:00,<function <lambda> at 0x7fa4962879f0>,<function <lambda> at 0x7fa496287a90>,<function <lambda> at 0x7fa496287b30>
21081,2022-05-28 08:00:00,<function <lambda> at 0x7fa4962879f0>,<function <lambda> at 0x7fa496287a90>,<function <lambda> at 0x7fa496287b30>
21082,2022-05-28 09:00:00,<function <lambda> at 0x7fa4962879f0>,<function <lambda> at 0x7fa496287a90>,<function <lambda> at 0x7fa496287b30>
21083,2022-05-28 10:00:00,<function <lambda> at 0x7fa4962879f0>,<function <lambda> at 0x7fa496287a90>,<function <lambda> at 0x7fa496287b30>
21084,2022-05-28 11:00:00,<function <lambda> at 0x7fa4962879f0>,<function <lambda> at 0x7fa496287a90>,<function <lambda> at 0x7fa496287b30>
21085,2022-05-28 12:00:00,<function <lambda> at 0x7fa4962879f0>,<function <lambda> at 0x7fa496287a90>,<function <lambda> at 0x7fa496287b30>
21086,2022-05-28 13:00:00,<function <lambda> at 0x7fa4962879f0>,<function <lambda> at 0x7fa496287a90>,<function <lambda> at 0x7fa496287b30>
21087,2022-05-28 14:00:00,<function <lambda> at 0x7fa4962879f0>,<function <lambda> at 0x7fa496287a90>,<function <lambda> at 0x7fa496287b30>
21088,2022-05-28 15:00:00,<function <lambda> at 0x7fa4962879f0>,<function <lambda> at 0x7fa496287a90>,<function <lambda> at 0x7fa496287b30>
21089,2022-05-28 16:00:00,<function <lambda> at 0x7fa4962879f0>,<function <lambda> at 0x7fa496287a90>,<function <lambda> at 0x7fa496287b30>
21090,2022-05-28 17:00:00,<function <lambda> at 0x7fa4962879f0>,<function <lambda> at 0x7fa496287a90>,<function <lambda> at 0x7fa496287b30>
21091,2022-05-28 18:00:00,<function <lambda> at 0x7fa4962879f0>,<function <lambda> at 0x7fa496287a90>,<function <lambda> at 0x7fa496287b30>
21092,2022-05-28 19:00:00,<function <lambda> at 0x7fa4962879f0>,<function <lambda> at 0x7fa496287a90>,<function <lambda> at 0x7fa496287b30>
21093,2022-05-28 20:00:00,<function <lambda> at 0x7fa4962879f0>,<function <lambda> at 0x7fa496287a90>,<function <lambda> at 0x7fa496287b30>
21094,2022-05-28 21:00:00,<function <lambda> at 0x7fa4962879f0>,<function <lambda> at 0x7fa496287a90>,<function <lambda> at 0x7fa496287b30>
21095,2022-05-28 22:00:00,<function <lambda> at 0x7fa4962879f0>,<function <lambda> at 0x7fa496287a90>,<function <lambda> at 0x7fa496287b30>
21096,2022-05-28 23:00:00,<function <lambda> at 0x7fa4962879f0>,<function <lambda> at 0x7fa496287a90>,<function <lambda> at 0x7fa496287b30>
21097,2022-05-29 00:00:00,<function <lambda> at 0x7fa4962879f0>,<function <lambda> at 0x7fa496287a90>,<function <lambda> at 0x7fa496287b30>
21098,2022-05-29 01:00:00,<function <lambda> at 0x7fa4962879f0>,<function <lambda> at 0x7fa496287a90>,<function <lambda> at 0x7fa496287b30>
21099,2022-05-29 02:00:00,<function <lambda> at 0x7fa4962879f0>,<function <lambda> at 0x7fa496287a90>,<function <lambda> at 0x7fa496287b30>
21100,2022-05-29 03:00:00,<function <lambda> at 0x7fa4962879f0>,<function <lambda> at 0x7fa496287a90>,<function <lambda> at 0x7fa496287b30>
21101,2022-05-29 04:00:00,<function <lambda> at 0x7fa4962879f0>,<function <lambda> at 0x7fa496287a90>,<function <lambda> at 0x7fa496287b30>
21102,2022-05-29 05:00:00,<function <lambda> at 0x7fa4962879f0>,<function <lambda> at 0x7fa496287a90>,<function <lambda> at 0x7fa496287b30>
21103,2022-05-29 06:00:00,<function <lambda> at 0x7fa4962879f0>,<function <lambda> at 0x7fa496287a90>,<function <lambda> at 0x7fa496287b30>
21104,2022-05-29 07:00:00,<function <lambda> at 0x7fa4962879f0>,<function <lambda> at 0x7fa496287a90>,<function <lambda> at 0x7fa496287b30>
21105,2022-05-29 08:00:00,<function <lambda> at 0x7fa4962879f0>,<function <lambda> at 0x7fa496287a90>,<function <lambda> at 0x7fa496287b30>
21106,2022-05-29 09:00:00,<function <lambda> at 0x7fa4962879f0>,<function <lambda> at 0x7fa496287a90>,<function <lambda> at 0x7fa496287b30>
21107,2022-05-29 10:00:00,<function <lambda> at 0x7fa4962879f0>,<function <lambda> at 0x7fa496287a90>,<function <lambda> at 0x7fa496287b30>
21108,2022-05-29 11:00:00,<function <lambda> at 0x7fa4962879f0>,<function <lambda> at 0x7fa496287a90>,<function <lambda> at 0x7fa496287b30>
21109,2022-05-29 12:00:00,<function <lambda> at 0x7fa4962879f0>,<function <lambda> at 0x7fa496287a90>,<function <lambda> at 0x7fa496287b30>
21110,2022-05-29 13:00:00,<function <lambda> at 0x7fa4962879f0>,<function <lambda> at 0x7fa496287a90>,<function <lambda> at 0x7fa496287b30>
21111,2022-05-29 14:00:00,<function <lambda> at 0x7fa4962879f0>,<function <lambda> at 0x7fa496287a90>,<function <lambda> at 0x7fa496287b30>
21112,2022-05-29 15:00:00,<function <lambda> at 0x7fa4962879f0>,<function <lambda> at 0x7fa496287a90>,<function <lambda> at 0x7fa496287b30>
21113,2022-05-29 16:00:00,<function <lambda> at 0x7fa4962879f0>,<function <lambda> at 0x7fa496287a90>,<function <lambda> at 0x7fa496287b30>
21114,2022-05-29 17:00:00,<function <lambda> at 0x7fa4962879f0>,<function <lambda> at 0x7fa496287a90>,<function <lambda> at 0x7fa496287b30>
21115,2022-05-29 18:00:00,<function <lambda> at 0x7fa4962879f0>,<function <lambda> at 0x7fa496287a90>,<function <lambda> at 0x7fa496287b30>
21116,2022-05-29 19:00:00,<function <lambda> at 0x7fa4962879f0>,<function <lambda> at 0x7fa496287a90>,<function <lambda> at 0x7fa496287b30>
21117,2022-05-29 20:00:00,<function <lambda> at 0x7fa4962879f0>,<function <lambda> at 0x7fa496287a90>,<function <lambda> at 0x7fa496287b30>
21118,2022-05-29 21:00:00,<function <lambda> at 0x7fa4962879f0>,<function <lambda> at 0x7fa496287a90>,<function <lambda> at 0x7fa496287b30>
21119,2022-05-29 22:00:00,<function <lambda> at 0x7fa4962879f0>,<function <lambda> at 0x7fa496287a90>,<function <lambda> at 0x7fa496287b30>
21120,2022-05-29 23:00:00,<function <lambda> at 0x7fa4962879f0>,<function <lambda> at 0x7fa496287a90>,<function <lambda> at 0x7fa496287b30>
21121,2022-05-30 00:00:00,<function <lambda> at 0x7fa4962879f0>,<function <lambda> at 0x7fa496287a90>,<function <lambda> at 0x7fa496287b30>
21122,2022-05-30 01:00:00,<function <lambda> at 0x7fa4962879f0>,<function <lambda> at 0x7fa496287a90>,<function <lambda> at 0x7fa496287b30>
21123,2022-05-30 02:00:00,<function <lambda> at 0x7fa4962879f0>,<function <lambda> at 0x7fa496287a90>,<function <lambda> at 0x7fa496287b30>
21124,2022-05-30 03:00:00,<function <lambda> at 0x7fa4962879f0>,<function <lambda> at 0x7fa496287a90>,<function <lambda> at 0x7fa496287b30>
21125,2022-05-30 04:00:00,<function <lambda> at 0x7fa4962879f0>,<function <lambda> at 0x7fa496287a90>,<function <lambda> at 0x7fa496287b30>
21126,2022-05-30 05:00:00,<function <lambda> at 0x7fa4962879f0>,<function <lambda> at 0x7fa496287a90>,<function <lambda> at 0x7fa496287b30>
21127,2022-05-30 06:00:00,<function <lambda> at 0x7fa4962879f0>,<function <lambda> at 0x7fa496287a90>,<function <lambda> at 0x7fa496287b30>
21128,2022-05-30 07:00:00,<function <lambda> at 0x7fa4962879f0>,<function <lambda> at 0x7fa496287a90>,<function <lambda> at 0x7fa496287b30>
21129,2022-05-30 08:00:00,<function <lambda> at 0x7fa4962879f0>,<function <lambda> at 0x7fa496287a90>,<function <lambda> at 0x7fa496287b30>
21130,2022-05-30 09:00:00,<function <lambda> at 0x7fa4962879f0>,<function <lambda> at 0x7fa496287a90>,<function <lambda> at 0x7fa496287b30>
21131,2022-05-30 10:00:00,<function <lambda> at 0x7fa4962879f0>,<function <lambda> at 0x7fa496287a90>,<function <lambda> at 0x7fa496287b30>
21132,2022-05-30 11:00:00,<function <lambda> at 0x7fa4962879f0>,<function <lambda> at 0x7fa496287a90>,<function <lambda> at 0x7fa496287b30>
21133,2022-05-30 12:00:00,<function <lambda> at 0x7fa4962879f0>,<function <lambda> at 0x7fa496287a90>,<function <lambda> at 0x7fa496287b30>
21134,2022-05-30 13:00:00,<function <lambda> at 0x7fa4962879f0>,<function <lambda> at 0x7fa496287a90>,<function <lambda> at 0x7fa496287b30>
21135,2022-05-30 14:00:00,<function <lambda> at 0x7fa4962879f0>,<function <lambda> at 0x7fa496287a90>,<function <lambda> at 0x7fa496287b30>
21136,2022-05-30 15:00:00,<function <lambda> at 0x7fa4962879f0>,<function <lambda> at 0x7fa496287a90>,<function <lambda> at 0x7fa496287b30>
21137,2022-05-30 16:00:00,<function <lambda> at 0x7fa4962879f0>,<function <lambda> at 0x7fa496287a90>,<function <lambda> at 0x7fa496287b30>
21138,2022-05-30 17:00:00,<function <lambda> at 0x7fa4962879f0>,<function <lambda> at 0x7fa496287a90>,<function <lambda> at 0x7fa496287b30>
21139,2022-05-30 18:00:00,<function <lambda> at 0x7fa4962879f0>,<function <lambda> at 0x7fa496287a90>,<function <lambda> at 0x7fa496287b30>
21140,2022-05-30 19:00:00,<function <lambda> at 0x7fa4962879f0>,<function <lambda> at 0x7fa496287a90>,<function <lambda> at 0x7fa496287b30>
21141,2022-05-30 20:00:00,<function <lambda> at 0x7fa4962879f0>,<function <lambda> at 0x7fa496287a90>,<function <lambda> at 0x7fa496287b30>
21142,2022-05-30 21:00:00,<function <lambda> at 0x7fa4962879f0>,<function <lambda> at 0x7fa496287a90>,<function <lambda> at 0x7fa496287b30>
21143,2022-05-30 22:00:00,<function <lambda> at 0x7fa4962879f0>,<function <lambda> at 0x7fa496287a90>,<function <lambda> at 0x7fa496287b30>
21144,2022-05-30 23:00:00,<function <lambda> at 0x7fa4962879f0>,<function <lambda> at 0x7fa496287a90>,<function <lambda> at 0x7fa496287b30>
21145,2022-05-31 00:00:00,<function <lambda> at 0x7fa4962879f0>,<function <lambda> at 0x7fa496287a90>,<function <lambda> at 0x7fa496287b30>
21146,2022-05-31 01:00:00,<function <lambda> at 0x7fa4962879f0>,<function <lambda> at 0x7fa496287a90>,<function <lambda> at 0x7fa496287b30>
21147,2022-05-31 02:00:00,<function <lambda> at 0x7fa4962879f0>,<function <lambda> at 0x7fa496287a90>,<function <lambda> at 0x7fa496287b30>
21148,2022-05-31 03:00:00,<function <lambda> at 0x7fa4962879f0>,<function <lambda> at 0x7fa496287a90>,<function <lambda> at 0x7fa496287b30>
21149,2022-05-31 04:00:00,<function <lambda> at 0x7fa4962879f0>,<function <lambda> at 0x7fa496287a90>,<function <lambda> at 0x7fa496287b30>
21150,2022-05-31 05:00:00,<function <lambda> at 0x7fa4962879f0>,<function <lambda> at 0x7fa496287a90>,<function <lambda> at 0x7fa496287b30>
21151,2022-05-31 06:00:00,<function <lambda> at 0x7fa4962879f0>,<function <lambda> at 0x7fa496287a90>,<function <lambda> at 0x7fa496287b30>
21152,2022-05-31 07:00:00,<function <lambda> at 0x7fa4962879f0>,<function <lambda> at 0x7fa496287a90>,<function <lambda> at 0x7fa496287b30>
21153,2022-05-31 08:00:00,<function <lambda> at 0x7fa4962879f0>,<function <lambda> at 0x7fa496287a90>,<function <lambda> at 0x7fa496287b30>
21154,2022-05-31 09:00:00,<function <lambda> at 0x7fa4962879f0>,<function <lambda> at 0x7fa496287a90>,<function <lambda> at 0x7fa496287b30>
21155,2022-05-31 10:00:00,<function <lambda> at 0x7fa4962879f0>,<function <lambda> at 0x7fa496287a90>,<function <lambda> at 0x7fa496287b30>
21156,2022-05-31 11:00:00,<function <lambda> at 0x7fa4962879f0>,<function <lambda> at 0x7fa496287a90>,<function <lambda> at 0x7fa496287b30>
21157,2022-05-31 12:00:00,<function <lambda> at 0x7fa4962879f0>,<function <lambda> at 0x7fa496287a90>,<function <lambda> at 0x7fa496287b30>
21158,2022-05-31 13:00:00,<function <lambda> at 0x7fa4962879f0>,<function <lambda> at 0x7fa496287a90>,<function <lambda> at 0x7fa496287b30>
21159,2022-05-31 14:00:00,<function <lambda> at 0x7fa4962879f0>,<function <lambda> at 0x7fa496287a90>,<function <lambda> at 0x7fa496287b30>
21160,2022-05-31 15:00:00,<function <lambda> at 0x7fa4962879f0>,<function <lambda> at 0x7fa496287a90>,<function <lambda> at 0x7fa496287b30>
21161,2022-05-31 16:00:00,<function <lambda> at 0x7fa4962879f0>,<function <lambda> at 0x7fa496287a90>,<function <lambda> at 0x7fa496287b30>
21162,2022-05-31 17:00:00,<function <lambda> at 0x7fa4962879f0>,<function <lambda> at 0x7fa496287a90>,<function <lambda> at 0x7fa496287b30>
21163,2022-05-31 18:00:00,<function <lambda> at 0x7fa4962879f0>,<function <lambda> at 0x7fa496287a90>,<function <lambda> at 0x7fa496287b30>
21164,2022-05-31 19:00:00,<function <lambda> at 0x7fa4962879f0>,<function <lambda> at 0x7fa496287a90>,<function <lambda> at 0x7fa496287b30>
21165,2022-05-31 20:00:00,<function <lambda> at 0x7fa4962879f0>,<function <lambda> at 0x7fa496287a90>,<function <lambda> at 0x7fa496287b30>
21166,2022-05-31 21:00:00,<function <lambda> at 0x7fa4962879f0>,<function <lambda> at 0x7fa496287a90>,<function <lambda> at 0x7fa496287b30>
21167,2022-05-31 22:00:00,<function <lambda> at 0x7fa4962879f0>,<function <lambda> at 0x7fa496287a90>,<function <lambda> at 0x7fa496287b30>
21168,2022-05-31 23:00:00,<function <lambda> at 0x7fa4962879f0>,<function <lambda> at 0x7fa496287a90>,<function <lambda> at 0x7fa496287b30>
21169,2022-06-01 00:00:00,<function <lambda> at 0x7fa4962879f0>,<function <lambda> at 0x7fa496287a90>,<function <lambda> at 0x7fa496287b30>
21170,2022-06-01 01:00:00,<function <lambda> at 0x7fa4962879f0>,<function <lambda> at 0x7fa496287a90>,<function <lambda> at 0x7fa496287b30>
21171,2022-06-01 02:00:00,<function <lambda> at 0x7fa4962879f0>,<function <lambda> at 0x7fa496287a90>,<function <lambda> at 0x7fa496287b30>
21172,2022-06-01 03:00:00,<function <lambda> at 0x7fa4962879f0>,<function <lambda> at 0x7fa496287a90>,<function <lambda> at 0x7fa496287b30>
21173,2022-06-01 04:00:00,<function <lambda> at 0x7fa4962879f0>,<function <lambda> at 0x7fa496287a90>,<function <lambda> at 0x7fa496287b30>
21174,2022-06-01 05:00:00,<function <lambda> at 0x7fa4962879f0>,<function <lambda> at 0x7fa496287a90>,<function <lambda> at 0x7fa496287b30>
21175,2022-06-01 06:00:00,<function <lambda> at 0x7fa4962879f0>,<function <lambda> at 0x7fa496287a90>,<function <lambda> at 0x7fa496287b30>
21176,2022-06-01 07:00:00,<function <lambda> at 0x7fa4962879f0>,<function <lambda> at 0x7fa496287a90>,<function <lambda> at 0x7fa496287b30>
21177,2022-06-01 08:00:00,<function <lambda> at 0x7fa4962879f0>,<function <lambda> at 0x7fa496287a90>,<function <lambda> at 0x7fa496287b30>
21178,2022-06-01 09:00:00,<function <lambda> at 0x7fa4962879f0>,<function <lambda> at 0x7fa496287a90>,<function <lambda> at 0x7fa496287b30>
21179,2022-06-01 10:00:00,<function <lambda> at 0x7fa4962879f0>,<function <lambda> at 0x7fa496287a90>,<function <lambda> at 0x7fa496287b30>
21180,2022-06-01 11:00:00,<function <lambda> at 0x7fa4962879f0>,<function <lambda> at 0x7fa496287a90>,<function <lambda> at 0x7fa496287b30>
21181,2022-06-01 12:00:00,<function <lambda> at 0x7fa4962879f0>,<function <lambda> at 0x7fa496287a90>,<function <lambda> at 0x7fa496287b30>
21182,2022-06-01 13:00:00,<function <lambda> at 0x7fa4962879f0>,<function <lambda> at 0x7fa496287a90>,<function <lambda> at 0x7fa496287b30>
21183,2022-06-01 14:00:00,<function <lambda> at 0x7fa4962879f0>,<function <lambda> at 0x7fa496287a90>,<function <lambda> at 0x7fa496287b30>
21184,2022-06-01 15:00:00,<function <lambda> at 0x7fa4962879f0>,<function <lambda> at 0x7fa496287a90>,<function <lambda> at 0x7fa496287b30>
21185,2022-06-01 16:00:00,<function <lambda> at 0x7fa4962879f0>,<function <lambda> at 0x7fa496287a90>,<function <lambda> at 0x7fa496287b30>
21186,2022-06-01 17:00:00,<function <lambda> at 0x7fa4962879f0>,<function <lambda> at 0x7fa496287a90>,<function <lambda> at 0x7fa496287b30>
21187,2022-06-01 18:00:00,<function <lambda> at 0x7fa4962879f0>,<function <lambda> at 0x7fa496287a90>,<function <lambda> at 0x7fa496287b30>
21188,2022-06-01 19:00:00,<function <lambda> at 0x7fa4962879f0>,<function <lambda> at 0x7fa496287a90>,<function <lambda> at 0x7fa496287b30>
21189,2022-06-01 20:00:00,<function <lambda> at 0x7fa4962879f0>,<function <lambda> at 0x7fa496287a90>,<function <lambda> at 0x7fa496287b30>
21190,2022-06-01 21:00:00,<function <lambda> at 0x7fa4962879f0>,<function <lambda> at 0x7fa496287a90>,<function <lambda> at 0x7fa496287b30>
21191,2022-06-01 22:00:00,<function <lambda> at 0x7fa4962879f0>,<function <lambda> at 0x7fa496287a90>,<function <lambda> at 0x7fa496287b30>
21192,2022-06-01 23:00:00,<function <lambda> at 0x7fa4962879f0>,<function <lambda> at 0x7fa496287a90>,<function <lambda> at 0x7fa496287b30>
21193,2022-06-02 00:00:00,<function <lambda> at 0x7fa4962879f0>,<function <lambda> at 0x7fa496287a90>,<function <lambda> at 0x7fa496287b30>
21194,2022-06-02 01:00:00,<function <lambda> at 0x7fa4962879f0>,<function <lambda> at 0x7fa496287a90>,<function <lambda> at 0x7fa496287b30>
21195,2022-06-02 02:00:00,<function <lambda> at 0x7fa4962879f0>,<function <lambda> at 0x7fa496287a90>,<function <lambda> at 0x7fa496287b30>
21196,2022-06-02 03:00:00,<function <lambda> at 0x7fa4962879f0>,<function <lambda> at 0x7fa496287a90>,<function <lambda> at 0x7fa496287b30>
21197,2022-06-02 04:00:00,<function <lambda> at 0x7fa4962879f0>,<function <lambda> at 0x7fa496287a90>,<function <lambda> at 0x7fa496287b30>
21198,2022-06-02 05:00:00,<function <lambda> at 0x7fa4962879f0>,<function <lambda> at 0x7fa496287a90>,<function <lambda> at 0x7fa496287b30>
21199,2022-06-02 06:00:00,<function <lambda> at 0x7fa4962879f0>,<function <lambda> at 0x7fa496287a90>,<function <lambda> at 0x7fa496287b30>
21200,2022-06-02 07:00:00,<function <lambda> at 0x7fa4962879f0>,<function <lambda> at 0x7fa496287a90>,<function <lambda> at 0x7fa496287b30>
21201,2022-06-02 08:00:00,<function <lambda> at 0x7fa4962879f0>,<function <lambda> at 0x7fa496287a90>,<function <lambda> at 0x7fa496287b30>
21202,2022-06-02 09:00:00,<function <lambda> at 0x7fa4962879f0>,<function <lambda> at 0x7fa496287a90>,<function <lambda> at 0x7fa496287b30>
21203,2022-06-02 10:00:00,<function <lambda> at 0x7fa4962879f0>,<function <lambda> at 0x7fa496287a90>,<function <lambda> at 0x7fa496287b30>
21204,2022-06-02 11:00:00,<function <lambda> at 0x7fa4962879f0>,<function <lambda> at 0x7fa496287a90>,<function <lambda> at 0x7fa496287b30>
21205,2022-06-02 12:00:00,<function <lambda> at 0x7fa4962879f0>,<function <lambda> at 0x7fa496287a90>,<function <lambda> at 0x7fa496287b30>
21206,2022-06-02 13:00:00,<function <lambda> at 0x7fa4962879f0>,<function <lambda> at 0x7fa496287a90>,<function <lambda> at 0x7fa496287b30>
21207,2022-06-02 14:00:00,<function <lambda> at 0x7fa4962879f0>,<function <lambda> at 0x7fa496287a90>,<function <lambda> at 0x7fa496287b30>
21208,2022-06-02 15:00:00,<function <lambda> at 0x7fa4962879f0>,<function <lambda> at 0x7fa496287a90>,<function <lambda> at 0x7fa496287b30>
21209,2022-06-02 16:00:00,<function <lambda> at 0x7fa4962879f0>,<function <lambda> at 0x7fa496287a90>,<function <lambda> at 0x7fa496287b30>
21210,2022-06-02 17:00:00,<function <lambda> at 0x7fa4962879f0>,<function <lambda> at 0x7fa496287a90>,<function <lambda> at 0x7fa496287b30>
21211,2022-06-02 18:00:00,<function <lambda> at 0x7fa4962879f0>,<function <lambda> at 0x7fa496287a90>,<function <lambda> at 0x7fa496287b30>
21212,2022-06-02 19:00:00,<function <lambda> at 0x7fa4962879f0>,<function <lambda> at 0x7fa496287a90>,<function <lambda> at 0x7fa496287b30>
21213,2022-06-02 20:00:00,<function <lambda> at 0x7fa4962879f0>,<function <lambda> at 0x7fa496287a90>,<function <lambda> at 0x7fa496287b30>
21214,2022-06-02 21:00:00,<function <lambda> at 0x7fa4962879f0>,<function <lambda> at 0x7fa496287a90>,<function <lambda> at 0x7fa496287b30>
21215,2022-06-02 22:00:00,<function <lambda> at 0x7fa4962879f0>,<function <lambda> at 0x7fa496287a90>,<function <lambda> at 0x7fa496287b30>
21216,2022-06-02 23:00:00,<function <lambda> at 0x7fa4962879f0>,<function <lambda> at 0x7fa496287a90>,<function <lambda> at 0x7fa496287b30>
21217,2022-06-03 00:00:00,<function <lambda> at 0x7fa4962879f0>,<function <lambda> at 0x7fa496287a90>,<function <lambda> at 0x7fa496287b30>
21218,2022-06-03 01:00:00,<function <lambda> at 0x7fa4962879f0>,<function <lambda> at 0x7fa496287a90>,<function <lambda> at 0x7fa496287b30>
21219,2022-06-03 02:00:00,<function <lambda> at 0x7fa4962879f0>,<function <lambda> at 0x7fa496287a90>,<function <lambda> at 0x7fa496287b30>
21220,2022-06-03 03:00:00,<function <lambda> at 0x7fa4962879f0>,<function <lambda> at 0x7fa496287a90>,<function <lambda> at 0x7fa496287b30>
21221,2022-06-03 04:00:00,<function <lambda> at 0x7fa4962879f0>,<function <lambda> at 0x7fa496287a90>,<function <lambda> at 0x7fa496287b30>
21222,2022-06-03 05:00:00,<function <lambda> at 0x7fa4962879f0>,<function <lambda> at 0x7fa496287a90>,<function <lambda> at 0x7fa496287b30>
21223,2022-06-03 06:00:00,<function <lambda> at 0x7fa4962879f0>,<function <lambda> at 0x7fa496287a90>,<function <lambda> at 0x7fa496287b30>
21224,2022-06-03 07:00:00,<function <lambda> at 0x7fa4962879f0>,<function <lambda> at 0x7fa496287a90>,<function <lambda> at 0x7fa496287b30>
21225,2022-06-03 08:00:00,<function <lambda> at 0x7fa4962879f0>,<function <lambda> at 0x7fa496287a90>,<function <lambda> at 0x7fa496287b30>
21226,2022-06-03 09:00:00,<function <lambda> at 0x7fa4962879f0>,<function <lambda> at 0x7fa496287a90>,<function <lambda> at 0x7fa496287b30>
21227,2022-06-03 10:00:00,<function <lambda> at 0x7fa4962879f0>,<function <lambda> at 0x7fa496287a90>,<function <lambda> at 0x7fa496287b30>
21228,2022-06-03 11:00:00,<function <lambda> at 0x7fa4962879f0>,<function <lambda> at 0x7fa496287a90>,<function <lambda> at 0x7fa496287b30>
21229,2022-06-03 12:00:00,<function <lambda> at 0x7fa4962879f0>,<function <lambda> at 0x7fa496287a90>,<function <lambda> at 0x7fa496287b30>
21230,2022-06-03 13:00:00,<function <lambda> at 0x7fa4962879f0>,<function <lambda> at 0x7fa496287a90>,<function <lambda> at 0x7fa496287b30>
21231,2022-06-03 14:00:00,<function <lambda> at 0x7fa4962879f0>,<function <lambda> at 0x7fa496287a90>,<function <lambda> at 0x7fa496287b30>
21232,2022-06-03 15:00:00,<function <lambda> at 0x7fa4962879f0>,<function <lambda> at 0x7fa496287a90>,<function <lambda> at 0x7fa496287b30>
21233,2022-06-03 16:00:00,<function <lambda> at 0x7fa4962879f0>,<function <lambda> at 0x7fa496287a90>,<function <lambda> at 0x7fa496287b30>
21234,2022-06-03 17:00:00,<function <lambda> at 0x7fa4962879f0>,<function <lambda> at 0x7fa496287a90>,<function <lambda> at 0x7fa496287b30>
21235,2022-06-03 18:00:00,<function <lambda> at 0x7fa4962879f0>,<function <lambda> at 0x7fa496287a90>,<function <lambda> at 0x7fa496287b30>
21236,2022-06-03 19:00:00,<function <lambda> at 0x7fa4962879f0>,<function <lambda> at 0x7fa496287a90>,<function <lambda> at 0x7fa496287b30>
21237,2022-06-03 20:00:00,<function <lambda> at 0x7fa4962879f0>,<function <lambda> at 0x7fa496287a90>,<function <lambda> at 0x7fa496287b30>
21238,2022-06-03 21:00:00,<function <lambda> at 0x7fa4962879f0>,<function <lambda> at 0x7fa496287a90>,<function <lambda> at 0x7fa496287b30>
21239,2022-06-03 22:00:00,<function <lambda> at 0x7fa4962879f0>,<function <lambda> at 0x7fa496287a90>,<function <lambda> at 0x7fa496287b30>
21240,2022-06-03 23:00:00,<function <lambda> at 0x7fa4962879f0>,<function <lambda> at 0x7fa496287a90>,<function <lambda> at 0x7fa496287b30>
21241,2022-06-04 00:00:00,<function <lambda> at 0x7fa4962879f0>,<function <lambda> at 0x7fa496287a90>,<function <lambda> at 0x7fa496287b30>
21242,2022-06-04 01:00:00,<function <lambda> at 0x7fa4962879f0>,<function <lambda> at 0x7fa496287a90>,<function <lambda> at 0x7fa496287b30>
21243,2022-06-04 02:00:00,<function <lambda> at 0x7fa4962879f0>,<function <lambda> at 0x7fa496287a90>,<function <lambda> at 0x7fa496287b30>
21244,2022-06-04 03:00:00,<function <lambda> at 0x7fa4962879f0>,<function <lambda> at 0x7fa496287a90>,<function <lambda> at 0x7fa496287b30>
21245,2022-06-04 04:00:00,<function <lambda> at 0x7fa4962879f0>,<function <lambda> at 0x7fa496287a90>,<function <lambda> at 0x7fa496287b30>
21246,2022-06-04 05:00:00,<function <lambda> at 0x7fa4962879f0>,<function <lambda> at 0x7fa496287a90>,<function <lambda> at 0x7fa496287b30>
21247,2022-06-04 06:00:00,<function <lambda> at 0x7fa4962879f0>,<function <lambda> at 0x7fa496287a90>,<function <lambda> at 0x7fa496287b30>
21248,2022-06-04 07:00:00,<function <lambda> at 0x7fa4962879f0>,<function <lambda> at 0x7fa496287a90>,<function <lambda> at 0x7fa496287b30>
21249,2022-06-04 08:00:00,<function <lambda> at 0x7fa4962879f0>,<function <lambda> at 0x7fa496287a90>,<function <lambda> at 0x7fa496287b30>
21250,2022-06-04 09:00:00,<function <lambda> at 0x7fa4962879f0>,<function <lambda> at 0x7fa496287a90>,<function <lambda> at 0x7fa496287b30>
21251,2022-06-04 10:00:00,<function <lambda> at 0x7fa4962879f0>,<function <lambda> at 0x7fa496287a90>,<function <lambda> at 0x7fa496287b30>
21252,2022-06-04 11:00:00,<function <lambda> at 0x7fa4962879f0>,<function <lambda> at 0x7fa496287a90>,<function <lambda> at 0x7fa496287b30>
21253,2022-06-04 12:00:00,<function <lambda> at 0x7fa4962879f0>,<function <lambda> at 0x7fa496287a90>,<function <lambda> at 0x7fa496287b30>
21254,2022-06-04 13:00:00,<function <lambda> at 0x7fa4962879f0>,<function <lambda> at 0x7fa496287a90>,<function <lambda> at 0x7fa496287b30>
21255,2022-06-04 14:00:00,<function <lambda> at 0x7fa4962879f0>,<function <lambda> at 0x7fa496287a90>,<function <lambda> at 0x7fa496287b30>
21256,2022-06-04 15:00:00,<function <lambda> at 0x7fa4962879f0>,<function <lambda> at 0x7fa496287a90>,<function <lambda> at 0x7fa496287b30>
21257,2022-06-04 16:00:00,<function <lambda> at 0x7fa4962879f0>,<function <lambda> at 0x7fa496287a90>,<function <lambda> at 0x7fa496287b30>
21258,2022-06-04 17:00:00,<function <lambda> at 0x7fa4962879f0>,<function <lambda> at 0x7fa496287a90>,<function <lambda> at 0x7fa496287b30>
21259,2022-06-04 18:00:00,<function <lambda> at 0x7fa4962879f0>,<function <lambda> at 0x7fa496287a90>,<function <lambda> at 0x7fa496287b30>
21260,2022-06-04 19:00:00,<function <lambda> at 0x7fa4962879f0>,<function <lambda> at 0x7fa496287a90>,<function <lambda> at 0x7fa496287b30>
21261,2022-06-04 20:00:00,<function <lambda> at 0x7fa4962879f0>,<function <lambda> at 0x7fa496287a90>,<function <lambda> at 0x7fa496287b30>
21262,2022-06-04 21:00:00,<function <lambda> at 0x7fa4962879f0>,<function <lambda> at 0x7fa496287a90>,<function <lambda> at 0x7fa496287b30>
21263,2022-06-04 22:00:00,<function <lambda> at 0x7fa4962879f0>,<function <lambda> at 0x7fa496287a90>,<function <lambda> at 0x7fa496287b30>
21264,2022-06-04 23:00:00,<function <lambda> at 0x7fa4962879f0>,<function <lambda> at 0x7fa496287a90>,<function <lambda> at 0x7fa496287b30>
21265,2022-06-05 00:00:00,<function <lambda> at 0x7fa4962879f0>,<function <lambda> at 0x7fa496287a90>,<function <lambda> at 0x7fa496287b30>
21266,2022-06-05 01:00:00,<function <lambda> at 0x7fa4962879f0>,<function <lambda> at 0x7fa496287a90>,<function <lambda> at 0x7fa496287b30>
21267,2022-06-05 02:00:00,<function <lambda> at 0x7fa4962879f0>,<function <lambda> at 0x7fa496287a90>,<function <lambda> at 0x7fa496287b30>
21268,2022-06-05 03:00:00,<function <lambda> at 0x7fa4962879f0>,<function <lambda> at 0x7fa496287a90>,<function <lambda> at 0x7fa496287b30>
21269,2022-06-05 04:00:00,<function <lambda> at 0x7fa4962879f0>,<function <lambda> at 0x7fa496287a90>,<function <lambda> at 0x7fa496287b30>
21270,2022-06-05 05:00:00,<function <lambda> at 0x7fa4962879f0>,<function <lambda> at 0x7fa496287a90>,<function <lambda> at 0x7fa496287b30>
21271,2022-06-05 06:00:00,<function <lambda> at 0x7fa4962879f0>,<function <lambda> at 0x7fa496287a90>,<function <lambda> at 0x7fa496287b30>
21272,2022-06-05 07:00:00,<function <lambda> at 0x7fa4962879f0>,<function <lambda> at 0x7fa496287a90>,<function <lambda> at 0x7fa496287b30>
21273,2022-06-05 08:00:00,<function <lambda> at 0x7fa4962879f0>,<function <lambda> at 0x7fa496287a90>,<function <lambda> at 0x7fa496287b30>
21274,2022-06-05 09:00:00,<function <lambda> at 0x7fa4962879f0>,<function <lambda> at 0x7fa496287a90>,<function <lambda> at 0x7fa496287b30>
21275,2022-06-05 10:00:00,<function <lambda> at 0x7fa4962879f0>,<function <lambda> at 0x7fa496287a90>,<function <lambda> at 0x7fa496287b30>
21276,2022-06-05 11:00:00,<function <lambda> at 0x7fa4962879f0>,<function <lambda> at 0x7fa496287a90>,<function <lambda> at 0x7fa496287b30>
21277,2022-06-05 12:00:00,<function <lambda> at 0x7fa4962879f0>,<function <lambda> at 0x7fa496287a90>,<function <lambda> at 0x7fa496287b30>
21278,2022-06-05 13:00:00,<function <lambda> at 0x7fa4962879f0>,<function <lambda> at 0x7fa496287a90>,<function <lambda> at 0x7fa496287b30>
21279,2022-06-05 14:00:00,<function <lambda> at 0x7fa4962879f0>,<function <lambda> at 0x7fa496287a90>,<function <lambda> at 0x7fa496287b30>
21280,2022-06-05 15:00:00,<function <lambda> at 0x7fa4962879f0>,<function <lambda> at 0x7fa496287a90>,<function <lambda> at 0x7fa496287b30>
21281,2022-06-05 16:00:00,<function <lambda> at 0x7fa4962879f0>,<function <lambda> at 0x7fa496287a90>,<function <lambda> at 0x7fa496287b30>
21282,2022-06-05 17:00:00,<function <lambda> at 0x7fa4962879f0>,<function <lambda> at 0x7fa496287a90>,<function <lambda> at 0x7fa496287b30>
21283,2022-06-05 18:00:00,<function <lambda> at 0x7fa4962879f0>,<function <lambda> at 0x7fa496287a90>,<function <lambda> at 0x7fa496287b30>
21284,2022-06-05 19:00:00,<function <lambda> at 0x7fa4962879f0>,<function <lambda> at 0x7fa496287a90>,<function <lambda> at 0x7fa496287b30>
21285,2022-06-05 20:00:00,<function <lambda> at 0x7fa4962879f0>,<function <lambda> at 0x7fa496287a90>,<function <lambda> at 0x7fa496287b30>
21286,2022-06-05 21:00:00,<function <lambda> at 0x7fa4962879f0>,<function <lambda> at 0x7fa496287a90>,<function <lambda> at 0x7fa496287b30>
21287,2022-06-05 22:00:00,<function <lambda> at 0x7fa4962879f0>,<function <lambda> at 0x7fa496287a90>,<function <lambda> at 0x7fa496287b30>
21288,2022-06-05 23:00:00,<function <lambda> at 0x7fa4962879f0>,<function <lambda> at 0x7fa496287a90>,<function <lambda> at 0x7fa496287b30>
21289,2022-06-06 00:00:00,<function <lambda> at 0x7fa4962879f0>,<function <lambda> at 0x7fa496287a90>,<function <lambda> at 0x7fa496287b30>
21290,2022-06-06 01:00:00,<function <lambda> at 0x7fa4962879f0>,<function <lambda> at 0x7fa496287a90>,<function <lambda> at 0x7fa496287b30>
21291,2022-06-06 02:00:00,<function <lambda> at 0x7fa4962879f0>,<function <lambda> at 0x7fa496287a90>,<function <lambda> at 0x7fa496287b30>
21292,2022-06-06 03:00:00,<function <lambda> at 0x7fa4962879f0>,<function <lambda> at 0x7fa496287a90>,<function <lambda> at 0x7fa496287b30>
21293,2022-06-06 04:00:00,<function <lambda> at 0x7fa4962879f0>,<function <lambda> at 0x7fa496287a90>,<function <lambda> at 0x7fa496287b30>
21294,2022-06-06 05:00:00,<function <lambda> at 0x7fa4962879f0>,<function <lambda> at 0x7fa496287a90>,<function <lambda> at 0x7fa496287b30>
21295,2022-06-06 06:00:00,<function <lambda> at 0x7fa4962879f0>,<function <lambda> at 0x7fa496287a90>,<function <lambda> at 0x7fa496287b30>
21296,2022-06-06 07:00:00,<function <lambda> at 0x7fa4962879f0>,<function <lambda> at 0x7fa496287a90>,<function <lambda> at 0x7fa496287b30>
21297,2022-06-06 08:00:00,<function <lambda> at 0x7fa4962879f0>,<function <lambda> at 0x7fa496287a90>,<function <lambda> at 0x7fa496287b30>
21298,2022-06-06 09:00:00,<function <lambda> at 0x7fa4962879f0>,<function <lambda> at 0x7fa496287a90>,<function <lambda> at 0x7fa496287b30>
21299,2022-06-06 10:00:00,<function <lambda> at 0x7fa4962879f0>,<function <lambda> at 0x7fa496287a90>,<function <lambda> at 0x7fa496287b30>
21300,2022-06-06 11:00:00,<function <lambda> at 0x7fa4962879f0>,<function <lambda> at 0x7fa496287a90>,<function <lambda> at 0x7fa496287b30>
21301,2022-06-06 12:00:00,<function <lambda> at 0x7fa4962879f0>,<function <lambda> at 0x7fa496287a90>,<function <lambda> at 0x7fa496287b30>
21302,2022-06-06 13:00:00,<function <lambda> at 0x7fa4962879f0>,<function <lambda> at 0x7fa496287a90>,<function <lambda> at 0x7fa496287b30>
21303,2022-06-06 14:00:00,<function <lambda> at 0x7fa4962879f0>,<function <lambda> at 0x7fa496287a90>,<function <lambda> at 0x7fa496287b30>
21304,2022-06-06 15:00:00,<function <lambda> at 0x7fa4962879f0>,<function <lambda> at 0x7fa496287a90>,<function <lambda> at 0x7fa496287b30>
21305,2022-06-06 16:00:00,<function <lambda> at 0x7fa4962879f0>,<function <lambda> at 0x7fa496287a90>,<function <lambda> at 0x7fa496287b30>
21306,2022-06-06 17:00:00,<function <lambda> at 0x7fa4962879f0>,<function <lambda> at 0x7fa496287a90>,<function <lambda> at 0x7fa496287b30>
21307,2022-06-06 18:00:00,<function <lambda> at 0x7fa4962879f0>,<function <lambda> at 0x7fa496287a90>,<function <lambda> at 0x7fa496287b30>
21308,2022-06-06 19:00:00,<function <lambda> at 0x7fa4962879f0>,<function <lambda> at 0x7fa496287a90>,<function <lambda> at 0x7fa496287b30>
21309,2022-06-06 20:00:00,<function <lambda> at 0x7fa4962879f0>,<function <lambda> at 0x7fa496287a90>,<function <lambda> at 0x7fa496287b30>
21310,2022-06-06 21:00:00,<function <lambda> at 0x7fa4962879f0>,<function <lambda> at 0x7fa496287a90>,<function <lambda> at 0x7fa496287b30>
21311,2022-06-06 22:00:00,<function <lambda> at 0x7fa4962879f0>,<function <lambda> at 0x7fa496287a90>,<function <lambda> at 0x7fa496287b30>
21312,2022-06-06 23:00:00,<function <lambda> at 0x7fa4962879f0>,<function <lambda> at 0x7fa496287a90>,<function <lambda> at 0x7fa496287b30>
21313,2022-06-07 00:00:00,<function <lambda> at 0x7fa4962879f0>,<function <lambda> at 0x7fa496287a90>,<function <lambda> at 0x7fa496287b30>
21314,2022-06-07 01:00:00,<function <lambda> at 0x7fa4962879f0>,<function <lambda> at 0x7fa496287a90>,<function <lambda> at 0x7fa496287b30>
21315,2022-06-07 02:00:00,<function <lambda> at 0x7fa4962879f0>,<function <lambda> at 0x7fa496287a90>,<function <lambda> at 0x7fa496287b30>
21316,2022-06-07 03:00:00,<function <lambda> at 0x7fa4962879f0>,<function <lambda> at 0x7fa496287a90>,<function <lambda> at 0x7fa496287b30>
21317,2022-06-07 04:00:00,<function <lambda> at 0x7fa4962879f0>,<function <lambda> at 0x7fa496287a90>,<function <lambda> at 0x7fa496287b30>
21318,2022-06-07 05:00:00,<function <lambda> at 0x7fa4962879f0>,<function <lambda> at 0x7fa496287a90>,<function <lambda> at 0x7fa496287b30>
21319,2022-06-07 06:00:00,<function <lambda> at 0x7fa4962879f0>,<function <lambda> at 0x7fa496287a90>,<function <lambda> at 0x7fa496287b30>
21320,2022-06-07 07:00:00,<function <lambda> at 0x7fa4962879f0>,<function <lambda> at 0x7fa496287a90>,<function <lambda> at 0x7fa496287b30>
21321,2022-06-07 08:00:00,<function <lambda> at 0x7fa4962879f0>,<function <lambda> at 0x7fa496287a90>,<function <lambda> at 0x7fa496287b30>
21322,2022-06-07 09:00:00,<function <lambda> at 0x7fa4962879f0>,<function <lambda> at 0x7fa496287a90>,<function <lambda> at 0x7fa496287b30>
21323,2022-06-07 10:00:00,<function <lambda> at 0x7fa4962879f0>,<function <lambda> at 0x7fa496287a90>,<function <lambda> at 0x7fa496287b30>
21324,2022-06-07 11:00:00,<function <lambda> at 0x7fa4962879f0>,<function <lambda> at 0x7fa496287a90>,<function <lambda> at 0x7fa496287b30>
21325,2022-06-07 12:00:00,<function <lambda> at 0x7fa4962879f0>,<function <lambda> at 0x7fa496287a90>,<function <lambda> at 0x7fa496287b30>
21326,2022-06-07 13:00:00,<function <lambda> at 0x7fa4962879f0>,<function <lambda> at 0x7fa496287a90>,<function <lambda> at 0x7fa496287b30>
21327,2022-06-07 14:00:00,<function <lambda> at 0x7fa4962879f0>,<function <lambda> at 0x7fa496287a90>,<function <lambda> at 0x7fa496287b30>
21328,2022-06-07 15:00:00,<function <lambda> at 0x7fa4962879f0>,<function <lambda> at 0x7fa496287a90>,<function <lambda> at 0x7fa496287b30>
21329,2022-06-07 16:00:00,<function <lambda> at 0x7fa4962879f0>,<function <lambda> at 0x7fa496287a90>,<function <lambda> at 0x7fa496287b30>
21330,2022-06-07 17:00:00,<function <lambda> at 0x7fa4962879f0>,<function <lambda> at 0x7fa496287a90>,<function <lambda> at 0x7fa496287b30>
21331,2022-06-07 18:00:00,<function <lambda> at 0x7fa4962879f0>,<function <lambda> at 0x7fa496287a90>,<function <lambda> at 0x7fa496287b30>
21332,2022-06-07 19:00:00,<function <lambda> at 0x7fa4962879f0>,<function <lambda> at 0x7fa496287a90>,<function <lambda> at 0x7fa496287b30>
21333,2022-06-07 20:00:00,<function <lambda> at 0x7fa4962879f0>,<function <lambda> at 0x7fa496287a90>,<function <lambda> at 0x7fa496287b30>
21334,2022-06-07 21:00:00,<function <lambda> at 0x7fa4962879f0>,<function <lambda> at 0x7fa496287a90>,<function <lambda> at 0x7fa496287b30>
21335,2022-06-07 22:00:00,<function <lambda> at 0x7fa4962879f0>,<function <lambda> at 0x7fa496287a90>,<function <lambda> at 0x7fa496287b30>
21336,2022-06-07 23:00:00,<function <lambda> at 0x7fa4962879f0>,<function <lambda> at 0x7fa496287a90>,<function <lambda> at 0x7fa496287b30>
21337,2022-06-08 00:00:00,<function <lambda> at 0x7fa4962879f0>,<function <lambda> at 0x7fa496287a90>,<function <lambda> at 0x7fa496287b30>
21338,2022-06-08 01:00:00,<function <lambda> at 0x7fa4962879f0>,<function <lambda> at 0x7fa496287a90>,<function <lambda> at 0x7fa496287b30>
21339,2022-06-08 02:00:00,<function <lambda> at 0x7fa4962879f0>,<function <lambda> at 0x7fa496287a90>,<function <lambda> at 0x7fa496287b30>
21340,2022-06-08 03:00:00,<function <lambda> at 0x7fa4962879f0>,<function <lambda> at 0x7fa496287a90>,<function <lambda> at 0x7fa496287b30>
21341,2022-06-08 04:00:00,<function <lambda> at 0x7fa4962879f0>,<function <lambda> at 0x7fa496287a90>,<function <lambda> at 0x7fa496287b30>
21342,2022-06-08 05:00:00,<function <lambda> at 0x7fa4962879f0>,<function <lambda> at 0x7fa496287a90>,<function <lambda> at 0x7fa496287b30>
21343,2022-06-08 06:00:00,<function <lambda> at 0x7fa4962879f0>,<function <lambda> at 0x7fa496287a90>,<function <lambda> at 0x7fa496287b30>
21344,2022-06-08 07:00:00,<function <lambda> at 0x7fa4962879f0>,<function <lambda> at 0x7fa496287a90>,<function <lambda> at 0x7fa496287b30>
21345,2022-06-08 08:00:00,<function <lambda> at 0x7fa4962879f0>,<function <lambda> at 0x7fa496287a90>,<function <lambda> at 0x7fa496287b30>
21346,2022-06-08 09:00:00,<function <lambda> at 0x7fa4962879f0>,<function <lambda> at 0x7fa496287a90>,<function <lambda> at 0x7fa496287b30>
21347,2022-06-08 10:00:00,<function <lambda> at 0x7fa4962879f0>,<function <lambda> at 0x7fa496287a90>,<function <lambda> at 0x7fa496287b30>
21348,2022-06-08 11:00:00,<function <lambda> at 0x7fa4962879f0>,<function <lambda> at 0x7fa496287a90>,<function <lambda> at 0x7fa496287b30>
21349,2022-06-08 12:00:00,<function <lambda> at 0x7fa4962879f0>,<function <lambda> at 0x7fa496287a90>,<function <lambda> at 0x7fa496287b30>
21350,2022-06-08 13:00:00,<function <lambda> at 0x7fa4962879f0>,<function <lambda> at 0x7fa496287a90>,<function <lambda> at 0x7fa496287b30>
21351,2022-06-08 14:00:00,<function <lambda> at 0x7fa4962879f0>,<function <lambda> at 0x7fa496287a90>,<function <lambda> at 0x7fa496287b30>
21352,2022-06-08 15:00:00,<function <lambda> at 0x7fa4962879f0>,<function <lambda> at 0x7fa496287a90>,<function <lambda> at 0x7fa496287b30>
21353,2022-06-08 16:00:00,<function <lambda> at 0x7fa4962879f0>,<function <lambda> at 0x7fa496287a90>,<function <lambda> at 0x7fa496287b30>
21354,2022-06-08 17:00:00,<function <lambda> at 0x7fa4962879f0>,<function <lambda> at 0x7fa496287a90>,<function <lambda> at 0x7fa496287b30>
21355,2022-06-08 18:00:00,<function <lambda> at 0x7fa4962879f0>,<function <lambda> at 0x7fa496287a90>,<function <lambda> at 0x7fa496287b30>
21356,2022-06-08 19:00:00,<function <lambda> at 0x7fa4962879f0>,<function <lambda> at 0x7fa496287a90>,<function <lambda> at 0x7fa496287b30>
21357,2022-06-08 20:00:00,<function <lambda> at 0x7fa4962879f0>,<function <lambda> at 0x7fa496287a90>,<function <lambda> at 0x7fa496287b30>
21358,2022-06-08 21:00:00,<function <lambda> at 0x7fa4962879f0>,<function <lambda> at 0x7fa496287a90>,<function <lambda> at 0x7fa496287b30>
21359,2022-06-08 22:00:00,<function <lambda> at 0x7fa4962879f0>,<function <lambda> at 0x7fa496287a90>,<function <lambda> at 0x7fa496287b30>
21360,2022-06-08 23:00:00,<function <lambda> at 0x7fa4962879f0>,<function <lambda> at 0x7fa496287a90>,<function <lambda> at 0x7fa496287b30>
21361,2022-06-09 00:00:00,<function <lambda> at 0x7fa4962879f0>,<function <lambda> at 0x7fa496287a90>,<function <lambda> at 0x7fa496287b30>
21362,2022-06-09 01:00:00,<function <lambda> at 0x7fa4962879f0>,<function <lambda> at 0x7fa496287a90>,<function <lambda> at 0x7fa496287b30>
21363,2022-06-09 02:00:00,<function <lambda> at 0x7fa4962879f0>,<function <lambda> at 0x7fa496287a90>,<function <lambda> at 0x7fa496287b30>
21364,2022-06-09 03:00:00,<function <lambda> at 0x7fa4962879f0>,<function <lambda> at 0x7fa496287a90>,<function <lambda> at 0x7fa496287b30>
21365,2022-06-09 04:00:00,<function <lambda> at 0x7fa4962879f0>,<function <lambda> at 0x7fa496287a90>,<function <lambda> at 0x7fa496287b30>
21366,2022-06-09 05:00:00,<function <lambda> at 0x7fa4962879f0>,<function <lambda> at 0x7fa496287a90>,<function <lambda> at 0x7fa496287b30>
21367,2022-06-09 06:00:00,<function <lambda> at 0x7fa4962879f0>,<function <lambda> at 0x7fa496287a90>,<function <lambda> at 0x7fa496287b30>
21368,2022-06-09 07:00:00,<function <lambda> at 0x7fa4962879f0>,<function <lambda> at 0x7fa496287a90>,<function <lambda> at 0x7fa496287b30>
21369,2022-06-09 08:00:00,<function <lambda> at 0x7fa4962879f0>,<function <lambda> at 0x7fa496287a90>,<function <lambda> at 0x7fa496287b30>
21370,2022-06-09 09:00:00,<function <lambda> at 0x7fa4962879f0>,<function <lambda> at 0x7fa496287a90>,<function <lambda> at 0x7fa496287b30>
21371,2022-06-09 10:00:00,<function <lambda> at 0x7fa4962879f0>,<function <lambda> at 0x7fa496287a90>,<function <lambda> at 0x7fa496287b30>
21372,2022-06-09 11:00:00,<function <lambda> at 0x7fa4962879f0>,<function <lambda> at 0x7fa496287a90>,<function <lambda> at 0x7fa496287b30>
21373,2022-06-09 12:00:00,<function <lambda> at 0x7fa4962879f0>,<function <lambda> at 0x7fa496287a90>,<function <lambda> at 0x7fa496287b30>
21374,2022-06-09 13:00:00,<function <lambda> at 0x7fa4962879f0>,<function <lambda> at 0x7fa496287a90>,<function <lambda> at 0x7fa496287b30>
21375,2022-06-09 14:00:00,<function <lambda> at 0x7fa4962879f0>,<function <lambda> at 0x7fa496287a90>,<function <lambda> at 0x7fa496287b30>
21376,2022-06-09 15:00:00,<function <lambda> at 0x7fa4962879f0>,<function <lambda> at 0x7fa496287a90>,<function <lambda> at 0x7fa496287b30>
21377,2022-06-09 16:00:00,<function <lambda> at 0x7fa4962879f0>,<function <lambda> at 0x7fa496287a90>,<function <lambda> at 0x7fa496287b30>
21378,2022-06-09 17:00:00,<function <lambda> at 0x7fa4962879f0>,<function <lambda> at 0x7fa496287a90>,<function <lambda> at 0x7fa496287b30>
21379,2022-06-09 18:00:00,<function <lambda> at 0x7fa4962879f0>,<function <lambda> at 0x7fa496287a90>,<function <lambda> at 0x7fa496287b30>
21380,2022-06-09 19:00:00,<function <lambda> at 0x7fa4962879f0>,<function <lambda> at 0x7fa496287a90>,<function <lambda> at 0x7fa496287b30>
21381,2022-06-09 20:00:00,<function <lambda> at 0x7fa4962879f0>,<function <lambda> at 0x7fa496287a90>,<function <lambda> at 0x7fa496287b30>
21382,2022-06-09 21:00:00,<function <lambda> at 0x7fa4962879f0>,<function <lambda> at 0x7fa496287a90>,<function <lambda> at 0x7fa496287b30>
21383,2022-06-09 22:00:00,<function <lambda> at 0x7fa4962879f0>,<function <lambda> at 0x7fa496287a90>,<function <lambda> at 0x7fa496287b30>
21384,2022-06-09 23:00:00,<function <lambda> at 0x7fa4962879f0>,<function <lambda> at 0x7fa496287a90>,<function <lambda> at 0x7fa496287b30>
21385,2022-06-10 00:00:00,<function <lambda> at 0x7fa4962879f0>,<function <lambda> at 0x7fa496287a90>,<function <lambda> at 0x7fa496287b30>
21386,2022-06-10 01:00:00,<function <lambda> at 0x7fa4962879f0>,<function <lambda> at 0x7fa496287a90>,<function <lambda> at 0x7fa496287b30>
21387,2022-06-10 02:00:00,<function <lambda> at 0x7fa4962879f0>,<function <lambda> at 0x7fa496287a90>,<function <lambda> at 0x7fa496287b30>
21388,2022-06-10 03:00:00,<function <lambda> at 0x7fa4962879f0>,<function <lambda> at 0x7fa496287a90>,<function <lambda> at 0x7fa496287b30>
21389,2022-06-10 04:00:00,<function <lambda> at 0x7fa4962879f0>,<function <lambda> at 0x7fa496287a90>,<function <lambda> at 0x7fa496287b30>
21390,2022-06-10 05:00:00,<function <lambda> at 0x7fa4962879f0>,<function <lambda> at 0x7fa496287a90>,<function <lambda> at 0x7fa496287b30>
21391,2022-06-10 06:00:00,<function <lambda> at 0x7fa4962879f0>,<function <lambda> at 0x7fa496287a90>,<function <lambda> at 0x7fa496287b30>
21392,2022-06-10 07:00:00,<function <lambda> at 0x7fa4962879f0>,<function <lambda> at 0x7fa496287a90>,<function <lambda> at 0x7fa496287b30>
21393,2022-06-10 08:00:00,<function <lambda> at 0x7fa4962879f0>,<function <lambda> at 0x7fa496287a90>,<function <lambda> at 0x7fa496287b30>
21394,2022-06-10 09:00:00,<function <lambda> at 0x7fa4962879f0>,<function <lambda> at 0x7fa496287a90>,<function <lambda> at 0x7fa496287b30>
21395,2022-06-10 10:00:00,<function <lambda> at 0x7fa4962879f0>,<function <lambda> at 0x7fa496287a90>,<function <lambda> at 0x7fa496287b30>
21396,2022-06-10 11:00:00,<function <lambda> at 0x7fa4962879f0>,<function <lambda> at 0x7fa496287a90>,<function <lambda> at 0x7fa496287b30>
21397,2022-06-10 12:00:00,<function <lambda> at 0x7fa4962879f0>,<function <lambda> at 0x7fa496287a90>,<function <lambda> at 0x7fa496287b30>
21398,2022-06-10 13:00:00,<function <lambda> at 0x7fa4962879f0>,<function <lambda> at 0x7fa496287a90>,<function <lambda> at 0x7fa496287b30>
21399,2022-06-10 14:00:00,<function <lambda> at 0x7fa4962879f0>,<function <lambda> at 0x7fa496287a90>,<function <lambda> at 0x7fa496287b30>
21400,2022-06-10 15:00:00,<function <lambda> at 0x7fa4962879f0>,<function <lambda> at 0x7fa496287a90>,<function <lambda> at 0x7fa496287b30>
21401,2022-06-10 16:00:00,<function <lambda> at 0x7fa4962879f0>,<function <lambda> at 0x7fa496287a90>,<function <lambda> at 0x7fa496287b30>
21402,2022-06-10 17:00:00,<function <lambda> at 0x7fa4962879f0>,<function <lambda> at 0x7fa496287a90>,<function <lambda> at 0x7fa496287b30>
21403,2022-06-10 18:00:00,<function <lambda> at 0x7fa4962879f0>,<function <lambda> at 0x7fa496287a90>,<function <lambda> at 0x7fa496287b30>
21404,2022-06-10 19:00:00,<function <lambda> at 0x7fa4962879f0>,<function <lambda> at 0x7fa496287a90>,<function <lambda> at 0x7fa496287b30>
21405,2022-06-10 20:00:00,<function <lambda> at 0x7fa4962879f0>,<function <lambda> at 0x7fa496287a90>,<function <lambda> at 0x7fa496287b30>
21406,2022-06-10 21:00:00,<function <lambda> at 0x7fa4962879f0>,<function <lambda> at 0x7fa496287a90>,<function <lambda> at 0x7fa496287b30>
21407,2022-06-10 22:00:00,<function <lambda> at 0x7fa4962879f0>,<function <lambda> at 0x7fa496287a90>,<function <lambda> at 0x7fa496287b30>
21408,2022-06-10 23:00:00,<function <lambda> at 0x7fa4962879f0>,<function <lambda> at 0x7fa496287a90>,<function <lambda> at 0x7fa496287b30>
21409,2022-06-11 00:00:00,<function <lambda> at 0x7fa4962879f0>,<function <lambda> at 0x7fa496287a90>,<function <lambda> at 0x7fa496287b30>
21410,2022-06-11 01:00:00,<function <lambda> at 0x7fa4962879f0>,<function <lambda> at 0x7fa496287a90>,<function <lambda> at 0x7fa496287b30>
21411,2022-06-11 02:00:00,<function <lambda> at 0x7fa4962879f0>,<function <lambda> at 0x7fa496287a90>,<function <lambda> at 0x7fa496287b30>
21412,2022-06-11 03:00:00,<function <lambda> at 0x7fa4962879f0>,<function <lambda> at 0x7fa496287a90>,<function <lambda> at 0x7fa496287b30>
21413,2022-06-11 04:00:00,<function <lambda> at 0x7fa4962879f0>,<function <lambda> at 0x7fa496287a90>,<function <lambda> at 0x7fa496287b30>
21414,2022-06-11 05:00:00,<function <lambda> at 0x7fa4962879f0>,<function <lambda> at 0x7fa496287a90>,<function <lambda> at 0x7fa496287b30>
21415,2022-06-11 06:00:00,<function <lambda> at 0x7fa4962879f0>,<function <lambda> at 0x7fa496287a90>,<function <lambda> at 0x7fa496287b30>
21416,2022-06-11 07:00:00,<function <lambda> at 0x7fa4962879f0>,<function <lambda> at 0x7fa496287a90>,<function <lambda> at 0x7fa496287b30>
21417,2022-06-11 08:00:00,<function <lambda> at 0x7fa4962879f0>,<function <lambda> at 0x7fa496287a90>,<function <lambda> at 0x7fa496287b30>
21418,2022-06-11 09:00:00,<function <lambda> at 0x7fa4962879f0>,<function <lambda> at 0x7fa496287a90>,<function <lambda> at 0x7fa496287b30>
21419,2022-06-11 10:00:00,<function <lambda> at 0x7fa4962879f0>,<function <lambda> at 0x7fa496287a90>,<function <lambda> at 0x7fa496287b30>
21420,2022-06-11 11:00:00,<function <lambda> at 0x7fa4962879f0>,<function <lambda> at 0x7fa496287a90>,<function <lambda> at 0x7fa496287b30>
21421,2022-06-11 12:00:00,<function <lambda> at 0x7fa4962879f0>,<function <lambda> at 0x7fa496287a90>,<function <lambda> at 0x7fa496287b30>
21422,2022-06-11 13:00:00,<function <lambda> at 0x7fa4962879f0>,<function <lambda> at 0x7fa496287a90>,<function <lambda> at 0x7fa496287b30>
21423,2022-06-11 14:00:00,<function <lambda> at 0x7fa4962879f0>,<function <lambda> at 0x7fa496287a90>,<function <lambda> at 0x7fa496287b30>
21424,2022-06-11 15:00:00,<function <lambda> at 0x7fa4962879f0>,<function <lambda> at 0x7fa496287a90>,<function <lambda> at 0x7fa496287b30>
21425,2022-06-11 16:00:00,<function <lambda> at 0x7fa4962879f0>,<function <lambda> at 0x7fa496287a90>,<function <lambda> at 0x7fa496287b30>
21426,2022-06-11 17:00:00,<function <lambda> at 0x7fa4962879f0>,<function <lambda> at 0x7fa496287a90>,<function <lambda> at 0x7fa496287b30>
21427,2022-06-11 18:00:00,<function <lambda> at 0x7fa4962879f0>,<function <lambda> at 0x7fa496287a90>,<function <lambda> at 0x7fa496287b30>
21428,2022-06-11 19:00:00,<function <lambda> at 0x7fa4962879f0>,<function <lambda> at 0x7fa496287a90>,<function <lambda> at 0x7fa496287b30>
21429,2022-06-11 20:00:00,<function <lambda> at 0x7fa4962879f0>,<function <lambda> at 0x7fa496287a90>,<function <lambda> at 0x7fa496287b30>
21430,2022-06-11 21:00:00,<function <lambda> at 0x7fa4962879f0>,<function <lambda> at 0x7fa496287a90>,<function <lambda> at 0x7fa496287b30>
21431,2022-06-11 22:00:00,<function <lambda> at 0x7fa4962879f0>,<function <lambda> at 0x7fa496287a90>,<function <lambda> at 0x7fa496287b30>
21432,2022-06-11 23:00:00,<function <lambda> at 0x7fa4962879f0>,<function <lambda> at 0x7fa496287a90>,<function <lambda> at 0x7fa496287b30>
21433,2022-06-12 00:00:00,<function <lambda> at 0x7fa4962879f0>,<function <lambda> at 0x7fa496287a90>,<function <lambda> at 0x7fa496287b30>
21434,2022-06-12 01:00:00,<function <lambda> at 0x7fa4962879f0>,<function <lambda> at 0x7fa496287a90>,<function <lambda> at 0x7fa496287b30>
21435,2022-06-12 02:00:00,<function <lambda> at 0x7fa4962879f0>,<function <lambda> at 0x7fa496287a90>,<function <lambda> at 0x7fa496287b30>
21436,2022-06-12 03:00:00,<function <lambda> at 0x7fa4962879f0>,<function <lambda> at 0x7fa496287a90>,<function <lambda> at 0x7fa496287b30>
21437,2022-06-12 04:00:00,<function <lambda> at 0x7fa4962879f0>,<function <lambda> at 0x7fa496287a90>,<function <lambda> at 0x7fa496287b30>
21438,2022-06-12 05:00:00,<function <lambda> at 0x7fa4962879f0>,<function <lambda> at 0x7fa496287a90>,<function <lambda> at 0x7fa496287b30>
21439,2022-06-12 06:00:00,<function <lambda> at 0x7fa4962879f0>,<function <lambda> at 0x7fa496287a90>,<function <lambda> at 0x7fa496287b30>
21440,2022-06-12 07:00:00,<function <lambda> at 0x7fa4962879f0>,<function <lambda> at 0x7fa496287a90>,<function <lambda> at 0x7fa496287b30>
21441,2022-06-12 08:00:00,<function <lambda> at 0x7fa4962879f0>,<function <lambda> at 0x7fa496287a90>,<function <lambda> at 0x7fa496287b30>
21442,2022-06-12 09:00:00,<function <lambda> at 0x7fa4962879f0>,<function <lambda> at 0x7fa496287a90>,<function <lambda> at 0x7fa496287b30>
21443,2022-06-12 10:00:00,<function <lambda> at 0x7fa4962879f0>,<function <lambda> at 0x7fa496287a90>,<function <lambda> at 0x7fa496287b30>
21444,2022-06-12 11:00:00,<function <lambda> at 0x7fa4962879f0>,<function <lambda> at 0x7fa496287a90>,<function <lambda> at 0x7fa496287b30>
21445,2022-06-12 12:00:00,<function <lambda> at 0x7fa4962879f0>,<function <lambda> at 0x7fa496287a90>,<function <lambda> at 0x7fa496287b30>
21446,2022-06-12 13:00:00,<function <lambda> at 0x7fa4962879f0>,<function <lambda> at 0x7fa496287a90>,<function <lambda> at 0x7fa496287b30>
21447,2022-06-12 14:00:00,<function <lambda> at 0x7fa4962879f0>,<function <lambda> at 0x7fa496287a90>,<function <lambda> at 0x7fa496287b30>
21448,2022-06-12 15:00:00,<function <lambda> at 0x7fa4962879f0>,<function <lambda> at 0x7fa496287a90>,<function <lambda> at 0x7fa496287b30>
21449,2022-06-12 16:00:00,<function <lambda> at 0x7fa4962879f0>,<function <lambda> at 0x7fa496287a90>,<function <lambda> at 0x7fa496287b30>
21450,2022-06-12 17:00:00,<function <lambda> at 0x7fa4962879f0>,<function <lambda> at 0x7fa496287a90>,<function <lambda> at 0x7fa496287b30>
21451,2022-06-12 18:00:00,<function <lambda> at 0x7fa4962879f0>,<function <lambda> at 0x7fa496287a90>,<function <lambda> at 0x7fa496287b30>
21452,2022-06-12 19:00:00,<function <lambda> at 0x7fa4962879f0>,<function <lambda> at 0x7fa496287a90>,<function <lambda> at 0x7fa496287b30>
21453,2022-06-12 20:00:00,<function <lambda> at 0x7fa4962879f0>,<function <lambda> at 0x7fa496287a90>,<function <lambda> at 0x7fa496287b30>
21454,2022-06-12 21:00:00,<function <lambda> at 0x7fa4962879f0>,<function <lambda> at 0x7fa496287a90>,<function <lambda> at 0x7fa496287b30>
21455,2022-06-12 22:00:00,<function <lambda> at 0x7fa4962879f0>,<function <lambda> at 0x7fa496287a90>,<function <lambda> at 0x7fa496287b30>
21456,2022-06-12 23:00:00,<function <lambda> at 0x7fa4962879f0>,<function <lambda> at 0x7fa496287a90>,<function <lambda> at 0x7fa496287b30>
21457,2022-06-13 00:00:00,<function <lambda> at 0x7fa4962879f0>,<function <lambda> at 0x7fa496287a90>,<function <lambda> at 0x7fa496287b30>
21458,2022-06-13 01:00:00,<function <lambda> at 0x7fa4962879f0>,<function <lambda> at 0x7fa496287a90>,<function <lambda> at 0x7fa496287b30>
21459,2022-06-13 02:00:00,<function <lambda> at 0x7fa4962879f0>,<function <lambda> at 0x7fa496287a90>,<function <lambda> at 0x7fa496287b30>
21460,2022-06-13 03:00:00,<function <lambda> at 0x7fa4962879f0>,<function <lambda> at 0x7fa496287a90>,<function <lambda> at 0x7fa496287b30>
21461,2022-06-13 04:00:00,<function <lambda> at 0x7fa4962879f0>,<function <lambda> at 0x7fa496287a90>,<function <lambda> at 0x7fa496287b30>
21462,2022-06-13 05:00:00,<function <lambda> at 0x7fa4962879f0>,<function <lambda> at 0x7fa496287a90>,<function <lambda> at 0x7fa496287b30>
21463,2022-06-13 06:00:00,<function <lambda> at 0x7fa4962879f0>,<function <lambda> at 0x7fa496287a90>,<function <lambda> at 0x7fa496287b30>
21464,2022-06-13 07:00:00,<function <lambda> at 0x7fa4962879f0>,<function <lambda> at 0x7fa496287a90>,<function <lambda> at 0x7fa496287b30>
21465,2022-06-13 08:00:00,<function <lambda> at 0x7fa4962879f0>,<function <lambda> at 0x7fa496287a90>,<function <lambda> at 0x7fa496287b30>
21466,2022-06-13 09:00:00,<function <lambda> at 0x7fa4962879f0>,<function <lambda> at 0x7fa496287a90>,<function <lambda> at 0x7fa496287b30>
21467,2022-06-13 10:00:00,<function <lambda> at 0x7fa4962879f0>,<function <lambda> at 0x7fa496287a90>,<function <lambda> at 0x7fa496287b30>
21468,2022-06-13 11:00:00,<function <lambda> at 0x7fa4962879f0>,<function <lambda> at 0x7fa496287a90>,<function <lambda> at 0x7fa496287b30>
21469,2022-06-13 12:00:00,<function <lambda> at 0x7fa4962879f0>,<function <lambda> at 0x7fa496287a90>,<function <lambda> at 0x7fa496287b30>
21470,2022-06-13 13:00:00,<function <lambda> at 0x7fa4962879f0>,<function <lambda> at 0x7fa496287a90>,<function <lambda> at 0x7fa496287b30>
21471,2022-06-13 14:00:00,<function <lambda> at 0x7fa4962879f0>,<function <lambda> at 0x7fa496287a90>,<function <lambda> at 0x7fa496287b30>
21472,2022-06-13 15:00:00,<function <lambda> at 0x7fa4962879f0>,<function <lambda> at 0x7fa496287a90>,<function <lambda> at 0x7fa496287b30>
21473,2022-06-13 16:00:00,<function <lambda> at 0x7fa4962879f0>,<function <lambda> at 0x7fa496287a90>,<function <lambda> at 0x7fa496287b30>
21474,2022-06-13 17:00:00,<function <lambda> at 0x7fa4962879f0>,<function <lambda> at 0x7fa496287a90>,<function <lambda> at 0x7fa496287b30>
21475,2022-06-13 18:00:00,<function <lambda> at 0x7fa4962879f0>,<function <lambda> at 0x7fa496287a90>,<function <lambda> at 0x7fa496287b30>
21476,2022-06-13 19:00:00,<function <lambda> at 0x7fa4962879f0>,<function <lambda> at 0x7fa496287a90>,<function <lambda> at 0x7fa496287b30>
21477,2022-06-13 20:00:00,<function <lambda> at 0x7fa4962879f0>,<function <lambda> at 0x7fa496287a90>,<function <lambda> at 0x7fa496287b30>
21478,2022-06-13 21:00:00,<function <lambda> at 0x7fa4962879f0>,<function <lambda> at 0x7fa496287a90>,<function <lambda> at 0x7fa496287b30>
21479,2022-06-13 22:00:00,<function <lambda> at 0x7fa4962879f0>,<function <lambda> at 0x7fa496287a90>,<function <lambda> at 0x7fa496287b30>
21480,2022-06-13 23:00:00,<function <lambda> at 0x7fa4962879f0>,<function <lambda> at 0x7fa496287a90>,<function <lambda> at 0x7fa496287b30>
21481,2022-06-14 00:00:00,<function <lambda> at 0x7fa4962879f0>,<function <lambda> at 0x7fa496287a90>,<function <lambda> at 0x7fa496287b30>
21482,2022-06-14 01:00:00,<function <lambda> at 0x7fa4962879f0>,<function <lambda> at 0x7fa496287a90>,<function <lambda> at 0x7fa496287b30>
21483,2022-06-14 02:00:00,<function <lambda> at 0x7fa4962879f0>,<function <lambda> at 0x7fa496287a90>,<function <lambda> at 0x7fa496287b30>
21484,2022-06-14 03:00:00,<function <lambda> at 0x7fa4962879f0>,<function <lambda> at 0x7fa496287a90>,<function <lambda> at 0x7fa496287b30>
21485,2022-06-14 04:00:00,<function <lambda> at 0x7fa4962879f0>,<function <lambda> at 0x7fa496287a90>,<function <lambda> at 0x7fa496287b30>
21486,2022-06-14 05:00:00,<function <lambda> at 0x7fa4962879f0>,<function <lambda> at 0x7fa496287a90>,<function <lambda> at 0x7fa496287b30>
21487,2022-06-14 06:00:00,<function <lambda> at 0x7fa4962879f0>,<function <lambda> at 0x7fa496287a90>,<function <lambda> at 0x7fa496287b30>
21488,2022-06-14 07:00:00,<function <lambda> at 0x7fa4962879f0>,<function <lambda> at 0x7fa496287a90>,<function <lambda> at 0x7fa496287b30>
21489,2022-06-14 08:00:00,<function <lambda> at 0x7fa4962879f0>,<function <lambda> at 0x7fa496287a90>,<function <lambda> at 0x7fa496287b30>
21490,2022-06-14 09:00:00,<function <lambda> at 0x7fa4962879f0>,<function <lambda> at 0x7fa496287a90>,<function <lambda> at 0x7fa496287b30>
21491,2022-06-14 10:00:00,<function <lambda> at 0x7fa4962879f0>,<function <lambda> at 0x7fa496287a90>,<function <lambda> at 0x7fa496287b30>
21492,2022-06-14 11:00:00,<function <lambda> at 0x7fa4962879f0>,<function <lambda> at 0x7fa496287a90>,<function <lambda> at 0x7fa496287b30>
21493,2022-06-14 12:00:00,<function <lambda> at 0x7fa4962879f0>,<function <lambda> at 0x7fa496287a90>,<function <lambda> at 0x7fa496287b30>
21494,2022-06-14 13:00:00,<function <lambda> at 0x7fa4962879f0>,<function <lambda> at 0x7fa496287a90>,<function <lambda> at 0x7fa496287b30>
21495,2022-06-14 14:00:00,<function <lambda> at 0x7fa4962879f0>,<function <lambda> at 0x7fa496287a90>,<function <lambda> at 0x7fa496287b30>
21496,2022-06-14 15:00:00,<function <lambda> at 0x7fa4962879f0>,<function <lambda> at 0x7fa496287a90>,<function <lambda> at 0x7fa496287b30>
21497,2022-06-14 16:00:00,<function <lambda> at 0x7fa4962879f0>,<function <lambda> at 0x7fa496287a90>,<function <lambda> at 0x7fa496287b30>
21498,2022-06-14 17:00:00,<function <lambda> at 0x7fa4962879f0>,<function <lambda> at 0x7fa496287a90>,<function <lambda> at 0x7fa496287b30>
21499,2022-06-14 18:00:00,<function <lambda> at 0x7fa4962879f0>,<function <lambda> at 0x7fa496287a90>,<function <lambda> at 0x7fa496287b30>
21500,2022-06-14 19:00:00,<function <lambda> at 0x7fa4962879f0>,<function <lambda> at 0x7fa496287a90>,<function <lambda> at 0x7fa496287b30>
21501,2022-06-14 20:00:00,<function <lambda> at 0x7fa4962879f0>,<function <lambda> at 0x7fa496287a90>,<function <lambda> at 0x7fa496287b30>
21502,2022-06-14 21:00:00,<function <lambda> at 0x7fa4962879f0>,<function <lambda> at 0x7fa496287a90>,<function <lambda> at 0x7fa496287b30>
21503,2022-06-14 22:00:00,<function <lambda> at 0x7fa4962879f0>,<function <lambda> at 0x7fa496287a90>,<function <lambda> at 0x7fa496287b30>
21504,2022-06-14 23:00:00,<function <lambda> at 0x7fa4962879f0>,<function <lambda> at 0x7fa496287a90>,<function <lambda> at 0x7fa496287b30>
21505,2022-06-15 00:00:00,<function <lambda> at 0x7fa4962879f0>,<function <lambda> at 0x7fa496287a90>,<function <lambda> at 0x7fa496287b30>
21506,2022-06-15 01:00:00,<function <lambda> at 0x7fa4962879f0>,<function <lambda> at 0x7fa496287a90>,<function <lambda> at 0x7fa496287b30>
21507,2022-06-15 02:00:00,<function <lambda> at 0x7fa4962879f0>,<function <lambda> at 0x7fa496287a90>,<function <lambda> at 0x7fa496287b30>
21508,2022-06-15 03:00:00,<function <lambda> at 0x7fa4962879f0>,<function <lambda> at 0x7fa496287a90>,<function <lambda> at 0x7fa496287b30>
21509,2022-06-15 04:00:00,<function <lambda> at 0x7fa4962879f0>,<function <lambda> at 0x7fa496287a90>,<function <lambda> at 0x7fa496287b30>
21510,2022-06-15 05:00:00,<function <lambda> at 0x7fa4962879f0>,<function <lambda> at 0x7fa496287a90>,<function <lambda> at 0x7fa496287b30>
21511,2022-06-15 06:00:00,<function <lambda> at 0x7fa4962879f0>,<function <lambda> at 0x7fa496287a90>,<function <lambda> at 0x7fa496287b30>
21512,2022-06-15 07:00:00,<function <lambda> at 0x7fa4962879f0>,<function <lambda> at 0x7fa496287a90>,<function <lambda> at 0x7fa496287b30>
21513,2022-06-15 08:00:00,<function <lambda> at 0x7fa4962879f0>,<function <lambda> at 0x7fa496287a90>,<function <lambda> at 0x7fa496287b30>
21514,2022-06-15 09:00:00,<function <lambda> at 0x7fa4962879f0>,<function <lambda> at 0x7fa496287a90>,<function <lambda> at 0x7fa496287b30>
21515,2022-06-15 10:00:00,<function <lambda> at 0x7fa4962879f0>,<function <lambda> at 0x7fa496287a90>,<function <lambda> at 0x7fa496287b30>
21516,2022-06-15 11:00:00,<function <lambda> at 0x7fa4962879f0>,<function <lambda> at 0x7fa496287a90>,<function <lambda> at 0x7fa496287b30>
21517,2022-06-15 12:00:00,<function <lambda> at 0x7fa4962879f0>,<function <lambda> at 0x7fa496287a90>,<function <lambda> at 0x7fa496287b30>
21518,2022-06-15 13:00:00,<function <lambda> at 0x7fa4962879f0>,<function <lambda> at 0x7fa496287a90>,<function <lambda> at 0x7fa496287b30>
21519,2022-06-15 14:00:00,<function <lambda> at 0x7fa4962879f0>,<function <lambda> at 0x7fa496287a90>,<function <lambda> at 0x7fa496287b30>
21520,2022-06-15 15:00:00,<function <lambda> at 0x7fa4962879f0>,<function <lambda> at 0x7fa496287a90>,<function <lambda> at 0x7fa496287b30>
21521,2022-06-15 16:00:00,<function <lambda> at 0x7fa4962879f0>,<function <lambda> at 0x7fa496287a90>,<function <lambda> at 0x7fa496287b30>
21522,2022-06-15 17:00:00,<function <lambda> at 0x7fa4962879f0>,<function <lambda> at 0x7fa496287a90>,<function <lambda> at 0x7fa496287b30>
21523,2022-06-15 18:00:00,<function <lambda> at 0x7fa4962879f0>,<function <lambda> at 0x7fa496287a90>,<function <lambda> at 0x7fa496287b30>
21524,2022-06-15 19:00:00,<function <lambda> at 0x7fa4962879f0>,<function <lambda> at 0x7fa496287a90>,<function <lambda> at 0x7fa496287b30>
21525,2022-06-15 20:00:00,<function <lambda> at 0x7fa4962879f0>,<function <lambda> at 0x7fa496287a90>,<function <lambda> at 0x7fa496287b30>
21526,2022-06-15 21:00:00,<function <lambda> at 0x7fa4962879f0>,<function <lambda> at 0x7fa496287a90>,<function <lambda> at 0x7fa496287b30>
21527,2022-06-15 22:00:00,<function <lambda> at 0x7fa4962879f0>,<function <lambda> at 0x7fa496287a90>,<function <lambda> at 0x7fa496287b30>
21528,2022-06-15 23:00:00,<function <lambda> at 0x7fa4962879f0>,<function <lambda> at 0x7fa496287a90>,<function <lambda> at 0x7fa496287b30>
21529,2022-06-16 00:00:00,<function <lambda> at 0x7fa4962879f0>,<function <lambda> at 0x7fa496287a90>,<function <lambda> at 0x7fa496287b30>
21530,2022-06-16 01:00:00,<function <lambda> at 0x7fa4962879f0>,<function <lambda> at 0x7fa496287a90>,<function <lambda> at 0x7fa496287b30>
21531,2022-06-16 02:00:00,<function <lambda> at 0x7fa4962879f0>,<function <lambda> at 0x7fa496287a90>,<function <lambda> at 0x7fa496287b30>
21532,2022-06-16 03:00:00,<function <lambda> at 0x7fa4962879f0>,<function <lambda> at 0x7fa496287a90>,<function <lambda> at 0x7fa496287b30>
21533,2022-06-16 04:00:00,<function <lambda> at 0x7fa4962879f0>,<function <lambda> at 0x7fa496287a90>,<function <lambda> at 0x7fa496287b30>
21534,2022-06-16 05:00:00,<function <lambda> at 0x7fa4962879f0>,<function <lambda> at 0x7fa496287a90>,<function <lambda> at 0x7fa496287b30>
21535,2022-06-16 06:00:00,<function <lambda> at 0x7fa4962879f0>,<function <lambda> at 0x7fa496287a90>,<function <lambda> at 0x7fa496287b30>
21536,2022-06-16 07:00:00,<function <lambda> at 0x7fa4962879f0>,<function <lambda> at 0x7fa496287a90>,<function <lambda> at 0x7fa496287b30>
21537,2022-06-16 08:00:00,<function <lambda> at 0x7fa4962879f0>,<function <lambda> at 0x7fa496287a90>,<function <lambda> at 0x7fa496287b30>
21538,2022-06-16 09:00:00,<function <lambda> at 0x7fa4962879f0>,<function <lambda> at 0x7fa496287a90>,<function <lambda> at 0x7fa496287b30>
21539,2022-06-16 10:00:00,<function <lambda> at 0x7fa4962879f0>,<function <lambda> at 0x7fa496287a90>,<function <lambda> at 0x7fa496287b30>
21540,2022-06-16 11:00:00,<function <lambda> at 0x7fa4962879f0>,<function <lambda> at 0x7fa496287a90>,<function <lambda> at 0x7fa496287b30>
21541,2022-06-16 12:00:00,<function <lambda> at 0x7fa4962879f0>,<function <lambda> at 0x7fa496287a90>,<function <lambda> at 0x7fa496287b30>
21542,2022-06-16 13:00:00,<function <lambda> at 0x7fa4962879f0>,<function <lambda> at 0x7fa496287a90>,<function <lambda> at 0x7fa496287b30>
21543,2022-06-16 14:00:00,<function <lambda> at 0x7fa4962879f0>,<function <lambda> at 0x7fa496287a90>,<function <lambda> at 0x7fa496287b30>
21544,2022-06-16 15:00:00,<function <lambda> at 0x7fa4962879f0>,<function <lambda> at 0x7fa496287a90>,<function <lambda> at 0x7fa496287b30>
21545,2022-06-16 16:00:00,<function <lambda> at 0x7fa4962879f0>,<function <lambda> at 0x7fa496287a90>,<function <lambda> at 0x7fa496287b30>
21546,2022-06-16 17:00:00,<function <lambda> at 0x7fa4962879f0>,<function <lambda> at 0x7fa496287a90>,<function <lambda> at 0x7fa496287b30>
21547,2022-06-16 18:00:00,<function <lambda> at 0x7fa4962879f0>,<function <lambda> at 0x7fa496287a90>,<function <lambda> at 0x7fa496287b30>
21548,2022-06-16 19:00:00,<function <lambda> at 0x7fa4962879f0>,<function <lambda> at 0x7fa496287a90>,<function <lambda> at 0x7fa496287b30>
21549,2022-06-16 20:00:00,<function <lambda> at 0x7fa4962879f0>,<function <lambda> at 0x7fa496287a90>,<function <lambda> at 0x7fa496287b30>
21550,2022-06-16 21:00:00,<function <lambda> at 0x7fa4962879f0>,<function <lambda> at 0x7fa496287a90>,<function <lambda> at 0x7fa496287b30>
21551,2022-06-16 22:00:00,<function <lambda> at 0x7fa4962879f0>,<function <lambda> at 0x7fa496287a90>,<function <lambda> at 0x7fa496287b30>
21552,2022-06-16 23:00:00,<function <lambda> at 0x7fa4962879f0>,<function <lambda> at 0x7fa496287a90>,<function <lambda> at 0x7fa496287b30>
21553,2022-06-17 00:00:00,<function <lambda> at 0x7fa4962879f0>,<function <lambda> at 0x7fa496287a90>,<function <lambda> at 0x7fa496287b30>
21554,2022-06-17 01:00:00,<function <lambda> at 0x7fa4962879f0>,<function <lambda> at 0x7fa496287a90>,<function <lambda> at 0x7fa496287b30>
21555,2022-06-17 02:00:00,<function <lambda> at 0x7fa4962879f0>,<function <lambda> at 0x7fa496287a90>,<function <lambda> at 0x7fa496287b30>
21556,2022-06-17 03:00:00,<function <lambda> at 0x7fa4962879f0>,<function <lambda> at 0x7fa496287a90>,<function <lambda> at 0x7fa496287b30>
21557,2022-06-17 04:00:00,<function <lambda> at 0x7fa4962879f0>,<function <lambda> at 0x7fa496287a90>,<function <lambda> at 0x7fa496287b30>
21558,2022-06-17 05:00:00,<function <lambda> at 0x7fa4962879f0>,<function <lambda> at 0x7fa496287a90>,<function <lambda> at 0x7fa496287b30>
21559,2022-06-17 06:00:00,<function <lambda> at 0x7fa4962879f0>,<function <lambda> at 0x7fa496287a90>,<function <lambda> at 0x7fa496287b30>
21560,2022-06-17 07:00:00,<function <lambda> at 0x7fa4962879f0>,<function <lambda> at 0x7fa496287a90>,<function <lambda> at 0x7fa496287b30>
21561,2022-06-17 08:00:00,<function <lambda> at 0x7fa4962879f0>,<function <lambda> at 0x7fa496287a90>,<function <lambda> at 0x7fa496287b30>
21562,2022-06-17 09:00:00,<function <lambda> at 0x7fa4962879f0>,<function <lambda> at 0x7fa496287a90>,<function <lambda> at 0x7fa496287b30>
21563,2022-06-17 10:00:00,<function <lambda> at 0x7fa4962879f0>,<function <lambda> at 0x7fa496287a90>,<function <lambda> at 0x7fa496287b30>
21564,2022-06-17 11:00:00,<function <lambda> at 0x7fa4962879f0>,<function <lambda> at 0x7fa496287a90>,<function <lambda> at 0x7fa496287b30>
21565,2022-06-17 12:00:00,<function <lambda> at 0x7fa4962879f0>,<function <lambda> at 0x7fa496287a90>,<function <lambda> at 0x7fa496287b30>
21566,2022-06-17 13:00:00,<function <lambda> at 0x7fa4962879f0>,<function <lambda> at 0x7fa496287a90>,<function <lambda> at 0x7fa496287b30>
21567,2022-06-17 14:00:00,<function <lambda> at 0x7fa4962879f0>,<function <lambda> at 0x7fa496287a90>,<function <lambda> at 0x7fa496287b30>
21568,2022-06-17 15:00:00,<function <lambda> at 0x7fa4962879f0>,<function <lambda> at 0x7fa496287a90>,<function <lambda> at 0x7fa496287b30>
21569,2022-06-17 16:00:00,<function <lambda> at 0x7fa4962879f0>,<function <lambda> at 0x7fa496287a90>,<function <lambda> at 0x7fa496287b30>
21570,2022-06-17 17:00:00,<function <lambda> at 0x7fa4962879f0>,<function <lambda> at 0x7fa496287a90>,<function <lambda> at 0x7fa496287b30>
21571,2022-06-17 18:00:00,<function <lambda> at 0x7fa4962879f0>,<function <lambda> at 0x7fa496287a90>,<function <lambda> at 0x7fa496287b30>
21572,2022-06-17 19:00:00,<function <lambda> at 0x7fa4962879f0>,<function <lambda> at 0x7fa496287a90>,<function <lambda> at 0x7fa496287b30>
21573,2022-06-17 20:00:00,<function <lambda> at 0x7fa4962879f0>,<function <lambda> at 0x7fa496287a90>,<function <lambda> at 0x7fa496287b30>
21574,2022-06-17 21:00:00,<function <lambda> at 0x7fa4962879f0>,<function <lambda> at 0x7fa496287a90>,<function <lambda> at 0x7fa496287b30>
21575,2022-06-17 22:00:00,<function <lambda> at 0x7fa4962879f0>,<function <lambda> at 0x7fa496287a90>,<function <lambda> at 0x7fa496287b30>
21576,2022-06-17 23:00:00,<function <lambda> at 0x7fa4962879f0>,<function <lambda> at 0x7fa496287a90>,<function <lambda> at 0x7fa496287b30>
21577,2022-06-18 00:00:00,<function <lambda> at 0x7fa4962879f0>,<function <lambda> at 0x7fa496287a90>,<function <lambda> at 0x7fa496287b30>
21578,2022-06-18 01:00:00,<function <lambda> at 0x7fa4962879f0>,<function <lambda> at 0x7fa496287a90>,<function <lambda> at 0x7fa496287b30>
21579,2022-06-18 02:00:00,<function <lambda> at 0x7fa4962879f0>,<function <lambda> at 0x7fa496287a90>,<function <lambda> at 0x7fa496287b30>
21580,2022-06-18 03:00:00,<function <lambda> at 0x7fa4962879f0>,<function <lambda> at 0x7fa496287a90>,<function <lambda> at 0x7fa496287b30>
21581,2022-06-18 04:00:00,<function <lambda> at 0x7fa4962879f0>,<function <lambda> at 0x7fa496287a90>,<function <lambda> at 0x7fa496287b30>
21582,2022-06-18 05:00:00,<function <lambda> at 0x7fa4962879f0>,<function <lambda> at 0x7fa496287a90>,<function <lambda> at 0x7fa496287b30>
21583,2022-06-18 06:00:00,<function <lambda> at 0x7fa4962879f0>,<function <lambda> at 0x7fa496287a90>,<function <lambda> at 0x7fa496287b30>
21584,2022-06-18 07:00:00,<function <lambda> at 0x7fa4962879f0>,<function <lambda> at 0x7fa496287a90>,<function <lambda> at 0x7fa496287b30>
21585,2022-06-18 08:00:00,<function <lambda> at 0x7fa4962879f0>,<function <lambda> at 0x7fa496287a90>,<function <lambda> at 0x7fa496287b30>
21586,2022-06-18 09:00:00,<function <lambda> at 0x7fa4962879f0>,<function <lambda> at 0x7fa496287a90>,<function <lambda> at 0x7fa496287b30>
21587,2022-06-18 10:00:00,<function <lambda> at 0x7fa4962879f0>,<function <lambda> at 0x7fa496287a90>,<function <lambda> at 0x7fa496287b30>
21588,2022-06-18 11:00:00,<function <lambda> at 0x7fa4962879f0>,<function <lambda> at 0x7fa496287a90>,<function <lambda> at 0x7fa496287b30>
21589,2022-06-18 12:00:00,<function <lambda> at 0x7fa4962879f0>,<function <lambda> at 0x7fa496287a90>,<function <lambda> at 0x7fa496287b30>
21590,2022-06-18 13:00:00,<function <lambda> at 0x7fa4962879f0>,<function <lambda> at 0x7fa496287a90>,<function <lambda> at 0x7fa496287b30>
21591,2022-06-18 14:00:00,<function <lambda> at 0x7fa4962879f0>,<function <lambda> at 0x7fa496287a90>,<function <lambda> at 0x7fa496287b30>
21592,2022-06-18 15:00:00,<function <lambda> at 0x7fa4962879f0>,<function <lambda> at 0x7fa496287a90>,<function <lambda> at 0x7fa496287b30>
21593,2022-06-18 16:00:00,<function <lambda> at 0x7fa4962879f0>,<function <lambda> at 0x7fa496287a90>,<function <lambda> at 0x7fa496287b30>
21594,2022-06-18 17:00:00,<function <lambda> at 0x7fa4962879f0>,<function <lambda> at 0x7fa496287a90>,<function <lambda> at 0x7fa496287b30>
21595,2022-06-18 18:00:00,<function <lambda> at 0x7fa4962879f0>,<function <lambda> at 0x7fa496287a90>,<function <lambda> at 0x7fa496287b30>
21596,2022-06-18 19:00:00,<function <lambda> at 0x7fa4962879f0>,<function <lambda> at 0x7fa496287a90>,<function <lambda> at 0x7fa496287b30>
21597,2022-06-18 20:00:00,<function <lambda> at 0x7fa4962879f0>,<function <lambda> at 0x7fa496287a90>,<function <lambda> at 0x7fa496287b30>
21598,2022-06-18 21:00:00,<function <lambda> at 0x7fa4962879f0>,<function <lambda> at 0x7fa496287a90>,<function <lambda> at 0x7fa496287b30>
21599,2022-06-18 22:00:00,<function <lambda> at 0x7fa4962879f0>,<function <lambda> at 0x7fa496287a90>,<function <lambda> at 0x7fa496287b30>
21600,2022-06-18 23:00:00,<function <lambda> at 0x7fa4962879f0>,<function <lambda> at 0x7fa496287a90>,<function <lambda> at 0x7fa496287b30>
21601,2022-06-19 00:00:00,<function <lambda> at 0x7fa4962879f0>,<function <lambda> at 0x7fa496287a90>,<function <lambda> at 0x7fa496287b30>
21602,2022-06-19 01:00:00,<function <lambda> at 0x7fa4962879f0>,<function <lambda> at 0x7fa496287a90>,<function <lambda> at 0x7fa496287b30>
21603,2022-06-19 02:00:00,<function <lambda> at 0x7fa4962879f0>,<function <lambda> at 0x7fa496287a90>,<function <lambda> at 0x7fa496287b30>
21604,2022-06-19 03:00:00,<function <lambda> at 0x7fa4962879f0>,<function <lambda> at 0x7fa496287a90>,<function <lambda> at 0x7fa496287b30>
21605,2022-06-19 04:00:00,<function <lambda> at 0x7fa4962879f0>,<function <lambda> at 0x7fa496287a90>,<function <lambda> at 0x7fa496287b30>
21606,2022-06-19 05:00:00,<function <lambda> at 0x7fa4962879f0>,<function <lambda> at 0x7fa496287a90>,<function <lambda> at 0x7fa496287b30>
21607,2022-06-19 06:00:00,<function <lambda> at 0x7fa4962879f0>,<function <lambda> at 0x7fa496287a90>,<function <lambda> at 0x7fa496287b30>
21608,2022-06-19 07:00:00,<function <lambda> at 0x7fa4962879f0>,<function <lambda> at 0x7fa496287a90>,<function <lambda> at 0x7fa496287b30>
21609,2022-06-19 08:00:00,<function <lambda> at 0x7fa4962879f0>,<function <lambda> at 0x7fa496287a90>,<function <lambda> at 0x7fa496287b30>
21610,2022-06-19 09:00:00,<function <lambda> at 0x7fa4962879f0>,<function <lambda> at 0x7fa496287a90>,<function <lambda> at 0x7fa496287b30>
21611,2022-06-19 10:00:00,<function <lambda> at 0x7fa4962879f0>,<function <lambda> at 0x7fa496287a90>,<function <lambda> at 0x7fa496287b30>
21612,2022-06-19 11:00:00,<function <lambda> at 0x7fa4962879f0>,<function <lambda> at 0x7fa496287a90>,<function <lambda> at 0x7fa496287b30>
21613,2022-06-19 12:00:00,<function <lambda> at 0x7fa4962879f0>,<function <lambda> at 0x7fa496287a90>,<function <lambda> at 0x7fa496287b30>
21614,2022-06-19 13:00:00,<function <lambda> at 0x7fa4962879f0>,<function <lambda> at 0x7fa496287a90>,<function <lambda> at 0x7fa496287b30>
21615,2022-06-19 14:00:00,<function <lambda> at 0x7fa4962879f0>,<function <lambda> at 0x7fa496287a90>,<function <lambda> at 0x7fa496287b30>
21616,2022-06-19 15:00:00,<function <lambda> at 0x7fa4962879f0>,<function <lambda> at 0x7fa496287a90>,<function <lambda> at 0x7fa496287b30>
21617,2022-06-19 16:00:00,<function <lambda> at 0x7fa4962879f0>,<function <lambda> at 0x7fa496287a90>,<function <lambda> at 0x7fa496287b30>
21618,2022-06-19 17:00:00,<function <lambda> at 0x7fa4962879f0>,<function <lambda> at 0x7fa496287a90>,<function <lambda> at 0x7fa496287b30>
21619,2022-06-19 18:00:00,<function <lambda> at 0x7fa4962879f0>,<function <lambda> at 0x7fa496287a90>,<function <lambda> at 0x7fa496287b30>
21620,2022-06-19 19:00:00,<function <lambda> at 0x7fa4962879f0>,<function <lambda> at 0x7fa496287a90>,<function <lambda> at 0x7fa496287b30>
21621,2022-06-19 20:00:00,<function <lambda> at 0x7fa4962879f0>,<function <lambda> at 0x7fa496287a90>,<function <lambda> at 0x7fa496287b30>
21622,2022-06-19 21:00:00,<function <lambda> at 0x7fa4962879f0>,<function <lambda> at 0x7fa496287a90>,<function <lambda> at 0x7fa496287b30>
21623,2022-06-19 22:00:00,<function <lambda> at 0x7fa4962879f0>,<function <lambda> at 0x7fa496287a90>,<function <lambda> at 0x7fa496287b30>
21624,2022-06-19 23:00:00,<function <lambda> at 0x7fa4962879f0>,<function <lambda> at 0x7fa496287a90>,<function <lambda> at 0x7fa496287b30>
21625,2022-06-20 00:00:00,<function <lambda> at 0x7fa4962879f0>,<function <lambda> at 0x7fa496287a90>,<function <lambda> at 0x7fa496287b30>
21626,2022-06-20 01:00:00,<function <lambda> at 0x7fa4962879f0>,<function <lambda> at 0x7fa496287a90>,<function <lambda> at 0x7fa496287b30>
21627,2022-06-20 02:00:00,<function <lambda> at 0x7fa4962879f0>,<function <lambda> at 0x7fa496287a90>,<function <lambda> at 0x7fa496287b30>
21628,2022-06-20 03:00:00,<function <lambda> at 0x7fa4962879f0>,<function <lambda> at 0x7fa496287a90>,<function <lambda> at 0x7fa496287b30>
21629,2022-06-20 04:00:00,<function <lambda> at 0x7fa4962879f0>,<function <lambda> at 0x7fa496287a90>,<function <lambda> at 0x7fa496287b30>
21630,2022-06-20 05:00:00,<function <lambda> at 0x7fa4962879f0>,<function <lambda> at 0x7fa496287a90>,<function <lambda> at 0x7fa496287b30>
21631,2022-06-20 06:00:00,<function <lambda> at 0x7fa4962879f0>,<function <lambda> at 0x7fa496287a90>,<function <lambda> at 0x7fa496287b30>
21632,2022-06-20 07:00:00,<function <lambda> at 0x7fa4962879f0>,<function <lambda> at 0x7fa496287a90>,<function <lambda> at 0x7fa496287b30>
21633,2022-06-20 08:00:00,<function <lambda> at 0x7fa4962879f0>,<function <lambda> at 0x7fa496287a90>,<function <lambda> at 0x7fa496287b30>
21634,2022-06-20 09:00:00,<function <lambda> at 0x7fa4962879f0>,<function <lambda> at 0x7fa496287a90>,<function <lambda> at 0x7fa496287b30>
21635,2022-06-20 10:00:00,<function <lambda> at 0x7fa4962879f0>,<function <lambda> at 0x7fa496287a90>,<function <lambda> at 0x7fa496287b30>
21636,2022-06-20 11:00:00,<function <lambda> at 0x7fa4962879f0>,<function <lambda> at 0x7fa496287a90>,<function <lambda> at 0x7fa496287b30>
21637,2022-06-20 12:00:00,<function <lambda> at 0x7fa4962879f0>,<function <lambda> at 0x7fa496287a90>,<function <lambda> at 0x7fa496287b30>
21638,2022-06-20 13:00:00,<function <lambda> at 0x7fa4962879f0>,<function <lambda> at 0x7fa496287a90>,<function <lambda> at 0x7fa496287b30>
21639,2022-06-20 14:00:00,<function <lambda> at 0x7fa4962879f0>,<function <lambda> at 0x7fa496287a90>,<function <lambda> at 0x7fa496287b30>
21640,2022-06-20 15:00:00,<function <lambda> at 0x7fa4962879f0>,<function <lambda> at 0x7fa496287a90>,<function <lambda> at 0x7fa496287b30>
21641,2022-06-20 16:00:00,<function <lambda> at 0x7fa4962879f0>,<function <lambda> at 0x7fa496287a90>,<function <lambda> at 0x7fa496287b30>
21642,2022-06-20 17:00:00,<function <lambda> at 0x7fa4962879f0>,<function <lambda> at 0x7fa496287a90>,<function <lambda> at 0x7fa496287b30>
21643,2022-06-20 18:00:00,<function <lambda> at 0x7fa4962879f0>,<function <lambda> at 0x7fa496287a90>,<function <lambda> at 0x7fa496287b30>
21644,2022-06-20 19:00:00,<function <lambda> at 0x7fa4962879f0>,<function <lambda> at 0x7fa496287a90>,<function <lambda> at 0x7fa496287b30>
21645,2022-06-20 20:00:00,<function <lambda> at 0x7fa4962879f0>,<function <lambda> at 0x7fa496287a90>,<function <lambda> at 0x7fa496287b30>
21646,2022-06-20 21:00:00,<function <lambda> at 0x7fa4962879f0>,<function <lambda> at 0x7fa496287a90>,<function <lambda> at 0x7fa496287b30>
21647,2022-06-20 22:00:00,<function <lambda> at 0x7fa4962879f0>,<function <lambda> at 0x7fa496287a90>,<function <lambda> at 0x7fa496287b30>
21648,2022-06-20 23:00:00,<function <lambda> at 0x7fa4962879f0>,<function <lambda> at 0x7fa496287a90>,<function <lambda> at 0x7fa496287b30>
21649,2022-06-21 00:00:00,<function <lambda> at 0x7fa4962879f0>,<function <lambda> at 0x7fa496287a90>,<function <lambda> at 0x7fa496287b30>
21650,2022-06-21 01:00:00,<function <lambda> at 0x7fa4962879f0>,<function <lambda> at 0x7fa496287a90>,<function <lambda> at 0x7fa496287b30>
21651,2022-06-21 02:00:00,<function <lambda> at 0x7fa4962879f0>,<function <lambda> at 0x7fa496287a90>,<function <lambda> at 0x7fa496287b30>
21652,2022-06-21 03:00:00,<function <lambda> at 0x7fa4962879f0>,<function <lambda> at 0x7fa496287a90>,<function <lambda> at 0x7fa496287b30>
21653,2022-06-21 04:00:00,<function <lambda> at 0x7fa4962879f0>,<function <lambda> at 0x7fa496287a90>,<function <lambda> at 0x7fa496287b30>
21654,2022-06-21 05:00:00,<function <lambda> at 0x7fa4962879f0>,<function <lambda> at 0x7fa496287a90>,<function <lambda> at 0x7fa496287b30>
21655,2022-06-21 06:00:00,<function <lambda> at 0x7fa4962879f0>,<function <lambda> at 0x7fa496287a90>,<function <lambda> at 0x7fa496287b30>
21656,2022-06-21 07:00:00,<function <lambda> at 0x7fa4962879f0>,<function <lambda> at 0x7fa496287a90>,<function <lambda> at 0x7fa496287b30>
21657,2022-06-21 08:00:00,<function <lambda> at 0x7fa4962879f0>,<function <lambda> at 0x7fa496287a90>,<function <lambda> at 0x7fa496287b30>
21658,2022-06-21 09:00:00,<function <lambda> at 0x7fa4962879f0>,<function <lambda> at 0x7fa496287a90>,<function <lambda> at 0x7fa496287b30>
21659,2022-06-21 10:00:00,<function <lambda> at 0x7fa4962879f0>,<function <lambda> at 0x7fa496287a90>,<function <lambda> at 0x7fa496287b30>
21660,2022-06-21 11:00:00,<function <lambda> at 0x7fa4962879f0>,<function <lambda> at 0x7fa496287a90>,<function <lambda> at 0x7fa496287b30>
21661,2022-06-21 12:00:00,<function <lambda> at 0x7fa4962879f0>,<function <lambda> at 0x7fa496287a90>,<function <lambda> at 0x7fa496287b30>
21662,2022-06-21 13:00:00,<function <lambda> at 0x7fa4962879f0>,<function <lambda> at 0x7fa496287a90>,<function <lambda> at 0x7fa496287b30>
21663,2022-06-21 14:00:00,<function <lambda> at 0x7fa4962879f0>,<function <lambda> at 0x7fa496287a90>,<function <lambda> at 0x7fa496287b30>
21664,2022-06-21 15:00:00,<function <lambda> at 0x7fa4962879f0>,<function <lambda> at 0x7fa496287a90>,<function <lambda> at 0x7fa496287b30>
21665,2022-06-21 16:00:00,<function <lambda> at 0x7fa4962879f0>,<function <lambda> at 0x7fa496287a90>,<function <lambda> at 0x7fa496287b30>
21666,2022-06-21 17:00:00,<function <lambda> at 0x7fa4962879f0>,<function <lambda> at 0x7fa496287a90>,<function <lambda> at 0x7fa496287b30>
21667,2022-06-21 18:00:00,<function <lambda> at 0x7fa4962879f0>,<function <lambda> at 0x7fa496287a90>,<function <lambda> at 0x7fa496287b30>
21668,2022-06-21 19:00:00,<function <lambda> at 0x7fa4962879f0>,<function <lambda> at 0x7fa496287a90>,<function <lambda> at 0x7fa496287b30>
21669,2022-06-21 20:00:00,<function <lambda> at 0x7fa4962879f0>,<function <lambda> at 0x7fa496287a90>,<function <lambda> at 0x7fa496287b30>
21670,2022-06-21 21:00:00,<function <lambda> at 0x7fa4962879f0>,<function <lambda> at 0x7fa496287a90>,<function <lambda> at 0x7fa496287b30>
21671,2022-06-21 22:00:00,<function <lambda> at 0x7fa4962879f0>,<function <lambda> at 0x7fa496287a90>,<function <lambda> at 0x7fa496287b30>
21672,2022-06-21 23:00:00,<function <lambda> at 0x7fa4962879f0>,<function <lambda> at 0x7fa496287a90>,<function <lambda> at 0x7fa496287b30>
21673,2022-06-22 00:00:00,<function <lambda> at 0x7fa4962879f0>,<function <lambda> at 0x7fa496287a90>,<function <lambda> at 0x7fa496287b30>
21674,2022-06-22 01:00:00,<function <lambda> at 0x7fa4962879f0>,<function <lambda> at 0x7fa496287a90>,<function <lambda> at 0x7fa496287b30>
21675,2022-06-22 02:00:00,<function <lambda> at 0x7fa4962879f0>,<function <lambda> at 0x7fa496287a90>,<function <lambda> at 0x7fa496287b30>
21676,2022-06-22 03:00:00,<function <lambda> at 0x7fa4962879f0>,<function <lambda> at 0x7fa496287a90>,<function <lambda> at 0x7fa496287b30>
21677,2022-06-22 04:00:00,<function <lambda> at 0x7fa4962879f0>,<function <lambda> at 0x7fa496287a90>,<function <lambda> at 0x7fa496287b30>
21678,2022-06-22 05:00:00,<function <lambda> at 0x7fa4962879f0>,<function <lambda> at 0x7fa496287a90>,<function <lambda> at 0x7fa496287b30>
21679,2022-06-22 06:00:00,<function <lambda> at 0x7fa4962879f0>,<function <lambda> at 0x7fa496287a90>,<function <lambda> at 0x7fa496287b30>
21680,2022-06-22 07:00:00,<function <lambda> at 0x7fa4962879f0>,<function <lambda> at 0x7fa496287a90>,<function <lambda> at 0x7fa496287b30>
21681,2022-06-22 08:00:00,<function <lambda> at 0x7fa4962879f0>,<function <lambda> at 0x7fa496287a90>,<function <lambda> at 0x7fa496287b30>
21682,2022-06-22 09:00:00,<function <lambda> at 0x7fa4962879f0>,<function <lambda> at 0x7fa496287a90>,<function <lambda> at 0x7fa496287b30>
21683,2022-06-22 10:00:00,<function <lambda> at 0x7fa4962879f0>,<function <lambda> at 0x7fa496287a90>,<function <lambda> at 0x7fa496287b30>
21684,2022-06-22 11:00:00,<function <lambda> at 0x7fa4962879f0>,<function <lambda> at 0x7fa496287a90>,<function <lambda> at 0x7fa496287b30>
21685,2022-06-22 12:00:00,<function <lambda> at 0x7fa4962879f0>,<function <lambda> at 0x7fa496287a90>,<function <lambda> at 0x7fa496287b30>
21686,2022-06-22 13:00:00,<function <lambda> at 0x7fa4962879f0>,<function <lambda> at 0x7fa496287a90>,<function <lambda> at 0x7fa496287b30>
21687,2022-06-22 14:00:00,<function <lambda> at 0x7fa4962879f0>,<function <lambda> at 0x7fa496287a90>,<function <lambda> at 0x7fa496287b30>
21688,2022-06-22 15:00:00,<function <lambda> at 0x7fa4962879f0>,<function <lambda> at 0x7fa496287a90>,<function <lambda> at 0x7fa496287b30>
21689,2022-06-22 16:00:00,<function <lambda> at 0x7fa4962879f0>,<function <lambda> at 0x7fa496287a90>,<function <lambda> at 0x7fa496287b30>
21690,2022-06-22 17:00:00,<function <lambda> at 0x7fa4962879f0>,<function <lambda> at 0x7fa496287a90>,<function <lambda> at 0x7fa496287b30>
21691,2022-06-22 18:00:00,<function <lambda> at 0x7fa4962879f0>,<function <lambda> at 0x7fa496287a90>,<function <lambda> at 0x7fa496287b30>
21692,2022-06-22 19:00:00,<function <lambda> at 0x7fa4962879f0>,<function <lambda> at 0x7fa496287a90>,<function <lambda> at 0x7fa496287b30>
21693,2022-06-22 20:00:00,<function <lambda> at 0x7fa4962879f0>,<function <lambda> at 0x7fa496287a90>,<function <lambda> at 0x7fa496287b30>
21694,2022-06-22 21:00:00,<function <lambda> at 0x7fa4962879f0>,<function <lambda> at 0x7fa496287a90>,<function <lambda> at 0x7fa496287b30>
21695,2022-06-22 22:00:00,<function <lambda> at 0x7fa4962879f0>,<function <lambda> at 0x7fa496287a90>,<function <lambda> at 0x7fa496287b30>
21696,2022-06-22 23:00:00,<function <lambda> at 0x7fa4962879f0>,<function <lambda> at 0x7fa496287a90>,<function <lambda> at 0x7fa496287b30>
21697,2022-06-23 00:00:00,<function <lambda> at 0x7fa4962879f0>,<function <lambda> at 0x7fa496287a90>,<function <lambda> at 0x7fa496287b30>
21698,2022-06-23 01:00:00,<function <lambda> at 0x7fa4962879f0>,<function <lambda> at 0x7fa496287a90>,<function <lambda> at 0x7fa496287b30>
21699,2022-06-23 02:00:00,<function <lambda> at 0x7fa4962879f0>,<function <lambda> at 0x7fa496287a90>,<function <lambda> at 0x7fa496287b30>
21700,2022-06-23 03:00:00,<function <lambda> at 0x7fa4962879f0>,<function <lambda> at 0x7fa496287a90>,<function <lambda> at 0x7fa496287b30>
21701,2022-06-23 04:00:00,<function <lambda> at 0x7fa4962879f0>,<function <lambda> at 0x7fa496287a90>,<function <lambda> at 0x7fa496287b30>
21702,2022-06-23 05:00:00,<function <lambda> at 0x7fa4962879f0>,<function <lambda> at 0x7fa496287a90>,<function <lambda> at 0x7fa496287b30>
21703,2022-06-23 06:00:00,<function <lambda> at 0x7fa4962879f0>,<function <lambda> at 0x7fa496287a90>,<function <lambda> at 0x7fa496287b30>
21704,2022-06-23 07:00:00,<function <lambda> at 0x7fa4962879f0>,<function <lambda> at 0x7fa496287a90>,<function <lambda> at 0x7fa496287b30>
21705,2022-06-23 08:00:00,<function <lambda> at 0x7fa4962879f0>,<function <lambda> at 0x7fa496287a90>,<function <lambda> at 0x7fa496287b30>
21706,2022-06-23 09:00:00,<function <lambda> at 0x7fa4962879f0>,<function <lambda> at 0x7fa496287a90>,<function <lambda> at 0x7fa496287b30>
21707,2022-06-23 10:00:00,<function <lambda> at 0x7fa4962879f0>,<function <lambda> at 0x7fa496287a90>,<function <lambda> at 0x7fa496287b30>
21708,2022-06-23 11:00:00,<function <lambda> at 0x7fa4962879f0>,<function <lambda> at 0x7fa496287a90>,<function <lambda> at 0x7fa496287b30>
21709,2022-06-23 12:00:00,<function <lambda> at 0x7fa4962879f0>,<function <lambda> at 0x7fa496287a90>,<function <lambda> at 0x7fa496287b30>
21710,2022-06-23 13:00:00,<function <lambda> at 0x7fa4962879f0>,<function <lambda> at 0x7fa496287a90>,<function <lambda> at 0x7fa496287b30>
21711,2022-06-23 14:00:00,<function <lambda> at 0x7fa4962879f0>,<function <lambda> at 0x7fa496287a90>,<function <lambda> at 0x7fa496287b30>
21712,2022-06-23 15:00:00,<function <lambda> at 0x7fa4962879f0>,<function <lambda> at 0x7fa496287a90>,<function <lambda> at 0x7fa496287b30>
21713,2022-06-23 16:00:00,<function <lambda> at 0x7fa4962879f0>,<function <lambda> at 0x7fa496287a90>,<function <lambda> at 0x7fa496287b30>
21714,2022-06-23 17:00:00,<function <lambda> at 0x7fa4962879f0>,<function <lambda> at 0x7fa496287a90>,<function <lambda> at 0x7fa496287b30>
21715,2022-06-23 18:00:00,<function <lambda> at 0x7fa4962879f0>,<function <lambda> at 0x7fa496287a90>,<function <lambda> at 0x7fa496287b30>
21716,2022-06-23 19:00:00,<function <lambda> at 0x7fa4962879f0>,<function <lambda> at 0x7fa496287a90>,<function <lambda> at 0x7fa496287b30>
21717,2022-06-23 20:00:00,<function <lambda> at 0x7fa4962879f0>,<function <lambda> at 0x7fa496287a90>,<function <lambda> at 0x7fa496287b30>
21718,2022-06-23 21:00:00,<function <lambda> at 0x7fa4962879f0>,<function <lambda> at 0x7fa496287a90>,<function <lambda> at 0x7fa496287b30>
21719,2022-06-23 22:00:00,<function <lambda> at 0x7fa4962879f0>,<function <lambda> at 0x7fa496287a90>,<function <lambda> at 0x7fa496287b30>
21720,2022-06-23 23:00:00,<function <lambda> at 0x7fa4962879f0>,<function <lambda> at 0x7fa496287a90>,<function <lambda> at 0x7fa496287b30>
21721,2022-06-24 00:00:00,<function <lambda> at 0x7fa4962879f0>,<function <lambda> at 0x7fa496287a90>,<function <lambda> at 0x7fa496287b30>
21722,2022-06-24 01:00:00,<function <lambda> at 0x7fa4962879f0>,<function <lambda> at 0x7fa496287a90>,<function <lambda> at 0x7fa496287b30>
21723,2022-06-24 02:00:00,<function <lambda> at 0x7fa4962879f0>,<function <lambda> at 0x7fa496287a90>,<function <lambda> at 0x7fa496287b30>
21724,2022-06-24 03:00:00,<function <lambda> at 0x7fa4962879f0>,<function <lambda> at 0x7fa496287a90>,<function <lambda> at 0x7fa496287b30>
21725,2022-06-24 04:00:00,<function <lambda> at 0x7fa4962879f0>,<function <lambda> at 0x7fa496287a90>,<function <lambda> at 0x7fa496287b30>
21726,2022-06-24 05:00:00,<function <lambda> at 0x7fa4962879f0>,<function <lambda> at 0x7fa496287a90>,<function <lambda> at 0x7fa496287b30>
21727,2022-06-24 06:00:00,<function <lambda> at 0x7fa4962879f0>,<function <lambda> at 0x7fa496287a90>,<function <lambda> at 0x7fa496287b30>
21728,2022-06-24 07:00:00,<function <lambda> at 0x7fa4962879f0>,<function <lambda> at 0x7fa496287a90>,<function <lambda> at 0x7fa496287b30>
21729,2022-06-24 08:00:00,<function <lambda> at 0x7fa4962879f0>,<function <lambda> at 0x7fa496287a90>,<function <lambda> at 0x7fa496287b30>
21730,2022-06-24 09:00:00,<function <lambda> at 0x7fa4962879f0>,<function <lambda> at 0x7fa496287a90>,<function <lambda> at 0x7fa496287b30>
21731,2022-06-24 10:00:00,<function <lambda> at 0x7fa4962879f0>,<function <lambda> at 0x7fa496287a90>,<function <lambda> at 0x7fa496287b30>
21732,2022-06-24 11:00:00,<function <lambda> at 0x7fa4962879f0>,<function <lambda> at 0x7fa496287a90>,<function <lambda> at 0x7fa496287b30>
21733,2022-06-24 12:00:00,<function <lambda> at 0x7fa4962879f0>,<function <lambda> at 0x7fa496287a90>,<function <lambda> at 0x7fa496287b30>
21734,2022-06-24 13:00:00,<function <lambda> at 0x7fa4962879f0>,<function <lambda> at 0x7fa496287a90>,<function <lambda> at 0x7fa496287b30>
21735,2022-06-24 14:00:00,<function <lambda> at 0x7fa4962879f0>,<function <lambda> at 0x7fa496287a90>,<function <lambda> at 0x7fa496287b30>
21736,2022-06-24 15:00:00,<function <lambda> at 0x7fa4962879f0>,<function <lambda> at 0x7fa496287a90>,<function <lambda> at 0x7fa496287b30>
21737,2022-06-24 16:00:00,<function <lambda> at 0x7fa4962879f0>,<function <lambda> at 0x7fa496287a90>,<function <lambda> at 0x7fa496287b30>
21738,2022-06-24 17:00:00,<function <lambda> at 0x7fa4962879f0>,<function <lambda> at 0x7fa496287a90>,<function <lambda> at 0x7fa496287b30>
21739,2022-06-24 18:00:00,<function <lambda> at 0x7fa4962879f0>,<function <lambda> at 0x7fa496287a90>,<function <lambda> at 0x7fa496287b30>
21740,2022-06-24 19:00:00,<function <lambda> at 0x7fa4962879f0>,<function <lambda> at 0x7fa496287a90>,<function <lambda> at 0x7fa496287b30>
21741,2022-06-24 20:00:00,<function <lambda> at 0x7fa4962879f0>,<function <lambda> at 0x7fa496287a90>,<function <lambda> at 0x7fa496287b30>
21742,2022-06-24 21:00:00,<function <lambda> at 0x7fa4962879f0>,<function <lambda> at 0x7fa496287a90>,<function <lambda> at 0x7fa496287b30>
21743,2022-06-24 22:00:00,<function <lambda> at 0x7fa4962879f0>,<function <lambda> at 0x7fa496287a90>,<function <lambda> at 0x7fa496287b30>
21744,2022-06-24 23:00:00,<function <lambda> at 0x7fa4962879f0>,<function <lambda> at 0x7fa496287a90>,<function <lambda> at 0x7fa496287b30>
21745,2022-06-25 00:00:00,<function <lambda> at 0x7fa4962879f0>,<function <lambda> at 0x7fa496287a90>,<function <lambda> at 0x7fa496287b30>
21746,2022-06-25 01:00:00,<function <lambda> at 0x7fa4962879f0>,<function <lambda> at 0x7fa496287a90>,<function <lambda> at 0x7fa496287b30>
21747,2022-06-25 02:00:00,<function <lambda> at 0x7fa4962879f0>,<function <lambda> at 0x7fa496287a90>,<function <lambda> at 0x7fa496287b30>
21748,2022-06-25 03:00:00,<function <lambda> at 0x7fa4962879f0>,<function <lambda> at 0x7fa496287a90>,<function <lambda> at 0x7fa496287b30>
21749,2022-06-25 04:00:00,<function <lambda> at 0x7fa4962879f0>,<function <lambda> at 0x7fa496287a90>,<function <lambda> at 0x7fa496287b30>
21750,2022-06-25 05:00:00,<function <lambda> at 0x7fa4962879f0>,<function <lambda> at 0x7fa496287a90>,<function <lambda> at 0x7fa496287b30>
21751,2022-06-25 06:00:00,<function <lambda> at 0x7fa4962879f0>,<function <lambda> at 0x7fa496287a90>,<function <lambda> at 0x7fa496287b30>
21752,2022-06-25 07:00:00,<function <lambda> at 0x7fa4962879f0>,<function <lambda> at 0x7fa496287a90>,<function <lambda> at 0x7fa496287b30>
21753,2022-06-25 08:00:00,<function <lambda> at 0x7fa4962879f0>,<function <lambda> at 0x7fa496287a90>,<function <lambda> at 0x7fa496287b30>
21754,2022-06-25 09:00:00,<function <lambda> at 0x7fa4962879f0>,<function <lambda> at 0x7fa496287a90>,<function <lambda> at 0x7fa496287b30>
21755,2022-06-25 10:00:00,<function <lambda> at 0x7fa4962879f0>,<function <lambda> at 0x7fa496287a90>,<function <lambda> at 0x7fa496287b30>
21756,2022-06-25 11:00:00,<function <lambda> at 0x7fa4962879f0>,<function <lambda> at 0x7fa496287a90>,<function <lambda> at 0x7fa496287b30>
21757,2022-06-25 12:00:00,<function <lambda> at 0x7fa4962879f0>,<function <lambda> at 0x7fa496287a90>,<function <lambda> at 0x7fa496287b30>
21758,2022-06-25 13:00:00,<function <lambda> at 0x7fa4962879f0>,<function <lambda> at 0x7fa496287a90>,<function <lambda> at 0x7fa496287b30>
21759,2022-06-25 14:00:00,<function <lambda> at 0x7fa4962879f0>,<function <lambda> at 0x7fa496287a90>,<function <lambda> at 0x7fa496287b30>
21760,2022-06-25 15:00:00,<function <lambda> at 0x7fa4962879f0>,<function <lambda> at 0x7fa496287a90>,<function <lambda> at 0x7fa496287b30>
21761,2022-06-25 16:00:00,<function <lambda> at 0x7fa4962879f0>,<function <lambda> at 0x7fa496287a90>,<function <lambda> at 0x7fa496287b30>
21762,2022-06-25 17:00:00,<function <lambda> at 0x7fa4962879f0>,<function <lambda> at 0x7fa496287a90>,<function <lambda> at 0x7fa496287b30>
21763,2022-06-25 18:00:00,<function <lambda> at 0x7fa4962879f0>,<function <lambda> at 0x7fa496287a90>,<function <lambda> at 0x7fa496287b30>
21764,2022-06-25 19:00:00,<function <lambda> at 0x7fa4962879f0>,<function <lambda> at 0x7fa496287a90>,<function <lambda> at 0x7fa496287b30>
21765,2022-06-25 20:00:00,<function <lambda> at 0x7fa4962879f0>,<function <lambda> at 0x7fa496287a90>,<function <lambda> at 0x7fa496287b30>
21766,2022-06-25 21:00:00,<function <lambda> at 0x7fa4962879f0>,<function <lambda> at 0x7fa496287a90>,<function <lambda> at 0x7fa496287b30>
21767,2022-06-25 22:00:00,<function <lambda> at 0x7fa4962879f0>,<function <lambda> at 0x7fa496287a90>,<function <lambda> at 0x7fa496287b30>
21768,2022-06-25 23:00:00,<function <lambda> at 0x7fa4962879f0>,<function <lambda> at 0x7fa496287a90>,<function <lambda> at 0x7fa496287b30>
21769,2022-06-26 00:00:00,<function <lambda> at 0x7fa4962879f0>,<function <lambda> at 0x7fa496287a90>,<function <lambda> at 0x7fa496287b30>
21770,2022-06-26 01:00:00,<function <lambda> at 0x7fa4962879f0>,<function <lambda> at 0x7fa496287a90>,<function <lambda> at 0x7fa496287b30>
21771,2022-06-26 02:00:00,<function <lambda> at 0x7fa4962879f0>,<function <lambda> at 0x7fa496287a90>,<function <lambda> at 0x7fa496287b30>
21772,2022-06-26 03:00:00,<function <lambda> at 0x7fa4962879f0>,<function <lambda> at 0x7fa496287a90>,<function <lambda> at 0x7fa496287b30>
21773,2022-06-26 04:00:00,<function <lambda> at 0x7fa4962879f0>,<function <lambda> at 0x7fa496287a90>,<function <lambda> at 0x7fa496287b30>
21774,2022-06-26 05:00:00,<function <lambda> at 0x7fa4962879f0>,<function <lambda> at 0x7fa496287a90>,<function <lambda> at 0x7fa496287b30>
21775,2022-06-26 06:00:00,<function <lambda> at 0x7fa4962879f0>,<function <lambda> at 0x7fa496287a90>,<function <lambda> at 0x7fa496287b30>
21776,2022-06-26 07:00:00,<function <lambda> at 0x7fa4962879f0>,<function <lambda> at 0x7fa496287a90>,<function <lambda> at 0x7fa496287b30>
21777,2022-06-26 08:00:00,<function <lambda> at 0x7fa4962879f0>,<function <lambda> at 0x7fa496287a90>,<function <lambda> at 0x7fa496287b30>
21778,2022-06-26 09:00:00,<function <lambda> at 0x7fa4962879f0>,<function <lambda> at 0x7fa496287a90>,<function <lambda> at 0x7fa496287b30>
21779,2022-06-26 10:00:00,<function <lambda> at 0x7fa4962879f0>,<function <lambda> at 0x7fa496287a90>,<function <lambda> at 0x7fa496287b30>
21780,2022-06-26 11:00:00,<function <lambda> at 0x7fa4962879f0>,<function <lambda> at 0x7fa496287a90>,<function <lambda> at 0x7fa496287b30>
21781,2022-06-26 12:00:00,<function <lambda> at 0x7fa4962879f0>,<function <lambda> at 0x7fa496287a90>,<function <lambda> at 0x7fa496287b30>
21782,2022-06-26 13:00:00,<function <lambda> at 0x7fa4962879f0>,<function <lambda> at 0x7fa496287a90>,<function <lambda> at 0x7fa496287b30>
21783,2022-06-26 14:00:00,<function <lambda> at 0x7fa4962879f0>,<function <lambda> at 0x7fa496287a90>,<function <lambda> at 0x7fa496287b30>
21784,2022-06-26 15:00:00,<function <lambda> at 0x7fa4962879f0>,<function <lambda> at 0x7fa496287a90>,<function <lambda> at 0x7fa496287b30>
21785,2022-06-26 16:00:00,<function <lambda> at 0x7fa4962879f0>,<function <lambda> at 0x7fa496287a90>,<function <lambda> at 0x7fa496287b30>
21786,2022-06-26 17:00:00,<function <lambda> at 0x7fa4962879f0>,<function <lambda> at 0x7fa496287a90>,<function <lambda> at 0x7fa496287b30>
21787,2022-06-26 18:00:00,<function <lambda> at 0x7fa4962879f0>,<function <lambda> at 0x7fa496287a90>,<function <lambda> at 0x7fa496287b30>
21788,2022-06-26 19:00:00,<function <lambda> at 0x7fa4962879f0>,<function <lambda> at 0x7fa496287a90>,<function <lambda> at 0x7fa496287b30>
21789,2022-06-26 20:00:00,<function <lambda> at 0x7fa4962879f0>,<function <lambda> at 0x7fa496287a90>,<function <lambda> at 0x7fa496287b30>
21790,2022-06-26 21:00:00,<function <lambda> at 0x7fa4962879f0>,<function <lambda> at 0x7fa496287a90>,<function <lambda> at 0x7fa496287b30>
21791,2022-06-26 22:00:00,<function <lambda> at 0x7fa4962879f0>,<function <lambda> at 0x7fa496287a90>,<function <lambda> at 0x7fa496287b30>
21792,2022-06-26 23:00:00,<function <lambda> at 0x7fa4962879f0>,<function <lambda> at 0x7fa496287a90>,<function <lambda> at 0x7fa496287b30>
21793,2022-06-27 00:00:00,<function <lambda> at 0x7fa4962879f0>,<function <lambda> at 0x7fa496287a90>,<function <lambda> at 0x7fa496287b30>
21794,2022-06-27 01:00:00,<function <lambda> at 0x7fa4962879f0>,<function <lambda> at 0x7fa496287a90>,<function <lambda> at 0x7fa496287b30>
21795,2022-06-27 02:00:00,<function <lambda> at 0x7fa4962879f0>,<function <lambda> at 0x7fa496287a90>,<function <lambda> at 0x7fa496287b30>
21796,2022-06-27 03:00:00,<function <lambda> at 0x7fa4962879f0>,<function <lambda> at 0x7fa496287a90>,<function <lambda> at 0x7fa496287b30>
21797,2022-06-27 04:00:00,<function <lambda> at 0x7fa4962879f0>,<function <lambda> at 0x7fa496287a90>,<function <lambda> at 0x7fa496287b30>
21798,2022-06-27 05:00:00,<function <lambda> at 0x7fa4962879f0>,<function <lambda> at 0x7fa496287a90>,<function <lambda> at 0x7fa496287b30>
21799,2022-06-27 06:00:00,<function <lambda> at 0x7fa4962879f0>,<function <lambda> at 0x7fa496287a90>,<function <lambda> at 0x7fa496287b30>
21800,2022-06-27 07:00:00,<function <lambda> at 0x7fa4962879f0>,<function <lambda> at 0x7fa496287a90>,<function <lambda> at 0x7fa496287b30>
21801,2022-06-27 08:00:00,<function <lambda> at 0x7fa4962879f0>,<function <lambda> at 0x7fa496287a90>,<function <lambda> at 0x7fa496287b30>
21802,2022-06-27 09:00:00,<function <lambda> at 0x7fa4962879f0>,<function <lambda> at 0x7fa496287a90>,<function <lambda> at 0x7fa496287b30>
21803,2022-06-27 10:00:00,<function <lambda> at 0x7fa4962879f0>,<function <lambda> at 0x7fa496287a90>,<function <lambda> at 0x7fa496287b30>
21804,2022-06-27 11:00:00,<function <lambda> at 0x7fa4962879f0>,<function <lambda> at 0x7fa496287a90>,<function <lambda> at 0x7fa496287b30>
21805,2022-06-27 12:00:00,<function <lambda> at 0x7fa4962879f0>,<function <lambda> at 0x7fa496287a90>,<function <lambda> at 0x7fa496287b30>
21806,2022-06-27 13:00:00,<function <lambda> at 0x7fa4962879f0>,<function <lambda> at 0x7fa496287a90>,<function <lambda> at 0x7fa496287b30>
21807,2022-06-27 14:00:00,<function <lambda> at 0x7fa4962879f0>,<function <lambda> at 0x7fa496287a90>,<function <lambda> at 0x7fa496287b30>
21808,2022-06-27 15:00:00,<function <lambda> at 0x7fa4962879f0>,<function <lambda> at 0x7fa496287a90>,<function <lambda> at 0x7fa496287b30>
21809,2022-06-27 16:00:00,<function <lambda> at 0x7fa4962879f0>,<function <lambda> at 0x7fa496287a90>,<function <lambda> at 0x7fa496287b30>
21810,2022-06-27 17:00:00,<function <lambda> at 0x7fa4962879f0>,<function <lambda> at 0x7fa496287a90>,<function <lambda> at 0x7fa496287b30>
21811,2022-06-27 18:00:00,<function <lambda> at 0x7fa4962879f0>,<function <lambda> at 0x7fa496287a90>,<function <lambda> at 0x7fa496287b30>
21812,2022-06-27 19:00:00,<function <lambda> at 0x7fa4962879f0>,<function <lambda> at 0x7fa496287a90>,<function <lambda> at 0x7fa496287b30>
21813,2022-06-27 20:00:00,<function <lambda> at 0x7fa4962879f0>,<function <lambda> at 0x7fa496287a90>,<function <lambda> at 0x7fa496287b30>
21814,2022-06-27 21:00:00,<function <lambda> at 0x7fa4962879f0>,<function <lambda> at 0x7fa496287a90>,<function <lambda> at 0x7fa496287b30>
21815,2022-06-27 22:00:00,<function <lambda> at 0x7fa4962879f0>,<function <lambda> at 0x7fa496287a90>,<function <lambda> at 0x7fa496287b30>
21816,2022-06-27 23:00:00,<function <lambda> at 0x7fa4962879f0>,<function <lambda> at 0x7fa496287a90>,<function <lambda> at 0x7fa496287b30>
21817,2022-06-28 00:00:00,<function <lambda> at 0x7fa4962879f0>,<function <lambda> at 0x7fa496287a90>,<function <lambda> at 0x7fa496287b30>
21818,2022-06-28 01:00:00,<function <lambda> at 0x7fa4962879f0>,<function <lambda> at 0x7fa496287a90>,<function <lambda> at 0x7fa496287b30>
21819,2022-06-28 02:00:00,<function <lambda> at 0x7fa4962879f0>,<function <lambda> at 0x7fa496287a90>,<function <lambda> at 0x7fa496287b30>
21820,2022-06-28 03:00:00,<function <lambda> at 0x7fa4962879f0>,<function <lambda> at 0x7fa496287a90>,<function <lambda> at 0x7fa496287b30>
21821,2022-06-28 04:00:00,<function <lambda> at 0x7fa4962879f0>,<function <lambda> at 0x7fa496287a90>,<function <lambda> at 0x7fa496287b30>
21822,2022-06-28 05:00:00,<function <lambda> at 0x7fa4962879f0>,<function <lambda> at 0x7fa496287a90>,<function <lambda> at 0x7fa496287b30>
21823,2022-06-28 06:00:00,<function <lambda> at 0x7fa4962879f0>,<function <lambda> at 0x7fa496287a90>,<function <lambda> at 0x7fa496287b30>
21824,2022-06-28 07:00:00,<function <lambda> at 0x7fa4962879f0>,<function <lambda> at 0x7fa496287a90>,<function <lambda> at 0x7fa496287b30>
21825,2022-06-28 08:00:00,<function <lambda> at 0x7fa4962879f0>,<function <lambda> at 0x7fa496287a90>,<function <lambda> at 0x7fa496287b30>
21826,2022-06-28 09:00:00,<function <lambda> at 0x7fa4962879f0>,<function <lambda> at 0x7fa496287a90>,<function <lambda> at 0x7fa496287b30>
21827,2022-06-28 10:00:00,<function <lambda> at 0x7fa4962879f0>,<function <lambda> at 0x7fa496287a90>,<function <lambda> at 0x7fa496287b30>
21828,2022-06-28 11:00:00,<function <lambda> at 0x7fa4962879f0>,<function <lambda> at 0x7fa496287a90>,<function <lambda> at 0x7fa496287b30>
21829,2022-06-28 12:00:00,<function <lambda> at 0x7fa4962879f0>,<function <lambda> at 0x7fa496287a90>,<function <lambda> at 0x7fa496287b30>
21830,2022-06-28 13:00:00,<function <lambda> at 0x7fa4962879f0>,<function <lambda> at 0x7fa496287a90>,<function <lambda> at 0x7fa496287b30>
21831,2022-06-28 14:00:00,<function <lambda> at 0x7fa4962879f0>,<function <lambda> at 0x7fa496287a90>,<function <lambda> at 0x7fa496287b30>
21832,2022-06-28 15:00:00,<function <lambda> at 0x7fa4962879f0>,<function <lambda> at 0x7fa496287a90>,<function <lambda> at 0x7fa496287b30>
21833,2022-06-28 16:00:00,<function <lambda> at 0x7fa4962879f0>,<function <lambda> at 0x7fa496287a90>,<function <lambda> at 0x7fa496287b30>
21834,2022-06-28 17:00:00,<function <lambda> at 0x7fa4962879f0>,<function <lambda> at 0x7fa496287a90>,<function <lambda> at 0x7fa496287b30>
21835,2022-06-28 18:00:00,<function <lambda> at 0x7fa4962879f0>,<function <lambda> at 0x7fa496287a90>,<function <lambda> at 0x7fa496287b30>
21836,2022-06-28 19:00:00,<function <lambda> at 0x7fa4962879f0>,<function <lambda> at 0x7fa496287a90>,<function <lambda> at 0x7fa496287b30>
21837,2022-06-28 20:00:00,<function <lambda> at 0x7fa4962879f0>,<function <lambda> at 0x7fa496287a90>,<function <lambda> at 0x7fa496287b30>
21838,2022-06-28 21:00:00,<function <lambda> at 0x7fa4962879f0>,<function <lambda> at 0x7fa496287a90>,<function <lambda> at 0x7fa496287b30>
21839,2022-06-28 22:00:00,<function <lambda> at 0x7fa4962879f0>,<function <lambda> at 0x7fa496287a90>,<function <lambda> at 0x7fa496287b30>
21840,2022-06-28 23:00:00,<function <lambda> at 0x7fa4962879f0>,<function <lambda> at 0x7fa496287a90>,<function <lambda> at 0x7fa496287b30>
21841,2022-06-29 00:00:00,<function <lambda> at 0x7fa4962879f0>,<function <lambda> at 0x7fa496287a90>,<function <lambda> at 0x7fa496287b30>
21842,2022-06-29 01:00:00,<function <lambda> at 0x7fa4962879f0>,<function <lambda> at 0x7fa496287a90>,<function <lambda> at 0x7fa496287b30>
21843,2022-06-29 02:00:00,<function <lambda> at 0x7fa4962879f0>,<function <lambda> at 0x7fa496287a90>,<function <lambda> at 0x7fa496287b30>
21844,2022-06-29 03:00:00,<function <lambda> at 0x7fa4962879f0>,<function <lambda> at 0x7fa496287a90>,<function <lambda> at 0x7fa496287b30>
21845,2022-06-29 04:00:00,<function <lambda> at 0x7fa4962879f0>,<function <lambda> at 0x7fa496287a90>,<function <lambda> at 0x7fa496287b30>
21846,2022-06-29 05:00:00,<function <lambda> at 0x7fa4962879f0>,<function <lambda> at 0x7fa496287a90>,<function <lambda> at 0x7fa496287b30>
21847,2022-06-29 06:00:00,<function <lambda> at 0x7fa4962879f0>,<function <lambda> at 0x7fa496287a90>,<function <lambda> at 0x7fa496287b30>
21848,2022-06-29 07:00:00,<function <lambda> at 0x7fa4962879f0>,<function <lambda> at 0x7fa496287a90>,<function <lambda> at 0x7fa496287b30>
21849,2022-06-29 08:00:00,<function <lambda> at 0x7fa4962879f0>,<function <lambda> at 0x7fa496287a90>,<function <lambda> at 0x7fa496287b30>
21850,2022-06-29 09:00:00,<function <lambda> at 0x7fa4962879f0>,<function <lambda> at 0x7fa496287a90>,<function <lambda> at 0x7fa496287b30>
21851,2022-06-29 10:00:00,<function <lambda> at 0x7fa4962879f0>,<function <lambda> at 0x7fa496287a90>,<function <lambda> at 0x7fa496287b30>
21852,2022-06-29 11:00:00,<function <lambda> at 0x7fa4962879f0>,<function <lambda> at 0x7fa496287a90>,<function <lambda> at 0x7fa496287b30>
21853,2022-06-29 12:00:00,<function <lambda> at 0x7fa4962879f0>,<function <lambda> at 0x7fa496287a90>,<function <lambda> at 0x7fa496287b30>
21854,2022-06-29 13:00:00,<function <lambda> at 0x7fa4962879f0>,<function <lambda> at 0x7fa496287a90>,<function <lambda> at 0x7fa496287b30>
21855,2022-06-29 14:00:00,<function <lambda> at 0x7fa4962879f0>,<function <lambda> at 0x7fa496287a90>,<function <lambda> at 0x7fa496287b30>
21856,2022-06-29 15:00:00,<function <lambda> at 0x7fa4962879f0>,<function <lambda> at 0x7fa496287a90>,<function <lambda> at 0x7fa496287b30>
21857,2022-06-29 16:00:00,<function <lambda> at 0x7fa4962879f0>,<function <lambda> at 0x7fa496287a90>,<function <lambda> at 0x7fa496287b30>
21858,2022-06-29 17:00:00,<function <lambda> at 0x7fa4962879f0>,<function <lambda> at 0x7fa496287a90>,<function <lambda> at 0x7fa496287b30>
21859,2022-06-29 18:00:00,<function <lambda> at 0x7fa4962879f0>,<function <lambda> at 0x7fa496287a90>,<function <lambda> at 0x7fa496287b30>
21860,2022-06-29 19:00:00,<function <lambda> at 0x7fa4962879f0>,<function <lambda> at 0x7fa496287a90>,<function <lambda> at 0x7fa496287b30>
21861,2022-06-29 20:00:00,<function <lambda> at 0x7fa4962879f0>,<function <lambda> at 0x7fa496287a90>,<function <lambda> at 0x7fa496287b30>
21862,2022-06-29 21:00:00,<function <lambda> at 0x7fa4962879f0>,<function <lambda> at 0x7fa496287a90>,<function <lambda> at 0x7fa496287b30>
21863,2022-06-29 22:00:00,<function <lambda> at 0x7fa4962879f0>,<function <lambda> at 0x7fa496287a90>,<function <lambda> at 0x7fa496287b30>
21864,2022-06-29 23:00:00,<function <lambda> at 0x7fa4962879f0>,<function <lambda> at 0x7fa496287a90>,<function <lambda> at 0x7fa496287b30>
21865,2022-06-30 00:00:00,<function <lambda> at 0x7fa4962879f0>,<function <lambda> at 0x7fa496287a90>,<function <lambda> at 0x7fa496287b30>
21866,2022-06-30 01:00:00,<function <lambda> at 0x7fa4962879f0>,<function <lambda> at 0x7fa496287a90>,<function <lambda> at 0x7fa496287b30>
21867,2022-06-30 02:00:00,<function <lambda> at 0x7fa4962879f0>,<function <lambda> at 0x7fa496287a90>,<function <lambda> at 0x7fa496287b30>
21868,2022-06-30 03:00:00,<function <lambda> at 0x7fa4962879f0>,<function <lambda> at 0x7fa496287a90>,<function <lambda> at 0x7fa496287b30>
21869,2022-06-30 04:00:00,<function <lambda> at 0x7fa4962879f0>,<function <lambda> at 0x7fa496287a90>,<function <lambda> at 0x7fa496287b30>
21870,2022-06-30 05:00:00,<function <lambda> at 0x7fa4962879f0>,<function <lambda> at 0x7fa496287a90>,<function <lambda> at 0x7fa496287b30>
21871,2022-06-30 06:00:00,<function <lambda> at 0x7fa4962879f0>,<function <lambda> at 0x7fa496287a90>,<function <lambda> at 0x7fa496287b30>
21872,2022-06-30 07:00:00,<function <lambda> at 0x7fa4962879f0>,<function <lambda> at 0x7fa496287a90>,<function <lambda> at 0x7fa496287b30>
21873,2022-06-30 08:00:00,<function <lambda> at 0x7fa4962879f0>,<function <lambda> at 0x7fa496287a90>,<function <lambda> at 0x7fa496287b30>
21874,2022-06-30 09:00:00,<function <lambda> at 0x7fa4962879f0>,<function <lambda> at 0x7fa496287a90>,<function <lambda> at 0x7fa496287b30>
21875,2022-06-30 10:00:00,<function <lambda> at 0x7fa4962879f0>,<function <lambda> at 0x7fa496287a90>,<function <lambda> at 0x7fa496287b30>
21876,2022-06-30 11:00:00,<function <lambda> at 0x7fa4962879f0>,<function <lambda> at 0x7fa496287a90>,<function <lambda> at 0x7fa496287b30>
21877,2022-06-30 12:00:00,<function <lambda> at 0x7fa4962879f0>,<function <lambda> at 0x7fa496287a90>,<function <lambda> at 0x7fa496287b30>
21878,2022-06-30 13:00:00,<function <lambda> at 0x7fa4962879f0>,<function <lambda> at 0x7fa496287a90>,<function <lambda> at 0x7fa496287b30>
21879,2022-06-30 14:00:00,<function <lambda> at 0x7fa4962879f0>,<function <lambda> at 0x7fa496287a90>,<function <lambda> at 0x7fa496287b30>
21880,2022-06-30 15:00:00,<function <lambda> at 0x7fa4962879f0>,<function <lambda> at 0x7fa496287a90>,<function <lambda> at 0x7fa496287b30>
21881,2022-06-30 16:00:00,<function <lambda> at 0x7fa4962879f0>,<function <lambda> at 0x7fa496287a90>,<function <lambda> at 0x7fa496287b30>
21882,2022-06-30 17:00:00,<function <lambda> at 0x7fa4962879f0>,<function <lambda> at 0x7fa496287a90>,<function <lambda> at 0x7fa496287b30>
21883,2022-06-30 18:00:00,<function <lambda> at 0x7fa4962879f0>,<function <lambda> at 0x7fa496287a90>,<function <lambda> at 0x7fa496287b30>
21884,2022-06-30 19:00:00,<function <lambda> at 0x7fa4962879f0>,<function <lambda> at 0x7fa496287a90>,<function <lambda> at 0x7fa496287b30>
21885,2022-06-30 20:00:00,<function <lambda> at 0x7fa4962879f0>,<function <lambda> at 0x7fa496287a90>,<function <lambda> at 0x7fa496287b30>
21886,2022-06-30 21:00:00,<function <lambda> at 0x7fa4962879f0>,<function <lambda> at 0x7fa496287a90>,<function <lambda> at 0x7fa496287b30>
21887,2022-06-30 22:00:00,<function <lambda> at 0x7fa4962879f0>,<function <lambda> at 0x7fa496287a90>,<function <lambda> at 0x7fa496287b30>
21888,2022-06-30 23:00:00,<function <lambda> at 0x7fa4962879f0>,<function <lambda> at 0x7fa496287a90>,<function <lambda> at 0x7fa496287b30>
21889,2022-07-01 00:00:00,<function <lambda> at 0x7fa4962879f0>,<function <lambda> at 0x7fa496287a90>,<function <lambda> at 0x7fa496287b30>
21890,2022-07-01 01:00:00,<function <lambda> at 0x7fa4962879f0>,<function <lambda> at 0x7fa496287a90>,<function <lambda> at 0x7fa496287b30>
21891,2022-07-01 02:00:00,<function <lambda> at 0x7fa4962879f0>,<function <lambda> at 0x7fa496287a90>,<function <lambda> at 0x7fa496287b30>
21892,2022-07-01 03:00:00,<function <lambda> at 0x7fa4962879f0>,<function <lambda> at 0x7fa496287a90>,<function <lambda> at 0x7fa496287b30>
21893,2022-07-01 04:00:00,<function <lambda> at 0x7fa4962879f0>,<function <lambda> at 0x7fa496287a90>,<function <lambda> at 0x7fa496287b30>
21894,2022-07-01 05:00:00,<function <lambda> at 0x7fa4962879f0>,<function <lambda> at 0x7fa496287a90>,<function <lambda> at 0x7fa496287b30>
21895,2022-07-01 06:00:00,<function <lambda> at 0x7fa4962879f0>,<function <lambda> at 0x7fa496287a90>,<function <lambda> at 0x7fa496287b30>
21896,2022-07-01 07:00:00,<function <lambda> at 0x7fa4962879f0>,<function <lambda> at 0x7fa496287a90>,<function <lambda> at 0x7fa496287b30>
21897,2022-07-01 08:00:00,<function <lambda> at 0x7fa4962879f0>,<function <lambda> at 0x7fa496287a90>,<function <lambda> at 0x7fa496287b30>
21898,2022-07-01 09:00:00,<function <lambda> at 0x7fa4962879f0>,<function <lambda> at 0x7fa496287a90>,<function <lambda> at 0x7fa496287b30>
21899,2022-07-01 10:00:00,<function <lambda> at 0x7fa4962879f0>,<function <lambda> at 0x7fa496287a90>,<function <lambda> at 0x7fa496287b30>
21900,2022-07-01 11:00:00,<function <lambda> at 0x7fa4962879f0>,<function <lambda> at 0x7fa496287a90>,<function <lambda> at 0x7fa496287b30>
21901,2022-07-01 12:00:00,<function <lambda> at 0x7fa4962879f0>,<function <lambda> at 0x7fa496287a90>,<function <lambda> at 0x7fa496287b30>
21902,2022-07-01 13:00:00,<function <lambda> at 0x7fa4962879f0>,<function <lambda> at 0x7fa496287a90>,<function <lambda> at 0x7fa496287b30>
21903,2022-07-01 14:00:00,<function <lambda> at 0x7fa4962879f0>,<function <lambda> at 0x7fa496287a90>,<function <lambda> at 0x7fa496287b30>
21904,2022-07-01 15:00:00,<function <lambda> at 0x7fa4962879f0>,<function <lambda> at 0x7fa496287a90>,<function <lambda> at 0x7fa496287b30>
21905,2022-07-01 16:00:00,<function <lambda> at 0x7fa4962879f0>,<function <lambda> at 0x7fa496287a90>,<function <lambda> at 0x7fa496287b30>
21906,2022-07-01 17:00:00,<function <lambda> at 0x7fa4962879f0>,<function <lambda> at 0x7fa496287a90>,<function <lambda> at 0x7fa496287b30>
21907,2022-07-01 18:00:00,<function <lambda> at 0x7fa4962879f0>,<function <lambda> at 0x7fa496287a90>,<function <lambda> at 0x7fa496287b30>
21908,2022-07-01 19:00:00,<function <lambda> at 0x7fa4962879f0>,<function <lambda> at 0x7fa496287a90>,<function <lambda> at 0x7fa496287b30>
21909,2022-07-01 20:00:00,<function <lambda> at 0x7fa4962879f0>,<function <lambda> at 0x7fa496287a90>,<function <lambda> at 0x7fa496287b30>
21910,2022-07-01 21:00:00,<function <lambda> at 0x7fa4962879f0>,<function <lambda> at 0x7fa496287a90>,<function <lambda> at 0x7fa496287b30>
21911,2022-07-01 22:00:00,<function <lambda> at 0x7fa4962879f0>,<function <lambda> at 0x7fa496287a90>,<function <lambda> at 0x7fa496287b30>
21912,2022-07-01 23:00:00,<function <lambda> at 0x7fa4962879f0>,<function <lambda> at 0x7fa496287a90>,<function <lambda> at 0x7fa496287b30>
21913,2022-07-02 00:00:00,<function <lambda> at 0x7fa4962879f0>,<function <lambda> at 0x7fa496287a90>,<function <lambda> at 0x7fa496287b30>
21914,2022-07-02 01:00:00,<function <lambda> at 0x7fa4962879f0>,<function <lambda> at 0x7fa496287a90>,<function <lambda> at 0x7fa496287b30>
21915,2022-07-02 02:00:00,<function <lambda> at 0x7fa4962879f0>,<function <lambda> at 0x7fa496287a90>,<function <lambda> at 0x7fa496287b30>
21916,2022-07-02 03:00:00,<function <lambda> at 0x7fa4962879f0>,<function <lambda> at 0x7fa496287a90>,<function <lambda> at 0x7fa496287b30>
21917,2022-07-02 04:00:00,<function <lambda> at 0x7fa4962879f0>,<function <lambda> at 0x7fa496287a90>,<function <lambda> at 0x7fa496287b30>
21918,2022-07-02 05:00:00,<function <lambda> at 0x7fa4962879f0>,<function <lambda> at 0x7fa496287a90>,<function <lambda> at 0x7fa496287b30>
21919,2022-07-02 06:00:00,<function <lambda> at 0x7fa4962879f0>,<function <lambda> at 0x7fa496287a90>,<function <lambda> at 0x7fa496287b30>
21920,2022-07-02 07:00:00,<function <lambda> at 0x7fa4962879f0>,<function <lambda> at 0x7fa496287a90>,<function <lambda> at 0x7fa496287b30>
21921,2022-07-02 08:00:00,<function <lambda> at 0x7fa4962879f0>,<function <lambda> at 0x7fa496287a90>,<function <lambda> at 0x7fa496287b30>
21922,2022-07-02 09:00:00,<function <lambda> at 0x7fa4962879f0>,<function <lambda> at 0x7fa496287a90>,<function <lambda> at 0x7fa496287b30>
21923,2022-07-02 10:00:00,<function <lambda> at 0x7fa4962879f0>,<function <lambda> at 0x7fa496287a90>,<function <lambda> at 0x7fa496287b30>
21924,2022-07-02 11:00:00,<function <lambda> at 0x7fa4962879f0>,<function <lambda> at 0x7fa496287a90>,<function <lambda> at 0x7fa496287b30>
21925,2022-07-02 12:00:00,<function <lambda> at 0x7fa4962879f0>,<function <lambda> at 0x7fa496287a90>,<function <lambda> at 0x7fa496287b30>
21926,2022-07-02 13:00:00,<function <lambda> at 0x7fa4962879f0>,<function <lambda> at 0x7fa496287a90>,<function <lambda> at 0x7fa496287b30>
21927,2022-07-02 14:00:00,<function <lambda> at 0x7fa4962879f0>,<function <lambda> at 0x7fa496287a90>,<function <lambda> at 0x7fa496287b30>
21928,2022-07-02 15:00:00,<function <lambda> at 0x7fa4962879f0>,<function <lambda> at 0x7fa496287a90>,<function <lambda> at 0x7fa496287b30>
21929,2022-07-02 16:00:00,<function <lambda> at 0x7fa4962879f0>,<function <lambda> at 0x7fa496287a90>,<function <lambda> at 0x7fa496287b30>
21930,2022-07-02 17:00:00,<function <lambda> at 0x7fa4962879f0>,<function <lambda> at 0x7fa496287a90>,<function <lambda> at 0x7fa496287b30>
21931,2022-07-02 18:00:00,<function <lambda> at 0x7fa4962879f0>,<function <lambda> at 0x7fa496287a90>,<function <lambda> at 0x7fa496287b30>
21932,2022-07-02 19:00:00,<function <lambda> at 0x7fa4962879f0>,<function <lambda> at 0x7fa496287a90>,<function <lambda> at 0x7fa496287b30>
21933,2022-07-02 20:00:00,<function <lambda> at 0x7fa4962879f0>,<function <lambda> at 0x7fa496287a90>,<function <lambda> at 0x7fa496287b30>
21934,2022-07-02 21:00:00,<function <lambda> at 0x7fa4962879f0>,<function <lambda> at 0x7fa496287a90>,<function <lambda> at 0x7fa496287b30>
21935,2022-07-02 22:00:00,<function <lambda> at 0x7fa4962879f0>,<function <lambda> at 0x7fa496287a90>,<function <lambda> at 0x7fa496287b30>
21936,2022-07-02 23:00:00,<function <lambda> at 0x7fa4962879f0>,<function <lambda> at 0x7fa496287a90>,<function <lambda> at 0x7fa496287b30>
21937,2022-07-03 00:00:00,<function <lambda> at 0x7fa4962879f0>,<function <lambda> at 0x7fa496287a90>,<function <lambda> at 0x7fa496287b30>
21938,2022-07-03 01:00:00,<function <lambda> at 0x7fa4962879f0>,<function <lambda> at 0x7fa496287a90>,<function <lambda> at 0x7fa496287b30>
21939,2022-07-03 02:00:00,<function <lambda> at 0x7fa4962879f0>,<function <lambda> at 0x7fa496287a90>,<function <lambda> at 0x7fa496287b30>
21940,2022-07-03 03:00:00,<function <lambda> at 0x7fa4962879f0>,<function <lambda> at 0x7fa496287a90>,<function <lambda> at 0x7fa496287b30>
21941,2022-07-03 04:00:00,<function <lambda> at 0x7fa4962879f0>,<function <lambda> at 0x7fa496287a90>,<function <lambda> at 0x7fa496287b30>
21942,2022-07-03 05:00:00,<function <lambda> at 0x7fa4962879f0>,<function <lambda> at 0x7fa496287a90>,<function <lambda> at 0x7fa496287b30>
21943,2022-07-03 06:00:00,<function <lambda> at 0x7fa4962879f0>,<function <lambda> at 0x7fa496287a90>,<function <lambda> at 0x7fa496287b30>
21944,2022-07-03 07:00:00,<function <lambda> at 0x7fa4962879f0>,<function <lambda> at 0x7fa496287a90>,<function <lambda> at 0x7fa496287b30>
21945,2022-07-03 08:00:00,<function <lambda> at 0x7fa4962879f0>,<function <lambda> at 0x7fa496287a90>,<function <lambda> at 0x7fa496287b30>
21946,2022-07-03 09:00:00,<function <lambda> at 0x7fa4962879f0>,<function <lambda> at 0x7fa496287a90>,<function <lambda> at 0x7fa496287b30>
21947,2022-07-03 10:00:00,<function <lambda> at 0x7fa4962879f0>,<function <lambda> at 0x7fa496287a90>,<function <lambda> at 0x7fa496287b30>
21948,2022-07-03 11:00:00,<function <lambda> at 0x7fa4962879f0>,<function <lambda> at 0x7fa496287a90>,<function <lambda> at 0x7fa496287b30>
21949,2022-07-03 12:00:00,<function <lambda> at 0x7fa4962879f0>,<function <lambda> at 0x7fa496287a90>,<function <lambda> at 0x7fa496287b30>
21950,2022-07-03 13:00:00,<function <lambda> at 0x7fa4962879f0>,<function <lambda> at 0x7fa496287a90>,<function <lambda> at 0x7fa496287b30>
21951,2022-07-03 14:00:00,<function <lambda> at 0x7fa4962879f0>,<function <lambda> at 0x7fa496287a90>,<function <lambda> at 0x7fa496287b30>
21952,2022-07-03 15:00:00,<function <lambda> at 0x7fa4962879f0>,<function <lambda> at 0x7fa496287a90>,<function <lambda> at 0x7fa496287b30>
21953,2022-07-03 16:00:00,<function <lambda> at 0x7fa4962879f0>,<function <lambda> at 0x7fa496287a90>,<function <lambda> at 0x7fa496287b30>
21954,2022-07-03 17:00:00,<function <lambda> at 0x7fa4962879f0>,<function <lambda> at 0x7fa496287a90>,<function <lambda> at 0x7fa496287b30>
21955,2022-07-03 18:00:00,<function <lambda> at 0x7fa4962879f0>,<function <lambda> at 0x7fa496287a90>,<function <lambda> at 0x7fa496287b30>
21956,2022-07-03 19:00:00,<function <lambda> at 0x7fa4962879f0>,<function <lambda> at 0x7fa496287a90>,<function <lambda> at 0x7fa496287b30>
21957,2022-07-03 20:00:00,<function <lambda> at 0x7fa4962879f0>,<function <lambda> at 0x7fa496287a90>,<function <lambda> at 0x7fa496287b30>
21958,2022-07-03 21:00:00,<function <lambda> at 0x7fa4962879f0>,<function <lambda> at 0x7fa496287a90>,<function <lambda> at 0x7fa496287b30>
21959,2022-07-03 22:00:00,<function <lambda> at 0x7fa4962879f0>,<function <lambda> at 0x7fa496287a90>,<function <lambda> at 0x7fa496287b30>
21960,2022-07-03 23:00:00,<function <lambda> at 0x7fa4962879f0>,<function <lambda> at 0x7fa496287a90>,<function <lambda> at 0x7fa496287b30>
21961,2022-07-04 00:00:00,<function <lambda> at 0x7fa4962879f0>,<function <lambda> at 0x7fa496287a90>,<function <lambda> at 0x7fa496287b30>
21962,2022-07-04 01:00:00,<function <lambda> at 0x7fa4962879f0>,<function <lambda> at 0x7fa496287a90>,<function <lambda> at 0x7fa496287b30>
21963,2022-07-04 02:00:00,<function <lambda> at 0x7fa4962879f0>,<function <lambda> at 0x7fa496287a90>,<function <lambda> at 0x7fa496287b30>
21964,2022-07-04 03:00:00,<function <lambda> at 0x7fa4962879f0>,<function <lambda> at 0x7fa496287a90>,<function <lambda> at 0x7fa496287b30>
21965,2022-07-04 04:00:00,<function <lambda> at 0x7fa4962879f0>,<function <lambda> at 0x7fa496287a90>,<function <lambda> at 0x7fa496287b30>
21966,2022-07-04 05:00:00,<function <lambda> at 0x7fa4962879f0>,<function <lambda> at 0x7fa496287a90>,<function <lambda> at 0x7fa496287b30>
21967,2022-07-04 06:00:00,<function <lambda> at 0x7fa4962879f0>,<function <lambda> at 0x7fa496287a90>,<function <lambda> at 0x7fa496287b30>
21968,2022-07-04 07:00:00,<function <lambda> at 0x7fa4962879f0>,<function <lambda> at 0x7fa496287a90>,<function <lambda> at 0x7fa496287b30>
21969,2022-07-04 08:00:00,<function <lambda> at 0x7fa4962879f0>,<function <lambda> at 0x7fa496287a90>,<function <lambda> at 0x7fa496287b30>
21970,2022-07-04 09:00:00,<function <lambda> at 0x7fa4962879f0>,<function <lambda> at 0x7fa496287a90>,<function <lambda> at 0x7fa496287b30>
21971,2022-07-04 10:00:00,<function <lambda> at 0x7fa4962879f0>,<function <lambda> at 0x7fa496287a90>,<function <lambda> at 0x7fa496287b30>
21972,2022-07-04 11:00:00,<function <lambda> at 0x7fa4962879f0>,<function <lambda> at 0x7fa496287a90>,<function <lambda> at 0x7fa496287b30>
21973,2022-07-04 12:00:00,<function <lambda> at 0x7fa4962879f0>,<function <lambda> at 0x7fa496287a90>,<function <lambda> at 0x7fa496287b30>
21974,2022-07-04 13:00:00,<function <lambda> at 0x7fa4962879f0>,<function <lambda> at 0x7fa496287a90>,<function <lambda> at 0x7fa496287b30>
21975,2022-07-04 14:00:00,<function <lambda> at 0x7fa4962879f0>,<function <lambda> at 0x7fa496287a90>,<function <lambda> at 0x7fa496287b30>
21976,2022-07-04 15:00:00,<function <lambda> at 0x7fa4962879f0>,<function <lambda> at 0x7fa496287a90>,<function <lambda> at 0x7fa496287b30>
21977,2022-07-04 16:00:00,<function <lambda> at 0x7fa4962879f0>,<function <lambda> at 0x7fa496287a90>,<function <lambda> at 0x7fa496287b30>
21978,2022-07-04 17:00:00,<function <lambda> at 0x7fa4962879f0>,<function <lambda> at 0x7fa496287a90>,<function <lambda> at 0x7fa496287b30>
21979,2022-07-04 18:00:00,<function <lambda> at 0x7fa4962879f0>,<function <lambda> at 0x7fa496287a90>,<function <lambda> at 0x7fa496287b30>
21980,2022-07-04 19:00:00,<function <lambda> at 0x7fa4962879f0>,<function <lambda> at 0x7fa496287a90>,<function <lambda> at 0x7fa496287b30>
21981,2022-07-04 20:00:00,<function <lambda> at 0x7fa4962879f0>,<function <lambda> at 0x7fa496287a90>,<function <lambda> at 0x7fa496287b30>
21982,2022-07-04 21:00:00,<function <lambda> at 0x7fa4962879f0>,<function <lambda> at 0x7fa496287a90>,<function <lambda> at 0x7fa496287b30>
21983,2022-07-04 22:00:00,<function <lambda> at 0x7fa4962879f0>,<function <lambda> at 0x7fa496287a90>,<function <lambda> at 0x7fa496287b30>
21984,2022-07-04 23:00:00,<function <lambda> at 0x7fa4962879f0>,<function <lambda> at 0x7fa496287a90>,<function <lambda> at 0x7fa496287b30>
21985,2022-07-05 00:00:00,<function <lambda> at 0x7fa4962879f0>,<function <lambda> at 0x7fa496287a90>,<function <lambda> at 0x7fa496287b30>
21986,2022-07-05 01:00:00,<function <lambda> at 0x7fa4962879f0>,<function <lambda> at 0x7fa496287a90>,<function <lambda> at 0x7fa496287b30>
21987,2022-07-05 02:00:00,<function <lambda> at 0x7fa4962879f0>,<function <lambda> at 0x7fa496287a90>,<function <lambda> at 0x7fa496287b30>
21988,2022-07-05 03:00:00,<function <lambda> at 0x7fa4962879f0>,<function <lambda> at 0x7fa496287a90>,<function <lambda> at 0x7fa496287b30>
21989,2022-07-05 04:00:00,<function <lambda> at 0x7fa4962879f0>,<function <lambda> at 0x7fa496287a90>,<function <lambda> at 0x7fa496287b30>
21990,2022-07-05 05:00:00,<function <lambda> at 0x7fa4962879f0>,<function <lambda> at 0x7fa496287a90>,<function <lambda> at 0x7fa496287b30>
21991,2022-07-05 06:00:00,<function <lambda> at 0x7fa4962879f0>,<function <lambda> at 0x7fa496287a90>,<function <lambda> at 0x7fa496287b30>
21992,2022-07-05 07:00:00,<function <lambda> at 0x7fa4962879f0>,<function <lambda> at 0x7fa496287a90>,<function <lambda> at 0x7fa496287b30>
21993,2022-07-05 08:00:00,<function <lambda> at 0x7fa4962879f0>,<function <lambda> at 0x7fa496287a90>,<function <lambda> at 0x7fa496287b30>
21994,2022-07-05 09:00:00,<function <lambda> at 0x7fa4962879f0>,<function <lambda> at 0x7fa496287a90>,<function <lambda> at 0x7fa496287b30>
21995,2022-07-05 10:00:00,<function <lambda> at 0x7fa4962879f0>,<function <lambda> at 0x7fa496287a90>,<function <lambda> at 0x7fa496287b30>
21996,2022-07-05 11:00:00,<function <lambda> at 0x7fa4962879f0>,<function <lambda> at 0x7fa496287a90>,<function <lambda> at 0x7fa496287b30>
21997,2022-07-05 12:00:00,<function <lambda> at 0x7fa4962879f0>,<function <lambda> at 0x7fa496287a90>,<function <lambda> at 0x7fa496287b30>
21998,2022-07-05 13:00:00,<function <lambda> at 0x7fa4962879f0>,<function <lambda> at 0x7fa496287a90>,<function <lambda> at 0x7fa496287b30>
21999,2022-07-05 14:00:00,<function <lambda> at 0x7fa4962879f0>,<function <lambda> at 0x7fa496287a90>,<function <lambda> at 0x7fa496287b30>
22000,2022-07-05 15:00:00,<function <lambda> at 0x7fa4962879f0>,<function <lambda> at 0x7fa496287a90>,<function <lambda> at 0x7fa496287b30>
22001,2022-07-05 16:00:00,<function <lambda> at 0x7fa4962879f0>,<function <lambda> at 0x7fa496287a90>,<function <lambda> at 0x7fa496287b30>
22002,2022-07-05 17:00:00,<function <lambda> at 0x7fa4962879f0>,<function <lambda> at 0x7fa496287a90>,<function <lambda> at 0x7fa496287b30>
22003,2022-07-05 18:00:00,<function <lambda> at 0x7fa4962879f0>,<function <lambda> at 0x7fa496287a90>,<function <lambda> at 0x7fa496287b30>
22004,2022-07-05 19:00:00,<function <lambda> at 0x7fa4962879f0>,<function <lambda> at 0x7fa496287a90>,<function <lambda> at 0x7fa496287b30>
22005,2022-07-05 20:00:00,<function <lambda> at 0x7fa4962879f0>,<function <lambda> at 0x7fa496287a90>,<function <lambda> at 0x7fa496287b30>
22006,2022-07-05 21:00:00,<function <lambda> at 0x7fa4962879f0>,<function <lambda> at 0x7fa496287a90>,<function <lambda> at 0x7fa496287b30>
22007,2022-07-05 22:00:00,<function <lambda> at 0x7fa4962879f0>,<function <lambda> at 0x7fa496287a90>,<function <lambda> at 0x7fa496287b30>
22008,2022-07-05 23:00:00,<function <lambda> at 0x7fa4962879f0>,<function <lambda> at 0x7fa496287a90>,<function <lambda> at 0x7fa496287b30>
22009,2022-07-06 00:00:00,<function <lambda> at 0x7fa4962879f0>,<function <lambda> at 0x7fa496287a90>,<function <lambda> at 0x7fa496287b30>
22010,2022-07-06 01:00:00,<function <lambda> at 0x7fa4962879f0>,<function <lambda> at 0x7fa496287a90>,<function <lambda> at 0x7fa496287b30>
22011,2022-07-06 02:00:00,<function <lambda> at 0x7fa4962879f0>,<function <lambda> at 0x7fa496287a90>,<function <lambda> at 0x7fa496287b30>
22012,2022-07-06 03:00:00,<function <lambda> at 0x7fa4962879f0>,<function <lambda> at 0x7fa496287a90>,<function <lambda> at 0x7fa496287b30>
22013,2022-07-06 04:00:00,<function <lambda> at 0x7fa4962879f0>,<function <lambda> at 0x7fa496287a90>,<function <lambda> at 0x7fa496287b30>
22014,2022-07-06 05:00:00,<function <lambda> at 0x7fa4962879f0>,<function <lambda> at 0x7fa496287a90>,<function <lambda> at 0x7fa496287b30>
22015,2022-07-06 06:00:00,<function <lambda> at 0x7fa4962879f0>,<function <lambda> at 0x7fa496287a90>,<function <lambda> at 0x7fa496287b30>
22016,2022-07-06 07:00:00,<function <lambda> at 0x7fa4962879f0>,<function <lambda> at 0x7fa496287a90>,<function <lambda> at 0x7fa496287b30>
22017,2022-07-06 08:00:00,<function <lambda> at 0x7fa4962879f0>,<function <lambda> at 0x7fa496287a90>,<function <lambda> at 0x7fa496287b30>
22018,2022-07-06 09:00:00,<function <lambda> at 0x7fa4962879f0>,<function <lambda> at 0x7fa496287a90>,<function <lambda> at 0x7fa496287b30>
22019,2022-07-06 10:00:00,<function <lambda> at 0x7fa4962879f0>,<function <lambda> at 0x7fa496287a90>,<function <lambda> at 0x7fa496287b30>
22020,2022-07-06 11:00:00,<function <lambda> at 0x7fa4962879f0>,<function <lambda> at 0x7fa496287a90>,<function <lambda> at 0x7fa496287b30>
22021,2022-07-06 12:00:00,<function <lambda> at 0x7fa4962879f0>,<function <lambda> at 0x7fa496287a90>,<function <lambda> at 0x7fa496287b30>
22022,2022-07-06 13:00:00,<function <lambda> at 0x7fa4962879f0>,<function <lambda> at 0x7fa496287a90>,<function <lambda> at 0x7fa496287b30>
22023,2022-07-06 14:00:00,<function <lambda> at 0x7fa4962879f0>,<function <lambda> at 0x7fa496287a90>,<function <lambda> at 0x7fa496287b30>
22024,2022-07-06 15:00:00,<function <lambda> at 0x7fa4962879f0>,<function <lambda> at 0x7fa496287a90>,<function <lambda> at 0x7fa496287b30>
22025,2022-07-06 16:00:00,<function <lambda> at 0x7fa4962879f0>,<function <lambda> at 0x7fa496287a90>,<function <lambda> at 0x7fa496287b30>
22026,2022-07-06 17:00:00,<function <lambda> at 0x7fa4962879f0>,<function <lambda> at 0x7fa496287a90>,<function <lambda> at 0x7fa496287b30>
22027,2022-07-06 18:00:00,<function <lambda> at 0x7fa4962879f0>,<function <lambda> at 0x7fa496287a90>,<function <lambda> at 0x7fa496287b30>
22028,2022-07-06 19:00:00,<function <lambda> at 0x7fa4962879f0>,<function <lambda> at 0x7fa496287a90>,<function <lambda> at 0x7fa496287b30>
22029,2022-07-06 20:00:00,<function <lambda> at 0x7fa4962879f0>,<function <lambda> at 0x7fa496287a90>,<function <lambda> at 0x7fa496287b30>
22030,2022-07-06 21:00:00,<function <lambda> at 0x7fa4962879f0>,<function <lambda> at 0x7fa496287a90>,<function <lambda> at 0x7fa496287b30>
22031,2022-07-06 22:00:00,<function <lambda> at 0x7fa4962879f0>,<function <lambda> at 0x7fa496287a90>,<function <lambda> at 0x7fa496287b30>
22032,2022-07-06 23:00:00,<function <lambda> at 0x7fa4962879f0>,<function <lambda> at 0x7fa496287a90>,<function <lambda> at 0x7fa496287b30>
22033,2022-07-07 00:00:00,<function <lambda> at 0x7fa4962879f0>,<function <lambda> at 0x7fa496287a90>,<function <lambda> at 0x7fa496287b30>
22034,2022-07-07 01:00:00,<function <lambda> at 0x7fa4962879f0>,<function <lambda> at 0x7fa496287a90>,<function <lambda> at 0x7fa496287b30>
22035,2022-07-07 02:00:00,<function <lambda> at 0x7fa4962879f0>,<function <lambda> at 0x7fa496287a90>,<function <lambda> at 0x7fa496287b30>
22036,2022-07-07 03:00:00,<function <lambda> at 0x7fa4962879f0>,<function <lambda> at 0x7fa496287a90>,<function <lambda> at 0x7fa496287b30>
22037,2022-07-07 04:00:00,<function <lambda> at 0x7fa4962879f0>,<function <lambda> at 0x7fa496287a90>,<function <lambda> at 0x7fa496287b30>
22038,2022-07-07 05:00:00,<function <lambda> at 0x7fa4962879f0>,<function <lambda> at 0x7fa496287a90>,<function <lambda> at 0x7fa496287b30>
22039,2022-07-07 06:00:00,<function <lambda> at 0x7fa4962879f0>,<function <lambda> at 0x7fa496287a90>,<function <lambda> at 0x7fa496287b30>
22040,2022-07-07 07:00:00,<function <lambda> at 0x7fa4962879f0>,<function <lambda> at 0x7fa496287a90>,<function <lambda> at 0x7fa496287b30>
22041,2022-07-07 08:00:00,<function <lambda> at 0x7fa4962879f0>,<function <lambda> at 0x7fa496287a90>,<function <lambda> at 0x7fa496287b30>
22042,2022-07-07 09:00:00,<function <lambda> at 0x7fa4962879f0>,<function <lambda> at 0x7fa496287a90>,<function <lambda> at 0x7fa496287b30>
22043,2022-07-07 10:00:00,<function <lambda> at 0x7fa4962879f0>,<function <lambda> at 0x7fa496287a90>,<function <lambda> at 0x7fa496287b30>
22044,2022-07-07 11:00:00,<function <lambda> at 0x7fa4962879f0>,<function <lambda> at 0x7fa496287a90>,<function <lambda> at 0x7fa496287b30>
22045,2022-07-07 12:00:00,<function <lambda> at 0x7fa4962879f0>,<function <lambda> at 0x7fa496287a90>,<function <lambda> at 0x7fa496287b30>
22046,2022-07-07 13:00:00,<function <lambda> at 0x7fa4962879f0>,<function <lambda> at 0x7fa496287a90>,<function <lambda> at 0x7fa496287b30>
22047,2022-07-07 14:00:00,<function <lambda> at 0x7fa4962879f0>,<function <lambda> at 0x7fa496287a90>,<function <lambda> at 0x7fa496287b30>
22048,2022-07-07 15:00:00,<function <lambda> at 0x7fa4962879f0>,<function <lambda> at 0x7fa496287a90>,<function <lambda> at 0x7fa496287b30>
22049,2022-07-07 16:00:00,<function <lambda> at 0x7fa4962879f0>,<function <lambda> at 0x7fa496287a90>,<function <lambda> at 0x7fa496287b30>
22050,2022-07-07 17:00:00,<function <lambda> at 0x7fa4962879f0>,<function <lambda> at 0x7fa496287a90>,<function <lambda> at 0x7fa496287b30>
22051,2022-07-07 18:00:00,<function <lambda> at 0x7fa4962879f0>,<function <lambda> at 0x7fa496287a90>,<function <lambda> at 0x7fa496287b30>
22052,2022-07-07 19:00:00,<function <lambda> at 0x7fa4962879f0>,<function <lambda> at 0x7fa496287a90>,<function <lambda> at 0x7fa496287b30>
22053,2022-07-07 20:00:00,<function <lambda> at 0x7fa4962879f0>,<function <lambda> at 0x7fa496287a90>,<function <lambda> at 0x7fa496287b30>
22054,2022-07-07 21:00:00,<function <lambda> at 0x7fa4962879f0>,<function <lambda> at 0x7fa496287a90>,<function <lambda> at 0x7fa496287b30>
22055,2022-07-07 22:00:00,<function <lambda> at 0x7fa4962879f0>,<function <lambda> at 0x7fa496287a90>,<function <lambda> at 0x7fa496287b30>
22056,2022-07-07 23:00:00,<function <lambda> at 0x7fa4962879f0>,<function <lambda> at 0x7fa496287a90>,<function <lambda> at 0x7fa496287b30>
22057,2022-07-08 00:00:00,<function <lambda> at 0x7fa4962879f0>,<function <lambda> at 0x7fa496287a90>,<function <lambda> at 0x7fa496287b30>
22058,2022-07-08 01:00:00,<function <lambda> at 0x7fa4962879f0>,<function <lambda> at 0x7fa496287a90>,<function <lambda> at 0x7fa496287b30>
22059,2022-07-08 02:00:00,<function <lambda> at 0x7fa4962879f0>,<function <lambda> at 0x7fa496287a90>,<function <lambda> at 0x7fa496287b30>
22060,2022-07-08 03:00:00,<function <lambda> at 0x7fa4962879f0>,<function <lambda> at 0x7fa496287a90>,<function <lambda> at 0x7fa496287b30>
22061,2022-07-08 04:00:00,<function <lambda> at 0x7fa4962879f0>,<function <lambda> at 0x7fa496287a90>,<function <lambda> at 0x7fa496287b30>
22062,2022-07-08 05:00:00,<function <lambda> at 0x7fa4962879f0>,<function <lambda> at 0x7fa496287a90>,<function <lambda> at 0x7fa496287b30>
22063,2022-07-08 06:00:00,<function <lambda> at 0x7fa4962879f0>,<function <lambda> at 0x7fa496287a90>,<function <lambda> at 0x7fa496287b30>
22064,2022-07-08 07:00:00,<function <lambda> at 0x7fa4962879f0>,<function <lambda> at 0x7fa496287a90>,<function <lambda> at 0x7fa496287b30>
22065,2022-07-08 08:00:00,<function <lambda> at 0x7fa4962879f0>,<function <lambda> at 0x7fa496287a90>,<function <lambda> at 0x7fa496287b30>
22066,2022-07-08 09:00:00,<function <lambda> at 0x7fa4962879f0>,<function <lambda> at 0x7fa496287a90>,<function <lambda> at 0x7fa496287b30>
22067,2022-07-08 10:00:00,<function <lambda> at 0x7fa4962879f0>,<function <lambda> at 0x7fa496287a90>,<function <lambda> at 0x7fa496287b30>
22068,2022-07-08 11:00:00,<function <lambda> at 0x7fa4962879f0>,<function <lambda> at 0x7fa496287a90>,<function <lambda> at 0x7fa496287b30>
22069,2022-07-08 12:00:00,<function <lambda> at 0x7fa4962879f0>,<function <lambda> at 0x7fa496287a90>,<function <lambda> at 0x7fa496287b30>
22070,2022-07-08 13:00:00,<function <lambda> at 0x7fa4962879f0>,<function <lambda> at 0x7fa496287a90>,<function <lambda> at 0x7fa496287b30>
22071,2022-07-08 14:00:00,<function <lambda> at 0x7fa4962879f0>,<function <lambda> at 0x7fa496287a90>,<function <lambda> at 0x7fa496287b30>
22072,2022-07-08 15:00:00,<function <lambda> at 0x7fa4962879f0>,<function <lambda> at 0x7fa496287a90>,<function <lambda> at 0x7fa496287b30>
22073,2022-07-08 16:00:00,<function <lambda> at 0x7fa4962879f0>,<function <lambda> at 0x7fa496287a90>,<function <lambda> at 0x7fa496287b30>
22074,2022-07-08 17:00:00,<function <lambda> at 0x7fa4962879f0>,<function <lambda> at 0x7fa496287a90>,<function <lambda> at 0x7fa496287b30>
22075,2022-07-08 18:00:00,<function <lambda> at 0x7fa4962879f0>,<function <lambda> at 0x7fa496287a90>,<function <lambda> at 0x7fa496287b30>
22076,2022-07-08 19:00:00,<function <lambda> at 0x7fa4962879f0>,<function <lambda> at 0x7fa496287a90>,<function <lambda> at 0x7fa496287b30>
22077,2022-07-08 20:00:00,<function <lambda> at 0x7fa4962879f0>,<function <lambda> at 0x7fa496287a90>,<function <lambda> at 0x7fa496287b30>
22078,2022-07-08 21:00:00,<function <lambda> at 0x7fa4962879f0>,<function <lambda> at 0x7fa496287a90>,<function <lambda> at 0x7fa496287b30>
22079,2022-07-08 22:00:00,<function <lambda> at 0x7fa4962879f0>,<function <lambda> at 0x7fa496287a90>,<function <lambda> at 0x7fa496287b30>
22080,2022-07-08 23:00:00,<function <lambda> at 0x7fa4962879f0>,<function <lambda> at 0x7fa496287a90>,<function <lambda> at 0x7fa496287b30>
22081,2022-07-09 00:00:00,<function <lambda> at 0x7fa4962879f0>,<function <lambda> at 0x7fa496287a90>,<function <lambda> at 0x7fa496287b30>
22082,2022-07-09 01:00:00,<function <lambda> at 0x7fa4962879f0>,<function <lambda> at 0x7fa496287a90>,<function <lambda> at 0x7fa496287b30>
22083,2022-07-09 02:00:00,<function <lambda> at 0x7fa4962879f0>,<function <lambda> at 0x7fa496287a90>,<function <lambda> at 0x7fa496287b30>
22084,2022-07-09 03:00:00,<function <lambda> at 0x7fa4962879f0>,<function <lambda> at 0x7fa496287a90>,<function <lambda> at 0x7fa496287b30>
22085,2022-07-09 04:00:00,<function <lambda> at 0x7fa4962879f0>,<function <lambda> at 0x7fa496287a90>,<function <lambda> at 0x7fa496287b30>
22086,2022-07-09 05:00:00,<function <lambda> at 0x7fa4962879f0>,<function <lambda> at 0x7fa496287a90>,<function <lambda> at 0x7fa496287b30>
22087,2022-07-09 06:00:00,<function <lambda> at 0x7fa4962879f0>,<function <lambda> at 0x7fa496287a90>,<function <lambda> at 0x7fa496287b30>
22088,2022-07-09 07:00:00,<function <lambda> at 0x7fa4962879f0>,<function <lambda> at 0x7fa496287a90>,<function <lambda> at 0x7fa496287b30>
22089,2022-07-09 08:00:00,<function <lambda> at 0x7fa4962879f0>,<function <lambda> at 0x7fa496287a90>,<function <lambda> at 0x7fa496287b30>
22090,2022-07-09 09:00:00,<function <lambda> at 0x7fa4962879f0>,<function <lambda> at 0x7fa496287a90>,<function <lambda> at 0x7fa496287b30>
22091,2022-07-09 10:00:00,<function <lambda> at 0x7fa4962879f0>,<function <lambda> at 0x7fa496287a90>,<function <lambda> at 0x7fa496287b30>
22092,2022-07-09 11:00:00,<function <lambda> at 0x7fa4962879f0>,<function <lambda> at 0x7fa496287a90>,<function <lambda> at 0x7fa496287b30>
22093,2022-07-09 12:00:00,<function <lambda> at 0x7fa4962879f0>,<function <lambda> at 0x7fa496287a90>,<function <lambda> at 0x7fa496287b30>
22094,2022-07-09 13:00:00,<function <lambda> at 0x7fa4962879f0>,<function <lambda> at 0x7fa496287a90>,<function <lambda> at 0x7fa496287b30>
22095,2022-07-09 14:00:00,<function <lambda> at 0x7fa4962879f0>,<function <lambda> at 0x7fa496287a90>,<function <lambda> at 0x7fa496287b30>
22096,2022-07-09 15:00:00,<function <lambda> at 0x7fa4962879f0>,<function <lambda> at 0x7fa496287a90>,<function <lambda> at 0x7fa496287b30>
22097,2022-07-09 16:00:00,<function <lambda> at 0x7fa4962879f0>,<function <lambda> at 0x7fa496287a90>,<function <lambda> at 0x7fa496287b30>
22098,2022-07-09 17:00:00,<function <lambda> at 0x7fa4962879f0>,<function <lambda> at 0x7fa496287a90>,<function <lambda> at 0x7fa496287b30>
22099,2022-07-09 18:00:00,<function <lambda> at 0x7fa4962879f0>,<function <lambda> at 0x7fa496287a90>,<function <lambda> at 0x7fa496287b30>
22100,2022-07-09 19:00:00,<function <lambda> at 0x7fa4962879f0>,<function <lambda> at 0x7fa496287a90>,<function <lambda> at 0x7fa496287b30>
22101,2022-07-09 20:00:00,<function <lambda> at 0x7fa4962879f0>,<function <lambda> at 0x7fa496287a90>,<function <lambda> at 0x7fa496287b30>
22102,2022-07-09 21:00:00,<function <lambda> at 0x7fa4962879f0>,<function <lambda> at 0x7fa496287a90>,<function <lambda> at 0x7fa496287b30>
22103,2022-07-09 22:00:00,<function <lambda> at 0x7fa4962879f0>,<function <lambda> at 0x7fa496287a90>,<function <lambda> at 0x7fa496287b30>
22104,2022-07-09 23:00:00,<function <lambda> at 0x7fa4962879f0>,<function <lambda> at 0x7fa496287a90>,<function <lambda> at 0x7fa496287b30>
22105,2022-07-10 00:00:00,<function <lambda> at 0x7fa4962879f0>,<function <lambda> at 0x7fa496287a90>,<function <lambda> at 0x7fa496287b30>
22106,2022-07-10 01:00:00,<function <lambda> at 0x7fa4962879f0>,<function <lambda> at 0x7fa496287a90>,<function <lambda> at 0x7fa496287b30>
22107,2022-07-10 02:00:00,<function <lambda> at 0x7fa4962879f0>,<function <lambda> at 0x7fa496287a90>,<function <lambda> at 0x7fa496287b30>
22108,2022-07-10 03:00:00,<function <lambda> at 0x7fa4962879f0>,<function <lambda> at 0x7fa496287a90>,<function <lambda> at 0x7fa496287b30>
22109,2022-07-10 04:00:00,<function <lambda> at 0x7fa4962879f0>,<function <lambda> at 0x7fa496287a90>,<function <lambda> at 0x7fa496287b30>
22110,2022-07-10 05:00:00,<function <lambda> at 0x7fa4962879f0>,<function <lambda> at 0x7fa496287a90>,<function <lambda> at 0x7fa496287b30>
22111,2022-07-10 06:00:00,<function <lambda> at 0x7fa4962879f0>,<function <lambda> at 0x7fa496287a90>,<function <lambda> at 0x7fa496287b30>
22112,2022-07-10 07:00:00,<function <lambda> at 0x7fa4962879f0>,<function <lambda> at 0x7fa496287a90>,<function <lambda> at 0x7fa496287b30>
22113,2022-07-10 08:00:00,<function <lambda> at 0x7fa4962879f0>,<function <lambda> at 0x7fa496287a90>,<function <lambda> at 0x7fa496287b30>
22114,2022-07-10 09:00:00,<function <lambda> at 0x7fa4962879f0>,<function <lambda> at 0x7fa496287a90>,<function <lambda> at 0x7fa496287b30>
22115,2022-07-10 10:00:00,<function <lambda> at 0x7fa4962879f0>,<function <lambda> at 0x7fa496287a90>,<function <lambda> at 0x7fa496287b30>
22116,2022-07-10 11:00:00,<function <lambda> at 0x7fa4962879f0>,<function <lambda> at 0x7fa496287a90>,<function <lambda> at 0x7fa496287b30>
22117,2022-07-10 12:00:00,<function <lambda> at 0x7fa4962879f0>,<function <lambda> at 0x7fa496287a90>,<function <lambda> at 0x7fa496287b30>
22118,2022-07-10 13:00:00,<function <lambda> at 0x7fa4962879f0>,<function <lambda> at 0x7fa496287a90>,<function <lambda> at 0x7fa496287b30>
22119,2022-07-10 14:00:00,<function <lambda> at 0x7fa4962879f0>,<function <lambda> at 0x7fa496287a90>,<function <lambda> at 0x7fa496287b30>
22120,2022-07-10 15:00:00,<function <lambda> at 0x7fa4962879f0>,<function <lambda> at 0x7fa496287a90>,<function <lambda> at 0x7fa496287b30>
22121,2022-07-10 16:00:00,<function <lambda> at 0x7fa4962879f0>,<function <lambda> at 0x7fa496287a90>,<function <lambda> at 0x7fa496287b30>
22122,2022-07-10 17:00:00,<function <lambda> at 0x7fa4962879f0>,<function <lambda> at 0x7fa496287a90>,<function <lambda> at 0x7fa496287b30>
22123,2022-07-10 18:00:00,<function <lambda> at 0x7fa4962879f0>,<function <lambda> at 0x7fa496287a90>,<function <lambda> at 0x7fa496287b30>
22124,2022-07-10 19:00:00,<function <lambda> at 0x7fa4962879f0>,<function <lambda> at 0x7fa496287a90>,<function <lambda> at 0x7fa496287b30>
22125,2022-07-10 20:00:00,<function <lambda> at 0x7fa4962879f0>,<function <lambda> at 0x7fa496287a90>,<function <lambda> at 0x7fa496287b30>
22126,2022-07-10 21:00:00,<function <lambda> at 0x7fa4962879f0>,<function <lambda> at 0x7fa496287a90>,<function <lambda> at 0x7fa496287b30>
22127,2022-07-10 22:00:00,<function <lambda> at 0x7fa4962879f0>,<function <lambda> at 0x7fa496287a90>,<function <lambda> at 0x7fa496287b30>
22128,2022-07-10 23:00:00,<function <lambda> at 0x7fa4962879f0>,<function <lambda> at 0x7fa496287a90>,<function <lambda> at 0x7fa496287b30>
22129,2022-07-11 00:00:00,<function <lambda> at 0x7fa4962879f0>,<function <lambda> at 0x7fa496287a90>,<function <lambda> at 0x7fa496287b30>
22130,2022-07-11 01:00:00,<function <lambda> at 0x7fa4962879f0>,<function <lambda> at 0x7fa496287a90>,<function <lambda> at 0x7fa496287b30>
22131,2022-07-11 02:00:00,<function <lambda> at 0x7fa4962879f0>,<function <lambda> at 0x7fa496287a90>,<function <lambda> at 0x7fa496287b30>
22132,2022-07-11 03:00:00,<function <lambda> at 0x7fa4962879f0>,<function <lambda> at 0x7fa496287a90>,<function <lambda> at 0x7fa496287b30>
22133,2022-07-11 04:00:00,<function <lambda> at 0x7fa4962879f0>,<function <lambda> at 0x7fa496287a90>,<function <lambda> at 0x7fa496287b30>
22134,2022-07-11 05:00:00,<function <lambda> at 0x7fa4962879f0>,<function <lambda> at 0x7fa496287a90>,<function <lambda> at 0x7fa496287b30>
22135,2022-07-11 06:00:00,<function <lambda> at 0x7fa4962879f0>,<function <lambda> at 0x7fa496287a90>,<function <lambda> at 0x7fa496287b30>
22136,2022-07-11 07:00:00,<function <lambda> at 0x7fa4962879f0>,<function <lambda> at 0x7fa496287a90>,<function <lambda> at 0x7fa496287b30>
22137,2022-07-11 08:00:00,<function <lambda> at 0x7fa4962879f0>,<function <lambda> at 0x7fa496287a90>,<function <lambda> at 0x7fa496287b30>
22138,2022-07-11 09:00:00,<function <lambda> at 0x7fa4962879f0>,<function <lambda> at 0x7fa496287a90>,<function <lambda> at 0x7fa496287b30>
22139,2022-07-11 10:00:00,<function <lambda> at 0x7fa4962879f0>,<function <lambda> at 0x7fa496287a90>,<function <lambda> at 0x7fa496287b30>
22140,2022-07-11 11:00:00,<function <lambda> at 0x7fa4962879f0>,<function <lambda> at 0x7fa496287a90>,<function <lambda> at 0x7fa496287b30>
22141,2022-07-11 12:00:00,<function <lambda> at 0x7fa4962879f0>,<function <lambda> at 0x7fa496287a90>,<function <lambda> at 0x7fa496287b30>
22142,2022-07-11 13:00:00,<function <lambda> at 0x7fa4962879f0>,<function <lambda> at 0x7fa496287a90>,<function <lambda> at 0x7fa496287b30>
22143,2022-07-11 14:00:00,<function <lambda> at 0x7fa4962879f0>,<function <lambda> at 0x7fa496287a90>,<function <lambda> at 0x7fa496287b30>
22144,2022-07-11 15:00:00,<function <lambda> at 0x7fa4962879f0>,<function <lambda> at 0x7fa496287a90>,<function <lambda> at 0x7fa496287b30>
22145,2022-07-11 16:00:00,<function <lambda> at 0x7fa4962879f0>,<function <lambda> at 0x7fa496287a90>,<function <lambda> at 0x7fa496287b30>
22146,2022-07-11 17:00:00,<function <lambda> at 0x7fa4962879f0>,<function <lambda> at 0x7fa496287a90>,<function <lambda> at 0x7fa496287b30>
22147,2022-07-11 18:00:00,<function <lambda> at 0x7fa4962879f0>,<function <lambda> at 0x7fa496287a90>,<function <lambda> at 0x7fa496287b30>
22148,2022-07-11 19:00:00,<function <lambda> at 0x7fa4962879f0>,<function <lambda> at 0x7fa496287a90>,<function <lambda> at 0x7fa496287b30>
22149,2022-07-11 20:00:00,<function <lambda> at 0x7fa4962879f0>,<function <lambda> at 0x7fa496287a90>,<function <lambda> at 0x7fa496287b30>
22150,2022-07-11 21:00:00,<function <lambda> at 0x7fa4962879f0>,<function <lambda> at 0x7fa496287a90>,<function <lambda> at 0x7fa496287b30>
22151,2022-07-11 22:00:00,<function <lambda> at 0x7fa4962879f0>,<function <lambda> at 0x7fa496287a90>,<function <lambda> at 0x7fa496287b30>
22152,2022-07-11 23:00:00,<function <lambda> at 0x7fa4962879f0>,<function <lambda> at 0x7fa496287a90>,<function <lambda> at 0x7fa496287b30>
22153,2022-07-12 00:00:00,<function <lambda> at 0x7fa4962879f0>,<function <lambda> at 0x7fa496287a90>,<function <lambda> at 0x7fa496287b30>
22154,2022-07-12 01:00:00,<function <lambda> at 0x7fa4962879f0>,<function <lambda> at 0x7fa496287a90>,<function <lambda> at 0x7fa496287b30>
22155,2022-07-12 02:00:00,<function <lambda> at 0x7fa4962879f0>,<function <lambda> at 0x7fa496287a90>,<function <lambda> at 0x7fa496287b30>
22156,2022-07-12 03:00:00,<function <lambda> at 0x7fa4962879f0>,<function <lambda> at 0x7fa496287a90>,<function <lambda> at 0x7fa496287b30>
22157,2022-07-12 04:00:00,<function <lambda> at 0x7fa4962879f0>,<function <lambda> at 0x7fa496287a90>,<function <lambda> at 0x7fa496287b30>
22158,2022-07-12 05:00:00,<function <lambda> at 0x7fa4962879f0>,<function <lambda> at 0x7fa496287a90>,<function <lambda> at 0x7fa496287b30>
22159,2022-07-12 06:00:00,<function <lambda> at 0x7fa4962879f0>,<function <lambda> at 0x7fa496287a90>,<function <lambda> at 0x7fa496287b30>
22160,2022-07-12 07:00:00,<function <lambda> at 0x7fa4962879f0>,<function <lambda> at 0x7fa496287a90>,<function <lambda> at 0x7fa496287b30>
22161,2022-07-12 08:00:00,<function <lambda> at 0x7fa4962879f0>,<function <lambda> at 0x7fa496287a90>,<function <lambda> at 0x7fa496287b30>
22162,2022-07-12 09:00:00,<function <lambda> at 0x7fa4962879f0>,<function <lambda> at 0x7fa496287a90>,<function <lambda> at 0x7fa496287b30>
22163,2022-07-12 10:00:00,<function <lambda> at 0x7fa4962879f0>,<function <lambda> at 0x7fa496287a90>,<function <lambda> at 0x7fa496287b30>
22164,2022-07-12 11:00:00,<function <lambda> at 0x7fa4962879f0>,<function <lambda> at 0x7fa496287a90>,<function <lambda> at 0x7fa496287b30>
22165,2022-07-12 12:00:00,<function <lambda> at 0x7fa4962879f0>,<function <lambda> at 0x7fa496287a90>,<function <lambda> at 0x7fa496287b30>
22166,2022-07-12 13:00:00,<function <lambda> at 0x7fa4962879f0>,<function <lambda> at 0x7fa496287a90>,<function <lambda> at 0x7fa496287b30>
22167,2022-07-12 14:00:00,<function <lambda> at 0x7fa4962879f0>,<function <lambda> at 0x7fa496287a90>,<function <lambda> at 0x7fa496287b30>
22168,2022-07-12 15:00:00,<function <lambda> at 0x7fa4962879f0>,<function <lambda> at 0x7fa496287a90>,<function <lambda> at 0x7fa496287b30>
22169,2022-07-12 16:00:00,<function <lambda> at 0x7fa4962879f0>,<function <lambda> at 0x7fa496287a90>,<function <lambda> at 0x7fa496287b30>
22170,2022-07-12 17:00:00,<function <lambda> at 0x7fa4962879f0>,<function <lambda> at 0x7fa496287a90>,<function <lambda> at 0x7fa496287b30>
22171,2022-07-12 18:00:00,<function <lambda> at 0x7fa4962879f0>,<function <lambda> at 0x7fa496287a90>,<function <lambda> at 0x7fa496287b30>
22172,2022-07-12 19:00:00,<function <lambda> at 0x7fa4962879f0>,<function <lambda> at 0x7fa496287a90>,<function <lambda> at 0x7fa496287b30>
22173,2022-07-12 20:00:00,<function <lambda> at 0x7fa4962879f0>,<function <lambda> at 0x7fa496287a90>,<function <lambda> at 0x7fa496287b30>
22174,2022-07-12 21:00:00,<function <lambda> at 0x7fa4962879f0>,<function <lambda> at 0x7fa496287a90>,<function <lambda> at 0x7fa496287b30>
22175,2022-07-12 22:00:00,<function <lambda> at 0x7fa4962879f0>,<function <lambda> at 0x7fa496287a90>,<function <lambda> at 0x7fa496287b30>
22176,2022-07-12 23:00:00,<function <lambda> at 0x7fa4962879f0>,<function <lambda> at 0x7fa496287a90>,<function <lambda> at 0x7fa496287b30>
22177,2022-07-13 00:00:00,<function <lambda> at 0x7fa4962879f0>,<function <lambda> at 0x7fa496287a90>,<function <lambda> at 0x7fa496287b30>
22178,2022-07-13 01:00:00,<function <lambda> at 0x7fa4962879f0>,<function <lambda> at 0x7fa496287a90>,<function <lambda> at 0x7fa496287b30>
22179,2022-07-13 02:00:00,<function <lambda> at 0x7fa4962879f0>,<function <lambda> at 0x7fa496287a90>,<function <lambda> at 0x7fa496287b30>
22180,2022-07-13 03:00:00,<function <lambda> at 0x7fa4962879f0>,<function <lambda> at 0x7fa496287a90>,<function <lambda> at 0x7fa496287b30>
22181,2022-07-13 04:00:00,<function <lambda> at 0x7fa4962879f0>,<function <lambda> at 0x7fa496287a90>,<function <lambda> at 0x7fa496287b30>
22182,2022-07-13 05:00:00,<function <lambda> at 0x7fa4962879f0>,<function <lambda> at 0x7fa496287a90>,<function <lambda> at 0x7fa496287b30>
22183,2022-07-13 06:00:00,<function <lambda> at 0x7fa4962879f0>,<function <lambda> at 0x7fa496287a90>,<function <lambda> at 0x7fa496287b30>
22184,2022-07-13 07:00:00,<function <lambda> at 0x7fa4962879f0>,<function <lambda> at 0x7fa496287a90>,<function <lambda> at 0x7fa496287b30>
22185,2022-07-13 08:00:00,<function <lambda> at 0x7fa4962879f0>,<function <lambda> at 0x7fa496287a90>,<function <lambda> at 0x7fa496287b30>
22186,2022-07-13 09:00:00,<function <lambda> at 0x7fa4962879f0>,<function <lambda> at 0x7fa496287a90>,<function <lambda> at 0x7fa496287b30>
22187,2022-07-13 10:00:00,<function <lambda> at 0x7fa4962879f0>,<function <lambda> at 0x7fa496287a90>,<function <lambda> at 0x7fa496287b30>
22188,2022-07-13 11:00:00,<function <lambda> at 0x7fa4962879f0>,<function <lambda> at 0x7fa496287a90>,<function <lambda> at 0x7fa496287b30>
22189,2022-07-13 12:00:00,<function <lambda> at 0x7fa4962879f0>,<function <lambda> at 0x7fa496287a90>,<function <lambda> at 0x7fa496287b30>
22190,2022-07-13 13:00:00,<function <lambda> at 0x7fa4962879f0>,<function <lambda> at 0x7fa496287a90>,<function <lambda> at 0x7fa496287b30>
22191,2022-07-13 14:00:00,<function <lambda> at 0x7fa4962879f0>,<function <lambda> at 0x7fa496287a90>,<function <lambda> at 0x7fa496287b30>
22192,2022-07-13 15:00:00,<function <lambda> at 0x7fa4962879f0>,<function <lambda> at 0x7fa496287a90>,<function <lambda> at 0x7fa496287b30>
22193,2022-07-13 16:00:00,<function <lambda> at 0x7fa4962879f0>,<function <lambda> at 0x7fa496287a90>,<function <lambda> at 0x7fa496287b30>
22194,2022-07-13 17:00:00,<function <lambda> at 0x7fa4962879f0>,<function <lambda> at 0x7fa496287a90>,<function <lambda> at 0x7fa496287b30>
22195,2022-07-13 18:00:00,<function <lambda> at 0x7fa4962879f0>,<function <lambda> at 0x7fa496287a90>,<function <lambda> at 0x7fa496287b30>
22196,2022-07-13 19:00:00,<function <lambda> at 0x7fa4962879f0>,<function <lambda> at 0x7fa496287a90>,<function <lambda> at 0x7fa496287b30>
22197,2022-07-13 20:00:00,<function <lambda> at 0x7fa4962879f0>,<function <lambda> at 0x7fa496287a90>,<function <lambda> at 0x7fa496287b30>
22198,2022-07-13 21:00:00,<function <lambda> at 0x7fa4962879f0>,<function <lambda> at 0x7fa496287a90>,<function <lambda> at 0x7fa496287b30>
22199,2022-07-13 22:00:00,<function <lambda> at 0x7fa4962879f0>,<function <lambda> at 0x7fa496287a90>,<function <lambda> at 0x7fa496287b30>
22200,2022-07-13 23:00:00,<function <lambda> at 0x7fa4962879f0>,<function <lambda> at 0x7fa496287a90>,<function <lambda> at 0x7fa496287b30>
22201,2022-07-14 00:00:00,<function <lambda> at 0x7fa4962879f0>,<function <lambda> at 0x7fa496287a90>,<function <lambda> at 0x7fa496287b30>
22202,2022-07-14 01:00:00,<function <lambda> at 0x7fa4962879f0>,<function <lambda> at 0x7fa496287a90>,<function <lambda> at 0x7fa496287b30>
22203,2022-07-14 02:00:00,<function <lambda> at 0x7fa4962879f0>,<function <lambda> at 0x7fa496287a90>,<function <lambda> at 0x7fa496287b30>
22204,2022-07-14 03:00:00,<function <lambda> at 0x7fa4962879f0>,<function <lambda> at 0x7fa496287a90>,<function <lambda> at 0x7fa496287b30>
22205,2022-07-14 04:00:00,<function <lambda> at 0x7fa4962879f0>,<function <lambda> at 0x7fa496287a90>,<function <lambda> at 0x7fa496287b30>
22206,2022-07-14 05:00:00,<function <lambda> at 0x7fa4962879f0>,<function <lambda> at 0x7fa496287a90>,<function <lambda> at 0x7fa496287b30>
22207,2022-07-14 06:00:00,<function <lambda> at 0x7fa4962879f0>,<function <lambda> at 0x7fa496287a90>,<function <lambda> at 0x7fa496287b30>
22208,2022-07-14 07:00:00,<function <lambda> at 0x7fa4962879f0>,<function <lambda> at 0x7fa496287a90>,<function <lambda> at 0x7fa496287b30>
22209,2022-07-14 08:00:00,<function <lambda> at 0x7fa4962879f0>,<function <lambda> at 0x7fa496287a90>,<function <lambda> at 0x7fa496287b30>
22210,2022-07-14 09:00:00,<function <lambda> at 0x7fa4962879f0>,<function <lambda> at 0x7fa496287a90>,<function <lambda> at 0x7fa496287b30>
22211,2022-07-14 10:00:00,<function <lambda> at 0x7fa4962879f0>,<function <lambda> at 0x7fa496287a90>,<function <lambda> at 0x7fa496287b30>
22212,2022-07-14 11:00:00,<function <lambda> at 0x7fa4962879f0>,<function <lambda> at 0x7fa496287a90>,<function <lambda> at 0x7fa496287b30>
22213,2022-07-14 12:00:00,<function <lambda> at 0x7fa4962879f0>,<function <lambda> at 0x7fa496287a90>,<function <lambda> at 0x7fa496287b30>
22214,2022-07-14 13:00:00,<function <lambda> at 0x7fa4962879f0>,<function <lambda> at 0x7fa496287a90>,<function <lambda> at 0x7fa496287b30>
22215,2022-07-14 14:00:00,<function <lambda> at 0x7fa4962879f0>,<function <lambda> at 0x7fa496287a90>,<function <lambda> at 0x7fa496287b30>
22216,2022-07-14 15:00:00,<function <lambda> at 0x7fa4962879f0>,<function <lambda> at 0x7fa496287a90>,<function <lambda> at 0x7fa496287b30>
22217,2022-07-14 16:00:00,<function <lambda> at 0x7fa4962879f0>,<function <lambda> at 0x7fa496287a90>,<function <lambda> at 0x7fa496287b30>
22218,2022-07-14 17:00:00,<function <lambda> at 0x7fa4962879f0>,<function <lambda> at 0x7fa496287a90>,<function <lambda> at 0x7fa496287b30>
22219,2022-07-14 18:00:00,<function <lambda> at 0x7fa4962879f0>,<function <lambda> at 0x7fa496287a90>,<function <lambda> at 0x7fa496287b30>
22220,2022-07-14 19:00:00,<function <lambda> at 0x7fa4962879f0>,<function <lambda> at 0x7fa496287a90>,<function <lambda> at 0x7fa496287b30>
22221,2022-07-14 20:00:00,<function <lambda> at 0x7fa4962879f0>,<function <lambda> at 0x7fa496287a90>,<function <lambda> at 0x7fa496287b30>
22222,2022-07-14 21:00:00,<function <lambda> at 0x7fa4962879f0>,<function <lambda> at 0x7fa496287a90>,<function <lambda> at 0x7fa496287b30>
22223,2022-07-14 22:00:00,<function <lambda> at 0x7fa4962879f0>,<function <lambda> at 0x7fa496287a90>,<function <lambda> at 0x7fa496287b30>
22224,2022-07-14 23:00:00,<function <lambda> at 0x7fa4962879f0>,<function <lambda> at 0x7fa496287a90>,<function <lambda> at 0x7fa496287b30>
22225,2022-07-15 00:00:00,<function <lambda> at 0x7fa4962879f0>,<function <lambda> at 0x7fa496287a90>,<function <lambda> at 0x7fa496287b30>
22226,2022-07-15 01:00:00,<function <lambda> at 0x7fa4962879f0>,<function <lambda> at 0x7fa496287a90>,<function <lambda> at 0x7fa496287b30>
22227,2022-07-15 02:00:00,<function <lambda> at 0x7fa4962879f0>,<function <lambda> at 0x7fa496287a90>,<function <lambda> at 0x7fa496287b30>
22228,2022-07-15 03:00:00,<function <lambda> at 0x7fa4962879f0>,<function <lambda> at 0x7fa496287a90>,<function <lambda> at 0x7fa496287b30>
22229,2022-07-15 04:00:00,<function <lambda> at 0x7fa4962879f0>,<function <lambda> at 0x7fa496287a90>,<function <lambda> at 0x7fa496287b30>
22230,2022-07-15 05:00:00,<function <lambda> at 0x7fa4962879f0>,<function <lambda> at 0x7fa496287a90>,<function <lambda> at 0x7fa496287b30>
22231,2022-07-15 06:00:00,<function <lambda> at 0x7fa4962879f0>,<function <lambda> at 0x7fa496287a90>,<function <lambda> at 0x7fa496287b30>
22232,2022-07-15 07:00:00,<function <lambda> at 0x7fa4962879f0>,<function <lambda> at 0x7fa496287a90>,<function <lambda> at 0x7fa496287b30>
22233,2022-07-15 08:00:00,<function <lambda> at 0x7fa4962879f0>,<function <lambda> at 0x7fa496287a90>,<function <lambda> at 0x7fa496287b30>
22234,2022-07-15 09:00:00,<function <lambda> at 0x7fa4962879f0>,<function <lambda> at 0x7fa496287a90>,<function <lambda> at 0x7fa496287b30>
22235,2022-07-15 10:00:00,<function <lambda> at 0x7fa4962879f0>,<function <lambda> at 0x7fa496287a90>,<function <lambda> at 0x7fa496287b30>
22236,2022-07-15 11:00:00,<function <lambda> at 0x7fa4962879f0>,<function <lambda> at 0x7fa496287a90>,<function <lambda> at 0x7fa496287b30>
22237,2022-07-15 12:00:00,<function <lambda> at 0x7fa4962879f0>,<function <lambda> at 0x7fa496287a90>,<function <lambda> at 0x7fa496287b30>
22238,2022-07-15 13:00:00,<function <lambda> at 0x7fa4962879f0>,<function <lambda> at 0x7fa496287a90>,<function <lambda> at 0x7fa496287b30>
22239,2022-07-15 14:00:00,<function <lambda> at 0x7fa4962879f0>,<function <lambda> at 0x7fa496287a90>,<function <lambda> at 0x7fa496287b30>
22240,2022-07-15 15:00:00,<function <lambda> at 0x7fa4962879f0>,<function <lambda> at 0x7fa496287a90>,<function <lambda> at 0x7fa496287b30>
22241,2022-07-15 16:00:00,<function <lambda> at 0x7fa4962879f0>,<function <lambda> at 0x7fa496287a90>,<function <lambda> at 0x7fa496287b30>
22242,2022-07-15 17:00:00,<function <lambda> at 0x7fa4962879f0>,<function <lambda> at 0x7fa496287a90>,<function <lambda> at 0x7fa496287b30>
22243,2022-07-15 18:00:00,<function <lambda> at 0x7fa4962879f0>,<function <lambda> at 0x7fa496287a90>,<function <lambda> at 0x7fa496287b30>
22244,2022-07-15 19:00:00,<function <lambda> at 0x7fa4962879f0>,<function <lambda> at 0x7fa496287a90>,<function <lambda> at 0x7fa496287b30>
22245,2022-07-15 20:00:00,<function <lambda> at 0x7fa4962879f0>,<function <lambda> at 0x7fa496287a90>,<function <lambda> at 0x7fa496287b30>
22246,2022-07-15 21:00:00,<function <lambda> at 0x7fa4962879f0>,<function <lambda> at 0x7fa496287a90>,<function <lambda> at 0x7fa496287b30>
22247,2022-07-15 22:00:00,<function <lambda> at 0x7fa4962879f0>,<function <lambda> at 0x7fa496287a90>,<function <lambda> at 0x7fa496287b30>
22248,2022-07-15 23:00:00,<function <lambda> at 0x7fa4962879f0>,<function <lambda> at 0x7fa496287a90>,<function <lambda> at 0x7fa496287b30>
22249,2022-07-16 00:00:00,<function <lambda> at 0x7fa4962879f0>,<function <lambda> at 0x7fa496287a90>,<function <lambda> at 0x7fa496287b30>
22250,2022-07-16 01:00:00,<function <lambda> at 0x7fa4962879f0>,<function <lambda> at 0x7fa496287a90>,<function <lambda> at 0x7fa496287b30>
22251,2022-07-16 02:00:00,<function <lambda> at 0x7fa4962879f0>,<function <lambda> at 0x7fa496287a90>,<function <lambda> at 0x7fa496287b30>
22252,2022-07-16 03:00:00,<function <lambda> at 0x7fa4962879f0>,<function <lambda> at 0x7fa496287a90>,<function <lambda> at 0x7fa496287b30>
22253,2022-07-16 04:00:00,<function <lambda> at 0x7fa4962879f0>,<function <lambda> at 0x7fa496287a90>,<function <lambda> at 0x7fa496287b30>
22254,2022-07-16 05:00:00,<function <lambda> at 0x7fa4962879f0>,<function <lambda> at 0x7fa496287a90>,<function <lambda> at 0x7fa496287b30>
22255,2022-07-16 06:00:00,<function <lambda> at 0x7fa4962879f0>,<function <lambda> at 0x7fa496287a90>,<function <lambda> at 0x7fa496287b30>
22256,2022-07-16 07:00:00,<function <lambda> at 0x7fa4962879f0>,<function <lambda> at 0x7fa496287a90>,<function <lambda> at 0x7fa496287b30>
22257,2022-07-16 08:00:00,<function <lambda> at 0x7fa4962879f0>,<function <lambda> at 0x7fa496287a90>,<function <lambda> at 0x7fa496287b30>
22258,2022-07-16 09:00:00,<function <lambda> at 0x7fa4962879f0>,<function <lambda> at 0x7fa496287a90>,<function <lambda> at 0x7fa496287b30>
22259,2022-07-16 10:00:00,<function <lambda> at 0x7fa4962879f0>,<function <lambda> at 0x7fa496287a90>,<function <lambda> at 0x7fa496287b30>
22260,2022-07-16 11:00:00,<function <lambda> at 0x7fa4962879f0>,<function <lambda> at 0x7fa496287a90>,<function <lambda> at 0x7fa496287b30>
22261,2022-07-16 12:00:00,<function <lambda> at 0x7fa4962879f0>,<function <lambda> at 0x7fa496287a90>,<function <lambda> at 0x7fa496287b30>
22262,2022-07-16 13:00:00,<function <lambda> at 0x7fa4962879f0>,<function <lambda> at 0x7fa496287a90>,<function <lambda> at 0x7fa496287b30>
22263,2022-07-16 14:00:00,<function <lambda> at 0x7fa4962879f0>,<function <lambda> at 0x7fa496287a90>,<function <lambda> at 0x7fa496287b30>
22264,2022-07-16 15:00:00,<function <lambda> at 0x7fa4962879f0>,<function <lambda> at 0x7fa496287a90>,<function <lambda> at 0x7fa496287b30>
22265,2022-07-16 16:00:00,<function <lambda> at 0x7fa4962879f0>,<function <lambda> at 0x7fa496287a90>,<function <lambda> at 0x7fa496287b30>
22266,2022-07-16 17:00:00,<function <lambda> at 0x7fa4962879f0>,<function <lambda> at 0x7fa496287a90>,<function <lambda> at 0x7fa496287b30>
22267,2022-07-16 18:00:00,<function <lambda> at 0x7fa4962879f0>,<function <lambda> at 0x7fa496287a90>,<function <lambda> at 0x7fa496287b30>
22268,2022-07-16 19:00:00,<function <lambda> at 0x7fa4962879f0>,<function <lambda> at 0x7fa496287a90>,<function <lambda> at 0x7fa496287b30>
22269,2022-07-16 20:00:00,<function <lambda> at 0x7fa4962879f0>,<function <lambda> at 0x7fa496287a90>,<function <lambda> at 0x7fa496287b30>
22270,2022-07-16 21:00:00,<function <lambda> at 0x7fa4962879f0>,<function <lambda> at 0x7fa496287a90>,<function <lambda> at 0x7fa496287b30>
22271,2022-07-16 22:00:00,<function <lambda> at 0x7fa4962879f0>,<function <lambda> at 0x7fa496287a90>,<function <lambda> at 0x7fa496287b30>
22272,2022-07-16 23:00:00,<function <lambda> at 0x7fa4962879f0>,<function <lambda> at 0x7fa496287a90>,<function <lambda> at 0x7fa496287b30>
22273,2022-07-17 00:00:00,<function <lambda> at 0x7fa4962879f0>,<function <lambda> at 0x7fa496287a90>,<function <lambda> at 0x7fa496287b30>
22274,2022-07-17 01:00:00,<function <lambda> at 0x7fa4962879f0>,<function <lambda> at 0x7fa496287a90>,<function <lambda> at 0x7fa496287b30>
22275,2022-07-17 02:00:00,<function <lambda> at 0x7fa4962879f0>,<function <lambda> at 0x7fa496287a90>,<function <lambda> at 0x7fa496287b30>
22276,2022-07-17 03:00:00,<function <lambda> at 0x7fa4962879f0>,<function <lambda> at 0x7fa496287a90>,<function <lambda> at 0x7fa496287b30>
22277,2022-07-17 04:00:00,<function <lambda> at 0x7fa4962879f0>,<function <lambda> at 0x7fa496287a90>,<function <lambda> at 0x7fa496287b30>
22278,2022-07-17 05:00:00,<function <lambda> at 0x7fa4962879f0>,<function <lambda> at 0x7fa496287a90>,<function <lambda> at 0x7fa496287b30>
22279,2022-07-17 06:00:00,<function <lambda> at 0x7fa4962879f0>,<function <lambda> at 0x7fa496287a90>,<function <lambda> at 0x7fa496287b30>
22280,2022-07-17 07:00:00,<function <lambda> at 0x7fa4962879f0>,<function <lambda> at 0x7fa496287a90>,<function <lambda> at 0x7fa496287b30>
22281,2022-07-17 08:00:00,<function <lambda> at 0x7fa4962879f0>,<function <lambda> at 0x7fa496287a90>,<function <lambda> at 0x7fa496287b30>
22282,2022-07-17 09:00:00,<function <lambda> at 0x7fa4962879f0>,<function <lambda> at 0x7fa496287a90>,<function <lambda> at 0x7fa496287b30>
22283,2022-07-17 10:00:00,<function <lambda> at 0x7fa4962879f0>,<function <lambda> at 0x7fa496287a90>,<function <lambda> at 0x7fa496287b30>
22284,2022-07-17 11:00:00,<function <lambda> at 0x7fa4962879f0>,<function <lambda> at 0x7fa496287a90>,<function <lambda> at 0x7fa496287b30>
22285,2022-07-17 12:00:00,<function <lambda> at 0x7fa4962879f0>,<function <lambda> at 0x7fa496287a90>,<function <lambda> at 0x7fa496287b30>
22286,2022-07-17 13:00:00,<function <lambda> at 0x7fa4962879f0>,<function <lambda> at 0x7fa496287a90>,<function <lambda> at 0x7fa496287b30>
22287,2022-07-17 14:00:00,<function <lambda> at 0x7fa4962879f0>,<function <lambda> at 0x7fa496287a90>,<function <lambda> at 0x7fa496287b30>
22288,2022-07-17 15:00:00,<function <lambda> at 0x7fa4962879f0>,<function <lambda> at 0x7fa496287a90>,<function <lambda> at 0x7fa496287b30>
22289,2022-07-17 16:00:00,<function <lambda> at 0x7fa4962879f0>,<function <lambda> at 0x7fa496287a90>,<function <lambda> at 0x7fa496287b30>
22290,2022-07-17 17:00:00,<function <lambda> at 0x7fa4962879f0>,<function <lambda> at 0x7fa496287a90>,<function <lambda> at 0x7fa496287b30>
22291,2022-07-17 18:00:00,<function <lambda> at 0x7fa4962879f0>,<function <lambda> at 0x7fa496287a90>,<function <lambda> at 0x7fa496287b30>
22292,2022-07-17 19:00:00,<function <lambda> at 0x7fa4962879f0>,<function <lambda> at 0x7fa496287a90>,<function <lambda> at 0x7fa496287b30>
22293,2022-07-17 20:00:00,<function <lambda> at 0x7fa4962879f0>,<function <lambda> at 0x7fa496287a90>,<function <lambda> at 0x7fa496287b30>
22294,2022-07-17 21:00:00,<function <lambda> at 0x7fa4962879f0>,<function <lambda> at 0x7fa496287a90>,<function <lambda> at 0x7fa496287b30>
22295,2022-07-17 22:00:00,<function <lambda> at 0x7fa4962879f0>,<function <lambda> at 0x7fa496287a90>,<function <lambda> at 0x7fa496287b30>
22296,2022-07-17 23:00:00,<function <lambda> at 0x7fa4962879f0>,<function <lambda> at 0x7fa496287a90>,<function <lambda> at 0x7fa496287b30>
22297,2022-07-18 00:00:00,<function <lambda> at 0x7fa4962879f0>,<function <lambda> at 0x7fa496287a90>,<function <lambda> at 0x7fa496287b30>
22298,2022-07-18 01:00:00,<function <lambda> at 0x7fa4962879f0>,<function <lambda> at 0x7fa496287a90>,<function <lambda> at 0x7fa496287b30>
22299,2022-07-18 02:00:00,<function <lambda> at 0x7fa4962879f0>,<function <lambda> at 0x7fa496287a90>,<function <lambda> at 0x7fa496287b30>
22300,2022-07-18 03:00:00,<function <lambda> at 0x7fa4962879f0>,<function <lambda> at 0x7fa496287a90>,<function <lambda> at 0x7fa496287b30>
22301,2022-07-18 04:00:00,<function <lambda> at 0x7fa4962879f0>,<function <lambda> at 0x7fa496287a90>,<function <lambda> at 0x7fa496287b30>
22302,2022-07-18 05:00:00,<function <lambda> at 0x7fa4962879f0>,<function <lambda> at 0x7fa496287a90>,<function <lambda> at 0x7fa496287b30>
22303,2022-07-18 06:00:00,<function <lambda> at 0x7fa4962879f0>,<function <lambda> at 0x7fa496287a90>,<function <lambda> at 0x7fa496287b30>
22304,2022-07-18 07:00:00,<function <lambda> at 0x7fa4962879f0>,<function <lambda> at 0x7fa496287a90>,<function <lambda> at 0x7fa496287b30>
22305,2022-07-18 08:00:00,<function <lambda> at 0x7fa4962879f0>,<function <lambda> at 0x7fa496287a90>,<function <lambda> at 0x7fa496287b30>
22306,2022-07-18 09:00:00,<function <lambda> at 0x7fa4962879f0>,<function <lambda> at 0x7fa496287a90>,<function <lambda> at 0x7fa496287b30>
22307,2022-07-18 10:00:00,<function <lambda> at 0x7fa4962879f0>,<function <lambda> at 0x7fa496287a90>,<function <lambda> at 0x7fa496287b30>
22308,2022-07-18 11:00:00,<function <lambda> at 0x7fa4962879f0>,<function <lambda> at 0x7fa496287a90>,<function <lambda> at 0x7fa496287b30>
22309,2022-07-18 12:00:00,<function <lambda> at 0x7fa4962879f0>,<function <lambda> at 0x7fa496287a90>,<function <lambda> at 0x7fa496287b30>
22310,2022-07-18 13:00:00,<function <lambda> at 0x7fa4962879f0>,<function <lambda> at 0x7fa496287a90>,<function <lambda> at 0x7fa496287b30>
22311,2022-07-18 14:00:00,<function <lambda> at 0x7fa4962879f0>,<function <lambda> at 0x7fa496287a90>,<function <lambda> at 0x7fa496287b30>
22312,2022-07-18 15:00:00,<function <lambda> at 0x7fa4962879f0>,<function <lambda> at 0x7fa496287a90>,<function <lambda> at 0x7fa496287b30>
22313,2022-07-18 16:00:00,<function <lambda> at 0x7fa4962879f0>,<function <lambda> at 0x7fa496287a90>,<function <lambda> at 0x7fa496287b30>
22314,2022-07-18 17:00:00,<function <lambda> at 0x7fa4962879f0>,<function <lambda> at 0x7fa496287a90>,<function <lambda> at 0x7fa496287b30>
22315,2022-07-18 18:00:00,<function <lambda> at 0x7fa4962879f0>,<function <lambda> at 0x7fa496287a90>,<function <lambda> at 0x7fa496287b30>
22316,2022-07-18 19:00:00,<function <lambda> at 0x7fa4962879f0>,<function <lambda> at 0x7fa496287a90>,<function <lambda> at 0x7fa496287b30>
22317,2022-07-18 20:00:00,<function <lambda> at 0x7fa4962879f0>,<function <lambda> at 0x7fa496287a90>,<function <lambda> at 0x7fa496287b30>
22318,2022-07-18 21:00:00,<function <lambda> at 0x7fa4962879f0>,<function <lambda> at 0x7fa496287a90>,<function <lambda> at 0x7fa496287b30>
22319,2022-07-18 22:00:00,<function <lambda> at 0x7fa4962879f0>,<function <lambda> at 0x7fa496287a90>,<function <lambda> at 0x7fa496287b30>
22320,2022-07-18 23:00:00,<function <lambda> at 0x7fa4962879f0>,<function <lambda> at 0x7fa496287a90>,<function <lambda> at 0x7fa496287b30>
22321,2022-07-19 00:00:00,<function <lambda> at 0x7fa4962879f0>,<function <lambda> at 0x7fa496287a90>,<function <lambda> at 0x7fa496287b30>
22322,2022-07-19 01:00:00,<function <lambda> at 0x7fa4962879f0>,<function <lambda> at 0x7fa496287a90>,<function <lambda> at 0x7fa496287b30>
22323,2022-07-19 02:00:00,<function <lambda> at 0x7fa4962879f0>,<function <lambda> at 0x7fa496287a90>,<function <lambda> at 0x7fa496287b30>
22324,2022-07-19 03:00:00,<function <lambda> at 0x7fa4962879f0>,<function <lambda> at 0x7fa496287a90>,<function <lambda> at 0x7fa496287b30>
22325,2022-07-19 04:00:00,<function <lambda> at 0x7fa4962879f0>,<function <lambda> at 0x7fa496287a90>,<function <lambda> at 0x7fa496287b30>
22326,2022-07-19 05:00:00,<function <lambda> at 0x7fa4962879f0>,<function <lambda> at 0x7fa496287a90>,<function <lambda> at 0x7fa496287b30>
22327,2022-07-19 06:00:00,<function <lambda> at 0x7fa4962879f0>,<function <lambda> at 0x7fa496287a90>,<function <lambda> at 0x7fa496287b30>
22328,2022-07-19 07:00:00,<function <lambda> at 0x7fa4962879f0>,<function <lambda> at 0x7fa496287a90>,<function <lambda> at 0x7fa496287b30>
22329,2022-07-19 08:00:00,<function <lambda> at 0x7fa4962879f0>,<function <lambda> at 0x7fa496287a90>,<function <lambda> at 0x7fa496287b30>
22330,2022-07-19 09:00:00,<function <lambda> at 0x7fa4962879f0>,<function <lambda> at 0x7fa496287a90>,<function <lambda> at 0x7fa496287b30>
22331,2022-07-19 10:00:00,<function <lambda> at 0x7fa4962879f0>,<function <lambda> at 0x7fa496287a90>,<function <lambda> at 0x7fa496287b30>
22332,2022-07-19 11:00:00,<function <lambda> at 0x7fa4962879f0>,<function <lambda> at 0x7fa496287a90>,<function <lambda> at 0x7fa496287b30>
22333,2022-07-19 12:00:00,<function <lambda> at 0x7fa4962879f0>,<function <lambda> at 0x7fa496287a90>,<function <lambda> at 0x7fa496287b30>
22334,2022-07-19 13:00:00,<function <lambda> at 0x7fa4962879f0>,<function <lambda> at 0x7fa496287a90>,<function <lambda> at 0x7fa496287b30>
22335,2022-07-19 14:00:00,<function <lambda> at 0x7fa4962879f0>,<function <lambda> at 0x7fa496287a90>,<function <lambda> at 0x7fa496287b30>
22336,2022-07-19 15:00:00,<function <lambda> at 0x7fa4962879f0>,<function <lambda> at 0x7fa496287a90>,<function <lambda> at 0x7fa496287b30>
22337,2022-07-19 16:00:00,<function <lambda> at 0x7fa4962879f0>,<function <lambda> at 0x7fa496287a90>,<function <lambda> at 0x7fa496287b30>
22338,2022-07-19 17:00:00,<function <lambda> at 0x7fa4962879f0>,<function <lambda> at 0x7fa496287a90>,<function <lambda> at 0x7fa496287b30>
22339,2022-07-19 18:00:00,<function <lambda> at 0x7fa4962879f0>,<function <lambda> at 0x7fa496287a90>,<function <lambda> at 0x7fa496287b30>
22340,2022-07-19 19:00:00,<function <lambda> at 0x7fa4962879f0>,<function <lambda> at 0x7fa496287a90>,<function <lambda> at 0x7fa496287b30>
22341,2022-07-19 20:00:00,<function <lambda> at 0x7fa4962879f0>,<function <lambda> at 0x7fa496287a90>,<function <lambda> at 0x7fa496287b30>
22342,2022-07-19 21:00:00,<function <lambda> at 0x7fa4962879f0>,<function <lambda> at 0x7fa496287a90>,<function <lambda> at 0x7fa496287b30>
22343,2022-07-19 22:00:00,<function <lambda> at 0x7fa4962879f0>,<function <lambda> at 0x7fa496287a90>,<function <lambda> at 0x7fa496287b30>
22344,2022-07-19 23:00:00,<function <lambda> at 0x7fa4962879f0>,<function <lambda> at 0x7fa496287a90>,<function <lambda> at 0x7fa496287b30>
22345,2022-07-20 00:00:00,<function <lambda> at 0x7fa4962879f0>,<function <lambda> at 0x7fa496287a90>,<function <lambda> at 0x7fa496287b30>
22346,2022-07-20 01:00:00,<function <lambda> at 0x7fa4962879f0>,<function <lambda> at 0x7fa496287a90>,<function <lambda> at 0x7fa496287b30>
22347,2022-07-20 02:00:00,<function <lambda> at 0x7fa4962879f0>,<function <lambda> at 0x7fa496287a90>,<function <lambda> at 0x7fa496287b30>
22348,2022-07-20 03:00:00,<function <lambda> at 0x7fa4962879f0>,<function <lambda> at 0x7fa496287a90>,<function <lambda> at 0x7fa496287b30>
22349,2022-07-20 04:00:00,<function <lambda> at 0x7fa4962879f0>,<function <lambda> at 0x7fa496287a90>,<function <lambda> at 0x7fa496287b30>
22350,2022-07-20 05:00:00,<function <lambda> at 0x7fa4962879f0>,<function <lambda> at 0x7fa496287a90>,<function <lambda> at 0x7fa496287b30>
22351,2022-07-20 06:00:00,<function <lambda> at 0x7fa4962879f0>,<function <lambda> at 0x7fa496287a90>,<function <lambda> at 0x7fa496287b30>
22352,2022-07-20 07:00:00,<function <lambda> at 0x7fa4962879f0>,<function <lambda> at 0x7fa496287a90>,<function <lambda> at 0x7fa496287b30>
22353,2022-07-20 08:00:00,<function <lambda> at 0x7fa4962879f0>,<function <lambda> at 0x7fa496287a90>,<function <lambda> at 0x7fa496287b30>
22354,2022-07-20 09:00:00,<function <lambda> at 0x7fa4962879f0>,<function <lambda> at 0x7fa496287a90>,<function <lambda> at 0x7fa496287b30>
22355,2022-07-20 10:00:00,<function <lambda> at 0x7fa4962879f0>,<function <lambda> at 0x7fa496287a90>,<function <lambda> at 0x7fa496287b30>
22356,2022-07-20 11:00:00,<function <lambda> at 0x7fa4962879f0>,<function <lambda> at 0x7fa496287a90>,<function <lambda> at 0x7fa496287b30>
22357,2022-07-20 12:00:00,<function <lambda> at 0x7fa4962879f0>,<function <lambda> at 0x7fa496287a90>,<function <lambda> at 0x7fa496287b30>
22358,2022-07-20 13:00:00,<function <lambda> at 0x7fa4962879f0>,<function <lambda> at 0x7fa496287a90>,<function <lambda> at 0x7fa496287b30>
22359,2022-07-20 14:00:00,<function <lambda> at 0x7fa4962879f0>,<function <lambda> at 0x7fa496287a90>,<function <lambda> at 0x7fa496287b30>
22360,2022-07-20 15:00:00,<function <lambda> at 0x7fa4962879f0>,<function <lambda> at 0x7fa496287a90>,<function <lambda> at 0x7fa496287b30>
22361,2022-07-20 16:00:00,<function <lambda> at 0x7fa4962879f0>,<function <lambda> at 0x7fa496287a90>,<function <lambda> at 0x7fa496287b30>
22362,2022-07-20 17:00:00,<function <lambda> at 0x7fa4962879f0>,<function <lambda> at 0x7fa496287a90>,<function <lambda> at 0x7fa496287b30>
22363,2022-07-20 18:00:00,<function <lambda> at 0x7fa4962879f0>,<function <lambda> at 0x7fa496287a90>,<function <lambda> at 0x7fa496287b30>
22364,2022-07-20 19:00:00,<function <lambda> at 0x7fa4962879f0>,<function <lambda> at 0x7fa496287a90>,<function <lambda> at 0x7fa496287b30>
22365,2022-07-20 20:00:00,<function <lambda> at 0x7fa4962879f0>,<function <lambda> at 0x7fa496287a90>,<function <lambda> at 0x7fa496287b30>
22366,2022-07-20 21:00:00,<function <lambda> at 0x7fa4962879f0>,<function <lambda> at 0x7fa496287a90>,<function <lambda> at 0x7fa496287b30>
22367,2022-07-20 22:00:00,<function <lambda> at 0x7fa4962879f0>,<function <lambda> at 0x7fa496287a90>,<function <lambda> at 0x7fa496287b30>
22368,2022-07-20 23:00:00,<function <lambda> at 0x7fa4962879f0>,<function <lambda> at 0x7fa496287a90>,<function <lambda> at 0x7fa496287b30>
22369,2022-07-21 00:00:00,<function <lambda> at 0x7fa4962879f0>,<function <lambda> at 0x7fa496287a90>,<function <lambda> at 0x7fa496287b30>
22370,2022-07-21 01:00:00,<function <lambda> at 0x7fa4962879f0>,<function <lambda> at 0x7fa496287a90>,<function <lambda> at 0x7fa496287b30>
22371,2022-07-21 02:00:00,<function <lambda> at 0x7fa4962879f0>,<function <lambda> at 0x7fa496287a90>,<function <lambda> at 0x7fa496287b30>
22372,2022-07-21 03:00:00,<function <lambda> at 0x7fa4962879f0>,<function <lambda> at 0x7fa496287a90>,<function <lambda> at 0x7fa496287b30>
22373,2022-07-21 04:00:00,<function <lambda> at 0x7fa4962879f0>,<function <lambda> at 0x7fa496287a90>,<function <lambda> at 0x7fa496287b30>
22374,2022-07-21 05:00:00,<function <lambda> at 0x7fa4962879f0>,<function <lambda> at 0x7fa496287a90>,<function <lambda> at 0x7fa496287b30>
22375,2022-07-21 06:00:00,<function <lambda> at 0x7fa4962879f0>,<function <lambda> at 0x7fa496287a90>,<function <lambda> at 0x7fa496287b30>
22376,2022-07-21 07:00:00,<function <lambda> at 0x7fa4962879f0>,<function <lambda> at 0x7fa496287a90>,<function <lambda> at 0x7fa496287b30>
22377,2022-07-21 08:00:00,<function <lambda> at 0x7fa4962879f0>,<function <lambda> at 0x7fa496287a90>,<function <lambda> at 0x7fa496287b30>
22378,2022-07-21 09:00:00,<function <lambda> at 0x7fa4962879f0>,<function <lambda> at 0x7fa496287a90>,<function <lambda> at 0x7fa496287b30>
22379,2022-07-21 10:00:00,<function <lambda> at 0x7fa4962879f0>,<function <lambda> at 0x7fa496287a90>,<function <lambda> at 0x7fa496287b30>
22380,2022-07-21 11:00:00,<function <lambda> at 0x7fa4962879f0>,<function <lambda> at 0x7fa496287a90>,<function <lambda> at 0x7fa496287b30>
22381,2022-07-21 12:00:00,<function <lambda> at 0x7fa4962879f0>,<function <lambda> at 0x7fa496287a90>,<function <lambda> at 0x7fa496287b30>
22382,2022-07-21 13:00:00,<function <lambda> at 0x7fa4962879f0>,<function <lambda> at 0x7fa496287a90>,<function <lambda> at 0x7fa496287b30>
22383,2022-07-21 14:00:00,<function <lambda> at 0x7fa4962879f0>,<function <lambda> at 0x7fa496287a90>,<function <lambda> at 0x7fa496287b30>
22384,2022-07-21 15:00:00,<function <lambda> at 0x7fa4962879f0>,<function <lambda> at 0x7fa496287a90>,<function <lambda> at 0x7fa496287b30>
22385,2022-07-21 16:00:00,<function <lambda> at 0x7fa4962879f0>,<function <lambda> at 0x7fa496287a90>,<function <lambda> at 0x7fa496287b30>
22386,2022-07-21 17:00:00,<function <lambda> at 0x7fa4962879f0>,<function <lambda> at 0x7fa496287a90>,<function <lambda> at 0x7fa496287b30>
22387,2022-07-21 18:00:00,<function <lambda> at 0x7fa4962879f0>,<function <lambda> at 0x7fa496287a90>,<function <lambda> at 0x7fa496287b30>
22388,2022-07-21 19:00:00,<function <lambda> at 0x7fa4962879f0>,<function <lambda> at 0x7fa496287a90>,<function <lambda> at 0x7fa496287b30>
22389,2022-07-21 20:00:00,<function <lambda> at 0x7fa4962879f0>,<function <lambda> at 0x7fa496287a90>,<function <lambda> at 0x7fa496287b30>
22390,2022-07-21 21:00:00,<function <lambda> at 0x7fa4962879f0>,<function <lambda> at 0x7fa496287a90>,<function <lambda> at 0x7fa496287b30>
22391,2022-07-21 22:00:00,<function <lambda> at 0x7fa4962879f0>,<function <lambda> at 0x7fa496287a90>,<function <lambda> at 0x7fa496287b30>
22392,2022-07-21 23:00:00,<function <lambda> at 0x7fa4962879f0>,<function <lambda> at 0x7fa496287a90>,<function <lambda> at 0x7fa496287b30>
22393,2022-07-22 00:00:00,<function <lambda> at 0x7fa4962879f0>,<function <lambda> at 0x7fa496287a90>,<function <lambda> at 0x7fa496287b30>
22394,2022-07-22 01:00:00,<function <lambda> at 0x7fa4962879f0>,<function <lambda> at 0x7fa496287a90>,<function <lambda> at 0x7fa496287b30>
22395,2022-07-22 02:00:00,<function <lambda> at 0x7fa4962879f0>,<function <lambda> at 0x7fa496287a90>,<function <lambda> at 0x7fa496287b30>
22396,2022-07-22 03:00:00,<function <lambda> at 0x7fa4962879f0>,<function <lambda> at 0x7fa496287a90>,<function <lambda> at 0x7fa496287b30>
22397,2022-07-22 04:00:00,<function <lambda> at 0x7fa4962879f0>,<function <lambda> at 0x7fa496287a90>,<function <lambda> at 0x7fa496287b30>
22398,2022-07-22 05:00:00,<function <lambda> at 0x7fa4962879f0>,<function <lambda> at 0x7fa496287a90>,<function <lambda> at 0x7fa496287b30>
22399,2022-07-22 06:00:00,<function <lambda> at 0x7fa4962879f0>,<function <lambda> at 0x7fa496287a90>,<function <lambda> at 0x7fa496287b30>
22400,2022-07-22 07:00:00,<function <lambda> at 0x7fa4962879f0>,<function <lambda> at 0x7fa496287a90>,<function <lambda> at 0x7fa496287b30>
22401,2022-07-22 08:00:00,<function <lambda> at 0x7fa4962879f0>,<function <lambda> at 0x7fa496287a90>,<function <lambda> at 0x7fa496287b30>
22402,2022-07-22 09:00:00,<function <lambda> at 0x7fa4962879f0>,<function <lambda> at 0x7fa496287a90>,<function <lambda> at 0x7fa496287b30>
22403,2022-07-22 10:00:00,<function <lambda> at 0x7fa4962879f0>,<function <lambda> at 0x7fa496287a90>,<function <lambda> at 0x7fa496287b30>
22404,2022-07-22 11:00:00,<function <lambda> at 0x7fa4962879f0>,<function <lambda> at 0x7fa496287a90>,<function <lambda> at 0x7fa496287b30>
22405,2022-07-22 12:00:00,<function <lambda> at 0x7fa4962879f0>,<function <lambda> at 0x7fa496287a90>,<function <lambda> at 0x7fa496287b30>
22406,2022-07-22 13:00:00,<function <lambda> at 0x7fa4962879f0>,<function <lambda> at 0x7fa496287a90>,<function <lambda> at 0x7fa496287b30>
22407,2022-07-22 14:00:00,<function <lambda> at 0x7fa4962879f0>,<function <lambda> at 0x7fa496287a90>,<function <lambda> at 0x7fa496287b30>
22408,2022-07-22 15:00:00,<function <lambda> at 0x7fa4962879f0>,<function <lambda> at 0x7fa496287a90>,<function <lambda> at 0x7fa496287b30>
22409,2022-07-22 16:00:00,<function <lambda> at 0x7fa4962879f0>,<function <lambda> at 0x7fa496287a90>,<function <lambda> at 0x7fa496287b30>
22410,2022-07-22 17:00:00,<function <lambda> at 0x7fa4962879f0>,<function <lambda> at 0x7fa496287a90>,<function <lambda> at 0x7fa496287b30>
22411,2022-07-22 18:00:00,<function <lambda> at 0x7fa4962879f0>,<function <lambda> at 0x7fa496287a90>,<function <lambda> at 0x7fa496287b30>
22412,2022-07-22 19:00:00,<function <lambda> at 0x7fa4962879f0>,<function <lambda> at 0x7fa496287a90>,<function <lambda> at 0x7fa496287b30>
22413,2022-07-22 20:00:00,<function <lambda> at 0x7fa4962879f0>,<function <lambda> at 0x7fa496287a90>,<function <lambda> at 0x7fa496287b30>
22414,2022-07-22 21:00:00,<function <lambda> at 0x7fa4962879f0>,<function <lambda> at 0x7fa496287a90>,<function <lambda> at 0x7fa496287b30>
22415,2022-07-22 22:00:00,<function <lambda> at 0x7fa4962879f0>,<function <lambda> at 0x7fa496287a90>,<function <lambda> at 0x7fa496287b30>
22416,2022-07-22 23:00:00,<function <lambda> at 0x7fa4962879f0>,<function <lambda> at 0x7fa496287a90>,<function <lambda> at 0x7fa496287b30>
22417,2022-07-23 00:00:00,<function <lambda> at 0x7fa4962879f0>,<function <lambda> at 0x7fa496287a90>,<function <lambda> at 0x7fa496287b30>
22418,2022-07-23 01:00:00,<function <lambda> at 0x7fa4962879f0>,<function <lambda> at 0x7fa496287a90>,<function <lambda> at 0x7fa496287b30>
22419,2022-07-23 02:00:00,<function <lambda> at 0x7fa4962879f0>,<function <lambda> at 0x7fa496287a90>,<function <lambda> at 0x7fa496287b30>
22420,2022-07-23 03:00:00,<function <lambda> at 0x7fa4962879f0>,<function <lambda> at 0x7fa496287a90>,<function <lambda> at 0x7fa496287b30>
22421,2022-07-23 04:00:00,<function <lambda> at 0x7fa4962879f0>,<function <lambda> at 0x7fa496287a90>,<function <lambda> at 0x7fa496287b30>
22422,2022-07-23 05:00:00,<function <lambda> at 0x7fa4962879f0>,<function <lambda> at 0x7fa496287a90>,<function <lambda> at 0x7fa496287b30>
22423,2022-07-23 06:00:00,<function <lambda> at 0x7fa4962879f0>,<function <lambda> at 0x7fa496287a90>,<function <lambda> at 0x7fa496287b30>
22424,2022-07-23 07:00:00,<function <lambda> at 0x7fa4962879f0>,<function <lambda> at 0x7fa496287a90>,<function <lambda> at 0x7fa496287b30>
22425,2022-07-23 08:00:00,<function <lambda> at 0x7fa4962879f0>,<function <lambda> at 0x7fa496287a90>,<function <lambda> at 0x7fa496287b30>
22426,2022-07-23 09:00:00,<function <lambda> at 0x7fa4962879f0>,<function <lambda> at 0x7fa496287a90>,<function <lambda> at 0x7fa496287b30>
22427,2022-07-23 10:00:00,<function <lambda> at 0x7fa4962879f0>,<function <lambda> at 0x7fa496287a90>,<function <lambda> at 0x7fa496287b30>
22428,2022-07-23 11:00:00,<function <lambda> at 0x7fa4962879f0>,<function <lambda> at 0x7fa496287a90>,<function <lambda> at 0x7fa496287b30>
22429,2022-07-23 12:00:00,<function <lambda> at 0x7fa4962879f0>,<function <lambda> at 0x7fa496287a90>,<function <lambda> at 0x7fa496287b30>
22430,2022-07-23 13:00:00,<function <lambda> at 0x7fa4962879f0>,<function <lambda> at 0x7fa496287a90>,<function <lambda> at 0x7fa496287b30>
22431,2022-07-23 14:00:00,<function <lambda> at 0x7fa4962879f0>,<function <lambda> at 0x7fa496287a90>,<function <lambda> at 0x7fa496287b30>
22432,2022-07-23 15:00:00,<function <lambda> at 0x7fa4962879f0>,<function <lambda> at 0x7fa496287a90>,<function <lambda> at 0x7fa496287b30>
22433,2022-07-23 16:00:00,<function <lambda> at 0x7fa4962879f0>,<function <lambda> at 0x7fa496287a90>,<function <lambda> at 0x7fa496287b30>
22434,2022-07-23 17:00:00,<function <lambda> at 0x7fa4962879f0>,<function <lambda> at 0x7fa496287a90>,<function <lambda> at 0x7fa496287b30>
22435,2022-07-23 18:00:00,<function <lambda> at 0x7fa4962879f0>,<function <lambda> at 0x7fa496287a90>,<function <lambda> at 0x7fa496287b30>
22436,2022-07-23 19:00:00,<function <lambda> at 0x7fa4962879f0>,<function <lambda> at 0x7fa496287a90>,<function <lambda> at 0x7fa496287b30>
22437,2022-07-23 20:00:00,<function <lambda> at 0x7fa4962879f0>,<function <lambda> at 0x7fa496287a90>,<function <lambda> at 0x7fa496287b30>
22438,2022-07-23 21:00:00,<function <lambda> at 0x7fa4962879f0>,<function <lambda> at 0x7fa496287a90>,<function <lambda> at 0x7fa496287b30>
22439,2022-07-23 22:00:00,<function <lambda> at 0x7fa4962879f0>,<function <lambda> at 0x7fa496287a90>,<function <lambda> at 0x7fa496287b30>
22440,2022-07-23 23:00:00,<function <lambda> at 0x7fa4962879f0>,<function <lambda> at 0x7fa496287a90>,<function <lambda> at 0x7fa496287b30>
22441,2022-07-24 00:00:00,<function <lambda> at 0x7fa4962879f0>,<function <lambda> at 0x7fa496287a90>,<function <lambda> at 0x7fa496287b30>
22442,2022-07-24 01:00:00,<function <lambda> at 0x7fa4962879f0>,<function <lambda> at 0x7fa496287a90>,<function <lambda> at 0x7fa496287b30>
22443,2022-07-24 02:00:00,<function <lambda> at 0x7fa4962879f0>,<function <lambda> at 0x7fa496287a90>,<function <lambda> at 0x7fa496287b30>
22444,2022-07-24 03:00:00,<function <lambda> at 0x7fa4962879f0>,<function <lambda> at 0x7fa496287a90>,<function <lambda> at 0x7fa496287b30>
22445,2022-07-24 04:00:00,<function <lambda> at 0x7fa4962879f0>,<function <lambda> at 0x7fa496287a90>,<function <lambda> at 0x7fa496287b30>
22446,2022-07-24 05:00:00,<function <lambda> at 0x7fa4962879f0>,<function <lambda> at 0x7fa496287a90>,<function <lambda> at 0x7fa496287b30>
22447,2022-07-24 06:00:00,<function <lambda> at 0x7fa4962879f0>,<function <lambda> at 0x7fa496287a90>,<function <lambda> at 0x7fa496287b30>
22448,2022-07-24 07:00:00,<function <lambda> at 0x7fa4962879f0>,<function <lambda> at 0x7fa496287a90>,<function <lambda> at 0x7fa496287b30>
22449,2022-07-24 08:00:00,<function <lambda> at 0x7fa4962879f0>,<function <lambda> at 0x7fa496287a90>,<function <lambda> at 0x7fa496287b30>
22450,2022-07-24 09:00:00,<function <lambda> at 0x7fa4962879f0>,<function <lambda> at 0x7fa496287a90>,<function <lambda> at 0x7fa496287b30>
22451,2022-07-24 10:00:00,<function <lambda> at 0x7fa4962879f0>,<function <lambda> at 0x7fa496287a90>,<function <lambda> at 0x7fa496287b30>
22452,2022-07-24 11:00:00,<function <lambda> at 0x7fa4962879f0>,<function <lambda> at 0x7fa496287a90>,<function <lambda> at 0x7fa496287b30>
22453,2022-07-24 12:00:00,<function <lambda> at 0x7fa4962879f0>,<function <lambda> at 0x7fa496287a90>,<function <lambda> at 0x7fa496287b30>
22454,2022-07-24 13:00:00,<function <lambda> at 0x7fa4962879f0>,<function <lambda> at 0x7fa496287a90>,<function <lambda> at 0x7fa496287b30>
22455,2022-07-24 14:00:00,<function <lambda> at 0x7fa4962879f0>,<function <lambda> at 0x7fa496287a90>,<function <lambda> at 0x7fa496287b30>
22456,2022-07-24 15:00:00,<function <lambda> at 0x7fa4962879f0>,<function <lambda> at 0x7fa496287a90>,<function <lambda> at 0x7fa496287b30>
22457,2022-07-24 16:00:00,<function <lambda> at 0x7fa4962879f0>,<function <lambda> at 0x7fa496287a90>,<function <lambda> at 0x7fa496287b30>
22458,2022-07-24 17:00:00,<function <lambda> at 0x7fa4962879f0>,<function <lambda> at 0x7fa496287a90>,<function <lambda> at 0x7fa496287b30>
22459,2022-07-24 18:00:00,<function <lambda> at 0x7fa4962879f0>,<function <lambda> at 0x7fa496287a90>,<function <lambda> at 0x7fa496287b30>
22460,2022-07-24 19:00:00,<function <lambda> at 0x7fa4962879f0>,<function <lambda> at 0x7fa496287a90>,<function <lambda> at 0x7fa496287b30>
22461,2022-07-24 20:00:00,<function <lambda> at 0x7fa4962879f0>,<function <lambda> at 0x7fa496287a90>,<function <lambda> at 0x7fa496287b30>
22462,2022-07-24 21:00:00,<function <lambda> at 0x7fa4962879f0>,<function <lambda> at 0x7fa496287a90>,<function <lambda> at 0x7fa496287b30>
22463,2022-07-24 22:00:00,<function <lambda> at 0x7fa4962879f0>,<function <lambda> at 0x7fa496287a90>,<function <lambda> at 0x7fa496287b30>
22464,2022-07-24 23:00:00,<function <lambda> at 0x7fa4962879f0>,<function <lambda> at 0x7fa496287a90>,<function <lambda> at 0x7fa496287b30>
22465,2022-07-25 00:00:00,<function <lambda> at 0x7fa4962879f0>,<function <lambda> at 0x7fa496287a90>,<function <lambda> at 0x7fa496287b30>
22466,2022-07-25 01:00:00,<function <lambda> at 0x7fa4962879f0>,<function <lambda> at 0x7fa496287a90>,<function <lambda> at 0x7fa496287b30>
22467,2022-07-25 02:00:00,<function <lambda> at 0x7fa4962879f0>,<function <lambda> at 0x7fa496287a90>,<function <lambda> at 0x7fa496287b30>
22468,2022-07-25 03:00:00,<function <lambda> at 0x7fa4962879f0>,<function <lambda> at 0x7fa496287a90>,<function <lambda> at 0x7fa496287b30>
22469,2022-07-25 04:00:00,<function <lambda> at 0x7fa4962879f0>,<function <lambda> at 0x7fa496287a90>,<function <lambda> at 0x7fa496287b30>
22470,2022-07-25 05:00:00,<function <lambda> at 0x7fa4962879f0>,<function <lambda> at 0x7fa496287a90>,<function <lambda> at 0x7fa496287b30>
22471,2022-07-25 06:00:00,<function <lambda> at 0x7fa4962879f0>,<function <lambda> at 0x7fa496287a90>,<function <lambda> at 0x7fa496287b30>
22472,2022-07-25 07:00:00,<function <lambda> at 0x7fa4962879f0>,<function <lambda> at 0x7fa496287a90>,<function <lambda> at 0x7fa496287b30>
22473,2022-07-25 08:00:00,<function <lambda> at 0x7fa4962879f0>,<function <lambda> at 0x7fa496287a90>,<function <lambda> at 0x7fa496287b30>
22474,2022-07-25 09:00:00,<function <lambda> at 0x7fa4962879f0>,<function <lambda> at 0x7fa496287a90>,<function <lambda> at 0x7fa496287b30>
22475,2022-07-25 10:00:00,<function <lambda> at 0x7fa4962879f0>,<function <lambda> at 0x7fa496287a90>,<function <lambda> at 0x7fa496287b30>
22476,2022-07-25 11:00:00,<function <lambda> at 0x7fa4962879f0>,<function <lambda> at 0x7fa496287a90>,<function <lambda> at 0x7fa496287b30>
22477,2022-07-25 12:00:00,<function <lambda> at 0x7fa4962879f0>,<function <lambda> at 0x7fa496287a90>,<function <lambda> at 0x7fa496287b30>
22478,2022-07-25 13:00:00,<function <lambda> at 0x7fa4962879f0>,<function <lambda> at 0x7fa496287a90>,<function <lambda> at 0x7fa496287b30>
22479,2022-07-25 14:00:00,<function <lambda> at 0x7fa4962879f0>,<function <lambda> at 0x7fa496287a90>,<function <lambda> at 0x7fa496287b30>
22480,2022-07-25 15:00:00,<function <lambda> at 0x7fa4962879f0>,<function <lambda> at 0x7fa496287a90>,<function <lambda> at 0x7fa496287b30>
22481,2022-07-25 16:00:00,<function <lambda> at 0x7fa4962879f0>,<function <lambda> at 0x7fa496287a90>,<function <lambda> at 0x7fa496287b30>
22482,2022-07-25 17:00:00,<function <lambda> at 0x7fa4962879f0>,<function <lambda> at 0x7fa496287a90>,<function <lambda> at 0x7fa496287b30>
22483,2022-07-25 18:00:00,<function <lambda> at 0x7fa4962879f0>,<function <lambda> at 0x7fa496287a90>,<function <lambda> at 0x7fa496287b30>
22484,2022-07-25 19:00:00,<function <lambda> at 0x7fa4962879f0>,<function <lambda> at 0x7fa496287a90>,<function <lambda> at 0x7fa496287b30>
22485,2022-07-25 20:00:00,<function <lambda> at 0x7fa4962879f0>,<function <lambda> at 0x7fa496287a90>,<function <lambda> at 0x7fa496287b30>
22486,2022-07-25 21:00:00,<function <lambda> at 0x7fa4962879f0>,<function <lambda> at 0x7fa496287a90>,<function <lambda> at 0x7fa496287b30>
22487,2022-07-25 22:00:00,<function <lambda> at 0x7fa4962879f0>,<function <lambda> at 0x7fa496287a90>,<function <lambda> at 0x7fa496287b30>
22488,2022-07-25 23:00:00,<function <lambda> at 0x7fa4962879f0>,<function <lambda> at 0x7fa496287a90>,<function <lambda> at 0x7fa496287b30>
22489,2022-07-26 00:00:00,<function <lambda> at 0x7fa4962879f0>,<function <lambda> at 0x7fa496287a90>,<function <lambda> at 0x7fa496287b30>
22490,2022-07-26 01:00:00,<function <lambda> at 0x7fa4962879f0>,<function <lambda> at 0x7fa496287a90>,<function <lambda> at 0x7fa496287b30>
22491,2022-07-26 02:00:00,<function <lambda> at 0x7fa4962879f0>,<function <lambda> at 0x7fa496287a90>,<function <lambda> at 0x7fa496287b30>
22492,2022-07-26 03:00:00,<function <lambda> at 0x7fa4962879f0>,<function <lambda> at 0x7fa496287a90>,<function <lambda> at 0x7fa496287b30>
22493,2022-07-26 04:00:00,<function <lambda> at 0x7fa4962879f0>,<function <lambda> at 0x7fa496287a90>,<function <lambda> at 0x7fa496287b30>
22494,2022-07-26 05:00:00,<function <lambda> at 0x7fa4962879f0>,<function <lambda> at 0x7fa496287a90>,<function <lambda> at 0x7fa496287b30>
22495,2022-07-26 06:00:00,<function <lambda> at 0x7fa4962879f0>,<function <lambda> at 0x7fa496287a90>,<function <lambda> at 0x7fa496287b30>
22496,2022-07-26 07:00:00,<function <lambda> at 0x7fa4962879f0>,<function <lambda> at 0x7fa496287a90>,<function <lambda> at 0x7fa496287b30>
22497,2022-07-26 08:00:00,<function <lambda> at 0x7fa4962879f0>,<function <lambda> at 0x7fa496287a90>,<function <lambda> at 0x7fa496287b30>
22498,2022-07-26 09:00:00,<function <lambda> at 0x7fa4962879f0>,<function <lambda> at 0x7fa496287a90>,<function <lambda> at 0x7fa496287b30>
22499,2022-07-26 10:00:00,<function <lambda> at 0x7fa4962879f0>,<function <lambda> at 0x7fa496287a90>,<function <lambda> at 0x7fa496287b30>
22500,2022-07-26 11:00:00,<function <lambda> at 0x7fa4962879f0>,<function <lambda> at 0x7fa496287a90>,<function <lambda> at 0x7fa496287b30>
22501,2022-07-26 12:00:00,<function <lambda> at 0x7fa4962879f0>,<function <lambda> at 0x7fa496287a90>,<function <lambda> at 0x7fa496287b30>
22502,2022-07-26 13:00:00,<function <lambda> at 0x7fa4962879f0>,<function <lambda> at 0x7fa496287a90>,<function <lambda> at 0x7fa496287b30>
22503,2022-07-26 14:00:00,<function <lambda> at 0x7fa4962879f0>,<function <lambda> at 0x7fa496287a90>,<function <lambda> at 0x7fa496287b30>
22504,2022-07-26 15:00:00,<function <lambda> at 0x7fa4962879f0>,<function <lambda> at 0x7fa496287a90>,<function <lambda> at 0x7fa496287b30>
22505,2022-07-26 16:00:00,<function <lambda> at 0x7fa4962879f0>,<function <lambda> at 0x7fa496287a90>,<function <lambda> at 0x7fa496287b30>
22506,2022-07-26 17:00:00,<function <lambda> at 0x7fa4962879f0>,<function <lambda> at 0x7fa496287a90>,<function <lambda> at 0x7fa496287b30>
22507,2022-07-26 18:00:00,<function <lambda> at 0x7fa4962879f0>,<function <lambda> at 0x7fa496287a90>,<function <lambda> at 0x7fa496287b30>
22508,2022-07-26 19:00:00,<function <lambda> at 0x7fa4962879f0>,<function <lambda> at 0x7fa496287a90>,<function <lambda> at 0x7fa496287b30>
22509,2022-07-26 20:00:00,<function <lambda> at 0x7fa4962879f0>,<function <lambda> at 0x7fa496287a90>,<function <lambda> at 0x7fa496287b30>
22510,2022-07-26 21:00:00,<function <lambda> at 0x7fa4962879f0>,<function <lambda> at 0x7fa496287a90>,<function <lambda> at 0x7fa496287b30>
22511,2022-07-26 22:00:00,<function <lambda> at 0x7fa4962879f0>,<function <lambda> at 0x7fa496287a90>,<function <lambda> at 0x7fa496287b30>
22512,2022-07-26 23:00:00,<function <lambda> at 0x7fa4962879f0>,<function <lambda> at 0x7fa496287a90>,<function <lambda> at 0x7fa496287b30>
22513,2022-07-27 00:00:00,<function <lambda> at 0x7fa4962879f0>,<function <lambda> at 0x7fa496287a90>,<function <lambda> at 0x7fa496287b30>
22514,2022-07-27 01:00:00,<function <lambda> at 0x7fa4962879f0>,<function <lambda> at 0x7fa496287a90>,<function <lambda> at 0x7fa496287b30>
22515,2022-07-27 02:00:00,<function <lambda> at 0x7fa4962879f0>,<function <lambda> at 0x7fa496287a90>,<function <lambda> at 0x7fa496287b30>
22516,2022-07-27 03:00:00,<function <lambda> at 0x7fa4962879f0>,<function <lambda> at 0x7fa496287a90>,<function <lambda> at 0x7fa496287b30>
22517,2022-07-27 04:00:00,<function <lambda> at 0x7fa4962879f0>,<function <lambda> at 0x7fa496287a90>,<function <lambda> at 0x7fa496287b30>
22518,2022-07-27 05:00:00,<function <lambda> at 0x7fa4962879f0>,<function <lambda> at 0x7fa496287a90>,<function <lambda> at 0x7fa496287b30>
22519,2022-07-27 06:00:00,<function <lambda> at 0x7fa4962879f0>,<function <lambda> at 0x7fa496287a90>,<function <lambda> at 0x7fa496287b30>
22520,2022-07-27 07:00:00,<function <lambda> at 0x7fa4962879f0>,<function <lambda> at 0x7fa496287a90>,<function <lambda> at 0x7fa496287b30>
22521,2022-07-27 08:00:00,<function <lambda> at 0x7fa4962879f0>,<function <lambda> at 0x7fa496287a90>,<function <lambda> at 0x7fa496287b30>
22522,2022-07-27 09:00:00,<function <lambda> at 0x7fa4962879f0>,<function <lambda> at 0x7fa496287a90>,<function <lambda> at 0x7fa496287b30>
22523,2022-07-27 10:00:00,<function <lambda> at 0x7fa4962879f0>,<function <lambda> at 0x7fa496287a90>,<function <lambda> at 0x7fa496287b30>
22524,2022-07-27 11:00:00,<function <lambda> at 0x7fa4962879f0>,<function <lambda> at 0x7fa496287a90>,<function <lambda> at 0x7fa496287b30>
22525,2022-07-27 12:00:00,<function <lambda> at 0x7fa4962879f0>,<function <lambda> at 0x7fa496287a90>,<function <lambda> at 0x7fa496287b30>
22526,2022-07-27 13:00:00,<function <lambda> at 0x7fa4962879f0>,<function <lambda> at 0x7fa496287a90>,<function <lambda> at 0x7fa496287b30>
22527,2022-07-27 14:00:00,<function <lambda> at 0x7fa4962879f0>,<function <lambda> at 0x7fa496287a90>,<function <lambda> at 0x7fa496287b30>
22528,2022-07-27 15:00:00,<function <lambda> at 0x7fa4962879f0>,<function <lambda> at 0x7fa496287a90>,<function <lambda> at 0x7fa496287b30>
22529,2022-07-27 16:00:00,<function <lambda> at 0x7fa4962879f0>,<function <lambda> at 0x7fa496287a90>,<function <lambda> at 0x7fa496287b30>
22530,2022-07-27 17:00:00,<function <lambda> at 0x7fa4962879f0>,<function <lambda> at 0x7fa496287a90>,<function <lambda> at 0x7fa496287b30>
22531,2022-07-27 18:00:00,<function <lambda> at 0x7fa4962879f0>,<function <lambda> at 0x7fa496287a90>,<function <lambda> at 0x7fa496287b30>
22532,2022-07-27 19:00:00,<function <lambda> at 0x7fa4962879f0>,<function <lambda> at 0x7fa496287a90>,<function <lambda> at 0x7fa496287b30>
22533,2022-07-27 20:00:00,<function <lambda> at 0x7fa4962879f0>,<function <lambda> at 0x7fa496287a90>,<function <lambda> at 0x7fa496287b30>
22534,2022-07-27 21:00:00,<function <lambda> at 0x7fa4962879f0>,<function <lambda> at 0x7fa496287a90>,<function <lambda> at 0x7fa496287b30>
22535,2022-07-27 22:00:00,<function <lambda> at 0x7fa4962879f0>,<function <lambda> at 0x7fa496287a90>,<function <lambda> at 0x7fa496287b30>
22536,2022-07-27 23:00:00,<function <lambda> at 0x7fa4962879f0>,<function <lambda> at 0x7fa496287a90>,<function <lambda> at 0x7fa496287b30>
22537,2022-07-28 00:00:00,<function <lambda> at 0x7fa4962879f0>,<function <lambda> at 0x7fa496287a90>,<function <lambda> at 0x7fa496287b30>
22538,2022-07-28 01:00:00,<function <lambda> at 0x7fa4962879f0>,<function <lambda> at 0x7fa496287a90>,<function <lambda> at 0x7fa496287b30>
22539,2022-07-28 02:00:00,<function <lambda> at 0x7fa4962879f0>,<function <lambda> at 0x7fa496287a90>,<function <lambda> at 0x7fa496287b30>
22540,2022-07-28 03:00:00,<function <lambda> at 0x7fa4962879f0>,<function <lambda> at 0x7fa496287a90>,<function <lambda> at 0x7fa496287b30>
22541,2022-07-28 04:00:00,<function <lambda> at 0x7fa4962879f0>,<function <lambda> at 0x7fa496287a90>,<function <lambda> at 0x7fa496287b30>
22542,2022-07-28 05:00:00,<function <lambda> at 0x7fa4962879f0>,<function <lambda> at 0x7fa496287a90>,<function <lambda> at 0x7fa496287b30>
22543,2022-07-28 06:00:00,<function <lambda> at 0x7fa4962879f0>,<function <lambda> at 0x7fa496287a90>,<function <lambda> at 0x7fa496287b30>
22544,2022-07-28 07:00:00,<function <lambda> at 0x7fa4962879f0>,<function <lambda> at 0x7fa496287a90>,<function <lambda> at 0x7fa496287b30>
22545,2022-07-28 08:00:00,<function <lambda> at 0x7fa4962879f0>,<function <lambda> at 0x7fa496287a90>,<function <lambda> at 0x7fa496287b30>
22546,2022-07-28 09:00:00,<function <lambda> at 0x7fa4962879f0>,<function <lambda> at 0x7fa496287a90>,<function <lambda> at 0x7fa496287b30>
22547,2022-07-28 10:00:00,<function <lambda> at 0x7fa4962879f0>,<function <lambda> at 0x7fa496287a90>,<function <lambda> at 0x7fa496287b30>
22548,2022-07-28 11:00:00,<function <lambda> at 0x7fa4962879f0>,<function <lambda> at 0x7fa496287a90>,<function <lambda> at 0x7fa496287b30>
22549,2022-07-28 12:00:00,<function <lambda> at 0x7fa4962879f0>,<function <lambda> at 0x7fa496287a90>,<function <lambda> at 0x7fa496287b30>
22550,2022-07-28 13:00:00,<function <lambda> at 0x7fa4962879f0>,<function <lambda> at 0x7fa496287a90>,<function <lambda> at 0x7fa496287b30>
22551,2022-07-28 14:00:00,<function <lambda> at 0x7fa4962879f0>,<function <lambda> at 0x7fa496287a90>,<function <lambda> at 0x7fa496287b30>
22552,2022-07-28 15:00:00,<function <lambda> at 0x7fa4962879f0>,<function <lambda> at 0x7fa496287a90>,<function <lambda> at 0x7fa496287b30>
22553,2022-07-28 16:00:00,<function <lambda> at 0x7fa4962879f0>,<function <lambda> at 0x7fa496287a90>,<function <lambda> at 0x7fa496287b30>
22554,2022-07-28 17:00:00,<function <lambda> at 0x7fa4962879f0>,<function <lambda> at 0x7fa496287a90>,<function <lambda> at 0x7fa496287b30>
22555,2022-07-28 18:00:00,<function <lambda> at 0x7fa4962879f0>,<function <lambda> at 0x7fa496287a90>,<function <lambda> at 0x7fa496287b30>
22556,2022-07-28 19:00:00,<function <lambda> at 0x7fa4962879f0>,<function <lambda> at 0x7fa496287a90>,<function <lambda> at 0x7fa496287b30>
22557,2022-07-28 20:00:00,<function <lambda> at 0x7fa4962879f0>,<function <lambda> at 0x7fa496287a90>,<function <lambda> at 0x7fa496287b30>
22558,2022-07-28 21:00:00,<function <lambda> at 0x7fa4962879f0>,<function <lambda> at 0x7fa496287a90>,<function <lambda> at 0x7fa496287b30>
22559,2022-07-28 22:00:00,<function <lambda> at 0x7fa4962879f0>,<function <lambda> at 0x7fa496287a90>,<function <lambda> at 0x7fa496287b30>
22560,2022-07-28 23:00:00,<function <lambda> at 0x7fa4962879f0>,<function <lambda> at 0x7fa496287a90>,<function <lambda> at 0x7fa496287b30>
22561,2022-07-29 00:00:00,<function <lambda> at 0x7fa4962879f0>,<function <lambda> at 0x7fa496287a90>,<function <lambda> at 0x7fa496287b30>
22562,2022-07-29 01:00:00,<function <lambda> at 0x7fa4962879f0>,<function <lambda> at 0x7fa496287a90>,<function <lambda> at 0x7fa496287b30>
22563,2022-07-29 02:00:00,<function <lambda> at 0x7fa4962879f0>,<function <lambda> at 0x7fa496287a90>,<function <lambda> at 0x7fa496287b30>
22564,2022-07-29 03:00:00,<function <lambda> at 0x7fa4962879f0>,<function <lambda> at 0x7fa496287a90>,<function <lambda> at 0x7fa496287b30>
22565,2022-07-29 04:00:00,<function <lambda> at 0x7fa4962879f0>,<function <lambda> at 0x7fa496287a90>,<function <lambda> at 0x7fa496287b30>
22566,2022-07-29 05:00:00,<function <lambda> at 0x7fa4962879f0>,<function <lambda> at 0x7fa496287a90>,<function <lambda> at 0x7fa496287b30>
22567,2022-07-29 06:00:00,<function <lambda> at 0x7fa4962879f0>,<function <lambda> at 0x7fa496287a90>,<function <lambda> at 0x7fa496287b30>
22568,2022-07-29 07:00:00,<function <lambda> at 0x7fa4962879f0>,<function <lambda> at 0x7fa496287a90>,<function <lambda> at 0x7fa496287b30>
22569,2022-07-29 08:00:00,<function <lambda> at 0x7fa4962879f0>,<function <lambda> at 0x7fa496287a90>,<function <lambda> at 0x7fa496287b30>
22570,2022-07-29 09:00:00,<function <lambda> at 0x7fa4962879f0>,<function <lambda> at 0x7fa496287a90>,<function <lambda> at 0x7fa496287b30>
22571,2022-07-29 10:00:00,<function <lambda> at 0x7fa4962879f0>,<function <lambda> at 0x7fa496287a90>,<function <lambda> at 0x7fa496287b30>
22572,2022-07-29 11:00:00,<function <lambda> at 0x7fa4962879f0>,<function <lambda> at 0x7fa496287a90>,<function <lambda> at 0x7fa496287b30>
22573,2022-07-29 12:00:00,<function <lambda> at 0x7fa4962879f0>,<function <lambda> at 0x7fa496287a90>,<function <lambda> at 0x7fa496287b30>
22574,2022-07-29 13:00:00,<function <lambda> at 0x7fa4962879f0>,<function <lambda> at 0x7fa496287a90>,<function <lambda> at 0x7fa496287b30>
22575,2022-07-29 14:00:00,<function <lambda> at 0x7fa4962879f0>,<function <lambda> at 0x7fa496287a90>,<function <lambda> at 0x7fa496287b30>
22576,2022-07-29 15:00:00,<function <lambda> at 0x7fa4962879f0>,<function <lambda> at 0x7fa496287a90>,<function <lambda> at 0x7fa496287b30>
22577,2022-07-29 16:00:00,<function <lambda> at 0x7fa4962879f0>,<function <lambda> at 0x7fa496287a90>,<function <lambda> at 0x7fa496287b30>
22578,2022-07-29 17:00:00,<function <lambda> at 0x7fa4962879f0>,<function <lambda> at 0x7fa496287a90>,<function <lambda> at 0x7fa496287b30>
22579,2022-07-29 18:00:00,<function <lambda> at 0x7fa4962879f0>,<function <lambda> at 0x7fa496287a90>,<function <lambda> at 0x7fa496287b30>
22580,2022-07-29 19:00:00,<function <lambda> at 0x7fa4962879f0>,<function <lambda> at 0x7fa496287a90>,<function <lambda> at 0x7fa496287b30>
22581,2022-07-29 20:00:00,<function <lambda> at 0x7fa4962879f0>,<function <lambda> at 0x7fa496287a90>,<function <lambda> at 0x7fa496287b30>
22582,2022-07-29 21:00:00,<function <lambda> at 0x7fa4962879f0>,<function <lambda> at 0x7fa496287a90>,<function <lambda> at 0x7fa496287b30>
22583,2022-07-29 22:00:00,<function <lambda> at 0x7fa4962879f0>,<function <lambda> at 0x7fa496287a90>,<function <lambda> at 0x7fa496287b30>
22584,2022-07-29 23:00:00,<function <lambda> at 0x7fa4962879f0>,<function <lambda> at 0x7fa496287a90>,<function <lambda> at 0x7fa496287b30>
22585,2022-07-30 00:00:00,<function <lambda> at 0x7fa4962879f0>,<function <lambda> at 0x7fa496287a90>,<function <lambda> at 0x7fa496287b30>
22586,2022-07-30 01:00:00,<function <lambda> at 0x7fa4962879f0>,<function <lambda> at 0x7fa496287a90>,<function <lambda> at 0x7fa496287b30>
22587,2022-07-30 02:00:00,<function <lambda> at 0x7fa4962879f0>,<function <lambda> at 0x7fa496287a90>,<function <lambda> at 0x7fa496287b30>
22588,2022-07-30 03:00:00,<function <lambda> at 0x7fa4962879f0>,<function <lambda> at 0x7fa496287a90>,<function <lambda> at 0x7fa496287b30>
22589,2022-07-30 04:00:00,<function <lambda> at 0x7fa4962879f0>,<function <lambda> at 0x7fa496287a90>,<function <lambda> at 0x7fa496287b30>
22590,2022-07-30 05:00:00,<function <lambda> at 0x7fa4962879f0>,<function <lambda> at 0x7fa496287a90>,<function <lambda> at 0x7fa496287b30>
22591,2022-07-30 06:00:00,<function <lambda> at 0x7fa4962879f0>,<function <lambda> at 0x7fa496287a90>,<function <lambda> at 0x7fa496287b30>
22592,2022-07-30 07:00:00,<function <lambda> at 0x7fa4962879f0>,<function <lambda> at 0x7fa496287a90>,<function <lambda> at 0x7fa496287b30>
22593,2022-07-30 08:00:00,<function <lambda> at 0x7fa4962879f0>,<function <lambda> at 0x7fa496287a90>,<function <lambda> at 0x7fa496287b30>
22594,2022-07-30 09:00:00,<function <lambda> at 0x7fa4962879f0>,<function <lambda> at 0x7fa496287a90>,<function <lambda> at 0x7fa496287b30>
22595,2022-07-30 10:00:00,<function <lambda> at 0x7fa4962879f0>,<function <lambda> at 0x7fa496287a90>,<function <lambda> at 0x7fa496287b30>
22596,2022-07-30 11:00:00,<function <lambda> at 0x7fa4962879f0>,<function <lambda> at 0x7fa496287a90>,<function <lambda> at 0x7fa496287b30>
22597,2022-07-30 12:00:00,<function <lambda> at 0x7fa4962879f0>,<function <lambda> at 0x7fa496287a90>,<function <lambda> at 0x7fa496287b30>
22598,2022-07-30 13:00:00,<function <lambda> at 0x7fa4962879f0>,<function <lambda> at 0x7fa496287a90>,<function <lambda> at 0x7fa496287b30>
22599,2022-07-30 14:00:00,<function <lambda> at 0x7fa4962879f0>,<function <lambda> at 0x7fa496287a90>,<function <lambda> at 0x7fa496287b30>
22600,2022-07-30 15:00:00,<function <lambda> at 0x7fa4962879f0>,<function <lambda> at 0x7fa496287a90>,<function <lambda> at 0x7fa496287b30>
22601,2022-07-30 16:00:00,<function <lambda> at 0x7fa4962879f0>,<function <lambda> at 0x7fa496287a90>,<function <lambda> at 0x7fa496287b30>
22602,2022-07-30 17:00:00,<function <lambda> at 0x7fa4962879f0>,<function <lambda> at 0x7fa496287a90>,<function <lambda> at 0x7fa496287b30>
22603,2022-07-30 18:00:00,<function <lambda> at 0x7fa4962879f0>,<function <lambda> at 0x7fa496287a90>,<function <lambda> at 0x7fa496287b30>
22604,2022-07-30 19:00:00,<function <lambda> at 0x7fa4962879f0>,<function <lambda> at 0x7fa496287a90>,<function <lambda> at 0x7fa496287b30>
22605,2022-07-30 20:00:00,<function <lambda> at 0x7fa4962879f0>,<function <lambda> at 0x7fa496287a90>,<function <lambda> at 0x7fa496287b30>
22606,2022-07-30 21:00:00,<function <lambda> at 0x7fa4962879f0>,<function <lambda> at 0x7fa496287a90>,<function <lambda> at 0x7fa496287b30>
22607,2022-07-30 22:00:00,<function <lambda> at 0x7fa4962879f0>,<function <lambda> at 0x7fa496287a90>,<function <lambda> at 0x7fa496287b30>
22608,2022-07-30 23:00:00,<function <lambda> at 0x7fa4962879f0>,<function <lambda> at 0x7fa496287a90>,<function <lambda> at 0x7fa496287b30>
22609,2022-07-31 00:00:00,<function <lambda> at 0x7fa4962879f0>,<function <lambda> at 0x7fa496287a90>,<function <lambda> at 0x7fa496287b30>
22610,2022-07-31 01:00:00,<function <lambda> at 0x7fa4962879f0>,<function <lambda> at 0x7fa496287a90>,<function <lambda> at 0x7fa496287b30>
22611,2022-07-31 02:00:00,<function <lambda> at 0x7fa4962879f0>,<function <lambda> at 0x7fa496287a90>,<function <lambda> at 0x7fa496287b30>
22612,2022-07-31 03:00:00,<function <lambda> at 0x7fa4962879f0>,<function <lambda> at 0x7fa496287a90>,<function <lambda> at 0x7fa496287b30>
22613,2022-07-31 04:00:00,<function <lambda> at 0x7fa4962879f0>,<function <lambda> at 0x7fa496287a90>,<function <lambda> at 0x7fa496287b30>
22614,2022-07-31 05:00:00,<function <lambda> at 0x7fa4962879f0>,<function <lambda> at 0x7fa496287a90>,<function <lambda> at 0x7fa496287b30>
22615,2022-07-31 06:00:00,<function <lambda> at 0x7fa4962879f0>,<function <lambda> at 0x7fa496287a90>,<function <lambda> at 0x7fa496287b30>
22616,2022-07-31 07:00:00,<function <lambda> at 0x7fa4962879f0>,<function <lambda> at 0x7fa496287a90>,<function <lambda> at 0x7fa496287b30>
22617,2022-07-31 08:00:00,<function <lambda> at 0x7fa4962879f0>,<function <lambda> at 0x7fa496287a90>,<function <lambda> at 0x7fa496287b30>
22618,2022-07-31 09:00:00,<function <lambda> at 0x7fa4962879f0>,<function <lambda> at 0x7fa496287a90>,<function <lambda> at 0x7fa496287b30>
22619,2022-07-31 10:00:00,<function <lambda> at 0x7fa4962879f0>,<function <lambda> at 0x7fa496287a90>,<function <lambda> at 0x7fa496287b30>
22620,2022-07-31 11:00:00,<function <lambda> at 0x7fa4962879f0>,<function <lambda> at 0x7fa496287a90>,<function <lambda> at 0x7fa496287b30>
22621,2022-07-31 12:00:00,<function <lambda> at 0x7fa4962879f0>,<function <lambda> at 0x7fa496287a90>,<function <lambda> at 0x7fa496287b30>
22622,2022-07-31 13:00:00,<function <lambda> at 0x7fa4962879f0>,<function <lambda> at 0x7fa496287a90>,<function <lambda> at 0x7fa496287b30>
22623,2022-07-31 14:00:00,<function <lambda> at 0x7fa4962879f0>,<function <lambda> at 0x7fa496287a90>,<function <lambda> at 0x7fa496287b30>
22624,2022-07-31 15:00:00,<function <lambda> at 0x7fa4962879f0>,<function <lambda> at 0x7fa496287a90>,<function <lambda> at 0x7fa496287b30>
22625,2022-07-31 16:00:00,<function <lambda> at 0x7fa4962879f0>,<function <lambda> at 0x7fa496287a90>,<function <lambda> at 0x7fa496287b30>
22626,2022-07-31 17:00:00,<function <lambda> at 0x7fa4962879f0>,<function <lambda> at 0x7fa496287a90>,<function <lambda> at 0x7fa496287b30>
22627,2022-07-31 18:00:00,<function <lambda> at 0x7fa4962879f0>,<function <lambda> at 0x7fa496287a90>,<function <lambda> at 0x7fa496287b30>
22628,2022-07-31 19:00:00,<function <lambda> at 0x7fa4962879f0>,<function <lambda> at 0x7fa496287a90>,<function <lambda> at 0x7fa496287b30>
22629,2022-07-31 20:00:00,<function <lambda> at 0x7fa4962879f0>,<function <lambda> at 0x7fa496287a90>,<function <lambda> at 0x7fa496287b30>
22630,2022-07-31 21:00:00,<function <lambda> at 0x7fa4962879f0>,<function <lambda> at 0x7fa496287a90>,<function <lambda> at 0x7fa496287b30>
22631,2022-07-31 22:00:00,<function <lambda> at 0x7fa4962879f0>,<function <lambda> at 0x7fa496287a90>,<function <lambda> at 0x7fa496287b30>
22632,2022-07-31 23:00:00,<function <lambda> at 0x7fa4962879f0>,<function <lambda> at 0x7fa496287a90>,<function <lambda> at 0x7fa496287b30>
22633,2022-08-01 00:00:00,<function <lambda> at 0x7fa4962879f0>,<function <lambda> at 0x7fa496287a90>,<function <lambda> at 0x7fa496287b30>
22634,2022-08-01 01:00:00,<function <lambda> at 0x7fa4962879f0>,<function <lambda> at 0x7fa496287a90>,<function <lambda> at 0x7fa496287b30>
22635,2022-08-01 02:00:00,<function <lambda> at 0x7fa4962879f0>,<function <lambda> at 0x7fa496287a90>,<function <lambda> at 0x7fa496287b30>
22636,2022-08-01 03:00:00,<function <lambda> at 0x7fa4962879f0>,<function <lambda> at 0x7fa496287a90>,<function <lambda> at 0x7fa496287b30>
22637,2022-08-01 04:00:00,<function <lambda> at 0x7fa4962879f0>,<function <lambda> at 0x7fa496287a90>,<function <lambda> at 0x7fa496287b30>
22638,2022-08-01 05:00:00,<function <lambda> at 0x7fa4962879f0>,<function <lambda> at 0x7fa496287a90>,<function <lambda> at 0x7fa496287b30>
22639,2022-08-01 06:00:00,<function <lambda> at 0x7fa4962879f0>,<function <lambda> at 0x7fa496287a90>,<function <lambda> at 0x7fa496287b30>
22640,2022-08-01 07:00:00,<function <lambda> at 0x7fa4962879f0>,<function <lambda> at 0x7fa496287a90>,<function <lambda> at 0x7fa496287b30>
22641,2022-08-01 08:00:00,<function <lambda> at 0x7fa4962879f0>,<function <lambda> at 0x7fa496287a90>,<function <lambda> at 0x7fa496287b30>
22642,2022-08-01 09:00:00,<function <lambda> at 0x7fa4962879f0>,<function <lambda> at 0x7fa496287a90>,<function <lambda> at 0x7fa496287b30>
22643,2022-08-01 10:00:00,<function <lambda> at 0x7fa4962879f0>,<function <lambda> at 0x7fa496287a90>,<function <lambda> at 0x7fa496287b30>
22644,2022-08-01 11:00:00,<function <lambda> at 0x7fa4962879f0>,<function <lambda> at 0x7fa496287a90>,<function <lambda> at 0x7fa496287b30>
22645,2022-08-01 12:00:00,<function <lambda> at 0x7fa4962879f0>,<function <lambda> at 0x7fa496287a90>,<function <lambda> at 0x7fa496287b30>
22646,2022-08-01 13:00:00,<function <lambda> at 0x7fa4962879f0>,<function <lambda> at 0x7fa496287a90>,<function <lambda> at 0x7fa496287b30>
22647,2022-08-01 14:00:00,<function <lambda> at 0x7fa4962879f0>,<function <lambda> at 0x7fa496287a90>,<function <lambda> at 0x7fa496287b30>
22648,2022-08-01 15:00:00,<function <lambda> at 0x7fa4962879f0>,<function <lambda> at 0x7fa496287a90>,<function <lambda> at 0x7fa496287b30>
22649,2022-08-01 16:00:00,<function <lambda> at 0x7fa4962879f0>,<function <lambda> at 0x7fa496287a90>,<function <lambda> at 0x7fa496287b30>
22650,2022-08-01 17:00:00,<function <lambda> at 0x7fa4962879f0>,<function <lambda> at 0x7fa496287a90>,<function <lambda> at 0x7fa496287b30>
22651,2022-08-01 18:00:00,<function <lambda> at 0x7fa4962879f0>,<function <lambda> at 0x7fa496287a90>,<function <lambda> at 0x7fa496287b30>
22652,2022-08-01 19:00:00,<function <lambda> at 0x7fa4962879f0>,<function <lambda> at 0x7fa496287a90>,<function <lambda> at 0x7fa496287b30>
22653,2022-08-01 20:00:00,<function <lambda> at 0x7fa4962879f0>,<function <lambda> at 0x7fa496287a90>,<function <lambda> at 0x7fa496287b30>
22654,2022-08-01 21:00:00,<function <lambda> at 0x7fa4962879f0>,<function <lambda> at 0x7fa496287a90>,<function <lambda> at 0x7fa496287b30>
22655,2022-08-01 22:00:00,<function <lambda> at 0x7fa4962879f0>,<function <lambda> at 0x7fa496287a90>,<function <lambda> at 0x7fa496287b30>
22656,2022-08-01 23:00:00,<function <lambda> at 0x7fa4962879f0>,<function <lambda> at 0x7fa496287a90>,<function <lambda> at 0x7fa496287b30>
22657,2022-08-02 00:00:00,<function <lambda> at 0x7fa4962879f0>,<function <lambda> at 0x7fa496287a90>,<function <lambda> at 0x7fa496287b30>
22658,2022-08-02 01:00:00,<function <lambda> at 0x7fa4962879f0>,<function <lambda> at 0x7fa496287a90>,<function <lambda> at 0x7fa496287b30>
22659,2022-08-02 02:00:00,<function <lambda> at 0x7fa4962879f0>,<function <lambda> at 0x7fa496287a90>,<function <lambda> at 0x7fa496287b30>
22660,2022-08-02 03:00:00,<function <lambda> at 0x7fa4962879f0>,<function <lambda> at 0x7fa496287a90>,<function <lambda> at 0x7fa496287b30>
22661,2022-08-02 04:00:00,<function <lambda> at 0x7fa4962879f0>,<function <lambda> at 0x7fa496287a90>,<function <lambda> at 0x7fa496287b30>
22662,2022-08-02 05:00:00,<function <lambda> at 0x7fa4962879f0>,<function <lambda> at 0x7fa496287a90>,<function <lambda> at 0x7fa496287b30>
22663,2022-08-02 06:00:00,<function <lambda> at 0x7fa4962879f0>,<function <lambda> at 0x7fa496287a90>,<function <lambda> at 0x7fa496287b30>
22664,2022-08-02 07:00:00,<function <lambda> at 0x7fa4962879f0>,<function <lambda> at 0x7fa496287a90>,<function <lambda> at 0x7fa496287b30>
22665,2022-08-02 08:00:00,<function <lambda> at 0x7fa4962879f0>,<function <lambda> at 0x7fa496287a90>,<function <lambda> at 0x7fa496287b30>
22666,2022-08-02 09:00:00,<function <lambda> at 0x7fa4962879f0>,<function <lambda> at 0x7fa496287a90>,<function <lambda> at 0x7fa496287b30>
22667,2022-08-02 10:00:00,<function <lambda> at 0x7fa4962879f0>,<function <lambda> at 0x7fa496287a90>,<function <lambda> at 0x7fa496287b30>
22668,2022-08-02 11:00:00,<function <lambda> at 0x7fa4962879f0>,<function <lambda> at 0x7fa496287a90>,<function <lambda> at 0x7fa496287b30>
22669,2022-08-02 12:00:00,<function <lambda> at 0x7fa4962879f0>,<function <lambda> at 0x7fa496287a90>,<function <lambda> at 0x7fa496287b30>
22670,2022-08-02 13:00:00,<function <lambda> at 0x7fa4962879f0>,<function <lambda> at 0x7fa496287a90>,<function <lambda> at 0x7fa496287b30>
22671,2022-08-02 14:00:00,<function <lambda> at 0x7fa4962879f0>,<function <lambda> at 0x7fa496287a90>,<function <lambda> at 0x7fa496287b30>
22672,2022-08-02 15:00:00,<function <lambda> at 0x7fa4962879f0>,<function <lambda> at 0x7fa496287a90>,<function <lambda> at 0x7fa496287b30>
22673,2022-08-02 16:00:00,<function <lambda> at 0x7fa4962879f0>,<function <lambda> at 0x7fa496287a90>,<function <lambda> at 0x7fa496287b30>
22674,2022-08-02 17:00:00,<function <lambda> at 0x7fa4962879f0>,<function <lambda> at 0x7fa496287a90>,<function <lambda> at 0x7fa496287b30>
22675,2022-08-02 18:00:00,<function <lambda> at 0x7fa4962879f0>,<function <lambda> at 0x7fa496287a90>,<function <lambda> at 0x7fa496287b30>
22676,2022-08-02 19:00:00,<function <lambda> at 0x7fa4962879f0>,<function <lambda> at 0x7fa496287a90>,<function <lambda> at 0x7fa496287b30>
22677,2022-08-02 20:00:00,<function <lambda> at 0x7fa4962879f0>,<function <lambda> at 0x7fa496287a90>,<function <lambda> at 0x7fa496287b30>
22678,2022-08-02 21:00:00,<function <lambda> at 0x7fa4962879f0>,<function <lambda> at 0x7fa496287a90>,<function <lambda> at 0x7fa496287b30>
22679,2022-08-02 22:00:00,<function <lambda> at 0x7fa4962879f0>,<function <lambda> at 0x7fa496287a90>,<function <lambda> at 0x7fa496287b30>
22680,2022-08-02 23:00:00,<function <lambda> at 0x7fa4962879f0>,<function <lambda> at 0x7fa496287a90>,<function <lambda> at 0x7fa496287b30>
22681,2022-08-03 00:00:00,<function <lambda> at 0x7fa4962879f0>,<function <lambda> at 0x7fa496287a90>,<function <lambda> at 0x7fa496287b30>
22682,2022-08-03 01:00:00,<function <lambda> at 0x7fa4962879f0>,<function <lambda> at 0x7fa496287a90>,<function <lambda> at 0x7fa496287b30>
22683,2022-08-03 02:00:00,<function <lambda> at 0x7fa4962879f0>,<function <lambda> at 0x7fa496287a90>,<function <lambda> at 0x7fa496287b30>
22684,2022-08-03 03:00:00,<function <lambda> at 0x7fa4962879f0>,<function <lambda> at 0x7fa496287a90>,<function <lambda> at 0x7fa496287b30>
22685,2022-08-03 04:00:00,<function <lambda> at 0x7fa4962879f0>,<function <lambda> at 0x7fa496287a90>,<function <lambda> at 0x7fa496287b30>
22686,2022-08-03 05:00:00,<function <lambda> at 0x7fa4962879f0>,<function <lambda> at 0x7fa496287a90>,<function <lambda> at 0x7fa496287b30>
22687,2022-08-03 06:00:00,<function <lambda> at 0x7fa4962879f0>,<function <lambda> at 0x7fa496287a90>,<function <lambda> at 0x7fa496287b30>
22688,2022-08-03 07:00:00,<function <lambda> at 0x7fa4962879f0>,<function <lambda> at 0x7fa496287a90>,<function <lambda> at 0x7fa496287b30>
22689,2022-08-03 08:00:00,<function <lambda> at 0x7fa4962879f0>,<function <lambda> at 0x7fa496287a90>,<function <lambda> at 0x7fa496287b30>
22690,2022-08-03 09:00:00,<function <lambda> at 0x7fa4962879f0>,<function <lambda> at 0x7fa496287a90>,<function <lambda> at 0x7fa496287b30>
22691,2022-08-03 10:00:00,<function <lambda> at 0x7fa4962879f0>,<function <lambda> at 0x7fa496287a90>,<function <lambda> at 0x7fa496287b30>
22692,2022-08-03 11:00:00,<function <lambda> at 0x7fa4962879f0>,<function <lambda> at 0x7fa496287a90>,<function <lambda> at 0x7fa496287b30>
22693,2022-08-03 12:00:00,<function <lambda> at 0x7fa4962879f0>,<function <lambda> at 0x7fa496287a90>,<function <lambda> at 0x7fa496287b30>
22694,2022-08-03 13:00:00,<function <lambda> at 0x7fa4962879f0>,<function <lambda> at 0x7fa496287a90>,<function <lambda> at 0x7fa496287b30>
22695,2022-08-03 14:00:00,<function <lambda> at 0x7fa4962879f0>,<function <lambda> at 0x7fa496287a90>,<function <lambda> at 0x7fa496287b30>
22696,2022-08-03 15:00:00,<function <lambda> at 0x7fa4962879f0>,<function <lambda> at 0x7fa496287a90>,<function <lambda> at 0x7fa496287b30>
22697,2022-08-03 16:00:00,<function <lambda> at 0x7fa4962879f0>,<function <lambda> at 0x7fa496287a90>,<function <lambda> at 0x7fa496287b30>
22698,2022-08-03 17:00:00,<function <lambda> at 0x7fa4962879f0>,<function <lambda> at 0x7fa496287a90>,<function <lambda> at 0x7fa496287b30>
22699,2022-08-03 18:00:00,<function <lambda> at 0x7fa4962879f0>,<function <lambda> at 0x7fa496287a90>,<function <lambda> at 0x7fa496287b30>
22700,2022-08-03 19:00:00,<function <lambda> at 0x7fa4962879f0>,<function <lambda> at 0x7fa496287a90>,<function <lambda> at 0x7fa496287b30>
22701,2022-08-03 20:00:00,<function <lambda> at 0x7fa4962879f0>,<function <lambda> at 0x7fa496287a90>,<function <lambda> at 0x7fa496287b30>
22702,2022-08-03 21:00:00,<function <lambda> at 0x7fa4962879f0>,<function <lambda> at 0x7fa496287a90>,<function <lambda> at 0x7fa496287b30>
22703,2022-08-03 22:00:00,<function <lambda> at 0x7fa4962879f0>,<function <lambda> at 0x7fa496287a90>,<function <lambda> at 0x7fa496287b30>
22704,2022-08-03 23:00:00,<function <lambda> at 0x7fa4962879f0>,<function <lambda> at 0x7fa496287a90>,<function <lambda> at 0x7fa496287b30>
22705,2022-08-04 00:00:00,<function <lambda> at 0x7fa4962879f0>,<function <lambda> at 0x7fa496287a90>,<function <lambda> at 0x7fa496287b30>
22706,2022-08-04 01:00:00,<function <lambda> at 0x7fa4962879f0>,<function <lambda> at 0x7fa496287a90>,<function <lambda> at 0x7fa496287b30>
22707,2022-08-04 02:00:00,<function <lambda> at 0x7fa4962879f0>,<function <lambda> at 0x7fa496287a90>,<function <lambda> at 0x7fa496287b30>
22708,2022-08-04 03:00:00,<function <lambda> at 0x7fa4962879f0>,<function <lambda> at 0x7fa496287a90>,<function <lambda> at 0x7fa496287b30>
22709,2022-08-04 04:00:00,<function <lambda> at 0x7fa4962879f0>,<function <lambda> at 0x7fa496287a90>,<function <lambda> at 0x7fa496287b30>
22710,2022-08-04 05:00:00,<function <lambda> at 0x7fa4962879f0>,<function <lambda> at 0x7fa496287a90>,<function <lambda> at 0x7fa496287b30>
22711,2022-08-04 06:00:00,<function <lambda> at 0x7fa4962879f0>,<function <lambda> at 0x7fa496287a90>,<function <lambda> at 0x7fa496287b30>
22712,2022-08-04 07:00:00,<function <lambda> at 0x7fa4962879f0>,<function <lambda> at 0x7fa496287a90>,<function <lambda> at 0x7fa496287b30>
22713,2022-08-04 08:00:00,<function <lambda> at 0x7fa4962879f0>,<function <lambda> at 0x7fa496287a90>,<function <lambda> at 0x7fa496287b30>
22714,2022-08-04 09:00:00,<function <lambda> at 0x7fa4962879f0>,<function <lambda> at 0x7fa496287a90>,<function <lambda> at 0x7fa496287b30>
22715,2022-08-04 10:00:00,<function <lambda> at 0x7fa4962879f0>,<function <lambda> at 0x7fa496287a90>,<function <lambda> at 0x7fa496287b30>
22716,2022-08-04 11:00:00,<function <lambda> at 0x7fa4962879f0>,<function <lambda> at 0x7fa496287a90>,<function <lambda> at 0x7fa496287b30>
22717,2022-08-04 12:00:00,<function <lambda> at 0x7fa4962879f0>,<function <lambda> at 0x7fa496287a90>,<function <lambda> at 0x7fa496287b30>
22718,2022-08-04 13:00:00,<function <lambda> at 0x7fa4962879f0>,<function <lambda> at 0x7fa496287a90>,<function <lambda> at 0x7fa496287b30>
22719,2022-08-04 14:00:00,<function <lambda> at 0x7fa4962879f0>,<function <lambda> at 0x7fa496287a90>,<function <lambda> at 0x7fa496287b30>
22720,2022-08-04 15:00:00,<function <lambda> at 0x7fa4962879f0>,<function <lambda> at 0x7fa496287a90>,<function <lambda> at 0x7fa496287b30>
22721,2022-08-04 16:00:00,<function <lambda> at 0x7fa4962879f0>,<function <lambda> at 0x7fa496287a90>,<function <lambda> at 0x7fa496287b30>
22722,2022-08-04 17:00:00,<function <lambda> at 0x7fa4962879f0>,<function <lambda> at 0x7fa496287a90>,<function <lambda> at 0x7fa496287b30>
22723,2022-08-04 18:00:00,<function <lambda> at 0x7fa4962879f0>,<function <lambda> at 0x7fa496287a90>,<function <lambda> at 0x7fa496287b30>
22724,2022-08-04 19:00:00,<function <lambda> at 0x7fa4962879f0>,<function <lambda> at 0x7fa496287a90>,<function <lambda> at 0x7fa496287b30>
22725,2022-08-04 20:00:00,<function <lambda> at 0x7fa4962879f0>,<function <lambda> at 0x7fa496287a90>,<function <lambda> at 0x7fa496287b30>
22726,2022-08-04 21:00:00,<function <lambda> at 0x7fa4962879f0>,<function <lambda> at 0x7fa496287a90>,<function <lambda> at 0x7fa496287b30>
22727,2022-08-04 22:00:00,<function <lambda> at 0x7fa4962879f0>,<function <lambda> at 0x7fa496287a90>,<function <lambda> at 0x7fa496287b30>
22728,2022-08-04 23:00:00,<function <lambda> at 0x7fa4962879f0>,<function <lambda> at 0x7fa496287a90>,<function <lambda> at 0x7fa496287b30>
22729,2022-08-05 00:00:00,<function <lambda> at 0x7fa4962879f0>,<function <lambda> at 0x7fa496287a90>,<function <lambda> at 0x7fa496287b30>
22730,2022-08-05 01:00:00,<function <lambda> at 0x7fa4962879f0>,<function <lambda> at 0x7fa496287a90>,<function <lambda> at 0x7fa496287b30>
22731,2022-08-05 02:00:00,<function <lambda> at 0x7fa4962879f0>,<function <lambda> at 0x7fa496287a90>,<function <lambda> at 0x7fa496287b30>
22732,2022-08-05 03:00:00,<function <lambda> at 0x7fa4962879f0>,<function <lambda> at 0x7fa496287a90>,<function <lambda> at 0x7fa496287b30>
22733,2022-08-05 04:00:00,<function <lambda> at 0x7fa4962879f0>,<function <lambda> at 0x7fa496287a90>,<function <lambda> at 0x7fa496287b30>
22734,2022-08-05 05:00:00,<function <lambda> at 0x7fa4962879f0>,<function <lambda> at 0x7fa496287a90>,<function <lambda> at 0x7fa496287b30>
22735,2022-08-05 06:00:00,<function <lambda> at 0x7fa4962879f0>,<function <lambda> at 0x7fa496287a90>,<function <lambda> at 0x7fa496287b30>
22736,2022-08-05 07:00:00,<function <lambda> at 0x7fa4962879f0>,<function <lambda> at 0x7fa496287a90>,<function <lambda> at 0x7fa496287b30>
22737,2022-08-05 08:00:00,<function <lambda> at 0x7fa4962879f0>,<function <lambda> at 0x7fa496287a90>,<function <lambda> at 0x7fa496287b30>
22738,2022-08-05 09:00:00,<function <lambda> at 0x7fa4962879f0>,<function <lambda> at 0x7fa496287a90>,<function <lambda> at 0x7fa496287b30>
22739,2022-08-05 10:00:00,<function <lambda> at 0x7fa4962879f0>,<function <lambda> at 0x7fa496287a90>,<function <lambda> at 0x7fa496287b30>
22740,2022-08-05 11:00:00,<function <lambda> at 0x7fa4962879f0>,<function <lambda> at 0x7fa496287a90>,<function <lambda> at 0x7fa496287b30>
22741,2022-08-05 12:00:00,<function <lambda> at 0x7fa4962879f0>,<function <lambda> at 0x7fa496287a90>,<function <lambda> at 0x7fa496287b30>
22742,2022-08-05 13:00:00,<function <lambda> at 0x7fa4962879f0>,<function <lambda> at 0x7fa496287a90>,<function <lambda> at 0x7fa496287b30>
22743,2022-08-05 14:00:00,<function <lambda> at 0x7fa4962879f0>,<function <lambda> at 0x7fa496287a90>,<function <lambda> at 0x7fa496287b30>
22744,2022-08-05 15:00:00,<function <lambda> at 0x7fa4962879f0>,<function <lambda> at 0x7fa496287a90>,<function <lambda> at 0x7fa496287b30>
22745,2022-08-05 16:00:00,<function <lambda> at 0x7fa4962879f0>,<function <lambda> at 0x7fa496287a90>,<function <lambda> at 0x7fa496287b30>
22746,2022-08-05 17:00:00,<function <lambda> at 0x7fa4962879f0>,<function <lambda> at 0x7fa496287a90>,<function <lambda> at 0x7fa496287b30>
22747,2022-08-05 18:00:00,<function <lambda> at 0x7fa4962879f0>,<function <lambda> at 0x7fa496287a90>,<function <lambda> at 0x7fa496287b30>
22748,2022-08-05 19:00:00,<function <lambda> at 0x7fa4962879f0>,<function <lambda> at 0x7fa496287a90>,<function <lambda> at 0x7fa496287b30>
22749,2022-08-05 20:00:00,<function <lambda> at 0x7fa4962879f0>,<function <lambda> at 0x7fa496287a90>,<function <lambda> at 0x7fa496287b30>
22750,2022-08-05 21:00:00,<function <lambda> at 0x7fa4962879f0>,<function <lambda> at 0x7fa496287a90>,<function <lambda> at 0x7fa496287b30>
22751,2022-08-05 22:00:00,<function <lambda> at 0x7fa4962879f0>,<function <lambda> at 0x7fa496287a90>,<function <lambda> at 0x7fa496287b30>
22752,2022-08-05 23:00:00,<function <lambda> at 0x7fa4962879f0>,<function <lambda> at 0x7fa496287a90>,<function <lambda> at 0x7fa496287b30>
22753,2022-08-06 00:00:00,<function <lambda> at 0x7fa4962879f0>,<function <lambda> at 0x7fa496287a90>,<function <lambda> at 0x7fa496287b30>
22754,2022-08-06 01:00:00,<function <lambda> at 0x7fa4962879f0>,<function <lambda> at 0x7fa496287a90>,<function <lambda> at 0x7fa496287b30>
22755,2022-08-06 02:00:00,<function <lambda> at 0x7fa4962879f0>,<function <lambda> at 0x7fa496287a90>,<function <lambda> at 0x7fa496287b30>
22756,2022-08-06 03:00:00,<function <lambda> at 0x7fa4962879f0>,<function <lambda> at 0x7fa496287a90>,<function <lambda> at 0x7fa496287b30>
22757,2022-08-06 04:00:00,<function <lambda> at 0x7fa4962879f0>,<function <lambda> at 0x7fa496287a90>,<function <lambda> at 0x7fa496287b30>
22758,2022-08-06 05:00:00,<function <lambda> at 0x7fa4962879f0>,<function <lambda> at 0x7fa496287a90>,<function <lambda> at 0x7fa496287b30>
22759,2022-08-06 06:00:00,<function <lambda> at 0x7fa4962879f0>,<function <lambda> at 0x7fa496287a90>,<function <lambda> at 0x7fa496287b30>
22760,2022-08-06 07:00:00,<function <lambda> at 0x7fa4962879f0>,<function <lambda> at 0x7fa496287a90>,<function <lambda> at 0x7fa496287b30>
22761,2022-08-06 08:00:00,<function <lambda> at 0x7fa4962879f0>,<function <lambda> at 0x7fa496287a90>,<function <lambda> at 0x7fa496287b30>
22762,2022-08-06 09:00:00,<function <lambda> at 0x7fa4962879f0>,<function <lambda> at 0x7fa496287a90>,<function <lambda> at 0x7fa496287b30>
22763,2022-08-06 10:00:00,<function <lambda> at 0x7fa4962879f0>,<function <lambda> at 0x7fa496287a90>,<function <lambda> at 0x7fa496287b30>
22764,2022-08-06 11:00:00,<function <lambda> at 0x7fa4962879f0>,<function <lambda> at 0x7fa496287a90>,<function <lambda> at 0x7fa496287b30>
22765,2022-08-06 12:00:00,<function <lambda> at 0x7fa4962879f0>,<function <lambda> at 0x7fa496287a90>,<function <lambda> at 0x7fa496287b30>
22766,2022-08-06 13:00:00,<function <lambda> at 0x7fa4962879f0>,<function <lambda> at 0x7fa496287a90>,<function <lambda> at 0x7fa496287b30>
22767,2022-08-06 14:00:00,<function <lambda> at 0x7fa4962879f0>,<function <lambda> at 0x7fa496287a90>,<function <lambda> at 0x7fa496287b30>
22768,2022-08-06 15:00:00,<function <lambda> at 0x7fa4962879f0>,<function <lambda> at 0x7fa496287a90>,<function <lambda> at 0x7fa496287b30>
22769,2022-08-06 16:00:00,<function <lambda> at 0x7fa4962879f0>,<function <lambda> at 0x7fa496287a90>,<function <lambda> at 0x7fa496287b30>
22770,2022-08-06 17:00:00,<function <lambda> at 0x7fa4962879f0>,<function <lambda> at 0x7fa496287a90>,<function <lambda> at 0x7fa496287b30>
22771,2022-08-06 18:00:00,<function <lambda> at 0x7fa4962879f0>,<function <lambda> at 0x7fa496287a90>,<function <lambda> at 0x7fa496287b30>
22772,2022-08-06 19:00:00,<function <lambda> at 0x7fa4962879f0>,<function <lambda> at 0x7fa496287a90>,<function <lambda> at 0x7fa496287b30>
22773,2022-08-06 20:00:00,<function <lambda> at 0x7fa4962879f0>,<function <lambda> at 0x7fa496287a90>,<function <lambda> at 0x7fa496287b30>
22774,2022-08-06 21:00:00,<function <lambda> at 0x7fa4962879f0>,<function <lambda> at 0x7fa496287a90>,<function <lambda> at 0x7fa496287b30>
22775,2022-08-06 22:00:00,<function <lambda> at 0x7fa4962879f0>,<function <lambda> at 0x7fa496287a90>,<function <lambda> at 0x7fa496287b30>
22776,2022-08-06 23:00:00,<function <lambda> at 0x7fa4962879f0>,<function <lambda> at 0x7fa496287a90>,<function <lambda> at 0x7fa496287b30>
22777,2022-08-07 00:00:00,<function <lambda> at 0x7fa4962879f0>,<function <lambda> at 0x7fa496287a90>,<function <lambda> at 0x7fa496287b30>
22778,2022-08-07 01:00:00,<function <lambda> at 0x7fa4962879f0>,<function <lambda> at 0x7fa496287a90>,<function <lambda> at 0x7fa496287b30>
22779,2022-08-07 02:00:00,<function <lambda> at 0x7fa4962879f0>,<function <lambda> at 0x7fa496287a90>,<function <lambda> at 0x7fa496287b30>
22780,2022-08-07 03:00:00,<function <lambda> at 0x7fa4962879f0>,<function <lambda> at 0x7fa496287a90>,<function <lambda> at 0x7fa496287b30>
22781,2022-08-07 04:00:00,<function <lambda> at 0x7fa4962879f0>,<function <lambda> at 0x7fa496287a90>,<function <lambda> at 0x7fa496287b30>
22782,2022-08-07 05:00:00,<function <lambda> at 0x7fa4962879f0>,<function <lambda> at 0x7fa496287a90>,<function <lambda> at 0x7fa496287b30>
22783,2022-08-07 06:00:00,<function <lambda> at 0x7fa4962879f0>,<function <lambda> at 0x7fa496287a90>,<function <lambda> at 0x7fa496287b30>
22784,2022-08-07 07:00:00,<function <lambda> at 0x7fa4962879f0>,<function <lambda> at 0x7fa496287a90>,<function <lambda> at 0x7fa496287b30>
22785,2022-08-07 08:00:00,<function <lambda> at 0x7fa4962879f0>,<function <lambda> at 0x7fa496287a90>,<function <lambda> at 0x7fa496287b30>
22786,2022-08-07 09:00:00,<function <lambda> at 0x7fa4962879f0>,<function <lambda> at 0x7fa496287a90>,<function <lambda> at 0x7fa496287b30>
22787,2022-08-07 10:00:00,<function <lambda> at 0x7fa4962879f0>,<function <lambda> at 0x7fa496287a90>,<function <lambda> at 0x7fa496287b30>
22788,2022-08-07 11:00:00,<function <lambda> at 0x7fa4962879f0>,<function <lambda> at 0x7fa496287a90>,<function <lambda> at 0x7fa496287b30>
22789,2022-08-07 12:00:00,<function <lambda> at 0x7fa4962879f0>,<function <lambda> at 0x7fa496287a90>,<function <lambda> at 0x7fa496287b30>
22790,2022-08-07 13:00:00,<function <lambda> at 0x7fa4962879f0>,<function <lambda> at 0x7fa496287a90>,<function <lambda> at 0x7fa496287b30>
22791,2022-08-07 14:00:00,<function <lambda> at 0x7fa4962879f0>,<function <lambda> at 0x7fa496287a90>,<function <lambda> at 0x7fa496287b30>
22792,2022-08-07 15:00:00,<function <lambda> at 0x7fa4962879f0>,<function <lambda> at 0x7fa496287a90>,<function <lambda> at 0x7fa496287b30>
22793,2022-08-07 16:00:00,<function <lambda> at 0x7fa4962879f0>,<function <lambda> at 0x7fa496287a90>,<function <lambda> at 0x7fa496287b30>
22794,2022-08-07 17:00:00,<function <lambda> at 0x7fa4962879f0>,<function <lambda> at 0x7fa496287a90>,<function <lambda> at 0x7fa496287b30>
22795,2022-08-07 18:00:00,<function <lambda> at 0x7fa4962879f0>,<function <lambda> at 0x7fa496287a90>,<function <lambda> at 0x7fa496287b30>
22796,2022-08-07 19:00:00,<function <lambda> at 0x7fa4962879f0>,<function <lambda> at 0x7fa496287a90>,<function <lambda> at 0x7fa496287b30>
22797,2022-08-07 20:00:00,<function <lambda> at 0x7fa4962879f0>,<function <lambda> at 0x7fa496287a90>,<function <lambda> at 0x7fa496287b30>
22798,2022-08-07 21:00:00,<function <lambda> at 0x7fa4962879f0>,<function <lambda> at 0x7fa496287a90>,<function <lambda> at 0x7fa496287b30>
22799,2022-08-07 22:00:00,<function <lambda> at 0x7fa4962879f0>,<function <lambda> at 0x7fa496287a90>,<function <lambda> at 0x7fa496287b30>
22800,2022-08-07 23:00:00,<function <lambda> at 0x7fa4962879f0>,<function <lambda> at 0x7fa496287a90>,<function <lambda> at 0x7fa496287b30>
22801,2022-08-08 00:00:00,<function <lambda> at 0x7fa4962879f0>,<function <lambda> at 0x7fa496287a90>,<function <lambda> at 0x7fa496287b30>
22802,2022-08-08 01:00:00,<function <lambda> at 0x7fa4962879f0>,<function <lambda> at 0x7fa496287a90>,<function <lambda> at 0x7fa496287b30>
22803,2022-08-08 02:00:00,<function <lambda> at 0x7fa4962879f0>,<function <lambda> at 0x7fa496287a90>,<function <lambda> at 0x7fa496287b30>
22804,2022-08-08 03:00:00,<function <lambda> at 0x7fa4962879f0>,<function <lambda> at 0x7fa496287a90>,<function <lambda> at 0x7fa496287b30>
22805,2022-08-08 04:00:00,<function <lambda> at 0x7fa4962879f0>,<function <lambda> at 0x7fa496287a90>,<function <lambda> at 0x7fa496287b30>
22806,2022-08-08 05:00:00,<function <lambda> at 0x7fa4962879f0>,<function <lambda> at 0x7fa496287a90>,<function <lambda> at 0x7fa496287b30>
22807,2022-08-08 06:00:00,<function <lambda> at 0x7fa4962879f0>,<function <lambda> at 0x7fa496287a90>,<function <lambda> at 0x7fa496287b30>
22808,2022-08-08 07:00:00,<function <lambda> at 0x7fa4962879f0>,<function <lambda> at 0x7fa496287a90>,<function <lambda> at 0x7fa496287b30>
22809,2022-08-08 08:00:00,<function <lambda> at 0x7fa4962879f0>,<function <lambda> at 0x7fa496287a90>,<function <lambda> at 0x7fa496287b30>
22810,2022-08-08 09:00:00,<function <lambda> at 0x7fa4962879f0>,<function <lambda> at 0x7fa496287a90>,<function <lambda> at 0x7fa496287b30>
22811,2022-08-08 10:00:00,<function <lambda> at 0x7fa4962879f0>,<function <lambda> at 0x7fa496287a90>,<function <lambda> at 0x7fa496287b30>
22812,2022-08-08 11:00:00,<function <lambda> at 0x7fa4962879f0>,<function <lambda> at 0x7fa496287a90>,<function <lambda> at 0x7fa496287b30>
22813,2022-08-08 12:00:00,<function <lambda> at 0x7fa4962879f0>,<function <lambda> at 0x7fa496287a90>,<function <lambda> at 0x7fa496287b30>
22814,2022-08-08 13:00:00,<function <lambda> at 0x7fa4962879f0>,<function <lambda> at 0x7fa496287a90>,<function <lambda> at 0x7fa496287b30>
22815,2022-08-08 14:00:00,<function <lambda> at 0x7fa4962879f0>,<function <lambda> at 0x7fa496287a90>,<function <lambda> at 0x7fa496287b30>
22816,2022-08-08 15:00:00,<function <lambda> at 0x7fa4962879f0>,<function <lambda> at 0x7fa496287a90>,<function <lambda> at 0x7fa496287b30>
22817,2022-08-08 16:00:00,<function <lambda> at 0x7fa4962879f0>,<function <lambda> at 0x7fa496287a90>,<function <lambda> at 0x7fa496287b30>
22818,2022-08-08 17:00:00,<function <lambda> at 0x7fa4962879f0>,<function <lambda> at 0x7fa496287a90>,<function <lambda> at 0x7fa496287b30>
22819,2022-08-08 18:00:00,<function <lambda> at 0x7fa4962879f0>,<function <lambda> at 0x7fa496287a90>,<function <lambda> at 0x7fa496287b30>
22820,2022-08-08 19:00:00,<function <lambda> at 0x7fa4962879f0>,<function <lambda> at 0x7fa496287a90>,<function <lambda> at 0x7fa496287b30>
22821,2022-08-08 20:00:00,<function <lambda> at 0x7fa4962879f0>,<function <lambda> at 0x7fa496287a90>,<function <lambda> at 0x7fa496287b30>
22822,2022-08-08 21:00:00,<function <lambda> at 0x7fa4962879f0>,<function <lambda> at 0x7fa496287a90>,<function <lambda> at 0x7fa496287b30>
22823,2022-08-08 22:00:00,<function <lambda> at 0x7fa4962879f0>,<function <lambda> at 0x7fa496287a90>,<function <lambda> at 0x7fa496287b30>
22824,2022-08-08 23:00:00,<function <lambda> at 0x7fa4962879f0>,<function <lambda> at 0x7fa496287a90>,<function <lambda> at 0x7fa496287b30>
22825,2022-08-09 00:00:00,<function <lambda> at 0x7fa4962879f0>,<function <lambda> at 0x7fa496287a90>,<function <lambda> at 0x7fa496287b30>
22826,2022-08-09 01:00:00,<function <lambda> at 0x7fa4962879f0>,<function <lambda> at 0x7fa496287a90>,<function <lambda> at 0x7fa496287b30>
22827,2022-08-09 02:00:00,<function <lambda> at 0x7fa4962879f0>,<function <lambda> at 0x7fa496287a90>,<function <lambda> at 0x7fa496287b30>
22828,2022-08-09 03:00:00,<function <lambda> at 0x7fa4962879f0>,<function <lambda> at 0x7fa496287a90>,<function <lambda> at 0x7fa496287b30>
22829,2022-08-09 04:00:00,<function <lambda> at 0x7fa4962879f0>,<function <lambda> at 0x7fa496287a90>,<function <lambda> at 0x7fa496287b30>
22830,2022-08-09 05:00:00,<function <lambda> at 0x7fa4962879f0>,<function <lambda> at 0x7fa496287a90>,<function <lambda> at 0x7fa496287b30>
22831,2022-08-09 06:00:00,<function <lambda> at 0x7fa4962879f0>,<function <lambda> at 0x7fa496287a90>,<function <lambda> at 0x7fa496287b30>
22832,2022-08-09 07:00:00,<function <lambda> at 0x7fa4962879f0>,<function <lambda> at 0x7fa496287a90>,<function <lambda> at 0x7fa496287b30>
22833,2022-08-09 08:00:00,<function <lambda> at 0x7fa4962879f0>,<function <lambda> at 0x7fa496287a90>,<function <lambda> at 0x7fa496287b30>
22834,2022-08-09 09:00:00,<function <lambda> at 0x7fa4962879f0>,<function <lambda> at 0x7fa496287a90>,<function <lambda> at 0x7fa496287b30>
22835,2022-08-09 10:00:00,<function <lambda> at 0x7fa4962879f0>,<function <lambda> at 0x7fa496287a90>,<function <lambda> at 0x7fa496287b30>
22836,2022-08-09 11:00:00,<function <lambda> at 0x7fa4962879f0>,<function <lambda> at 0x7fa496287a90>,<function <lambda> at 0x7fa496287b30>
22837,2022-08-09 12:00:00,<function <lambda> at 0x7fa4962879f0>,<function <lambda> at 0x7fa496287a90>,<function <lambda> at 0x7fa496287b30>
22838,2022-08-09 13:00:00,<function <lambda> at 0x7fa4962879f0>,<function <lambda> at 0x7fa496287a90>,<function <lambda> at 0x7fa496287b30>
22839,2022-08-09 14:00:00,<function <lambda> at 0x7fa4962879f0>,<function <lambda> at 0x7fa496287a90>,<function <lambda> at 0x7fa496287b30>
22840,2022-08-09 15:00:00,<function <lambda> at 0x7fa4962879f0>,<function <lambda> at 0x7fa496287a90>,<function <lambda> at 0x7fa496287b30>
22841,2022-08-09 16:00:00,<function <lambda> at 0x7fa4962879f0>,<function <lambda> at 0x7fa496287a90>,<function <lambda> at 0x7fa496287b30>
22842,2022-08-09 17:00:00,<function <lambda> at 0x7fa4962879f0>,<function <lambda> at 0x7fa496287a90>,<function <lambda> at 0x7fa496287b30>
22843,2022-08-09 18:00:00,<function <lambda> at 0x7fa4962879f0>,<function <lambda> at 0x7fa496287a90>,<function <lambda> at 0x7fa496287b30>
22844,2022-08-09 19:00:00,<function <lambda> at 0x7fa4962879f0>,<function <lambda> at 0x7fa496287a90>,<function <lambda> at 0x7fa496287b30>
22845,2022-08-09 20:00:00,<function <lambda> at 0x7fa4962879f0>,<function <lambda> at 0x7fa496287a90>,<function <lambda> at 0x7fa496287b30>
22846,2022-08-09 21:00:00,<function <lambda> at 0x7fa4962879f0>,<function <lambda> at 0x7fa496287a90>,<function <lambda> at 0x7fa496287b30>
22847,2022-08-09 22:00:00,<function <lambda> at 0x7fa4962879f0>,<function <lambda> at 0x7fa496287a90>,<function <lambda> at 0x7fa496287b30>
22848,2022-08-09 23:00:00,<function <lambda> at 0x7fa4962879f0>,<function <lambda> at 0x7fa496287a90>,<function <lambda> at 0x7fa496287b30>
22849,2022-08-10 00:00:00,<function <lambda> at 0x7fa4962879f0>,<function <lambda> at 0x7fa496287a90>,<function <lambda> at 0x7fa496287b30>
22850,2022-08-10 01:00:00,<function <lambda> at 0x7fa4962879f0>,<function <lambda> at 0x7fa496287a90>,<function <lambda> at 0x7fa496287b30>
22851,2022-08-10 02:00:00,<function <lambda> at 0x7fa4962879f0>,<function <lambda> at 0x7fa496287a90>,<function <lambda> at 0x7fa496287b30>
22852,2022-08-10 03:00:00,<function <lambda> at 0x7fa4962879f0>,<function <lambda> at 0x7fa496287a90>,<function <lambda> at 0x7fa496287b30>
22853,2022-08-10 04:00:00,<function <lambda> at 0x7fa4962879f0>,<function <lambda> at 0x7fa496287a90>,<function <lambda> at 0x7fa496287b30>
22854,2022-08-10 05:00:00,<function <lambda> at 0x7fa4962879f0>,<function <lambda> at 0x7fa496287a90>,<function <lambda> at 0x7fa496287b30>
22855,2022-08-10 06:00:00,<function <lambda> at 0x7fa4962879f0>,<function <lambda> at 0x7fa496287a90>,<function <lambda> at 0x7fa496287b30>
22856,2022-08-10 07:00:00,<function <lambda> at 0x7fa4962879f0>,<function <lambda> at 0x7fa496287a90>,<function <lambda> at 0x7fa496287b30>
22857,2022-08-10 08:00:00,<function <lambda> at 0x7fa4962879f0>,<function <lambda> at 0x7fa496287a90>,<function <lambda> at 0x7fa496287b30>
22858,2022-08-10 09:00:00,<function <lambda> at 0x7fa4962879f0>,<function <lambda> at 0x7fa496287a90>,<function <lambda> at 0x7fa496287b30>
22859,2022-08-10 10:00:00,<function <lambda> at 0x7fa4962879f0>,<function <lambda> at 0x7fa496287a90>,<function <lambda> at 0x7fa496287b30>
22860,2022-08-10 11:00:00,<function <lambda> at 0x7fa4962879f0>,<function <lambda> at 0x7fa496287a90>,<function <lambda> at 0x7fa496287b30>
22861,2022-08-10 12:00:00,<function <lambda> at 0x7fa4962879f0>,<function <lambda> at 0x7fa496287a90>,<function <lambda> at 0x7fa496287b30>
22862,2022-08-10 13:00:00,<function <lambda> at 0x7fa4962879f0>,<function <lambda> at 0x7fa496287a90>,<function <lambda> at 0x7fa496287b30>
22863,2022-08-10 14:00:00,<function <lambda> at 0x7fa4962879f0>,<function <lambda> at 0x7fa496287a90>,<function <lambda> at 0x7fa496287b30>
22864,2022-08-10 15:00:00,<function <lambda> at 0x7fa4962879f0>,<function <lambda> at 0x7fa496287a90>,<function <lambda> at 0x7fa496287b30>
22865,2022-08-10 16:00:00,<function <lambda> at 0x7fa4962879f0>,<function <lambda> at 0x7fa496287a90>,<function <lambda> at 0x7fa496287b30>
22866,2022-08-10 17:00:00,<function <lambda> at 0x7fa4962879f0>,<function <lambda> at 0x7fa496287a90>,<function <lambda> at 0x7fa496287b30>
22867,2022-08-10 18:00:00,<function <lambda> at 0x7fa4962879f0>,<function <lambda> at 0x7fa496287a90>,<function <lambda> at 0x7fa496287b30>
22868,2022-08-10 19:00:00,<function <lambda> at 0x7fa4962879f0>,<function <lambda> at 0x7fa496287a90>,<function <lambda> at 0x7fa496287b30>
22869,2022-08-10 20:00:00,<function <lambda> at 0x7fa4962879f0>,<function <lambda> at 0x7fa496287a90>,<function <lambda> at 0x7fa496287b30>
22870,2022-08-10 21:00:00,<function <lambda> at 0x7fa4962879f0>,<function <lambda> at 0x7fa496287a90>,<function <lambda> at 0x7fa496287b30>
22871,2022-08-10 22:00:00,<function <lambda> at 0x7fa4962879f0>,<function <lambda> at 0x7fa496287a90>,<function <lambda> at 0x7fa496287b30>
22872,2022-08-10 23:00:00,<function <lambda> at 0x7fa4962879f0>,<function <lambda> at 0x7fa496287a90>,<function <lambda> at 0x7fa496287b30>
22873,2022-08-11 00:00:00,<function <lambda> at 0x7fa4962879f0>,<function <lambda> at 0x7fa496287a90>,<function <lambda> at 0x7fa496287b30>
22874,2022-08-11 01:00:00,<function <lambda> at 0x7fa4962879f0>,<function <lambda> at 0x7fa496287a90>,<function <lambda> at 0x7fa496287b30>
22875,2022-08-11 02:00:00,<function <lambda> at 0x7fa4962879f0>,<function <lambda> at 0x7fa496287a90>,<function <lambda> at 0x7fa496287b30>
22876,2022-08-11 03:00:00,<function <lambda> at 0x7fa4962879f0>,<function <lambda> at 0x7fa496287a90>,<function <lambda> at 0x7fa496287b30>
22877,2022-08-11 04:00:00,<function <lambda> at 0x7fa4962879f0>,<function <lambda> at 0x7fa496287a90>,<function <lambda> at 0x7fa496287b30>
22878,2022-08-11 05:00:00,<function <lambda> at 0x7fa4962879f0>,<function <lambda> at 0x7fa496287a90>,<function <lambda> at 0x7fa496287b30>
22879,2022-08-11 06:00:00,<function <lambda> at 0x7fa4962879f0>,<function <lambda> at 0x7fa496287a90>,<function <lambda> at 0x7fa496287b30>
22880,2022-08-11 07:00:00,<function <lambda> at 0x7fa4962879f0>,<function <lambda> at 0x7fa496287a90>,<function <lambda> at 0x7fa496287b30>
22881,2022-08-11 08:00:00,<function <lambda> at 0x7fa4962879f0>,<function <lambda> at 0x7fa496287a90>,<function <lambda> at 0x7fa496287b30>
22882,2022-08-11 09:00:00,<function <lambda> at 0x7fa4962879f0>,<function <lambda> at 0x7fa496287a90>,<function <lambda> at 0x7fa496287b30>
22883,2022-08-11 10:00:00,<function <lambda> at 0x7fa4962879f0>,<function <lambda> at 0x7fa496287a90>,<function <lambda> at 0x7fa496287b30>
22884,2022-08-11 11:00:00,<function <lambda> at 0x7fa4962879f0>,<function <lambda> at 0x7fa496287a90>,<function <lambda> at 0x7fa496287b30>
22885,2022-08-11 12:00:00,<function <lambda> at 0x7fa4962879f0>,<function <lambda> at 0x7fa496287a90>,<function <lambda> at 0x7fa496287b30>
22886,2022-08-11 13:00:00,<function <lambda> at 0x7fa4962879f0>,<function <lambda> at 0x7fa496287a90>,<function <lambda> at 0x7fa496287b30>
22887,2022-08-11 14:00:00,<function <lambda> at 0x7fa4962879f0>,<function <lambda> at 0x7fa496287a90>,<function <lambda> at 0x7fa496287b30>
22888,2022-08-11 15:00:00,<function <lambda> at 0x7fa4962879f0>,<function <lambda> at 0x7fa496287a90>,<function <lambda> at 0x7fa496287b30>
22889,2022-08-11 16:00:00,<function <lambda> at 0x7fa4962879f0>,<function <lambda> at 0x7fa496287a90>,<function <lambda> at 0x7fa496287b30>
22890,2022-08-11 17:00:00,<function <lambda> at 0x7fa4962879f0>,<function <lambda> at 0x7fa496287a90>,<function <lambda> at 0x7fa496287b30>
22891,2022-08-11 18:00:00,<function <lambda> at 0x7fa4962879f0>,<function <lambda> at 0x7fa496287a90>,<function <lambda> at 0x7fa496287b30>
22892,2022-08-11 19:00:00,<function <lambda> at 0x7fa4962879f0>,<function <lambda> at 0x7fa496287a90>,<function <lambda> at 0x7fa496287b30>
22893,2022-08-11 20:00:00,<function <lambda> at 0x7fa4962879f0>,<function <lambda> at 0x7fa496287a90>,<function <lambda> at 0x7fa496287b30>
22894,2022-08-11 21:00:00,<function <lambda> at 0x7fa4962879f0>,<function <lambda> at 0x7fa496287a90>,<function <lambda> at 0x7fa496287b30>
22895,2022-08-11 22:00:00,<function <lambda> at 0x7fa4962879f0>,<function <lambda> at 0x7fa496287a90>,<function <lambda> at 0x7fa496287b30>
22896,2022-08-11 23:00:00,<function <lambda> at 0x7fa4962879f0>,<function <lambda> at 0x7fa496287a90>,<function <lambda> at 0x7fa496287b30>
22897,2022-08-12 00:00:00,<function <lambda> at 0x7fa4962879f0>,<function <lambda> at 0x7fa496287a90>,<function <lambda> at 0x7fa496287b30>
22898,2022-08-12 01:00:00,<function <lambda> at 0x7fa4962879f0>,<function <lambda> at 0x7fa496287a90>,<function <lambda> at 0x7fa496287b30>
22899,2022-08-12 02:00:00,<function <lambda> at 0x7fa4962879f0>,<function <lambda> at 0x7fa496287a90>,<function <lambda> at 0x7fa496287b30>
22900,2022-08-12 03:00:00,<function <lambda> at 0x7fa4962879f0>,<function <lambda> at 0x7fa496287a90>,<function <lambda> at 0x7fa496287b30>
22901,2022-08-12 04:00:00,<function <lambda> at 0x7fa4962879f0>,<function <lambda> at 0x7fa496287a90>,<function <lambda> at 0x7fa496287b30>
22902,2022-08-12 05:00:00,<function <lambda> at 0x7fa4962879f0>,<function <lambda> at 0x7fa496287a90>,<function <lambda> at 0x7fa496287b30>
22903,2022-08-12 06:00:00,<function <lambda> at 0x7fa4962879f0>,<function <lambda> at 0x7fa496287a90>,<function <lambda> at 0x7fa496287b30>
22904,2022-08-12 07:00:00,<function <lambda> at 0x7fa4962879f0>,<function <lambda> at 0x7fa496287a90>,<function <lambda> at 0x7fa496287b30>
22905,2022-08-12 08:00:00,<function <lambda> at 0x7fa4962879f0>,<function <lambda> at 0x7fa496287a90>,<function <lambda> at 0x7fa496287b30>
22906,2022-08-12 09:00:00,<function <lambda> at 0x7fa4962879f0>,<function <lambda> at 0x7fa496287a90>,<function <lambda> at 0x7fa496287b30>
22907,2022-08-12 10:00:00,<function <lambda> at 0x7fa4962879f0>,<function <lambda> at 0x7fa496287a90>,<function <lambda> at 0x7fa496287b30>
22908,2022-08-12 11:00:00,<function <lambda> at 0x7fa4962879f0>,<function <lambda> at 0x7fa496287a90>,<function <lambda> at 0x7fa496287b30>
22909,2022-08-12 12:00:00,<function <lambda> at 0x7fa4962879f0>,<function <lambda> at 0x7fa496287a90>,<function <lambda> at 0x7fa496287b30>
22910,2022-08-12 13:00:00,<function <lambda> at 0x7fa4962879f0>,<function <lambda> at 0x7fa496287a90>,<function <lambda> at 0x7fa496287b30>
22911,2022-08-12 14:00:00,<function <lambda> at 0x7fa4962879f0>,<function <lambda> at 0x7fa496287a90>,<function <lambda> at 0x7fa496287b30>
22912,2022-08-12 15:00:00,<function <lambda> at 0x7fa4962879f0>,<function <lambda> at 0x7fa496287a90>,<function <lambda> at 0x7fa496287b30>
22913,2022-08-12 16:00:00,<function <lambda> at 0x7fa4962879f0>,<function <lambda> at 0x7fa496287a90>,<function <lambda> at 0x7fa496287b30>
22914,2022-08-12 17:00:00,<function <lambda> at 0x7fa4962879f0>,<function <lambda> at 0x7fa496287a90>,<function <lambda> at 0x7fa496287b30>
22915,2022-08-12 18:00:00,<function <lambda> at 0x7fa4962879f0>,<function <lambda> at 0x7fa496287a90>,<function <lambda> at 0x7fa496287b30>
22916,2022-08-12 19:00:00,<function <lambda> at 0x7fa4962879f0>,<function <lambda> at 0x7fa496287a90>,<function <lambda> at 0x7fa496287b30>
22917,2022-08-12 20:00:00,<function <lambda> at 0x7fa4962879f0>,<function <lambda> at 0x7fa496287a90>,<function <lambda> at 0x7fa496287b30>
22918,2022-08-12 21:00:00,<function <lambda> at 0x7fa4962879f0>,<function <lambda> at 0x7fa496287a90>,<function <lambda> at 0x7fa496287b30>
22919,2022-08-12 22:00:00,<function <lambda> at 0x7fa4962879f0>,<function <lambda> at 0x7fa496287a90>,<function <lambda> at 0x7fa496287b30>
22920,2022-08-12 23:00:00,<function <lambda> at 0x7fa4962879f0>,<function <lambda> at 0x7fa496287a90>,<function <lambda> at 0x7fa496287b30>
22921,2022-08-13 00:00:00,<function <lambda> at 0x7fa4962879f0>,<function <lambda> at 0x7fa496287a90>,<function <lambda> at 0x7fa496287b30>
22922,2022-08-13 01:00:00,<function <lambda> at 0x7fa4962879f0>,<function <lambda> at 0x7fa496287a90>,<function <lambda> at 0x7fa496287b30>
22923,2022-08-13 02:00:00,<function <lambda> at 0x7fa4962879f0>,<function <lambda> at 0x7fa496287a90>,<function <lambda> at 0x7fa496287b30>
22924,2022-08-13 03:00:00,<function <lambda> at 0x7fa4962879f0>,<function <lambda> at 0x7fa496287a90>,<function <lambda> at 0x7fa496287b30>
22925,2022-08-13 04:00:00,<function <lambda> at 0x7fa4962879f0>,<function <lambda> at 0x7fa496287a90>,<function <lambda> at 0x7fa496287b30>
22926,2022-08-13 05:00:00,<function <lambda> at 0x7fa4962879f0>,<function <lambda> at 0x7fa496287a90>,<function <lambda> at 0x7fa496287b30>
22927,2022-08-13 06:00:00,<function <lambda> at 0x7fa4962879f0>,<function <lambda> at 0x7fa496287a90>,<function <lambda> at 0x7fa496287b30>
22928,2022-08-13 07:00:00,<function <lambda> at 0x7fa4962879f0>,<function <lambda> at 0x7fa496287a90>,<function <lambda> at 0x7fa496287b30>
22929,2022-08-13 08:00:00,<function <lambda> at 0x7fa4962879f0>,<function <lambda> at 0x7fa496287a90>,<function <lambda> at 0x7fa496287b30>
22930,2022-08-13 09:00:00,<function <lambda> at 0x7fa4962879f0>,<function <lambda> at 0x7fa496287a90>,<function <lambda> at 0x7fa496287b30>
22931,2022-08-13 10:00:00,<function <lambda> at 0x7fa4962879f0>,<function <lambda> at 0x7fa496287a90>,<function <lambda> at 0x7fa496287b30>
22932,2022-08-13 11:00:00,<function <lambda> at 0x7fa4962879f0>,<function <lambda> at 0x7fa496287a90>,<function <lambda> at 0x7fa496287b30>
22933,2022-08-13 12:00:00,<function <lambda> at 0x7fa4962879f0>,<function <lambda> at 0x7fa496287a90>,<function <lambda> at 0x7fa496287b30>
22934,2022-08-13 13:00:00,<function <lambda> at 0x7fa4962879f0>,<function <lambda> at 0x7fa496287a90>,<function <lambda> at 0x7fa496287b30>
22935,2022-08-13 14:00:00,<function <lambda> at 0x7fa4962879f0>,<function <lambda> at 0x7fa496287a90>,<function <lambda> at 0x7fa496287b30>
22936,2022-08-13 15:00:00,<function <lambda> at 0x7fa4962879f0>,<function <lambda> at 0x7fa496287a90>,<function <lambda> at 0x7fa496287b30>
22937,2022-08-13 16:00:00,<function <lambda> at 0x7fa4962879f0>,<function <lambda> at 0x7fa496287a90>,<function <lambda> at 0x7fa496287b30>
22938,2022-08-13 17:00:00,<function <lambda> at 0x7fa4962879f0>,<function <lambda> at 0x7fa496287a90>,<function <lambda> at 0x7fa496287b30>
22939,2022-08-13 18:00:00,<function <lambda> at 0x7fa4962879f0>,<function <lambda> at 0x7fa496287a90>,<function <lambda> at 0x7fa496287b30>
22940,2022-08-13 19:00:00,<function <lambda> at 0x7fa4962879f0>,<function <lambda> at 0x7fa496287a90>,<function <lambda> at 0x7fa496287b30>
22941,2022-08-13 20:00:00,<function <lambda> at 0x7fa4962879f0>,<function <lambda> at 0x7fa496287a90>,<function <lambda> at 0x7fa496287b30>
22942,2022-08-13 21:00:00,<function <lambda> at 0x7fa4962879f0>,<function <lambda> at 0x7fa496287a90>,<function <lambda> at 0x7fa496287b30>
22943,2022-08-13 22:00:00,<function <lambda> at 0x7fa4962879f0>,<function <lambda> at 0x7fa496287a90>,<function <lambda> at 0x7fa496287b30>
22944,2022-08-13 23:00:00,<function <lambda> at 0x7fa4962879f0>,<function <lambda> at 0x7fa496287a90>,<function <lambda> at 0x7fa496287b30>
22945,2022-08-14 00:00:00,<function <lambda> at 0x7fa4962879f0>,<function <lambda> at 0x7fa496287a90>,<function <lambda> at 0x7fa496287b30>
22946,2022-08-14 01:00:00,<function <lambda> at 0x7fa4962879f0>,<function <lambda> at 0x7fa496287a90>,<function <lambda> at 0x7fa496287b30>
22947,2022-08-14 02:00:00,<function <lambda> at 0x7fa4962879f0>,<function <lambda> at 0x7fa496287a90>,<function <lambda> at 0x7fa496287b30>
22948,2022-08-14 03:00:00,<function <lambda> at 0x7fa4962879f0>,<function <lambda> at 0x7fa496287a90>,<function <lambda> at 0x7fa496287b30>
22949,2022-08-14 04:00:00,<function <lambda> at 0x7fa4962879f0>,<function <lambda> at 0x7fa496287a90>,<function <lambda> at 0x7fa496287b30>
22950,2022-08-14 05:00:00,<function <lambda> at 0x7fa4962879f0>,<function <lambda> at 0x7fa496287a90>,<function <lambda> at 0x7fa496287b30>
22951,2022-08-14 06:00:00,<function <lambda> at 0x7fa4962879f0>,<function <lambda> at 0x7fa496287a90>,<function <lambda> at 0x7fa496287b30>
22952,2022-08-14 07:00:00,<function <lambda> at 0x7fa4962879f0>,<function <lambda> at 0x7fa496287a90>,<function <lambda> at 0x7fa496287b30>
22953,2022-08-14 08:00:00,<function <lambda> at 0x7fa4962879f0>,<function <lambda> at 0x7fa496287a90>,<function <lambda> at 0x7fa496287b30>
22954,2022-08-14 09:00:00,<function <lambda> at 0x7fa4962879f0>,<function <lambda> at 0x7fa496287a90>,<function <lambda> at 0x7fa496287b30>
22955,2022-08-14 10:00:00,<function <lambda> at 0x7fa4962879f0>,<function <lambda> at 0x7fa496287a90>,<function <lambda> at 0x7fa496287b30>
22956,2022-08-14 11:00:00,<function <lambda> at 0x7fa4962879f0>,<function <lambda> at 0x7fa496287a90>,<function <lambda> at 0x7fa496287b30>
22957,2022-08-14 12:00:00,<function <lambda> at 0x7fa4962879f0>,<function <lambda> at 0x7fa496287a90>,<function <lambda> at 0x7fa496287b30>
22958,2022-08-14 13:00:00,<function <lambda> at 0x7fa4962879f0>,<function <lambda> at 0x7fa496287a90>,<function <lambda> at 0x7fa496287b30>
22959,2022-08-14 14:00:00,<function <lambda> at 0x7fa4962879f0>,<function <lambda> at 0x7fa496287a90>,<function <lambda> at 0x7fa496287b30>
22960,2022-08-14 15:00:00,<function <lambda> at 0x7fa4962879f0>,<function <lambda> at 0x7fa496287a90>,<function <lambda> at 0x7fa496287b30>
22961,2022-08-14 16:00:00,<function <lambda> at 0x7fa4962879f0>,<function <lambda> at 0x7fa496287a90>,<function <lambda> at 0x7fa496287b30>
22962,2022-08-14 17:00:00,<function <lambda> at 0x7fa4962879f0>,<function <lambda> at 0x7fa496287a90>,<function <lambda> at 0x7fa496287b30>
22963,2022-08-14 18:00:00,<function <lambda> at 0x7fa4962879f0>,<function <lambda> at 0x7fa496287a90>,<function <lambda> at 0x7fa496287b30>
22964,2022-08-14 19:00:00,<function <lambda> at 0x7fa4962879f0>,<function <lambda> at 0x7fa496287a90>,<function <lambda> at 0x7fa496287b30>
22965,2022-08-14 20:00:00,<function <lambda> at 0x7fa4962879f0>,<function <lambda> at 0x7fa496287a90>,<function <lambda> at 0x7fa496287b30>
22966,2022-08-14 21:00:00,<function <lambda> at 0x7fa4962879f0>,<function <lambda> at 0x7fa496287a90>,<function <lambda> at 0x7fa496287b30>
22967,2022-08-14 22:00:00,<function <lambda> at 0x7fa4962879f0>,<function <lambda> at 0x7fa496287a90>,<function <lambda> at 0x7fa496287b30>
22968,2022-08-14 23:00:00,<function <lambda> at 0x7fa4962879f0>,<function <lambda> at 0x7fa496287a90>,<function <lambda> at 0x7fa496287b30>
22969,2022-08-15 00:00:00,<function <lambda> at 0x7fa4962879f0>,<function <lambda> at 0x7fa496287a90>,<function <lambda> at 0x7fa496287b30>
22970,2022-08-15 01:00:00,<function <lambda> at 0x7fa4962879f0>,<function <lambda> at 0x7fa496287a90>,<function <lambda> at 0x7fa496287b30>
22971,2022-08-15 02:00:00,<function <lambda> at 0x7fa4962879f0>,<function <lambda> at 0x7fa496287a90>,<function <lambda> at 0x7fa496287b30>
22972,2022-08-15 03:00:00,<function <lambda> at 0x7fa4962879f0>,<function <lambda> at 0x7fa496287a90>,<function <lambda> at 0x7fa496287b30>
22973,2022-08-15 04:00:00,<function <lambda> at 0x7fa4962879f0>,<function <lambda> at 0x7fa496287a90>,<function <lambda> at 0x7fa496287b30>
22974,2022-08-15 05:00:00,<function <lambda> at 0x7fa4962879f0>,<function <lambda> at 0x7fa496287a90>,<function <lambda> at 0x7fa496287b30>
22975,2022-08-15 06:00:00,<function <lambda> at 0x7fa4962879f0>,<function <lambda> at 0x7fa496287a90>,<function <lambda> at 0x7fa496287b30>
22976,2022-08-15 07:00:00,<function <lambda> at 0x7fa4962879f0>,<function <lambda> at 0x7fa496287a90>,<function <lambda> at 0x7fa496287b30>
22977,2022-08-15 08:00:00,<function <lambda> at 0x7fa4962879f0>,<function <lambda> at 0x7fa496287a90>,<function <lambda> at 0x7fa496287b30>
22978,2022-08-15 09:00:00,<function <lambda> at 0x7fa4962879f0>,<function <lambda> at 0x7fa496287a90>,<function <lambda> at 0x7fa496287b30>
22979,2022-08-15 10:00:00,<function <lambda> at 0x7fa4962879f0>,<function <lambda> at 0x7fa496287a90>,<function <lambda> at 0x7fa496287b30>
22980,2022-08-15 11:00:00,<function <lambda> at 0x7fa4962879f0>,<function <lambda> at 0x7fa496287a90>,<function <lambda> at 0x7fa496287b30>
22981,2022-08-15 12:00:00,<function <lambda> at 0x7fa4962879f0>,<function <lambda> at 0x7fa496287a90>,<function <lambda> at 0x7fa496287b30>
22982,2022-08-15 13:00:00,<function <lambda> at 0x7fa4962879f0>,<function <lambda> at 0x7fa496287a90>,<function <lambda> at 0x7fa496287b30>
22983,2022-08-15 14:00:00,<function <lambda> at 0x7fa4962879f0>,<function <lambda> at 0x7fa496287a90>,<function <lambda> at 0x7fa496287b30>
22984,2022-08-15 15:00:00,<function <lambda> at 0x7fa4962879f0>,<function <lambda> at 0x7fa496287a90>,<function <lambda> at 0x7fa496287b30>
22985,2022-08-15 16:00:00,<function <lambda> at 0x7fa4962879f0>,<function <lambda> at 0x7fa496287a90>,<function <lambda> at 0x7fa496287b30>
22986,2022-08-15 17:00:00,<function <lambda> at 0x7fa4962879f0>,<function <lambda> at 0x7fa496287a90>,<function <lambda> at 0x7fa496287b30>
22987,2022-08-15 18:00:00,<function <lambda> at 0x7fa4962879f0>,<function <lambda> at 0x7fa496287a90>,<function <lambda> at 0x7fa496287b30>
22988,2022-08-15 19:00:00,<function <lambda> at 0x7fa4962879f0>,<function <lambda> at 0x7fa496287a90>,<function <lambda> at 0x7fa496287b30>
22989,2022-08-15 20:00:00,<function <lambda> at 0x7fa4962879f0>,<function <lambda> at 0x7fa496287a90>,<function <lambda> at 0x7fa496287b30>
22990,2022-08-15 21:00:00,<function <lambda> at 0x7fa4962879f0>,<function <lambda> at 0x7fa496287a90>,<function <lambda> at 0x7fa496287b30>
22991,2022-08-15 22:00:00,<function <lambda> at 0x7fa4962879f0>,<function <lambda> at 0x7fa496287a90>,<function <lambda> at 0x7fa496287b30>
22992,2022-08-15 23:00:00,<function <lambda> at 0x7fa4962879f0>,<function <lambda> at 0x7fa496287a90>,<function <lambda> at 0x7fa496287b30>
22993,2022-08-16 00:00:00,<function <lambda> at 0x7fa4962879f0>,<function <lambda> at 0x7fa496287a90>,<function <lambda> at 0x7fa496287b30>
22994,2022-08-16 01:00:00,<function <lambda> at 0x7fa4962879f0>,<function <lambda> at 0x7fa496287a90>,<function <lambda> at 0x7fa496287b30>
22995,2022-08-16 02:00:00,<function <lambda> at 0x7fa4962879f0>,<function <lambda> at 0x7fa496287a90>,<function <lambda> at 0x7fa496287b30>
22996,2022-08-16 03:00:00,<function <lambda> at 0x7fa4962879f0>,<function <lambda> at 0x7fa496287a90>,<function <lambda> at 0x7fa496287b30>
22997,2022-08-16 04:00:00,<function <lambda> at 0x7fa4962879f0>,<function <lambda> at 0x7fa496287a90>,<function <lambda> at 0x7fa496287b30>
22998,2022-08-16 05:00:00,<function <lambda> at 0x7fa4962879f0>,<function <lambda> at 0x7fa496287a90>,<function <lambda> at 0x7fa496287b30>
22999,2022-08-16 06:00:00,<function <lambda> at 0x7fa4962879f0>,<function <lambda> at 0x7fa496287a90>,<function <lambda> at 0x7fa496287b30>
23000,2022-08-16 07:00:00,<function <lambda> at 0x7fa4962879f0>,<function <lambda> at 0x7fa496287a90>,<function <lambda> at 0x7fa496287b30>
23001,2022-08-16 08:00:00,<function <lambda> at 0x7fa4962879f0>,<function <lambda> at 0x7fa496287a90>,<function <lambda> at 0x7fa496287b30>
23002,2022-08-16 09:00:00,<function <lambda> at 0x7fa4962879f0>,<function <lambda> at 0x7fa496287a90>,<function <lambda> at 0x7fa496287b30>
23003,2022-08-16 10:00:00,<function <lambda> at 0x7fa4962879f0>,<function <lambda> at 0x7fa496287a90>,<function <lambda> at 0x7fa496287b30>
23004,2022-08-16 11:00:00,<function <lambda> at 0x7fa4962879f0>,<function <lambda> at 0x7fa496287a90>,<function <lambda> at 0x7fa496287b30>
23005,2022-08-16 12:00:00,<function <lambda> at 0x7fa4962879f0>,<function <lambda> at 0x7fa496287a90>,<function <lambda> at 0x7fa496287b30>
23006,2022-08-16 13:00:00,<function <lambda> at 0x7fa4962879f0>,<function <lambda> at 0x7fa496287a90>,<function <lambda> at 0x7fa496287b30>
23007,2022-08-16 14:00:00,<function <lambda> at 0x7fa4962879f0>,<function <lambda> at 0x7fa496287a90>,<function <lambda> at 0x7fa496287b30>
23008,2022-08-16 15:00:00,<function <lambda> at 0x7fa4962879f0>,<function <lambda> at 0x7fa496287a90>,<function <lambda> at 0x7fa496287b30>
23009,2022-08-16 16:00:00,<function <lambda> at 0x7fa4962879f0>,<function <lambda> at 0x7fa496287a90>,<function <lambda> at 0x7fa496287b30>
23010,2022-08-16 17:00:00,<function <lambda> at 0x7fa4962879f0>,<function <lambda> at 0x7fa496287a90>,<function <lambda> at 0x7fa496287b30>
23011,2022-08-16 18:00:00,<function <lambda> at 0x7fa4962879f0>,<function <lambda> at 0x7fa496287a90>,<function <lambda> at 0x7fa496287b30>
23012,2022-08-16 19:00:00,<function <lambda> at 0x7fa4962879f0>,<function <lambda> at 0x7fa496287a90>,<function <lambda> at 0x7fa496287b30>
23013,2022-08-16 20:00:00,<function <lambda> at 0x7fa4962879f0>,<function <lambda> at 0x7fa496287a90>,<function <lambda> at 0x7fa496287b30>
23014,2022-08-16 21:00:00,<function <lambda> at 0x7fa4962879f0>,<function <lambda> at 0x7fa496287a90>,<function <lambda> at 0x7fa496287b30>
23015,2022-08-16 22:00:00,<function <lambda> at 0x7fa4962879f0>,<function <lambda> at 0x7fa496287a90>,<function <lambda> at 0x7fa496287b30>
23016,2022-08-16 23:00:00,<function <lambda> at 0x7fa4962879f0>,<function <lambda> at 0x7fa496287a90>,<function <lambda> at 0x7fa496287b30>
23017,2022-08-17 00:00:00,<function <lambda> at 0x7fa4962879f0>,<function <lambda> at 0x7fa496287a90>,<function <lambda> at 0x7fa496287b30>
23018,2022-08-17 01:00:00,<function <lambda> at 0x7fa4962879f0>,<function <lambda> at 0x7fa496287a90>,<function <lambda> at 0x7fa496287b30>
23019,2022-08-17 02:00:00,<function <lambda> at 0x7fa4962879f0>,<function <lambda> at 0x7fa496287a90>,<function <lambda> at 0x7fa496287b30>
23020,2022-08-17 03:00:00,<function <lambda> at 0x7fa4962879f0>,<function <lambda> at 0x7fa496287a90>,<function <lambda> at 0x7fa496287b30>
23021,2022-08-17 04:00:00,<function <lambda> at 0x7fa4962879f0>,<function <lambda> at 0x7fa496287a90>,<function <lambda> at 0x7fa496287b30>
23022,2022-08-17 05:00:00,<function <lambda> at 0x7fa4962879f0>,<function <lambda> at 0x7fa496287a90>,<function <lambda> at 0x7fa496287b30>
23023,2022-08-17 06:00:00,<function <lambda> at 0x7fa4962879f0>,<function <lambda> at 0x7fa496287a90>,<function <lambda> at 0x7fa496287b30>
23024,2022-08-17 07:00:00,<function <lambda> at 0x7fa4962879f0>,<function <lambda> at 0x7fa496287a90>,<function <lambda> at 0x7fa496287b30>
23025,2022-08-17 08:00:00,<function <lambda> at 0x7fa4962879f0>,<function <lambda> at 0x7fa496287a90>,<function <lambda> at 0x7fa496287b30>
23026,2022-08-17 09:00:00,<function <lambda> at 0x7fa4962879f0>,<function <lambda> at 0x7fa496287a90>,<function <lambda> at 0x7fa496287b30>
23027,2022-08-17 10:00:00,<function <lambda> at 0x7fa4962879f0>,<function <lambda> at 0x7fa496287a90>,<function <lambda> at 0x7fa496287b30>
23028,2022-08-17 11:00:00,<function <lambda> at 0x7fa4962879f0>,<function <lambda> at 0x7fa496287a90>,<function <lambda> at 0x7fa496287b30>
23029,2022-08-17 12:00:00,<function <lambda> at 0x7fa4962879f0>,<function <lambda> at 0x7fa496287a90>,<function <lambda> at 0x7fa496287b30>
23030,2022-08-17 13:00:00,<function <lambda> at 0x7fa4962879f0>,<function <lambda> at 0x7fa496287a90>,<function <lambda> at 0x7fa496287b30>
23031,2022-08-17 14:00:00,<function <lambda> at 0x7fa4962879f0>,<function <lambda> at 0x7fa496287a90>,<function <lambda> at 0x7fa496287b30>
23032,2022-08-17 15:00:00,<function <lambda> at 0x7fa4962879f0>,<function <lambda> at 0x7fa496287a90>,<function <lambda> at 0x7fa496287b30>
23033,2022-08-17 16:00:00,<function <lambda> at 0x7fa4962879f0>,<function <lambda> at 0x7fa496287a90>,<function <lambda> at 0x7fa496287b30>
23034,2022-08-17 17:00:00,<function <lambda> at 0x7fa4962879f0>,<function <lambda> at 0x7fa496287a90>,<function <lambda> at 0x7fa496287b30>
23035,2022-08-17 18:00:00,<function <lambda> at 0x7fa4962879f0>,<function <lambda> at 0x7fa496287a90>,<function <lambda> at 0x7fa496287b30>
23036,2022-08-17 19:00:00,<function <lambda> at 0x7fa4962879f0>,<function <lambda> at 0x7fa496287a90>,<function <lambda> at 0x7fa496287b30>
23037,2022-08-17 20:00:00,<function <lambda> at 0x7fa4962879f0>,<function <lambda> at 0x7fa496287a90>,<function <lambda> at 0x7fa496287b30>
23038,2022-08-17 21:00:00,<function <lambda> at 0x7fa4962879f0>,<function <lambda> at 0x7fa496287a90>,<function <lambda> at 0x7fa496287b30>
23039,2022-08-17 22:00:00,<function <lambda> at 0x7fa4962879f0>,<function <lambda> at 0x7fa496287a90>,<function <lambda> at 0x7fa496287b30>
23040,2022-08-17 23:00:00,<function <lambda> at 0x7fa4962879f0>,<function <lambda> at 0x7fa496287a90>,<function <lambda> at 0x7fa496287b30>
23041,2022-08-18 00:00:00,<function <lambda> at 0x7fa4962879f0>,<function <lambda> at 0x7fa496287a90>,<function <lambda> at 0x7fa496287b30>
23042,2022-08-18 01:00:00,<function <lambda> at 0x7fa4962879f0>,<function <lambda> at 0x7fa496287a90>,<function <lambda> at 0x7fa496287b30>
23043,2022-08-18 02:00:00,<function <lambda> at 0x7fa4962879f0>,<function <lambda> at 0x7fa496287a90>,<function <lambda> at 0x7fa496287b30>
23044,2022-08-18 03:00:00,<function <lambda> at 0x7fa4962879f0>,<function <lambda> at 0x7fa496287a90>,<function <lambda> at 0x7fa496287b30>
23045,2022-08-18 04:00:00,<function <lambda> at 0x7fa4962879f0>,<function <lambda> at 0x7fa496287a90>,<function <lambda> at 0x7fa496287b30>
23046,2022-08-18 05:00:00,<function <lambda> at 0x7fa4962879f0>,<function <lambda> at 0x7fa496287a90>,<function <lambda> at 0x7fa496287b30>
23047,2022-08-18 06:00:00,<function <lambda> at 0x7fa4962879f0>,<function <lambda> at 0x7fa496287a90>,<function <lambda> at 0x7fa496287b30>
23048,2022-08-18 07:00:00,<function <lambda> at 0x7fa4962879f0>,<function <lambda> at 0x7fa496287a90>,<function <lambda> at 0x7fa496287b30>
23049,2022-08-18 08:00:00,<function <lambda> at 0x7fa4962879f0>,<function <lambda> at 0x7fa496287a90>,<function <lambda> at 0x7fa496287b30>
23050,2022-08-18 09:00:00,<function <lambda> at 0x7fa4962879f0>,<function <lambda> at 0x7fa496287a90>,<function <lambda> at 0x7fa496287b30>
23051,2022-08-18 10:00:00,<function <lambda> at 0x7fa4962879f0>,<function <lambda> at 0x7fa496287a90>,<function <lambda> at 0x7fa496287b30>
23052,2022-08-18 11:00:00,<function <lambda> at 0x7fa4962879f0>,<function <lambda> at 0x7fa496287a90>,<function <lambda> at 0x7fa496287b30>
23053,2022-08-18 12:00:00,<function <lambda> at 0x7fa4962879f0>,<function <lambda> at 0x7fa496287a90>,<function <lambda> at 0x7fa496287b30>
23054,2022-08-18 13:00:00,<function <lambda> at 0x7fa4962879f0>,<function <lambda> at 0x7fa496287a90>,<function <lambda> at 0x7fa496287b30>
23055,2022-08-18 14:00:00,<function <lambda> at 0x7fa4962879f0>,<function <lambda> at 0x7fa496287a90>,<function <lambda> at 0x7fa496287b30>
23056,2022-08-18 15:00:00,<function <lambda> at 0x7fa4962879f0>,<function <lambda> at 0x7fa496287a90>,<function <lambda> at 0x7fa496287b30>
23057,2022-08-18 16:00:00,<function <lambda> at 0x7fa4962879f0>,<function <lambda> at 0x7fa496287a90>,<function <lambda> at 0x7fa496287b30>
23058,2022-08-18 17:00:00,<function <lambda> at 0x7fa4962879f0>,<function <lambda> at 0x7fa496287a90>,<function <lambda> at 0x7fa496287b30>
23059,2022-08-18 18:00:00,<function <lambda> at 0x7fa4962879f0>,<function <lambda> at 0x7fa496287a90>,<function <lambda> at 0x7fa496287b30>
23060,2022-08-18 19:00:00,<function <lambda> at 0x7fa4962879f0>,<function <lambda> at 0x7fa496287a90>,<function <lambda> at 0x7fa496287b30>
23061,2022-08-18 20:00:00,<function <lambda> at 0x7fa4962879f0>,<function <lambda> at 0x7fa496287a90>,<function <lambda> at 0x7fa496287b30>
23062,2022-08-18 21:00:00,<function <lambda> at 0x7fa4962879f0>,<function <lambda> at 0x7fa496287a90>,<function <lambda> at 0x7fa496287b30>
23063,2022-08-18 22:00:00,<function <lambda> at 0x7fa4962879f0>,<function <lambda> at 0x7fa496287a90>,<function <lambda> at 0x7fa496287b30>
23064,2022-08-18 23:00:00,<function <lambda> at 0x7fa4962879f0>,<function <lambda> at 0x7fa496287a90>,<function <lambda> at 0x7fa496287b30>
23065,2022-08-19 00:00:00,<function <lambda> at 0x7fa4962879f0>,<function <lambda> at 0x7fa496287a90>,<function <lambda> at 0x7fa496287b30>
23066,2022-08-19 01:00:00,<function <lambda> at 0x7fa4962879f0>,<function <lambda> at 0x7fa496287a90>,<function <lambda> at 0x7fa496287b30>
23067,2022-08-19 02:00:00,<function <lambda> at 0x7fa4962879f0>,<function <lambda> at 0x7fa496287a90>,<function <lambda> at 0x7fa496287b30>
23068,2022-08-19 03:00:00,<function <lambda> at 0x7fa4962879f0>,<function <lambda> at 0x7fa496287a90>,<function <lambda> at 0x7fa496287b30>
23069,2022-08-19 04:00:00,<function <lambda> at 0x7fa4962879f0>,<function <lambda> at 0x7fa496287a90>,<function <lambda> at 0x7fa496287b30>
23070,2022-08-19 05:00:00,<function <lambda> at 0x7fa4962879f0>,<function <lambda> at 0x7fa496287a90>,<function <lambda> at 0x7fa496287b30>
23071,2022-08-19 06:00:00,<function <lambda> at 0x7fa4962879f0>,<function <lambda> at 0x7fa496287a90>,<function <lambda> at 0x7fa496287b30>
23072,2022-08-19 07:00:00,<function <lambda> at 0x7fa4962879f0>,<function <lambda> at 0x7fa496287a90>,<function <lambda> at 0x7fa496287b30>
23073,2022-08-19 08:00:00,<function <lambda> at 0x7fa4962879f0>,<function <lambda> at 0x7fa496287a90>,<function <lambda> at 0x7fa496287b30>
23074,2022-08-19 09:00:00,<function <lambda> at 0x7fa4962879f0>,<function <lambda> at 0x7fa496287a90>,<function <lambda> at 0x7fa496287b30>
23075,2022-08-19 10:00:00,<function <lambda> at 0x7fa4962879f0>,<function <lambda> at 0x7fa496287a90>,<function <lambda> at 0x7fa496287b30>
23076,2022-08-19 11:00:00,<function <lambda> at 0x7fa4962879f0>,<function <lambda> at 0x7fa496287a90>,<function <lambda> at 0x7fa496287b30>
23077,2022-08-19 12:00:00,<function <lambda> at 0x7fa4962879f0>,<function <lambda> at 0x7fa496287a90>,<function <lambda> at 0x7fa496287b30>
23078,2022-08-19 13:00:00,<function <lambda> at 0x7fa4962879f0>,<function <lambda> at 0x7fa496287a90>,<function <lambda> at 0x7fa496287b30>
23079,2022-08-19 14:00:00,<function <lambda> at 0x7fa4962879f0>,<function <lambda> at 0x7fa496287a90>,<function <lambda> at 0x7fa496287b30>
23080,2022-08-19 15:00:00,<function <lambda> at 0x7fa4962879f0>,<function <lambda> at 0x7fa496287a90>,<function <lambda> at 0x7fa496287b30>
23081,2022-08-19 16:00:00,<function <lambda> at 0x7fa4962879f0>,<function <lambda> at 0x7fa496287a90>,<function <lambda> at 0x7fa496287b30>
23082,2022-08-19 17:00:00,<function <lambda> at 0x7fa4962879f0>,<function <lambda> at 0x7fa496287a90>,<function <lambda> at 0x7fa496287b30>
23083,2022-08-19 18:00:00,<function <lambda> at 0x7fa4962879f0>,<function <lambda> at 0x7fa496287a90>,<function <lambda> at 0x7fa496287b30>
23084,2022-08-19 19:00:00,<function <lambda> at 0x7fa4962879f0>,<function <lambda> at 0x7fa496287a90>,<function <lambda> at 0x7fa496287b30>
23085,2022-08-19 20:00:00,<function <lambda> at 0x7fa4962879f0>,<function <lambda> at 0x7fa496287a90>,<function <lambda> at 0x7fa496287b30>
23086,2022-08-19 21:00:00,<function <lambda> at 0x7fa4962879f0>,<function <lambda> at 0x7fa496287a90>,<function <lambda> at 0x7fa496287b30>
23087,2022-08-19 22:00:00,<function <lambda> at 0x7fa4962879f0>,<function <lambda> at 0x7fa496287a90>,<function <lambda> at 0x7fa496287b30>
23088,2022-08-19 23:00:00,<function <lambda> at 0x7fa4962879f0>,<function <lambda> at 0x7fa496287a90>,<function <lambda> at 0x7fa496287b30>
23089,2022-08-20 00:00:00,<function <lambda> at 0x7fa4962879f0>,<function <lambda> at 0x7fa496287a90>,<function <lambda> at 0x7fa496287b30>
23090,2022-08-20 01:00:00,<function <lambda> at 0x7fa4962879f0>,<function <lambda> at 0x7fa496287a90>,<function <lambda> at 0x7fa496287b30>
23091,2022-08-20 02:00:00,<function <lambda> at 0x7fa4962879f0>,<function <lambda> at 0x7fa496287a90>,<function <lambda> at 0x7fa496287b30>
23092,2022-08-20 03:00:00,<function <lambda> at 0x7fa4962879f0>,<function <lambda> at 0x7fa496287a90>,<function <lambda> at 0x7fa496287b30>
23093,2022-08-20 04:00:00,<function <lambda> at 0x7fa4962879f0>,<function <lambda> at 0x7fa496287a90>,<function <lambda> at 0x7fa496287b30>
23094,2022-08-20 05:00:00,<function <lambda> at 0x7fa4962879f0>,<function <lambda> at 0x7fa496287a90>,<function <lambda> at 0x7fa496287b30>
23095,2022-08-20 06:00:00,<function <lambda> at 0x7fa4962879f0>,<function <lambda> at 0x7fa496287a90>,<function <lambda> at 0x7fa496287b30>
23096,2022-08-20 07:00:00,<function <lambda> at 0x7fa4962879f0>,<function <lambda> at 0x7fa496287a90>,<function <lambda> at 0x7fa496287b30>
23097,2022-08-20 08:00:00,<function <lambda> at 0x7fa4962879f0>,<function <lambda> at 0x7fa496287a90>,<function <lambda> at 0x7fa496287b30>
23098,2022-08-20 09:00:00,<function <lambda> at 0x7fa4962879f0>,<function <lambda> at 0x7fa496287a90>,<function <lambda> at 0x7fa496287b30>
23099,2022-08-20 10:00:00,<function <lambda> at 0x7fa4962879f0>,<function <lambda> at 0x7fa496287a90>,<function <lambda> at 0x7fa496287b30>
23100,2022-08-20 11:00:00,<function <lambda> at 0x7fa4962879f0>,<function <lambda> at 0x7fa496287a90>,<function <lambda> at 0x7fa496287b30>
23101,2022-08-20 12:00:00,<function <lambda> at 0x7fa4962879f0>,<function <lambda> at 0x7fa496287a90>,<function <lambda> at 0x7fa496287b30>
23102,2022-08-20 13:00:00,<function <lambda> at 0x7fa4962879f0>,<function <lambda> at 0x7fa496287a90>,<function <lambda> at 0x7fa496287b30>
23103,2022-08-20 14:00:00,<function <lambda> at 0x7fa4962879f0>,<function <lambda> at 0x7fa496287a90>,<function <lambda> at 0x7fa496287b30>
23104,2022-08-20 15:00:00,<function <lambda> at 0x7fa4962879f0>,<function <lambda> at 0x7fa496287a90>,<function <lambda> at 0x7fa496287b30>
23105,2022-08-20 16:00:00,<function <lambda> at 0x7fa4962879f0>,<function <lambda> at 0x7fa496287a90>,<function <lambda> at 0x7fa496287b30>
23106,2022-08-20 17:00:00,<function <lambda> at 0x7fa4962879f0>,<function <lambda> at 0x7fa496287a90>,<function <lambda> at 0x7fa496287b30>
23107,2022-08-20 18:00:00,<function <lambda> at 0x7fa4962879f0>,<function <lambda> at 0x7fa496287a90>,<function <lambda> at 0x7fa496287b30>
23108,2022-08-20 19:00:00,<function <lambda> at 0x7fa4962879f0>,<function <lambda> at 0x7fa496287a90>,<function <lambda> at 0x7fa496287b30>
23109,2022-08-20 20:00:00,<function <lambda> at 0x7fa4962879f0>,<function <lambda> at 0x7fa496287a90>,<function <lambda> at 0x7fa496287b30>
23110,2022-08-20 21:00:00,<function <lambda> at 0x7fa4962879f0>,<function <lambda> at 0x7fa496287a90>,<function <lambda> at 0x7fa496287b30>
23111,2022-08-20 22:00:00,<function <lambda> at 0x7fa4962879f0>,<function <lambda> at 0x7fa496287a90>,<function <lambda> at 0x7fa496287b30>
23112,2022-08-20 23:00:00,<function <lambda> at 0x7fa4962879f0>,<function <lambda> at 0x7fa496287a90>,<function <lambda> at 0x7fa496287b30>
23113,2022-08-21 00:00:00,<function <lambda> at 0x7fa4962879f0>,<function <lambda> at 0x7fa496287a90>,<function <lambda> at 0x7fa496287b30>
23114,2022-08-21 01:00:00,<function <lambda> at 0x7fa4962879f0>,<function <lambda> at 0x7fa496287a90>,<function <lambda> at 0x7fa496287b30>
23115,2022-08-21 02:00:00,<function <lambda> at 0x7fa4962879f0>,<function <lambda> at 0x7fa496287a90>,<function <lambda> at 0x7fa496287b30>
23116,2022-08-21 03:00:00,<function <lambda> at 0x7fa4962879f0>,<function <lambda> at 0x7fa496287a90>,<function <lambda> at 0x7fa496287b30>
23117,2022-08-21 04:00:00,<function <lambda> at 0x7fa4962879f0>,<function <lambda> at 0x7fa496287a90>,<function <lambda> at 0x7fa496287b30>
23118,2022-08-21 05:00:00,<function <lambda> at 0x7fa4962879f0>,<function <lambda> at 0x7fa496287a90>,<function <lambda> at 0x7fa496287b30>
23119,2022-08-21 06:00:00,<function <lambda> at 0x7fa4962879f0>,<function <lambda> at 0x7fa496287a90>,<function <lambda> at 0x7fa496287b30>
23120,2022-08-21 07:00:00,<function <lambda> at 0x7fa4962879f0>,<function <lambda> at 0x7fa496287a90>,<function <lambda> at 0x7fa496287b30>
23121,2022-08-21 08:00:00,<function <lambda> at 0x7fa4962879f0>,<function <lambda> at 0x7fa496287a90>,<function <lambda> at 0x7fa496287b30>
23122,2022-08-21 09:00:00,<function <lambda> at 0x7fa4962879f0>,<function <lambda> at 0x7fa496287a90>,<function <lambda> at 0x7fa496287b30>
23123,2022-08-21 10:00:00,<function <lambda> at 0x7fa4962879f0>,<function <lambda> at 0x7fa496287a90>,<function <lambda> at 0x7fa496287b30>
23124,2022-08-21 11:00:00,<function <lambda> at 0x7fa4962879f0>,<function <lambda> at 0x7fa496287a90>,<function <lambda> at 0x7fa496287b30>
23125,2022-08-21 12:00:00,<function <lambda> at 0x7fa4962879f0>,<function <lambda> at 0x7fa496287a90>,<function <lambda> at 0x7fa496287b30>
23126,2022-08-21 13:00:00,<function <lambda> at 0x7fa4962879f0>,<function <lambda> at 0x7fa496287a90>,<function <lambda> at 0x7fa496287b30>
23127,2022-08-21 14:00:00,<function <lambda> at 0x7fa4962879f0>,<function <lambda> at 0x7fa496287a90>,<function <lambda> at 0x7fa496287b30>
23128,2022-08-21 15:00:00,<function <lambda> at 0x7fa4962879f0>,<function <lambda> at 0x7fa496287a90>,<function <lambda> at 0x7fa496287b30>
23129,2022-08-21 16:00:00,<function <lambda> at 0x7fa4962879f0>,<function <lambda> at 0x7fa496287a90>,<function <lambda> at 0x7fa496287b30>
23130,2022-08-21 17:00:00,<function <lambda> at 0x7fa4962879f0>,<function <lambda> at 0x7fa496287a90>,<function <lambda> at 0x7fa496287b30>
23131,2022-08-21 18:00:00,<function <lambda> at 0x7fa4962879f0>,<function <lambda> at 0x7fa496287a90>,<function <lambda> at 0x7fa496287b30>
23132,2022-08-21 19:00:00,<function <lambda> at 0x7fa4962879f0>,<function <lambda> at 0x7fa496287a90>,<function <lambda> at 0x7fa496287b30>
23133,2022-08-21 20:00:00,<function <lambda> at 0x7fa4962879f0>,<function <lambda> at 0x7fa496287a90>,<function <lambda> at 0x7fa496287b30>
23134,2022-08-21 21:00:00,<function <lambda> at 0x7fa4962879f0>,<function <lambda> at 0x7fa496287a90>,<function <lambda> at 0x7fa496287b30>
23135,2022-08-21 22:00:00,<function <lambda> at 0x7fa4962879f0>,<function <lambda> at 0x7fa496287a90>,<function <lambda> at 0x7fa496287b30>
23136,2022-08-21 23:00:00,<function <lambda> at 0x7fa4962879f0>,<function <lambda> at 0x7fa496287a90>,<function <lambda> at 0x7fa496287b30>
23137,2022-08-22 00:00:00,<function <lambda> at 0x7fa4962879f0>,<function <lambda> at 0x7fa496287a90>,<function <lambda> at 0x7fa496287b30>
23138,2022-08-22 01:00:00,<function <lambda> at 0x7fa4962879f0>,<function <lambda> at 0x7fa496287a90>,<function <lambda> at 0x7fa496287b30>
23139,2022-08-22 02:00:00,<function <lambda> at 0x7fa4962879f0>,<function <lambda> at 0x7fa496287a90>,<function <lambda> at 0x7fa496287b30>
23140,2022-08-22 03:00:00,<function <lambda> at 0x7fa4962879f0>,<function <lambda> at 0x7fa496287a90>,<function <lambda> at 0x7fa496287b30>
23141,2022-08-22 04:00:00,<function <lambda> at 0x7fa4962879f0>,<function <lambda> at 0x7fa496287a90>,<function <lambda> at 0x7fa496287b30>
23142,2022-08-22 05:00:00,<function <lambda> at 0x7fa4962879f0>,<function <lambda> at 0x7fa496287a90>,<function <lambda> at 0x7fa496287b30>
23143,2022-08-22 06:00:00,<function <lambda> at 0x7fa4962879f0>,<function <lambda> at 0x7fa496287a90>,<function <lambda> at 0x7fa496287b30>
23144,2022-08-22 07:00:00,<function <lambda> at 0x7fa4962879f0>,<function <lambda> at 0x7fa496287a90>,<function <lambda> at 0x7fa496287b30>
23145,2022-08-22 08:00:00,<function <lambda> at 0x7fa4962879f0>,<function <lambda> at 0x7fa496287a90>,<function <lambda> at 0x7fa496287b30>
23146,2022-08-22 09:00:00,<function <lambda> at 0x7fa4962879f0>,<function <lambda> at 0x7fa496287a90>,<function <lambda> at 0x7fa496287b30>
23147,2022-08-22 10:00:00,<function <lambda> at 0x7fa4962879f0>,<function <lambda> at 0x7fa496287a90>,<function <lambda> at 0x7fa496287b30>
23148,2022-08-22 11:00:00,<function <lambda> at 0x7fa4962879f0>,<function <lambda> at 0x7fa496287a90>,<function <lambda> at 0x7fa496287b30>
23149,2022-08-22 12:00:00,<function <lambda> at 0x7fa4962879f0>,<function <lambda> at 0x7fa496287a90>,<function <lambda> at 0x7fa496287b30>
23150,2022-08-22 13:00:00,<function <lambda> at 0x7fa4962879f0>,<function <lambda> at 0x7fa496287a90>,<function <lambda> at 0x7fa496287b30>
23151,2022-08-22 14:00:00,<function <lambda> at 0x7fa4962879f0>,<function <lambda> at 0x7fa496287a90>,<function <lambda> at 0x7fa496287b30>
23152,2022-08-22 15:00:00,<function <lambda> at 0x7fa4962879f0>,<function <lambda> at 0x7fa496287a90>,<function <lambda> at 0x7fa496287b30>
23153,2022-08-22 16:00:00,<function <lambda> at 0x7fa4962879f0>,<function <lambda> at 0x7fa496287a90>,<function <lambda> at 0x7fa496287b30>
23154,2022-08-22 17:00:00,<function <lambda> at 0x7fa4962879f0>,<function <lambda> at 0x7fa496287a90>,<function <lambda> at 0x7fa496287b30>
23155,2022-08-22 18:00:00,<function <lambda> at 0x7fa4962879f0>,<function <lambda> at 0x7fa496287a90>,<function <lambda> at 0x7fa496287b30>
23156,2022-08-22 19:00:00,<function <lambda> at 0x7fa4962879f0>,<function <lambda> at 0x7fa496287a90>,<function <lambda> at 0x7fa496287b30>
23157,2022-08-22 20:00:00,<function <lambda> at 0x7fa4962879f0>,<function <lambda> at 0x7fa496287a90>,<function <lambda> at 0x7fa496287b30>
23158,2022-08-22 21:00:00,<function <lambda> at 0x7fa4962879f0>,<function <lambda> at 0x7fa496287a90>,<function <lambda> at 0x7fa496287b30>
23159,2022-08-22 22:00:00,<function <lambda> at 0x7fa4962879f0>,<function <lambda> at 0x7fa496287a90>,<function <lambda> at 0x7fa496287b30>
23160,2022-08-22 23:00:00,<function <lambda> at 0x7fa4962879f0>,<function <lambda> at 0x7fa496287a90>,<function <lambda> at 0x7fa496287b30>
23161,2022-08-23 00:00:00,<function <lambda> at 0x7fa4962879f0>,<function <lambda> at 0x7fa496287a90>,<function <lambda> at 0x7fa496287b30>
23162,2022-08-23 01:00:00,<function <lambda> at 0x7fa4962879f0>,<function <lambda> at 0x7fa496287a90>,<function <lambda> at 0x7fa496287b30>
23163,2022-08-23 02:00:00,<function <lambda> at 0x7fa4962879f0>,<function <lambda> at 0x7fa496287a90>,<function <lambda> at 0x7fa496287b30>
23164,2022-08-23 03:00:00,<function <lambda> at 0x7fa4962879f0>,<function <lambda> at 0x7fa496287a90>,<function <lambda> at 0x7fa496287b30>
23165,2022-08-23 04:00:00,<function <lambda> at 0x7fa4962879f0>,<function <lambda> at 0x7fa496287a90>,<function <lambda> at 0x7fa496287b30>
23166,2022-08-23 05:00:00,<function <lambda> at 0x7fa4962879f0>,<function <lambda> at 0x7fa496287a90>,<function <lambda> at 0x7fa496287b30>
23167,2022-08-23 06:00:00,<function <lambda> at 0x7fa4962879f0>,<function <lambda> at 0x7fa496287a90>,<function <lambda> at 0x7fa496287b30>
23168,2022-08-23 07:00:00,<function <lambda> at 0x7fa4962879f0>,<function <lambda> at 0x7fa496287a90>,<function <lambda> at 0x7fa496287b30>
23169,2022-08-23 08:00:00,<function <lambda> at 0x7fa4962879f0>,<function <lambda> at 0x7fa496287a90>,<function <lambda> at 0x7fa496287b30>
23170,2022-08-23 09:00:00,<function <lambda> at 0x7fa4962879f0>,<function <lambda> at 0x7fa496287a90>,<function <lambda> at 0x7fa496287b30>
23171,2022-08-23 10:00:00,<function <lambda> at 0x7fa4962879f0>,<function <lambda> at 0x7fa496287a90>,<function <lambda> at 0x7fa496287b30>
23172,2022-08-23 11:00:00,<function <lambda> at 0x7fa4962879f0>,<function <lambda> at 0x7fa496287a90>,<function <lambda> at 0x7fa496287b30>
23173,2022-08-23 12:00:00,<function <lambda> at 0x7fa4962879f0>,<function <lambda> at 0x7fa496287a90>,<function <lambda> at 0x7fa496287b30>
23174,2022-08-23 13:00:00,<function <lambda> at 0x7fa4962879f0>,<function <lambda> at 0x7fa496287a90>,<function <lambda> at 0x7fa496287b30>
23175,2022-08-23 14:00:00,<function <lambda> at 0x7fa4962879f0>,<function <lambda> at 0x7fa496287a90>,<function <lambda> at 0x7fa496287b30>
23176,2022-08-23 15:00:00,<function <lambda> at 0x7fa4962879f0>,<function <lambda> at 0x7fa496287a90>,<function <lambda> at 0x7fa496287b30>
23177,2022-08-23 16:00:00,<function <lambda> at 0x7fa4962879f0>,<function <lambda> at 0x7fa496287a90>,<function <lambda> at 0x7fa496287b30>
23178,2022-08-23 17:00:00,<function <lambda> at 0x7fa4962879f0>,<function <lambda> at 0x7fa496287a90>,<function <lambda> at 0x7fa496287b30>
23179,2022-08-23 18:00:00,<function <lambda> at 0x7fa4962879f0>,<function <lambda> at 0x7fa496287a90>,<function <lambda> at 0x7fa496287b30>
23180,2022-08-23 19:00:00,<function <lambda> at 0x7fa4962879f0>,<function <lambda> at 0x7fa496287a90>,<function <lambda> at 0x7fa496287b30>
23181,2022-08-23 20:00:00,<function <lambda> at 0x7fa4962879f0>,<function <lambda> at 0x7fa496287a90>,<function <lambda> at 0x7fa496287b30>
23182,2022-08-23 21:00:00,<function <lambda> at 0x7fa4962879f0>,<function <lambda> at 0x7fa496287a90>,<function <lambda> at 0x7fa496287b30>
23183,2022-08-23 22:00:00,<function <lambda> at 0x7fa4962879f0>,<function <lambda> at 0x7fa496287a90>,<function <lambda> at 0x7fa496287b30>
23184,2022-08-23 23:00:00,<function <lambda> at 0x7fa4962879f0>,<function <lambda> at 0x7fa496287a90>,<function <lambda> at 0x7fa496287b30>
23185,2022-08-24 00:00:00,<function <lambda> at 0x7fa4962879f0>,<function <lambda> at 0x7fa496287a90>,<function <lambda> at 0x7fa496287b30>
23186,2022-08-24 01:00:00,<function <lambda> at 0x7fa4962879f0>,<function <lambda> at 0x7fa496287a90>,<function <lambda> at 0x7fa496287b30>
23187,2022-08-24 02:00:00,<function <lambda> at 0x7fa4962879f0>,<function <lambda> at 0x7fa496287a90>,<function <lambda> at 0x7fa496287b30>
23188,2022-08-24 03:00:00,<function <lambda> at 0x7fa4962879f0>,<function <lambda> at 0x7fa496287a90>,<function <lambda> at 0x7fa496287b30>
23189,2022-08-24 04:00:00,<function <lambda> at 0x7fa4962879f0>,<function <lambda> at 0x7fa496287a90>,<function <lambda> at 0x7fa496287b30>
23190,2022-08-24 05:00:00,<function <lambda> at 0x7fa4962879f0>,<function <lambda> at 0x7fa496287a90>,<function <lambda> at 0x7fa496287b30>
23191,2022-08-24 06:00:00,<function <lambda> at 0x7fa4962879f0>,<function <lambda> at 0x7fa496287a90>,<function <lambda> at 0x7fa496287b30>
23192,2022-08-24 07:00:00,<function <lambda> at 0x7fa4962879f0>,<function <lambda> at 0x7fa496287a90>,<function <lambda> at 0x7fa496287b30>
23193,2022-08-24 08:00:00,<function <lambda> at 0x7fa4962879f0>,<function <lambda> at 0x7fa496287a90>,<function <lambda> at 0x7fa496287b30>
23194,2022-08-24 09:00:00,<function <lambda> at 0x7fa4962879f0>,<function <lambda> at 0x7fa496287a90>,<function <lambda> at 0x7fa496287b30>
23195,2022-08-24 10:00:00,<function <lambda> at 0x7fa4962879f0>,<function <lambda> at 0x7fa496287a90>,<function <lambda> at 0x7fa496287b30>
23196,2022-08-24 11:00:00,<function <lambda> at 0x7fa4962879f0>,<function <lambda> at 0x7fa496287a90>,<function <lambda> at 0x7fa496287b30>
23197,2022-08-24 12:00:00,<function <lambda> at 0x7fa4962879f0>,<function <lambda> at 0x7fa496287a90>,<function <lambda> at 0x7fa496287b30>
23198,2022-08-24 13:00:00,<function <lambda> at 0x7fa4962879f0>,<function <lambda> at 0x7fa496287a90>,<function <lambda> at 0x7fa496287b30>
23199,2022-08-24 14:00:00,<function <lambda> at 0x7fa4962879f0>,<function <lambda> at 0x7fa496287a90>,<function <lambda> at 0x7fa496287b30>
23200,2022-08-24 15:00:00,<function <lambda> at 0x7fa4962879f0>,<function <lambda> at 0x7fa496287a90>,<function <lambda> at 0x7fa496287b30>
23201,2022-08-24 16:00:00,<function <lambda> at 0x7fa4962879f0>,<function <lambda> at 0x7fa496287a90>,<function <lambda> at 0x7fa496287b30>
23202,2022-08-24 17:00:00,<function <lambda> at 0x7fa4962879f0>,<function <lambda> at 0x7fa496287a90>,<function <lambda> at 0x7fa496287b30>
23203,2022-08-24 18:00:00,<function <lambda> at 0x7fa4962879f0>,<function <lambda> at 0x7fa496287a90>,<function <lambda> at 0x7fa496287b30>
23204,2022-08-24 19:00:00,<function <lambda> at 0x7fa4962879f0>,<function <lambda> at 0x7fa496287a90>,<function <lambda> at 0x7fa496287b30>
23205,2022-08-24 20:00:00,<function <lambda> at 0x7fa4962879f0>,<function <lambda> at 0x7fa496287a90>,<function <lambda> at 0x7fa496287b30>
23206,2022-08-24 21:00:00,<function <lambda> at 0x7fa4962879f0>,<function <lambda> at 0x7fa496287a90>,<function <lambda> at 0x7fa496287b30>
23207,2022-08-24 22:00:00,<function <lambda> at 0x7fa4962879f0>,<function <lambda> at 0x7fa496287a90>,<function <lambda> at 0x7fa496287b30>
23208,2022-08-24 23:00:00,<function <lambda> at 0x7fa4962879f0>,<function <lambda> at 0x7fa496287a90>,<function <lambda> at 0x7fa496287b30>
23209,2022-08-25 00:00:00,<function <lambda> at 0x7fa4962879f0>,<function <lambda> at 0x7fa496287a90>,<function <lambda> at 0x7fa496287b30>
23210,2022-08-25 01:00:00,<function <lambda> at 0x7fa4962879f0>,<function <lambda> at 0x7fa496287a90>,<function <lambda> at 0x7fa496287b30>
23211,2022-08-25 02:00:00,<function <lambda> at 0x7fa4962879f0>,<function <lambda> at 0x7fa496287a90>,<function <lambda> at 0x7fa496287b30>
23212,2022-08-25 03:00:00,<function <lambda> at 0x7fa4962879f0>,<function <lambda> at 0x7fa496287a90>,<function <lambda> at 0x7fa496287b30>
23213,2022-08-25 04:00:00,<function <lambda> at 0x7fa4962879f0>,<function <lambda> at 0x7fa496287a90>,<function <lambda> at 0x7fa496287b30>
23214,2022-08-25 05:00:00,<function <lambda> at 0x7fa4962879f0>,<function <lambda> at 0x7fa496287a90>,<function <lambda> at 0x7fa496287b30>
23215,2022-08-25 06:00:00,<function <lambda> at 0x7fa4962879f0>,<function <lambda> at 0x7fa496287a90>,<function <lambda> at 0x7fa496287b30>
23216,2022-08-25 07:00:00,<function <lambda> at 0x7fa4962879f0>,<function <lambda> at 0x7fa496287a90>,<function <lambda> at 0x7fa496287b30>
23217,2022-08-25 08:00:00,<function <lambda> at 0x7fa4962879f0>,<function <lambda> at 0x7fa496287a90>,<function <lambda> at 0x7fa496287b30>
23218,2022-08-25 09:00:00,<function <lambda> at 0x7fa4962879f0>,<function <lambda> at 0x7fa496287a90>,<function <lambda> at 0x7fa496287b30>
23219,2022-08-25 10:00:00,<function <lambda> at 0x7fa4962879f0>,<function <lambda> at 0x7fa496287a90>,<function <lambda> at 0x7fa496287b30>
23220,2022-08-25 11:00:00,<function <lambda> at 0x7fa4962879f0>,<function <lambda> at 0x7fa496287a90>,<function <lambda> at 0x7fa496287b30>
23221,2022-08-25 12:00:00,<function <lambda> at 0x7fa4962879f0>,<function <lambda> at 0x7fa496287a90>,<function <lambda> at 0x7fa496287b30>
23222,2022-08-25 13:00:00,<function <lambda> at 0x7fa4962879f0>,<function <lambda> at 0x7fa496287a90>,<function <lambda> at 0x7fa496287b30>
23223,2022-08-25 14:00:00,<function <lambda> at 0x7fa4962879f0>,<function <lambda> at 0x7fa496287a90>,<function <lambda> at 0x7fa496287b30>
23224,2022-08-25 15:00:00,<function <lambda> at 0x7fa4962879f0>,<function <lambda> at 0x7fa496287a90>,<function <lambda> at 0x7fa496287b30>
23225,2022-08-25 16:00:00,<function <lambda> at 0x7fa4962879f0>,<function <lambda> at 0x7fa496287a90>,<function <lambda> at 0x7fa496287b30>
23226,2022-08-25 17:00:00,<function <lambda> at 0x7fa4962879f0>,<function <lambda> at 0x7fa496287a90>,<function <lambda> at 0x7fa496287b30>
23227,2022-08-25 18:00:00,<function <lambda> at 0x7fa4962879f0>,<function <lambda> at 0x7fa496287a90>,<function <lambda> at 0x7fa496287b30>
23228,2022-08-25 19:00:00,<function <lambda> at 0x7fa4962879f0>,<function <lambda> at 0x7fa496287a90>,<function <lambda> at 0x7fa496287b30>
23229,2022-08-25 20:00:00,<function <lambda> at 0x7fa4962879f0>,<function <lambda> at 0x7fa496287a90>,<function <lambda> at 0x7fa496287b30>
23230,2022-08-25 21:00:00,<function <lambda> at 0x7fa4962879f0>,<function <lambda> at 0x7fa496287a90>,<function <lambda> at 0x7fa496287b30>
23231,2022-08-25 22:00:00,<function <lambda> at 0x7fa4962879f0>,<function <lambda> at 0x7fa496287a90>,<function <lambda> at 0x7fa496287b30>
23232,2022-08-25 23:00:00,<function <lambda> at 0x7fa4962879f0>,<function <lambda> at 0x7fa496287a90>,<function <lambda> at 0x7fa496287b30>
23233,2022-08-26 00:00:00,<function <lambda> at 0x7fa4962879f0>,<function <lambda> at 0x7fa496287a90>,<function <lambda> at 0x7fa496287b30>
23234,2022-08-26 01:00:00,<function <lambda> at 0x7fa4962879f0>,<function <lambda> at 0x7fa496287a90>,<function <lambda> at 0x7fa496287b30>
23235,2022-08-26 02:00:00,<function <lambda> at 0x7fa4962879f0>,<function <lambda> at 0x7fa496287a90>,<function <lambda> at 0x7fa496287b30>
23236,2022-08-26 03:00:00,<function <lambda> at 0x7fa4962879f0>,<function <lambda> at 0x7fa496287a90>,<function <lambda> at 0x7fa496287b30>
23237,2022-08-26 04:00:00,<function <lambda> at 0x7fa4962879f0>,<function <lambda> at 0x7fa496287a90>,<function <lambda> at 0x7fa496287b30>
23238,2022-08-26 05:00:00,<function <lambda> at 0x7fa4962879f0>,<function <lambda> at 0x7fa496287a90>,<function <lambda> at 0x7fa496287b30>
23239,2022-08-26 06:00:00,<function <lambda> at 0x7fa4962879f0>,<function <lambda> at 0x7fa496287a90>,<function <lambda> at 0x7fa496287b30>
23240,2022-08-26 07:00:00,<function <lambda> at 0x7fa4962879f0>,<function <lambda> at 0x7fa496287a90>,<function <lambda> at 0x7fa496287b30>
23241,2022-08-26 08:00:00,<function <lambda> at 0x7fa4962879f0>,<function <lambda> at 0x7fa496287a90>,<function <lambda> at 0x7fa496287b30>
23242,2022-08-26 09:00:00,<function <lambda> at 0x7fa4962879f0>,<function <lambda> at 0x7fa496287a90>,<function <lambda> at 0x7fa496287b30>
23243,2022-08-26 10:00:00,<function <lambda> at 0x7fa4962879f0>,<function <lambda> at 0x7fa496287a90>,<function <lambda> at 0x7fa496287b30>
23244,2022-08-26 11:00:00,<function <lambda> at 0x7fa4962879f0>,<function <lambda> at 0x7fa496287a90>,<function <lambda> at 0x7fa496287b30>
23245,2022-08-26 12:00:00,<function <lambda> at 0x7fa4962879f0>,<function <lambda> at 0x7fa496287a90>,<function <lambda> at 0x7fa496287b30>
23246,2022-08-26 13:00:00,<function <lambda> at 0x7fa4962879f0>,<function <lambda> at 0x7fa496287a90>,<function <lambda> at 0x7fa496287b30>
23247,2022-08-26 14:00:00,<function <lambda> at 0x7fa4962879f0>,<function <lambda> at 0x7fa496287a90>,<function <lambda> at 0x7fa496287b30>
23248,2022-08-26 15:00:00,<function <lambda> at 0x7fa4962879f0>,<function <lambda> at 0x7fa496287a90>,<function <lambda> at 0x7fa496287b30>
23249,2022-08-26 16:00:00,<function <lambda> at 0x7fa4962879f0>,<function <lambda> at 0x7fa496287a90>,<function <lambda> at 0x7fa496287b30>
23250,2022-08-26 17:00:00,<function <lambda> at 0x7fa4962879f0>,<function <lambda> at 0x7fa496287a90>,<function <lambda> at 0x7fa496287b30>
23251,2022-08-26 18:00:00,<function <lambda> at 0x7fa4962879f0>,<function <lambda> at 0x7fa496287a90>,<function <lambda> at 0x7fa496287b30>
23252,2022-08-26 19:00:00,<function <lambda> at 0x7fa4962879f0>,<function <lambda> at 0x7fa496287a90>,<function <lambda> at 0x7fa496287b30>
23253,2022-08-26 20:00:00,<function <lambda> at 0x7fa4962879f0>,<function <lambda> at 0x7fa496287a90>,<function <lambda> at 0x7fa496287b30>
23254,2022-08-26 21:00:00,<function <lambda> at 0x7fa4962879f0>,<function <lambda> at 0x7fa496287a90>,<function <lambda> at 0x7fa496287b30>
23255,2022-08-26 22:00:00,<function <lambda> at 0x7fa4962879f0>,<function <lambda> at 0x7fa496287a90>,<function <lambda> at 0x7fa496287b30>
23256,2022-08-26 23:00:00,<function <lambda> at 0x7fa4962879f0>,<function <lambda> at 0x7fa496287a90>,<function <lambda> at 0x7fa496287b30>
23257,2022-08-27 00:00:00,<function <lambda> at 0x7fa4962879f0>,<function <lambda> at 0x7fa496287a90>,<function <lambda> at 0x7fa496287b30>
23258,2022-08-27 01:00:00,<function <lambda> at 0x7fa4962879f0>,<function <lambda> at 0x7fa496287a90>,<function <lambda> at 0x7fa496287b30>
23259,2022-08-27 02:00:00,<function <lambda> at 0x7fa4962879f0>,<function <lambda> at 0x7fa496287a90>,<function <lambda> at 0x7fa496287b30>
23260,2022-08-27 03:00:00,<function <lambda> at 0x7fa4962879f0>,<function <lambda> at 0x7fa496287a90>,<function <lambda> at 0x7fa496287b30>
23261,2022-08-27 04:00:00,<function <lambda> at 0x7fa4962879f0>,<function <lambda> at 0x7fa496287a90>,<function <lambda> at 0x7fa496287b30>
23262,2022-08-27 05:00:00,<function <lambda> at 0x7fa4962879f0>,<function <lambda> at 0x7fa496287a90>,<function <lambda> at 0x7fa496287b30>
23263,2022-08-27 06:00:00,<function <lambda> at 0x7fa4962879f0>,<function <lambda> at 0x7fa496287a90>,<function <lambda> at 0x7fa496287b30>
23264,2022-08-27 07:00:00,<function <lambda> at 0x7fa4962879f0>,<function <lambda> at 0x7fa496287a90>,<function <lambda> at 0x7fa496287b30>
23265,2022-08-27 08:00:00,<function <lambda> at 0x7fa4962879f0>,<function <lambda> at 0x7fa496287a90>,<function <lambda> at 0x7fa496287b30>
23266,2022-08-27 09:00:00,<function <lambda> at 0x7fa4962879f0>,<function <lambda> at 0x7fa496287a90>,<function <lambda> at 0x7fa496287b30>
23267,2022-08-27 10:00:00,<function <lambda> at 0x7fa4962879f0>,<function <lambda> at 0x7fa496287a90>,<function <lambda> at 0x7fa496287b30>
23268,2022-08-27 11:00:00,<function <lambda> at 0x7fa4962879f0>,<function <lambda> at 0x7fa496287a90>,<function <lambda> at 0x7fa496287b30>
23269,2022-08-27 12:00:00,<function <lambda> at 0x7fa4962879f0>,<function <lambda> at 0x7fa496287a90>,<function <lambda> at 0x7fa496287b30>
23270,2022-08-27 13:00:00,<function <lambda> at 0x7fa4962879f0>,<function <lambda> at 0x7fa496287a90>,<function <lambda> at 0x7fa496287b30>
23271,2022-08-27 14:00:00,<function <lambda> at 0x7fa4962879f0>,<function <lambda> at 0x7fa496287a90>,<function <lambda> at 0x7fa496287b30>
23272,2022-08-27 15:00:00,<function <lambda> at 0x7fa4962879f0>,<function <lambda> at 0x7fa496287a90>,<function <lambda> at 0x7fa496287b30>
23273,2022-08-27 16:00:00,<function <lambda> at 0x7fa4962879f0>,<function <lambda> at 0x7fa496287a90>,<function <lambda> at 0x7fa496287b30>
23274,2022-08-27 17:00:00,<function <lambda> at 0x7fa4962879f0>,<function <lambda> at 0x7fa496287a90>,<function <lambda> at 0x7fa496287b30>
23275,2022-08-27 18:00:00,<function <lambda> at 0x7fa4962879f0>,<function <lambda> at 0x7fa496287a90>,<function <lambda> at 0x7fa496287b30>
23276,2022-08-27 19:00:00,<function <lambda> at 0x7fa4962879f0>,<function <lambda> at 0x7fa496287a90>,<function <lambda> at 0x7fa496287b30>
23277,2022-08-27 20:00:00,<function <lambda> at 0x7fa4962879f0>,<function <lambda> at 0x7fa496287a90>,<function <lambda> at 0x7fa496287b30>
23278,2022-08-27 21:00:00,<function <lambda> at 0x7fa4962879f0>,<function <lambda> at 0x7fa496287a90>,<function <lambda> at 0x7fa496287b30>
23279,2022-08-27 22:00:00,<function <lambda> at 0x7fa4962879f0>,<function <lambda> at 0x7fa496287a90>,<function <lambda> at 0x7fa496287b30>
23280,2022-08-27 23:00:00,<function <lambda> at 0x7fa4962879f0>,<function <lambda> at 0x7fa496287a90>,<function <lambda> at 0x7fa496287b30>
23281,2022-08-28 00:00:00,<function <lambda> at 0x7fa4962879f0>,<function <lambda> at 0x7fa496287a90>,<function <lambda> at 0x7fa496287b30>
23282,2022-08-28 01:00:00,<function <lambda> at 0x7fa4962879f0>,<function <lambda> at 0x7fa496287a90>,<function <lambda> at 0x7fa496287b30>
23283,2022-08-28 02:00:00,<function <lambda> at 0x7fa4962879f0>,<function <lambda> at 0x7fa496287a90>,<function <lambda> at 0x7fa496287b30>
23284,2022-08-28 03:00:00,<function <lambda> at 0x7fa4962879f0>,<function <lambda> at 0x7fa496287a90>,<function <lambda> at 0x7fa496287b30>
23285,2022-08-28 04:00:00,<function <lambda> at 0x7fa4962879f0>,<function <lambda> at 0x7fa496287a90>,<function <lambda> at 0x7fa496287b30>
23286,2022-08-28 05:00:00,<function <lambda> at 0x7fa4962879f0>,<function <lambda> at 0x7fa496287a90>,<function <lambda> at 0x7fa496287b30>
23287,2022-08-28 06:00:00,<function <lambda> at 0x7fa4962879f0>,<function <lambda> at 0x7fa496287a90>,<function <lambda> at 0x7fa496287b30>
23288,2022-08-28 07:00:00,<function <lambda> at 0x7fa4962879f0>,<function <lambda> at 0x7fa496287a90>,<function <lambda> at 0x7fa496287b30>
23289,2022-08-28 08:00:00,<function <lambda> at 0x7fa4962879f0>,<function <lambda> at 0x7fa496287a90>,<function <lambda> at 0x7fa496287b30>
23290,2022-08-28 09:00:00,<function <lambda> at 0x7fa4962879f0>,<function <lambda> at 0x7fa496287a90>,<function <lambda> at 0x7fa496287b30>
23291,2022-08-28 10:00:00,<function <lambda> at 0x7fa4962879f0>,<function <lambda> at 0x7fa496287a90>,<function <lambda> at 0x7fa496287b30>
23292,2022-08-28 11:00:00,<function <lambda> at 0x7fa4962879f0>,<function <lambda> at 0x7fa496287a90>,<function <lambda> at 0x7fa496287b30>
23293,2022-08-28 12:00:00,<function <lambda> at 0x7fa4962879f0>,<function <lambda> at 0x7fa496287a90>,<function <lambda> at 0x7fa496287b30>
23294,2022-08-28 13:00:00,<function <lambda> at 0x7fa4962879f0>,<function <lambda> at 0x7fa496287a90>,<function <lambda> at 0x7fa496287b30>
23295,2022-08-28 14:00:00,<function <lambda> at 0x7fa4962879f0>,<function <lambda> at 0x7fa496287a90>,<function <lambda> at 0x7fa496287b30>
23296,2022-08-28 15:00:00,<function <lambda> at 0x7fa4962879f0>,<function <lambda> at 0x7fa496287a90>,<function <lambda> at 0x7fa496287b30>
23297,2022-08-28 16:00:00,<function <lambda> at 0x7fa4962879f0>,<function <lambda> at 0x7fa496287a90>,<function <lambda> at 0x7fa496287b30>
23298,2022-08-28 17:00:00,<function <lambda> at 0x7fa4962879f0>,<function <lambda> at 0x7fa496287a90>,<function <lambda> at 0x7fa496287b30>
23299,2022-08-28 18:00:00,<function <lambda> at 0x7fa4962879f0>,<function <lambda> at 0x7fa496287a90>,<function <lambda> at 0x7fa496287b30>
23300,2022-08-28 19:00:00,<function <lambda> at 0x7fa4962879f0>,<function <lambda> at 0x7fa496287a90>,<function <lambda> at 0x7fa496287b30>
23301,2022-08-28 20:00:00,<function <lambda> at 0x7fa4962879f0>,<function <lambda> at 0x7fa496287a90>,<function <lambda> at 0x7fa496287b30>
23302,2022-08-28 21:00:00,<function <lambda> at 0x7fa4962879f0>,<function <lambda> at 0x7fa496287a90>,<function <lambda> at 0x7fa496287b30>
23303,2022-08-28 22:00:00,<function <lambda> at 0x7fa4962879f0>,<function <lambda> at 0x7fa496287a90>,<function <lambda> at 0x7fa496287b30>
23304,2022-08-28 23:00:00,<function <lambda> at 0x7fa4962879f0>,<function <lambda> at 0x7fa496287a90>,<function <lambda> at 0x7fa496287b30>
23305,2022-08-29 00:00:00,<function <lambda> at 0x7fa4962879f0>,<function <lambda> at 0x7fa496287a90>,<function <lambda> at 0x7fa496287b30>
23306,2022-08-29 01:00:00,<function <lambda> at 0x7fa4962879f0>,<function <lambda> at 0x7fa496287a90>,<function <lambda> at 0x7fa496287b30>
23307,2022-08-29 02:00:00,<function <lambda> at 0x7fa4962879f0>,<function <lambda> at 0x7fa496287a90>,<function <lambda> at 0x7fa496287b30>
23308,2022-08-29 03:00:00,<function <lambda> at 0x7fa4962879f0>,<function <lambda> at 0x7fa496287a90>,<function <lambda> at 0x7fa496287b30>
23309,2022-08-29 04:00:00,<function <lambda> at 0x7fa4962879f0>,<function <lambda> at 0x7fa496287a90>,<function <lambda> at 0x7fa496287b30>
23310,2022-08-29 05:00:00,<function <lambda> at 0x7fa4962879f0>,<function <lambda> at 0x7fa496287a90>,<function <lambda> at 0x7fa496287b30>
23311,2022-08-29 06:00:00,<function <lambda> at 0x7fa4962879f0>,<function <lambda> at 0x7fa496287a90>,<function <lambda> at 0x7fa496287b30>
23312,2022-08-29 07:00:00,<function <lambda> at 0x7fa4962879f0>,<function <lambda> at 0x7fa496287a90>,<function <lambda> at 0x7fa496287b30>
23313,2022-08-29 08:00:00,<function <lambda> at 0x7fa4962879f0>,<function <lambda> at 0x7fa496287a90>,<function <lambda> at 0x7fa496287b30>
23314,2022-08-29 09:00:00,<function <lambda> at 0x7fa4962879f0>,<function <lambda> at 0x7fa496287a90>,<function <lambda> at 0x7fa496287b30>
23315,2022-08-29 10:00:00,<function <lambda> at 0x7fa4962879f0>,<function <lambda> at 0x7fa496287a90>,<function <lambda> at 0x7fa496287b30>
23316,2022-08-29 11:00:00,<function <lambda> at 0x7fa4962879f0>,<function <lambda> at 0x7fa496287a90>,<function <lambda> at 0x7fa496287b30>
23317,2022-08-29 12:00:00,<function <lambda> at 0x7fa4962879f0>,<function <lambda> at 0x7fa496287a90>,<function <lambda> at 0x7fa496287b30>
23318,2022-08-29 13:00:00,<function <lambda> at 0x7fa4962879f0>,<function <lambda> at 0x7fa496287a90>,<function <lambda> at 0x7fa496287b30>
23319,2022-08-29 14:00:00,<function <lambda> at 0x7fa4962879f0>,<function <lambda> at 0x7fa496287a90>,<function <lambda> at 0x7fa496287b30>
23320,2022-08-29 15:00:00,<function <lambda> at 0x7fa4962879f0>,<function <lambda> at 0x7fa496287a90>,<function <lambda> at 0x7fa496287b30>
23321,2022-08-29 16:00:00,<function <lambda> at 0x7fa4962879f0>,<function <lambda> at 0x7fa496287a90>,<function <lambda> at 0x7fa496287b30>
23322,2022-08-29 17:00:00,<function <lambda> at 0x7fa4962879f0>,<function <lambda> at 0x7fa496287a90>,<function <lambda> at 0x7fa496287b30>
23323,2022-08-29 18:00:00,<function <lambda> at 0x7fa4962879f0>,<function <lambda> at 0x7fa496287a90>,<function <lambda> at 0x7fa496287b30>
23324,2022-08-29 19:00:00,<function <lambda> at 0x7fa4962879f0>,<function <lambda> at 0x7fa496287a90>,<function <lambda> at 0x7fa496287b30>
23325,2022-08-29 20:00:00,<function <lambda> at 0x7fa4962879f0>,<function <lambda> at 0x7fa496287a90>,<function <lambda> at 0x7fa496287b30>
23326,2022-08-29 21:00:00,<function <lambda> at 0x7fa4962879f0>,<function <lambda> at 0x7fa496287a90>,<function <lambda> at 0x7fa496287b30>
23327,2022-08-29 22:00:00,<function <lambda> at 0x7fa4962879f0>,<function <lambda> at 0x7fa496287a90>,<function <lambda> at 0x7fa496287b30>
23328,2022-08-29 23:00:00,<function <lambda> at 0x7fa4962879f0>,<function <lambda> at 0x7fa496287a90>,<function <lambda> at 0x7fa496287b30>
23329,2022-08-30 00:00:00,<function <lambda> at 0x7fa4962879f0>,<function <lambda> at 0x7fa496287a90>,<function <lambda> at 0x7fa496287b30>
23330,2022-08-30 01:00:00,<function <lambda> at 0x7fa4962879f0>,<function <lambda> at 0x7fa496287a90>,<function <lambda> at 0x7fa496287b30>
23331,2022-08-30 02:00:00,<function <lambda> at 0x7fa4962879f0>,<function <lambda> at 0x7fa496287a90>,<function <lambda> at 0x7fa496287b30>
23332,2022-08-30 03:00:00,<function <lambda> at 0x7fa4962879f0>,<function <lambda> at 0x7fa496287a90>,<function <lambda> at 0x7fa496287b30>
23333,2022-08-30 04:00:00,<function <lambda> at 0x7fa4962879f0>,<function <lambda> at 0x7fa496287a90>,<function <lambda> at 0x7fa496287b30>
23334,2022-08-30 05:00:00,<function <lambda> at 0x7fa4962879f0>,<function <lambda> at 0x7fa496287a90>,<function <lambda> at 0x7fa496287b30>
23335,2022-08-30 06:00:00,<function <lambda> at 0x7fa4962879f0>,<function <lambda> at 0x7fa496287a90>,<function <lambda> at 0x7fa496287b30>
23336,2022-08-30 07:00:00,<function <lambda> at 0x7fa4962879f0>,<function <lambda> at 0x7fa496287a90>,<function <lambda> at 0x7fa496287b30>
23337,2022-08-30 08:00:00,<function <lambda> at 0x7fa4962879f0>,<function <lambda> at 0x7fa496287a90>,<function <lambda> at 0x7fa496287b30>
23338,2022-08-30 09:00:00,<function <lambda> at 0x7fa4962879f0>,<function <lambda> at 0x7fa496287a90>,<function <lambda> at 0x7fa496287b30>
23339,2022-08-30 10:00:00,<function <lambda> at 0x7fa4962879f0>,<function <lambda> at 0x7fa496287a90>,<function <lambda> at 0x7fa496287b30>
23340,2022-08-30 11:00:00,<function <lambda> at 0x7fa4962879f0>,<function <lambda> at 0x7fa496287a90>,<function <lambda> at 0x7fa496287b30>
23341,2022-08-30 12:00:00,<function <lambda> at 0x7fa4962879f0>,<function <lambda> at 0x7fa496287a90>,<function <lambda> at 0x7fa496287b30>
23342,2022-08-30 13:00:00,<function <lambda> at 0x7fa4962879f0>,<function <lambda> at 0x7fa496287a90>,<function <lambda> at 0x7fa496287b30>
23343,2022-08-30 14:00:00,<function <lambda> at 0x7fa4962879f0>,<function <lambda> at 0x7fa496287a90>,<function <lambda> at 0x7fa496287b30>
23344,2022-08-30 15:00:00,<function <lambda> at 0x7fa4962879f0>,<function <lambda> at 0x7fa496287a90>,<function <lambda> at 0x7fa496287b30>
23345,2022-08-30 16:00:00,<function <lambda> at 0x7fa4962879f0>,<function <lambda> at 0x7fa496287a90>,<function <lambda> at 0x7fa496287b30>
23346,2022-08-30 17:00:00,<function <lambda> at 0x7fa4962879f0>,<function <lambda> at 0x7fa496287a90>,<function <lambda> at 0x7fa496287b30>
23347,2022-08-30 18:00:00,<function <lambda> at 0x7fa4962879f0>,<function <lambda> at 0x7fa496287a90>,<function <lambda> at 0x7fa496287b30>
23348,2022-08-30 19:00:00,<function <lambda> at 0x7fa4962879f0>,<function <lambda> at 0x7fa496287a90>,<function <lambda> at 0x7fa496287b30>
23349,2022-08-30 20:00:00,<function <lambda> at 0x7fa4962879f0>,<function <lambda> at 0x7fa496287a90>,<function <lambda> at 0x7fa496287b30>
23350,2022-08-30 21:00:00,<function <lambda> at 0x7fa4962879f0>,<function <lambda> at 0x7fa496287a90>,<function <lambda> at 0x7fa496287b30>
23351,2022-08-30 22:00:00,<function <lambda> at 0x7fa4962879f0>,<function <lambda> at 0x7fa496287a90>,<function <lambda> at 0x7fa496287b30>
23352,2022-08-30 23:00:00,<function <lambda> at 0x7fa4962879f0>,<function <lambda> at 0x7fa496287a90>,<function <lambda> at 0x7fa496287b30>
23353,2022-08-31 00:00:00,<function <lambda> at 0x7fa4962879f0>,<function <lambda> at 0x7fa496287a90>,<function <lambda> at 0x7fa496287b30>
23354,2022-08-31 01:00:00,<function <lambda> at 0x7fa4962879f0>,<function <lambda> at 0x7fa496287a90>,<function <lambda> at 0x7fa496287b30>
23355,2022-08-31 02:00:00,<function <lambda> at 0x7fa4962879f0>,<function <lambda> at 0x7fa496287a90>,<function <lambda> at 0x7fa496287b30>
23356,2022-08-31 03:00:00,<function <lambda> at 0x7fa4962879f0>,<function <lambda> at 0x7fa496287a90>,<function <lambda> at 0x7fa496287b30>
23357,2022-08-31 04:00:00,<function <lambda> at 0x7fa4962879f0>,<function <lambda> at 0x7fa496287a90>,<function <lambda> at 0x7fa496287b30>
23358,2022-08-31 05:00:00,<function <lambda> at 0x7fa4962879f0>,<function <lambda> at 0x7fa496287a90>,<function <lambda> at 0x7fa496287b30>
23359,2022-08-31 06:00:00,<function <lambda> at 0x7fa4962879f0>,<function <lambda> at 0x7fa496287a90>,<function <lambda> at 0x7fa496287b30>
23360,2022-08-31 07:00:00,<function <lambda> at 0x7fa4962879f0>,<function <lambda> at 0x7fa496287a90>,<function <lambda> at 0x7fa496287b30>
23361,2022-08-31 08:00:00,<function <lambda> at 0x7fa4962879f0>,<function <lambda> at 0x7fa496287a90>,<function <lambda> at 0x7fa496287b30>
23362,2022-08-31 09:00:00,<function <lambda> at 0x7fa4962879f0>,<function <lambda> at 0x7fa496287a90>,<function <lambda> at 0x7fa496287b30>
23363,2022-08-31 10:00:00,<function <lambda> at 0x7fa4962879f0>,<function <lambda> at 0x7fa496287a90>,<function <lambda> at 0x7fa496287b30>
23364,2022-08-31 11:00:00,<function <lambda> at 0x7fa4962879f0>,<function <lambda> at 0x7fa496287a90>,<function <lambda> at 0x7fa496287b30>
23365,2022-08-31 12:00:00,<function <lambda> at 0x7fa4962879f0>,<function <lambda> at 0x7fa496287a90>,<function <lambda> at 0x7fa496287b30>
23366,2022-08-31 13:00:00,<function <lambda> at 0x7fa4962879f0>,<function <lambda> at 0x7fa496287a90>,<function <lambda> at 0x7fa496287b30>
23367,2022-08-31 14:00:00,<function <lambda> at 0x7fa4962879f0>,<function <lambda> at 0x7fa496287a90>,<function <lambda> at 0x7fa496287b30>
23368,2022-08-31 15:00:00,<function <lambda> at 0x7fa4962879f0>,<function <lambda> at 0x7fa496287a90>,<function <lambda> at 0x7fa496287b30>
23369,2022-08-31 16:00:00,<function <lambda> at 0x7fa4962879f0>,<function <lambda> at 0x7fa496287a90>,<function <lambda> at 0x7fa496287b30>
23370,2022-08-31 17:00:00,<function <lambda> at 0x7fa4962879f0>,<function <lambda> at 0x7fa496287a90>,<function <lambda> at 0x7fa496287b30>
23371,2022-08-31 18:00:00,<function <lambda> at 0x7fa4962879f0>,<function <lambda> at 0x7fa496287a90>,<function <lambda> at 0x7fa496287b30>
23372,2022-08-31 19:00:00,<function <lambda> at 0x7fa4962879f0>,<function <lambda> at 0x7fa496287a90>,<function <lambda> at 0x7fa496287b30>
23373,2022-08-31 20:00:00,<function <lambda> at 0x7fa4962879f0>,<function <lambda> at 0x7fa496287a90>,<function <lambda> at 0x7fa496287b30>
23374,2022-08-31 21:00:00,<function <lambda> at 0x7fa4962879f0>,<function <lambda> at 0x7fa496287a90>,<function <lambda> at 0x7fa496287b30>
23375,2022-08-31 22:00:00,<function <lambda> at 0x7fa4962879f0>,<function <lambda> at 0x7fa496287a90>,<function <lambda> at 0x7fa496287b30>
23376,2022-08-31 23:00:00,<function <lambda> at 0x7fa4962879f0>,<function <lambda> at 0x7fa496287a90>,<function <lambda> at 0x7fa496287b30>
23377,2022-09-01 00:00:00,<function <lambda> at 0x7fa4962879f0>,<function <lambda> at 0x7fa496287a90>,<function <lambda> at 0x7fa496287b30>
23378,2022-09-01 01:00:00,<function <lambda> at 0x7fa4962879f0>,<function <lambda> at 0x7fa496287a90>,<function <lambda> at 0x7fa496287b30>
23379,2022-09-01 02:00:00,<function <lambda> at 0x7fa4962879f0>,<function <lambda> at 0x7fa496287a90>,<function <lambda> at 0x7fa496287b30>
23380,2022-09-01 03:00:00,<function <lambda> at 0x7fa4962879f0>,<function <lambda> at 0x7fa496287a90>,<function <lambda> at 0x7fa496287b30>
23381,2022-09-01 04:00:00,<function <lambda> at 0x7fa4962879f0>,<function <lambda> at 0x7fa496287a90>,<function <lambda> at 0x7fa496287b30>
23382,2022-09-01 05:00:00,<function <lambda> at 0x7fa4962879f0>,<function <lambda> at 0x7fa496287a90>,<function <lambda> at 0x7fa496287b30>
23383,2022-09-01 06:00:00,<function <lambda> at 0x7fa4962879f0>,<function <lambda> at 0x7fa496287a90>,<function <lambda> at 0x7fa496287b30>
23384,2022-09-01 07:00:00,<function <lambda> at 0x7fa4962879f0>,<function <lambda> at 0x7fa496287a90>,<function <lambda> at 0x7fa496287b30>
23385,2022-09-01 08:00:00,<function <lambda> at 0x7fa4962879f0>,<function <lambda> at 0x7fa496287a90>,<function <lambda> at 0x7fa496287b30>
23386,2022-09-01 09:00:00,<function <lambda> at 0x7fa4962879f0>,<function <lambda> at 0x7fa496287a90>,<function <lambda> at 0x7fa496287b30>
23387,2022-09-01 10:00:00,<function <lambda> at 0x7fa4962879f0>,<function <lambda> at 0x7fa496287a90>,<function <lambda> at 0x7fa496287b30>
23388,2022-09-01 11:00:00,<function <lambda> at 0x7fa4962879f0>,<function <lambda> at 0x7fa496287a90>,<function <lambda> at 0x7fa496287b30>
23389,2022-09-01 12:00:00,<function <lambda> at 0x7fa4962879f0>,<function <lambda> at 0x7fa496287a90>,<function <lambda> at 0x7fa496287b30>
23390,2022-09-01 13:00:00,<function <lambda> at 0x7fa4962879f0>,<function <lambda> at 0x7fa496287a90>,<function <lambda> at 0x7fa496287b30>
23391,2022-09-01 14:00:00,<function <lambda> at 0x7fa4962879f0>,<function <lambda> at 0x7fa496287a90>,<function <lambda> at 0x7fa496287b30>
23392,2022-09-01 15:00:00,<function <lambda> at 0x7fa4962879f0>,<function <lambda> at 0x7fa496287a90>,<function <lambda> at 0x7fa496287b30>
23393,2022-09-01 16:00:00,<function <lambda> at 0x7fa4962879f0>,<function <lambda> at 0x7fa496287a90>,<function <lambda> at 0x7fa496287b30>
23394,2022-09-01 17:00:00,<function <lambda> at 0x7fa4962879f0>,<function <lambda> at 0x7fa496287a90>,<function <lambda> at 0x7fa496287b30>
23395,2022-09-01 18:00:00,<function <lambda> at 0x7fa4962879f0>,<function <lambda> at 0x7fa496287a90>,<function <lambda> at 0x7fa496287b30>
23396,2022-09-01 19:00:00,<function <lambda> at 0x7fa4962879f0>,<function <lambda> at 0x7fa496287a90>,<function <lambda> at 0x7fa496287b30>
23397,2022-09-01 20:00:00,<function <lambda> at 0x7fa4962879f0>,<function <lambda> at 0x7fa496287a90>,<function <lambda> at 0x7fa496287b30>
23398,2022-09-01 21:00:00,<function <lambda> at 0x7fa4962879f0>,<function <lambda> at 0x7fa496287a90>,<function <lambda> at 0x7fa496287b30>
23399,2022-09-01 22:00:00,<function <lambda> at 0x7fa4962879f0>,<function <lambda> at 0x7fa496287a90>,<function <lambda> at 0x7fa496287b30>
23400,2022-09-01 23:00:00,<function <lambda> at 0x7fa4962879f0>,<function <lambda> at 0x7fa496287a90>,<function <lambda> at 0x7fa496287b30>
23401,2022-09-02 00:00:00,<function <lambda> at 0x7fa4962879f0>,<function <lambda> at 0x7fa496287a90>,<function <lambda> at 0x7fa496287b30>
23402,2022-09-02 01:00:00,<function <lambda> at 0x7fa4962879f0>,<function <lambda> at 0x7fa496287a90>,<function <lambda> at 0x7fa496287b30>
23403,2022-09-02 02:00:00,<function <lambda> at 0x7fa4962879f0>,<function <lambda> at 0x7fa496287a90>,<function <lambda> at 0x7fa496287b30>
23404,2022-09-02 03:00:00,<function <lambda> at 0x7fa4962879f0>,<function <lambda> at 0x7fa496287a90>,<function <lambda> at 0x7fa496287b30>
23405,2022-09-02 04:00:00,<function <lambda> at 0x7fa4962879f0>,<function <lambda> at 0x7fa496287a90>,<function <lambda> at 0x7fa496287b30>
23406,2022-09-02 05:00:00,<function <lambda> at 0x7fa4962879f0>,<function <lambda> at 0x7fa496287a90>,<function <lambda> at 0x7fa496287b30>
23407,2022-09-02 06:00:00,<function <lambda> at 0x7fa4962879f0>,<function <lambda> at 0x7fa496287a90>,<function <lambda> at 0x7fa496287b30>
23408,2022-09-02 07:00:00,<function <lambda> at 0x7fa4962879f0>,<function <lambda> at 0x7fa496287a90>,<function <lambda> at 0x7fa496287b30>
23409,2022-09-02 08:00:00,<function <lambda> at 0x7fa4962879f0>,<function <lambda> at 0x7fa496287a90>,<function <lambda> at 0x7fa496287b30>
23410,2022-09-02 09:00:00,<function <lambda> at 0x7fa4962879f0>,<function <lambda> at 0x7fa496287a90>,<function <lambda> at 0x7fa496287b30>
23411,2022-09-02 10:00:00,<function <lambda> at 0x7fa4962879f0>,<function <lambda> at 0x7fa496287a90>,<function <lambda> at 0x7fa496287b30>
23412,2022-09-02 11:00:00,<function <lambda> at 0x7fa4962879f0>,<function <lambda> at 0x7fa496287a90>,<function <lambda> at 0x7fa496287b30>
23413,2022-09-02 12:00:00,<function <lambda> at 0x7fa4962879f0>,<function <lambda> at 0x7fa496287a90>,<function <lambda> at 0x7fa496287b30>
23414,2022-09-02 13:00:00,<function <lambda> at 0x7fa4962879f0>,<function <lambda> at 0x7fa496287a90>,<function <lambda> at 0x7fa496287b30>
23415,2022-09-02 14:00:00,<function <lambda> at 0x7fa4962879f0>,<function <lambda> at 0x7fa496287a90>,<function <lambda> at 0x7fa496287b30>
23416,2022-09-02 15:00:00,<function <lambda> at 0x7fa4962879f0>,<function <lambda> at 0x7fa496287a90>,<function <lambda> at 0x7fa496287b30>
23417,2022-09-02 16:00:00,<function <lambda> at 0x7fa4962879f0>,<function <lambda> at 0x7fa496287a90>,<function <lambda> at 0x7fa496287b30>
23418,2022-09-02 17:00:00,<function <lambda> at 0x7fa4962879f0>,<function <lambda> at 0x7fa496287a90>,<function <lambda> at 0x7fa496287b30>
23419,2022-09-02 18:00:00,<function <lambda> at 0x7fa4962879f0>,<function <lambda> at 0x7fa496287a90>,<function <lambda> at 0x7fa496287b30>
23420,2022-09-02 19:00:00,<function <lambda> at 0x7fa4962879f0>,<function <lambda> at 0x7fa496287a90>,<function <lambda> at 0x7fa496287b30>
23421,2022-09-02 20:00:00,<function <lambda> at 0x7fa4962879f0>,<function <lambda> at 0x7fa496287a90>,<function <lambda> at 0x7fa496287b30>
23422,2022-09-02 21:00:00,<function <lambda> at 0x7fa4962879f0>,<function <lambda> at 0x7fa496287a90>,<function <lambda> at 0x7fa496287b30>
23423,2022-09-02 22:00:00,<function <lambda> at 0x7fa4962879f0>,<function <lambda> at 0x7fa496287a90>,<function <lambda> at 0x7fa496287b30>
23424,2022-09-02 23:00:00,<function <lambda> at 0x7fa4962879f0>,<function <lambda> at 0x7fa496287a90>,<function <lambda> at 0x7fa496287b30>
23425,2022-09-03 00:00:00,<function <lambda> at 0x7fa4962879f0>,<function <lambda> at 0x7fa496287a90>,<function <lambda> at 0x7fa496287b30>
23426,2022-09-03 01:00:00,<function <lambda> at 0x7fa4962879f0>,<function <lambda> at 0x7fa496287a90>,<function <lambda> at 0x7fa496287b30>
23427,2022-09-03 02:00:00,<function <lambda> at 0x7fa4962879f0>,<function <lambda> at 0x7fa496287a90>,<function <lambda> at 0x7fa496287b30>
23428,2022-09-03 03:00:00,<function <lambda> at 0x7fa4962879f0>,<function <lambda> at 0x7fa496287a90>,<function <lambda> at 0x7fa496287b30>
23429,2022-09-03 04:00:00,<function <lambda> at 0x7fa4962879f0>,<function <lambda> at 0x7fa496287a90>,<function <lambda> at 0x7fa496287b30>
23430,2022-09-03 05:00:00,<function <lambda> at 0x7fa4962879f0>,<function <lambda> at 0x7fa496287a90>,<function <lambda> at 0x7fa496287b30>
23431,2022-09-03 06:00:00,<function <lambda> at 0x7fa4962879f0>,<function <lambda> at 0x7fa496287a90>,<function <lambda> at 0x7fa496287b30>
23432,2022-09-03 07:00:00,<function <lambda> at 0x7fa4962879f0>,<function <lambda> at 0x7fa496287a90>,<function <lambda> at 0x7fa496287b30>
23433,2022-09-03 08:00:00,<function <lambda> at 0x7fa4962879f0>,<function <lambda> at 0x7fa496287a90>,<function <lambda> at 0x7fa496287b30>
23434,2022-09-03 09:00:00,<function <lambda> at 0x7fa4962879f0>,<function <lambda> at 0x7fa496287a90>,<function <lambda> at 0x7fa496287b30>
23435,2022-09-03 10:00:00,<function <lambda> at 0x7fa4962879f0>,<function <lambda> at 0x7fa496287a90>,<function <lambda> at 0x7fa496287b30>
23436,2022-09-03 11:00:00,<function <lambda> at 0x7fa4962879f0>,<function <lambda> at 0x7fa496287a90>,<function <lambda> at 0x7fa496287b30>
23437,2022-09-03 12:00:00,<function <lambda> at 0x7fa4962879f0>,<function <lambda> at 0x7fa496287a90>,<function <lambda> at 0x7fa496287b30>
23438,2022-09-03 13:00:00,<function <lambda> at 0x7fa4962879f0>,<function <lambda> at 0x7fa496287a90>,<function <lambda> at 0x7fa496287b30>
23439,2022-09-03 14:00:00,<function <lambda> at 0x7fa4962879f0>,<function <lambda> at 0x7fa496287a90>,<function <lambda> at 0x7fa496287b30>
23440,2022-09-03 15:00:00,<function <lambda> at 0x7fa4962879f0>,<function <lambda> at 0x7fa496287a90>,<function <lambda> at 0x7fa496287b30>
23441,2022-09-03 16:00:00,<function <lambda> at 0x7fa4962879f0>,<function <lambda> at 0x7fa496287a90>,<function <lambda> at 0x7fa496287b30>
23442,2022-09-03 17:00:00,<function <lambda> at 0x7fa4962879f0>,<function <lambda> at 0x7fa496287a90>,<function <lambda> at 0x7fa496287b30>
23443,2022-09-03 18:00:00,<function <lambda> at 0x7fa4962879f0>,<function <lambda> at 0x7fa496287a90>,<function <lambda> at 0x7fa496287b30>
23444,2022-09-03 19:00:00,<function <lambda> at 0x7fa4962879f0>,<function <lambda> at 0x7fa496287a90>,<function <lambda> at 0x7fa496287b30>
23445,2022-09-03 20:00:00,<function <lambda> at 0x7fa4962879f0>,<function <lambda> at 0x7fa496287a90>,<function <lambda> at 0x7fa496287b30>
23446,2022-09-03 21:00:00,<function <lambda> at 0x7fa4962879f0>,<function <lambda> at 0x7fa496287a90>,<function <lambda> at 0x7fa496287b30>
23447,2022-09-03 22:00:00,<function <lambda> at 0x7fa4962879f0>,<function <lambda> at 0x7fa496287a90>,<function <lambda> at 0x7fa496287b30>
23448,2022-09-03 23:00:00,<function <lambda> at 0x7fa4962879f0>,<function <lambda> at 0x7fa496287a90>,<function <lambda> at 0x7fa496287b30>
23449,2022-09-04 00:00:00,<function <lambda> at 0x7fa4962879f0>,<function <lambda> at 0x7fa496287a90>,<function <lambda> at 0x7fa496287b30>
23450,2022-09-04 01:00:00,<function <lambda> at 0x7fa4962879f0>,<function <lambda> at 0x7fa496287a90>,<function <lambda> at 0x7fa496287b30>
23451,2022-09-04 02:00:00,<function <lambda> at 0x7fa4962879f0>,<function <lambda> at 0x7fa496287a90>,<function <lambda> at 0x7fa496287b30>
23452,2022-09-04 03:00:00,<function <lambda> at 0x7fa4962879f0>,<function <lambda> at 0x7fa496287a90>,<function <lambda> at 0x7fa496287b30>
23453,2022-09-04 04:00:00,<function <lambda> at 0x7fa4962879f0>,<function <lambda> at 0x7fa496287a90>,<function <lambda> at 0x7fa496287b30>
23454,2022-09-04 05:00:00,<function <lambda> at 0x7fa4962879f0>,<function <lambda> at 0x7fa496287a90>,<function <lambda> at 0x7fa496287b30>
23455,2022-09-04 06:00:00,<function <lambda> at 0x7fa4962879f0>,<function <lambda> at 0x7fa496287a90>,<function <lambda> at 0x7fa496287b30>
23456,2022-09-04 07:00:00,<function <lambda> at 0x7fa4962879f0>,<function <lambda> at 0x7fa496287a90>,<function <lambda> at 0x7fa496287b30>
23457,2022-09-04 08:00:00,<function <lambda> at 0x7fa4962879f0>,<function <lambda> at 0x7fa496287a90>,<function <lambda> at 0x7fa496287b30>
23458,2022-09-04 09:00:00,<function <lambda> at 0x7fa4962879f0>,<function <lambda> at 0x7fa496287a90>,<function <lambda> at 0x7fa496287b30>
23459,2022-09-04 10:00:00,<function <lambda> at 0x7fa4962879f0>,<function <lambda> at 0x7fa496287a90>,<function <lambda> at 0x7fa496287b30>
23460,2022-09-04 11:00:00,<function <lambda> at 0x7fa4962879f0>,<function <lambda> at 0x7fa496287a90>,<function <lambda> at 0x7fa496287b30>
23461,2022-09-04 12:00:00,<function <lambda> at 0x7fa4962879f0>,<function <lambda> at 0x7fa496287a90>,<function <lambda> at 0x7fa496287b30>
23462,2022-09-04 13:00:00,<function <lambda> at 0x7fa4962879f0>,<function <lambda> at 0x7fa496287a90>,<function <lambda> at 0x7fa496287b30>
23463,2022-09-04 14:00:00,<function <lambda> at 0x7fa4962879f0>,<function <lambda> at 0x7fa496287a90>,<function <lambda> at 0x7fa496287b30>
23464,2022-09-04 15:00:00,<function <lambda> at 0x7fa4962879f0>,<function <lambda> at 0x7fa496287a90>,<function <lambda> at 0x7fa496287b30>
23465,2022-09-04 16:00:00,<function <lambda> at 0x7fa4962879f0>,<function <lambda> at 0x7fa496287a90>,<function <lambda> at 0x7fa496287b30>
23466,2022-09-04 17:00:00,<function <lambda> at 0x7fa4962879f0>,<function <lambda> at 0x7fa496287a90>,<function <lambda> at 0x7fa496287b30>
23467,2022-09-04 18:00:00,<function <lambda> at 0x7fa4962879f0>,<function <lambda> at 0x7fa496287a90>,<function <lambda> at 0x7fa496287b30>
23468,2022-09-04 19:00:00,<function <lambda> at 0x7fa4962879f0>,<function <lambda> at 0x7fa496287a90>,<function <lambda> at 0x7fa496287b30>
23469,2022-09-04 20:00:00,<function <lambda> at 0x7fa4962879f0>,<function <lambda> at 0x7fa496287a90>,<function <lambda> at 0x7fa496287b30>
23470,2022-09-04 21:00:00,<function <lambda> at 0x7fa4962879f0>,<function <lambda> at 0x7fa496287a90>,<function <lambda> at 0x7fa496287b30>
23471,2022-09-04 22:00:00,<function <lambda> at 0x7fa4962879f0>,<function <lambda> at 0x7fa496287a90>,<function <lambda> at 0x7fa496287b30>
23472,2022-09-04 23:00:00,<function <lambda> at 0x7fa4962879f0>,<function <lambda> at 0x7fa496287a90>,<function <lambda> at 0x7fa496287b30>
23473,2022-09-05 00:00:00,<function <lambda> at 0x7fa4962879f0>,<function <lambda> at 0x7fa496287a90>,<function <lambda> at 0x7fa496287b30>
23474,2022-09-05 01:00:00,<function <lambda> at 0x7fa4962879f0>,<function <lambda> at 0x7fa496287a90>,<function <lambda> at 0x7fa496287b30>
23475,2022-09-05 02:00:00,<function <lambda> at 0x7fa4962879f0>,<function <lambda> at 0x7fa496287a90>,<function <lambda> at 0x7fa496287b30>
23476,2022-09-05 03:00:00,<function <lambda> at 0x7fa4962879f0>,<function <lambda> at 0x7fa496287a90>,<function <lambda> at 0x7fa496287b30>
23477,2022-09-05 04:00:00,<function <lambda> at 0x7fa4962879f0>,<function <lambda> at 0x7fa496287a90>,<function <lambda> at 0x7fa496287b30>
23478,2022-09-05 05:00:00,<function <lambda> at 0x7fa4962879f0>,<function <lambda> at 0x7fa496287a90>,<function <lambda> at 0x7fa496287b30>
23479,2022-09-05 06:00:00,<function <lambda> at 0x7fa4962879f0>,<function <lambda> at 0x7fa496287a90>,<function <lambda> at 0x7fa496287b30>
23480,2022-09-05 07:00:00,<function <lambda> at 0x7fa4962879f0>,<function <lambda> at 0x7fa496287a90>,<function <lambda> at 0x7fa496287b30>
23481,2022-09-05 08:00:00,<function <lambda> at 0x7fa4962879f0>,<function <lambda> at 0x7fa496287a90>,<function <lambda> at 0x7fa496287b30>
23482,2022-09-05 09:00:00,<function <lambda> at 0x7fa4962879f0>,<function <lambda> at 0x7fa496287a90>,<function <lambda> at 0x7fa496287b30>
23483,2022-09-05 10:00:00,<function <lambda> at 0x7fa4962879f0>,<function <lambda> at 0x7fa496287a90>,<function <lambda> at 0x7fa496287b30>
23484,2022-09-05 11:00:00,<function <lambda> at 0x7fa4962879f0>,<function <lambda> at 0x7fa496287a90>,<function <lambda> at 0x7fa496287b30>
23485,2022-09-05 12:00:00,<function <lambda> at 0x7fa4962879f0>,<function <lambda> at 0x7fa496287a90>,<function <lambda> at 0x7fa496287b30>
23486,2022-09-05 13:00:00,<function <lambda> at 0x7fa4962879f0>,<function <lambda> at 0x7fa496287a90>,<function <lambda> at 0x7fa496287b30>
23487,2022-09-05 14:00:00,<function <lambda> at 0x7fa4962879f0>,<function <lambda> at 0x7fa496287a90>,<function <lambda> at 0x7fa496287b30>
23488,2022-09-05 15:00:00,<function <lambda> at 0x7fa4962879f0>,<function <lambda> at 0x7fa496287a90>,<function <lambda> at 0x7fa496287b30>
23489,2022-09-05 16:00:00,<function <lambda> at 0x7fa4962879f0>,<function <lambda> at 0x7fa496287a90>,<function <lambda> at 0x7fa496287b30>
23490,2022-09-05 17:00:00,<function <lambda> at 0x7fa4962879f0>,<function <lambda> at 0x7fa496287a90>,<function <lambda> at 0x7fa496287b30>
23491,2022-09-05 18:00:00,<function <lambda> at 0x7fa4962879f0>,<function <lambda> at 0x7fa496287a90>,<function <lambda> at 0x7fa496287b30>
23492,2022-09-05 19:00:00,<function <lambda> at 0x7fa4962879f0>,<function <lambda> at 0x7fa496287a90>,<function <lambda> at 0x7fa496287b30>
23493,2022-09-05 20:00:00,<function <lambda> at 0x7fa4962879f0>,<function <lambda> at 0x7fa496287a90>,<function <lambda> at 0x7fa496287b30>
23494,2022-09-05 21:00:00,<function <lambda> at 0x7fa4962879f0>,<function <lambda> at 0x7fa496287a90>,<function <lambda> at 0x7fa496287b30>
23495,2022-09-05 22:00:00,<function <lambda> at 0x7fa4962879f0>,<function <lambda> at 0x7fa496287a90>,<function <lambda> at 0x7fa496287b30>
23496,2022-09-05 23:00:00,<function <lambda> at 0x7fa4962879f0>,<function <lambda> at 0x7fa496287a90>,<function <lambda> at 0x7fa496287b30>
23497,2022-09-06 00:00:00,<function <lambda> at 0x7fa4962879f0>,<function <lambda> at 0x7fa496287a90>,<function <lambda> at 0x7fa496287b30>
23498,2022-09-06 01:00:00,<function <lambda> at 0x7fa4962879f0>,<function <lambda> at 0x7fa496287a90>,<function <lambda> at 0x7fa496287b30>
23499,2022-09-06 02:00:00,<function <lambda> at 0x7fa4962879f0>,<function <lambda> at 0x7fa496287a90>,<function <lambda> at 0x7fa496287b30>
23500,2022-09-06 03:00:00,<function <lambda> at 0x7fa4962879f0>,<function <lambda> at 0x7fa496287a90>,<function <lambda> at 0x7fa496287b30>
23501,2022-09-06 04:00:00,<function <lambda> at 0x7fa4962879f0>,<function <lambda> at 0x7fa496287a90>,<function <lambda> at 0x7fa496287b30>
23502,2022-09-06 05:00:00,<function <lambda> at 0x7fa4962879f0>,<function <lambda> at 0x7fa496287a90>,<function <lambda> at 0x7fa496287b30>
23503,2022-09-06 06:00:00,<function <lambda> at 0x7fa4962879f0>,<function <lambda> at 0x7fa496287a90>,<function <lambda> at 0x7fa496287b30>
23504,2022-09-06 07:00:00,<function <lambda> at 0x7fa4962879f0>,<function <lambda> at 0x7fa496287a90>,<function <lambda> at 0x7fa496287b30>
23505,2022-09-06 08:00:00,<function <lambda> at 0x7fa4962879f0>,<function <lambda> at 0x7fa496287a90>,<function <lambda> at 0x7fa496287b30>
23506,2022-09-06 09:00:00,<function <lambda> at 0x7fa4962879f0>,<function <lambda> at 0x7fa496287a90>,<function <lambda> at 0x7fa496287b30>
23507,2022-09-06 10:00:00,<function <lambda> at 0x7fa4962879f0>,<function <lambda> at 0x7fa496287a90>,<function <lambda> at 0x7fa496287b30>
23508,2022-09-06 11:00:00,<function <lambda> at 0x7fa4962879f0>,<function <lambda> at 0x7fa496287a90>,<function <lambda> at 0x7fa496287b30>
23509,2022-09-06 12:00:00,<function <lambda> at 0x7fa4962879f0>,<function <lambda> at 0x7fa496287a90>,<function <lambda> at 0x7fa496287b30>
23510,2022-09-06 13:00:00,<function <lambda> at 0x7fa4962879f0>,<function <lambda> at 0x7fa496287a90>,<function <lambda> at 0x7fa496287b30>
23511,2022-09-06 14:00:00,<function <lambda> at 0x7fa4962879f0>,<function <lambda> at 0x7fa496287a90>,<function <lambda> at 0x7fa496287b30>
23512,2022-09-06 15:00:00,<function <lambda> at 0x7fa4962879f0>,<function <lambda> at 0x7fa496287a90>,<function <lambda> at 0x7fa496287b30>
23513,2022-09-06 16:00:00,<function <lambda> at 0x7fa4962879f0>,<function <lambda> at 0x7fa496287a90>,<function <lambda> at 0x7fa496287b30>
23514,2022-09-06 17:00:00,<function <lambda> at 0x7fa4962879f0>,<function <lambda> at 0x7fa496287a90>,<function <lambda> at 0x7fa496287b30>
23515,2022-09-06 18:00:00,<function <lambda> at 0x7fa4962879f0>,<function <lambda> at 0x7fa496287a90>,<function <lambda> at 0x7fa496287b30>
23516,2022-09-06 19:00:00,<function <lambda> at 0x7fa4962879f0>,<function <lambda> at 0x7fa496287a90>,<function <lambda> at 0x7fa496287b30>
23517,2022-09-06 20:00:00,<function <lambda> at 0x7fa4962879f0>,<function <lambda> at 0x7fa496287a90>,<function <lambda> at 0x7fa496287b30>
23518,2022-09-06 21:00:00,<function <lambda> at 0x7fa4962879f0>,<function <lambda> at 0x7fa496287a90>,<function <lambda> at 0x7fa496287b30>
23519,2022-09-06 22:00:00,<function <lambda> at 0x7fa4962879f0>,<function <lambda> at 0x7fa496287a90>,<function <lambda> at 0x7fa496287b30>
23520,2022-09-06 23:00:00,<function <lambda> at 0x7fa4962879f0>,<function <lambda> at 0x7fa496287a90>,<function <lambda> at 0x7fa496287b30>
23521,2022-09-07 00:00:00,<function <lambda> at 0x7fa4962879f0>,<function <lambda> at 0x7fa496287a90>,<function <lambda> at 0x7fa496287b30>
23522,2022-09-07 01:00:00,<function <lambda> at 0x7fa4962879f0>,<function <lambda> at 0x7fa496287a90>,<function <lambda> at 0x7fa496287b30>
23523,2022-09-07 02:00:00,<function <lambda> at 0x7fa4962879f0>,<function <lambda> at 0x7fa496287a90>,<function <lambda> at 0x7fa496287b30>
23524,2022-09-07 03:00:00,<function <lambda> at 0x7fa4962879f0>,<function <lambda> at 0x7fa496287a90>,<function <lambda> at 0x7fa496287b30>
23525,2022-09-07 04:00:00,<function <lambda> at 0x7fa4962879f0>,<function <lambda> at 0x7fa496287a90>,<function <lambda> at 0x7fa496287b30>
23526,2022-09-07 05:00:00,<function <lambda> at 0x7fa4962879f0>,<function <lambda> at 0x7fa496287a90>,<function <lambda> at 0x7fa496287b30>
23527,2022-09-07 06:00:00,<function <lambda> at 0x7fa4962879f0>,<function <lambda> at 0x7fa496287a90>,<function <lambda> at 0x7fa496287b30>
23528,2022-09-07 07:00:00,<function <lambda> at 0x7fa4962879f0>,<function <lambda> at 0x7fa496287a90>,<function <lambda> at 0x7fa496287b30>
23529,2022-09-07 08:00:00,<function <lambda> at 0x7fa4962879f0>,<function <lambda> at 0x7fa496287a90>,<function <lambda> at 0x7fa496287b30>
23530,2022-09-07 09:00:00,<function <lambda> at 0x7fa4962879f0>,<function <lambda> at 0x7fa496287a90>,<function <lambda> at 0x7fa496287b30>
23531,2022-09-07 10:00:00,<function <lambda> at 0x7fa4962879f0>,<function <lambda> at 0x7fa496287a90>,<function <lambda> at 0x7fa496287b30>
23532,2022-09-07 11:00:00,<function <lambda> at 0x7fa4962879f0>,<function <lambda> at 0x7fa496287a90>,<function <lambda> at 0x7fa496287b30>
23533,2022-09-07 12:00:00,<function <lambda> at 0x7fa4962879f0>,<function <lambda> at 0x7fa496287a90>,<function <lambda> at 0x7fa496287b30>
23534,2022-09-07 13:00:00,<function <lambda> at 0x7fa4962879f0>,<function <lambda> at 0x7fa496287a90>,<function <lambda> at 0x7fa496287b30>
23535,2022-09-07 14:00:00,<function <lambda> at 0x7fa4962879f0>,<function <lambda> at 0x7fa496287a90>,<function <lambda> at 0x7fa496287b30>
23536,2022-09-07 15:00:00,<function <lambda> at 0x7fa4962879f0>,<function <lambda> at 0x7fa496287a90>,<function <lambda> at 0x7fa496287b30>
23537,2022-09-07 16:00:00,<function <lambda> at 0x7fa4962879f0>,<function <lambda> at 0x7fa496287a90>,<function <lambda> at 0x7fa496287b30>
23538,2022-09-07 17:00:00,<function <lambda> at 0x7fa4962879f0>,<function <lambda> at 0x7fa496287a90>,<function <lambda> at 0x7fa496287b30>
23539,2022-09-07 18:00:00,<function <lambda> at 0x7fa4962879f0>,<function <lambda> at 0x7fa496287a90>,<function <lambda> at 0x7fa496287b30>
23540,2022-09-07 19:00:00,<function <lambda> at 0x7fa4962879f0>,<function <lambda> at 0x7fa496287a90>,<function <lambda> at 0x7fa496287b30>
23541,2022-09-07 20:00:00,<function <lambda> at 0x7fa4962879f0>,<function <lambda> at 0x7fa496287a90>,<function <lambda> at 0x7fa496287b30>
23542,2022-09-07 21:00:00,<function <lambda> at 0x7fa4962879f0>,<function <lambda> at 0x7fa496287a90>,<function <lambda> at 0x7fa496287b30>
23543,2022-09-07 22:00:00,<function <lambda> at 0x7fa4962879f0>,<function <lambda> at 0x7fa496287a90>,<function <lambda> at 0x7fa496287b30>
23544,2022-09-07 23:00:00,<function <lambda> at 0x7fa4962879f0>,<function <lambda> at 0x7fa496287a90>,<function <lambda> at 0x7fa496287b30>
23545,2022-09-08 00:00:00,<function <lambda> at 0x7fa4962879f0>,<function <lambda> at 0x7fa496287a90>,<function <lambda> at 0x7fa496287b30>
23546,2022-09-08 01:00:00,<function <lambda> at 0x7fa4962879f0>,<function <lambda> at 0x7fa496287a90>,<function <lambda> at 0x7fa496287b30>
23547,2022-09-08 02:00:00,<function <lambda> at 0x7fa4962879f0>,<function <lambda> at 0x7fa496287a90>,<function <lambda> at 0x7fa496287b30>
23548,2022-09-08 03:00:00,<function <lambda> at 0x7fa4962879f0>,<function <lambda> at 0x7fa496287a90>,<function <lambda> at 0x7fa496287b30>
23549,2022-09-08 04:00:00,<function <lambda> at 0x7fa4962879f0>,<function <lambda> at 0x7fa496287a90>,<function <lambda> at 0x7fa496287b30>
23550,2022-09-08 05:00:00,<function <lambda> at 0x7fa4962879f0>,<function <lambda> at 0x7fa496287a90>,<function <lambda> at 0x7fa496287b30>
23551,2022-09-08 06:00:00,<function <lambda> at 0x7fa4962879f0>,<function <lambda> at 0x7fa496287a90>,<function <lambda> at 0x7fa496287b30>
23552,2022-09-08 07:00:00,<function <lambda> at 0x7fa4962879f0>,<function <lambda> at 0x7fa496287a90>,<function <lambda> at 0x7fa496287b30>
23553,2022-09-08 08:00:00,<function <lambda> at 0x7fa4962879f0>,<function <lambda> at 0x7fa496287a90>,<function <lambda> at 0x7fa496287b30>
23554,2022-09-08 09:00:00,<function <lambda> at 0x7fa4962879f0>,<function <lambda> at 0x7fa496287a90>,<function <lambda> at 0x7fa496287b30>
23555,2022-09-08 10:00:00,<function <lambda> at 0x7fa4962879f0>,<function <lambda> at 0x7fa496287a90>,<function <lambda> at 0x7fa496287b30>
23556,2022-09-08 11:00:00,<function <lambda> at 0x7fa4962879f0>,<function <lambda> at 0x7fa496287a90>,<function <lambda> at 0x7fa496287b30>
23557,2022-09-08 12:00:00,<function <lambda> at 0x7fa4962879f0>,<function <lambda> at 0x7fa496287a90>,<function <lambda> at 0x7fa496287b30>
23558,2022-09-08 13:00:00,<function <lambda> at 0x7fa4962879f0>,<function <lambda> at 0x7fa496287a90>,<function <lambda> at 0x7fa496287b30>
23559,2022-09-08 14:00:00,<function <lambda> at 0x7fa4962879f0>,<function <lambda> at 0x7fa496287a90>,<function <lambda> at 0x7fa496287b30>
23560,2022-09-08 15:00:00,<function <lambda> at 0x7fa4962879f0>,<function <lambda> at 0x7fa496287a90>,<function <lambda> at 0x7fa496287b30>
23561,2022-09-08 16:00:00,<function <lambda> at 0x7fa4962879f0>,<function <lambda> at 0x7fa496287a90>,<function <lambda> at 0x7fa496287b30>
23562,2022-09-08 17:00:00,<function <lambda> at 0x7fa4962879f0>,<function <lambda> at 0x7fa496287a90>,<function <lambda> at 0x7fa496287b30>
23563,2022-09-08 18:00:00,<function <lambda> at 0x7fa4962879f0>,<function <lambda> at 0x7fa496287a90>,<function <lambda> at 0x7fa496287b30>
23564,2022-09-08 19:00:00,<function <lambda> at 0x7fa4962879f0>,<function <lambda> at 0x7fa496287a90>,<function <lambda> at 0x7fa496287b30>
23565,2022-09-08 20:00:00,<function <lambda> at 0x7fa4962879f0>,<function <lambda> at 0x7fa496287a90>,<function <lambda> at 0x7fa496287b30>
23566,2022-09-08 21:00:00,<function <lambda> at 0x7fa4962879f0>,<function <lambda> at 0x7fa496287a90>,<function <lambda> at 0x7fa496287b30>
23567,2022-09-08 22:00:00,<function <lambda> at 0x7fa4962879f0>,<function <lambda> at 0x7fa496287a90>,<function <lambda> at 0x7fa496287b30>
23568,2022-09-08 23:00:00,<function <lambda> at 0x7fa4962879f0>,<function <lambda> at 0x7fa496287a90>,<function <lambda> at 0x7fa496287b30>
23569,2022-09-09 00:00:00,<function <lambda> at 0x7fa4962879f0>,<function <lambda> at 0x7fa496287a90>,<function <lambda> at 0x7fa496287b30>
23570,2022-09-09 01:00:00,<function <lambda> at 0x7fa4962879f0>,<function <lambda> at 0x7fa496287a90>,<function <lambda> at 0x7fa496287b30>
23571,2022-09-09 02:00:00,<function <lambda> at 0x7fa4962879f0>,<function <lambda> at 0x7fa496287a90>,<function <lambda> at 0x7fa496287b30>
23572,2022-09-09 03:00:00,<function <lambda> at 0x7fa4962879f0>,<function <lambda> at 0x7fa496287a90>,<function <lambda> at 0x7fa496287b30>
23573,2022-09-09 04:00:00,<function <lambda> at 0x7fa4962879f0>,<function <lambda> at 0x7fa496287a90>,<function <lambda> at 0x7fa496287b30>
23574,2022-09-09 05:00:00,<function <lambda> at 0x7fa4962879f0>,<function <lambda> at 0x7fa496287a90>,<function <lambda> at 0x7fa496287b30>
23575,2022-09-09 06:00:00,<function <lambda> at 0x7fa4962879f0>,<function <lambda> at 0x7fa496287a90>,<function <lambda> at 0x7fa496287b30>
23576,2022-09-09 07:00:00,<function <lambda> at 0x7fa4962879f0>,<function <lambda> at 0x7fa496287a90>,<function <lambda> at 0x7fa496287b30>
23577,2022-09-09 08:00:00,<function <lambda> at 0x7fa4962879f0>,<function <lambda> at 0x7fa496287a90>,<function <lambda> at 0x7fa496287b30>
23578,2022-09-09 09:00:00,<function <lambda> at 0x7fa4962879f0>,<function <lambda> at 0x7fa496287a90>,<function <lambda> at 0x7fa496287b30>
23579,2022-09-09 10:00:00,<function <lambda> at 0x7fa4962879f0>,<function <lambda> at 0x7fa496287a90>,<function <lambda> at 0x7fa496287b30>
23580,2022-09-09 11:00:00,<function <lambda> at 0x7fa4962879f0>,<function <lambda> at 0x7fa496287a90>,<function <lambda> at 0x7fa496287b30>
23581,2022-09-09 12:00:00,<function <lambda> at 0x7fa4962879f0>,<function <lambda> at 0x7fa496287a90>,<function <lambda> at 0x7fa496287b30>
23582,2022-09-09 13:00:00,<function <lambda> at 0x7fa4962879f0>,<function <lambda> at 0x7fa496287a90>,<function <lambda> at 0x7fa496287b30>
23583,2022-09-09 14:00:00,<function <lambda> at 0x7fa4962879f0>,<function <lambda> at 0x7fa496287a90>,<function <lambda> at 0x7fa496287b30>
23584,2022-09-09 15:00:00,<function <lambda> at 0x7fa4962879f0>,<function <lambda> at 0x7fa496287a90>,<function <lambda> at 0x7fa496287b30>
23585,2022-09-09 16:00:00,<function <lambda> at 0x7fa4962879f0>,<function <lambda> at 0x7fa496287a90>,<function <lambda> at 0x7fa496287b30>
23586,2022-09-09 17:00:00,<function <lambda> at 0x7fa4962879f0>,<function <lambda> at 0x7fa496287a90>,<function <lambda> at 0x7fa496287b30>
23587,2022-09-09 18:00:00,<function <lambda> at 0x7fa4962879f0>,<function <lambda> at 0x7fa496287a90>,<function <lambda> at 0x7fa496287b30>
23588,2022-09-09 19:00:00,<function <lambda> at 0x7fa4962879f0>,<function <lambda> at 0x7fa496287a90>,<function <lambda> at 0x7fa496287b30>
23589,2022-09-09 20:00:00,<function <lambda> at 0x7fa4962879f0>,<function <lambda> at 0x7fa496287a90>,<function <lambda> at 0x7fa496287b30>
23590,2022-09-09 21:00:00,<function <lambda> at 0x7fa4962879f0>,<function <lambda> at 0x7fa496287a90>,<function <lambda> at 0x7fa496287b30>
23591,2022-09-09 22:00:00,<function <lambda> at 0x7fa4962879f0>,<function <lambda> at 0x7fa496287a90>,<function <lambda> at 0x7fa496287b30>
23592,2022-09-09 23:00:00,<function <lambda> at 0x7fa4962879f0>,<function <lambda> at 0x7fa496287a90>,<function <lambda> at 0x7fa496287b30>
23593,2022-09-10 00:00:00,<function <lambda> at 0x7fa4962879f0>,<function <lambda> at 0x7fa496287a90>,<function <lambda> at 0x7fa496287b30>
23594,2022-09-10 01:00:00,<function <lambda> at 0x7fa4962879f0>,<function <lambda> at 0x7fa496287a90>,<function <lambda> at 0x7fa496287b30>
23595,2022-09-10 02:00:00,<function <lambda> at 0x7fa4962879f0>,<function <lambda> at 0x7fa496287a90>,<function <lambda> at 0x7fa496287b30>
23596,2022-09-10 03:00:00,<function <lambda> at 0x7fa4962879f0>,<function <lambda> at 0x7fa496287a90>,<function <lambda> at 0x7fa496287b30>
23597,2022-09-10 04:00:00,<function <lambda> at 0x7fa4962879f0>,<function <lambda> at 0x7fa496287a90>,<function <lambda> at 0x7fa496287b30>
23598,2022-09-10 05:00:00,<function <lambda> at 0x7fa4962879f0>,<function <lambda> at 0x7fa496287a90>,<function <lambda> at 0x7fa496287b30>
23599,2022-09-10 06:00:00,<function <lambda> at 0x7fa4962879f0>,<function <lambda> at 0x7fa496287a90>,<function <lambda> at 0x7fa496287b30>
23600,2022-09-10 07:00:00,<function <lambda> at 0x7fa4962879f0>,<function <lambda> at 0x7fa496287a90>,<function <lambda> at 0x7fa496287b30>
23601,2022-09-10 08:00:00,<function <lambda> at 0x7fa4962879f0>,<function <lambda> at 0x7fa496287a90>,<function <lambda> at 0x7fa496287b30>
23602,2022-09-10 09:00:00,<function <lambda> at 0x7fa4962879f0>,<function <lambda> at 0x7fa496287a90>,<function <lambda> at 0x7fa496287b30>
23603,2022-09-10 10:00:00,<function <lambda> at 0x7fa4962879f0>,<function <lambda> at 0x7fa496287a90>,<function <lambda> at 0x7fa496287b30>
23604,2022-09-10 11:00:00,<function <lambda> at 0x7fa4962879f0>,<function <lambda> at 0x7fa496287a90>,<function <lambda> at 0x7fa496287b30>
23605,2022-09-10 12:00:00,<function <lambda> at 0x7fa4962879f0>,<function <lambda> at 0x7fa496287a90>,<function <lambda> at 0x7fa496287b30>
23606,2022-09-10 13:00:00,<function <lambda> at 0x7fa4962879f0>,<function <lambda> at 0x7fa496287a90>,<function <lambda> at 0x7fa496287b30>
23607,2022-09-10 14:00:00,<function <lambda> at 0x7fa4962879f0>,<function <lambda> at 0x7fa496287a90>,<function <lambda> at 0x7fa496287b30>
23608,2022-09-10 15:00:00,<function <lambda> at 0x7fa4962879f0>,<function <lambda> at 0x7fa496287a90>,<function <lambda> at 0x7fa496287b30>
23609,2022-09-10 16:00:00,<function <lambda> at 0x7fa4962879f0>,<function <lambda> at 0x7fa496287a90>,<function <lambda> at 0x7fa496287b30>
23610,2022-09-10 17:00:00,<function <lambda> at 0x7fa4962879f0>,<function <lambda> at 0x7fa496287a90>,<function <lambda> at 0x7fa496287b30>
23611,2022-09-10 18:00:00,<function <lambda> at 0x7fa4962879f0>,<function <lambda> at 0x7fa496287a90>,<function <lambda> at 0x7fa496287b30>
23612,2022-09-10 19:00:00,<function <lambda> at 0x7fa4962879f0>,<function <lambda> at 0x7fa496287a90>,<function <lambda> at 0x7fa496287b30>
23613,2022-09-10 20:00:00,<function <lambda> at 0x7fa4962879f0>,<function <lambda> at 0x7fa496287a90>,<function <lambda> at 0x7fa496287b30>
23614,2022-09-10 21:00:00,<function <lambda> at 0x7fa4962879f0>,<function <lambda> at 0x7fa496287a90>,<function <lambda> at 0x7fa496287b30>
23615,2022-09-10 22:00:00,<function <lambda> at 0x7fa4962879f0>,<function <lambda> at 0x7fa496287a90>,<function <lambda> at 0x7fa496287b30>
23616,2022-09-10 23:00:00,<function <lambda> at 0x7fa4962879f0>,<function <lambda> at 0x7fa496287a90>,<function <lambda> at 0x7fa496287b30>
23617,2022-09-11 00:00:00,<function <lambda> at 0x7fa4962879f0>,<function <lambda> at 0x7fa496287a90>,<function <lambda> at 0x7fa496287b30>
23618,2022-09-11 01:00:00,<function <lambda> at 0x7fa4962879f0>,<function <lambda> at 0x7fa496287a90>,<function <lambda> at 0x7fa496287b30>
23619,2022-09-11 02:00:00,<function <lambda> at 0x7fa4962879f0>,<function <lambda> at 0x7fa496287a90>,<function <lambda> at 0x7fa496287b30>
23620,2022-09-11 03:00:00,<function <lambda> at 0x7fa4962879f0>,<function <lambda> at 0x7fa496287a90>,<function <lambda> at 0x7fa496287b30>
23621,2022-09-11 04:00:00,<function <lambda> at 0x7fa4962879f0>,<function <lambda> at 0x7fa496287a90>,<function <lambda> at 0x7fa496287b30>
23622,2022-09-11 05:00:00,<function <lambda> at 0x7fa4962879f0>,<function <lambda> at 0x7fa496287a90>,<function <lambda> at 0x7fa496287b30>
23623,2022-09-11 06:00:00,<function <lambda> at 0x7fa4962879f0>,<function <lambda> at 0x7fa496287a90>,<function <lambda> at 0x7fa496287b30>
23624,2022-09-11 07:00:00,<function <lambda> at 0x7fa4962879f0>,<function <lambda> at 0x7fa496287a90>,<function <lambda> at 0x7fa496287b30>
23625,2022-09-11 08:00:00,<function <lambda> at 0x7fa4962879f0>,<function <lambda> at 0x7fa496287a90>,<function <lambda> at 0x7fa496287b30>
23626,2022-09-11 09:00:00,<function <lambda> at 0x7fa4962879f0>,<function <lambda> at 0x7fa496287a90>,<function <lambda> at 0x7fa496287b30>
23627,2022-09-11 10:00:00,<function <lambda> at 0x7fa4962879f0>,<function <lambda> at 0x7fa496287a90>,<function <lambda> at 0x7fa496287b30>
23628,2022-09-11 11:00:00,<function <lambda> at 0x7fa4962879f0>,<function <lambda> at 0x7fa496287a90>,<function <lambda> at 0x7fa496287b30>
23629,2022-09-11 12:00:00,<function <lambda> at 0x7fa4962879f0>,<function <lambda> at 0x7fa496287a90>,<function <lambda> at 0x7fa496287b30>
23630,2022-09-11 13:00:00,<function <lambda> at 0x7fa4962879f0>,<function <lambda> at 0x7fa496287a90>,<function <lambda> at 0x7fa496287b30>
23631,2022-09-11 14:00:00,<function <lambda> at 0x7fa4962879f0>,<function <lambda> at 0x7fa496287a90>,<function <lambda> at 0x7fa496287b30>
23632,2022-09-11 15:00:00,<function <lambda> at 0x7fa4962879f0>,<function <lambda> at 0x7fa496287a90>,<function <lambda> at 0x7fa496287b30>
23633,2022-09-11 16:00:00,<function <lambda> at 0x7fa4962879f0>,<function <lambda> at 0x7fa496287a90>,<function <lambda> at 0x7fa496287b30>
23634,2022-09-11 17:00:00,<function <lambda> at 0x7fa4962879f0>,<function <lambda> at 0x7fa496287a90>,<function <lambda> at 0x7fa496287b30>
23635,2022-09-11 18:00:00,<function <lambda> at 0x7fa4962879f0>,<function <lambda> at 0x7fa496287a90>,<function <lambda> at 0x7fa496287b30>
23636,2022-09-11 19:00:00,<function <lambda> at 0x7fa4962879f0>,<function <lambda> at 0x7fa496287a90>,<function <lambda> at 0x7fa496287b30>
23637,2022-09-11 20:00:00,<function <lambda> at 0x7fa4962879f0>,<function <lambda> at 0x7fa496287a90>,<function <lambda> at 0x7fa496287b30>
23638,2022-09-11 21:00:00,<function <lambda> at 0x7fa4962879f0>,<function <lambda> at 0x7fa496287a90>,<function <lambda> at 0x7fa496287b30>
23639,2022-09-11 22:00:00,<function <lambda> at 0x7fa4962879f0>,<function <lambda> at 0x7fa496287a90>,<function <lambda> at 0x7fa496287b30>
23640,2022-09-11 23:00:00,<function <lambda> at 0x7fa4962879f0>,<function <lambda> at 0x7fa496287a90>,<function <lambda> at 0x7fa496287b30>
23641,2022-09-12 00:00:00,<function <lambda> at 0x7fa4962879f0>,<function <lambda> at 0x7fa496287a90>,<function <lambda> at 0x7fa496287b30>
23642,2022-09-12 01:00:00,<function <lambda> at 0x7fa4962879f0>,<function <lambda> at 0x7fa496287a90>,<function <lambda> at 0x7fa496287b30>
23643,2022-09-12 02:00:00,<function <lambda> at 0x7fa4962879f0>,<function <lambda> at 0x7fa496287a90>,<function <lambda> at 0x7fa496287b30>
23644,2022-09-12 03:00:00,<function <lambda> at 0x7fa4962879f0>,<function <lambda> at 0x7fa496287a90>,<function <lambda> at 0x7fa496287b30>
23645,2022-09-12 04:00:00,<function <lambda> at 0x7fa4962879f0>,<function <lambda> at 0x7fa496287a90>,<function <lambda> at 0x7fa496287b30>
23646,2022-09-12 05:00:00,<function <lambda> at 0x7fa4962879f0>,<function <lambda> at 0x7fa496287a90>,<function <lambda> at 0x7fa496287b30>
23647,2022-09-12 06:00:00,<function <lambda> at 0x7fa4962879f0>,<function <lambda> at 0x7fa496287a90>,<function <lambda> at 0x7fa496287b30>
23648,2022-09-12 07:00:00,<function <lambda> at 0x7fa4962879f0>,<function <lambda> at 0x7fa496287a90>,<function <lambda> at 0x7fa496287b30>
23649,2022-09-12 08:00:00,<function <lambda> at 0x7fa4962879f0>,<function <lambda> at 0x7fa496287a90>,<function <lambda> at 0x7fa496287b30>
23650,2022-09-12 09:00:00,<function <lambda> at 0x7fa4962879f0>,<function <lambda> at 0x7fa496287a90>,<function <lambda> at 0x7fa496287b30>
23651,2022-09-12 10:00:00,<function <lambda> at 0x7fa4962879f0>,<function <lambda> at 0x7fa496287a90>,<function <lambda> at 0x7fa496287b30>
23652,2022-09-12 11:00:00,<function <lambda> at 0x7fa4962879f0>,<function <lambda> at 0x7fa496287a90>,<function <lambda> at 0x7fa496287b30>
23653,2022-09-12 12:00:00,<function <lambda> at 0x7fa4962879f0>,<function <lambda> at 0x7fa496287a90>,<function <lambda> at 0x7fa496287b30>
23654,2022-09-12 13:00:00,<function <lambda> at 0x7fa4962879f0>,<function <lambda> at 0x7fa496287a90>,<function <lambda> at 0x7fa496287b30>
23655,2022-09-12 14:00:00,<function <lambda> at 0x7fa4962879f0>,<function <lambda> at 0x7fa496287a90>,<function <lambda> at 0x7fa496287b30>
23656,2022-09-12 15:00:00,<function <lambda> at 0x7fa4962879f0>,<function <lambda> at 0x7fa496287a90>,<function <lambda> at 0x7fa496287b30>
23657,2022-09-12 16:00:00,<function <lambda> at 0x7fa4962879f0>,<function <lambda> at 0x7fa496287a90>,<function <lambda> at 0x7fa496287b30>
23658,2022-09-12 17:00:00,<function <lambda> at 0x7fa4962879f0>,<function <lambda> at 0x7fa496287a90>,<function <lambda> at 0x7fa496287b30>
23659,2022-09-12 18:00:00,<function <lambda> at 0x7fa4962879f0>,<function <lambda> at 0x7fa496287a90>,<function <lambda> at 0x7fa496287b30>
23660,2022-09-12 19:00:00,<function <lambda> at 0x7fa4962879f0>,<function <lambda> at 0x7fa496287a90>,<function <lambda> at 0x7fa496287b30>
23661,2022-09-12 20:00:00,<function <lambda> at 0x7fa4962879f0>,<function <lambda> at 0x7fa496287a90>,<function <lambda> at 0x7fa496287b30>
23662,2022-09-12 21:00:00,<function <lambda> at 0x7fa4962879f0>,<function <lambda> at 0x7fa496287a90>,<function <lambda> at 0x7fa496287b30>
23663,2022-09-12 22:00:00,<function <lambda> at 0x7fa4962879f0>,<function <lambda> at 0x7fa496287a90>,<function <lambda> at 0x7fa496287b30>
23664,2022-09-12 23:00:00,<function <lambda> at 0x7fa4962879f0>,<function <lambda> at 0x7fa496287a90>,<function <lambda> at 0x7fa496287b30>
23665,2022-09-13 00:00:00,<function <lambda> at 0x7fa4962879f0>,<function <lambda> at 0x7fa496287a90>,<function <lambda> at 0x7fa496287b30>
23666,2022-09-13 01:00:00,<function <lambda> at 0x7fa4962879f0>,<function <lambda> at 0x7fa496287a90>,<function <lambda> at 0x7fa496287b30>
23667,2022-09-13 02:00:00,<function <lambda> at 0x7fa4962879f0>,<function <lambda> at 0x7fa496287a90>,<function <lambda> at 0x7fa496287b30>
23668,2022-09-13 03:00:00,<function <lambda> at 0x7fa4962879f0>,<function <lambda> at 0x7fa496287a90>,<function <lambda> at 0x7fa496287b30>
23669,2022-09-13 04:00:00,<function <lambda> at 0x7fa4962879f0>,<function <lambda> at 0x7fa496287a90>,<function <lambda> at 0x7fa496287b30>
23670,2022-09-13 05:00:00,<function <lambda> at 0x7fa4962879f0>,<function <lambda> at 0x7fa496287a90>,<function <lambda> at 0x7fa496287b30>
23671,2022-09-13 06:00:00,<function <lambda> at 0x7fa4962879f0>,<function <lambda> at 0x7fa496287a90>,<function <lambda> at 0x7fa496287b30>
23672,2022-09-13 07:00:00,<function <lambda> at 0x7fa4962879f0>,<function <lambda> at 0x7fa496287a90>,<function <lambda> at 0x7fa496287b30>
23673,2022-09-13 08:00:00,<function <lambda> at 0x7fa4962879f0>,<function <lambda> at 0x7fa496287a90>,<function <lambda> at 0x7fa496287b30>
23674,2022-09-13 09:00:00,<function <lambda> at 0x7fa4962879f0>,<function <lambda> at 0x7fa496287a90>,<function <lambda> at 0x7fa496287b30>
23675,2022-09-13 10:00:00,<function <lambda> at 0x7fa4962879f0>,<function <lambda> at 0x7fa496287a90>,<function <lambda> at 0x7fa496287b30>
23676,2022-09-13 11:00:00,<function <lambda> at 0x7fa4962879f0>,<function <lambda> at 0x7fa496287a90>,<function <lambda> at 0x7fa496287b30>
23677,2022-09-13 12:00:00,<function <lambda> at 0x7fa4962879f0>,<function <lambda> at 0x7fa496287a90>,<function <lambda> at 0x7fa496287b30>
23678,2022-09-13 13:00:00,<function <lambda> at 0x7fa4962879f0>,<function <lambda> at 0x7fa496287a90>,<function <lambda> at 0x7fa496287b30>
23679,2022-09-13 14:00:00,<function <lambda> at 0x7fa4962879f0>,<function <lambda> at 0x7fa496287a90>,<function <lambda> at 0x7fa496287b30>
23680,2022-09-13 15:00:00,<function <lambda> at 0x7fa4962879f0>,<function <lambda> at 0x7fa496287a90>,<function <lambda> at 0x7fa496287b30>
23681,2022-09-13 16:00:00,<function <lambda> at 0x7fa4962879f0>,<function <lambda> at 0x7fa496287a90>,<function <lambda> at 0x7fa496287b30>
23682,2022-09-13 17:00:00,<function <lambda> at 0x7fa4962879f0>,<function <lambda> at 0x7fa496287a90>,<function <lambda> at 0x7fa496287b30>
23683,2022-09-13 18:00:00,<function <lambda> at 0x7fa4962879f0>,<function <lambda> at 0x7fa496287a90>,<function <lambda> at 0x7fa496287b30>
23684,2022-09-13 19:00:00,<function <lambda> at 0x7fa4962879f0>,<function <lambda> at 0x7fa496287a90>,<function <lambda> at 0x7fa496287b30>
23685,2022-09-13 20:00:00,<function <lambda> at 0x7fa4962879f0>,<function <lambda> at 0x7fa496287a90>,<function <lambda> at 0x7fa496287b30>
23686,2022-09-13 21:00:00,<function <lambda> at 0x7fa4962879f0>,<function <lambda> at 0x7fa496287a90>,<function <lambda> at 0x7fa496287b30>
23687,2022-09-13 22:00:00,<function <lambda> at 0x7fa4962879f0>,<function <lambda> at 0x7fa496287a90>,<function <lambda> at 0x7fa496287b30>
23688,2022-09-13 23:00:00,<function <lambda> at 0x7fa4962879f0>,<function <lambda> at 0x7fa496287a90>,<function <lambda> at 0x7fa496287b30>
23689,2022-09-14 00:00:00,<function <lambda> at 0x7fa4962879f0>,<function <lambda> at 0x7fa496287a90>,<function <lambda> at 0x7fa496287b30>
23690,2022-09-14 01:00:00,<function <lambda> at 0x7fa4962879f0>,<function <lambda> at 0x7fa496287a90>,<function <lambda> at 0x7fa496287b30>
23691,2022-09-14 02:00:00,<function <lambda> at 0x7fa4962879f0>,<function <lambda> at 0x7fa496287a90>,<function <lambda> at 0x7fa496287b30>
23692,2022-09-14 03:00:00,<function <lambda> at 0x7fa4962879f0>,<function <lambda> at 0x7fa496287a90>,<function <lambda> at 0x7fa496287b30>
23693,2022-09-14 04:00:00,<function <lambda> at 0x7fa4962879f0>,<function <lambda> at 0x7fa496287a90>,<function <lambda> at 0x7fa496287b30>
23694,2022-09-14 05:00:00,<function <lambda> at 0x7fa4962879f0>,<function <lambda> at 0x7fa496287a90>,<function <lambda> at 0x7fa496287b30>
23695,2022-09-14 06:00:00,<function <lambda> at 0x7fa4962879f0>,<function <lambda> at 0x7fa496287a90>,<function <lambda> at 0x7fa496287b30>
23696,2022-09-14 07:00:00,<function <lambda> at 0x7fa4962879f0>,<function <lambda> at 0x7fa496287a90>,<function <lambda> at 0x7fa496287b30>
23697,2022-09-14 08:00:00,<function <lambda> at 0x7fa4962879f0>,<function <lambda> at 0x7fa496287a90>,<function <lambda> at 0x7fa496287b30>
23698,2022-09-14 09:00:00,<function <lambda> at 0x7fa4962879f0>,<function <lambda> at 0x7fa496287a90>,<function <lambda> at 0x7fa496287b30>
23699,2022-09-14 10:00:00,<function <lambda> at 0x7fa4962879f0>,<function <lambda> at 0x7fa496287a90>,<function <lambda> at 0x7fa496287b30>
23700,2022-09-14 11:00:00,<function <lambda> at 0x7fa4962879f0>,<function <lambda> at 0x7fa496287a90>,<function <lambda> at 0x7fa496287b30>
23701,2022-09-14 12:00:00,<function <lambda> at 0x7fa4962879f0>,<function <lambda> at 0x7fa496287a90>,<function <lambda> at 0x7fa496287b30>
23702,2022-09-14 13:00:00,<function <lambda> at 0x7fa4962879f0>,<function <lambda> at 0x7fa496287a90>,<function <lambda> at 0x7fa496287b30>
23703,2022-09-14 14:00:00,<function <lambda> at 0x7fa4962879f0>,<function <lambda> at 0x7fa496287a90>,<function <lambda> at 0x7fa496287b30>
23704,2022-09-14 15:00:00,<function <lambda> at 0x7fa4962879f0>,<function <lambda> at 0x7fa496287a90>,<function <lambda> at 0x7fa496287b30>
23705,2022-09-14 16:00:00,<function <lambda> at 0x7fa4962879f0>,<function <lambda> at 0x7fa496287a90>,<function <lambda> at 0x7fa496287b30>
23706,2022-09-14 17:00:00,<function <lambda> at 0x7fa4962879f0>,<function <lambda> at 0x7fa496287a90>,<function <lambda> at 0x7fa496287b30>
23707,2022-09-14 18:00:00,<function <lambda> at 0x7fa4962879f0>,<function <lambda> at 0x7fa496287a90>,<function <lambda> at 0x7fa496287b30>
23708,2022-09-14 19:00:00,<function <lambda> at 0x7fa4962879f0>,<function <lambda> at 0x7fa496287a90>,<function <lambda> at 0x7fa496287b30>
23709,2022-09-14 20:00:00,<function <lambda> at 0x7fa4962879f0>,<function <lambda> at 0x7fa496287a90>,<function <lambda> at 0x7fa496287b30>
23710,2022-09-14 21:00:00,<function <lambda> at 0x7fa4962879f0>,<function <lambda> at 0x7fa496287a90>,<function <lambda> at 0x7fa496287b30>
23711,2022-09-14 22:00:00,<function <lambda> at 0x7fa4962879f0>,<function <lambda> at 0x7fa496287a90>,<function <lambda> at 0x7fa496287b30>
23712,2022-09-14 23:00:00,<function <lambda> at 0x7fa4962879f0>,<function <lambda> at 0x7fa496287a90>,<function <lambda> at 0x7fa496287b30>
23713,2022-09-15 00:00:00,<function <lambda> at 0x7fa4962879f0>,<function <lambda> at 0x7fa496287a90>,<function <lambda> at 0x7fa496287b30>
23714,2022-09-15 01:00:00,<function <lambda> at 0x7fa4962879f0>,<function <lambda> at 0x7fa496287a90>,<function <lambda> at 0x7fa496287b30>
23715,2022-09-15 02:00:00,<function <lambda> at 0x7fa4962879f0>,<function <lambda> at 0x7fa496287a90>,<function <lambda> at 0x7fa496287b30>
23716,2022-09-15 03:00:00,<function <lambda> at 0x7fa4962879f0>,<function <lambda> at 0x7fa496287a90>,<function <lambda> at 0x7fa496287b30>
23717,2022-09-15 04:00:00,<function <lambda> at 0x7fa4962879f0>,<function <lambda> at 0x7fa496287a90>,<function <lambda> at 0x7fa496287b30>
23718,2022-09-15 05:00:00,<function <lambda> at 0x7fa4962879f0>,<function <lambda> at 0x7fa496287a90>,<function <lambda> at 0x7fa496287b30>
23719,2022-09-15 06:00:00,<function <lambda> at 0x7fa4962879f0>,<function <lambda> at 0x7fa496287a90>,<function <lambda> at 0x7fa496287b30>
23720,2022-09-15 07:00:00,<function <lambda> at 0x7fa4962879f0>,<function <lambda> at 0x7fa496287a90>,<function <lambda> at 0x7fa496287b30>
23721,2022-09-15 08:00:00,<function <lambda> at 0x7fa4962879f0>,<function <lambda> at 0x7fa496287a90>,<function <lambda> at 0x7fa496287b30>
23722,2022-09-15 09:00:00,<function <lambda> at 0x7fa4962879f0>,<function <lambda> at 0x7fa496287a90>,<function <lambda> at 0x7fa496287b30>
23723,2022-09-15 10:00:00,<function <lambda> at 0x7fa4962879f0>,<function <lambda> at 0x7fa496287a90>,<function <lambda> at 0x7fa496287b30>
23724,2022-09-15 11:00:00,<function <lambda> at 0x7fa4962879f0>,<function <lambda> at 0x7fa496287a90>,<function <lambda> at 0x7fa496287b30>
23725,2022-09-15 12:00:00,<function <lambda> at 0x7fa4962879f0>,<function <lambda> at 0x7fa496287a90>,<function <lambda> at 0x7fa496287b30>
23726,2022-09-15 13:00:00,<function <lambda> at 0x7fa4962879f0>,<function <lambda> at 0x7fa496287a90>,<function <lambda> at 0x7fa496287b30>
23727,2022-09-15 14:00:00,<function <lambda> at 0x7fa4962879f0>,<function <lambda> at 0x7fa496287a90>,<function <lambda> at 0x7fa496287b30>
23728,2022-09-15 15:00:00,<function <lambda> at 0x7fa4962879f0>,<function <lambda> at 0x7fa496287a90>,<function <lambda> at 0x7fa496287b30>
23729,2022-09-15 16:00:00,<function <lambda> at 0x7fa4962879f0>,<function <lambda> at 0x7fa496287a90>,<function <lambda> at 0x7fa496287b30>
23730,2022-09-15 17:00:00,<function <lambda> at 0x7fa4962879f0>,<function <lambda> at 0x7fa496287a90>,<function <lambda> at 0x7fa496287b30>
23731,2022-09-15 18:00:00,<function <lambda> at 0x7fa4962879f0>,<function <lambda> at 0x7fa496287a90>,<function <lambda> at 0x7fa496287b30>
23732,2022-09-15 19:00:00,<function <lambda> at 0x7fa4962879f0>,<function <lambda> at 0x7fa496287a90>,<function <lambda> at 0x7fa496287b30>
23733,2022-09-15 20:00:00,<function <lambda> at 0x7fa4962879f0>,<function <lambda> at 0x7fa496287a90>,<function <lambda> at 0x7fa496287b30>
23734,2022-09-15 21:00:00,<function <lambda> at 0x7fa4962879f0>,<function <lambda> at 0x7fa496287a90>,<function <lambda> at 0x7fa496287b30>
23735,2022-09-15 22:00:00,<function <lambda> at 0x7fa4962879f0>,<function <lambda> at 0x7fa496287a90>,<function <lambda> at 0x7fa496287b30>
23736,2022-09-15 23:00:00,<function <lambda> at 0x7fa4962879f0>,<function <lambda> at 0x7fa496287a90>,<function <lambda> at 0x7fa496287b30>
23737,2022-09-16 00:00:00,<function <lambda> at 0x7fa4962879f0>,<function <lambda> at 0x7fa496287a90>,<function <lambda> at 0x7fa496287b30>
23738,2022-09-16 01:00:00,<function <lambda> at 0x7fa4962879f0>,<function <lambda> at 0x7fa496287a90>,<function <lambda> at 0x7fa496287b30>
23739,2022-09-16 02:00:00,<function <lambda> at 0x7fa4962879f0>,<function <lambda> at 0x7fa496287a90>,<function <lambda> at 0x7fa496287b30>
23740,2022-09-16 03:00:00,<function <lambda> at 0x7fa4962879f0>,<function <lambda> at 0x7fa496287a90>,<function <lambda> at 0x7fa496287b30>
23741,2022-09-16 04:00:00,<function <lambda> at 0x7fa4962879f0>,<function <lambda> at 0x7fa496287a90>,<function <lambda> at 0x7fa496287b30>
23742,2022-09-16 05:00:00,<function <lambda> at 0x7fa4962879f0>,<function <lambda> at 0x7fa496287a90>,<function <lambda> at 0x7fa496287b30>
23743,2022-09-16 06:00:00,<function <lambda> at 0x7fa4962879f0>,<function <lambda> at 0x7fa496287a90>,<function <lambda> at 0x7fa496287b30>
23744,2022-09-16 07:00:00,<function <lambda> at 0x7fa4962879f0>,<function <lambda> at 0x7fa496287a90>,<function <lambda> at 0x7fa496287b30>
23745,2022-09-16 08:00:00,<function <lambda> at 0x7fa4962879f0>,<function <lambda> at 0x7fa496287a90>,<function <lambda> at 0x7fa496287b30>
23746,2022-09-16 09:00:00,<function <lambda> at 0x7fa4962879f0>,<function <lambda> at 0x7fa496287a90>,<function <lambda> at 0x7fa496287b30>
23747,2022-09-16 10:00:00,<function <lambda> at 0x7fa4962879f0>,<function <lambda> at 0x7fa496287a90>,<function <lambda> at 0x7fa496287b30>
23748,2022-09-16 11:00:00,<function <lambda> at 0x7fa4962879f0>,<function <lambda> at 0x7fa496287a90>,<function <lambda> at 0x7fa496287b30>
23749,2022-09-16 12:00:00,<function <lambda> at 0x7fa4962879f0>,<function <lambda> at 0x7fa496287a90>,<function <lambda> at 0x7fa496287b30>
23750,2022-09-16 13:00:00,<function <lambda> at 0x7fa4962879f0>,<function <lambda> at 0x7fa496287a90>,<function <lambda> at 0x7fa496287b30>
23751,2022-09-16 14:00:00,<function <lambda> at 0x7fa4962879f0>,<function <lambda> at 0x7fa496287a90>,<function <lambda> at 0x7fa496287b30>
23752,2022-09-16 15:00:00,<function <lambda> at 0x7fa4962879f0>,<function <lambda> at 0x7fa496287a90>,<function <lambda> at 0x7fa496287b30>
23753,2022-09-16 16:00:00,<function <lambda> at 0x7fa4962879f0>,<function <lambda> at 0x7fa496287a90>,<function <lambda> at 0x7fa496287b30>
23754,2022-09-16 17:00:00,<function <lambda> at 0x7fa4962879f0>,<function <lambda> at 0x7fa496287a90>,<function <lambda> at 0x7fa496287b30>
23755,2022-09-16 18:00:00,<function <lambda> at 0x7fa4962879f0>,<function <lambda> at 0x7fa496287a90>,<function <lambda> at 0x7fa496287b30>
23756,2022-09-16 19:00:00,<function <lambda> at 0x7fa4962879f0>,<function <lambda> at 0x7fa496287a90>,<function <lambda> at 0x7fa496287b30>
23757,2022-09-16 20:00:00,<function <lambda> at 0x7fa4962879f0>,<function <lambda> at 0x7fa496287a90>,<function <lambda> at 0x7fa496287b30>
23758,2022-09-16 21:00:00,<function <lambda> at 0x7fa4962879f0>,<function <lambda> at 0x7fa496287a90>,<function <lambda> at 0x7fa496287b30>
23759,2022-09-16 22:00:00,<function <lambda> at 0x7fa4962879f0>,<function <lambda> at 0x7fa496287a90>,<function <lambda> at 0x7fa496287b30>
23760,2022-09-16 23:00:00,<function <lambda> at 0x7fa4962879f0>,<function <lambda> at 0x7fa496287a90>,<function <lambda> at 0x7fa496287b30>
23761,2022-09-17 00:00:00,<function <lambda> at 0x7fa4962879f0>,<function <lambda> at 0x7fa496287a90>,<function <lambda> at 0x7fa496287b30>
23762,2022-09-17 01:00:00,<function <lambda> at 0x7fa4962879f0>,<function <lambda> at 0x7fa496287a90>,<function <lambda> at 0x7fa496287b30>
23763,2022-09-17 02:00:00,<function <lambda> at 0x7fa4962879f0>,<function <lambda> at 0x7fa496287a90>,<function <lambda> at 0x7fa496287b30>
23764,2022-09-17 03:00:00,<function <lambda> at 0x7fa4962879f0>,<function <lambda> at 0x7fa496287a90>,<function <lambda> at 0x7fa496287b30>
23765,2022-09-17 04:00:00,<function <lambda> at 0x7fa4962879f0>,<function <lambda> at 0x7fa496287a90>,<function <lambda> at 0x7fa496287b30>
23766,2022-09-17 05:00:00,<function <lambda> at 0x7fa4962879f0>,<function <lambda> at 0x7fa496287a90>,<function <lambda> at 0x7fa496287b30>
23767,2022-09-17 06:00:00,<function <lambda> at 0x7fa4962879f0>,<function <lambda> at 0x7fa496287a90>,<function <lambda> at 0x7fa496287b30>
23768,2022-09-17 07:00:00,<function <lambda> at 0x7fa4962879f0>,<function <lambda> at 0x7fa496287a90>,<function <lambda> at 0x7fa496287b30>
23769,2022-09-17 08:00:00,<function <lambda> at 0x7fa4962879f0>,<function <lambda> at 0x7fa496287a90>,<function <lambda> at 0x7fa496287b30>
23770,2022-09-17 09:00:00,<function <lambda> at 0x7fa4962879f0>,<function <lambda> at 0x7fa496287a90>,<function <lambda> at 0x7fa496287b30>
23771,2022-09-17 10:00:00,<function <lambda> at 0x7fa4962879f0>,<function <lambda> at 0x7fa496287a90>,<function <lambda> at 0x7fa496287b30>
23772,2022-09-17 11:00:00,<function <lambda> at 0x7fa4962879f0>,<function <lambda> at 0x7fa496287a90>,<function <lambda> at 0x7fa496287b30>
23773,2022-09-17 12:00:00,<function <lambda> at 0x7fa4962879f0>,<function <lambda> at 0x7fa496287a90>,<function <lambda> at 0x7fa496287b30>
23774,2022-09-17 13:00:00,<function <lambda> at 0x7fa4962879f0>,<function <lambda> at 0x7fa496287a90>,<function <lambda> at 0x7fa496287b30>
23775,2022-09-17 14:00:00,<function <lambda> at 0x7fa4962879f0>,<function <lambda> at 0x7fa496287a90>,<function <lambda> at 0x7fa496287b30>
23776,2022-09-17 15:00:00,<function <lambda> at 0x7fa4962879f0>,<function <lambda> at 0x7fa496287a90>,<function <lambda> at 0x7fa496287b30>
23777,2022-09-17 16:00:00,<function <lambda> at 0x7fa4962879f0>,<function <lambda> at 0x7fa496287a90>,<function <lambda> at 0x7fa496287b30>
23778,2022-09-17 17:00:00,<function <lambda> at 0x7fa4962879f0>,<function <lambda> at 0x7fa496287a90>,<function <lambda> at 0x7fa496287b30>
23779,2022-09-17 18:00:00,<function <lambda> at 0x7fa4962879f0>,<function <lambda> at 0x7fa496287a90>,<function <lambda> at 0x7fa496287b30>
23780,2022-09-17 19:00:00,<function <lambda> at 0x7fa4962879f0>,<function <lambda> at 0x7fa496287a90>,<function <lambda> at 0x7fa496287b30>
23781,2022-09-17 20:00:00,<function <lambda> at 0x7fa4962879f0>,<function <lambda> at 0x7fa496287a90>,<function <lambda> at 0x7fa496287b30>
23782,2022-09-17 21:00:00,<function <lambda> at 0x7fa4962879f0>,<function <lambda> at 0x7fa496287a90>,<function <lambda> at 0x7fa496287b30>
23783,2022-09-17 22:00:00,<function <lambda> at 0x7fa4962879f0>,<function <lambda> at 0x7fa496287a90>,<function <lambda> at 0x7fa496287b30>
23784,2022-09-17 23:00:00,<function <lambda> at 0x7fa4962879f0>,<function <lambda> at 0x7fa496287a90>,<function <lambda> at 0x7fa496287b30>
23785,2022-09-18 00:00:00,<function <lambda> at 0x7fa4962879f0>,<function <lambda> at 0x7fa496287a90>,<function <lambda> at 0x7fa496287b30>
23786,2022-09-18 01:00:00,<function <lambda> at 0x7fa4962879f0>,<function <lambda> at 0x7fa496287a90>,<function <lambda> at 0x7fa496287b30>
23787,2022-09-18 02:00:00,<function <lambda> at 0x7fa4962879f0>,<function <lambda> at 0x7fa496287a90>,<function <lambda> at 0x7fa496287b30>
23788,2022-09-18 03:00:00,<function <lambda> at 0x7fa4962879f0>,<function <lambda> at 0x7fa496287a90>,<function <lambda> at 0x7fa496287b30>
23789,2022-09-18 04:00:00,<function <lambda> at 0x7fa4962879f0>,<function <lambda> at 0x7fa496287a90>,<function <lambda> at 0x7fa496287b30>
23790,2022-09-18 05:00:00,<function <lambda> at 0x7fa4962879f0>,<function <lambda> at 0x7fa496287a90>,<function <lambda> at 0x7fa496287b30>
23791,2022-09-18 06:00:00,<function <lambda> at 0x7fa4962879f0>,<function <lambda> at 0x7fa496287a90>,<function <lambda> at 0x7fa496287b30>
23792,2022-09-18 07:00:00,<function <lambda> at 0x7fa4962879f0>,<function <lambda> at 0x7fa496287a90>,<function <lambda> at 0x7fa496287b30>
23793,2022-09-18 08:00:00,<function <lambda> at 0x7fa4962879f0>,<function <lambda> at 0x7fa496287a90>,<function <lambda> at 0x7fa496287b30>
23794,2022-09-18 09:00:00,<function <lambda> at 0x7fa4962879f0>,<function <lambda> at 0x7fa496287a90>,<function <lambda> at 0x7fa496287b30>
23795,2022-09-18 10:00:00,<function <lambda> at 0x7fa4962879f0>,<function <lambda> at 0x7fa496287a90>,<function <lambda> at 0x7fa496287b30>
23796,2022-09-18 11:00:00,<function <lambda> at 0x7fa4962879f0>,<function <lambda> at 0x7fa496287a90>,<function <lambda> at 0x7fa496287b30>
23797,2022-09-18 12:00:00,<function <lambda> at 0x7fa4962879f0>,<function <lambda> at 0x7fa496287a90>,<function <lambda> at 0x7fa496287b30>
23798,2022-09-18 13:00:00,<function <lambda> at 0x7fa4962879f0>,<function <lambda> at 0x7fa496287a90>,<function <lambda> at 0x7fa496287b30>
23799,2022-09-18 14:00:00,<function <lambda> at 0x7fa4962879f0>,<function <lambda> at 0x7fa496287a90>,<function <lambda> at 0x7fa496287b30>
23800,2022-09-18 15:00:00,<function <lambda> at 0x7fa4962879f0>,<function <lambda> at 0x7fa496287a90>,<function <lambda> at 0x7fa496287b30>
23801,2022-09-18 16:00:00,<function <lambda> at 0x7fa4962879f0>,<function <lambda> at 0x7fa496287a90>,<function <lambda> at 0x7fa496287b30>
23802,2022-09-18 17:00:00,<function <lambda> at 0x7fa4962879f0>,<function <lambda> at 0x7fa496287a90>,<function <lambda> at 0x7fa496287b30>
23803,2022-09-18 18:00:00,<function <lambda> at 0x7fa4962879f0>,<function <lambda> at 0x7fa496287a90>,<function <lambda> at 0x7fa496287b30>
23804,2022-09-18 19:00:00,<function <lambda> at 0x7fa4962879f0>,<function <lambda> at 0x7fa496287a90>,<function <lambda> at 0x7fa496287b30>
23805,2022-09-18 20:00:00,<function <lambda> at 0x7fa4962879f0>,<function <lambda> at 0x7fa496287a90>,<function <lambda> at 0x7fa496287b30>
23806,2022-09-18 21:00:00,<function <lambda> at 0x7fa4962879f0>,<function <lambda> at 0x7fa496287a90>,<function <lambda> at 0x7fa496287b30>
23807,2022-09-18 22:00:00,<function <lambda> at 0x7fa4962879f0>,<function <lambda> at 0x7fa496287a90>,<function <lambda> at 0x7fa496287b30>
23808,2022-09-18 23:00:00,<function <lambda> at 0x7fa4962879f0>,<function <lambda> at 0x7fa496287a90>,<function <lambda> at 0x7fa496287b30>
23809,2022-09-19 00:00:00,<function <lambda> at 0x7fa4962879f0>,<function <lambda> at 0x7fa496287a90>,<function <lambda> at 0x7fa496287b30>
23810,2022-09-19 01:00:00,<function <lambda> at 0x7fa4962879f0>,<function <lambda> at 0x7fa496287a90>,<function <lambda> at 0x7fa496287b30>
23811,2022-09-19 02:00:00,<function <lambda> at 0x7fa4962879f0>,<function <lambda> at 0x7fa496287a90>,<function <lambda> at 0x7fa496287b30>
23812,2022-09-19 03:00:00,<function <lambda> at 0x7fa4962879f0>,<function <lambda> at 0x7fa496287a90>,<function <lambda> at 0x7fa496287b30>
23813,2022-09-19 04:00:00,<function <lambda> at 0x7fa4962879f0>,<function <lambda> at 0x7fa496287a90>,<function <lambda> at 0x7fa496287b30>
23814,2022-09-19 05:00:00,<function <lambda> at 0x7fa4962879f0>,<function <lambda> at 0x7fa496287a90>,<function <lambda> at 0x7fa496287b30>
23815,2022-09-19 06:00:00,<function <lambda> at 0x7fa4962879f0>,<function <lambda> at 0x7fa496287a90>,<function <lambda> at 0x7fa496287b30>
23816,2022-09-19 07:00:00,<function <lambda> at 0x7fa4962879f0>,<function <lambda> at 0x7fa496287a90>,<function <lambda> at 0x7fa496287b30>
23817,2022-09-19 08:00:00,<function <lambda> at 0x7fa4962879f0>,<function <lambda> at 0x7fa496287a90>,<function <lambda> at 0x7fa496287b30>
23818,2022-09-19 09:00:00,<function <lambda> at 0x7fa4962879f0>,<function <lambda> at 0x7fa496287a90>,<function <lambda> at 0x7fa496287b30>
23819,2022-09-19 10:00:00,<function <lambda> at 0x7fa4962879f0>,<function <lambda> at 0x7fa496287a90>,<function <lambda> at 0x7fa496287b30>
23820,2022-09-19 11:00:00,<function <lambda> at 0x7fa4962879f0>,<function <lambda> at 0x7fa496287a90>,<function <lambda> at 0x7fa496287b30>
23821,2022-09-19 12:00:00,<function <lambda> at 0x7fa4962879f0>,<function <lambda> at 0x7fa496287a90>,<function <lambda> at 0x7fa496287b30>
23822,2022-09-19 13:00:00,<function <lambda> at 0x7fa4962879f0>,<function <lambda> at 0x7fa496287a90>,<function <lambda> at 0x7fa496287b30>
23823,2022-09-19 14:00:00,<function <lambda> at 0x7fa4962879f0>,<function <lambda> at 0x7fa496287a90>,<function <lambda> at 0x7fa496287b30>
23824,2022-09-19 15:00:00,<function <lambda> at 0x7fa4962879f0>,<function <lambda> at 0x7fa496287a90>,<function <lambda> at 0x7fa496287b30>
23825,2022-09-19 16:00:00,<function <lambda> at 0x7fa4962879f0>,<function <lambda> at 0x7fa496287a90>,<function <lambda> at 0x7fa496287b30>
23826,2022-09-19 17:00:00,<function <lambda> at 0x7fa4962879f0>,<function <lambda> at 0x7fa496287a90>,<function <lambda> at 0x7fa496287b30>
23827,2022-09-19 18:00:00,<function <lambda> at 0x7fa4962879f0>,<function <lambda> at 0x7fa496287a90>,<function <lambda> at 0x7fa496287b30>
23828,2022-09-19 19:00:00,<function <lambda> at 0x7fa4962879f0>,<function <lambda> at 0x7fa496287a90>,<function <lambda> at 0x7fa496287b30>
23829,2022-09-19 20:00:00,<function <lambda> at 0x7fa4962879f0>,<function <lambda> at 0x7fa496287a90>,<function <lambda> at 0x7fa496287b30>
23830,2022-09-19 21:00:00,<function <lambda> at 0x7fa4962879f0>,<function <lambda> at 0x7fa496287a90>,<function <lambda> at 0x7fa496287b30>
23831,2022-09-19 22:00:00,<function <lambda> at 0x7fa4962879f0>,<function <lambda> at 0x7fa496287a90>,<function <lambda> at 0x7fa496287b30>
23832,2022-09-19 23:00:00,<function <lambda> at 0x7fa4962879f0>,<function <lambda> at 0x7fa496287a90>,<function <lambda> at 0x7fa496287b30>
23833,2022-09-20 00:00:00,<function <lambda> at 0x7fa4962879f0>,<function <lambda> at 0x7fa496287a90>,<function <lambda> at 0x7fa496287b30>
23834,2022-09-20 01:00:00,<function <lambda> at 0x7fa4962879f0>,<function <lambda> at 0x7fa496287a90>,<function <lambda> at 0x7fa496287b30>
23835,2022-09-20 02:00:00,<function <lambda> at 0x7fa4962879f0>,<function <lambda> at 0x7fa496287a90>,<function <lambda> at 0x7fa496287b30>
23836,2022-09-20 03:00:00,<function <lambda> at 0x7fa4962879f0>,<function <lambda> at 0x7fa496287a90>,<function <lambda> at 0x7fa496287b30>
23837,2022-09-20 04:00:00,<function <lambda> at 0x7fa4962879f0>,<function <lambda> at 0x7fa496287a90>,<function <lambda> at 0x7fa496287b30>
23838,2022-09-20 05:00:00,<function <lambda> at 0x7fa4962879f0>,<function <lambda> at 0x7fa496287a90>,<function <lambda> at 0x7fa496287b30>
23839,2022-09-20 06:00:00,<function <lambda> at 0x7fa4962879f0>,<function <lambda> at 0x7fa496287a90>,<function <lambda> at 0x7fa496287b30>
23840,2022-09-20 07:00:00,<function <lambda> at 0x7fa4962879f0>,<function <lambda> at 0x7fa496287a90>,<function <lambda> at 0x7fa496287b30>
23841,2022-09-20 08:00:00,<function <lambda> at 0x7fa4962879f0>,<function <lambda> at 0x7fa496287a90>,<function <lambda> at 0x7fa496287b30>
23842,2022-09-20 09:00:00,<function <lambda> at 0x7fa4962879f0>,<function <lambda> at 0x7fa496287a90>,<function <lambda> at 0x7fa496287b30>
23843,2022-09-20 10:00:00,<function <lambda> at 0x7fa4962879f0>,<function <lambda> at 0x7fa496287a90>,<function <lambda> at 0x7fa496287b30>
23844,2022-09-20 11:00:00,<function <lambda> at 0x7fa4962879f0>,<function <lambda> at 0x7fa496287a90>,<function <lambda> at 0x7fa496287b30>
23845,2022-09-20 12:00:00,<function <lambda> at 0x7fa4962879f0>,<function <lambda> at 0x7fa496287a90>,<function <lambda> at 0x7fa496287b30>
23846,2022-09-20 13:00:00,<function <lambda> at 0x7fa4962879f0>,<function <lambda> at 0x7fa496287a90>,<function <lambda> at 0x7fa496287b30>
23847,2022-09-20 14:00:00,<function <lambda> at 0x7fa4962879f0>,<function <lambda> at 0x7fa496287a90>,<function <lambda> at 0x7fa496287b30>
23848,2022-09-20 15:00:00,<function <lambda> at 0x7fa4962879f0>,<function <lambda> at 0x7fa496287a90>,<function <lambda> at 0x7fa496287b30>
23849,2022-09-20 16:00:00,<function <lambda> at 0x7fa4962879f0>,<function <lambda> at 0x7fa496287a90>,<function <lambda> at 0x7fa496287b30>
23850,2022-09-20 17:00:00,<function <lambda> at 0x7fa4962879f0>,<function <lambda> at 0x7fa496287a90>,<function <lambda> at 0x7fa496287b30>
23851,2022-09-20 18:00:00,<function <lambda> at 0x7fa4962879f0>,<function <lambda> at 0x7fa496287a90>,<function <lambda> at 0x7fa496287b30>
23852,2022-09-20 19:00:00,<function <lambda> at 0x7fa4962879f0>,<function <lambda> at 0x7fa496287a90>,<function <lambda> at 0x7fa496287b30>
23853,2022-09-20 20:00:00,<function <lambda> at 0x7fa4962879f0>,<function <lambda> at 0x7fa496287a90>,<function <lambda> at 0x7fa496287b30>
23854,2022-09-20 21:00:00,<function <lambda> at 0x7fa4962879f0>,<function <lambda> at 0x7fa496287a90>,<function <lambda> at 0x7fa496287b30>
23855,2022-09-20 22:00:00,<function <lambda> at 0x7fa4962879f0>,<function <lambda> at 0x7fa496287a90>,<function <lambda> at 0x7fa496287b30>
23856,2022-09-20 23:00:00,<function <lambda> at 0x7fa4962879f0>,<function <lambda> at 0x7fa496287a90>,<function <lambda> at 0x7fa496287b30>
23857,2022-09-21 00:00:00,<function <lambda> at 0x7fa4962879f0>,<function <lambda> at 0x7fa496287a90>,<function <lambda> at 0x7fa496287b30>
23858,2022-09-21 01:00:00,<function <lambda> at 0x7fa4962879f0>,<function <lambda> at 0x7fa496287a90>,<function <lambda> at 0x7fa496287b30>
23859,2022-09-21 02:00:00,<function <lambda> at 0x7fa4962879f0>,<function <lambda> at 0x7fa496287a90>,<function <lambda> at 0x7fa496287b30>
23860,2022-09-21 03:00:00,<function <lambda> at 0x7fa4962879f0>,<function <lambda> at 0x7fa496287a90>,<function <lambda> at 0x7fa496287b30>
23861,2022-09-21 04:00:00,<function <lambda> at 0x7fa4962879f0>,<function <lambda> at 0x7fa496287a90>,<function <lambda> at 0x7fa496287b30>
23862,2022-09-21 05:00:00,<function <lambda> at 0x7fa4962879f0>,<function <lambda> at 0x7fa496287a90>,<function <lambda> at 0x7fa496287b30>
23863,2022-09-21 06:00:00,<function <lambda> at 0x7fa4962879f0>,<function <lambda> at 0x7fa496287a90>,<function <lambda> at 0x7fa496287b30>
23864,2022-09-21 07:00:00,<function <lambda> at 0x7fa4962879f0>,<function <lambda> at 0x7fa496287a90>,<function <lambda> at 0x7fa496287b30>
23865,2022-09-21 08:00:00,<function <lambda> at 0x7fa4962879f0>,<function <lambda> at 0x7fa496287a90>,<function <lambda> at 0x7fa496287b30>
23866,2022-09-21 09:00:00,<function <lambda> at 0x7fa4962879f0>,<function <lambda> at 0x7fa496287a90>,<function <lambda> at 0x7fa496287b30>
23867,2022-09-21 10:00:00,<function <lambda> at 0x7fa4962879f0>,<function <lambda> at 0x7fa496287a90>,<function <lambda> at 0x7fa496287b30>
23868,2022-09-21 11:00:00,<function <lambda> at 0x7fa4962879f0>,<function <lambda> at 0x7fa496287a90>,<function <lambda> at 0x7fa496287b30>
23869,2022-09-21 12:00:00,<function <lambda> at 0x7fa4962879f0>,<function <lambda> at 0x7fa496287a90>,<function <lambda> at 0x7fa496287b30>
23870,2022-09-21 13:00:00,<function <lambda> at 0x7fa4962879f0>,<function <lambda> at 0x7fa496287a90>,<function <lambda> at 0x7fa496287b30>
23871,2022-09-21 14:00:00,<function <lambda> at 0x7fa4962879f0>,<function <lambda> at 0x7fa496287a90>,<function <lambda> at 0x7fa496287b30>
23872,2022-09-21 15:00:00,<function <lambda> at 0x7fa4962879f0>,<function <lambda> at 0x7fa496287a90>,<function <lambda> at 0x7fa496287b30>
23873,2022-09-21 16:00:00,<function <lambda> at 0x7fa4962879f0>,<function <lambda> at 0x7fa496287a90>,<function <lambda> at 0x7fa496287b30>
23874,2022-09-21 17:00:00,<function <lambda> at 0x7fa4962879f0>,<function <lambda> at 0x7fa496287a90>,<function <lambda> at 0x7fa496287b30>
23875,2022-09-21 18:00:00,<function <lambda> at 0x7fa4962879f0>,<function <lambda> at 0x7fa496287a90>,<function <lambda> at 0x7fa496287b30>
23876,2022-09-21 19:00:00,<function <lambda> at 0x7fa4962879f0>,<function <lambda> at 0x7fa496287a90>,<function <lambda> at 0x7fa496287b30>
23877,2022-09-21 20:00:00,<function <lambda> at 0x7fa4962879f0>,<function <lambda> at 0x7fa496287a90>,<function <lambda> at 0x7fa496287b30>
23878,2022-09-21 21:00:00,<function <lambda> at 0x7fa4962879f0>,<function <lambda> at 0x7fa496287a90>,<function <lambda> at 0x7fa496287b30>
23879,2022-09-21 22:00:00,<function <lambda> at 0x7fa4962879f0>,<function <lambda> at 0x7fa496287a90>,<function <lambda> at 0x7fa496287b30>
23880,2022-09-21 23:00:00,<function <lambda> at 0x7fa4962879f0>,<function <lambda> at 0x7fa496287a90>,<function <lambda> at 0x7fa496287b30>
23881,2022-09-22 00:00:00,<function <lambda> at 0x7fa4962879f0>,<function <lambda> at 0x7fa496287a90>,<function <lambda> at 0x7fa496287b30>
23882,2022-09-22 01:00:00,<function <lambda> at 0x7fa4962879f0>,<function <lambda> at 0x7fa496287a90>,<function <lambda> at 0x7fa496287b30>
23883,2022-09-22 02:00:00,<function <lambda> at 0x7fa4962879f0>,<function <lambda> at 0x7fa496287a90>,<function <lambda> at 0x7fa496287b30>
23884,2022-09-22 03:00:00,<function <lambda> at 0x7fa4962879f0>,<function <lambda> at 0x7fa496287a90>,<function <lambda> at 0x7fa496287b30>
23885,2022-09-22 04:00:00,<function <lambda> at 0x7fa4962879f0>,<function <lambda> at 0x7fa496287a90>,<function <lambda> at 0x7fa496287b30>
23886,2022-09-22 05:00:00,<function <lambda> at 0x7fa4962879f0>,<function <lambda> at 0x7fa496287a90>,<function <lambda> at 0x7fa496287b30>
23887,2022-09-22 06:00:00,<function <lambda> at 0x7fa4962879f0>,<function <lambda> at 0x7fa496287a90>,<function <lambda> at 0x7fa496287b30>
23888,2022-09-22 07:00:00,<function <lambda> at 0x7fa4962879f0>,<function <lambda> at 0x7fa496287a90>,<function <lambda> at 0x7fa496287b30>
23889,2022-09-22 08:00:00,<function <lambda> at 0x7fa4962879f0>,<function <lambda> at 0x7fa496287a90>,<function <lambda> at 0x7fa496287b30>
23890,2022-09-22 09:00:00,<function <lambda> at 0x7fa4962879f0>,<function <lambda> at 0x7fa496287a90>,<function <lambda> at 0x7fa496287b30>
23891,2022-09-22 10:00:00,<function <lambda> at 0x7fa4962879f0>,<function <lambda> at 0x7fa496287a90>,<function <lambda> at 0x7fa496287b30>
23892,2022-09-22 11:00:00,<function <lambda> at 0x7fa4962879f0>,<function <lambda> at 0x7fa496287a90>,<function <lambda> at 0x7fa496287b30>
23893,2022-09-22 12:00:00,<function <lambda> at 0x7fa4962879f0>,<function <lambda> at 0x7fa496287a90>,<function <lambda> at 0x7fa496287b30>
23894,2022-09-22 13:00:00,<function <lambda> at 0x7fa4962879f0>,<function <lambda> at 0x7fa496287a90>,<function <lambda> at 0x7fa496287b30>
23895,2022-09-22 14:00:00,<function <lambda> at 0x7fa4962879f0>,<function <lambda> at 0x7fa496287a90>,<function <lambda> at 0x7fa496287b30>
23896,2022-09-22 15:00:00,<function <lambda> at 0x7fa4962879f0>,<function <lambda> at 0x7fa496287a90>,<function <lambda> at 0x7fa496287b30>
23897,2022-09-22 16:00:00,<function <lambda> at 0x7fa4962879f0>,<function <lambda> at 0x7fa496287a90>,<function <lambda> at 0x7fa496287b30>
23898,2022-09-22 17:00:00,<function <lambda> at 0x7fa4962879f0>,<function <lambda> at 0x7fa496287a90>,<function <lambda> at 0x7fa496287b30>
23899,2022-09-22 18:00:00,<function <lambda> at 0x7fa4962879f0>,<function <lambda> at 0x7fa496287a90>,<function <lambda> at 0x7fa496287b30>
23900,2022-09-22 19:00:00,<function <lambda> at 0x7fa4962879f0>,<function <lambda> at 0x7fa496287a90>,<function <lambda> at 0x7fa496287b30>
23901,2022-09-22 20:00:00,<function <lambda> at 0x7fa4962879f0>,<function <lambda> at 0x7fa496287a90>,<function <lambda> at 0x7fa496287b30>
23902,2022-09-22 21:00:00,<function <lambda> at 0x7fa4962879f0>,<function <lambda> at 0x7fa496287a90>,<function <lambda> at 0x7fa496287b30>
23903,2022-09-22 22:00:00,<function <lambda> at 0x7fa4962879f0>,<function <lambda> at 0x7fa496287a90>,<function <lambda> at 0x7fa496287b30>
23904,2022-09-22 23:00:00,<function <lambda> at 0x7fa4962879f0>,<function <lambda> at 0x7fa496287a90>,<function <lambda> at 0x7fa496287b30>
23905,2022-09-23 00:00:00,<function <lambda> at 0x7fa4962879f0>,<function <lambda> at 0x7fa496287a90>,<function <lambda> at 0x7fa496287b30>
23906,2022-09-23 01:00:00,<function <lambda> at 0x7fa4962879f0>,<function <lambda> at 0x7fa496287a90>,<function <lambda> at 0x7fa496287b30>
23907,2022-09-23 02:00:00,<function <lambda> at 0x7fa4962879f0>,<function <lambda> at 0x7fa496287a90>,<function <lambda> at 0x7fa496287b30>
23908,2022-09-23 03:00:00,<function <lambda> at 0x7fa4962879f0>,<function <lambda> at 0x7fa496287a90>,<function <lambda> at 0x7fa496287b30>
23909,2022-09-23 04:00:00,<function <lambda> at 0x7fa4962879f0>,<function <lambda> at 0x7fa496287a90>,<function <lambda> at 0x7fa496287b30>
23910,2022-09-23 05:00:00,<function <lambda> at 0x7fa4962879f0>,<function <lambda> at 0x7fa496287a90>,<function <lambda> at 0x7fa496287b30>
23911,2022-09-23 06:00:00,<function <lambda> at 0x7fa4962879f0>,<function <lambda> at 0x7fa496287a90>,<function <lambda> at 0x7fa496287b30>
23912,2022-09-23 07:00:00,<function <lambda> at 0x7fa4962879f0>,<function <lambda> at 0x7fa496287a90>,<function <lambda> at 0x7fa496287b30>
23913,2022-09-23 08:00:00,<function <lambda> at 0x7fa4962879f0>,<function <lambda> at 0x7fa496287a90>,<function <lambda> at 0x7fa496287b30>
23914,2022-09-23 09:00:00,<function <lambda> at 0x7fa4962879f0>,<function <lambda> at 0x7fa496287a90>,<function <lambda> at 0x7fa496287b30>
23915,2022-09-23 10:00:00,<function <lambda> at 0x7fa4962879f0>,<function <lambda> at 0x7fa496287a90>,<function <lambda> at 0x7fa496287b30>
23916,2022-09-23 11:00:00,<function <lambda> at 0x7fa4962879f0>,<function <lambda> at 0x7fa496287a90>,<function <lambda> at 0x7fa496287b30>
23917,2022-09-23 12:00:00,<function <lambda> at 0x7fa4962879f0>,<function <lambda> at 0x7fa496287a90>,<function <lambda> at 0x7fa496287b30>
23918,2022-09-23 13:00:00,<function <lambda> at 0x7fa4962879f0>,<function <lambda> at 0x7fa496287a90>,<function <lambda> at 0x7fa496287b30>
23919,2022-09-23 14:00:00,<function <lambda> at 0x7fa4962879f0>,<function <lambda> at 0x7fa496287a90>,<function <lambda> at 0x7fa496287b30>
23920,2022-09-23 15:00:00,<function <lambda> at 0x7fa4962879f0>,<function <lambda> at 0x7fa496287a90>,<function <lambda> at 0x7fa496287b30>
23921,2022-09-23 16:00:00,<function <lambda> at 0x7fa4962879f0>,<function <lambda> at 0x7fa496287a90>,<function <lambda> at 0x7fa496287b30>
23922,2022-09-23 17:00:00,<function <lambda> at 0x7fa4962879f0>,<function <lambda> at 0x7fa496287a90>,<function <lambda> at 0x7fa496287b30>
23923,2022-09-23 18:00:00,<function <lambda> at 0x7fa4962879f0>,<function <lambda> at 0x7fa496287a90>,<function <lambda> at 0x7fa496287b30>
23924,2022-09-23 19:00:00,<function <lambda> at 0x7fa4962879f0>,<function <lambda> at 0x7fa496287a90>,<function <lambda> at 0x7fa496287b30>
23925,2022-09-23 20:00:00,<function <lambda> at 0x7fa4962879f0>,<function <lambda> at 0x7fa496287a90>,<function <lambda> at 0x7fa496287b30>
23926,2022-09-23 21:00:00,<function <lambda> at 0x7fa4962879f0>,<function <lambda> at 0x7fa496287a90>,<function <lambda> at 0x7fa496287b30>
23927,2022-09-23 22:00:00,<function <lambda> at 0x7fa4962879f0>,<function <lambda> at 0x7fa496287a90>,<function <lambda> at 0x7fa496287b30>
23928,2022-09-23 23:00:00,<function <lambda> at 0x7fa4962879f0>,<function <lambda> at 0x7fa496287a90>,<function <lambda> at 0x7fa496287b30>
23929,2022-09-24 00:00:00,<function <lambda> at 0x7fa4962879f0>,<function <lambda> at 0x7fa496287a90>,<function <lambda> at 0x7fa496287b30>
23930,2022-09-24 01:00:00,<function <lambda> at 0x7fa4962879f0>,<function <lambda> at 0x7fa496287a90>,<function <lambda> at 0x7fa496287b30>
23931,2022-09-24 02:00:00,<function <lambda> at 0x7fa4962879f0>,<function <lambda> at 0x7fa496287a90>,<function <lambda> at 0x7fa496287b30>
23932,2022-09-24 03:00:00,<function <lambda> at 0x7fa4962879f0>,<function <lambda> at 0x7fa496287a90>,<function <lambda> at 0x7fa496287b30>
23933,2022-09-24 04:00:00,<function <lambda> at 0x7fa4962879f0>,<function <lambda> at 0x7fa496287a90>,<function <lambda> at 0x7fa496287b30>
23934,2022-09-24 05:00:00,<function <lambda> at 0x7fa4962879f0>,<function <lambda> at 0x7fa496287a90>,<function <lambda> at 0x7fa496287b30>
23935,2022-09-24 06:00:00,<function <lambda> at 0x7fa4962879f0>,<function <lambda> at 0x7fa496287a90>,<function <lambda> at 0x7fa496287b30>
23936,2022-09-24 07:00:00,<function <lambda> at 0x7fa4962879f0>,<function <lambda> at 0x7fa496287a90>,<function <lambda> at 0x7fa496287b30>
23937,2022-09-24 08:00:00,<function <lambda> at 0x7fa4962879f0>,<function <lambda> at 0x7fa496287a90>,<function <lambda> at 0x7fa496287b30>
23938,2022-09-24 09:00:00,<function <lambda> at 0x7fa4962879f0>,<function <lambda> at 0x7fa496287a90>,<function <lambda> at 0x7fa496287b30>
23939,2022-09-24 10:00:00,<function <lambda> at 0x7fa4962879f0>,<function <lambda> at 0x7fa496287a90>,<function <lambda> at 0x7fa496287b30>
23940,2022-09-24 11:00:00,<function <lambda> at 0x7fa4962879f0>,<function <lambda> at 0x7fa496287a90>,<function <lambda> at 0x7fa496287b30>
23941,2022-09-24 12:00:00,<function <lambda> at 0x7fa4962879f0>,<function <lambda> at 0x7fa496287a90>,<function <lambda> at 0x7fa496287b30>
23942,2022-09-24 13:00:00,<function <lambda> at 0x7fa4962879f0>,<function <lambda> at 0x7fa496287a90>,<function <lambda> at 0x7fa496287b30>
23943,2022-09-24 14:00:00,<function <lambda> at 0x7fa4962879f0>,<function <lambda> at 0x7fa496287a90>,<function <lambda> at 0x7fa496287b30>
23944,2022-09-24 15:00:00,<function <lambda> at 0x7fa4962879f0>,<function <lambda> at 0x7fa496287a90>,<function <lambda> at 0x7fa496287b30>
23945,2022-09-24 16:00:00,<function <lambda> at 0x7fa4962879f0>,<function <lambda> at 0x7fa496287a90>,<function <lambda> at 0x7fa496287b30>
23946,2022-09-24 17:00:00,<function <lambda> at 0x7fa4962879f0>,<function <lambda> at 0x7fa496287a90>,<function <lambda> at 0x7fa496287b30>
23947,2022-09-24 18:00:00,<function <lambda> at 0x7fa4962879f0>,<function <lambda> at 0x7fa496287a90>,<function <lambda> at 0x7fa496287b30>
23948,2022-09-24 19:00:00,<function <lambda> at 0x7fa4962879f0>,<function <lambda> at 0x7fa496287a90>,<function <lambda> at 0x7fa496287b30>
23949,2022-09-24 20:00:00,<function <lambda> at 0x7fa4962879f0>,<function <lambda> at 0x7fa496287a90>,<function <lambda> at 0x7fa496287b30>
23950,2022-09-24 21:00:00,<function <lambda> at 0x7fa4962879f0>,<function <lambda> at 0x7fa496287a90>,<function <lambda> at 0x7fa496287b30>
23951,2022-09-24 22:00:00,<function <lambda> at 0x7fa4962879f0>,<function <lambda> at 0x7fa496287a90>,<function <lambda> at 0x7fa496287b30>
23952,2022-09-24 23:00:00,<function <lambda> at 0x7fa4962879f0>,<function <lambda> at 0x7fa496287a90>,<function <lambda> at 0x7fa496287b30>
23953,2022-09-25 00:00:00,<function <lambda> at 0x7fa4962879f0>,<function <lambda> at 0x7fa496287a90>,<function <lambda> at 0x7fa496287b30>
23954,2022-09-25 01:00:00,<function <lambda> at 0x7fa4962879f0>,<function <lambda> at 0x7fa496287a90>,<function <lambda> at 0x7fa496287b30>
23955,2022-09-25 02:00:00,<function <lambda> at 0x7fa4962879f0>,<function <lambda> at 0x7fa496287a90>,<function <lambda> at 0x7fa496287b30>
23956,2022-09-25 03:00:00,<function <lambda> at 0x7fa4962879f0>,<function <lambda> at 0x7fa496287a90>,<function <lambda> at 0x7fa496287b30>
23957,2022-09-25 04:00:00,<function <lambda> at 0x7fa4962879f0>,<function <lambda> at 0x7fa496287a90>,<function <lambda> at 0x7fa496287b30>
23958,2022-09-25 05:00:00,<function <lambda> at 0x7fa4962879f0>,<function <lambda> at 0x7fa496287a90>,<function <lambda> at 0x7fa496287b30>
23959,2022-09-25 06:00:00,<function <lambda> at 0x7fa4962879f0>,<function <lambda> at 0x7fa496287a90>,<function <lambda> at 0x7fa496287b30>
23960,2022-09-25 07:00:00,<function <lambda> at 0x7fa4962879f0>,<function <lambda> at 0x7fa496287a90>,<function <lambda> at 0x7fa496287b30>
23961,2022-09-25 08:00:00,<function <lambda> at 0x7fa4962879f0>,<function <lambda> at 0x7fa496287a90>,<function <lambda> at 0x7fa496287b30>
23962,2022-09-25 09:00:00,<function <lambda> at 0x7fa4962879f0>,<function <lambda> at 0x7fa496287a90>,<function <lambda> at 0x7fa496287b30>
23963,2022-09-25 10:00:00,<function <lambda> at 0x7fa4962879f0>,<function <lambda> at 0x7fa496287a90>,<function <lambda> at 0x7fa496287b30>
23964,2022-09-25 11:00:00,<function <lambda> at 0x7fa4962879f0>,<function <lambda> at 0x7fa496287a90>,<function <lambda> at 0x7fa496287b30>
23965,2022-09-25 12:00:00,<function <lambda> at 0x7fa4962879f0>,<function <lambda> at 0x7fa496287a90>,<function <lambda> at 0x7fa496287b30>
23966,2022-09-25 13:00:00,<function <lambda> at 0x7fa4962879f0>,<function <lambda> at 0x7fa496287a90>,<function <lambda> at 0x7fa496287b30>
23967,2022-09-25 14:00:00,<function <lambda> at 0x7fa4962879f0>,<function <lambda> at 0x7fa496287a90>,<function <lambda> at 0x7fa496287b30>
23968,2022-09-25 15:00:00,<function <lambda> at 0x7fa4962879f0>,<function <lambda> at 0x7fa496287a90>,<function <lambda> at 0x7fa496287b30>
23969,2022-09-25 16:00:00,<function <lambda> at 0x7fa4962879f0>,<function <lambda> at 0x7fa496287a90>,<function <lambda> at 0x7fa496287b30>
23970,2022-09-25 17:00:00,<function <lambda> at 0x7fa4962879f0>,<function <lambda> at 0x7fa496287a90>,<function <lambda> at 0x7fa496287b30>
23971,2022-09-25 18:00:00,<function <lambda> at 0x7fa4962879f0>,<function <lambda> at 0x7fa496287a90>,<function <lambda> at 0x7fa496287b30>
23972,2022-09-25 19:00:00,<function <lambda> at 0x7fa4962879f0>,<function <lambda> at 0x7fa496287a90>,<function <lambda> at 0x7fa496287b30>
23973,2022-09-25 20:00:00,<function <lambda> at 0x7fa4962879f0>,<function <lambda> at 0x7fa496287a90>,<function <lambda> at 0x7fa496287b30>
23974,2022-09-25 21:00:00,<function <lambda> at 0x7fa4962879f0>,<function <lambda> at 0x7fa496287a90>,<function <lambda> at 0x7fa496287b30>
23975,2022-09-25 22:00:00,<function <lambda> at 0x7fa4962879f0>,<function <lambda> at 0x7fa496287a90>,<function <lambda> at 0x7fa496287b30>
23976,2022-09-25 23:00:00,<function <lambda> at 0x7fa4962879f0>,<function <lambda> at 0x7fa496287a90>,<function <lambda> at 0x7fa496287b30>
23977,2022-09-26 00:00:00,<function <lambda> at 0x7fa4962879f0>,<function <lambda> at 0x7fa496287a90>,<function <lambda> at 0x7fa496287b30>
23978,2022-09-26 01:00:00,<function <lambda> at 0x7fa4962879f0>,<function <lambda> at 0x7fa496287a90>,<function <lambda> at 0x7fa496287b30>
23979,2022-09-26 02:00:00,<function <lambda> at 0x7fa4962879f0>,<function <lambda> at 0x7fa496287a90>,<function <lambda> at 0x7fa496287b30>
23980,2022-09-26 03:00:00,<function <lambda> at 0x7fa4962879f0>,<function <lambda> at 0x7fa496287a90>,<function <lambda> at 0x7fa496287b30>
23981,2022-09-26 04:00:00,<function <lambda> at 0x7fa4962879f0>,<function <lambda> at 0x7fa496287a90>,<function <lambda> at 0x7fa496287b30>
23982,2022-09-26 05:00:00,<function <lambda> at 0x7fa4962879f0>,<function <lambda> at 0x7fa496287a90>,<function <lambda> at 0x7fa496287b30>
23983,2022-09-26 06:00:00,<function <lambda> at 0x7fa4962879f0>,<function <lambda> at 0x7fa496287a90>,<function <lambda> at 0x7fa496287b30>
23984,2022-09-26 07:00:00,<function <lambda> at 0x7fa4962879f0>,<function <lambda> at 0x7fa496287a90>,<function <lambda> at 0x7fa496287b30>
23985,2022-09-26 08:00:00,<function <lambda> at 0x7fa4962879f0>,<function <lambda> at 0x7fa496287a90>,<function <lambda> at 0x7fa496287b30>
23986,2022-09-26 09:00:00,<function <lambda> at 0x7fa4962879f0>,<function <lambda> at 0x7fa496287a90>,<function <lambda> at 0x7fa496287b30>
23987,2022-09-26 10:00:00,<function <lambda> at 0x7fa4962879f0>,<function <lambda> at 0x7fa496287a90>,<function <lambda> at 0x7fa496287b30>
23988,2022-09-26 11:00:00,<function <lambda> at 0x7fa4962879f0>,<function <lambda> at 0x7fa496287a90>,<function <lambda> at 0x7fa496287b30>
23989,2022-09-26 12:00:00,<function <lambda> at 0x7fa4962879f0>,<function <lambda> at 0x7fa496287a90>,<function <lambda> at 0x7fa496287b30>
23990,2022-09-26 13:00:00,<function <lambda> at 0x7fa4962879f0>,<function <lambda> at 0x7fa496287a90>,<function <lambda> at 0x7fa496287b30>
23991,2022-09-26 14:00:00,<function <lambda> at 0x7fa4962879f0>,<function <lambda> at 0x7fa496287a90>,<function <lambda> at 0x7fa496287b30>
23992,2022-09-26 15:00:00,<function <lambda> at 0x7fa4962879f0>,<function <lambda> at 0x7fa496287a90>,<function <lambda> at 0x7fa496287b30>
23993,2022-09-26 16:00:00,<function <lambda> at 0x7fa4962879f0>,<function <lambda> at 0x7fa496287a90>,<function <lambda> at 0x7fa496287b30>
23994,2022-09-26 17:00:00,<function <lambda> at 0x7fa4962879f0>,<function <lambda> at 0x7fa496287a90>,<function <lambda> at 0x7fa496287b30>
23995,2022-09-26 18:00:00,<function <lambda> at 0x7fa4962879f0>,<function <lambda> at 0x7fa496287a90>,<function <lambda> at 0x7fa496287b30>
23996,2022-09-26 19:00:00,<function <lambda> at 0x7fa4962879f0>,<function <lambda> at 0x7fa496287a90>,<function <lambda> at 0x7fa496287b30>
23997,2022-09-26 20:00:00,<function <lambda> at 0x7fa4962879f0>,<function <lambda> at 0x7fa496287a90>,<function <lambda> at 0x7fa496287b30>
23998,2022-09-26 21:00:00,<function <lambda> at 0x7fa4962879f0>,<function <lambda> at 0x7fa496287a90>,<function <lambda> at 0x7fa496287b30>
23999,2022-09-26 22:00:00,<function <lambda> at 0x7fa4962879f0>,<function <lambda> at 0x7fa496287a90>,<function <lambda> at 0x7fa496287b30>
24000,2022-09-26 23:00:00,<function <lambda> at 0x7fa4962879f0>,<function <lambda> at 0x7fa496287a90>,<function <lambda> at 0x7fa496287b30>
24001,2022-09-27 00:00:00,<function <lambda> at 0x7fa4962879f0>,<function <lambda> at 0x7fa496287a90>,<function <lambda> at 0x7fa496287b30>
24002,2022-09-27 01:00:00,<function <lambda> at 0x7fa4962879f0>,<function <lambda> at 0x7fa496287a90>,<function <lambda> at 0x7fa496287b30>
24003,2022-09-27 02:00:00,<function <lambda> at 0x7fa4962879f0>,<function <lambda> at 0x7fa496287a90>,<function <lambda> at 0x7fa496287b30>
24004,2022-09-27 03:00:00,<function <lambda> at 0x7fa4962879f0>,<function <lambda> at 0x7fa496287a90>,<function <lambda> at 0x7fa496287b30>
24005,2022-09-27 04:00:00,<function <lambda> at 0x7fa4962879f0>,<function <lambda> at 0x7fa496287a90>,<function <lambda> at 0x7fa496287b30>
24006,2022-09-27 05:00:00,<function <lambda> at 0x7fa4962879f0>,<function <lambda> at 0x7fa496287a90>,<function <lambda> at 0x7fa496287b30>
24007,2022-09-27 06:00:00,<function <lambda> at 0x7fa4962879f0>,<function <lambda> at 0x7fa496287a90>,<function <lambda> at 0x7fa496287b30>
24008,2022-09-27 07:00:00,<function <lambda> at 0x7fa4962879f0>,<function <lambda> at 0x7fa496287a90>,<function <lambda> at 0x7fa496287b30>
24009,2022-09-27 08:00:00,<function <lambda> at 0x7fa4962879f0>,<function <lambda> at 0x7fa496287a90>,<function <lambda> at 0x7fa496287b30>
24010,2022-09-27 09:00:00,<function <lambda> at 0x7fa4962879f0>,<function <lambda> at 0x7fa496287a90>,<function <lambda> at 0x7fa496287b30>
24011,2022-09-27 10:00:00,<function <lambda> at 0x7fa4962879f0>,<function <lambda> at 0x7fa496287a90>,<function <lambda> at 0x7fa496287b30>
24012,2022-09-27 11:00:00,<function <lambda> at 0x7fa4962879f0>,<function <lambda> at 0x7fa496287a90>,<function <lambda> at 0x7fa496287b30>
24013,2022-09-27 12:00:00,<function <lambda> at 0x7fa4962879f0>,<function <lambda> at 0x7fa496287a90>,<function <lambda> at 0x7fa496287b30>
24014,2022-09-27 13:00:00,<function <lambda> at 0x7fa4962879f0>,<function <lambda> at 0x7fa496287a90>,<function <lambda> at 0x7fa496287b30>
24015,2022-09-27 14:00:00,<function <lambda> at 0x7fa4962879f0>,<function <lambda> at 0x7fa496287a90>,<function <lambda> at 0x7fa496287b30>
24016,2022-09-27 15:00:00,<function <lambda> at 0x7fa4962879f0>,<function <lambda> at 0x7fa496287a90>,<function <lambda> at 0x7fa496287b30>
24017,2022-09-27 16:00:00,<function <lambda> at 0x7fa4962879f0>,<function <lambda> at 0x7fa496287a90>,<function <lambda> at 0x7fa496287b30>
24018,2022-09-27 17:00:00,<function <lambda> at 0x7fa4962879f0>,<function <lambda> at 0x7fa496287a90>,<function <lambda> at 0x7fa496287b30>
24019,2022-09-27 18:00:00,<function <lambda> at 0x7fa4962879f0>,<function <lambda> at 0x7fa496287a90>,<function <lambda> at 0x7fa496287b30>
24020,2022-09-27 19:00:00,<function <lambda> at 0x7fa4962879f0>,<function <lambda> at 0x7fa496287a90>,<function <lambda> at 0x7fa496287b30>
24021,2022-09-27 20:00:00,<function <lambda> at 0x7fa4962879f0>,<function <lambda> at 0x7fa496287a90>,<function <lambda> at 0x7fa496287b30>
24022,2022-09-27 21:00:00,<function <lambda> at 0x7fa4962879f0>,<function <lambda> at 0x7fa496287a90>,<function <lambda> at 0x7fa496287b30>
24023,2022-09-27 22:00:00,<function <lambda> at 0x7fa4962879f0>,<function <lambda> at 0x7fa496287a90>,<function <lambda> at 0x7fa496287b30>
24024,2022-09-27 23:00:00,<function <lambda> at 0x7fa4962879f0>,<function <lambda> at 0x7fa496287a90>,<function <lambda> at 0x7fa496287b30>
24025,2022-09-28 00:00:00,<function <lambda> at 0x7fa4962879f0>,<function <lambda> at 0x7fa496287a90>,<function <lambda> at 0x7fa496287b30>
24026,2022-09-28 01:00:00,<function <lambda> at 0x7fa4962879f0>,<function <lambda> at 0x7fa496287a90>,<function <lambda> at 0x7fa496287b30>
24027,2022-09-28 02:00:00,<function <lambda> at 0x7fa4962879f0>,<function <lambda> at 0x7fa496287a90>,<function <lambda> at 0x7fa496287b30>
24028,2022-09-28 03:00:00,<function <lambda> at 0x7fa4962879f0>,<function <lambda> at 0x7fa496287a90>,<function <lambda> at 0x7fa496287b30>
24029,2022-09-28 04:00:00,<function <lambda> at 0x7fa4962879f0>,<function <lambda> at 0x7fa496287a90>,<function <lambda> at 0x7fa496287b30>
24030,2022-09-28 05:00:00,<function <lambda> at 0x7fa4962879f0>,<function <lambda> at 0x7fa496287a90>,<function <lambda> at 0x7fa496287b30>
24031,2022-09-28 06:00:00,<function <lambda> at 0x7fa4962879f0>,<function <lambda> at 0x7fa496287a90>,<function <lambda> at 0x7fa496287b30>
24032,2022-09-28 07:00:00,<function <lambda> at 0x7fa4962879f0>,<function <lambda> at 0x7fa496287a90>,<function <lambda> at 0x7fa496287b30>
24033,2022-09-28 08:00:00,<function <lambda> at 0x7fa4962879f0>,<function <lambda> at 0x7fa496287a90>,<function <lambda> at 0x7fa496287b30>
24034,2022-09-28 09:00:00,<function <lambda> at 0x7fa4962879f0>,<function <lambda> at 0x7fa496287a90>,<function <lambda> at 0x7fa496287b30>
24035,2022-09-28 10:00:00,<function <lambda> at 0x7fa4962879f0>,<function <lambda> at 0x7fa496287a90>,<function <lambda> at 0x7fa496287b30>
24036,2022-09-28 11:00:00,<function <lambda> at 0x7fa4962879f0>,<function <lambda> at 0x7fa496287a90>,<function <lambda> at 0x7fa496287b30>
24037,2022-09-28 12:00:00,<function <lambda> at 0x7fa4962879f0>,<function <lambda> at 0x7fa496287a90>,<function <lambda> at 0x7fa496287b30>
24038,2022-09-28 13:00:00,<function <lambda> at 0x7fa4962879f0>,<function <lambda> at 0x7fa496287a90>,<function <lambda> at 0x7fa496287b30>
24039,2022-09-28 14:00:00,<function <lambda> at 0x7fa4962879f0>,<function <lambda> at 0x7fa496287a90>,<function <lambda> at 0x7fa496287b30>
24040,2022-09-28 15:00:00,<function <lambda> at 0x7fa4962879f0>,<function <lambda> at 0x7fa496287a90>,<function <lambda> at 0x7fa496287b30>
24041,2022-09-28 16:00:00,<function <lambda> at 0x7fa4962879f0>,<function <lambda> at 0x7fa496287a90>,<function <lambda> at 0x7fa496287b30>
24042,2022-09-28 17:00:00,<function <lambda> at 0x7fa4962879f0>,<function <lambda> at 0x7fa496287a90>,<function <lambda> at 0x7fa496287b30>
24043,2022-09-28 18:00:00,<function <lambda> at 0x7fa4962879f0>,<function <lambda> at 0x7fa496287a90>,<function <lambda> at 0x7fa496287b30>
24044,2022-09-28 19:00:00,<function <lambda> at 0x7fa4962879f0>,<function <lambda> at 0x7fa496287a90>,<function <lambda> at 0x7fa496287b30>
24045,2022-09-28 20:00:00,<function <lambda> at 0x7fa4962879f0>,<function <lambda> at 0x7fa496287a90>,<function <lambda> at 0x7fa496287b30>
24046,2022-09-28 21:00:00,<function <lambda> at 0x7fa4962879f0>,<function <lambda> at 0x7fa496287a90>,<function <lambda> at 0x7fa496287b30>
24047,2022-09-28 22:00:00,<function <lambda> at 0x7fa4962879f0>,<function <lambda> at 0x7fa496287a90>,<function <lambda> at 0x7fa496287b30>
24048,2022-09-28 23:00:00,<function <lambda> at 0x7fa4962879f0>,<function <lambda> at 0x7fa496287a90>,<function <lambda> at 0x7fa496287b30>
24049,2022-09-29 00:00:00,<function <lambda> at 0x7fa4962879f0>,<function <lambda> at 0x7fa496287a90>,<function <lambda> at 0x7fa496287b30>
24050,2022-09-29 01:00:00,<function <lambda> at 0x7fa4962879f0>,<function <lambda> at 0x7fa496287a90>,<function <lambda> at 0x7fa496287b30>
24051,2022-09-29 02:00:00,<function <lambda> at 0x7fa4962879f0>,<function <lambda> at 0x7fa496287a90>,<function <lambda> at 0x7fa496287b30>
24052,2022-09-29 03:00:00,<function <lambda> at 0x7fa4962879f0>,<function <lambda> at 0x7fa496287a90>,<function <lambda> at 0x7fa496287b30>
24053,2022-09-29 04:00:00,<function <lambda> at 0x7fa4962879f0>,<function <lambda> at 0x7fa496287a90>,<function <lambda> at 0x7fa496287b30>
24054,2022-09-29 05:00:00,<function <lambda> at 0x7fa4962879f0>,<function <lambda> at 0x7fa496287a90>,<function <lambda> at 0x7fa496287b30>
24055,2022-09-29 06:00:00,<function <lambda> at 0x7fa4962879f0>,<function <lambda> at 0x7fa496287a90>,<function <lambda> at 0x7fa496287b30>
24056,2022-09-29 07:00:00,<function <lambda> at 0x7fa4962879f0>,<function <lambda> at 0x7fa496287a90>,<function <lambda> at 0x7fa496287b30>
24057,2022-09-29 08:00:00,<function <lambda> at 0x7fa4962879f0>,<function <lambda> at 0x7fa496287a90>,<function <lambda> at 0x7fa496287b30>
24058,2022-09-29 09:00:00,<function <lambda> at 0x7fa4962879f0>,<function <lambda> at 0x7fa496287a90>,<function <lambda> at 0x7fa496287b30>
24059,2022-09-29 10:00:00,<function <lambda> at 0x7fa4962879f0>,<function <lambda> at 0x7fa496287a90>,<function <lambda> at 0x7fa496287b30>
24060,2022-09-29 11:00:00,<function <lambda> at 0x7fa4962879f0>,<function <lambda> at 0x7fa496287a90>,<function <lambda> at 0x7fa496287b30>
24061,2022-09-29 12:00:00,<function <lambda> at 0x7fa4962879f0>,<function <lambda> at 0x7fa496287a90>,<function <lambda> at 0x7fa496287b30>
24062,2022-09-29 13:00:00,<function <lambda> at 0x7fa4962879f0>,<function <lambda> at 0x7fa496287a90>,<function <lambda> at 0x7fa496287b30>
24063,2022-09-29 14:00:00,<function <lambda> at 0x7fa4962879f0>,<function <lambda> at 0x7fa496287a90>,<function <lambda> at 0x7fa496287b30>
24064,2022-09-29 15:00:00,<function <lambda> at 0x7fa4962879f0>,<function <lambda> at 0x7fa496287a90>,<function <lambda> at 0x7fa496287b30>
24065,2022-09-29 16:00:00,<function <lambda> at 0x7fa4962879f0>,<function <lambda> at 0x7fa496287a90>,<function <lambda> at 0x7fa496287b30>
24066,2022-09-29 17:00:00,<function <lambda> at 0x7fa4962879f0>,<function <lambda> at 0x7fa496287a90>,<function <lambda> at 0x7fa496287b30>
24067,2022-09-29 18:00:00,<function <lambda> at 0x7fa4962879f0>,<function <lambda> at 0x7fa496287a90>,<function <lambda> at 0x7fa496287b30>
24068,2022-09-29 19:00:00,<function <lambda> at 0x7fa4962879f0>,<function <lambda> at 0x7fa496287a90>,<function <lambda> at 0x7fa496287b30>
24069,2022-09-29 20:00:00,<function <lambda> at 0x7fa4962879f0>,<function <lambda> at 0x7fa496287a90>,<function <lambda> at 0x7fa496287b30>
24070,2022-09-29 21:00:00,<function <lambda> at 0x7fa4962879f0>,<function <lambda> at 0x7fa496287a90>,<function <lambda> at 0x7fa496287b30>
24071,2022-09-29 22:00:00,<function <lambda> at 0x7fa4962879f0>,<function <lambda> at 0x7fa496287a90>,<function <lambda> at 0x7fa496287b30>
24072,2022-09-29 23:00:00,<function <lambda> at 0x7fa4962879f0>,<function <lambda> at 0x7fa496287a90>,<function <lambda> at 0x7fa496287b30>
24073,2022-09-30 00:00:00,<function <lambda> at 0x7fa4962879f0>,<function <lambda> at 0x7fa496287a90>,<function <lambda> at 0x7fa496287b30>
24074,2022-09-30 01:00:00,<function <lambda> at 0x7fa4962879f0>,<function <lambda> at 0x7fa496287a90>,<function <lambda> at 0x7fa496287b30>
24075,2022-09-30 02:00:00,<function <lambda> at 0x7fa4962879f0>,<function <lambda> at 0x7fa496287a90>,<function <lambda> at 0x7fa496287b30>
24076,2022-09-30 03:00:00,<function <lambda> at 0x7fa4962879f0>,<function <lambda> at 0x7fa496287a90>,<function <lambda> at 0x7fa496287b30>
24077,2022-09-30 04:00:00,<function <lambda> at 0x7fa4962879f0>,<function <lambda> at 0x7fa496287a90>,<function <lambda> at 0x7fa496287b30>
24078,2022-09-30 05:00:00,<function <lambda> at 0x7fa4962879f0>,<function <lambda> at 0x7fa496287a90>,<function <lambda> at 0x7fa496287b30>
24079,2022-09-30 06:00:00,<function <lambda> at 0x7fa4962879f0>,<function <lambda> at 0x7fa496287a90>,<function <lambda> at 0x7fa496287b30>
24080,2022-09-30 07:00:00,<function <lambda> at 0x7fa4962879f0>,<function <lambda> at 0x7fa496287a90>,<function <lambda> at 0x7fa496287b30>
24081,2022-09-30 08:00:00,<function <lambda> at 0x7fa4962879f0>,<function <lambda> at 0x7fa496287a90>,<function <lambda> at 0x7fa496287b30>
24082,2022-09-30 09:00:00,<function <lambda> at 0x7fa4962879f0>,<function <lambda> at 0x7fa496287a90>,<function <lambda> at 0x7fa496287b30>
24083,2022-09-30 10:00:00,<function <lambda> at 0x7fa4962879f0>,<function <lambda> at 0x7fa496287a90>,<function <lambda> at 0x7fa496287b30>
24084,2022-09-30 11:00:00,<function <lambda> at 0x7fa4962879f0>,<function <lambda> at 0x7fa496287a90>,<function <lambda> at 0x7fa496287b30>
24085,2022-09-30 12:00:00,<function <lambda> at 0x7fa4962879f0>,<function <lambda> at 0x7fa496287a90>,<function <lambda> at 0x7fa496287b30>
24086,2022-09-30 13:00:00,<function <lambda> at 0x7fa4962879f0>,<function <lambda> at 0x7fa496287a90>,<function <lambda> at 0x7fa496287b30>
24087,2022-09-30 14:00:00,<function <lambda> at 0x7fa4962879f0>,<function <lambda> at 0x7fa496287a90>,<function <lambda> at 0x7fa496287b30>
24088,2022-09-30 15:00:00,<function <lambda> at 0x7fa4962879f0>,<function <lambda> at 0x7fa496287a90>,<function <lambda> at 0x7fa496287b30>
24089,2022-09-30 16:00:00,<function <lambda> at 0x7fa4962879f0>,<function <lambda> at 0x7fa496287a90>,<function <lambda> at 0x7fa496287b30>
24090,2022-09-30 17:00:00,<function <lambda> at 0x7fa4962879f0>,<function <lambda> at 0x7fa496287a90>,<function <lambda> at 0x7fa496287b30>
24091,2022-09-30 18:00:00,<function <lambda> at 0x7fa4962879f0>,<function <lambda> at 0x7fa496287a90>,<function <lambda> at 0x7fa496287b30>
24092,2022-09-30 19:00:00,<function <lambda> at 0x7fa4962879f0>,<function <lambda> at 0x7fa496287a90>,<function <lambda> at 0x7fa496287b30>
24093,2022-09-30 20:00:00,<function <lambda> at 0x7fa4962879f0>,<function <lambda> at 0x7fa496287a90>,<function <lambda> at 0x7fa496287b30>
24094,2022-09-30 21:00:00,<function <lambda> at 0x7fa4962879f0>,<function <lambda> at 0x7fa496287a90>,<function <lambda> at 0x7fa496287b30>
24095,2022-09-30 22:00:00,<function <lambda> at 0x7fa4962879f0>,<function <lambda> at 0x7fa496287a90>,<function <lambda> at 0x7fa496287b30>
24096,2022-09-30 23:00:00,<function <lambda> at 0x7fa4962879f0>,<function <lambda> at 0x7fa496287a90>,<function <lambda> at 0x7fa496287b30>
24097,2022-10-01 00:00:00,<function <lambda> at 0x7fa4962879f0>,<function <lambda> at 0x7fa496287a90>,<function <lambda> at 0x7fa496287b30>
24098,2022-10-01 01:00:00,<function <lambda> at 0x7fa4962879f0>,<function <lambda> at 0x7fa496287a90>,<function <lambda> at 0x7fa496287b30>
24099,2022-10-01 02:00:00,<function <lambda> at 0x7fa4962879f0>,<function <lambda> at 0x7fa496287a90>,<function <lambda> at 0x7fa496287b30>
24100,2022-10-01 03:00:00,<function <lambda> at 0x7fa4962879f0>,<function <lambda> at 0x7fa496287a90>,<function <lambda> at 0x7fa496287b30>
24101,2022-10-01 04:00:00,<function <lambda> at 0x7fa4962879f0>,<function <lambda> at 0x7fa496287a90>,<function <lambda> at 0x7fa496287b30>
24102,2022-10-01 05:00:00,<function <lambda> at 0x7fa4962879f0>,<function <lambda> at 0x7fa496287a90>,<function <lambda> at 0x7fa496287b30>
24103,2022-10-01 06:00:00,<function <lambda> at 0x7fa4962879f0>,<function <lambda> at 0x7fa496287a90>,<function <lambda> at 0x7fa496287b30>
24104,2022-10-01 07:00:00,<function <lambda> at 0x7fa4962879f0>,<function <lambda> at 0x7fa496287a90>,<function <lambda> at 0x7fa496287b30>
24105,2022-10-01 08:00:00,<function <lambda> at 0x7fa4962879f0>,<function <lambda> at 0x7fa496287a90>,<function <lambda> at 0x7fa496287b30>
24106,2022-10-01 09:00:00,<function <lambda> at 0x7fa4962879f0>,<function <lambda> at 0x7fa496287a90>,<function <lambda> at 0x7fa496287b30>
24107,2022-10-01 10:00:00,<function <lambda> at 0x7fa4962879f0>,<function <lambda> at 0x7fa496287a90>,<function <lambda> at 0x7fa496287b30>
24108,2022-10-01 11:00:00,<function <lambda> at 0x7fa4962879f0>,<function <lambda> at 0x7fa496287a90>,<function <lambda> at 0x7fa496287b30>
24109,2022-10-01 12:00:00,<function <lambda> at 0x7fa4962879f0>,<function <lambda> at 0x7fa496287a90>,<function <lambda> at 0x7fa496287b30>
24110,2022-10-01 13:00:00,<function <lambda> at 0x7fa4962879f0>,<function <lambda> at 0x7fa496287a90>,<function <lambda> at 0x7fa496287b30>
24111,2022-10-01 14:00:00,<function <lambda> at 0x7fa4962879f0>,<function <lambda> at 0x7fa496287a90>,<function <lambda> at 0x7fa496287b30>
24112,2022-10-01 15:00:00,<function <lambda> at 0x7fa4962879f0>,<function <lambda> at 0x7fa496287a90>,<function <lambda> at 0x7fa496287b30>
24113,2022-10-01 16:00:00,<function <lambda> at 0x7fa4962879f0>,<function <lambda> at 0x7fa496287a90>,<function <lambda> at 0x7fa496287b30>
24114,2022-10-01 17:00:00,<function <lambda> at 0x7fa4962879f0>,<function <lambda> at 0x7fa496287a90>,<function <lambda> at 0x7fa496287b30>
24115,2022-10-01 18:00:00,<function <lambda> at 0x7fa4962879f0>,<function <lambda> at 0x7fa496287a90>,<function <lambda> at 0x7fa496287b30>
24116,2022-10-01 19:00:00,<function <lambda> at 0x7fa4962879f0>,<function <lambda> at 0x7fa496287a90>,<function <lambda> at 0x7fa496287b30>
24117,2022-10-01 20:00:00,<function <lambda> at 0x7fa4962879f0>,<function <lambda> at 0x7fa496287a90>,<function <lambda> at 0x7fa496287b30>
24118,2022-10-01 21:00:00,<function <lambda> at 0x7fa4962879f0>,<function <lambda> at 0x7fa496287a90>,<function <lambda> at 0x7fa496287b30>
24119,2022-10-01 22:00:00,<function <lambda> at 0x7fa4962879f0>,<function <lambda> at 0x7fa496287a90>,<function <lambda> at 0x7fa496287b30>
24120,2022-10-01 23:00:00,<function <lambda> at 0x7fa4962879f0>,<function <lambda> at 0x7fa496287a90>,<function <lambda> at 0x7fa496287b30>
24121,2022-10-02 00:00:00,<function <lambda> at 0x7fa4962879f0>,<function <lambda> at 0x7fa496287a90>,<function <lambda> at 0x7fa496287b30>
24122,2022-10-02 01:00:00,<function <lambda> at 0x7fa4962879f0>,<function <lambda> at 0x7fa496287a90>,<function <lambda> at 0x7fa496287b30>
24123,2022-10-02 02:00:00,<function <lambda> at 0x7fa4962879f0>,<function <lambda> at 0x7fa496287a90>,<function <lambda> at 0x7fa496287b30>
24124,2022-10-02 03:00:00,<function <lambda> at 0x7fa4962879f0>,<function <lambda> at 0x7fa496287a90>,<function <lambda> at 0x7fa496287b30>
24125,2022-10-02 04:00:00,<function <lambda> at 0x7fa4962879f0>,<function <lambda> at 0x7fa496287a90>,<function <lambda> at 0x7fa496287b30>
24126,2022-10-02 05:00:00,<function <lambda> at 0x7fa4962879f0>,<function <lambda> at 0x7fa496287a90>,<function <lambda> at 0x7fa496287b30>
24127,2022-10-02 06:00:00,<function <lambda> at 0x7fa4962879f0>,<function <lambda> at 0x7fa496287a90>,<function <lambda> at 0x7fa496287b30>
24128,2022-10-02 07:00:00,<function <lambda> at 0x7fa4962879f0>,<function <lambda> at 0x7fa496287a90>,<function <lambda> at 0x7fa496287b30>
24129,2022-10-02 08:00:00,<function <lambda> at 0x7fa4962879f0>,<function <lambda> at 0x7fa496287a90>,<function <lambda> at 0x7fa496287b30>
24130,2022-10-02 09:00:00,<function <lambda> at 0x7fa4962879f0>,<function <lambda> at 0x7fa496287a90>,<function <lambda> at 0x7fa496287b30>
24131,2022-10-02 10:00:00,<function <lambda> at 0x7fa4962879f0>,<function <lambda> at 0x7fa496287a90>,<function <lambda> at 0x7fa496287b30>
24132,2022-10-02 11:00:00,<function <lambda> at 0x7fa4962879f0>,<function <lambda> at 0x7fa496287a90>,<function <lambda> at 0x7fa496287b30>
24133,2022-10-02 12:00:00,<function <lambda> at 0x7fa4962879f0>,<function <lambda> at 0x7fa496287a90>,<function <lambda> at 0x7fa496287b30>
24134,2022-10-02 13:00:00,<function <lambda> at 0x7fa4962879f0>,<function <lambda> at 0x7fa496287a90>,<function <lambda> at 0x7fa496287b30>
24135,2022-10-02 14:00:00,<function <lambda> at 0x7fa4962879f0>,<function <lambda> at 0x7fa496287a90>,<function <lambda> at 0x7fa496287b30>
24136,2022-10-02 15:00:00,<function <lambda> at 0x7fa4962879f0>,<function <lambda> at 0x7fa496287a90>,<function <lambda> at 0x7fa496287b30>
24137,2022-10-02 16:00:00,<function <lambda> at 0x7fa4962879f0>,<function <lambda> at 0x7fa496287a90>,<function <lambda> at 0x7fa496287b30>
24138,2022-10-02 17:00:00,<function <lambda> at 0x7fa4962879f0>,<function <lambda> at 0x7fa496287a90>,<function <lambda> at 0x7fa496287b30>
24139,2022-10-02 18:00:00,<function <lambda> at 0x7fa4962879f0>,<function <lambda> at 0x7fa496287a90>,<function <lambda> at 0x7fa496287b30>
24140,2022-10-02 19:00:00,<function <lambda> at 0x7fa4962879f0>,<function <lambda> at 0x7fa496287a90>,<function <lambda> at 0x7fa496287b30>
24141,2022-10-02 20:00:00,<function <lambda> at 0x7fa4962879f0>,<function <lambda> at 0x7fa496287a90>,<function <lambda> at 0x7fa496287b30>
24142,2022-10-02 21:00:00,<function <lambda> at 0x7fa4962879f0>,<function <lambda> at 0x7fa496287a90>,<function <lambda> at 0x7fa496287b30>
24143,2022-10-02 22:00:00,<function <lambda> at 0x7fa4962879f0>,<function <lambda> at 0x7fa496287a90>,<function <lambda> at 0x7fa496287b30>
24144,2022-10-02 23:00:00,<function <lambda> at 0x7fa4962879f0>,<function <lambda> at 0x7fa496287a90>,<function <lambda> at 0x7fa496287b30>
24145,2022-10-03 00:00:00,<function <lambda> at 0x7fa4962879f0>,<function <lambda> at 0x7fa496287a90>,<function <lambda> at 0x7fa496287b30>
24146,2022-10-03 01:00:00,<function <lambda> at 0x7fa4962879f0>,<function <lambda> at 0x7fa496287a90>,<function <lambda> at 0x7fa496287b30>
24147,2022-10-03 02:00:00,<function <lambda> at 0x7fa4962879f0>,<function <lambda> at 0x7fa496287a90>,<function <lambda> at 0x7fa496287b30>
24148,2022-10-03 03:00:00,<function <lambda> at 0x7fa4962879f0>,<function <lambda> at 0x7fa496287a90>,<function <lambda> at 0x7fa496287b30>
24149,2022-10-03 04:00:00,<function <lambda> at 0x7fa4962879f0>,<function <lambda> at 0x7fa496287a90>,<function <lambda> at 0x7fa496287b30>
24150,2022-10-03 05:00:00,<function <lambda> at 0x7fa4962879f0>,<function <lambda> at 0x7fa496287a90>,<function <lambda> at 0x7fa496287b30>
24151,2022-10-03 06:00:00,<function <lambda> at 0x7fa4962879f0>,<function <lambda> at 0x7fa496287a90>,<function <lambda> at 0x7fa496287b30>
24152,2022-10-03 07:00:00,<function <lambda> at 0x7fa4962879f0>,<function <lambda> at 0x7fa496287a90>,<function <lambda> at 0x7fa496287b30>
24153,2022-10-03 08:00:00,<function <lambda> at 0x7fa4962879f0>,<function <lambda> at 0x7fa496287a90>,<function <lambda> at 0x7fa496287b30>
24154,2022-10-03 09:00:00,<function <lambda> at 0x7fa4962879f0>,<function <lambda> at 0x7fa496287a90>,<function <lambda> at 0x7fa496287b30>
24155,2022-10-03 10:00:00,<function <lambda> at 0x7fa4962879f0>,<function <lambda> at 0x7fa496287a90>,<function <lambda> at 0x7fa496287b30>
24156,2022-10-03 11:00:00,<function <lambda> at 0x7fa4962879f0>,<function <lambda> at 0x7fa496287a90>,<function <lambda> at 0x7fa496287b30>
24157,2022-10-03 12:00:00,<function <lambda> at 0x7fa4962879f0>,<function <lambda> at 0x7fa496287a90>,<function <lambda> at 0x7fa496287b30>
24158,2022-10-03 13:00:00,<function <lambda> at 0x7fa4962879f0>,<function <lambda> at 0x7fa496287a90>,<function <lambda> at 0x7fa496287b30>
24159,2022-10-03 14:00:00,<function <lambda> at 0x7fa4962879f0>,<function <lambda> at 0x7fa496287a90>,<function <lambda> at 0x7fa496287b30>
24160,2022-10-03 15:00:00,<function <lambda> at 0x7fa4962879f0>,<function <lambda> at 0x7fa496287a90>,<function <lambda> at 0x7fa496287b30>
24161,2022-10-03 16:00:00,<function <lambda> at 0x7fa4962879f0>,<function <lambda> at 0x7fa496287a90>,<function <lambda> at 0x7fa496287b30>
24162,2022-10-03 17:00:00,<function <lambda> at 0x7fa4962879f0>,<function <lambda> at 0x7fa496287a90>,<function <lambda> at 0x7fa496287b30>
24163,2022-10-03 18:00:00,<function <lambda> at 0x7fa4962879f0>,<function <lambda> at 0x7fa496287a90>,<function <lambda> at 0x7fa496287b30>
24164,2022-10-03 19:00:00,<function <lambda> at 0x7fa4962879f0>,<function <lambda> at 0x7fa496287a90>,<function <lambda> at 0x7fa496287b30>
24165,2022-10-03 20:00:00,<function <lambda> at 0x7fa4962879f0>,<function <lambda> at 0x7fa496287a90>,<function <lambda> at 0x7fa496287b30>
24166,2022-10-03 21:00:00,<function <lambda> at 0x7fa4962879f0>,<function <lambda> at 0x7fa496287a90>,<function <lambda> at 0x7fa496287b30>
24167,2022-10-03 22:00:00,<function <lambda> at 0x7fa4962879f0>,<function <lambda> at 0x7fa496287a90>,<function <lambda> at 0x7fa496287b30>
24168,2022-10-03 23:00:00,<function <lambda> at 0x7fa4962879f0>,<function <lambda> at 0x7fa496287a90>,<function <lambda> at 0x7fa496287b30>
24169,2022-10-04 00:00:00,<function <lambda> at 0x7fa4962879f0>,<function <lambda> at 0x7fa496287a90>,<function <lambda> at 0x7fa496287b30>
24170,2022-10-04 01:00:00,<function <lambda> at 0x7fa4962879f0>,<function <lambda> at 0x7fa496287a90>,<function <lambda> at 0x7fa496287b30>
24171,2022-10-04 02:00:00,<function <lambda> at 0x7fa4962879f0>,<function <lambda> at 0x7fa496287a90>,<function <lambda> at 0x7fa496287b30>
24172,2022-10-04 03:00:00,<function <lambda> at 0x7fa4962879f0>,<function <lambda> at 0x7fa496287a90>,<function <lambda> at 0x7fa496287b30>
24173,2022-10-04 04:00:00,<function <lambda> at 0x7fa4962879f0>,<function <lambda> at 0x7fa496287a90>,<function <lambda> at 0x7fa496287b30>
24174,2022-10-04 05:00:00,<function <lambda> at 0x7fa4962879f0>,<function <lambda> at 0x7fa496287a90>,<function <lambda> at 0x7fa496287b30>
24175,2022-10-04 06:00:00,<function <lambda> at 0x7fa4962879f0>,<function <lambda> at 0x7fa496287a90>,<function <lambda> at 0x7fa496287b30>
24176,2022-10-04 07:00:00,<function <lambda> at 0x7fa4962879f0>,<function <lambda> at 0x7fa496287a90>,<function <lambda> at 0x7fa496287b30>
24177,2022-10-04 08:00:00,<function <lambda> at 0x7fa4962879f0>,<function <lambda> at 0x7fa496287a90>,<function <lambda> at 0x7fa496287b30>
24178,2022-10-04 09:00:00,<function <lambda> at 0x7fa4962879f0>,<function <lambda> at 0x7fa496287a90>,<function <lambda> at 0x7fa496287b30>
24179,2022-10-04 10:00:00,<function <lambda> at 0x7fa4962879f0>,<function <lambda> at 0x7fa496287a90>,<function <lambda> at 0x7fa496287b30>
24180,2022-10-04 11:00:00,<function <lambda> at 0x7fa4962879f0>,<function <lambda> at 0x7fa496287a90>,<function <lambda> at 0x7fa496287b30>
24181,2022-10-04 12:00:00,<function <lambda> at 0x7fa4962879f0>,<function <lambda> at 0x7fa496287a90>,<function <lambda> at 0x7fa496287b30>
24182,2022-10-04 13:00:00,<function <lambda> at 0x7fa4962879f0>,<function <lambda> at 0x7fa496287a90>,<function <lambda> at 0x7fa496287b30>
24183,2022-10-04 14:00:00,<function <lambda> at 0x7fa4962879f0>,<function <lambda> at 0x7fa496287a90>,<function <lambda> at 0x7fa496287b30>
24184,2022-10-04 15:00:00,<function <lambda> at 0x7fa4962879f0>,<function <lambda> at 0x7fa496287a90>,<function <lambda> at 0x7fa496287b30>
24185,2022-10-04 16:00:00,<function <lambda> at 0x7fa4962879f0>,<function <lambda> at 0x7fa496287a90>,<function <lambda> at 0x7fa496287b30>
24186,2022-10-04 17:00:00,<function <lambda> at 0x7fa4962879f0>,<function <lambda> at 0x7fa496287a90>,<function <lambda> at 0x7fa496287b30>
24187,2022-10-04 18:00:00,<function <lambda> at 0x7fa4962879f0>,<function <lambda> at 0x7fa496287a90>,<function <lambda> at 0x7fa496287b30>
24188,2022-10-04 19:00:00,<function <lambda> at 0x7fa4962879f0>,<function <lambda> at 0x7fa496287a90>,<function <lambda> at 0x7fa496287b30>
24189,2022-10-04 20:00:00,<function <lambda> at 0x7fa4962879f0>,<function <lambda> at 0x7fa496287a90>,<function <lambda> at 0x7fa496287b30>
24190,2022-10-04 21:00:00,<function <lambda> at 0x7fa4962879f0>,<function <lambda> at 0x7fa496287a90>,<function <lambda> at 0x7fa496287b30>
24191,2022-10-04 22:00:00,<function <lambda> at 0x7fa4962879f0>,<function <lambda> at 0x7fa496287a90>,<function <lambda> at 0x7fa496287b30>
24192,2022-10-04 23:00:00,<function <lambda> at 0x7fa4962879f0>,<function <lambda> at 0x7fa496287a90>,<function <lambda> at 0x7fa496287b30>
24193,2022-10-05 00:00:00,<function <lambda> at 0x7fa4962879f0>,<function <lambda> at 0x7fa496287a90>,<function <lambda> at 0x7fa496287b30>
24194,2022-10-05 01:00:00,<function <lambda> at 0x7fa4962879f0>,<function <lambda> at 0x7fa496287a90>,<function <lambda> at 0x7fa496287b30>
24195,2022-10-05 02:00:00,<function <lambda> at 0x7fa4962879f0>,<function <lambda> at 0x7fa496287a90>,<function <lambda> at 0x7fa496287b30>
24196,2022-10-05 03:00:00,<function <lambda> at 0x7fa4962879f0>,<function <lambda> at 0x7fa496287a90>,<function <lambda> at 0x7fa496287b30>
24197,2022-10-05 04:00:00,<function <lambda> at 0x7fa4962879f0>,<function <lambda> at 0x7fa496287a90>,<function <lambda> at 0x7fa496287b30>
24198,2022-10-05 05:00:00,<function <lambda> at 0x7fa4962879f0>,<function <lambda> at 0x7fa496287a90>,<function <lambda> at 0x7fa496287b30>
24199,2022-10-05 06:00:00,<function <lambda> at 0x7fa4962879f0>,<function <lambda> at 0x7fa496287a90>,<function <lambda> at 0x7fa496287b30>
24200,2022-10-05 07:00:00,<function <lambda> at 0x7fa4962879f0>,<function <lambda> at 0x7fa496287a90>,<function <lambda> at 0x7fa496287b30>
24201,2022-10-05 08:00:00,<function <lambda> at 0x7fa4962879f0>,<function <lambda> at 0x7fa496287a90>,<function <lambda> at 0x7fa496287b30>
24202,2022-10-05 09:00:00,<function <lambda> at 0x7fa4962879f0>,<function <lambda> at 0x7fa496287a90>,<function <lambda> at 0x7fa496287b30>
24203,2022-10-05 10:00:00,<function <lambda> at 0x7fa4962879f0>,<function <lambda> at 0x7fa496287a90>,<function <lambda> at 0x7fa496287b30>
24204,2022-10-05 11:00:00,<function <lambda> at 0x7fa4962879f0>,<function <lambda> at 0x7fa496287a90>,<function <lambda> at 0x7fa496287b30>
24205,2022-10-05 12:00:00,<function <lambda> at 0x7fa4962879f0>,<function <lambda> at 0x7fa496287a90>,<function <lambda> at 0x7fa496287b30>
24206,2022-10-05 13:00:00,<function <lambda> at 0x7fa4962879f0>,<function <lambda> at 0x7fa496287a90>,<function <lambda> at 0x7fa496287b30>
24207,2022-10-05 14:00:00,<function <lambda> at 0x7fa4962879f0>,<function <lambda> at 0x7fa496287a90>,<function <lambda> at 0x7fa496287b30>
24208,2022-10-05 15:00:00,<function <lambda> at 0x7fa4962879f0>,<function <lambda> at 0x7fa496287a90>,<function <lambda> at 0x7fa496287b30>
24209,2022-10-05 16:00:00,<function <lambda> at 0x7fa4962879f0>,<function <lambda> at 0x7fa496287a90>,<function <lambda> at 0x7fa496287b30>
24210,2022-10-05 17:00:00,<function <lambda> at 0x7fa4962879f0>,<function <lambda> at 0x7fa496287a90>,<function <lambda> at 0x7fa496287b30>
24211,2022-10-05 18:00:00,<function <lambda> at 0x7fa4962879f0>,<function <lambda> at 0x7fa496287a90>,<function <lambda> at 0x7fa496287b30>
24212,2022-10-05 19:00:00,<function <lambda> at 0x7fa4962879f0>,<function <lambda> at 0x7fa496287a90>,<function <lambda> at 0x7fa496287b30>
24213,2022-10-05 20:00:00,<function <lambda> at 0x7fa4962879f0>,<function <lambda> at 0x7fa496287a90>,<function <lambda> at 0x7fa496287b30>
24214,2022-10-05 21:00:00,<function <lambda> at 0x7fa4962879f0>,<function <lambda> at 0x7fa496287a90>,<function <lambda> at 0x7fa496287b30>
24215,2022-10-05 22:00:00,<function <lambda> at 0x7fa4962879f0>,<function <lambda> at 0x7fa496287a90>,<function <lambda> at 0x7fa496287b30>
24216,2022-10-05 23:00:00,<function <lambda> at 0x7fa4962879f0>,<function <lambda> at 0x7fa496287a90>,<function <lambda> at 0x7fa496287b30>
24217,2022-10-06 00:00:00,<function <lambda> at 0x7fa4962879f0>,<function <lambda> at 0x7fa496287a90>,<function <lambda> at 0x7fa496287b30>
24218,2022-10-06 01:00:00,<function <lambda> at 0x7fa4962879f0>,<function <lambda> at 0x7fa496287a90>,<function <lambda> at 0x7fa496287b30>
24219,2022-10-06 02:00:00,<function <lambda> at 0x7fa4962879f0>,<function <lambda> at 0x7fa496287a90>,<function <lambda> at 0x7fa496287b30>
24220,2022-10-06 03:00:00,<function <lambda> at 0x7fa4962879f0>,<function <lambda> at 0x7fa496287a90>,<function <lambda> at 0x7fa496287b30>
24221,2022-10-06 04:00:00,<function <lambda> at 0x7fa4962879f0>,<function <lambda> at 0x7fa496287a90>,<function <lambda> at 0x7fa496287b30>
24222,2022-10-06 05:00:00,<function <lambda> at 0x7fa4962879f0>,<function <lambda> at 0x7fa496287a90>,<function <lambda> at 0x7fa496287b30>
24223,2022-10-06 06:00:00,<function <lambda> at 0x7fa4962879f0>,<function <lambda> at 0x7fa496287a90>,<function <lambda> at 0x7fa496287b30>
24224,2022-10-06 07:00:00,<function <lambda> at 0x7fa4962879f0>,<function <lambda> at 0x7fa496287a90>,<function <lambda> at 0x7fa496287b30>
24225,2022-10-06 08:00:00,<function <lambda> at 0x7fa4962879f0>,<function <lambda> at 0x7fa496287a90>,<function <lambda> at 0x7fa496287b30>
24226,2022-10-06 09:00:00,<function <lambda> at 0x7fa4962879f0>,<function <lambda> at 0x7fa496287a90>,<function <lambda> at 0x7fa496287b30>
24227,2022-10-06 10:00:00,<function <lambda> at 0x7fa4962879f0>,<function <lambda> at 0x7fa496287a90>,<function <lambda> at 0x7fa496287b30>
24228,2022-10-06 11:00:00,<function <lambda> at 0x7fa4962879f0>,<function <lambda> at 0x7fa496287a90>,<function <lambda> at 0x7fa496287b30>
24229,2022-10-06 12:00:00,<function <lambda> at 0x7fa4962879f0>,<function <lambda> at 0x7fa496287a90>,<function <lambda> at 0x7fa496287b30>
24230,2022-10-06 13:00:00,<function <lambda> at 0x7fa4962879f0>,<function <lambda> at 0x7fa496287a90>,<function <lambda> at 0x7fa496287b30>
24231,2022-10-06 14:00:00,<function <lambda> at 0x7fa4962879f0>,<function <lambda> at 0x7fa496287a90>,<function <lambda> at 0x7fa496287b30>
24232,2022-10-06 15:00:00,<function <lambda> at 0x7fa4962879f0>,<function <lambda> at 0x7fa496287a90>,<function <lambda> at 0x7fa496287b30>
24233,2022-10-06 16:00:00,<function <lambda> at 0x7fa4962879f0>,<function <lambda> at 0x7fa496287a90>,<function <lambda> at 0x7fa496287b30>
24234,2022-10-06 17:00:00,<function <lambda> at 0x7fa4962879f0>,<function <lambda> at 0x7fa496287a90>,<function <lambda> at 0x7fa496287b30>
24235,2022-10-06 18:00:00,<function <lambda> at 0x7fa4962879f0>,<function <lambda> at 0x7fa496287a90>,<function <lambda> at 0x7fa496287b30>
24236,2022-10-06 19:00:00,<function <lambda> at 0x7fa4962879f0>,<function <lambda> at 0x7fa496287a90>,<function <lambda> at 0x7fa496287b30>
24237,2022-10-06 20:00:00,<function <lambda> at 0x7fa4962879f0>,<function <lambda> at 0x7fa496287a90>,<function <lambda> at 0x7fa496287b30>
24238,2022-10-06 21:00:00,<function <lambda> at 0x7fa4962879f0>,<function <lambda> at 0x7fa496287a90>,<function <lambda> at 0x7fa496287b30>
24239,2022-10-06 22:00:00,<function <lambda> at 0x7fa4962879f0>,<function <lambda> at 0x7fa496287a90>,<function <lambda> at 0x7fa496287b30>
24240,2022-10-06 23:00:00,<function <lambda> at 0x7fa4962879f0>,<function <lambda> at 0x7fa496287a90>,<function <lambda> at 0x7fa496287b30>
24241,2022-10-07 00:00:00,<function <lambda> at 0x7fa4962879f0>,<function <lambda> at 0x7fa496287a90>,<function <lambda> at 0x7fa496287b30>
24242,2022-10-07 01:00:00,<function <lambda> at 0x7fa4962879f0>,<function <lambda> at 0x7fa496287a90>,<function <lambda> at 0x7fa496287b30>
24243,2022-10-07 02:00:00,<function <lambda> at 0x7fa4962879f0>,<function <lambda> at 0x7fa496287a90>,<function <lambda> at 0x7fa496287b30>
24244,2022-10-07 03:00:00,<function <lambda> at 0x7fa4962879f0>,<function <lambda> at 0x7fa496287a90>,<function <lambda> at 0x7fa496287b30>
24245,2022-10-07 04:00:00,<function <lambda> at 0x7fa4962879f0>,<function <lambda> at 0x7fa496287a90>,<function <lambda> at 0x7fa496287b30>
24246,2022-10-07 05:00:00,<function <lambda> at 0x7fa4962879f0>,<function <lambda> at 0x7fa496287a90>,<function <lambda> at 0x7fa496287b30>
24247,2022-10-07 06:00:00,<function <lambda> at 0x7fa4962879f0>,<function <lambda> at 0x7fa496287a90>,<function <lambda> at 0x7fa496287b30>
24248,2022-10-07 07:00:00,<function <lambda> at 0x7fa4962879f0>,<function <lambda> at 0x7fa496287a90>,<function <lambda> at 0x7fa496287b30>
24249,2022-10-07 08:00:00,<function <lambda> at 0x7fa4962879f0>,<function <lambda> at 0x7fa496287a90>,<function <lambda> at 0x7fa496287b30>
24250,2022-10-07 09:00:00,<function <lambda> at 0x7fa4962879f0>,<function <lambda> at 0x7fa496287a90>,<function <lambda> at 0x7fa496287b30>
24251,2022-10-07 10:00:00,<function <lambda> at 0x7fa4962879f0>,<function <lambda> at 0x7fa496287a90>,<function <lambda> at 0x7fa496287b30>
24252,2022-10-07 11:00:00,<function <lambda> at 0x7fa4962879f0>,<function <lambda> at 0x7fa496287a90>,<function <lambda> at 0x7fa496287b30>
24253,2022-10-07 12:00:00,<function <lambda> at 0x7fa4962879f0>,<function <lambda> at 0x7fa496287a90>,<function <lambda> at 0x7fa496287b30>
24254,2022-10-07 13:00:00,<function <lambda> at 0x7fa4962879f0>,<function <lambda> at 0x7fa496287a90>,<function <lambda> at 0x7fa496287b30>
24255,2022-10-07 14:00:00,<function <lambda> at 0x7fa4962879f0>,<function <lambda> at 0x7fa496287a90>,<function <lambda> at 0x7fa496287b30>
24256,2022-10-07 15:00:00,<function <lambda> at 0x7fa4962879f0>,<function <lambda> at 0x7fa496287a90>,<function <lambda> at 0x7fa496287b30>
24257,2022-10-07 16:00:00,<function <lambda> at 0x7fa4962879f0>,<function <lambda> at 0x7fa496287a90>,<function <lambda> at 0x7fa496287b30>
24258,2022-10-07 17:00:00,<function <lambda> at 0x7fa4962879f0>,<function <lambda> at 0x7fa496287a90>,<function <lambda> at 0x7fa496287b30>
24259,2022-10-07 18:00:00,<function <lambda> at 0x7fa4962879f0>,<function <lambda> at 0x7fa496287a90>,<function <lambda> at 0x7fa496287b30>
24260,2022-10-07 19:00:00,<function <lambda> at 0x7fa4962879f0>,<function <lambda> at 0x7fa496287a90>,<function <lambda> at 0x7fa496287b30>
24261,2022-10-07 20:00:00,<function <lambda> at 0x7fa4962879f0>,<function <lambda> at 0x7fa496287a90>,<function <lambda> at 0x7fa496287b30>
24262,2022-10-07 21:00:00,<function <lambda> at 0x7fa4962879f0>,<function <lambda> at 0x7fa496287a90>,<function <lambda> at 0x7fa496287b30>
24263,2022-10-07 22:00:00,<function <lambda> at 0x7fa4962879f0>,<function <lambda> at 0x7fa496287a90>,<function <lambda> at 0x7fa496287b30>
24264,2022-10-07 23:00:00,<function <lambda> at 0x7fa4962879f0>,<function <lambda> at 0x7fa496287a90>,<function <lambda> at 0x7fa496287b30>
24265,2022-10-08 00:00:00,<function <lambda> at 0x7fa4962879f0>,<function <lambda> at 0x7fa496287a90>,<function <lambda> at 0x7fa496287b30>
24266,2022-10-08 01:00:00,<function <lambda> at 0x7fa4962879f0>,<function <lambda> at 0x7fa496287a90>,<function <lambda> at 0x7fa496287b30>
24267,2022-10-08 02:00:00,<function <lambda> at 0x7fa4962879f0>,<function <lambda> at 0x7fa496287a90>,<function <lambda> at 0x7fa496287b30>
24268,2022-10-08 03:00:00,<function <lambda> at 0x7fa4962879f0>,<function <lambda> at 0x7fa496287a90>,<function <lambda> at 0x7fa496287b30>
24269,2022-10-08 04:00:00,<function <lambda> at 0x7fa4962879f0>,<function <lambda> at 0x7fa496287a90>,<function <lambda> at 0x7fa496287b30>
24270,2022-10-08 05:00:00,<function <lambda> at 0x7fa4962879f0>,<function <lambda> at 0x7fa496287a90>,<function <lambda> at 0x7fa496287b30>
24271,2022-10-08 06:00:00,<function <lambda> at 0x7fa4962879f0>,<function <lambda> at 0x7fa496287a90>,<function <lambda> at 0x7fa496287b30>
24272,2022-10-08 07:00:00,<function <lambda> at 0x7fa4962879f0>,<function <lambda> at 0x7fa496287a90>,<function <lambda> at 0x7fa496287b30>
24273,2022-10-08 08:00:00,<function <lambda> at 0x7fa4962879f0>,<function <lambda> at 0x7fa496287a90>,<function <lambda> at 0x7fa496287b30>
24274,2022-10-08 09:00:00,<function <lambda> at 0x7fa4962879f0>,<function <lambda> at 0x7fa496287a90>,<function <lambda> at 0x7fa496287b30>
24275,2022-10-08 10:00:00,<function <lambda> at 0x7fa4962879f0>,<function <lambda> at 0x7fa496287a90>,<function <lambda> at 0x7fa496287b30>
24276,2022-10-08 11:00:00,<function <lambda> at 0x7fa4962879f0>,<function <lambda> at 0x7fa496287a90>,<function <lambda> at 0x7fa496287b30>
24277,2022-10-08 12:00:00,<function <lambda> at 0x7fa4962879f0>,<function <lambda> at 0x7fa496287a90>,<function <lambda> at 0x7fa496287b30>
24278,2022-10-08 13:00:00,<function <lambda> at 0x7fa4962879f0>,<function <lambda> at 0x7fa496287a90>,<function <lambda> at 0x7fa496287b30>
24279,2022-10-08 14:00:00,<function <lambda> at 0x7fa4962879f0>,<function <lambda> at 0x7fa496287a90>,<function <lambda> at 0x7fa496287b30>
24280,2022-10-08 15:00:00,<function <lambda> at 0x7fa4962879f0>,<function <lambda> at 0x7fa496287a90>,<function <lambda> at 0x7fa496287b30>
24281,2022-10-08 16:00:00,<function <lambda> at 0x7fa4962879f0>,<function <lambda> at 0x7fa496287a90>,<function <lambda> at 0x7fa496287b30>
24282,2022-10-08 17:00:00,<function <lambda> at 0x7fa4962879f0>,<function <lambda> at 0x7fa496287a90>,<function <lambda> at 0x7fa496287b30>
24283,2022-10-08 18:00:00,<function <lambda> at 0x7fa4962879f0>,<function <lambda> at 0x7fa496287a90>,<function <lambda> at 0x7fa496287b30>
24284,2022-10-08 19:00:00,<function <lambda> at 0x7fa4962879f0>,<function <lambda> at 0x7fa496287a90>,<function <lambda> at 0x7fa496287b30>
24285,2022-10-08 20:00:00,<function <lambda> at 0x7fa4962879f0>,<function <lambda> at 0x7fa496287a90>,<function <lambda> at 0x7fa496287b30>
24286,2022-10-08 21:00:00,<function <lambda> at 0x7fa4962879f0>,<function <lambda> at 0x7fa496287a90>,<function <lambda> at 0x7fa496287b30>
24287,2022-10-08 22:00:00,<function <lambda> at 0x7fa4962879f0>,<function <lambda> at 0x7fa496287a90>,<function <lambda> at 0x7fa496287b30>
24288,2022-10-08 23:00:00,<function <lambda> at 0x7fa4962879f0>,<function <lambda> at 0x7fa496287a90>,<function <lambda> at 0x7fa496287b30>
24289,2022-10-09 00:00:00,<function <lambda> at 0x7fa4962879f0>,<function <lambda> at 0x7fa496287a90>,<function <lambda> at 0x7fa496287b30>
24290,2022-10-09 01:00:00,<function <lambda> at 0x7fa4962879f0>,<function <lambda> at 0x7fa496287a90>,<function <lambda> at 0x7fa496287b30>
24291,2022-10-09 02:00:00,<function <lambda> at 0x7fa4962879f0>,<function <lambda> at 0x7fa496287a90>,<function <lambda> at 0x7fa496287b30>
24292,2022-10-09 03:00:00,<function <lambda> at 0x7fa4962879f0>,<function <lambda> at 0x7fa496287a90>,<function <lambda> at 0x7fa496287b30>
24293,2022-10-09 04:00:00,<function <lambda> at 0x7fa4962879f0>,<function <lambda> at 0x7fa496287a90>,<function <lambda> at 0x7fa496287b30>
24294,2022-10-09 05:00:00,<function <lambda> at 0x7fa4962879f0>,<function <lambda> at 0x7fa496287a90>,<function <lambda> at 0x7fa496287b30>
24295,2022-10-09 06:00:00,<function <lambda> at 0x7fa4962879f0>,<function <lambda> at 0x7fa496287a90>,<function <lambda> at 0x7fa496287b30>
24296,2022-10-09 07:00:00,<function <lambda> at 0x7fa4962879f0>,<function <lambda> at 0x7fa496287a90>,<function <lambda> at 0x7fa496287b30>
24297,2022-10-09 08:00:00,<function <lambda> at 0x7fa4962879f0>,<function <lambda> at 0x7fa496287a90>,<function <lambda> at 0x7fa496287b30>
24298,2022-10-09 09:00:00,<function <lambda> at 0x7fa4962879f0>,<function <lambda> at 0x7fa496287a90>,<function <lambda> at 0x7fa496287b30>
24299,2022-10-09 10:00:00,<function <lambda> at 0x7fa4962879f0>,<function <lambda> at 0x7fa496287a90>,<function <lambda> at 0x7fa496287b30>
24300,2022-10-09 11:00:00,<function <lambda> at 0x7fa4962879f0>,<function <lambda> at 0x7fa496287a90>,<function <lambda> at 0x7fa496287b30>
24301,2022-10-09 12:00:00,<function <lambda> at 0x7fa4962879f0>,<function <lambda> at 0x7fa496287a90>,<function <lambda> at 0x7fa496287b30>
24302,2022-10-09 13:00:00,<function <lambda> at 0x7fa4962879f0>,<function <lambda> at 0x7fa496287a90>,<function <lambda> at 0x7fa496287b30>
24303,2022-10-09 14:00:00,<function <lambda> at 0x7fa4962879f0>,<function <lambda> at 0x7fa496287a90>,<function <lambda> at 0x7fa496287b30>
24304,2022-10-09 15:00:00,<function <lambda> at 0x7fa4962879f0>,<function <lambda> at 0x7fa496287a90>,<function <lambda> at 0x7fa496287b30>
24305,2022-10-09 16:00:00,<function <lambda> at 0x7fa4962879f0>,<function <lambda> at 0x7fa496287a90>,<function <lambda> at 0x7fa496287b30>
24306,2022-10-09 17:00:00,<function <lambda> at 0x7fa4962879f0>,<function <lambda> at 0x7fa496287a90>,<function <lambda> at 0x7fa496287b30>
24307,2022-10-09 18:00:00,<function <lambda> at 0x7fa4962879f0>,<function <lambda> at 0x7fa496287a90>,<function <lambda> at 0x7fa496287b30>
24308,2022-10-09 19:00:00,<function <lambda> at 0x7fa4962879f0>,<function <lambda> at 0x7fa496287a90>,<function <lambda> at 0x7fa496287b30>
24309,2022-10-09 20:00:00,<function <lambda> at 0x7fa4962879f0>,<function <lambda> at 0x7fa496287a90>,<function <lambda> at 0x7fa496287b30>
24310,2022-10-09 21:00:00,<function <lambda> at 0x7fa4962879f0>,<function <lambda> at 0x7fa496287a90>,<function <lambda> at 0x7fa496287b30>
24311,2022-10-09 22:00:00,<function <lambda> at 0x7fa4962879f0>,<function <lambda> at 0x7fa496287a90>,<function <lambda> at 0x7fa496287b30>
24312,2022-10-09 23:00:00,<function <lambda> at 0x7fa4962879f0>,<function <lambda> at 0x7fa496287a90>,<function <lambda> at 0x7fa496287b30>
24313,2022-10-10 00:00:00,<function <lambda> at 0x7fa4962879f0>,<function <lambda> at 0x7fa496287a90>,<function <lambda> at 0x7fa496287b30>
24314,2022-10-10 01:00:00,<function <lambda> at 0x7fa4962879f0>,<function <lambda> at 0x7fa496287a90>,<function <lambda> at 0x7fa496287b30>
24315,2022-10-10 02:00:00,<function <lambda> at 0x7fa4962879f0>,<function <lambda> at 0x7fa496287a90>,<function <lambda> at 0x7fa496287b30>
24316,2022-10-10 03:00:00,<function <lambda> at 0x7fa4962879f0>,<function <lambda> at 0x7fa496287a90>,<function <lambda> at 0x7fa496287b30>
24317,2022-10-10 04:00:00,<function <lambda> at 0x7fa4962879f0>,<function <lambda> at 0x7fa496287a90>,<function <lambda> at 0x7fa496287b30>
24318,2022-10-10 05:00:00,<function <lambda> at 0x7fa4962879f0>,<function <lambda> at 0x7fa496287a90>,<function <lambda> at 0x7fa496287b30>
24319,2022-10-10 06:00:00,<function <lambda> at 0x7fa4962879f0>,<function <lambda> at 0x7fa496287a90>,<function <lambda> at 0x7fa496287b30>
24320,2022-10-10 07:00:00,<function <lambda> at 0x7fa4962879f0>,<function <lambda> at 0x7fa496287a90>,<function <lambda> at 0x7fa496287b30>
24321,2022-10-10 08:00:00,<function <lambda> at 0x7fa4962879f0>,<function <lambda> at 0x7fa496287a90>,<function <lambda> at 0x7fa496287b30>
24322,2022-10-10 09:00:00,<function <lambda> at 0x7fa4962879f0>,<function <lambda> at 0x7fa496287a90>,<function <lambda> at 0x7fa496287b30>
24323,2022-10-10 10:00:00,<function <lambda> at 0x7fa4962879f0>,<function <lambda> at 0x7fa496287a90>,<function <lambda> at 0x7fa496287b30>
24324,2022-10-10 11:00:00,<function <lambda> at 0x7fa4962879f0>,<function <lambda> at 0x7fa496287a90>,<function <lambda> at 0x7fa496287b30>
24325,2022-10-10 12:00:00,<function <lambda> at 0x7fa4962879f0>,<function <lambda> at 0x7fa496287a90>,<function <lambda> at 0x7fa496287b30>
24326,2022-10-10 13:00:00,<function <lambda> at 0x7fa4962879f0>,<function <lambda> at 0x7fa496287a90>,<function <lambda> at 0x7fa496287b30>
24327,2022-10-10 14:00:00,<function <lambda> at 0x7fa4962879f0>,<function <lambda> at 0x7fa496287a90>,<function <lambda> at 0x7fa496287b30>
24328,2022-10-10 15:00:00,<function <lambda> at 0x7fa4962879f0>,<function <lambda> at 0x7fa496287a90>,<function <lambda> at 0x7fa496287b30>
24329,2022-10-10 16:00:00,<function <lambda> at 0x7fa4962879f0>,<function <lambda> at 0x7fa496287a90>,<function <lambda> at 0x7fa496287b30>
24330,2022-10-10 17:00:00,<function <lambda> at 0x7fa4962879f0>,<function <lambda> at 0x7fa496287a90>,<function <lambda> at 0x7fa496287b30>
24331,2022-10-10 18:00:00,<function <lambda> at 0x7fa4962879f0>,<function <lambda> at 0x7fa496287a90>,<function <lambda> at 0x7fa496287b30>
24332,2022-10-10 19:00:00,<function <lambda> at 0x7fa4962879f0>,<function <lambda> at 0x7fa496287a90>,<function <lambda> at 0x7fa496287b30>
24333,2022-10-10 20:00:00,<function <lambda> at 0x7fa4962879f0>,<function <lambda> at 0x7fa496287a90>,<function <lambda> at 0x7fa496287b30>
24334,2022-10-10 21:00:00,<function <lambda> at 0x7fa4962879f0>,<function <lambda> at 0x7fa496287a90>,<function <lambda> at 0x7fa496287b30>
24335,2022-10-10 22:00:00,<function <lambda> at 0x7fa4962879f0>,<function <lambda> at 0x7fa496287a90>,<function <lambda> at 0x7fa496287b30>
24336,2022-10-10 23:00:00,<function <lambda> at 0x7fa4962879f0>,<function <lambda> at 0x7fa496287a90>,<function <lambda> at 0x7fa496287b30>
24337,2022-10-11 00:00:00,<function <lambda> at 0x7fa4962879f0>,<function <lambda> at 0x7fa496287a90>,<function <lambda> at 0x7fa496287b30>
24338,2022-10-11 01:00:00,<function <lambda> at 0x7fa4962879f0>,<function <lambda> at 0x7fa496287a90>,<function <lambda> at 0x7fa496287b30>
24339,2022-10-11 02:00:00,<function <lambda> at 0x7fa4962879f0>,<function <lambda> at 0x7fa496287a90>,<function <lambda> at 0x7fa496287b30>
24340,2022-10-11 03:00:00,<function <lambda> at 0x7fa4962879f0>,<function <lambda> at 0x7fa496287a90>,<function <lambda> at 0x7fa496287b30>
24341,2022-10-11 04:00:00,<function <lambda> at 0x7fa4962879f0>,<function <lambda> at 0x7fa496287a90>,<function <lambda> at 0x7fa496287b30>
24342,2022-10-11 05:00:00,<function <lambda> at 0x7fa4962879f0>,<function <lambda> at 0x7fa496287a90>,<function <lambda> at 0x7fa496287b30>
24343,2022-10-11 06:00:00,<function <lambda> at 0x7fa4962879f0>,<function <lambda> at 0x7fa496287a90>,<function <lambda> at 0x7fa496287b30>
24344,2022-10-11 07:00:00,<function <lambda> at 0x7fa4962879f0>,<function <lambda> at 0x7fa496287a90>,<function <lambda> at 0x7fa496287b30>
24345,2022-10-11 08:00:00,<function <lambda> at 0x7fa4962879f0>,<function <lambda> at 0x7fa496287a90>,<function <lambda> at 0x7fa496287b30>
24346,2022-10-11 09:00:00,<function <lambda> at 0x7fa4962879f0>,<function <lambda> at 0x7fa496287a90>,<function <lambda> at 0x7fa496287b30>
24347,2022-10-11 10:00:00,<function <lambda> at 0x7fa4962879f0>,<function <lambda> at 0x7fa496287a90>,<function <lambda> at 0x7fa496287b30>
24348,2022-10-11 11:00:00,<function <lambda> at 0x7fa4962879f0>,<function <lambda> at 0x7fa496287a90>,<function <lambda> at 0x7fa496287b30>
24349,2022-10-11 12:00:00,<function <lambda> at 0x7fa4962879f0>,<function <lambda> at 0x7fa496287a90>,<function <lambda> at 0x7fa496287b30>
24350,2022-10-11 13:00:00,<function <lambda> at 0x7fa4962879f0>,<function <lambda> at 0x7fa496287a90>,<function <lambda> at 0x7fa496287b30>
24351,2022-10-11 14:00:00,<function <lambda> at 0x7fa4962879f0>,<function <lambda> at 0x7fa496287a90>,<function <lambda> at 0x7fa496287b30>
24352,2022-10-11 15:00:00,<function <lambda> at 0x7fa4962879f0>,<function <lambda> at 0x7fa496287a90>,<function <lambda> at 0x7fa496287b30>
24353,2022-10-11 16:00:00,<function <lambda> at 0x7fa4962879f0>,<function <lambda> at 0x7fa496287a90>,<function <lambda> at 0x7fa496287b30>
24354,2022-10-11 17:00:00,<function <lambda> at 0x7fa4962879f0>,<function <lambda> at 0x7fa496287a90>,<function <lambda> at 0x7fa496287b30>
24355,2022-10-11 18:00:00,<function <lambda> at 0x7fa4962879f0>,<function <lambda> at 0x7fa496287a90>,<function <lambda> at 0x7fa496287b30>
24356,2022-10-11 19:00:00,<function <lambda> at 0x7fa4962879f0>,<function <lambda> at 0x7fa496287a90>,<function <lambda> at 0x7fa496287b30>
24357,2022-10-11 20:00:00,<function <lambda> at 0x7fa4962879f0>,<function <lambda> at 0x7fa496287a90>,<function <lambda> at 0x7fa496287b30>
24358,2022-10-11 21:00:00,<function <lambda> at 0x7fa4962879f0>,<function <lambda> at 0x7fa496287a90>,<function <lambda> at 0x7fa496287b30>
24359,2022-10-11 22:00:00,<function <lambda> at 0x7fa4962879f0>,<function <lambda> at 0x7fa496287a90>,<function <lambda> at 0x7fa496287b30>
24360,2022-10-11 23:00:00,<function <lambda> at 0x7fa4962879f0>,<function <lambda> at 0x7fa496287a90>,<function <lambda> at 0x7fa496287b30>
24361,2022-10-12 00:00:00,<function <lambda> at 0x7fa4962879f0>,<function <lambda> at 0x7fa496287a90>,<function <lambda> at 0x7fa496287b30>
24362,2022-10-12 01:00:00,<function <lambda> at 0x7fa4962879f0>,<function <lambda> at 0x7fa496287a90>,<function <lambda> at 0x7fa496287b30>
24363,2022-10-12 02:00:00,<function <lambda> at 0x7fa4962879f0>,<function <lambda> at 0x7fa496287a90>,<function <lambda> at 0x7fa496287b30>
24364,2022-10-12 03:00:00,<function <lambda> at 0x7fa4962879f0>,<function <lambda> at 0x7fa496287a90>,<function <lambda> at 0x7fa496287b30>
24365,2022-10-12 04:00:00,<function <lambda> at 0x7fa4962879f0>,<function <lambda> at 0x7fa496287a90>,<function <lambda> at 0x7fa496287b30>
24366,2022-10-12 05:00:00,<function <lambda> at 0x7fa4962879f0>,<function <lambda> at 0x7fa496287a90>,<function <lambda> at 0x7fa496287b30>
24367,2022-10-12 06:00:00,<function <lambda> at 0x7fa4962879f0>,<function <lambda> at 0x7fa496287a90>,<function <lambda> at 0x7fa496287b30>
24368,2022-10-12 07:00:00,<function <lambda> at 0x7fa4962879f0>,<function <lambda> at 0x7fa496287a90>,<function <lambda> at 0x7fa496287b30>
24369,2022-10-12 08:00:00,<function <lambda> at 0x7fa4962879f0>,<function <lambda> at 0x7fa496287a90>,<function <lambda> at 0x7fa496287b30>
24370,2022-10-12 09:00:00,<function <lambda> at 0x7fa4962879f0>,<function <lambda> at 0x7fa496287a90>,<function <lambda> at 0x7fa496287b30>
24371,2022-10-12 10:00:00,<function <lambda> at 0x7fa4962879f0>,<function <lambda> at 0x7fa496287a90>,<function <lambda> at 0x7fa496287b30>
24372,2022-10-12 11:00:00,<function <lambda> at 0x7fa4962879f0>,<function <lambda> at 0x7fa496287a90>,<function <lambda> at 0x7fa496287b30>
24373,2022-10-12 12:00:00,<function <lambda> at 0x7fa4962879f0>,<function <lambda> at 0x7fa496287a90>,<function <lambda> at 0x7fa496287b30>
24374,2022-10-12 13:00:00,<function <lambda> at 0x7fa4962879f0>,<function <lambda> at 0x7fa496287a90>,<function <lambda> at 0x7fa496287b30>
24375,2022-10-12 14:00:00,<function <lambda> at 0x7fa4962879f0>,<function <lambda> at 0x7fa496287a90>,<function <lambda> at 0x7fa496287b30>
24376,2022-10-12 15:00:00,<function <lambda> at 0x7fa4962879f0>,<function <lambda> at 0x7fa496287a90>,<function <lambda> at 0x7fa496287b30>
24377,2022-10-12 16:00:00,<function <lambda> at 0x7fa4962879f0>,<function <lambda> at 0x7fa496287a90>,<function <lambda> at 0x7fa496287b30>
24378,2022-10-12 17:00:00,<function <lambda> at 0x7fa4962879f0>,<function <lambda> at 0x7fa496287a90>,<function <lambda> at 0x7fa496287b30>
24379,2022-10-12 18:00:00,<function <lambda> at 0x7fa4962879f0>,<function <lambda> at 0x7fa496287a90>,<function <lambda> at 0x7fa496287b30>
24380,2022-10-12 19:00:00,<function <lambda> at 0x7fa4962879f0>,<function <lambda> at 0x7fa496287a90>,<function <lambda> at 0x7fa496287b30>
24381,2022-10-12 20:00:00,<function <lambda> at 0x7fa4962879f0>,<function <lambda> at 0x7fa496287a90>,<function <lambda> at 0x7fa496287b30>
24382,2022-10-12 21:00:00,<function <lambda> at 0x7fa4962879f0>,<function <lambda> at 0x7fa496287a90>,<function <lambda> at 0x7fa496287b30>
24383,2022-10-12 22:00:00,<function <lambda> at 0x7fa4962879f0>,<function <lambda> at 0x7fa496287a90>,<function <lambda> at 0x7fa496287b30>
24384,2022-10-12 23:00:00,<function <lambda> at 0x7fa4962879f0>,<function <lambda> at 0x7fa496287a90>,<function <lambda> at 0x7fa496287b30>
24385,2022-10-13 00:00:00,<function <lambda> at 0x7fa4962879f0>,<function <lambda> at 0x7fa496287a90>,<function <lambda> at 0x7fa496287b30>
24386,2022-10-13 01:00:00,<function <lambda> at 0x7fa4962879f0>,<function <lambda> at 0x7fa496287a90>,<function <lambda> at 0x7fa496287b30>
24387,2022-10-13 02:00:00,<function <lambda> at 0x7fa4962879f0>,<function <lambda> at 0x7fa496287a90>,<function <lambda> at 0x7fa496287b30>
24388,2022-10-13 03:00:00,<function <lambda> at 0x7fa4962879f0>,<function <lambda> at 0x7fa496287a90>,<function <lambda> at 0x7fa496287b30>
24389,2022-10-13 04:00:00,<function <lambda> at 0x7fa4962879f0>,<function <lambda> at 0x7fa496287a90>,<function <lambda> at 0x7fa496287b30>
24390,2022-10-13 05:00:00,<function <lambda> at 0x7fa4962879f0>,<function <lambda> at 0x7fa496287a90>,<function <lambda> at 0x7fa496287b30>
24391,2022-10-13 06:00:00,<function <lambda> at 0x7fa4962879f0>,<function <lambda> at 0x7fa496287a90>,<function <lambda> at 0x7fa496287b30>
24392,2022-10-13 07:00:00,<function <lambda> at 0x7fa4962879f0>,<function <lambda> at 0x7fa496287a90>,<function <lambda> at 0x7fa496287b30>
24393,2022-10-13 08:00:00,<function <lambda> at 0x7fa4962879f0>,<function <lambda> at 0x7fa496287a90>,<function <lambda> at 0x7fa496287b30>
24394,2022-10-13 09:00:00,<function <lambda> at 0x7fa4962879f0>,<function <lambda> at 0x7fa496287a90>,<function <lambda> at 0x7fa496287b30>
24395,2022-10-13 10:00:00,<function <lambda> at 0x7fa4962879f0>,<function <lambda> at 0x7fa496287a90>,<function <lambda> at 0x7fa496287b30>
24396,2022-10-13 11:00:00,<function <lambda> at 0x7fa4962879f0>,<function <lambda> at 0x7fa496287a90>,<function <lambda> at 0x7fa496287b30>
24397,2022-10-13 12:00:00,<function <lambda> at 0x7fa4962879f0>,<function <lambda> at 0x7fa496287a90>,<function <lambda> at 0x7fa496287b30>
24398,2022-10-13 13:00:00,<function <lambda> at 0x7fa4962879f0>,<function <lambda> at 0x7fa496287a90>,<function <lambda> at 0x7fa496287b30>
24399,2022-10-13 14:00:00,<function <lambda> at 0x7fa4962879f0>,<function <lambda> at 0x7fa496287a90>,<function <lambda> at 0x7fa496287b30>
24400,2022-10-13 15:00:00,<function <lambda> at 0x7fa4962879f0>,<function <lambda> at 0x7fa496287a90>,<function <lambda> at 0x7fa496287b30>
24401,2022-10-13 16:00:00,<function <lambda> at 0x7fa4962879f0>,<function <lambda> at 0x7fa496287a90>,<function <lambda> at 0x7fa496287b30>
24402,2022-10-13 17:00:00,<function <lambda> at 0x7fa4962879f0>,<function <lambda> at 0x7fa496287a90>,<function <lambda> at 0x7fa496287b30>
24403,2022-10-13 18:00:00,<function <lambda> at 0x7fa4962879f0>,<function <lambda> at 0x7fa496287a90>,<function <lambda> at 0x7fa496287b30>
24404,2022-10-13 19:00:00,<function <lambda> at 0x7fa4962879f0>,<function <lambda> at 0x7fa496287a90>,<function <lambda> at 0x7fa496287b30>
24405,2022-10-13 20:00:00,<function <lambda> at 0x7fa4962879f0>,<function <lambda> at 0x7fa496287a90>,<function <lambda> at 0x7fa496287b30>
24406,2022-10-13 21:00:00,<function <lambda> at 0x7fa4962879f0>,<function <lambda> at 0x7fa496287a90>,<function <lambda> at 0x7fa496287b30>
24407,2022-10-13 22:00:00,<function <lambda> at 0x7fa4962879f0>,<function <lambda> at 0x7fa496287a90>,<function <lambda> at 0x7fa496287b30>
24408,2022-10-13 23:00:00,<function <lambda> at 0x7fa4962879f0>,<function <lambda> at 0x7fa496287a90>,<function <lambda> at 0x7fa496287b30>
24409,2022-10-14 00:00:00,<function <lambda> at 0x7fa4962879f0>,<function <lambda> at 0x7fa496287a90>,<function <lambda> at 0x7fa496287b30>
24410,2022-10-14 01:00:00,<function <lambda> at 0x7fa4962879f0>,<function <lambda> at 0x7fa496287a90>,<function <lambda> at 0x7fa496287b30>
24411,2022-10-14 02:00:00,<function <lambda> at 0x7fa4962879f0>,<function <lambda> at 0x7fa496287a90>,<function <lambda> at 0x7fa496287b30>
24412,2022-10-14 03:00:00,<function <lambda> at 0x7fa4962879f0>,<function <lambda> at 0x7fa496287a90>,<function <lambda> at 0x7fa496287b30>
24413,2022-10-14 04:00:00,<function <lambda> at 0x7fa4962879f0>,<function <lambda> at 0x7fa496287a90>,<function <lambda> at 0x7fa496287b30>
24414,2022-10-14 05:00:00,<function <lambda> at 0x7fa4962879f0>,<function <lambda> at 0x7fa496287a90>,<function <lambda> at 0x7fa496287b30>
24415,2022-10-14 06:00:00,<function <lambda> at 0x7fa4962879f0>,<function <lambda> at 0x7fa496287a90>,<function <lambda> at 0x7fa496287b30>
24416,2022-10-14 07:00:00,<function <lambda> at 0x7fa4962879f0>,<function <lambda> at 0x7fa496287a90>,<function <lambda> at 0x7fa496287b30>
24417,2022-10-14 08:00:00,<function <lambda> at 0x7fa4962879f0>,<function <lambda> at 0x7fa496287a90>,<function <lambda> at 0x7fa496287b30>
24418,2022-10-14 09:00:00,<function <lambda> at 0x7fa4962879f0>,<function <lambda> at 0x7fa496287a90>,<function <lambda> at 0x7fa496287b30>
24419,2022-10-14 10:00:00,<function <lambda> at 0x7fa4962879f0>,<function <lambda> at 0x7fa496287a90>,<function <lambda> at 0x7fa496287b30>
24420,2022-10-14 11:00:00,<function <lambda> at 0x7fa4962879f0>,<function <lambda> at 0x7fa496287a90>,<function <lambda> at 0x7fa496287b30>
24421,2022-10-14 12:00:00,<function <lambda> at 0x7fa4962879f0>,<function <lambda> at 0x7fa496287a90>,<function <lambda> at 0x7fa496287b30>
24422,2022-10-14 13:00:00,<function <lambda> at 0x7fa4962879f0>,<function <lambda> at 0x7fa496287a90>,<function <lambda> at 0x7fa496287b30>
24423,2022-10-14 14:00:00,<function <lambda> at 0x7fa4962879f0>,<function <lambda> at 0x7fa496287a90>,<function <lambda> at 0x7fa496287b30>
24424,2022-10-14 15:00:00,<function <lambda> at 0x7fa4962879f0>,<function <lambda> at 0x7fa496287a90>,<function <lambda> at 0x7fa496287b30>
24425,2022-10-14 16:00:00,<function <lambda> at 0x7fa4962879f0>,<function <lambda> at 0x7fa496287a90>,<function <lambda> at 0x7fa496287b30>
24426,2022-10-14 17:00:00,<function <lambda> at 0x7fa4962879f0>,<function <lambda> at 0x7fa496287a90>,<function <lambda> at 0x7fa496287b30>
24427,2022-10-14 18:00:00,<function <lambda> at 0x7fa4962879f0>,<function <lambda> at 0x7fa496287a90>,<function <lambda> at 0x7fa496287b30>
24428,2022-10-14 19:00:00,<function <lambda> at 0x7fa4962879f0>,<function <lambda> at 0x7fa496287a90>,<function <lambda> at 0x7fa496287b30>
24429,2022-10-14 20:00:00,<function <lambda> at 0x7fa4962879f0>,<function <lambda> at 0x7fa496287a90>,<function <lambda> at 0x7fa496287b30>
24430,2022-10-14 21:00:00,<function <lambda> at 0x7fa4962879f0>,<function <lambda> at 0x7fa496287a90>,<function <lambda> at 0x7fa496287b30>
24431,2022-10-14 22:00:00,<function <lambda> at 0x7fa4962879f0>,<function <lambda> at 0x7fa496287a90>,<function <lambda> at 0x7fa496287b30>
24432,2022-10-14 23:00:00,<function <lambda> at 0x7fa4962879f0>,<function <lambda> at 0x7fa496287a90>,<function <lambda> at 0x7fa496287b30>
24433,2022-10-15 00:00:00,<function <lambda> at 0x7fa4962879f0>,<function <lambda> at 0x7fa496287a90>,<function <lambda> at 0x7fa496287b30>
24434,2022-10-15 01:00:00,<function <lambda> at 0x7fa4962879f0>,<function <lambda> at 0x7fa496287a90>,<function <lambda> at 0x7fa496287b30>
24435,2022-10-15 02:00:00,<function <lambda> at 0x7fa4962879f0>,<function <lambda> at 0x7fa496287a90>,<function <lambda> at 0x7fa496287b30>
24436,2022-10-15 03:00:00,<function <lambda> at 0x7fa4962879f0>,<function <lambda> at 0x7fa496287a90>,<function <lambda> at 0x7fa496287b30>
24437,2022-10-15 04:00:00,<function <lambda> at 0x7fa4962879f0>,<function <lambda> at 0x7fa496287a90>,<function <lambda> at 0x7fa496287b30>
24438,2022-10-15 05:00:00,<function <lambda> at 0x7fa4962879f0>,<function <lambda> at 0x7fa496287a90>,<function <lambda> at 0x7fa496287b30>
24439,2022-10-15 06:00:00,<function <lambda> at 0x7fa4962879f0>,<function <lambda> at 0x7fa496287a90>,<function <lambda> at 0x7fa496287b30>
24440,2022-10-15 07:00:00,<function <lambda> at 0x7fa4962879f0>,<function <lambda> at 0x7fa496287a90>,<function <lambda> at 0x7fa496287b30>
24441,2022-10-15 08:00:00,<function <lambda> at 0x7fa4962879f0>,<function <lambda> at 0x7fa496287a90>,<function <lambda> at 0x7fa496287b30>
24442,2022-10-15 09:00:00,<function <lambda> at 0x7fa4962879f0>,<function <lambda> at 0x7fa496287a90>,<function <lambda> at 0x7fa496287b30>
24443,2022-10-15 10:00:00,<function <lambda> at 0x7fa4962879f0>,<function <lambda> at 0x7fa496287a90>,<function <lambda> at 0x7fa496287b30>
24444,2022-10-15 11:00:00,<function <lambda> at 0x7fa4962879f0>,<function <lambda> at 0x7fa496287a90>,<function <lambda> at 0x7fa496287b30>
24445,2022-10-15 12:00:00,<function <lambda> at 0x7fa4962879f0>,<function <lambda> at 0x7fa496287a90>,<function <lambda> at 0x7fa496287b30>
24446,2022-10-15 13:00:00,<function <lambda> at 0x7fa4962879f0>,<function <lambda> at 0x7fa496287a90>,<function <lambda> at 0x7fa496287b30>
24447,2022-10-15 14:00:00,<function <lambda> at 0x7fa4962879f0>,<function <lambda> at 0x7fa496287a90>,<function <lambda> at 0x7fa496287b30>
24448,2022-10-15 15:00:00,<function <lambda> at 0x7fa4962879f0>,<function <lambda> at 0x7fa496287a90>,<function <lambda> at 0x7fa496287b30>
24449,2022-10-15 16:00:00,<function <lambda> at 0x7fa4962879f0>,<function <lambda> at 0x7fa496287a90>,<function <lambda> at 0x7fa496287b30>
24450,2022-10-15 17:00:00,<function <lambda> at 0x7fa4962879f0>,<function <lambda> at 0x7fa496287a90>,<function <lambda> at 0x7fa496287b30>
24451,2022-10-15 18:00:00,<function <lambda> at 0x7fa4962879f0>,<function <lambda> at 0x7fa496287a90>,<function <lambda> at 0x7fa496287b30>
24452,2022-10-15 19:00:00,<function <lambda> at 0x7fa4962879f0>,<function <lambda> at 0x7fa496287a90>,<function <lambda> at 0x7fa496287b30>
24453,2022-10-15 20:00:00,<function <lambda> at 0x7fa4962879f0>,<function <lambda> at 0x7fa496287a90>,<function <lambda> at 0x7fa496287b30>
24454,2022-10-15 21:00:00,<function <lambda> at 0x7fa4962879f0>,<function <lambda> at 0x7fa496287a90>,<function <lambda> at 0x7fa496287b30>
24455,2022-10-15 22:00:00,<function <lambda> at 0x7fa4962879f0>,<function <lambda> at 0x7fa496287a90>,<function <lambda> at 0x7fa496287b30>
24456,2022-10-15 23:00:00,<function <lambda> at 0x7fa4962879f0>,<function <lambda> at 0x7fa496287a90>,<function <lambda> at 0x7fa496287b30>
24457,2022-10-16 00:00:00,<function <lambda> at 0x7fa4962879f0>,<function <lambda> at 0x7fa496287a90>,<function <lambda> at 0x7fa496287b30>
24458,2022-10-16 01:00:00,<function <lambda> at 0x7fa4962879f0>,<function <lambda> at 0x7fa496287a90>,<function <lambda> at 0x7fa496287b30>
24459,2022-10-16 02:00:00,<function <lambda> at 0x7fa4962879f0>,<function <lambda> at 0x7fa496287a90>,<function <lambda> at 0x7fa496287b30>
24460,2022-10-16 03:00:00,<function <lambda> at 0x7fa4962879f0>,<function <lambda> at 0x7fa496287a90>,<function <lambda> at 0x7fa496287b30>
24461,2022-10-16 04:00:00,<function <lambda> at 0x7fa4962879f0>,<function <lambda> at 0x7fa496287a90>,<function <lambda> at 0x7fa496287b30>
24462,2022-10-16 05:00:00,<function <lambda> at 0x7fa4962879f0>,<function <lambda> at 0x7fa496287a90>,<function <lambda> at 0x7fa496287b30>
24463,2022-10-16 06:00:00,<function <lambda> at 0x7fa4962879f0>,<function <lambda> at 0x7fa496287a90>,<function <lambda> at 0x7fa496287b30>
24464,2022-10-16 07:00:00,<function <lambda> at 0x7fa4962879f0>,<function <lambda> at 0x7fa496287a90>,<function <lambda> at 0x7fa496287b30>
24465,2022-10-16 08:00:00,<function <lambda> at 0x7fa4962879f0>,<function <lambda> at 0x7fa496287a90>,<function <lambda> at 0x7fa496287b30>
24466,2022-10-16 09:00:00,<function <lambda> at 0x7fa4962879f0>,<function <lambda> at 0x7fa496287a90>,<function <lambda> at 0x7fa496287b30>
24467,2022-10-16 10:00:00,<function <lambda> at 0x7fa4962879f0>,<function <lambda> at 0x7fa496287a90>,<function <lambda> at 0x7fa496287b30>
24468,2022-10-16 11:00:00,<function <lambda> at 0x7fa4962879f0>,<function <lambda> at 0x7fa496287a90>,<function <lambda> at 0x7fa496287b30>
24469,2022-10-16 12:00:00,<function <lambda> at 0x7fa4962879f0>,<function <lambda> at 0x7fa496287a90>,<function <lambda> at 0x7fa496287b30>
24470,2022-10-16 13:00:00,<function <lambda> at 0x7fa4962879f0>,<function <lambda> at 0x7fa496287a90>,<function <lambda> at 0x7fa496287b30>
24471,2022-10-16 14:00:00,<function <lambda> at 0x7fa4962879f0>,<function <lambda> at 0x7fa496287a90>,<function <lambda> at 0x7fa496287b30>
24472,2022-10-16 15:00:00,<function <lambda> at 0x7fa4962879f0>,<function <lambda> at 0x7fa496287a90>,<function <lambda> at 0x7fa496287b30>
24473,2022-10-16 16:00:00,<function <lambda> at 0x7fa4962879f0>,<function <lambda> at 0x7fa496287a90>,<function <lambda> at 0x7fa496287b30>
24474,2022-10-16 17:00:00,<function <lambda> at 0x7fa4962879f0>,<function <lambda> at 0x7fa496287a90>,<function <lambda> at 0x7fa496287b30>
24475,2022-10-16 18:00:00,<function <lambda> at 0x7fa4962879f0>,<function <lambda> at 0x7fa496287a90>,<function <lambda> at 0x7fa496287b30>
24476,2022-10-16 19:00:00,<function <lambda> at 0x7fa4962879f0>,<function <lambda> at 0x7fa496287a90>,<function <lambda> at 0x7fa496287b30>
24477,2022-10-16 20:00:00,<function <lambda> at 0x7fa4962879f0>,<function <lambda> at 0x7fa496287a90>,<function <lambda> at 0x7fa496287b30>
24478,2022-10-16 21:00:00,<function <lambda> at 0x7fa4962879f0>,<function <lambda> at 0x7fa496287a90>,<function <lambda> at 0x7fa496287b30>
24479,2022-10-16 22:00:00,<function <lambda> at 0x7fa4962879f0>,<function <lambda> at 0x7fa496287a90>,<function <lambda> at 0x7fa496287b30>
24480,2022-10-16 23:00:00,<function <lambda> at 0x7fa4962879f0>,<function <lambda> at 0x7fa496287a90>,<function <lambda> at 0x7fa496287b30>
24481,2022-10-17 00:00:00,<function <lambda> at 0x7fa4962879f0>,<function <lambda> at 0x7fa496287a90>,<function <lambda> at 0x7fa496287b30>
24482,2022-10-17 01:00:00,<function <lambda> at 0x7fa4962879f0>,<function <lambda> at 0x7fa496287a90>,<function <lambda> at 0x7fa496287b30>
24483,2022-10-17 02:00:00,<function <lambda> at 0x7fa4962879f0>,<function <lambda> at 0x7fa496287a90>,<function <lambda> at 0x7fa496287b30>
24484,2022-10-17 03:00:00,<function <lambda> at 0x7fa4962879f0>,<function <lambda> at 0x7fa496287a90>,<function <lambda> at 0x7fa496287b30>
24485,2022-10-17 04:00:00,<function <lambda> at 0x7fa4962879f0>,<function <lambda> at 0x7fa496287a90>,<function <lambda> at 0x7fa496287b30>
24486,2022-10-17 05:00:00,<function <lambda> at 0x7fa4962879f0>,<function <lambda> at 0x7fa496287a90>,<function <lambda> at 0x7fa496287b30>
24487,2022-10-17 06:00:00,<function <lambda> at 0x7fa4962879f0>,<function <lambda> at 0x7fa496287a90>,<function <lambda> at 0x7fa496287b30>
24488,2022-10-17 07:00:00,<function <lambda> at 0x7fa4962879f0>,<function <lambda> at 0x7fa496287a90>,<function <lambda> at 0x7fa496287b30>
24489,2022-10-17 08:00:00,<function <lambda> at 0x7fa4962879f0>,<function <lambda> at 0x7fa496287a90>,<function <lambda> at 0x7fa496287b30>
24490,2022-10-17 09:00:00,<function <lambda> at 0x7fa4962879f0>,<function <lambda> at 0x7fa496287a90>,<function <lambda> at 0x7fa496287b30>
24491,2022-10-17 10:00:00,<function <lambda> at 0x7fa4962879f0>,<function <lambda> at 0x7fa496287a90>,<function <lambda> at 0x7fa496287b30>
24492,2022-10-17 11:00:00,<function <lambda> at 0x7fa4962879f0>,<function <lambda> at 0x7fa496287a90>,<function <lambda> at 0x7fa496287b30>
24493,2022-10-17 12:00:00,<function <lambda> at 0x7fa4962879f0>,<function <lambda> at 0x7fa496287a90>,<function <lambda> at 0x7fa496287b30>
24494,2022-10-17 13:00:00,<function <lambda> at 0x7fa4962879f0>,<function <lambda> at 0x7fa496287a90>,<function <lambda> at 0x7fa496287b30>
24495,2022-10-17 14:00:00,<function <lambda> at 0x7fa4962879f0>,<function <lambda> at 0x7fa496287a90>,<function <lambda> at 0x7fa496287b30>
24496,2022-10-17 15:00:00,<function <lambda> at 0x7fa4962879f0>,<function <lambda> at 0x7fa496287a90>,<function <lambda> at 0x7fa496287b30>
24497,2022-10-17 16:00:00,<function <lambda> at 0x7fa4962879f0>,<function <lambda> at 0x7fa496287a90>,<function <lambda> at 0x7fa496287b30>
24498,2022-10-17 17:00:00,<function <lambda> at 0x7fa4962879f0>,<function <lambda> at 0x7fa496287a90>,<function <lambda> at 0x7fa496287b30>
24499,2022-10-17 18:00:00,<function <lambda> at 0x7fa4962879f0>,<function <lambda> at 0x7fa496287a90>,<function <lambda> at 0x7fa496287b30>
24500,2022-10-17 19:00:00,<function <lambda> at 0x7fa4962879f0>,<function <lambda> at 0x7fa496287a90>,<function <lambda> at 0x7fa496287b30>
24501,2022-10-17 20:00:00,<function <lambda> at 0x7fa4962879f0>,<function <lambda> at 0x7fa496287a90>,<function <lambda> at 0x7fa496287b30>
24502,2022-10-17 21:00:00,<function <lambda> at 0x7fa4962879f0>,<function <lambda> at 0x7fa496287a90>,<function <lambda> at 0x7fa496287b30>
24503,2022-10-17 22:00:00,<function <lambda> at 0x7fa4962879f0>,<function <lambda> at 0x7fa496287a90>,<function <lambda> at 0x7fa496287b30>
24504,2022-10-17 23:00:00,<function <lambda> at 0x7fa4962879f0>,<function <lambda> at 0x7fa496287a90>,<function <lambda> at 0x7fa496287b30>
24505,2022-10-18 00:00:00,<function <lambda> at 0x7fa4962879f0>,<function <lambda> at 0x7fa496287a90>,<function <lambda> at 0x7fa496287b30>
24506,2022-10-18 01:00:00,<function <lambda> at 0x7fa4962879f0>,<function <lambda> at 0x7fa496287a90>,<function <lambda> at 0x7fa496287b30>
24507,2022-10-18 02:00:00,<function <lambda> at 0x7fa4962879f0>,<function <lambda> at 0x7fa496287a90>,<function <lambda> at 0x7fa496287b30>
24508,2022-10-18 03:00:00,<function <lambda> at 0x7fa4962879f0>,<function <lambda> at 0x7fa496287a90>,<function <lambda> at 0x7fa496287b30>
24509,2022-10-18 04:00:00,<function <lambda> at 0x7fa4962879f0>,<function <lambda> at 0x7fa496287a90>,<function <lambda> at 0x7fa496287b30>
24510,2022-10-18 05:00:00,<function <lambda> at 0x7fa4962879f0>,<function <lambda> at 0x7fa496287a90>,<function <lambda> at 0x7fa496287b30>
24511,2022-10-18 06:00:00,<function <lambda> at 0x7fa4962879f0>,<function <lambda> at 0x7fa496287a90>,<function <lambda> at 0x7fa496287b30>
24512,2022-10-18 07:00:00,<function <lambda> at 0x7fa4962879f0>,<function <lambda> at 0x7fa496287a90>,<function <lambda> at 0x7fa496287b30>
24513,2022-10-18 08:00:00,<function <lambda> at 0x7fa4962879f0>,<function <lambda> at 0x7fa496287a90>,<function <lambda> at 0x7fa496287b30>
24514,2022-10-18 09:00:00,<function <lambda> at 0x7fa4962879f0>,<function <lambda> at 0x7fa496287a90>,<function <lambda> at 0x7fa496287b30>
24515,2022-10-18 10:00:00,<function <lambda> at 0x7fa4962879f0>,<function <lambda> at 0x7fa496287a90>,<function <lambda> at 0x7fa496287b30>
24516,2022-10-18 11:00:00,<function <lambda> at 0x7fa4962879f0>,<function <lambda> at 0x7fa496287a90>,<function <lambda> at 0x7fa496287b30>
24517,2022-10-18 12:00:00,<function <lambda> at 0x7fa4962879f0>,<function <lambda> at 0x7fa496287a90>,<function <lambda> at 0x7fa496287b30>
24518,2022-10-18 13:00:00,<function <lambda> at 0x7fa4962879f0>,<function <lambda> at 0x7fa496287a90>,<function <lambda> at 0x7fa496287b30>
24519,2022-10-18 14:00:00,<function <lambda> at 0x7fa4962879f0>,<function <lambda> at 0x7fa496287a90>,<function <lambda> at 0x7fa496287b30>
24520,2022-10-18 15:00:00,<function <lambda> at 0x7fa4962879f0>,<function <lambda> at 0x7fa496287a90>,<function <lambda> at 0x7fa496287b30>
24521,2022-10-18 16:00:00,<function <lambda> at 0x7fa4962879f0>,<function <lambda> at 0x7fa496287a90>,<function <lambda> at 0x7fa496287b30>
24522,2022-10-18 17:00:00,<function <lambda> at 0x7fa4962879f0>,<function <lambda> at 0x7fa496287a90>,<function <lambda> at 0x7fa496287b30>
24523,2022-10-18 18:00:00,<function <lambda> at 0x7fa4962879f0>,<function <lambda> at 0x7fa496287a90>,<function <lambda> at 0x7fa496287b30>
24524,2022-10-18 19:00:00,<function <lambda> at 0x7fa4962879f0>,<function <lambda> at 0x7fa496287a90>,<function <lambda> at 0x7fa496287b30>
24525,2022-10-18 20:00:00,<function <lambda> at 0x7fa4962879f0>,<function <lambda> at 0x7fa496287a90>,<function <lambda> at 0x7fa496287b30>
24526,2022-10-18 21:00:00,<function <lambda> at 0x7fa4962879f0>,<function <lambda> at 0x7fa496287a90>,<function <lambda> at 0x7fa496287b30>
24527,2022-10-18 22:00:00,<function <lambda> at 0x7fa4962879f0>,<function <lambda> at 0x7fa496287a90>,<function <lambda> at 0x7fa496287b30>
24528,2022-10-18 23:00:00,<function <lambda> at 0x7fa4962879f0>,<function <lambda> at 0x7fa496287a90>,<function <lambda> at 0x7fa496287b30>
24529,2022-10-19 00:00:00,<function <lambda> at 0x7fa4962879f0>,<function <lambda> at 0x7fa496287a90>,<function <lambda> at 0x7fa496287b30>
24530,2022-10-19 01:00:00,<function <lambda> at 0x7fa4962879f0>,<function <lambda> at 0x7fa496287a90>,<function <lambda> at 0x7fa496287b30>
24531,2022-10-19 02:00:00,<function <lambda> at 0x7fa4962879f0>,<function <lambda> at 0x7fa496287a90>,<function <lambda> at 0x7fa496287b30>
24532,2022-10-19 03:00:00,<function <lambda> at 0x7fa4962879f0>,<function <lambda> at 0x7fa496287a90>,<function <lambda> at 0x7fa496287b30>
24533,2022-10-19 04:00:00,<function <lambda> at 0x7fa4962879f0>,<function <lambda> at 0x7fa496287a90>,<function <lambda> at 0x7fa496287b30>
24534,2022-10-19 05:00:00,<function <lambda> at 0x7fa4962879f0>,<function <lambda> at 0x7fa496287a90>,<function <lambda> at 0x7fa496287b30>
24535,2022-10-19 06:00:00,<function <lambda> at 0x7fa4962879f0>,<function <lambda> at 0x7fa496287a90>,<function <lambda> at 0x7fa496287b30>
24536,2022-10-19 07:00:00,<function <lambda> at 0x7fa4962879f0>,<function <lambda> at 0x7fa496287a90>,<function <lambda> at 0x7fa496287b30>
24537,2022-10-19 08:00:00,<function <lambda> at 0x7fa4962879f0>,<function <lambda> at 0x7fa496287a90>,<function <lambda> at 0x7fa496287b30>
24538,2022-10-19 09:00:00,<function <lambda> at 0x7fa4962879f0>,<function <lambda> at 0x7fa496287a90>,<function <lambda> at 0x7fa496287b30>
24539,2022-10-19 10:00:00,<function <lambda> at 0x7fa4962879f0>,<function <lambda> at 0x7fa496287a90>,<function <lambda> at 0x7fa496287b30>
24540,2022-10-19 11:00:00,<function <lambda> at 0x7fa4962879f0>,<function <lambda> at 0x7fa496287a90>,<function <lambda> at 0x7fa496287b30>
24541,2022-10-19 12:00:00,<function <lambda> at 0x7fa4962879f0>,<function <lambda> at 0x7fa496287a90>,<function <lambda> at 0x7fa496287b30>
24542,2022-10-19 13:00:00,<function <lambda> at 0x7fa4962879f0>,<function <lambda> at 0x7fa496287a90>,<function <lambda> at 0x7fa496287b30>
24543,2022-10-19 14:00:00,<function <lambda> at 0x7fa4962879f0>,<function <lambda> at 0x7fa496287a90>,<function <lambda> at 0x7fa496287b30>
24544,2022-10-19 15:00:00,<function <lambda> at 0x7fa4962879f0>,<function <lambda> at 0x7fa496287a90>,<function <lambda> at 0x7fa496287b30>
24545,2022-10-19 16:00:00,<function <lambda> at 0x7fa4962879f0>,<function <lambda> at 0x7fa496287a90>,<function <lambda> at 0x7fa496287b30>
24546,2022-10-19 17:00:00,<function <lambda> at 0x7fa4962879f0>,<function <lambda> at 0x7fa496287a90>,<function <lambda> at 0x7fa496287b30>
24547,2022-10-19 18:00:00,<function <lambda> at 0x7fa4962879f0>,<function <lambda> at 0x7fa496287a90>,<function <lambda> at 0x7fa496287b30>
24548,2022-10-19 19:00:00,<function <lambda> at 0x7fa4962879f0>,<function <lambda> at 0x7fa496287a90>,<function <lambda> at 0x7fa496287b30>
24549,2022-10-19 20:00:00,<function <lambda> at 0x7fa4962879f0>,<function <lambda> at 0x7fa496287a90>,<function <lambda> at 0x7fa496287b30>
24550,2022-10-19 21:00:00,<function <lambda> at 0x7fa4962879f0>,<function <lambda> at 0x7fa496287a90>,<function <lambda> at 0x7fa496287b30>
24551,2022-10-19 22:00:00,<function <lambda> at 0x7fa4962879f0>,<function <lambda> at 0x7fa496287a90>,<function <lambda> at 0x7fa496287b30>
24552,2022-10-19 23:00:00,<function <lambda> at 0x7fa4962879f0>,<function <lambda> at 0x7fa496287a90>,<function <lambda> at 0x7fa496287b30>
24553,2022-10-20 00:00:00,<function <lambda> at 0x7fa4962879f0>,<function <lambda> at 0x7fa496287a90>,<function <lambda> at 0x7fa496287b30>
24554,2022-10-20 01:00:00,<function <lambda> at 0x7fa4962879f0>,<function <lambda> at 0x7fa496287a90>,<function <lambda> at 0x7fa496287b30>
24555,2022-10-20 02:00:00,<function <lambda> at 0x7fa4962879f0>,<function <lambda> at 0x7fa496287a90>,<function <lambda> at 0x7fa496287b30>
24556,2022-10-20 03:00:00,<function <lambda> at 0x7fa4962879f0>,<function <lambda> at 0x7fa496287a90>,<function <lambda> at 0x7fa496287b30>
24557,2022-10-20 04:00:00,<function <lambda> at 0x7fa4962879f0>,<function <lambda> at 0x7fa496287a90>,<function <lambda> at 0x7fa496287b30>
24558,2022-10-20 05:00:00,<function <lambda> at 0x7fa4962879f0>,<function <lambda> at 0x7fa496287a90>,<function <lambda> at 0x7fa496287b30>
24559,2022-10-20 06:00:00,<function <lambda> at 0x7fa4962879f0>,<function <lambda> at 0x7fa496287a90>,<function <lambda> at 0x7fa496287b30>
24560,2022-10-20 07:00:00,<function <lambda> at 0x7fa4962879f0>,<function <lambda> at 0x7fa496287a90>,<function <lambda> at 0x7fa496287b30>
24561,2022-10-20 08:00:00,<function <lambda> at 0x7fa4962879f0>,<function <lambda> at 0x7fa496287a90>,<function <lambda> at 0x7fa496287b30>
24562,2022-10-20 09:00:00,<function <lambda> at 0x7fa4962879f0>,<function <lambda> at 0x7fa496287a90>,<function <lambda> at 0x7fa496287b30>
24563,2022-10-20 10:00:00,<function <lambda> at 0x7fa4962879f0>,<function <lambda> at 0x7fa496287a90>,<function <lambda> at 0x7fa496287b30>
24564,2022-10-20 11:00:00,<function <lambda> at 0x7fa4962879f0>,<function <lambda> at 0x7fa496287a90>,<function <lambda> at 0x7fa496287b30>
24565,2022-10-20 12:00:00,<function <lambda> at 0x7fa4962879f0>,<function <lambda> at 0x7fa496287a90>,<function <lambda> at 0x7fa496287b30>
24566,2022-10-20 13:00:00,<function <lambda> at 0x7fa4962879f0>,<function <lambda> at 0x7fa496287a90>,<function <lambda> at 0x7fa496287b30>
24567,2022-10-20 14:00:00,<function <lambda> at 0x7fa4962879f0>,<function <lambda> at 0x7fa496287a90>,<function <lambda> at 0x7fa496287b30>
24568,2022-10-20 15:00:00,<function <lambda> at 0x7fa4962879f0>,<function <lambda> at 0x7fa496287a90>,<function <lambda> at 0x7fa496287b30>
24569,2022-10-20 16:00:00,<function <lambda> at 0x7fa4962879f0>,<function <lambda> at 0x7fa496287a90>,<function <lambda> at 0x7fa496287b30>
24570,2022-10-20 17:00:00,<function <lambda> at 0x7fa4962879f0>,<function <lambda> at 0x7fa496287a90>,<function <lambda> at 0x7fa496287b30>
24571,2022-10-20 18:00:00,<function <lambda> at 0x7fa4962879f0>,<function <lambda> at 0x7fa496287a90>,<function <lambda> at 0x7fa496287b30>
24572,2022-10-20 19:00:00,<function <lambda> at 0x7fa4962879f0>,<function <lambda> at 0x7fa496287a90>,<function <lambda> at 0x7fa496287b30>
24573,2022-10-20 20:00:00,<function <lambda> at 0x7fa4962879f0>,<function <lambda> at 0x7fa496287a90>,<function <lambda> at 0x7fa496287b30>
24574,2022-10-20 21:00:00,<function <lambda> at 0x7fa4962879f0>,<function <lambda> at 0x7fa496287a90>,<function <lambda> at 0x7fa496287b30>
24575,2022-10-20 22:00:00,<function <lambda> at 0x7fa4962879f0>,<function <lambda> at 0x7fa496287a90>,<function <lambda> at 0x7fa496287b30>
24576,2022-10-20 23:00:00,<function <lambda> at 0x7fa4962879f0>,<function <lambda> at 0x7fa496287a90>,<function <lambda> at 0x7fa496287b30>
24577,2022-10-21 00:00:00,<function <lambda> at 0x7fa4962879f0>,<function <lambda> at 0x7fa496287a90>,<function <lambda> at 0x7fa496287b30>
24578,2022-10-21 01:00:00,<function <lambda> at 0x7fa4962879f0>,<function <lambda> at 0x7fa496287a90>,<function <lambda> at 0x7fa496287b30>
24579,2022-10-21 02:00:00,<function <lambda> at 0x7fa4962879f0>,<function <lambda> at 0x7fa496287a90>,<function <lambda> at 0x7fa496287b30>
24580,2022-10-21 03:00:00,<function <lambda> at 0x7fa4962879f0>,<function <lambda> at 0x7fa496287a90>,<function <lambda> at 0x7fa496287b30>
24581,2022-10-21 04:00:00,<function <lambda> at 0x7fa4962879f0>,<function <lambda> at 0x7fa496287a90>,<function <lambda> at 0x7fa496287b30>
24582,2022-10-21 05:00:00,<function <lambda> at 0x7fa4962879f0>,<function <lambda> at 0x7fa496287a90>,<function <lambda> at 0x7fa496287b30>
24583,2022-10-21 06:00:00,<function <lambda> at 0x7fa4962879f0>,<function <lambda> at 0x7fa496287a90>,<function <lambda> at 0x7fa496287b30>
24584,2022-10-21 07:00:00,<function <lambda> at 0x7fa4962879f0>,<function <lambda> at 0x7fa496287a90>,<function <lambda> at 0x7fa496287b30>
24585,2022-10-21 08:00:00,<function <lambda> at 0x7fa4962879f0>,<function <lambda> at 0x7fa496287a90>,<function <lambda> at 0x7fa496287b30>
24586,2022-10-21 09:00:00,<function <lambda> at 0x7fa4962879f0>,<function <lambda> at 0x7fa496287a90>,<function <lambda> at 0x7fa496287b30>
24587,2022-10-21 10:00:00,<function <lambda> at 0x7fa4962879f0>,<function <lambda> at 0x7fa496287a90>,<function <lambda> at 0x7fa496287b30>
24588,2022-10-21 11:00:00,<function <lambda> at 0x7fa4962879f0>,<function <lambda> at 0x7fa496287a90>,<function <lambda> at 0x7fa496287b30>
24589,2022-10-21 12:00:00,<function <lambda> at 0x7fa4962879f0>,<function <lambda> at 0x7fa496287a90>,<function <lambda> at 0x7fa496287b30>
24590,2022-10-21 13:00:00,<function <lambda> at 0x7fa4962879f0>,<function <lambda> at 0x7fa496287a90>,<function <lambda> at 0x7fa496287b30>
24591,2022-10-21 14:00:00,<function <lambda> at 0x7fa4962879f0>,<function <lambda> at 0x7fa496287a90>,<function <lambda> at 0x7fa496287b30>
24592,2022-10-21 15:00:00,<function <lambda> at 0x7fa4962879f0>,<function <lambda> at 0x7fa496287a90>,<function <lambda> at 0x7fa496287b30>
24593,2022-10-21 16:00:00,<function <lambda> at 0x7fa4962879f0>,<function <lambda> at 0x7fa496287a90>,<function <lambda> at 0x7fa496287b30>
24594,2022-10-21 17:00:00,<function <lambda> at 0x7fa4962879f0>,<function <lambda> at 0x7fa496287a90>,<function <lambda> at 0x7fa496287b30>
24595,2022-10-21 18:00:00,<function <lambda> at 0x7fa4962879f0>,<function <lambda> at 0x7fa496287a90>,<function <lambda> at 0x7fa496287b30>
24596,2022-10-21 19:00:00,<function <lambda> at 0x7fa4962879f0>,<function <lambda> at 0x7fa496287a90>,<function <lambda> at 0x7fa496287b30>
24597,2022-10-21 20:00:00,<function <lambda> at 0x7fa4962879f0>,<function <lambda> at 0x7fa496287a90>,<function <lambda> at 0x7fa496287b30>
24598,2022-10-21 21:00:00,<function <lambda> at 0x7fa4962879f0>,<function <lambda> at 0x7fa496287a90>,<function <lambda> at 0x7fa496287b30>
24599,2022-10-21 22:00:00,<function <lambda> at 0x7fa4962879f0>,<function <lambda> at 0x7fa496287a90>,<function <lambda> at 0x7fa496287b30>
24600,2022-10-21 23:00:00,<function <lambda> at 0x7fa4962879f0>,<function <lambda> at 0x7fa496287a90>,<function <lambda> at 0x7fa496287b30>
24601,2022-10-22 00:00:00,<function <lambda> at 0x7fa4962879f0>,<function <lambda> at 0x7fa496287a90>,<function <lambda> at 0x7fa496287b30>
24602,2022-10-22 01:00:00,<function <lambda> at 0x7fa4962879f0>,<function <lambda> at 0x7fa496287a90>,<function <lambda> at 0x7fa496287b30>
24603,2022-10-22 02:00:00,<function <lambda> at 0x7fa4962879f0>,<function <lambda> at 0x7fa496287a90>,<function <lambda> at 0x7fa496287b30>
24604,2022-10-22 03:00:00,<function <lambda> at 0x7fa4962879f0>,<function <lambda> at 0x7fa496287a90>,<function <lambda> at 0x7fa496287b30>
24605,2022-10-22 04:00:00,<function <lambda> at 0x7fa4962879f0>,<function <lambda> at 0x7fa496287a90>,<function <lambda> at 0x7fa496287b30>
24606,2022-10-22 05:00:00,<function <lambda> at 0x7fa4962879f0>,<function <lambda> at 0x7fa496287a90>,<function <lambda> at 0x7fa496287b30>
24607,2022-10-22 06:00:00,<function <lambda> at 0x7fa4962879f0>,<function <lambda> at 0x7fa496287a90>,<function <lambda> at 0x7fa496287b30>
24608,2022-10-22 07:00:00,<function <lambda> at 0x7fa4962879f0>,<function <lambda> at 0x7fa496287a90>,<function <lambda> at 0x7fa496287b30>
24609,2022-10-22 08:00:00,<function <lambda> at 0x7fa4962879f0>,<function <lambda> at 0x7fa496287a90>,<function <lambda> at 0x7fa496287b30>
24610,2022-10-22 09:00:00,<function <lambda> at 0x7fa4962879f0>,<function <lambda> at 0x7fa496287a90>,<function <lambda> at 0x7fa496287b30>
24611,2022-10-22 10:00:00,<function <lambda> at 0x7fa4962879f0>,<function <lambda> at 0x7fa496287a90>,<function <lambda> at 0x7fa496287b30>
24612,2022-10-22 11:00:00,<function <lambda> at 0x7fa4962879f0>,<function <lambda> at 0x7fa496287a90>,<function <lambda> at 0x7fa496287b30>
24613,2022-10-22 12:00:00,<function <lambda> at 0x7fa4962879f0>,<function <lambda> at 0x7fa496287a90>,<function <lambda> at 0x7fa496287b30>
24614,2022-10-22 13:00:00,<function <lambda> at 0x7fa4962879f0>,<function <lambda> at 0x7fa496287a90>,<function <lambda> at 0x7fa496287b30>
24615,2022-10-22 14:00:00,<function <lambda> at 0x7fa4962879f0>,<function <lambda> at 0x7fa496287a90>,<function <lambda> at 0x7fa496287b30>
24616,2022-10-22 15:00:00,<function <lambda> at 0x7fa4962879f0>,<function <lambda> at 0x7fa496287a90>,<function <lambda> at 0x7fa496287b30>
24617,2022-10-22 16:00:00,<function <lambda> at 0x7fa4962879f0>,<function <lambda> at 0x7fa496287a90>,<function <lambda> at 0x7fa496287b30>
24618,2022-10-22 17:00:00,<function <lambda> at 0x7fa4962879f0>,<function <lambda> at 0x7fa496287a90>,<function <lambda> at 0x7fa496287b30>
24619,2022-10-22 18:00:00,<function <lambda> at 0x7fa4962879f0>,<function <lambda> at 0x7fa496287a90>,<function <lambda> at 0x7fa496287b30>
24620,2022-10-22 19:00:00,<function <lambda> at 0x7fa4962879f0>,<function <lambda> at 0x7fa496287a90>,<function <lambda> at 0x7fa496287b30>
24621,2022-10-22 20:00:00,<function <lambda> at 0x7fa4962879f0>,<function <lambda> at 0x7fa496287a90>,<function <lambda> at 0x7fa496287b30>
24622,2022-10-22 21:00:00,<function <lambda> at 0x7fa4962879f0>,<function <lambda> at 0x7fa496287a90>,<function <lambda> at 0x7fa496287b30>
24623,2022-10-22 22:00:00,<function <lambda> at 0x7fa4962879f0>,<function <lambda> at 0x7fa496287a90>,<function <lambda> at 0x7fa496287b30>
24624,2022-10-22 23:00:00,<function <lambda> at 0x7fa4962879f0>,<function <lambda> at 0x7fa496287a90>,<function <lambda> at 0x7fa496287b30>
24625,2022-10-23 00:00:00,<function <lambda> at 0x7fa4962879f0>,<function <lambda> at 0x7fa496287a90>,<function <lambda> at 0x7fa496287b30>
24626,2022-10-23 01:00:00,<function <lambda> at 0x7fa4962879f0>,<function <lambda> at 0x7fa496287a90>,<function <lambda> at 0x7fa496287b30>
24627,2022-10-23 02:00:00,<function <lambda> at 0x7fa4962879f0>,<function <lambda> at 0x7fa496287a90>,<function <lambda> at 0x7fa496287b30>
24628,2022-10-23 03:00:00,<function <lambda> at 0x7fa4962879f0>,<function <lambda> at 0x7fa496287a90>,<function <lambda> at 0x7fa496287b30>
24629,2022-10-23 04:00:00,<function <lambda> at 0x7fa4962879f0>,<function <lambda> at 0x7fa496287a90>,<function <lambda> at 0x7fa496287b30>
24630,2022-10-23 05:00:00,<function <lambda> at 0x7fa4962879f0>,<function <lambda> at 0x7fa496287a90>,<function <lambda> at 0x7fa496287b30>
24631,2022-10-23 06:00:00,<function <lambda> at 0x7fa4962879f0>,<function <lambda> at 0x7fa496287a90>,<function <lambda> at 0x7fa496287b30>
24632,2022-10-23 07:00:00,<function <lambda> at 0x7fa4962879f0>,<function <lambda> at 0x7fa496287a90>,<function <lambda> at 0x7fa496287b30>
24633,2022-10-23 08:00:00,<function <lambda> at 0x7fa4962879f0>,<function <lambda> at 0x7fa496287a90>,<function <lambda> at 0x7fa496287b30>
24634,2022-10-23 09:00:00,<function <lambda> at 0x7fa4962879f0>,<function <lambda> at 0x7fa496287a90>,<function <lambda> at 0x7fa496287b30>
24635,2022-10-23 10:00:00,<function <lambda> at 0x7fa4962879f0>,<function <lambda> at 0x7fa496287a90>,<function <lambda> at 0x7fa496287b30>
24636,2022-10-23 11:00:00,<function <lambda> at 0x7fa4962879f0>,<function <lambda> at 0x7fa496287a90>,<function <lambda> at 0x7fa496287b30>
24637,2022-10-23 12:00:00,<function <lambda> at 0x7fa4962879f0>,<function <lambda> at 0x7fa496287a90>,<function <lambda> at 0x7fa496287b30>
24638,2022-10-23 13:00:00,<function <lambda> at 0x7fa4962879f0>,<function <lambda> at 0x7fa496287a90>,<function <lambda> at 0x7fa496287b30>
24639,2022-10-23 14:00:00,<function <lambda> at 0x7fa4962879f0>,<function <lambda> at 0x7fa496287a90>,<function <lambda> at 0x7fa496287b30>
24640,2022-10-23 15:00:00,<function <lambda> at 0x7fa4962879f0>,<function <lambda> at 0x7fa496287a90>,<function <lambda> at 0x7fa496287b30>
24641,2022-10-23 16:00:00,<function <lambda> at 0x7fa4962879f0>,<function <lambda> at 0x7fa496287a90>,<function <lambda> at 0x7fa496287b30>
24642,2022-10-23 17:00:00,<function <lambda> at 0x7fa4962879f0>,<function <lambda> at 0x7fa496287a90>,<function <lambda> at 0x7fa496287b30>
24643,2022-10-23 18:00:00,<function <lambda> at 0x7fa4962879f0>,<function <lambda> at 0x7fa496287a90>,<function <lambda> at 0x7fa496287b30>
24644,2022-10-23 19:00:00,<function <lambda> at 0x7fa4962879f0>,<function <lambda> at 0x7fa496287a90>,<function <lambda> at 0x7fa496287b30>
24645,2022-10-23 20:00:00,<function <lambda> at 0x7fa4962879f0>,<function <lambda> at 0x7fa496287a90>,<function <lambda> at 0x7fa496287b30>
24646,2022-10-23 21:00:00,<function <lambda> at 0x7fa4962879f0>,<function <lambda> at 0x7fa496287a90>,<function <lambda> at 0x7fa496287b30>
24647,2022-10-23 22:00:00,<function <lambda> at 0x7fa4962879f0>,<function <lambda> at 0x7fa496287a90>,<function <lambda> at 0x7fa496287b30>
24648,2022-10-23 23:00:00,<function <lambda> at 0x7fa4962879f0>,<function <lambda> at 0x7fa496287a90>,<function <lambda> at 0x7fa496287b30>
24649,2022-10-24 00:00:00,<function <lambda> at 0x7fa4962879f0>,<function <lambda> at 0x7fa496287a90>,<function <lambda> at 0x7fa496287b30>
24650,2022-10-24 01:00:00,<function <lambda> at 0x7fa4962879f0>,<function <lambda> at 0x7fa496287a90>,<function <lambda> at 0x7fa496287b30>
24651,2022-10-24 02:00:00,<function <lambda> at 0x7fa4962879f0>,<function <lambda> at 0x7fa496287a90>,<function <lambda> at 0x7fa496287b30>
24652,2022-10-24 03:00:00,<function <lambda> at 0x7fa4962879f0>,<function <lambda> at 0x7fa496287a90>,<function <lambda> at 0x7fa496287b30>
24653,2022-10-24 04:00:00,<function <lambda> at 0x7fa4962879f0>,<function <lambda> at 0x7fa496287a90>,<function <lambda> at 0x7fa496287b30>
24654,2022-10-24 05:00:00,<function <lambda> at 0x7fa4962879f0>,<function <lambda> at 0x7fa496287a90>,<function <lambda> at 0x7fa496287b30>
24655,2022-10-24 06:00:00,<function <lambda> at 0x7fa4962879f0>,<function <lambda> at 0x7fa496287a90>,<function <lambda> at 0x7fa496287b30>
24656,2022-10-24 07:00:00,<function <lambda> at 0x7fa4962879f0>,<function <lambda> at 0x7fa496287a90>,<function <lambda> at 0x7fa496287b30>
24657,2022-10-24 08:00:00,<function <lambda> at 0x7fa4962879f0>,<function <lambda> at 0x7fa496287a90>,<function <lambda> at 0x7fa496287b30>
24658,2022-10-24 09:00:00,<function <lambda> at 0x7fa4962879f0>,<function <lambda> at 0x7fa496287a90>,<function <lambda> at 0x7fa496287b30>
24659,2022-10-24 10:00:00,<function <lambda> at 0x7fa4962879f0>,<function <lambda> at 0x7fa496287a90>,<function <lambda> at 0x7fa496287b30>
24660,2022-10-24 11:00:00,<function <lambda> at 0x7fa4962879f0>,<function <lambda> at 0x7fa496287a90>,<function <lambda> at 0x7fa496287b30>
24661,2022-10-24 12:00:00,<function <lambda> at 0x7fa4962879f0>,<function <lambda> at 0x7fa496287a90>,<function <lambda> at 0x7fa496287b30>
24662,2022-10-24 13:00:00,<function <lambda> at 0x7fa4962879f0>,<function <lambda> at 0x7fa496287a90>,<function <lambda> at 0x7fa496287b30>
24663,2022-10-24 14:00:00,<function <lambda> at 0x7fa4962879f0>,<function <lambda> at 0x7fa496287a90>,<function <lambda> at 0x7fa496287b30>
24664,2022-10-24 15:00:00,<function <lambda> at 0x7fa4962879f0>,<function <lambda> at 0x7fa496287a90>,<function <lambda> at 0x7fa496287b30>
24665,2022-10-24 16:00:00,<function <lambda> at 0x7fa4962879f0>,<function <lambda> at 0x7fa496287a90>,<function <lambda> at 0x7fa496287b30>
24666,2022-10-24 17:00:00,<function <lambda> at 0x7fa4962879f0>,<function <lambda> at 0x7fa496287a90>,<function <lambda> at 0x7fa496287b30>
24667,2022-10-24 18:00:00,<function <lambda> at 0x7fa4962879f0>,<function <lambda> at 0x7fa496287a90>,<function <lambda> at 0x7fa496287b30>
24668,2022-10-24 19:00:00,<function <lambda> at 0x7fa4962879f0>,<function <lambda> at 0x7fa496287a90>,<function <lambda> at 0x7fa496287b30>
24669,2022-10-24 20:00:00,<function <lambda> at 0x7fa4962879f0>,<function <lambda> at 0x7fa496287a90>,<function <lambda> at 0x7fa496287b30>
24670,2022-10-24 21:00:00,<function <lambda> at 0x7fa4962879f0>,<function <lambda> at 0x7fa496287a90>,<function <lambda> at 0x7fa496287b30>
24671,2022-10-24 22:00:00,<function <lambda> at 0x7fa4962879f0>,<function <lambda> at 0x7fa496287a90>,<function <lambda> at 0x7fa496287b30>
24672,2022-10-24 23:00:00,<function <lambda> at 0x7fa4962879f0>,<function <lambda> at 0x7fa496287a90>,<function <lambda> at 0x7fa496287b30>
24673,2022-10-25 00:00:00,<function <lambda> at 0x7fa4962879f0>,<function <lambda> at 0x7fa496287a90>,<function <lambda> at 0x7fa496287b30>
24674,2022-10-25 01:00:00,<function <lambda> at 0x7fa4962879f0>,<function <lambda> at 0x7fa496287a90>,<function <lambda> at 0x7fa496287b30>
24675,2022-10-25 02:00:00,<function <lambda> at 0x7fa4962879f0>,<function <lambda> at 0x7fa496287a90>,<function <lambda> at 0x7fa496287b30>
24676,2022-10-25 03:00:00,<function <lambda> at 0x7fa4962879f0>,<function <lambda> at 0x7fa496287a90>,<function <lambda> at 0x7fa496287b30>
24677,2022-10-25 04:00:00,<function <lambda> at 0x7fa4962879f0>,<function <lambda> at 0x7fa496287a90>,<function <lambda> at 0x7fa496287b30>
24678,2022-10-25 05:00:00,<function <lambda> at 0x7fa4962879f0>,<function <lambda> at 0x7fa496287a90>,<function <lambda> at 0x7fa496287b30>
24679,2022-10-25 06:00:00,<function <lambda> at 0x7fa4962879f0>,<function <lambda> at 0x7fa496287a90>,<function <lambda> at 0x7fa496287b30>
24680,2022-10-25 07:00:00,<function <lambda> at 0x7fa4962879f0>,<function <lambda> at 0x7fa496287a90>,<function <lambda> at 0x7fa496287b30>
24681,2022-10-25 08:00:00,<function <lambda> at 0x7fa4962879f0>,<function <lambda> at 0x7fa496287a90>,<function <lambda> at 0x7fa496287b30>
24682,2022-10-25 09:00:00,<function <lambda> at 0x7fa4962879f0>,<function <lambda> at 0x7fa496287a90>,<function <lambda> at 0x7fa496287b30>
24683,2022-10-25 10:00:00,<function <lambda> at 0x7fa4962879f0>,<function <lambda> at 0x7fa496287a90>,<function <lambda> at 0x7fa496287b30>
24684,2022-10-25 11:00:00,<function <lambda> at 0x7fa4962879f0>,<function <lambda> at 0x7fa496287a90>,<function <lambda> at 0x7fa496287b30>
24685,2022-10-25 12:00:00,<function <lambda> at 0x7fa4962879f0>,<function <lambda> at 0x7fa496287a90>,<function <lambda> at 0x7fa496287b30>
24686,2022-10-25 13:00:00,<function <lambda> at 0x7fa4962879f0>,<function <lambda> at 0x7fa496287a90>,<function <lambda> at 0x7fa496287b30>
24687,2022-10-25 14:00:00,<function <lambda> at 0x7fa4962879f0>,<function <lambda> at 0x7fa496287a90>,<function <lambda> at 0x7fa496287b30>
24688,2022-10-25 15:00:00,<function <lambda> at 0x7fa4962879f0>,<function <lambda> at 0x7fa496287a90>,<function <lambda> at 0x7fa496287b30>
24689,2022-10-25 16:00:00,<function <lambda> at 0x7fa4962879f0>,<function <lambda> at 0x7fa496287a90>,<function <lambda> at 0x7fa496287b30>
24690,2022-10-25 17:00:00,<function <lambda> at 0x7fa4962879f0>,<function <lambda> at 0x7fa496287a90>,<function <lambda> at 0x7fa496287b30>
24691,2022-10-25 18:00:00,<function <lambda> at 0x7fa4962879f0>,<function <lambda> at 0x7fa496287a90>,<function <lambda> at 0x7fa496287b30>
24692,2022-10-25 19:00:00,<function <lambda> at 0x7fa4962879f0>,<function <lambda> at 0x7fa496287a90>,<function <lambda> at 0x7fa496287b30>
24693,2022-10-25 20:00:00,<function <lambda> at 0x7fa4962879f0>,<function <lambda> at 0x7fa496287a90>,<function <lambda> at 0x7fa496287b30>
24694,2022-10-25 21:00:00,<function <lambda> at 0x7fa4962879f0>,<function <lambda> at 0x7fa496287a90>,<function <lambda> at 0x7fa496287b30>
24695,2022-10-25 22:00:00,<function <lambda> at 0x7fa4962879f0>,<function <lambda> at 0x7fa496287a90>,<function <lambda> at 0x7fa496287b30>
24696,2022-10-25 23:00:00,<function <lambda> at 0x7fa4962879f0>,<function <lambda> at 0x7fa496287a90>,<function <lambda> at 0x7fa496287b30>
24697,2022-10-26 00:00:00,<function <lambda> at 0x7fa4962879f0>,<function <lambda> at 0x7fa496287a90>,<function <lambda> at 0x7fa496287b30>
24698,2022-10-26 01:00:00,<function <lambda> at 0x7fa4962879f0>,<function <lambda> at 0x7fa496287a90>,<function <lambda> at 0x7fa496287b30>
24699,2022-10-26 02:00:00,<function <lambda> at 0x7fa4962879f0>,<function <lambda> at 0x7fa496287a90>,<function <lambda> at 0x7fa496287b30>
24700,2022-10-26 03:00:00,<function <lambda> at 0x7fa4962879f0>,<function <lambda> at 0x7fa496287a90>,<function <lambda> at 0x7fa496287b30>
24701,2022-10-26 04:00:00,<function <lambda> at 0x7fa4962879f0>,<function <lambda> at 0x7fa496287a90>,<function <lambda> at 0x7fa496287b30>
24702,2022-10-26 05:00:00,<function <lambda> at 0x7fa4962879f0>,<function <lambda> at 0x7fa496287a90>,<function <lambda> at 0x7fa496287b30>
24703,2022-10-26 06:00:00,<function <lambda> at 0x7fa4962879f0>,<function <lambda> at 0x7fa496287a90>,<function <lambda> at 0x7fa496287b30>
24704,2022-10-26 07:00:00,<function <lambda> at 0x7fa4962879f0>,<function <lambda> at 0x7fa496287a90>,<function <lambda> at 0x7fa496287b30>
24705,2022-10-26 08:00:00,<function <lambda> at 0x7fa4962879f0>,<function <lambda> at 0x7fa496287a90>,<function <lambda> at 0x7fa496287b30>
24706,2022-10-26 09:00:00,<function <lambda> at 0x7fa4962879f0>,<function <lambda> at 0x7fa496287a90>,<function <lambda> at 0x7fa496287b30>
24707,2022-10-26 10:00:00,<function <lambda> at 0x7fa4962879f0>,<function <lambda> at 0x7fa496287a90>,<function <lambda> at 0x7fa496287b30>
24708,2022-10-26 11:00:00,<function <lambda> at 0x7fa4962879f0>,<function <lambda> at 0x7fa496287a90>,<function <lambda> at 0x7fa496287b30>
24709,2022-10-26 12:00:00,<function <lambda> at 0x7fa4962879f0>,<function <lambda> at 0x7fa496287a90>,<function <lambda> at 0x7fa496287b30>
24710,2022-10-26 13:00:00,<function <lambda> at 0x7fa4962879f0>,<function <lambda> at 0x7fa496287a90>,<function <lambda> at 0x7fa496287b30>
24711,2022-10-26 14:00:00,<function <lambda> at 0x7fa4962879f0>,<function <lambda> at 0x7fa496287a90>,<function <lambda> at 0x7fa496287b30>
24712,2022-10-26 15:00:00,<function <lambda> at 0x7fa4962879f0>,<function <lambda> at 0x7fa496287a90>,<function <lambda> at 0x7fa496287b30>
24713,2022-10-26 16:00:00,<function <lambda> at 0x7fa4962879f0>,<function <lambda> at 0x7fa496287a90>,<function <lambda> at 0x7fa496287b30>
24714,2022-10-26 17:00:00,<function <lambda> at 0x7fa4962879f0>,<function <lambda> at 0x7fa496287a90>,<function <lambda> at 0x7fa496287b30>
24715,2022-10-26 18:00:00,<function <lambda> at 0x7fa4962879f0>,<function <lambda> at 0x7fa496287a90>,<function <lambda> at 0x7fa496287b30>
24716,2022-10-26 19:00:00,<function <lambda> at 0x7fa4962879f0>,<function <lambda> at 0x7fa496287a90>,<function <lambda> at 0x7fa496287b30>
24717,2022-10-26 20:00:00,<function <lambda> at 0x7fa4962879f0>,<function <lambda> at 0x7fa496287a90>,<function <lambda> at 0x7fa496287b30>
24718,2022-10-26 21:00:00,<function <lambda> at 0x7fa4962879f0>,<function <lambda> at 0x7fa496287a90>,<function <lambda> at 0x7fa496287b30>
24719,2022-10-26 22:00:00,<function <lambda> at 0x7fa4962879f0>,<function <lambda> at 0x7fa496287a90>,<function <lambda> at 0x7fa496287b30>
24720,2022-10-26 23:00:00,<function <lambda> at 0x7fa4962879f0>,<function <lambda> at 0x7fa496287a90>,<function <lambda> at 0x7fa496287b30>
24721,2022-10-27 00:00:00,<function <lambda> at 0x7fa4962879f0>,<function <lambda> at 0x7fa496287a90>,<function <lambda> at 0x7fa496287b30>
24722,2022-10-27 01:00:00,<function <lambda> at 0x7fa4962879f0>,<function <lambda> at 0x7fa496287a90>,<function <lambda> at 0x7fa496287b30>
24723,2022-10-27 02:00:00,<function <lambda> at 0x7fa4962879f0>,<function <lambda> at 0x7fa496287a90>,<function <lambda> at 0x7fa496287b30>
24724,2022-10-27 03:00:00,<function <lambda> at 0x7fa4962879f0>,<function <lambda> at 0x7fa496287a90>,<function <lambda> at 0x7fa496287b30>
24725,2022-10-27 04:00:00,<function <lambda> at 0x7fa4962879f0>,<function <lambda> at 0x7fa496287a90>,<function <lambda> at 0x7fa496287b30>
24726,2022-10-27 05:00:00,<function <lambda> at 0x7fa4962879f0>,<function <lambda> at 0x7fa496287a90>,<function <lambda> at 0x7fa496287b30>
24727,2022-10-27 06:00:00,<function <lambda> at 0x7fa4962879f0>,<function <lambda> at 0x7fa496287a90>,<function <lambda> at 0x7fa496287b30>
24728,2022-10-27 07:00:00,<function <lambda> at 0x7fa4962879f0>,<function <lambda> at 0x7fa496287a90>,<function <lambda> at 0x7fa496287b30>
24729,2022-10-27 08:00:00,<function <lambda> at 0x7fa4962879f0>,<function <lambda> at 0x7fa496287a90>,<function <lambda> at 0x7fa496287b30>
24730,2022-10-27 09:00:00,<function <lambda> at 0x7fa4962879f0>,<function <lambda> at 0x7fa496287a90>,<function <lambda> at 0x7fa496287b30>
24731,2022-10-27 10:00:00,<function <lambda> at 0x7fa4962879f0>,<function <lambda> at 0x7fa496287a90>,<function <lambda> at 0x7fa496287b30>
24732,2022-10-27 11:00:00,<function <lambda> at 0x7fa4962879f0>,<function <lambda> at 0x7fa496287a90>,<function <lambda> at 0x7fa496287b30>
24733,2022-10-27 12:00:00,<function <lambda> at 0x7fa4962879f0>,<function <lambda> at 0x7fa496287a90>,<function <lambda> at 0x7fa496287b30>
24734,2022-10-27 13:00:00,<function <lambda> at 0x7fa4962879f0>,<function <lambda> at 0x7fa496287a90>,<function <lambda> at 0x7fa496287b30>
24735,2022-10-27 14:00:00,<function <lambda> at 0x7fa4962879f0>,<function <lambda> at 0x7fa496287a90>,<function <lambda> at 0x7fa496287b30>
24736,2022-10-27 15:00:00,<function <lambda> at 0x7fa4962879f0>,<function <lambda> at 0x7fa496287a90>,<function <lambda> at 0x7fa496287b30>
24737,2022-10-27 16:00:00,<function <lambda> at 0x7fa4962879f0>,<function <lambda> at 0x7fa496287a90>,<function <lambda> at 0x7fa496287b30>
24738,2022-10-27 17:00:00,<function <lambda> at 0x7fa4962879f0>,<function <lambda> at 0x7fa496287a90>,<function <lambda> at 0x7fa496287b30>
24739,2022-10-27 18:00:00,<function <lambda> at 0x7fa4962879f0>,<function <lambda> at 0x7fa496287a90>,<function <lambda> at 0x7fa496287b30>
24740,2022-10-27 19:00:00,<function <lambda> at 0x7fa4962879f0>,<function <lambda> at 0x7fa496287a90>,<function <lambda> at 0x7fa496287b30>
24741,2022-10-27 20:00:00,<function <lambda> at 0x7fa4962879f0>,<function <lambda> at 0x7fa496287a90>,<function <lambda> at 0x7fa496287b30>
24742,2022-10-27 21:00:00,<function <lambda> at 0x7fa4962879f0>,<function <lambda> at 0x7fa496287a90>,<function <lambda> at 0x7fa496287b30>
24743,2022-10-27 22:00:00,<function <lambda> at 0x7fa4962879f0>,<function <lambda> at 0x7fa496287a90>,<function <lambda> at 0x7fa496287b30>
24744,2022-10-27 23:00:00,<function <lambda> at 0x7fa4962879f0>,<function <lambda> at 0x7fa496287a90>,<function <lambda> at 0x7fa496287b30>
24745,2022-10-28 00:00:00,<function <lambda> at 0x7fa4962879f0>,<function <lambda> at 0x7fa496287a90>,<function <lambda> at 0x7fa496287b30>
24746,2022-10-28 01:00:00,<function <lambda> at 0x7fa4962879f0>,<function <lambda> at 0x7fa496287a90>,<function <lambda> at 0x7fa496287b30>
24747,2022-10-28 02:00:00,<function <lambda> at 0x7fa4962879f0>,<function <lambda> at 0x7fa496287a90>,<function <lambda> at 0x7fa496287b30>
24748,2022-10-28 03:00:00,<function <lambda> at 0x7fa4962879f0>,<function <lambda> at 0x7fa496287a90>,<function <lambda> at 0x7fa496287b30>
24749,2022-10-28 04:00:00,<function <lambda> at 0x7fa4962879f0>,<function <lambda> at 0x7fa496287a90>,<function <lambda> at 0x7fa496287b30>
24750,2022-10-28 05:00:00,<function <lambda> at 0x7fa4962879f0>,<function <lambda> at 0x7fa496287a90>,<function <lambda> at 0x7fa496287b30>
24751,2022-10-28 06:00:00,<function <lambda> at 0x7fa4962879f0>,<function <lambda> at 0x7fa496287a90>,<function <lambda> at 0x7fa496287b30>
24752,2022-10-28 07:00:00,<function <lambda> at 0x7fa4962879f0>,<function <lambda> at 0x7fa496287a90>,<function <lambda> at 0x7fa496287b30>
24753,2022-10-28 08:00:00,<function <lambda> at 0x7fa4962879f0>,<function <lambda> at 0x7fa496287a90>,<function <lambda> at 0x7fa496287b30>
24754,2022-10-28 09:00:00,<function <lambda> at 0x7fa4962879f0>,<function <lambda> at 0x7fa496287a90>,<function <lambda> at 0x7fa496287b30>
24755,2022-10-28 10:00:00,<function <lambda> at 0x7fa4962879f0>,<function <lambda> at 0x7fa496287a90>,<function <lambda> at 0x7fa496287b30>
24756,2022-10-28 11:00:00,<function <lambda> at 0x7fa4962879f0>,<function <lambda> at 0x7fa496287a90>,<function <lambda> at 0x7fa496287b30>
24757,2022-10-28 12:00:00,<function <lambda> at 0x7fa4962879f0>,<function <lambda> at 0x7fa496287a90>,<function <lambda> at 0x7fa496287b30>
24758,2022-10-28 13:00:00,<function <lambda> at 0x7fa4962879f0>,<function <lambda> at 0x7fa496287a90>,<function <lambda> at 0x7fa496287b30>
24759,2022-10-28 14:00:00,<function <lambda> at 0x7fa4962879f0>,<function <lambda> at 0x7fa496287a90>,<function <lambda> at 0x7fa496287b30>
24760,2022-10-28 15:00:00,<function <lambda> at 0x7fa4962879f0>,<function <lambda> at 0x7fa496287a90>,<function <lambda> at 0x7fa496287b30>
24761,2022-10-28 16:00:00,<function <lambda> at 0x7fa4962879f0>,<function <lambda> at 0x7fa496287a90>,<function <lambda> at 0x7fa496287b30>
24762,2022-10-28 17:00:00,<function <lambda> at 0x7fa4962879f0>,<function <lambda> at 0x7fa496287a90>,<function <lambda> at 0x7fa496287b30>
24763,2022-10-28 18:00:00,<function <lambda> at 0x7fa4962879f0>,<function <lambda> at 0x7fa496287a90>,<function <lambda> at 0x7fa496287b30>
24764,2022-10-28 19:00:00,<function <lambda> at 0x7fa4962879f0>,<function <lambda> at 0x7fa496287a90>,<function <lambda> at 0x7fa496287b30>
24765,2022-10-28 20:00:00,<function <lambda> at 0x7fa4962879f0>,<function <lambda> at 0x7fa496287a90>,<function <lambda> at 0x7fa496287b30>
24766,2022-10-28 21:00:00,<function <lambda> at 0x7fa4962879f0>,<function <lambda> at 0x7fa496287a90>,<function <lambda> at 0x7fa496287b30>
24767,2022-10-28 22:00:00,<function <lambda> at 0x7fa4962879f0>,<function <lambda> at 0x7fa496287a90>,<function <lambda> at 0x7fa496287b30>
24768,2022-10-28 23:00:00,<function <lambda> at 0x7fa4962879f0>,<function <lambda> at 0x7fa496287a90>,<function <lambda> at 0x7fa496287b30>
24769,2022-10-29 00:00:00,<function <lambda> at 0x7fa4962879f0>,<function <lambda> at 0x7fa496287a90>,<function <lambda> at 0x7fa496287b30>
24770,2022-10-29 01:00:00,<function <lambda> at 0x7fa4962879f0>,<function <lambda> at 0x7fa496287a90>,<function <lambda> at 0x7fa496287b30>
24771,2022-10-29 02:00:00,<function <lambda> at 0x7fa4962879f0>,<function <lambda> at 0x7fa496287a90>,<function <lambda> at 0x7fa496287b30>
24772,2022-10-29 03:00:00,<function <lambda> at 0x7fa4962879f0>,<function <lambda> at 0x7fa496287a90>,<function <lambda> at 0x7fa496287b30>
24773,2022-10-29 04:00:00,<function <lambda> at 0x7fa4962879f0>,<function <lambda> at 0x7fa496287a90>,<function <lambda> at 0x7fa496287b30>
24774,2022-10-29 05:00:00,<function <lambda> at 0x7fa4962879f0>,<function <lambda> at 0x7fa496287a90>,<function <lambda> at 0x7fa496287b30>
24775,2022-10-29 06:00:00,<function <lambda> at 0x7fa4962879f0>,<function <lambda> at 0x7fa496287a90>,<function <lambda> at 0x7fa496287b30>
24776,2022-10-29 07:00:00,<function <lambda> at 0x7fa4962879f0>,<function <lambda> at 0x7fa496287a90>,<function <lambda> at 0x7fa496287b30>
24777,2022-10-29 08:00:00,<function <lambda> at 0x7fa4962879f0>,<function <lambda> at 0x7fa496287a90>,<function <lambda> at 0x7fa496287b30>
24778,2022-10-29 09:00:00,<function <lambda> at 0x7fa4962879f0>,<function <lambda> at 0x7fa496287a90>,<function <lambda> at 0x7fa496287b30>
24779,2022-10-29 10:00:00,<function <lambda> at 0x7fa4962879f0>,<function <lambda> at 0x7fa496287a90>,<function <lambda> at 0x7fa496287b30>
24780,2022-10-29 11:00:00,<function <lambda> at 0x7fa4962879f0>,<function <lambda> at 0x7fa496287a90>,<function <lambda> at 0x7fa496287b30>
24781,2022-10-29 12:00:00,<function <lambda> at 0x7fa4962879f0>,<function <lambda> at 0x7fa496287a90>,<function <lambda> at 0x7fa496287b30>
24782,2022-10-29 13:00:00,<function <lambda> at 0x7fa4962879f0>,<function <lambda> at 0x7fa496287a90>,<function <lambda> at 0x7fa496287b30>
24783,2022-10-29 14:00:00,<function <lambda> at 0x7fa4962879f0>,<function <lambda> at 0x7fa496287a90>,<function <lambda> at 0x7fa496287b30>
24784,2022-10-29 15:00:00,<function <lambda> at 0x7fa4962879f0>,<function <lambda> at 0x7fa496287a90>,<function <lambda> at 0x7fa496287b30>
24785,2022-10-29 16:00:00,<function <lambda> at 0x7fa4962879f0>,<function <lambda> at 0x7fa496287a90>,<function <lambda> at 0x7fa496287b30>
24786,2022-10-29 17:00:00,<function <lambda> at 0x7fa4962879f0>,<function <lambda> at 0x7fa496287a90>,<function <lambda> at 0x7fa496287b30>
24787,2022-10-29 18:00:00,<function <lambda> at 0x7fa4962879f0>,<function <lambda> at 0x7fa496287a90>,<function <lambda> at 0x7fa496287b30>
24788,2022-10-29 19:00:00,<function <lambda> at 0x7fa4962879f0>,<function <lambda> at 0x7fa496287a90>,<function <lambda> at 0x7fa496287b30>
24789,2022-10-29 20:00:00,<function <lambda> at 0x7fa4962879f0>,<function <lambda> at 0x7fa496287a90>,<function <lambda> at 0x7fa496287b30>
24790,2022-10-29 21:00:00,<function <lambda> at 0x7fa4962879f0>,<function <lambda> at 0x7fa496287a90>,<function <lambda> at 0x7fa496287b30>
24791,2022-10-29 22:00:00,<function <lambda> at 0x7fa4962879f0>,<function <lambda> at 0x7fa496287a90>,<function <lambda> at 0x7fa496287b30>
24792,2022-10-29 23:00:00,<function <lambda> at 0x7fa4962879f0>,<function <lambda> at 0x7fa496287a90>,<function <lambda> at 0x7fa496287b30>
24793,2022-10-30 00:00:00,<function <lambda> at 0x7fa4962879f0>,<function <lambda> at 0x7fa496287a90>,<function <lambda> at 0x7fa496287b30>
24794,2022-10-30 01:00:00,<function <lambda> at 0x7fa4962879f0>,<function <lambda> at 0x7fa496287a90>,<function <lambda> at 0x7fa496287b30>
24795,2022-10-30 02:00:00,<function <lambda> at 0x7fa4962879f0>,<function <lambda> at 0x7fa496287a90>,<function <lambda> at 0x7fa496287b30>
24796,2022-10-30 03:00:00,<function <lambda> at 0x7fa4962879f0>,<function <lambda> at 0x7fa496287a90>,<function <lambda> at 0x7fa496287b30>
24797,2022-10-30 04:00:00,<function <lambda> at 0x7fa4962879f0>,<function <lambda> at 0x7fa496287a90>,<function <lambda> at 0x7fa496287b30>
24798,2022-10-30 05:00:00,<function <lambda> at 0x7fa4962879f0>,<function <lambda> at 0x7fa496287a90>,<function <lambda> at 0x7fa496287b30>
24799,2022-10-30 06:00:00,<function <lambda> at 0x7fa4962879f0>,<function <lambda> at 0x7fa496287a90>,<function <lambda> at 0x7fa496287b30>
24800,2022-10-30 07:00:00,<function <lambda> at 0x7fa4962879f0>,<function <lambda> at 0x7fa496287a90>,<function <lambda> at 0x7fa496287b30>
24801,2022-10-30 08:00:00,<function <lambda> at 0x7fa4962879f0>,<function <lambda> at 0x7fa496287a90>,<function <lambda> at 0x7fa496287b30>
24802,2022-10-30 09:00:00,<function <lambda> at 0x7fa4962879f0>,<function <lambda> at 0x7fa496287a90>,<function <lambda> at 0x7fa496287b30>
24803,2022-10-30 10:00:00,<function <lambda> at 0x7fa4962879f0>,<function <lambda> at 0x7fa496287a90>,<function <lambda> at 0x7fa496287b30>
24804,2022-10-30 11:00:00,<function <lambda> at 0x7fa4962879f0>,<function <lambda> at 0x7fa496287a90>,<function <lambda> at 0x7fa496287b30>
24805,2022-10-30 12:00:00,<function <lambda> at 0x7fa4962879f0>,<function <lambda> at 0x7fa496287a90>,<function <lambda> at 0x7fa496287b30>
24806,2022-10-30 13:00:00,<function <lambda> at 0x7fa4962879f0>,<function <lambda> at 0x7fa496287a90>,<function <lambda> at 0x7fa496287b30>
24807,2022-10-30 14:00:00,<function <lambda> at 0x7fa4962879f0>,<function <lambda> at 0x7fa496287a90>,<function <lambda> at 0x7fa496287b30>
24808,2022-10-30 15:00:00,<function <lambda> at 0x7fa4962879f0>,<function <lambda> at 0x7fa496287a90>,<function <lambda> at 0x7fa496287b30>
24809,2022-10-30 16:00:00,<function <lambda> at 0x7fa4962879f0>,<function <lambda> at 0x7fa496287a90>,<function <lambda> at 0x7fa496287b30>
24810,2022-10-30 17:00:00,<function <lambda> at 0x7fa4962879f0>,<function <lambda> at 0x7fa496287a90>,<function <lambda> at 0x7fa496287b30>
24811,2022-10-30 18:00:00,<function <lambda> at 0x7fa4962879f0>,<function <lambda> at 0x7fa496287a90>,<function <lambda> at 0x7fa496287b30>
24812,2022-10-30 19:00:00,<function <lambda> at 0x7fa4962879f0>,<function <lambda> at 0x7fa496287a90>,<function <lambda> at 0x7fa496287b30>
24813,2022-10-30 20:00:00,<function <lambda> at 0x7fa4962879f0>,<function <lambda> at 0x7fa496287a90>,<function <lambda> at 0x7fa496287b30>
24814,2022-10-30 21:00:00,<function <lambda> at 0x7fa4962879f0>,<function <lambda> at 0x7fa496287a90>,<function <lambda> at 0x7fa496287b30>
24815,2022-10-30 22:00:00,<function <lambda> at 0x7fa4962879f0>,<function <lambda> at 0x7fa496287a90>,<function <lambda> at 0x7fa496287b30>
24816,2022-10-30 23:00:00,<function <lambda> at 0x7fa4962879f0>,<function <lambda> at 0x7fa496287a90>,<function <lambda> at 0x7fa496287b30>
24817,2022-10-31 00:00:00,<function <lambda> at 0x7fa4962879f0>,<function <lambda> at 0x7fa496287a90>,<function <lambda> at 0x7fa496287b30>
24818,2022-10-31 01:00:00,<function <lambda> at 0x7fa4962879f0>,<function <lambda> at 0x7fa496287a90>,<function <lambda> at 0x7fa496287b30>
24819,2022-10-31 02:00:00,<function <lambda> at 0x7fa4962879f0>,<function <lambda> at 0x7fa496287a90>,<function <lambda> at 0x7fa496287b30>
24820,2022-10-31 03:00:00,<function <lambda> at 0x7fa4962879f0>,<function <lambda> at 0x7fa496287a90>,<function <lambda> at 0x7fa496287b30>
24821,2022-10-31 04:00:00,<function <lambda> at 0x7fa4962879f0>,<function <lambda> at 0x7fa496287a90>,<function <lambda> at 0x7fa496287b30>
24822,2022-10-31 05:00:00,<function <lambda> at 0x7fa4962879f0>,<function <lambda> at 0x7fa496287a90>,<function <lambda> at 0x7fa496287b30>
24823,2022-10-31 06:00:00,<function <lambda> at 0x7fa4962879f0>,<function <lambda> at 0x7fa496287a90>,<function <lambda> at 0x7fa496287b30>
24824,2022-10-31 07:00:00,<function <lambda> at 0x7fa4962879f0>,<function <lambda> at 0x7fa496287a90>,<function <lambda> at 0x7fa496287b30>
24825,2022-10-31 08:00:00,<function <lambda> at 0x7fa4962879f0>,<function <lambda> at 0x7fa496287a90>,<function <lambda> at 0x7fa496287b30>
24826,2022-10-31 09:00:00,<function <lambda> at 0x7fa4962879f0>,<function <lambda> at 0x7fa496287a90>,<function <lambda> at 0x7fa496287b30>
24827,2022-10-31 10:00:00,<function <lambda> at 0x7fa4962879f0>,<function <lambda> at 0x7fa496287a90>,<function <lambda> at 0x7fa496287b30>
24828,2022-10-31 11:00:00,<function <lambda> at 0x7fa4962879f0>,<function <lambda> at 0x7fa496287a90>,<function <lambda> at 0x7fa496287b30>
24829,2022-10-31 12:00:00,<function <lambda> at 0x7fa4962879f0>,<function <lambda> at 0x7fa496287a90>,<function <lambda> at 0x7fa496287b30>
24830,2022-10-31 13:00:00,<function <lambda> at 0x7fa4962879f0>,<function <lambda> at 0x7fa496287a90>,<function <lambda> at 0x7fa496287b30>
24831,2022-10-31 14:00:00,<function <lambda> at 0x7fa4962879f0>,<function <lambda> at 0x7fa496287a90>,<function <lambda> at 0x7fa496287b30>
24832,2022-10-31 15:00:00,<function <lambda> at 0x7fa4962879f0>,<function <lambda> at 0x7fa496287a90>,<function <lambda> at 0x7fa496287b30>
24833,2022-10-31 16:00:00,<function <lambda> at 0x7fa4962879f0>,<function <lambda> at 0x7fa496287a90>,<function <lambda> at 0x7fa496287b30>
24834,2022-10-31 17:00:00,<function <lambda> at 0x7fa4962879f0>,<function <lambda> at 0x7fa496287a90>,<function <lambda> at 0x7fa496287b30>
24835,2022-10-31 18:00:00,<function <lambda> at 0x7fa4962879f0>,<function <lambda> at 0x7fa496287a90>,<function <lambda> at 0x7fa496287b30>
24836,2022-10-31 19:00:00,<function <lambda> at 0x7fa4962879f0>,<function <lambda> at 0x7fa496287a90>,<function <lambda> at 0x7fa496287b30>
24837,2022-10-31 20:00:00,<function <lambda> at 0x7fa4962879f0>,<function <lambda> at 0x7fa496287a90>,<function <lambda> at 0x7fa496287b30>
24838,2022-10-31 21:00:00,<function <lambda> at 0x7fa4962879f0>,<function <lambda> at 0x7fa496287a90>,<function <lambda> at 0x7fa496287b30>
24839,2022-10-31 22:00:00,<function <lambda> at 0x7fa4962879f0>,<function <lambda> at 0x7fa496287a90>,<function <lambda> at 0x7fa496287b30>
24840,2022-10-31 23:00:00,<function <lambda> at 0x7fa4962879f0>,<function <lambda> at 0x7fa496287a90>,<function <lambda> at 0x7fa496287b30>
24841,2022-11-01 00:00:00,<function <lambda> at 0x7fa4962879f0>,<function <lambda> at 0x7fa496287a90>,<function <lambda> at 0x7fa496287b30>
24842,2022-11-01 01:00:00,<function <lambda> at 0x7fa4962879f0>,<function <lambda> at 0x7fa496287a90>,<function <lambda> at 0x7fa496287b30>
24843,2022-11-01 02:00:00,<function <lambda> at 0x7fa4962879f0>,<function <lambda> at 0x7fa496287a90>,<function <lambda> at 0x7fa496287b30>
24844,2022-11-01 03:00:00,<function <lambda> at 0x7fa4962879f0>,<function <lambda> at 0x7fa496287a90>,<function <lambda> at 0x7fa496287b30>
24845,2022-11-01 04:00:00,<function <lambda> at 0x7fa4962879f0>,<function <lambda> at 0x7fa496287a90>,<function <lambda> at 0x7fa496287b30>
24846,2022-11-01 05:00:00,<function <lambda> at 0x7fa4962879f0>,<function <lambda> at 0x7fa496287a90>,<function <lambda> at 0x7fa496287b30>
24847,2022-11-01 06:00:00,<function <lambda> at 0x7fa4962879f0>,<function <lambda> at 0x7fa496287a90>,<function <lambda> at 0x7fa496287b30>
24848,2022-11-01 07:00:00,<function <lambda> at 0x7fa4962879f0>,<function <lambda> at 0x7fa496287a90>,<function <lambda> at 0x7fa496287b30>
24849,2022-11-01 08:00:00,<function <lambda> at 0x7fa4962879f0>,<function <lambda> at 0x7fa496287a90>,<function <lambda> at 0x7fa496287b30>
24850,2022-11-01 09:00:00,<function <lambda> at 0x7fa4962879f0>,<function <lambda> at 0x7fa496287a90>,<function <lambda> at 0x7fa496287b30>
24851,2022-11-01 10:00:00,<function <lambda> at 0x7fa4962879f0>,<function <lambda> at 0x7fa496287a90>,<function <lambda> at 0x7fa496287b30>
24852,2022-11-01 11:00:00,<function <lambda> at 0x7fa4962879f0>,<function <lambda> at 0x7fa496287a90>,<function <lambda> at 0x7fa496287b30>
24853,2022-11-01 12:00:00,<function <lambda> at 0x7fa4962879f0>,<function <lambda> at 0x7fa496287a90>,<function <lambda> at 0x7fa496287b30>
24854,2022-11-01 13:00:00,<function <lambda> at 0x7fa4962879f0>,<function <lambda> at 0x7fa496287a90>,<function <lambda> at 0x7fa496287b30>
24855,2022-11-01 14:00:00,<function <lambda> at 0x7fa4962879f0>,<function <lambda> at 0x7fa496287a90>,<function <lambda> at 0x7fa496287b30>
24856,2022-11-01 15:00:00,<function <lambda> at 0x7fa4962879f0>,<function <lambda> at 0x7fa496287a90>,<function <lambda> at 0x7fa496287b30>
24857,2022-11-01 16:00:00,<function <lambda> at 0x7fa4962879f0>,<function <lambda> at 0x7fa496287a90>,<function <lambda> at 0x7fa496287b30>
24858,2022-11-01 17:00:00,<function <lambda> at 0x7fa4962879f0>,<function <lambda> at 0x7fa496287a90>,<function <lambda> at 0x7fa496287b30>
24859,2022-11-01 18:00:00,<function <lambda> at 0x7fa4962879f0>,<function <lambda> at 0x7fa496287a90>,<function <lambda> at 0x7fa496287b30>
24860,2022-11-01 19:00:00,<function <lambda> at 0x7fa4962879f0>,<function <lambda> at 0x7fa496287a90>,<function <lambda> at 0x7fa496287b30>
24861,2022-11-01 20:00:00,<function <lambda> at 0x7fa4962879f0>,<function <lambda> at 0x7fa496287a90>,<function <lambda> at 0x7fa496287b30>
24862,2022-11-01 21:00:00,<function <lambda> at 0x7fa4962879f0>,<function <lambda> at 0x7fa496287a90>,<function <lambda> at 0x7fa496287b30>
24863,2022-11-01 22:00:00,<function <lambda> at 0x7fa4962879f0>,<function <lambda> at 0x7fa496287a90>,<function <lambda> at 0x7fa496287b30>
24864,2022-11-01 23:00:00,<function <lambda> at 0x7fa4962879f0>,<function <lambda> at 0x7fa496287a90>,<function <lambda> at 0x7fa496287b30>
24865,2022-11-02 00:00:00,<function <lambda> at 0x7fa4962879f0>,<function <lambda> at 0x7fa496287a90>,<function <lambda> at 0x7fa496287b30>
24866,2022-11-02 01:00:00,<function <lambda> at 0x7fa4962879f0>,<function <lambda> at 0x7fa496287a90>,<function <lambda> at 0x7fa496287b30>
24867,2022-11-02 02:00:00,<function <lambda> at 0x7fa4962879f0>,<function <lambda> at 0x7fa496287a90>,<function <lambda> at 0x7fa496287b30>
24868,2022-11-02 03:00:00,<function <lambda> at 0x7fa4962879f0>,<function <lambda> at 0x7fa496287a90>,<function <lambda> at 0x7fa496287b30>
24869,2022-11-02 04:00:00,<function <lambda> at 0x7fa4962879f0>,<function <lambda> at 0x7fa496287a90>,<function <lambda> at 0x7fa496287b30>
24870,2022-11-02 05:00:00,<function <lambda> at 0x7fa4962879f0>,<function <lambda> at 0x7fa496287a90>,<function <lambda> at 0x7fa496287b30>
24871,2022-11-02 06:00:00,<function <lambda> at 0x7fa4962879f0>,<function <lambda> at 0x7fa496287a90>,<function <lambda> at 0x7fa496287b30>
24872,2022-11-02 07:00:00,<function <lambda> at 0x7fa4962879f0>,<function <lambda> at 0x7fa496287a90>,<function <lambda> at 0x7fa496287b30>
24873,2022-11-02 08:00:00,<function <lambda> at 0x7fa4962879f0>,<function <lambda> at 0x7fa496287a90>,<function <lambda> at 0x7fa496287b30>
24874,2022-11-02 09:00:00,<function <lambda> at 0x7fa4962879f0>,<function <lambda> at 0x7fa496287a90>,<function <lambda> at 0x7fa496287b30>
24875,2022-11-02 10:00:00,<function <lambda> at 0x7fa4962879f0>,<function <lambda> at 0x7fa496287a90>,<function <lambda> at 0x7fa496287b30>
24876,2022-11-02 11:00:00,<function <lambda> at 0x7fa4962879f0>,<function <lambda> at 0x7fa496287a90>,<function <lambda> at 0x7fa496287b30>
24877,2022-11-02 12:00:00,<function <lambda> at 0x7fa4962879f0>,<function <lambda> at 0x7fa496287a90>,<function <lambda> at 0x7fa496287b30>
24878,2022-11-02 13:00:00,<function <lambda> at 0x7fa4962879f0>,<function <lambda> at 0x7fa496287a90>,<function <lambda> at 0x7fa496287b30>
24879,2022-11-02 14:00:00,<function <lambda> at 0x7fa4962879f0>,<function <lambda> at 0x7fa496287a90>,<function <lambda> at 0x7fa496287b30>
24880,2022-11-02 15:00:00,<function <lambda> at 0x7fa4962879f0>,<function <lambda> at 0x7fa496287a90>,<function <lambda> at 0x7fa496287b30>
24881,2022-11-02 16:00:00,<function <lambda> at 0x7fa4962879f0>,<function <lambda> at 0x7fa496287a90>,<function <lambda> at 0x7fa496287b30>
24882,2022-11-02 17:00:00,<function <lambda> at 0x7fa4962879f0>,<function <lambda> at 0x7fa496287a90>,<function <lambda> at 0x7fa496287b30>
24883,2022-11-02 18:00:00,<function <lambda> at 0x7fa4962879f0>,<function <lambda> at 0x7fa496287a90>,<function <lambda> at 0x7fa496287b30>
24884,2022-11-02 19:00:00,<function <lambda> at 0x7fa4962879f0>,<function <lambda> at 0x7fa496287a90>,<function <lambda> at 0x7fa496287b30>
24885,2022-11-02 20:00:00,<function <lambda> at 0x7fa4962879f0>,<function <lambda> at 0x7fa496287a90>,<function <lambda> at 0x7fa496287b30>
24886,2022-11-02 21:00:00,<function <lambda> at 0x7fa4962879f0>,<function <lambda> at 0x7fa496287a90>,<function <lambda> at 0x7fa496287b30>
24887,2022-11-02 22:00:00,<function <lambda> at 0x7fa4962879f0>,<function <lambda> at 0x7fa496287a90>,<function <lambda> at 0x7fa496287b30>
24888,2022-11-02 23:00:00,<function <lambda> at 0x7fa4962879f0>,<function <lambda> at 0x7fa496287a90>,<function <lambda> at 0x7fa496287b30>
24889,2022-11-03 00:00:00,<function <lambda> at 0x7fa4962879f0>,<function <lambda> at 0x7fa496287a90>,<function <lambda> at 0x7fa496287b30>
24890,2022-11-03 01:00:00,<function <lambda> at 0x7fa4962879f0>,<function <lambda> at 0x7fa496287a90>,<function <lambda> at 0x7fa496287b30>
24891,2022-11-03 02:00:00,<function <lambda> at 0x7fa4962879f0>,<function <lambda> at 0x7fa496287a90>,<function <lambda> at 0x7fa496287b30>
24892,2022-11-03 03:00:00,<function <lambda> at 0x7fa4962879f0>,<function <lambda> at 0x7fa496287a90>,<function <lambda> at 0x7fa496287b30>
24893,2022-11-03 04:00:00,<function <lambda> at 0x7fa4962879f0>,<function <lambda> at 0x7fa496287a90>,<function <lambda> at 0x7fa496287b30>
24894,2022-11-03 05:00:00,<function <lambda> at 0x7fa4962879f0>,<function <lambda> at 0x7fa496287a90>,<function <lambda> at 0x7fa496287b30>
24895,2022-11-03 06:00:00,<function <lambda> at 0x7fa4962879f0>,<function <lambda> at 0x7fa496287a90>,<function <lambda> at 0x7fa496287b30>
24896,2022-11-03 07:00:00,<function <lambda> at 0x7fa4962879f0>,<function <lambda> at 0x7fa496287a90>,<function <lambda> at 0x7fa496287b30>
24897,2022-11-03 08:00:00,<function <lambda> at 0x7fa4962879f0>,<function <lambda> at 0x7fa496287a90>,<function <lambda> at 0x7fa496287b30>
24898,2022-11-03 09:00:00,<function <lambda> at 0x7fa4962879f0>,<function <lambda> at 0x7fa496287a90>,<function <lambda> at 0x7fa496287b30>
24899,2022-11-03 10:00:00,<function <lambda> at 0x7fa4962879f0>,<function <lambda> at 0x7fa496287a90>,<function <lambda> at 0x7fa496287b30>
24900,2022-11-03 11:00:00,<function <lambda> at 0x7fa4962879f0>,<function <lambda> at 0x7fa496287a90>,<function <lambda> at 0x7fa496287b30>
24901,2022-11-03 12:00:00,<function <lambda> at 0x7fa4962879f0>,<function <lambda> at 0x7fa496287a90>,<function <lambda> at 0x7fa496287b30>
24902,2022-11-03 13:00:00,<function <lambda> at 0x7fa4962879f0>,<function <lambda> at 0x7fa496287a90>,<function <lambda> at 0x7fa496287b30>
24903,2022-11-03 14:00:00,<function <lambda> at 0x7fa4962879f0>,<function <lambda> at 0x7fa496287a90>,<function <lambda> at 0x7fa496287b30>
24904,2022-11-03 15:00:00,<function <lambda> at 0x7fa4962879f0>,<function <lambda> at 0x7fa496287a90>,<function <lambda> at 0x7fa496287b30>
24905,2022-11-03 16:00:00,<function <lambda> at 0x7fa4962879f0>,<function <lambda> at 0x7fa496287a90>,<function <lambda> at 0x7fa496287b30>
24906,2022-11-03 17:00:00,<function <lambda> at 0x7fa4962879f0>,<function <lambda> at 0x7fa496287a90>,<function <lambda> at 0x7fa496287b30>
24907,2022-11-03 18:00:00,<function <lambda> at 0x7fa4962879f0>,<function <lambda> at 0x7fa496287a90>,<function <lambda> at 0x7fa496287b30>
24908,2022-11-03 19:00:00,<function <lambda> at 0x7fa4962879f0>,<function <lambda> at 0x7fa496287a90>,<function <lambda> at 0x7fa496287b30>
24909,2022-11-03 20:00:00,<function <lambda> at 0x7fa4962879f0>,<function <lambda> at 0x7fa496287a90>,<function <lambda> at 0x7fa496287b30>
24910,2022-11-03 21:00:00,<function <lambda> at 0x7fa4962879f0>,<function <lambda> at 0x7fa496287a90>,<function <lambda> at 0x7fa496287b30>
24911,2022-11-03 22:00:00,<function <lambda> at 0x7fa4962879f0>,<function <lambda> at 0x7fa496287a90>,<function <lambda> at 0x7fa496287b30>
24912,2022-11-03 23:00:00,<function <lambda> at 0x7fa4962879f0>,<function <lambda> at 0x7fa496287a90>,<function <lambda> at 0x7fa496287b30>
24913,2022-11-04 00:00:00,<function <lambda> at 0x7fa4962879f0>,<function <lambda> at 0x7fa496287a90>,<function <lambda> at 0x7fa496287b30>
24914,2022-11-04 01:00:00,<function <lambda> at 0x7fa4962879f0>,<function <lambda> at 0x7fa496287a90>,<function <lambda> at 0x7fa496287b30>
24915,2022-11-04 02:00:00,<function <lambda> at 0x7fa4962879f0>,<function <lambda> at 0x7fa496287a90>,<function <lambda> at 0x7fa496287b30>
24916,2022-11-04 03:00:00,<function <lambda> at 0x7fa4962879f0>,<function <lambda> at 0x7fa496287a90>,<function <lambda> at 0x7fa496287b30>
24917,2022-11-04 04:00:00,<function <lambda> at 0x7fa4962879f0>,<function <lambda> at 0x7fa496287a90>,<function <lambda> at 0x7fa496287b30>
24918,2022-11-04 05:00:00,<function <lambda> at 0x7fa4962879f0>,<function <lambda> at 0x7fa496287a90>,<function <lambda> at 0x7fa496287b30>
24919,2022-11-04 06:00:00,<function <lambda> at 0x7fa4962879f0>,<function <lambda> at 0x7fa496287a90>,<function <lambda> at 0x7fa496287b30>
24920,2022-11-04 07:00:00,<function <lambda> at 0x7fa4962879f0>,<function <lambda> at 0x7fa496287a90>,<function <lambda> at 0x7fa496287b30>
24921,2022-11-04 08:00:00,<function <lambda> at 0x7fa4962879f0>,<function <lambda> at 0x7fa496287a90>,<function <lambda> at 0x7fa496287b30>
24922,2022-11-04 09:00:00,<function <lambda> at 0x7fa4962879f0>,<function <lambda> at 0x7fa496287a90>,<function <lambda> at 0x7fa496287b30>
24923,2022-11-04 10:00:00,<function <lambda> at 0x7fa4962879f0>,<function <lambda> at 0x7fa496287a90>,<function <lambda> at 0x7fa496287b30>
24924,2022-11-04 11:00:00,<function <lambda> at 0x7fa4962879f0>,<function <lambda> at 0x7fa496287a90>,<function <lambda> at 0x7fa496287b30>
24925,2022-11-04 12:00:00,<function <lambda> at 0x7fa4962879f0>,<function <lambda> at 0x7fa496287a90>,<function <lambda> at 0x7fa496287b30>
24926,2022-11-04 13:00:00,<function <lambda> at 0x7fa4962879f0>,<function <lambda> at 0x7fa496287a90>,<function <lambda> at 0x7fa496287b30>
24927,2022-11-04 14:00:00,<function <lambda> at 0x7fa4962879f0>,<function <lambda> at 0x7fa496287a90>,<function <lambda> at 0x7fa496287b30>
24928,2022-11-04 15:00:00,<function <lambda> at 0x7fa4962879f0>,<function <lambda> at 0x7fa496287a90>,<function <lambda> at 0x7fa496287b30>
24929,2022-11-04 16:00:00,<function <lambda> at 0x7fa4962879f0>,<function <lambda> at 0x7fa496287a90>,<function <lambda> at 0x7fa496287b30>
24930,2022-11-04 17:00:00,<function <lambda> at 0x7fa4962879f0>,<function <lambda> at 0x7fa496287a90>,<function <lambda> at 0x7fa496287b30>
24931,2022-11-04 18:00:00,<function <lambda> at 0x7fa4962879f0>,<function <lambda> at 0x7fa496287a90>,<function <lambda> at 0x7fa496287b30>
24932,2022-11-04 19:00:00,<function <lambda> at 0x7fa4962879f0>,<function <lambda> at 0x7fa496287a90>,<function <lambda> at 0x7fa496287b30>
24933,2022-11-04 20:00:00,<function <lambda> at 0x7fa4962879f0>,<function <lambda> at 0x7fa496287a90>,<function <lambda> at 0x7fa496287b30>
24934,2022-11-04 21:00:00,<function <lambda> at 0x7fa4962879f0>,<function <lambda> at 0x7fa496287a90>,<function <lambda> at 0x7fa496287b30>
24935,2022-11-04 22:00:00,<function <lambda> at 0x7fa4962879f0>,<function <lambda> at 0x7fa496287a90>,<function <lambda> at 0x7fa496287b30>
24936,2022-11-04 23:00:00,<function <lambda> at 0x7fa4962879f0>,<function <lambda> at 0x7fa496287a90>,<function <lambda> at 0x7fa496287b30>
24937,2022-11-05 00:00:00,<function <lambda> at 0x7fa4962879f0>,<function <lambda> at 0x7fa496287a90>,<function <lambda> at 0x7fa496287b30>
24938,2022-11-05 01:00:00,<function <lambda> at 0x7fa4962879f0>,<function <lambda> at 0x7fa496287a90>,<function <lambda> at 0x7fa496287b30>
24939,2022-11-05 02:00:00,<function <lambda> at 0x7fa4962879f0>,<function <lambda> at 0x7fa496287a90>,<function <lambda> at 0x7fa496287b30>
24940,2022-11-05 03:00:00,<function <lambda> at 0x7fa4962879f0>,<function <lambda> at 0x7fa496287a90>,<function <lambda> at 0x7fa496287b30>
24941,2022-11-05 04:00:00,<function <lambda> at 0x7fa4962879f0>,<function <lambda> at 0x7fa496287a90>,<function <lambda> at 0x7fa496287b30>
24942,2022-11-05 05:00:00,<function <lambda> at 0x7fa4962879f0>,<function <lambda> at 0x7fa496287a90>,<function <lambda> at 0x7fa496287b30>
24943,2022-11-05 06:00:00,<function <lambda> at 0x7fa4962879f0>,<function <lambda> at 0x7fa496287a90>,<function <lambda> at 0x7fa496287b30>
24944,2022-11-05 07:00:00,<function <lambda> at 0x7fa4962879f0>,<function <lambda> at 0x7fa496287a90>,<function <lambda> at 0x7fa496287b30>
24945,2022-11-05 08:00:00,<function <lambda> at 0x7fa4962879f0>,<function <lambda> at 0x7fa496287a90>,<function <lambda> at 0x7fa496287b30>
24946,2022-11-05 09:00:00,<function <lambda> at 0x7fa4962879f0>,<function <lambda> at 0x7fa496287a90>,<function <lambda> at 0x7fa496287b30>
24947,2022-11-05 10:00:00,<function <lambda> at 0x7fa4962879f0>,<function <lambda> at 0x7fa496287a90>,<function <lambda> at 0x7fa496287b30>
24948,2022-11-05 11:00:00,<function <lambda> at 0x7fa4962879f0>,<function <lambda> at 0x7fa496287a90>,<function <lambda> at 0x7fa496287b30>
24949,2022-11-05 12:00:00,<function <lambda> at 0x7fa4962879f0>,<function <lambda> at 0x7fa496287a90>,<function <lambda> at 0x7fa496287b30>
24950,2022-11-05 13:00:00,<function <lambda> at 0x7fa4962879f0>,<function <lambda> at 0x7fa496287a90>,<function <lambda> at 0x7fa496287b30>
24951,2022-11-05 14:00:00,<function <lambda> at 0x7fa4962879f0>,<function <lambda> at 0x7fa496287a90>,<function <lambda> at 0x7fa496287b30>
24952,2022-11-05 15:00:00,<function <lambda> at 0x7fa4962879f0>,<function <lambda> at 0x7fa496287a90>,<function <lambda> at 0x7fa496287b30>
24953,2022-11-05 16:00:00,<function <lambda> at 0x7fa4962879f0>,<function <lambda> at 0x7fa496287a90>,<function <lambda> at 0x7fa496287b30>
24954,2022-11-05 17:00:00,<function <lambda> at 0x7fa4962879f0>,<function <lambda> at 0x7fa496287a90>,<function <lambda> at 0x7fa496287b30>
24955,2022-11-05 18:00:00,<function <lambda> at 0x7fa4962879f0>,<function <lambda> at 0x7fa496287a90>,<function <lambda> at 0x7fa496287b30>
24956,2022-11-05 19:00:00,<function <lambda> at 0x7fa4962879f0>,<function <lambda> at 0x7fa496287a90>,<function <lambda> at 0x7fa496287b30>
24957,2022-11-05 20:00:00,<function <lambda> at 0x7fa4962879f0>,<function <lambda> at 0x7fa496287a90>,<function <lambda> at 0x7fa496287b30>
24958,2022-11-05 21:00:00,<function <lambda> at 0x7fa4962879f0>,<function <lambda> at 0x7fa496287a90>,<function <lambda> at 0x7fa496287b30>
24959,2022-11-05 22:00:00,<function <lambda> at 0x7fa4962879f0>,<function <lambda> at 0x7fa496287a90>,<function <lambda> at 0x7fa496287b30>
24960,2022-11-05 23:00:00,<function <lambda> at 0x7fa4962879f0>,<function <lambda> at 0x7fa496287a90>,<function <lambda> at 0x7fa496287b30>
24961,2022-11-06 00:00:00,<function <lambda> at 0x7fa4962879f0>,<function <lambda> at 0x7fa496287a90>,<function <lambda> at 0x7fa496287b30>
24962,2022-11-06 01:00:00,<function <lambda> at 0x7fa4962879f0>,<function <lambda> at 0x7fa496287a90>,<function <lambda> at 0x7fa496287b30>
24963,2022-11-06 02:00:00,<function <lambda> at 0x7fa4962879f0>,<function <lambda> at 0x7fa496287a90>,<function <lambda> at 0x7fa496287b30>
24964,2022-11-06 03:00:00,<function <lambda> at 0x7fa4962879f0>,<function <lambda> at 0x7fa496287a90>,<function <lambda> at 0x7fa496287b30>
24965,2022-11-06 04:00:00,<function <lambda> at 0x7fa4962879f0>,<function <lambda> at 0x7fa496287a90>,<function <lambda> at 0x7fa496287b30>
24966,2022-11-06 05:00:00,<function <lambda> at 0x7fa4962879f0>,<function <lambda> at 0x7fa496287a90>,<function <lambda> at 0x7fa496287b30>
24967,2022-11-06 06:00:00,<function <lambda> at 0x7fa4962879f0>,<function <lambda> at 0x7fa496287a90>,<function <lambda> at 0x7fa496287b30>
24968,2022-11-06 07:00:00,<function <lambda> at 0x7fa4962879f0>,<function <lambda> at 0x7fa496287a90>,<function <lambda> at 0x7fa496287b30>
24969,2022-11-06 08:00:00,<function <lambda> at 0x7fa4962879f0>,<function <lambda> at 0x7fa496287a90>,<function <lambda> at 0x7fa496287b30>
24970,2022-11-06 09:00:00,<function <lambda> at 0x7fa4962879f0>,<function <lambda> at 0x7fa496287a90>,<function <lambda> at 0x7fa496287b30>
24971,2022-11-06 10:00:00,<function <lambda> at 0x7fa4962879f0>,<function <lambda> at 0x7fa496287a90>,<function <lambda> at 0x7fa496287b30>
24972,2022-11-06 11:00:00,<function <lambda> at 0x7fa4962879f0>,<function <lambda> at 0x7fa496287a90>,<function <lambda> at 0x7fa496287b30>
24973,2022-11-06 12:00:00,<function <lambda> at 0x7fa4962879f0>,<function <lambda> at 0x7fa496287a90>,<function <lambda> at 0x7fa496287b30>
24974,2022-11-06 13:00:00,<function <lambda> at 0x7fa4962879f0>,<function <lambda> at 0x7fa496287a90>,<function <lambda> at 0x7fa496287b30>
24975,2022-11-06 14:00:00,<function <lambda> at 0x7fa4962879f0>,<function <lambda> at 0x7fa496287a90>,<function <lambda> at 0x7fa496287b30>
24976,2022-11-06 15:00:00,<function <lambda> at 0x7fa4962879f0>,<function <lambda> at 0x7fa496287a90>,<function <lambda> at 0x7fa496287b30>
24977,2022-11-06 16:00:00,<function <lambda> at 0x7fa4962879f0>,<function <lambda> at 0x7fa496287a90>,<function <lambda> at 0x7fa496287b30>
24978,2022-11-06 17:00:00,<function <lambda> at 0x7fa4962879f0>,<function <lambda> at 0x7fa496287a90>,<function <lambda> at 0x7fa496287b30>
24979,2022-11-06 18:00:00,<function <lambda> at 0x7fa4962879f0>,<function <lambda> at 0x7fa496287a90>,<function <lambda> at 0x7fa496287b30>
24980,2022-11-06 19:00:00,<function <lambda> at 0x7fa4962879f0>,<function <lambda> at 0x7fa496287a90>,<function <lambda> at 0x7fa496287b30>
24981,2022-11-06 20:00:00,<function <lambda> at 0x7fa4962879f0>,<function <lambda> at 0x7fa496287a90>,<function <lambda> at 0x7fa496287b30>
24982,2022-11-06 21:00:00,<function <lambda> at 0x7fa4962879f0>,<function <lambda> at 0x7fa496287a90>,<function <lambda> at 0x7fa496287b30>
24983,2022-11-06 22:00:00,<function <lambda> at 0x7fa4962879f0>,<function <lambda> at 0x7fa496287a90>,<function <lambda> at 0x7fa496287b30>
24984,2022-11-06 23:00:00,<function <lambda> at 0x7fa4962879f0>,<function <lambda> at 0x7fa496287a90>,<function <lambda> at 0x7fa496287b30>
24985,2022-11-07 00:00:00,<function <lambda> at 0x7fa4962879f0>,<function <lambda> at 0x7fa496287a90>,<function <lambda> at 0x7fa496287b30>
24986,2022-11-07 01:00:00,<function <lambda> at 0x7fa4962879f0>,<function <lambda> at 0x7fa496287a90>,<function <lambda> at 0x7fa496287b30>
24987,2022-11-07 02:00:00,<function <lambda> at 0x7fa4962879f0>,<function <lambda> at 0x7fa496287a90>,<function <lambda> at 0x7fa496287b30>
24988,2022-11-07 03:00:00,<function <lambda> at 0x7fa4962879f0>,<function <lambda> at 0x7fa496287a90>,<function <lambda> at 0x7fa496287b30>
24989,2022-11-07 04:00:00,<function <lambda> at 0x7fa4962879f0>,<function <lambda> at 0x7fa496287a90>,<function <lambda> at 0x7fa496287b30>
24990,2022-11-07 05:00:00,<function <lambda> at 0x7fa4962879f0>,<function <lambda> at 0x7fa496287a90>,<function <lambda> at 0x7fa496287b30>
24991,2022-11-07 06:00:00,<function <lambda> at 0x7fa4962879f0>,<function <lambda> at 0x7fa496287a90>,<function <lambda> at 0x7fa496287b30>
24992,2022-11-07 07:00:00,<function <lambda> at 0x7fa4962879f0>,<function <lambda> at 0x7fa496287a90>,<function <lambda> at 0x7fa496287b30>
24993,2022-11-07 08:00:00,<function <lambda> at 0x7fa4962879f0>,<function <lambda> at 0x7fa496287a90>,<function <lambda> at 0x7fa496287b30>
24994,2022-11-07 09:00:00,<function <lambda> at 0x7fa4962879f0>,<function <lambda> at 0x7fa496287a90>,<function <lambda> at 0x7fa496287b30>
24995,2022-11-07 10:00:00,<function <lambda> at 0x7fa4962879f0>,<function <lambda> at 0x7fa496287a90>,<function <lambda> at 0x7fa496287b30>
24996,2022-11-07 11:00:00,<function <lambda> at 0x7fa4962879f0>,<function <lambda> at 0x7fa496287a90>,<function <lambda> at 0x7fa496287b30>
24997,2022-11-07 12:00:00,<function <lambda> at 0x7fa4962879f0>,<function <lambda> at 0x7fa496287a90>,<function <lambda> at 0x7fa496287b30>
24998,2022-11-07 13:00:00,<function <lambda> at 0x7fa4962879f0>,<function <lambda> at 0x7fa496287a90>,<function <lambda> at 0x7fa496287b30>
24999,2022-11-07 14:00:00,<function <lambda> at 0x7fa4962879f0>,<function <lambda> at 0x7fa496287a90>,<function <lambda> at 0x7fa496287b30>
25000,2022-11-07 15:00:00,<function <lambda> at 0x7fa4962879f0>,<function <lambda> at 0x7fa496287a90>,<function <lambda> at 0x7fa496287b30>
25001,2022-11-07 16:00:00,<function <lambda> at 0x7fa4962879f0>,<function <lambda> at 0x7fa496287a90>,<function <lambda> at 0x7fa496287b30>
25002,2022-11-07 17:00:00,<function <lambda> at 0x7fa4962879f0>,<function <lambda> at 0x7fa496287a90>,<function <lambda> at 0x7fa496287b30>
25003,2022-11-07 18:00:00,<function <lambda> at 0x7fa4962879f0>,<function <lambda> at 0x7fa496287a90>,<function <lambda> at 0x7fa496287b30>
25004,2022-11-07 19:00:00,<function <lambda> at 0x7fa4962879f0>,<function <lambda> at 0x7fa496287a90>,<function <lambda> at 0x7fa496287b30>
25005,2022-11-07 20:00:00,<function <lambda> at 0x7fa4962879f0>,<function <lambda> at 0x7fa496287a90>,<function <lambda> at 0x7fa496287b30>
25006,2022-11-07 21:00:00,<function <lambda> at 0x7fa4962879f0>,<function <lambda> at 0x7fa496287a90>,<function <lambda> at 0x7fa496287b30>
25007,2022-11-07 22:00:00,<function <lambda> at 0x7fa4962879f0>,<function <lambda> at 0x7fa496287a90>,<function <lambda> at 0x7fa496287b30>
25008,2022-11-07 23:00:00,<function <lambda> at 0x7fa4962879f0>,<function <lambda> at 0x7fa496287a90>,<function <lambda> at 0x7fa496287b30>
25009,2022-11-08 00:00:00,<function <lambda> at 0x7fa4962879f0>,<function <lambda> at 0x7fa496287a90>,<function <lambda> at 0x7fa496287b30>
25010,2022-11-08 01:00:00,<function <lambda> at 0x7fa4962879f0>,<function <lambda> at 0x7fa496287a90>,<function <lambda> at 0x7fa496287b30>
25011,2022-11-08 02:00:00,<function <lambda> at 0x7fa4962879f0>,<function <lambda> at 0x7fa496287a90>,<function <lambda> at 0x7fa496287b30>
25012,2022-11-08 03:00:00,<function <lambda> at 0x7fa4962879f0>,<function <lambda> at 0x7fa496287a90>,<function <lambda> at 0x7fa496287b30>
25013,2022-11-08 04:00:00,<function <lambda> at 0x7fa4962879f0>,<function <lambda> at 0x7fa496287a90>,<function <lambda> at 0x7fa496287b30>
25014,2022-11-08 05:00:00,<function <lambda> at 0x7fa4962879f0>,<function <lambda> at 0x7fa496287a90>,<function <lambda> at 0x7fa496287b30>
25015,2022-11-08 06:00:00,<function <lambda> at 0x7fa4962879f0>,<function <lambda> at 0x7fa496287a90>,<function <lambda> at 0x7fa496287b30>
25016,2022-11-08 07:00:00,<function <lambda> at 0x7fa4962879f0>,<function <lambda> at 0x7fa496287a90>,<function <lambda> at 0x7fa496287b30>
25017,2022-11-08 08:00:00,<function <lambda> at 0x7fa4962879f0>,<function <lambda> at 0x7fa496287a90>,<function <lambda> at 0x7fa496287b30>
25018,2022-11-08 09:00:00,<function <lambda> at 0x7fa4962879f0>,<function <lambda> at 0x7fa496287a90>,<function <lambda> at 0x7fa496287b30>
25019,2022-11-08 10:00:00,<function <lambda> at 0x7fa4962879f0>,<function <lambda> at 0x7fa496287a90>,<function <lambda> at 0x7fa496287b30>
25020,2022-11-08 11:00:00,<function <lambda> at 0x7fa4962879f0>,<function <lambda> at 0x7fa496287a90>,<function <lambda> at 0x7fa496287b30>
25021,2022-11-08 12:00:00,<function <lambda> at 0x7fa4962879f0>,<function <lambda> at 0x7fa496287a90>,<function <lambda> at 0x7fa496287b30>
25022,2022-11-08 13:00:00,<function <lambda> at 0x7fa4962879f0>,<function <lambda> at 0x7fa496287a90>,<function <lambda> at 0x7fa496287b30>
25023,2022-11-08 14:00:00,<function <lambda> at 0x7fa4962879f0>,<function <lambda> at 0x7fa496287a90>,<function <lambda> at 0x7fa496287b30>
25024,2022-11-08 15:00:00,<function <lambda> at 0x7fa4962879f0>,<function <lambda> at 0x7fa496287a90>,<function <lambda> at 0x7fa496287b30>
25025,2022-11-08 16:00:00,<function <lambda> at 0x7fa4962879f0>,<function <lambda> at 0x7fa496287a90>,<function <lambda> at 0x7fa496287b30>
25026,2022-11-08 17:00:00,<function <lambda> at 0x7fa4962879f0>,<function <lambda> at 0x7fa496287a90>,<function <lambda> at 0x7fa496287b30>
25027,2022-11-08 18:00:00,<function <lambda> at 0x7fa4962879f0>,<function <lambda> at 0x7fa496287a90>,<function <lambda> at 0x7fa496287b30>
25028,2022-11-08 19:00:00,<function <lambda> at 0x7fa4962879f0>,<function <lambda> at 0x7fa496287a90>,<function <lambda> at 0x7fa496287b30>
25029,2022-11-08 20:00:00,<function <lambda> at 0x7fa4962879f0>,<function <lambda> at 0x7fa496287a90>,<function <lambda> at 0x7fa496287b30>
25030,2022-11-08 21:00:00,<function <lambda> at 0x7fa4962879f0>,<function <lambda> at 0x7fa496287a90>,<function <lambda> at 0x7fa496287b30>
25031,2022-11-08 22:00:00,<function <lambda> at 0x7fa4962879f0>,<function <lambda> at 0x7fa496287a90>,<function <lambda> at 0x7fa496287b30>
25032,2022-11-08 23:00:00,<function <lambda> at 0x7fa4962879f0>,<function <lambda> at 0x7fa496287a90>,<function <lambda> at 0x7fa496287b30>
25033,2022-11-09 00:00:00,<function <lambda> at 0x7fa4962879f0>,<function <lambda> at 0x7fa496287a90>,<function <lambda> at 0x7fa496287b30>
25034,2022-11-09 01:00:00,<function <lambda> at 0x7fa4962879f0>,<function <lambda> at 0x7fa496287a90>,<function <lambda> at 0x7fa496287b30>
25035,2022-11-09 02:00:00,<function <lambda> at 0x7fa4962879f0>,<function <lambda> at 0x7fa496287a90>,<function <lambda> at 0x7fa496287b30>
25036,2022-11-09 03:00:00,<function <lambda> at 0x7fa4962879f0>,<function <lambda> at 0x7fa496287a90>,<function <lambda> at 0x7fa496287b30>
25037,2022-11-09 04:00:00,<function <lambda> at 0x7fa4962879f0>,<function <lambda> at 0x7fa496287a90>,<function <lambda> at 0x7fa496287b30>
25038,2022-11-09 05:00:00,<function <lambda> at 0x7fa4962879f0>,<function <lambda> at 0x7fa496287a90>,<function <lambda> at 0x7fa496287b30>
25039,2022-11-09 06:00:00,<function <lambda> at 0x7fa4962879f0>,<function <lambda> at 0x7fa496287a90>,<function <lambda> at 0x7fa496287b30>
25040,2022-11-09 07:00:00,<function <lambda> at 0x7fa4962879f0>,<function <lambda> at 0x7fa496287a90>,<function <lambda> at 0x7fa496287b30>
25041,2022-11-09 08:00:00,<function <lambda> at 0x7fa4962879f0>,<function <lambda> at 0x7fa496287a90>,<function <lambda> at 0x7fa496287b30>
25042,2022-11-09 09:00:00,<function <lambda> at 0x7fa4962879f0>,<function <lambda> at 0x7fa496287a90>,<function <lambda> at 0x7fa496287b30>
25043,2022-11-09 10:00:00,<function <lambda> at 0x7fa4962879f0>,<function <lambda> at 0x7fa496287a90>,<function <lambda> at 0x7fa496287b30>
25044,2022-11-09 11:00:00,<function <lambda> at 0x7fa4962879f0>,<function <lambda> at 0x7fa496287a90>,<function <lambda> at 0x7fa496287b30>
25045,2022-11-09 12:00:00,<function <lambda> at 0x7fa4962879f0>,<function <lambda> at 0x7fa496287a90>,<function <lambda> at 0x7fa496287b30>
25046,2022-11-09 13:00:00,<function <lambda> at 0x7fa4962879f0>,<function <lambda> at 0x7fa496287a90>,<function <lambda> at 0x7fa496287b30>
25047,2022-11-09 14:00:00,<function <lambda> at 0x7fa4962879f0>,<function <lambda> at 0x7fa496287a90>,<function <lambda> at 0x7fa496287b30>
25048,2022-11-09 15:00:00,<function <lambda> at 0x7fa4962879f0>,<function <lambda> at 0x7fa496287a90>,<function <lambda> at 0x7fa496287b30>
25049,2022-11-09 16:00:00,<function <lambda> at 0x7fa4962879f0>,<function <lambda> at 0x7fa496287a90>,<function <lambda> at 0x7fa496287b30>
25050,2022-11-09 17:00:00,<function <lambda> at 0x7fa4962879f0>,<function <lambda> at 0x7fa496287a90>,<function <lambda> at 0x7fa496287b30>
25051,2022-11-09 18:00:00,<function <lambda> at 0x7fa4962879f0>,<function <lambda> at 0x7fa496287a90>,<function <lambda> at 0x7fa496287b30>
25052,2022-11-09 19:00:00,<function <lambda> at 0x7fa4962879f0>,<function <lambda> at 0x7fa496287a90>,<function <lambda> at 0x7fa496287b30>
25053,2022-11-09 20:00:00,<function <lambda> at 0x7fa4962879f0>,<function <lambda> at 0x7fa496287a90>,<function <lambda> at 0x7fa496287b30>
25054,2022-11-09 21:00:00,<function <lambda> at 0x7fa4962879f0>,<function <lambda> at 0x7fa496287a90>,<function <lambda> at 0x7fa496287b30>
25055,2022-11-09 22:00:00,<function <lambda> at 0x7fa4962879f0>,<function <lambda> at 0x7fa496287a90>,<function <lambda> at 0x7fa496287b30>
25056,2022-11-09 23:00:00,<function <lambda> at 0x7fa4962879f0>,<function <lambda> at 0x7fa496287a90>,<function <lambda> at 0x7fa496287b30>
25057,2022-11-10 00:00:00,<function <lambda> at 0x7fa4962879f0>,<function <lambda> at 0x7fa496287a90>,<function <lambda> at 0x7fa496287b30>
25058,2022-11-10 01:00:00,<function <lambda> at 0x7fa4962879f0>,<function <lambda> at 0x7fa496287a90>,<function <lambda> at 0x7fa496287b30>
25059,2022-11-10 02:00:00,<function <lambda> at 0x7fa4962879f0>,<function <lambda> at 0x7fa496287a90>,<function <lambda> at 0x7fa496287b30>
25060,2022-11-10 03:00:00,<function <lambda> at 0x7fa4962879f0>,<function <lambda> at 0x7fa496287a90>,<function <lambda> at 0x7fa496287b30>
25061,2022-11-10 04:00:00,<function <lambda> at 0x7fa4962879f0>,<function <lambda> at 0x7fa496287a90>,<function <lambda> at 0x7fa496287b30>
25062,2022-11-10 05:00:00,<function <lambda> at 0x7fa4962879f0>,<function <lambda> at 0x7fa496287a90>,<function <lambda> at 0x7fa496287b30>
25063,2022-11-10 06:00:00,<function <lambda> at 0x7fa4962879f0>,<function <lambda> at 0x7fa496287a90>,<function <lambda> at 0x7fa496287b30>
25064,2022-11-10 07:00:00,<function <lambda> at 0x7fa4962879f0>,<function <lambda> at 0x7fa496287a90>,<function <lambda> at 0x7fa496287b30>
25065,2022-11-10 08:00:00,<function <lambda> at 0x7fa4962879f0>,<function <lambda> at 0x7fa496287a90>,<function <lambda> at 0x7fa496287b30>
25066,2022-11-10 09:00:00,<function <lambda> at 0x7fa4962879f0>,<function <lambda> at 0x7fa496287a90>,<function <lambda> at 0x7fa496287b30>
25067,2022-11-10 10:00:00,<function <lambda> at 0x7fa4962879f0>,<function <lambda> at 0x7fa496287a90>,<function <lambda> at 0x7fa496287b30>
25068,2022-11-10 11:00:00,<function <lambda> at 0x7fa4962879f0>,<function <lambda> at 0x7fa496287a90>,<function <lambda> at 0x7fa496287b30>
25069,2022-11-10 12:00:00,<function <lambda> at 0x7fa4962879f0>,<function <lambda> at 0x7fa496287a90>,<function <lambda> at 0x7fa496287b30>
25070,2022-11-10 13:00:00,<function <lambda> at 0x7fa4962879f0>,<function <lambda> at 0x7fa496287a90>,<function <lambda> at 0x7fa496287b30>
25071,2022-11-10 14:00:00,<function <lambda> at 0x7fa4962879f0>,<function <lambda> at 0x7fa496287a90>,<function <lambda> at 0x7fa496287b30>
25072,2022-11-10 15:00:00,<function <lambda> at 0x7fa4962879f0>,<function <lambda> at 0x7fa496287a90>,<function <lambda> at 0x7fa496287b30>
25073,2022-11-10 16:00:00,<function <lambda> at 0x7fa4962879f0>,<function <lambda> at 0x7fa496287a90>,<function <lambda> at 0x7fa496287b30>
25074,2022-11-10 17:00:00,<function <lambda> at 0x7fa4962879f0>,<function <lambda> at 0x7fa496287a90>,<function <lambda> at 0x7fa496287b30>
25075,2022-11-10 18:00:00,<function <lambda> at 0x7fa4962879f0>,<function <lambda> at 0x7fa496287a90>,<function <lambda> at 0x7fa496287b30>
25076,2022-11-10 19:00:00,<function <lambda> at 0x7fa4962879f0>,<function <lambda> at 0x7fa496287a90>,<function <lambda> at 0x7fa496287b30>
25077,2022-11-10 20:00:00,<function <lambda> at 0x7fa4962879f0>,<function <lambda> at 0x7fa496287a90>,<function <lambda> at 0x7fa496287b30>
25078,2022-11-10 21:00:00,<function <lambda> at 0x7fa4962879f0>,<function <lambda> at 0x7fa496287a90>,<function <lambda> at 0x7fa496287b30>
25079,2022-11-10 22:00:00,<function <lambda> at 0x7fa4962879f0>,<function <lambda> at 0x7fa496287a90>,<function <lambda> at 0x7fa496287b30>
25080,2022-11-10 23:00:00,<function <lambda> at 0x7fa4962879f0>,<function <lambda> at 0x7fa496287a90>,<function <lambda> at 0x7fa496287b30>
25081,2022-11-11 00:00:00,<function <lambda> at 0x7fa4962879f0>,<function <lambda> at 0x7fa496287a90>,<function <lambda> at 0x7fa496287b30>
25082,2022-11-11 01:00:00,<function <lambda> at 0x7fa4962879f0>,<function <lambda> at 0x7fa496287a90>,<function <lambda> at 0x7fa496287b30>
25083,2022-11-11 02:00:00,<function <lambda> at 0x7fa4962879f0>,<function <lambda> at 0x7fa496287a90>,<function <lambda> at 0x7fa496287b30>
25084,2022-11-11 03:00:00,<function <lambda> at 0x7fa4962879f0>,<function <lambda> at 0x7fa496287a90>,<function <lambda> at 0x7fa496287b30>
25085,2022-11-11 04:00:00,<function <lambda> at 0x7fa4962879f0>,<function <lambda> at 0x7fa496287a90>,<function <lambda> at 0x7fa496287b30>
25086,2022-11-11 05:00:00,<function <lambda> at 0x7fa4962879f0>,<function <lambda> at 0x7fa496287a90>,<function <lambda> at 0x7fa496287b30>
25087,2022-11-11 06:00:00,<function <lambda> at 0x7fa4962879f0>,<function <lambda> at 0x7fa496287a90>,<function <lambda> at 0x7fa496287b30>
25088,2022-11-11 07:00:00,<function <lambda> at 0x7fa4962879f0>,<function <lambda> at 0x7fa496287a90>,<function <lambda> at 0x7fa496287b30>
25089,2022-11-11 08:00:00,<function <lambda> at 0x7fa4962879f0>,<function <lambda> at 0x7fa496287a90>,<function <lambda> at 0x7fa496287b30>
25090,2022-11-11 09:00:00,<function <lambda> at 0x7fa4962879f0>,<function <lambda> at 0x7fa496287a90>,<function <lambda> at 0x7fa496287b30>
25091,2022-11-11 10:00:00,<function <lambda> at 0x7fa4962879f0>,<function <lambda> at 0x7fa496287a90>,<function <lambda> at 0x7fa496287b30>
25092,2022-11-11 11:00:00,<function <lambda> at 0x7fa4962879f0>,<function <lambda> at 0x7fa496287a90>,<function <lambda> at 0x7fa496287b30>
25093,2022-11-11 12:00:00,<function <lambda> at 0x7fa4962879f0>,<function <lambda> at 0x7fa496287a90>,<function <lambda> at 0x7fa496287b30>
25094,2022-11-11 13:00:00,<function <lambda> at 0x7fa4962879f0>,<function <lambda> at 0x7fa496287a90>,<function <lambda> at 0x7fa496287b30>
25095,2022-11-11 14:00:00,<function <lambda> at 0x7fa4962879f0>,<function <lambda> at 0x7fa496287a90>,<function <lambda> at 0x7fa496287b30>
25096,2022-11-11 15:00:00,<function <lambda> at 0x7fa4962879f0>,<function <lambda> at 0x7fa496287a90>,<function <lambda> at 0x7fa496287b30>
25097,2022-11-11 16:00:00,<function <lambda> at 0x7fa4962879f0>,<function <lambda> at 0x7fa496287a90>,<function <lambda> at 0x7fa496287b30>
25098,2022-11-11 17:00:00,<function <lambda> at 0x7fa4962879f0>,<function <lambda> at 0x7fa496287a90>,<function <lambda> at 0x7fa496287b30>
25099,2022-11-11 18:00:00,<function <lambda> at 0x7fa4962879f0>,<function <lambda> at 0x7fa496287a90>,<function <lambda> at 0x7fa496287b30>
25100,2022-11-11 19:00:00,<function <lambda> at 0x7fa4962879f0>,<function <lambda> at 0x7fa496287a90>,<function <lambda> at 0x7fa496287b30>
25101,2022-11-11 20:00:00,<function <lambda> at 0x7fa4962879f0>,<function <lambda> at 0x7fa496287a90>,<function <lambda> at 0x7fa496287b30>
25102,2022-11-11 21:00:00,<function <lambda> at 0x7fa4962879f0>,<function <lambda> at 0x7fa496287a90>,<function <lambda> at 0x7fa496287b30>
25103,2022-11-11 22:00:00,<function <lambda> at 0x7fa4962879f0>,<function <lambda> at 0x7fa496287a90>,<function <lambda> at 0x7fa496287b30>
25104,2022-11-11 23:00:00,<function <lambda> at 0x7fa4962879f0>,<function <lambda> at 0x7fa496287a90>,<function <lambda> at 0x7fa496287b30>
25105,2022-11-12 00:00:00,<function <lambda> at 0x7fa4962879f0>,<function <lambda> at 0x7fa496287a90>,<function <lambda> at 0x7fa496287b30>
25106,2022-11-12 01:00:00,<function <lambda> at 0x7fa4962879f0>,<function <lambda> at 0x7fa496287a90>,<function <lambda> at 0x7fa496287b30>
25107,2022-11-12 02:00:00,<function <lambda> at 0x7fa4962879f0>,<function <lambda> at 0x7fa496287a90>,<function <lambda> at 0x7fa496287b30>
25108,2022-11-12 03:00:00,<function <lambda> at 0x7fa4962879f0>,<function <lambda> at 0x7fa496287a90>,<function <lambda> at 0x7fa496287b30>
25109,2022-11-12 04:00:00,<function <lambda> at 0x7fa4962879f0>,<function <lambda> at 0x7fa496287a90>,<function <lambda> at 0x7fa496287b30>
25110,2022-11-12 05:00:00,<function <lambda> at 0x7fa4962879f0>,<function <lambda> at 0x7fa496287a90>,<function <lambda> at 0x7fa496287b30>
25111,2022-11-12 06:00:00,<function <lambda> at 0x7fa4962879f0>,<function <lambda> at 0x7fa496287a90>,<function <lambda> at 0x7fa496287b30>
25112,2022-11-12 07:00:00,<function <lambda> at 0x7fa4962879f0>,<function <lambda> at 0x7fa496287a90>,<function <lambda> at 0x7fa496287b30>
25113,2022-11-12 08:00:00,<function <lambda> at 0x7fa4962879f0>,<function <lambda> at 0x7fa496287a90>,<function <lambda> at 0x7fa496287b30>
25114,2022-11-12 09:00:00,<function <lambda> at 0x7fa4962879f0>,<function <lambda> at 0x7fa496287a90>,<function <lambda> at 0x7fa496287b30>
25115,2022-11-12 10:00:00,<function <lambda> at 0x7fa4962879f0>,<function <lambda> at 0x7fa496287a90>,<function <lambda> at 0x7fa496287b30>
25116,2022-11-12 11:00:00,<function <lambda> at 0x7fa4962879f0>,<function <lambda> at 0x7fa496287a90>,<function <lambda> at 0x7fa496287b30>
25117,2022-11-12 12:00:00,<function <lambda> at 0x7fa4962879f0>,<function <lambda> at 0x7fa496287a90>,<function <lambda> at 0x7fa496287b30>
25118,2022-11-12 13:00:00,<function <lambda> at 0x7fa4962879f0>,<function <lambda> at 0x7fa496287a90>,<function <lambda> at 0x7fa496287b30>
25119,2022-11-12 14:00:00,<function <lambda> at 0x7fa4962879f0>,<function <lambda> at 0x7fa496287a90>,<function <lambda> at 0x7fa496287b30>
25120,2022-11-12 15:00:00,<function <lambda> at 0x7fa4962879f0>,<function <lambda> at 0x7fa496287a90>,<function <lambda> at 0x7fa496287b30>
25121,2022-11-12 16:00:00,<function <lambda> at 0x7fa4962879f0>,<function <lambda> at 0x7fa496287a90>,<function <lambda> at 0x7fa496287b30>
25122,2022-11-12 17:00:00,<function <lambda> at 0x7fa4962879f0>,<function <lambda> at 0x7fa496287a90>,<function <lambda> at 0x7fa496287b30>
25123,2022-11-12 18:00:00,<function <lambda> at 0x7fa4962879f0>,<function <lambda> at 0x7fa496287a90>,<function <lambda> at 0x7fa496287b30>
25124,2022-11-12 19:00:00,<function <lambda> at 0x7fa4962879f0>,<function <lambda> at 0x7fa496287a90>,<function <lambda> at 0x7fa496287b30>
25125,2022-11-12 20:00:00,<function <lambda> at 0x7fa4962879f0>,<function <lambda> at 0x7fa496287a90>,<function <lambda> at 0x7fa496287b30>
25126,2022-11-12 21:00:00,<function <lambda> at 0x7fa4962879f0>,<function <lambda> at 0x7fa496287a90>,<function <lambda> at 0x7fa496287b30>
25127,2022-11-12 22:00:00,<function <lambda> at 0x7fa4962879f0>,<function <lambda> at 0x7fa496287a90>,<function <lambda> at 0x7fa496287b30>
25128,2022-11-12 23:00:00,<function <lambda> at 0x7fa4962879f0>,<function <lambda> at 0x7fa496287a90>,<function <lambda> at 0x7fa496287b30>
25129,2022-11-13 00:00:00,<function <lambda> at 0x7fa4962879f0>,<function <lambda> at 0x7fa496287a90>,<function <lambda> at 0x7fa496287b30>
25130,2022-11-13 01:00:00,<function <lambda> at 0x7fa4962879f0>,<function <lambda> at 0x7fa496287a90>,<function <lambda> at 0x7fa496287b30>
25131,2022-11-13 02:00:00,<function <lambda> at 0x7fa4962879f0>,<function <lambda> at 0x7fa496287a90>,<function <lambda> at 0x7fa496287b30>
25132,2022-11-13 03:00:00,<function <lambda> at 0x7fa4962879f0>,<function <lambda> at 0x7fa496287a90>,<function <lambda> at 0x7fa496287b30>
25133,2022-11-13 04:00:00,<function <lambda> at 0x7fa4962879f0>,<function <lambda> at 0x7fa496287a90>,<function <lambda> at 0x7fa496287b30>
25134,2022-11-13 05:00:00,<function <lambda> at 0x7fa4962879f0>,<function <lambda> at 0x7fa496287a90>,<function <lambda> at 0x7fa496287b30>
25135,2022-11-13 06:00:00,<function <lambda> at 0x7fa4962879f0>,<function <lambda> at 0x7fa496287a90>,<function <lambda> at 0x7fa496287b30>
25136,2022-11-13 07:00:00,<function <lambda> at 0x7fa4962879f0>,<function <lambda> at 0x7fa496287a90>,<function <lambda> at 0x7fa496287b30>
25137,2022-11-13 08:00:00,<function <lambda> at 0x7fa4962879f0>,<function <lambda> at 0x7fa496287a90>,<function <lambda> at 0x7fa496287b30>
25138,2022-11-13 09:00:00,<function <lambda> at 0x7fa4962879f0>,<function <lambda> at 0x7fa496287a90>,<function <lambda> at 0x7fa496287b30>
25139,2022-11-13 10:00:00,<function <lambda> at 0x7fa4962879f0>,<function <lambda> at 0x7fa496287a90>,<function <lambda> at 0x7fa496287b30>
25140,2022-11-13 11:00:00,<function <lambda> at 0x7fa4962879f0>,<function <lambda> at 0x7fa496287a90>,<function <lambda> at 0x7fa496287b30>
25141,2022-11-13 12:00:00,<function <lambda> at 0x7fa4962879f0>,<function <lambda> at 0x7fa496287a90>,<function <lambda> at 0x7fa496287b30>
25142,2022-11-13 13:00:00,<function <lambda> at 0x7fa4962879f0>,<function <lambda> at 0x7fa496287a90>,<function <lambda> at 0x7fa496287b30>
25143,2022-11-13 14:00:00,<function <lambda> at 0x7fa4962879f0>,<function <lambda> at 0x7fa496287a90>,<function <lambda> at 0x7fa496287b30>
25144,2022-11-13 15:00:00,<function <lambda> at 0x7fa4962879f0>,<function <lambda> at 0x7fa496287a90>,<function <lambda> at 0x7fa496287b30>
25145,2022-11-13 16:00:00,<function <lambda> at 0x7fa4962879f0>,<function <lambda> at 0x7fa496287a90>,<function <lambda> at 0x7fa496287b30>
25146,2022-11-13 17:00:00,<function <lambda> at 0x7fa4962879f0>,<function <lambda> at 0x7fa496287a90>,<function <lambda> at 0x7fa496287b30>
25147,2022-11-13 18:00:00,<function <lambda> at 0x7fa4962879f0>,<function <lambda> at 0x7fa496287a90>,<function <lambda> at 0x7fa496287b30>
25148,2022-11-13 19:00:00,<function <lambda> at 0x7fa4962879f0>,<function <lambda> at 0x7fa496287a90>,<function <lambda> at 0x7fa496287b30>
25149,2022-11-13 20:00:00,<function <lambda> at 0x7fa4962879f0>,<function <lambda> at 0x7fa496287a90>,<function <lambda> at 0x7fa496287b30>
25150,2022-11-13 21:00:00,<function <lambda> at 0x7fa4962879f0>,<function <lambda> at 0x7fa496287a90>,<function <lambda> at 0x7fa496287b30>
25151,2022-11-13 22:00:00,<function <lambda> at 0x7fa4962879f0>,<function <lambda> at 0x7fa496287a90>,<function <lambda> at 0x7fa496287b30>
25152,2022-11-13 23:00:00,<function <lambda> at 0x7fa4962879f0>,<function <lambda> at 0x7fa496287a90>,<function <lambda> at 0x7fa496287b30>
25153,2022-11-14 00:00:00,<function <lambda> at 0x7fa4962879f0>,<function <lambda> at 0x7fa496287a90>,<function <lambda> at 0x7fa496287b30>
25154,2022-11-14 01:00:00,<function <lambda> at 0x7fa4962879f0>,<function <lambda> at 0x7fa496287a90>,<function <lambda> at 0x7fa496287b30>
25155,2022-11-14 02:00:00,<function <lambda> at 0x7fa4962879f0>,<function <lambda> at 0x7fa496287a90>,<function <lambda> at 0x7fa496287b30>
25156,2022-11-14 03:00:00,<function <lambda> at 0x7fa4962879f0>,<function <lambda> at 0x7fa496287a90>,<function <lambda> at 0x7fa496287b30>
25157,2022-11-14 04:00:00,<function <lambda> at 0x7fa4962879f0>,<function <lambda> at 0x7fa496287a90>,<function <lambda> at 0x7fa496287b30>
25158,2022-11-14 05:00:00,<function <lambda> at 0x7fa4962879f0>,<function <lambda> at 0x7fa496287a90>,<function <lambda> at 0x7fa496287b30>
25159,2022-11-14 06:00:00,<function <lambda> at 0x7fa4962879f0>,<function <lambda> at 0x7fa496287a90>,<function <lambda> at 0x7fa496287b30>
25160,2022-11-14 07:00:00,<function <lambda> at 0x7fa4962879f0>,<function <lambda> at 0x7fa496287a90>,<function <lambda> at 0x7fa496287b30>
25161,2022-11-14 08:00:00,<function <lambda> at 0x7fa4962879f0>,<function <lambda> at 0x7fa496287a90>,<function <lambda> at 0x7fa496287b30>
25162,2022-11-14 09:00:00,<function <lambda> at 0x7fa4962879f0>,<function <lambda> at 0x7fa496287a90>,<function <lambda> at 0x7fa496287b30>
25163,2022-11-14 10:00:00,<function <lambda> at 0x7fa4962879f0>,<function <lambda> at 0x7fa496287a90>,<function <lambda> at 0x7fa496287b30>
25164,2022-11-14 11:00:00,<function <lambda> at 0x7fa4962879f0>,<function <lambda> at 0x7fa496287a90>,<function <lambda> at 0x7fa496287b30>
25165,2022-11-14 12:00:00,<function <lambda> at 0x7fa4962879f0>,<function <lambda> at 0x7fa496287a90>,<function <lambda> at 0x7fa496287b30>
25166,2022-11-14 13:00:00,<function <lambda> at 0x7fa4962879f0>,<function <lambda> at 0x7fa496287a90>,<function <lambda> at 0x7fa496287b30>
25167,2022-11-14 14:00:00,<function <lambda> at 0x7fa4962879f0>,<function <lambda> at 0x7fa496287a90>,<function <lambda> at 0x7fa496287b30>
25168,2022-11-14 15:00:00,<function <lambda> at 0x7fa4962879f0>,<function <lambda> at 0x7fa496287a90>,<function <lambda> at 0x7fa496287b30>
25169,2022-11-14 16:00:00,<function <lambda> at 0x7fa4962879f0>,<function <lambda> at 0x7fa496287a90>,<function <lambda> at 0x7fa496287b30>
25170,2022-11-14 17:00:00,<function <lambda> at 0x7fa4962879f0>,<function <lambda> at 0x7fa496287a90>,<function <lambda> at 0x7fa496287b30>
25171,2022-11-14 18:00:00,<function <lambda> at 0x7fa4962879f0>,<function <lambda> at 0x7fa496287a90>,<function <lambda> at 0x7fa496287b30>
25172,2022-11-14 19:00:00,<function <lambda> at 0x7fa4962879f0>,<function <lambda> at 0x7fa496287a90>,<function <lambda> at 0x7fa496287b30>
25173,2022-11-14 20:00:00,<function <lambda> at 0x7fa4962879f0>,<function <lambda> at 0x7fa496287a90>,<function <lambda> at 0x7fa496287b30>
25174,2022-11-14 21:00:00,<function <lambda> at 0x7fa4962879f0>,<function <lambda> at 0x7fa496287a90>,<function <lambda> at 0x7fa496287b30>
25175,2022-11-14 22:00:00,<function <lambda> at 0x7fa4962879f0>,<function <lambda> at 0x7fa496287a90>,<function <lambda> at 0x7fa496287b30>
25176,2022-11-14 23:00:00,<function <lambda> at 0x7fa4962879f0>,<function <lambda> at 0x7fa496287a90>,<function <lambda> at 0x7fa496287b30>
25177,2022-11-15 00:00:00,<function <lambda> at 0x7fa4962879f0>,<function <lambda> at 0x7fa496287a90>,<function <lambda> at 0x7fa496287b30>
25178,2022-11-15 01:00:00,<function <lambda> at 0x7fa4962879f0>,<function <lambda> at 0x7fa496287a90>,<function <lambda> at 0x7fa496287b30>
25179,2022-11-15 02:00:00,<function <lambda> at 0x7fa4962879f0>,<function <lambda> at 0x7fa496287a90>,<function <lambda> at 0x7fa496287b30>
25180,2022-11-15 03:00:00,<function <lambda> at 0x7fa4962879f0>,<function <lambda> at 0x7fa496287a90>,<function <lambda> at 0x7fa496287b30>
25181,2022-11-15 04:00:00,<function <lambda> at 0x7fa4962879f0>,<function <lambda> at 0x7fa496287a90>,<function <lambda> at 0x7fa496287b30>
25182,2022-11-15 05:00:00,<function <lambda> at 0x7fa4962879f0>,<function <lambda> at 0x7fa496287a90>,<function <lambda> at 0x7fa496287b30>
25183,2022-11-15 06:00:00,<function <lambda> at 0x7fa4962879f0>,<function <lambda> at 0x7fa496287a90>,<function <lambda> at 0x7fa496287b30>
25184,2022-11-15 07:00:00,<function <lambda> at 0x7fa4962879f0>,<function <lambda> at 0x7fa496287a90>,<function <lambda> at 0x7fa496287b30>
25185,2022-11-15 08:00:00,<function <lambda> at 0x7fa4962879f0>,<function <lambda> at 0x7fa496287a90>,<function <lambda> at 0x7fa496287b30>
25186,2022-11-15 09:00:00,<function <lambda> at 0x7fa4962879f0>,<function <lambda> at 0x7fa496287a90>,<function <lambda> at 0x7fa496287b30>
25187,2022-11-15 10:00:00,<function <lambda> at 0x7fa4962879f0>,<function <lambda> at 0x7fa496287a90>,<function <lambda> at 0x7fa496287b30>
25188,2022-11-15 11:00:00,<function <lambda> at 0x7fa4962879f0>,<function <lambda> at 0x7fa496287a90>,<function <lambda> at 0x7fa496287b30>
25189,2022-11-15 12:00:00,<function <lambda> at 0x7fa4962879f0>,<function <lambda> at 0x7fa496287a90>,<function <lambda> at 0x7fa496287b30>
25190,2022-11-15 13:00:00,<function <lambda> at 0x7fa4962879f0>,<function <lambda> at 0x7fa496287a90>,<function <lambda> at 0x7fa496287b30>
25191,2022-11-15 14:00:00,<function <lambda> at 0x7fa4962879f0>,<function <lambda> at 0x7fa496287a90>,<function <lambda> at 0x7fa496287b30>
25192,2022-11-15 15:00:00,<function <lambda> at 0x7fa4962879f0>,<function <lambda> at 0x7fa496287a90>,<function <lambda> at 0x7fa496287b30>
25193,2022-11-15 16:00:00,<function <lambda> at 0x7fa4962879f0>,<function <lambda> at 0x7fa496287a90>,<function <lambda> at 0x7fa496287b30>
25194,2022-11-15 17:00:00,<function <lambda> at 0x7fa4962879f0>,<function <lambda> at 0x7fa496287a90>,<function <lambda> at 0x7fa496287b30>
25195,2022-11-15 18:00:00,<function <lambda> at 0x7fa4962879f0>,<function <lambda> at 0x7fa496287a90>,<function <lambda> at 0x7fa496287b30>
25196,2022-11-15 19:00:00,<function <lambda> at 0x7fa4962879f0>,<function <lambda> at 0x7fa496287a90>,<function <lambda> at 0x7fa496287b30>
25197,2022-11-15 20:00:00,<function <lambda> at 0x7fa4962879f0>,<function <lambda> at 0x7fa496287a90>,<function <lambda> at 0x7fa496287b30>
25198,2022-11-15 21:00:00,<function <lambda> at 0x7fa4962879f0>,<function <lambda> at 0x7fa496287a90>,<function <lambda> at 0x7fa496287b30>
25199,2022-11-15 22:00:00,<function <lambda> at 0x7fa4962879f0>,<function <lambda> at 0x7fa496287a90>,<function <lambda> at 0x7fa496287b30>
25200,2022-11-15 23:00:00,<function <lambda> at 0x7fa4962879f0>,<function <lambda> at 0x7fa496287a90>,<function <lambda> at 0x7fa496287b30>
25201,2022-11-16 00:00:00,<function <lambda> at 0x7fa4962879f0>,<function <lambda> at 0x7fa496287a90>,<function <lambda> at 0x7fa496287b30>
25202,2022-11-16 01:00:00,<function <lambda> at 0x7fa4962879f0>,<function <lambda> at 0x7fa496287a90>,<function <lambda> at 0x7fa496287b30>
25203,2022-11-16 02:00:00,<function <lambda> at 0x7fa4962879f0>,<function <lambda> at 0x7fa496287a90>,<function <lambda> at 0x7fa496287b30>
25204,2022-11-16 03:00:00,<function <lambda> at 0x7fa4962879f0>,<function <lambda> at 0x7fa496287a90>,<function <lambda> at 0x7fa496287b30>
25205,2022-11-16 04:00:00,<function <lambda> at 0x7fa4962879f0>,<function <lambda> at 0x7fa496287a90>,<function <lambda> at 0x7fa496287b30>
25206,2022-11-16 05:00:00,<function <lambda> at 0x7fa4962879f0>,<function <lambda> at 0x7fa496287a90>,<function <lambda> at 0x7fa496287b30>
25207,2022-11-16 06:00:00,<function <lambda> at 0x7fa4962879f0>,<function <lambda> at 0x7fa496287a90>,<function <lambda> at 0x7fa496287b30>
25208,2022-11-16 07:00:00,<function <lambda> at 0x7fa4962879f0>,<function <lambda> at 0x7fa496287a90>,<function <lambda> at 0x7fa496287b30>
25209,2022-11-16 08:00:00,<function <lambda> at 0x7fa4962879f0>,<function <lambda> at 0x7fa496287a90>,<function <lambda> at 0x7fa496287b30>
25210,2022-11-16 09:00:00,<function <lambda> at 0x7fa4962879f0>,<function <lambda> at 0x7fa496287a90>,<function <lambda> at 0x7fa496287b30>
25211,2022-11-16 10:00:00,<function <lambda> at 0x7fa4962879f0>,<function <lambda> at 0x7fa496287a90>,<function <lambda> at 0x7fa496287b30>
25212,2022-11-16 11:00:00,<function <lambda> at 0x7fa4962879f0>,<function <lambda> at 0x7fa496287a90>,<function <lambda> at 0x7fa496287b30>
25213,2022-11-16 12:00:00,<function <lambda> at 0x7fa4962879f0>,<function <lambda> at 0x7fa496287a90>,<function <lambda> at 0x7fa496287b30>
25214,2022-11-16 13:00:00,<function <lambda> at 0x7fa4962879f0>,<function <lambda> at 0x7fa496287a90>,<function <lambda> at 0x7fa496287b30>
25215,2022-11-16 14:00:00,<function <lambda> at 0x7fa4962879f0>,<function <lambda> at 0x7fa496287a90>,<function <lambda> at 0x7fa496287b30>
25216,2022-11-16 15:00:00,<function <lambda> at 0x7fa4962879f0>,<function <lambda> at 0x7fa496287a90>,<function <lambda> at 0x7fa496287b30>
25217,2022-11-16 16:00:00,<function <lambda> at 0x7fa4962879f0>,<function <lambda> at 0x7fa496287a90>,<function <lambda> at 0x7fa496287b30>
25218,2022-11-16 17:00:00,<function <lambda> at 0x7fa4962879f0>,<function <lambda> at 0x7fa496287a90>,<function <lambda> at 0x7fa496287b30>
25219,2022-11-16 18:00:00,<function <lambda> at 0x7fa4962879f0>,<function <lambda> at 0x7fa496287a90>,<function <lambda> at 0x7fa496287b30>
25220,2022-11-16 19:00:00,<function <lambda> at 0x7fa4962879f0>,<function <lambda> at 0x7fa496287a90>,<function <lambda> at 0x7fa496287b30>
25221,2022-11-16 20:00:00,<function <lambda> at 0x7fa4962879f0>,<function <lambda> at 0x7fa496287a90>,<function <lambda> at 0x7fa496287b30>
25222,2022-11-16 21:00:00,<function <lambda> at 0x7fa4962879f0>,<function <lambda> at 0x7fa496287a90>,<function <lambda> at 0x7fa496287b30>
25223,2022-11-16 22:00:00,<function <lambda> at 0x7fa4962879f0>,<function <lambda> at 0x7fa496287a90>,<function <lambda> at 0x7fa496287b30>
25224,2022-11-16 23:00:00,<function <lambda> at 0x7fa4962879f0>,<function <lambda> at 0x7fa496287a90>,<function <lambda> at 0x7fa496287b30>
25225,2022-11-17 00:00:00,<function <lambda> at 0x7fa4962879f0>,<function <lambda> at 0x7fa496287a90>,<function <lambda> at 0x7fa496287b30>
25226,2022-11-17 01:00:00,<function <lambda> at 0x7fa4962879f0>,<function <lambda> at 0x7fa496287a90>,<function <lambda> at 0x7fa496287b30>
25227,2022-11-17 02:00:00,<function <lambda> at 0x7fa4962879f0>,<function <lambda> at 0x7fa496287a90>,<function <lambda> at 0x7fa496287b30>
25228,2022-11-17 03:00:00,<function <lambda> at 0x7fa4962879f0>,<function <lambda> at 0x7fa496287a90>,<function <lambda> at 0x7fa496287b30>
25229,2022-11-17 04:00:00,<function <lambda> at 0x7fa4962879f0>,<function <lambda> at 0x7fa496287a90>,<function <lambda> at 0x7fa496287b30>
25230,2022-11-17 05:00:00,<function <lambda> at 0x7fa4962879f0>,<function <lambda> at 0x7fa496287a90>,<function <lambda> at 0x7fa496287b30>
25231,2022-11-17 06:00:00,<function <lambda> at 0x7fa4962879f0>,<function <lambda> at 0x7fa496287a90>,<function <lambda> at 0x7fa496287b30>
25232,2022-11-17 07:00:00,<function <lambda> at 0x7fa4962879f0>,<function <lambda> at 0x7fa496287a90>,<function <lambda> at 0x7fa496287b30>
25233,2022-11-17 08:00:00,<function <lambda> at 0x7fa4962879f0>,<function <lambda> at 0x7fa496287a90>,<function <lambda> at 0x7fa496287b30>
25234,2022-11-17 09:00:00,<function <lambda> at 0x7fa4962879f0>,<function <lambda> at 0x7fa496287a90>,<function <lambda> at 0x7fa496287b30>
25235,2022-11-17 10:00:00,<function <lambda> at 0x7fa4962879f0>,<function <lambda> at 0x7fa496287a90>,<function <lambda> at 0x7fa496287b30>
25236,2022-11-17 11:00:00,<function <lambda> at 0x7fa4962879f0>,<function <lambda> at 0x7fa496287a90>,<function <lambda> at 0x7fa496287b30>
25237,2022-11-17 12:00:00,<function <lambda> at 0x7fa4962879f0>,<function <lambda> at 0x7fa496287a90>,<function <lambda> at 0x7fa496287b30>
25238,2022-11-17 13:00:00,<function <lambda> at 0x7fa4962879f0>,<function <lambda> at 0x7fa496287a90>,<function <lambda> at 0x7fa496287b30>
25239,2022-11-17 14:00:00,<function <lambda> at 0x7fa4962879f0>,<function <lambda> at 0x7fa496287a90>,<function <lambda> at 0x7fa496287b30>
25240,2022-11-17 15:00:00,<function <lambda> at 0x7fa4962879f0>,<function <lambda> at 0x7fa496287a90>,<function <lambda> at 0x7fa496287b30>
25241,2022-11-17 16:00:00,<function <lambda> at 0x7fa4962879f0>,<function <lambda> at 0x7fa496287a90>,<function <lambda> at 0x7fa496287b30>
25242,2022-11-17 17:00:00,<function <lambda> at 0x7fa4962879f0>,<function <lambda> at 0x7fa496287a90>,<function <lambda> at 0x7fa496287b30>
25243,2022-11-17 18:00:00,<function <lambda> at 0x7fa4962879f0>,<function <lambda> at 0x7fa496287a90>,<function <lambda> at 0x7fa496287b30>
25244,2022-11-17 19:00:00,<function <lambda> at 0x7fa4962879f0>,<function <lambda> at 0x7fa496287a90>,<function <lambda> at 0x7fa496287b30>
25245,2022-11-17 20:00:00,<function <lambda> at 0x7fa4962879f0>,<function <lambda> at 0x7fa496287a90>,<function <lambda> at 0x7fa496287b30>
25246,2022-11-17 21:00:00,<function <lambda> at 0x7fa4962879f0>,<function <lambda> at 0x7fa496287a90>,<function <lambda> at 0x7fa496287b30>
25247,2022-11-17 22:00:00,<function <lambda> at 0x7fa4962879f0>,<function <lambda> at 0x7fa496287a90>,<function <lambda> at 0x7fa496287b30>
25248,2022-11-17 23:00:00,<function <lambda> at 0x7fa4962879f0>,<function <lambda> at 0x7fa496287a90>,<function <lambda> at 0x7fa496287b30>
25249,2022-11-18 00:00:00,<function <lambda> at 0x7fa4962879f0>,<function <lambda> at 0x7fa496287a90>,<function <lambda> at 0x7fa496287b30>
25250,2022-11-18 01:00:00,<function <lambda> at 0x7fa4962879f0>,<function <lambda> at 0x7fa496287a90>,<function <lambda> at 0x7fa496287b30>
25251,2022-11-18 02:00:00,<function <lambda> at 0x7fa4962879f0>,<function <lambda> at 0x7fa496287a90>,<function <lambda> at 0x7fa496287b30>
25252,2022-11-18 03:00:00,<function <lambda> at 0x7fa4962879f0>,<function <lambda> at 0x7fa496287a90>,<function <lambda> at 0x7fa496287b30>
25253,2022-11-18 04:00:00,<function <lambda> at 0x7fa4962879f0>,<function <lambda> at 0x7fa496287a90>,<function <lambda> at 0x7fa496287b30>
25254,2022-11-18 05:00:00,<function <lambda> at 0x7fa4962879f0>,<function <lambda> at 0x7fa496287a90>,<function <lambda> at 0x7fa496287b30>
25255,2022-11-18 06:00:00,<function <lambda> at 0x7fa4962879f0>,<function <lambda> at 0x7fa496287a90>,<function <lambda> at 0x7fa496287b30>
25256,2022-11-18 07:00:00,<function <lambda> at 0x7fa4962879f0>,<function <lambda> at 0x7fa496287a90>,<function <lambda> at 0x7fa496287b30>
25257,2022-11-18 08:00:00,<function <lambda> at 0x7fa4962879f0>,<function <lambda> at 0x7fa496287a90>,<function <lambda> at 0x7fa496287b30>
25258,2022-11-18 09:00:00,<function <lambda> at 0x7fa4962879f0>,<function <lambda> at 0x7fa496287a90>,<function <lambda> at 0x7fa496287b30>
25259,2022-11-18 10:00:00,<function <lambda> at 0x7fa4962879f0>,<function <lambda> at 0x7fa496287a90>,<function <lambda> at 0x7fa496287b30>
25260,2022-11-18 11:00:00,<function <lambda> at 0x7fa4962879f0>,<function <lambda> at 0x7fa496287a90>,<function <lambda> at 0x7fa496287b30>
25261,2022-11-18 12:00:00,<function <lambda> at 0x7fa4962879f0>,<function <lambda> at 0x7fa496287a90>,<function <lambda> at 0x7fa496287b30>
25262,2022-11-18 13:00:00,<function <lambda> at 0x7fa4962879f0>,<function <lambda> at 0x7fa496287a90>,<function <lambda> at 0x7fa496287b30>
25263,2022-11-18 14:00:00,<function <lambda> at 0x7fa4962879f0>,<function <lambda> at 0x7fa496287a90>,<function <lambda> at 0x7fa496287b30>
25264,2022-11-18 15:00:00,<function <lambda> at 0x7fa4962879f0>,<function <lambda> at 0x7fa496287a90>,<function <lambda> at 0x7fa496287b30>
25265,2022-11-18 16:00:00,<function <lambda> at 0x7fa4962879f0>,<function <lambda> at 0x7fa496287a90>,<function <lambda> at 0x7fa496287b30>
25266,2022-11-18 17:00:00,<function <lambda> at 0x7fa4962879f0>,<function <lambda> at 0x7fa496287a90>,<function <lambda> at 0x7fa496287b30>
25267,2022-11-18 18:00:00,<function <lambda> at 0x7fa4962879f0>,<function <lambda> at 0x7fa496287a90>,<function <lambda> at 0x7fa496287b30>
25268,2022-11-18 19:00:00,<function <lambda> at 0x7fa4962879f0>,<function <lambda> at 0x7fa496287a90>,<function <lambda> at 0x7fa496287b30>
25269,2022-11-18 20:00:00,<function <lambda> at 0x7fa4962879f0>,<function <lambda> at 0x7fa496287a90>,<function <lambda> at 0x7fa496287b30>
25270,2022-11-18 21:00:00,<function <lambda> at 0x7fa4962879f0>,<function <lambda> at 0x7fa496287a90>,<function <lambda> at 0x7fa496287b30>
25271,2022-11-18 22:00:00,<function <lambda> at 0x7fa4962879f0>,<function <lambda> at 0x7fa496287a90>,<function <lambda> at 0x7fa496287b30>
25272,2022-11-18 23:00:00,<function <lambda> at 0x7fa4962879f0>,<function <lambda> at 0x7fa496287a90>,<function <lambda> at 0x7fa496287b30>
25273,2022-11-19 00:00:00,<function <lambda> at 0x7fa4962879f0>,<function <lambda> at 0x7fa496287a90>,<function <lambda> at 0x7fa496287b30>
25274,2022-11-19 01:00:00,<function <lambda> at 0x7fa4962879f0>,<function <lambda> at 0x7fa496287a90>,<function <lambda> at 0x7fa496287b30>
25275,2022-11-19 02:00:00,<function <lambda> at 0x7fa4962879f0>,<function <lambda> at 0x7fa496287a90>,<function <lambda> at 0x7fa496287b30>
25276,2022-11-19 03:00:00,<function <lambda> at 0x7fa4962879f0>,<function <lambda> at 0x7fa496287a90>,<function <lambda> at 0x7fa496287b30>
25277,2022-11-19 04:00:00,<function <lambda> at 0x7fa4962879f0>,<function <lambda> at 0x7fa496287a90>,<function <lambda> at 0x7fa496287b30>
25278,2022-11-19 05:00:00,<function <lambda> at 0x7fa4962879f0>,<function <lambda> at 0x7fa496287a90>,<function <lambda> at 0x7fa496287b30>
25279,2022-11-19 06:00:00,<function <lambda> at 0x7fa4962879f0>,<function <lambda> at 0x7fa496287a90>,<function <lambda> at 0x7fa496287b30>
25280,2022-11-19 07:00:00,<function <lambda> at 0x7fa4962879f0>,<function <lambda> at 0x7fa496287a90>,<function <lambda> at 0x7fa496287b30>
25281,2022-11-19 08:00:00,<function <lambda> at 0x7fa4962879f0>,<function <lambda> at 0x7fa496287a90>,<function <lambda> at 0x7fa496287b30>
25282,2022-11-19 09:00:00,<function <lambda> at 0x7fa4962879f0>,<function <lambda> at 0x7fa496287a90>,<function <lambda> at 0x7fa496287b30>
25283,2022-11-19 10:00:00,<function <lambda> at 0x7fa4962879f0>,<function <lambda> at 0x7fa496287a90>,<function <lambda> at 0x7fa496287b30>
25284,2022-11-19 11:00:00,<function <lambda> at 0x7fa4962879f0>,<function <lambda> at 0x7fa496287a90>,<function <lambda> at 0x7fa496287b30>
25285,2022-11-19 12:00:00,<function <lambda> at 0x7fa4962879f0>,<function <lambda> at 0x7fa496287a90>,<function <lambda> at 0x7fa496287b30>
25286,2022-11-19 13:00:00,<function <lambda> at 0x7fa4962879f0>,<function <lambda> at 0x7fa496287a90>,<function <lambda> at 0x7fa496287b30>
25287,2022-11-19 14:00:00,<function <lambda> at 0x7fa4962879f0>,<function <lambda> at 0x7fa496287a90>,<function <lambda> at 0x7fa496287b30>
25288,2022-11-19 15:00:00,<function <lambda> at 0x7fa4962879f0>,<function <lambda> at 0x7fa496287a90>,<function <lambda> at 0x7fa496287b30>
25289,2022-11-19 16:00:00,<function <lambda> at 0x7fa4962879f0>,<function <lambda> at 0x7fa496287a90>,<function <lambda> at 0x7fa496287b30>
25290,2022-11-19 17:00:00,<function <lambda> at 0x7fa4962879f0>,<function <lambda> at 0x7fa496287a90>,<function <lambda> at 0x7fa496287b30>
25291,2022-11-19 18:00:00,<function <lambda> at 0x7fa4962879f0>,<function <lambda> at 0x7fa496287a90>,<function <lambda> at 0x7fa496287b30>
25292,2022-11-19 19:00:00,<function <lambda> at 0x7fa4962879f0>,<function <lambda> at 0x7fa496287a90>,<function <lambda> at 0x7fa496287b30>
25293,2022-11-19 20:00:00,<function <lambda> at 0x7fa4962879f0>,<function <lambda> at 0x7fa496287a90>,<function <lambda> at 0x7fa496287b30>
25294,2022-11-19 21:00:00,<function <lambda> at 0x7fa4962879f0>,<function <lambda> at 0x7fa496287a90>,<function <lambda> at 0x7fa496287b30>
25295,2022-11-19 22:00:00,<function <lambda> at 0x7fa4962879f0>,<function <lambda> at 0x7fa496287a90>,<function <lambda> at 0x7fa496287b30>
25296,2022-11-19 23:00:00,<function <lambda> at 0x7fa4962879f0>,<function <lambda> at 0x7fa496287a90>,<function <lambda> at 0x7fa496287b30>
25297,2022-11-20 00:00:00,<function <lambda> at 0x7fa4962879f0>,<function <lambda> at 0x7fa496287a90>,<function <lambda> at 0x7fa496287b30>
25298,2022-11-20 01:00:00,<function <lambda> at 0x7fa4962879f0>,<function <lambda> at 0x7fa496287a90>,<function <lambda> at 0x7fa496287b30>
25299,2022-11-20 02:00:00,<function <lambda> at 0x7fa4962879f0>,<function <lambda> at 0x7fa496287a90>,<function <lambda> at 0x7fa496287b30>
25300,2022-11-20 03:00:00,<function <lambda> at 0x7fa4962879f0>,<function <lambda> at 0x7fa496287a90>,<function <lambda> at 0x7fa496287b30>
25301,2022-11-20 04:00:00,<function <lambda> at 0x7fa4962879f0>,<function <lambda> at 0x7fa496287a90>,<function <lambda> at 0x7fa496287b30>
25302,2022-11-20 05:00:00,<function <lambda> at 0x7fa4962879f0>,<function <lambda> at 0x7fa496287a90>,<function <lambda> at 0x7fa496287b30>
25303,2022-11-20 06:00:00,<function <lambda> at 0x7fa4962879f0>,<function <lambda> at 0x7fa496287a90>,<function <lambda> at 0x7fa496287b30>
25304,2022-11-20 07:00:00,<function <lambda> at 0x7fa4962879f0>,<function <lambda> at 0x7fa496287a90>,<function <lambda> at 0x7fa496287b30>
25305,2022-11-20 08:00:00,<function <lambda> at 0x7fa4962879f0>,<function <lambda> at 0x7fa496287a90>,<function <lambda> at 0x7fa496287b30>
25306,2022-11-20 09:00:00,<function <lambda> at 0x7fa4962879f0>,<function <lambda> at 0x7fa496287a90>,<function <lambda> at 0x7fa496287b30>
25307,2022-11-20 10:00:00,<function <lambda> at 0x7fa4962879f0>,<function <lambda> at 0x7fa496287a90>,<function <lambda> at 0x7fa496287b30>
25308,2022-11-20 11:00:00,<function <lambda> at 0x7fa4962879f0>,<function <lambda> at 0x7fa496287a90>,<function <lambda> at 0x7fa496287b30>
25309,2022-11-20 12:00:00,<function <lambda> at 0x7fa4962879f0>,<function <lambda> at 0x7fa496287a90>,<function <lambda> at 0x7fa496287b30>
25310,2022-11-20 13:00:00,<function <lambda> at 0x7fa4962879f0>,<function <lambda> at 0x7fa496287a90>,<function <lambda> at 0x7fa496287b30>
25311,2022-11-20 14:00:00,<function <lambda> at 0x7fa4962879f0>,<function <lambda> at 0x7fa496287a90>,<function <lambda> at 0x7fa496287b30>
25312,2022-11-20 15:00:00,<function <lambda> at 0x7fa4962879f0>,<function <lambda> at 0x7fa496287a90>,<function <lambda> at 0x7fa496287b30>
25313,2022-11-20 16:00:00,<function <lambda> at 0x7fa4962879f0>,<function <lambda> at 0x7fa496287a90>,<function <lambda> at 0x7fa496287b30>
25314,2022-11-20 17:00:00,<function <lambda> at 0x7fa4962879f0>,<function <lambda> at 0x7fa496287a90>,<function <lambda> at 0x7fa496287b30>
25315,2022-11-20 18:00:00,<function <lambda> at 0x7fa4962879f0>,<function <lambda> at 0x7fa496287a90>,<function <lambda> at 0x7fa496287b30>
25316,2022-11-20 19:00:00,<function <lambda> at 0x7fa4962879f0>,<function <lambda> at 0x7fa496287a90>,<function <lambda> at 0x7fa496287b30>
25317,2022-11-20 20:00:00,<function <lambda> at 0x7fa4962879f0>,<function <lambda> at 0x7fa496287a90>,<function <lambda> at 0x7fa496287b30>
25318,2022-11-20 21:00:00,<function <lambda> at 0x7fa4962879f0>,<function <lambda> at 0x7fa496287a90>,<function <lambda> at 0x7fa496287b30>
25319,2022-11-20 22:00:00,<function <lambda> at 0x7fa4962879f0>,<function <lambda> at 0x7fa496287a90>,<function <lambda> at 0x7fa496287b30>
25320,2022-11-20 23:00:00,<function <lambda> at 0x7fa4962879f0>,<function <lambda> at 0x7fa496287a90>,<function <lambda> at 0x7fa496287b30>
25321,2022-11-21 00:00:00,<function <lambda> at 0x7fa4962879f0>,<function <lambda> at 0x7fa496287a90>,<function <lambda> at 0x7fa496287b30>
25322,2022-11-21 01:00:00,<function <lambda> at 0x7fa4962879f0>,<function <lambda> at 0x7fa496287a90>,<function <lambda> at 0x7fa496287b30>
25323,2022-11-21 02:00:00,<function <lambda> at 0x7fa4962879f0>,<function <lambda> at 0x7fa496287a90>,<function <lambda> at 0x7fa496287b30>
25324,2022-11-21 03:00:00,<function <lambda> at 0x7fa4962879f0>,<function <lambda> at 0x7fa496287a90>,<function <lambda> at 0x7fa496287b30>
25325,2022-11-21 04:00:00,<function <lambda> at 0x7fa4962879f0>,<function <lambda> at 0x7fa496287a90>,<function <lambda> at 0x7fa496287b30>
25326,2022-11-21 05:00:00,<function <lambda> at 0x7fa4962879f0>,<function <lambda> at 0x7fa496287a90>,<function <lambda> at 0x7fa496287b30>
25327,2022-11-21 06:00:00,<function <lambda> at 0x7fa4962879f0>,<function <lambda> at 0x7fa496287a90>,<function <lambda> at 0x7fa496287b30>
25328,2022-11-21 07:00:00,<function <lambda> at 0x7fa4962879f0>,<function <lambda> at 0x7fa496287a90>,<function <lambda> at 0x7fa496287b30>
25329,2022-11-21 08:00:00,<function <lambda> at 0x7fa4962879f0>,<function <lambda> at 0x7fa496287a90>,<function <lambda> at 0x7fa496287b30>
25330,2022-11-21 09:00:00,<function <lambda> at 0x7fa4962879f0>,<function <lambda> at 0x7fa496287a90>,<function <lambda> at 0x7fa496287b30>
25331,2022-11-21 10:00:00,<function <lambda> at 0x7fa4962879f0>,<function <lambda> at 0x7fa496287a90>,<function <lambda> at 0x7fa496287b30>
25332,2022-11-21 11:00:00,<function <lambda> at 0x7fa4962879f0>,<function <lambda> at 0x7fa496287a90>,<function <lambda> at 0x7fa496287b30>
25333,2022-11-21 12:00:00,<function <lambda> at 0x7fa4962879f0>,<function <lambda> at 0x7fa496287a90>,<function <lambda> at 0x7fa496287b30>
25334,2022-11-21 13:00:00,<function <lambda> at 0x7fa4962879f0>,<function <lambda> at 0x7fa496287a90>,<function <lambda> at 0x7fa496287b30>
25335,2022-11-21 14:00:00,<function <lambda> at 0x7fa4962879f0>,<function <lambda> at 0x7fa496287a90>,<function <lambda> at 0x7fa496287b30>
25336,2022-11-21 15:00:00,<function <lambda> at 0x7fa4962879f0>,<function <lambda> at 0x7fa496287a90>,<function <lambda> at 0x7fa496287b30>
25337,2022-11-21 16:00:00,<function <lambda> at 0x7fa4962879f0>,<function <lambda> at 0x7fa496287a90>,<function <lambda> at 0x7fa496287b30>
25338,2022-11-21 17:00:00,<function <lambda> at 0x7fa4962879f0>,<function <lambda> at 0x7fa496287a90>,<function <lambda> at 0x7fa496287b30>
25339,2022-11-21 18:00:00,<function <lambda> at 0x7fa4962879f0>,<function <lambda> at 0x7fa496287a90>,<function <lambda> at 0x7fa496287b30>
25340,2022-11-21 19:00:00,<function <lambda> at 0x7fa4962879f0>,<function <lambda> at 0x7fa496287a90>,<function <lambda> at 0x7fa496287b30>
25341,2022-11-21 20:00:00,<function <lambda> at 0x7fa4962879f0>,<function <lambda> at 0x7fa496287a90>,<function <lambda> at 0x7fa496287b30>
25342,2022-11-21 21:00:00,<function <lambda> at 0x7fa4962879f0>,<function <lambda> at 0x7fa496287a90>,<function <lambda> at 0x7fa496287b30>
25343,2022-11-21 22:00:00,<function <lambda> at 0x7fa4962879f0>,<function <lambda> at 0x7fa496287a90>,<function <lambda> at 0x7fa496287b30>
25344,2022-11-21 23:00:00,<function <lambda> at 0x7fa4962879f0>,<function <lambda> at 0x7fa496287a90>,<function <lambda> at 0x7fa496287b30>
25345,2022-11-22 00:00:00,<function <lambda> at 0x7fa4962879f0>,<function <lambda> at 0x7fa496287a90>,<function <lambda> at 0x7fa496287b30>
25346,2022-11-22 01:00:00,<function <lambda> at 0x7fa4962879f0>,<function <lambda> at 0x7fa496287a90>,<function <lambda> at 0x7fa496287b30>
25347,2022-11-22 02:00:00,<function <lambda> at 0x7fa4962879f0>,<function <lambda> at 0x7fa496287a90>,<function <lambda> at 0x7fa496287b30>
25348,2022-11-22 03:00:00,<function <lambda> at 0x7fa4962879f0>,<function <lambda> at 0x7fa496287a90>,<function <lambda> at 0x7fa496287b30>
25349,2022-11-22 04:00:00,<function <lambda> at 0x7fa4962879f0>,<function <lambda> at 0x7fa496287a90>,<function <lambda> at 0x7fa496287b30>
25350,2022-11-22 05:00:00,<function <lambda> at 0x7fa4962879f0>,<function <lambda> at 0x7fa496287a90>,<function <lambda> at 0x7fa496287b30>
25351,2022-11-22 06:00:00,<function <lambda> at 0x7fa4962879f0>,<function <lambda> at 0x7fa496287a90>,<function <lambda> at 0x7fa496287b30>
25352,2022-11-22 07:00:00,<function <lambda> at 0x7fa4962879f0>,<function <lambda> at 0x7fa496287a90>,<function <lambda> at 0x7fa496287b30>
25353,2022-11-22 08:00:00,<function <lambda> at 0x7fa4962879f0>,<function <lambda> at 0x7fa496287a90>,<function <lambda> at 0x7fa496287b30>
25354,2022-11-22 09:00:00,<function <lambda> at 0x7fa4962879f0>,<function <lambda> at 0x7fa496287a90>,<function <lambda> at 0x7fa496287b30>
25355,2022-11-22 10:00:00,<function <lambda> at 0x7fa4962879f0>,<function <lambda> at 0x7fa496287a90>,<function <lambda> at 0x7fa496287b30>
25356,2022-11-22 11:00:00,<function <lambda> at 0x7fa4962879f0>,<function <lambda> at 0x7fa496287a90>,<function <lambda> at 0x7fa496287b30>
25357,2022-11-22 12:00:00,<function <lambda> at 0x7fa4962879f0>,<function <lambda> at 0x7fa496287a90>,<function <lambda> at 0x7fa496287b30>
25358,2022-11-22 13:00:00,<function <lambda> at 0x7fa4962879f0>,<function <lambda> at 0x7fa496287a90>,<function <lambda> at 0x7fa496287b30>
25359,2022-11-22 14:00:00,<function <lambda> at 0x7fa4962879f0>,<function <lambda> at 0x7fa496287a90>,<function <lambda> at 0x7fa496287b30>
25360,2022-11-22 15:00:00,<function <lambda> at 0x7fa4962879f0>,<function <lambda> at 0x7fa496287a90>,<function <lambda> at 0x7fa496287b30>
25361,2022-11-22 16:00:00,<function <lambda> at 0x7fa4962879f0>,<function <lambda> at 0x7fa496287a90>,<function <lambda> at 0x7fa496287b30>
25362,2022-11-22 17:00:00,<function <lambda> at 0x7fa4962879f0>,<function <lambda> at 0x7fa496287a90>,<function <lambda> at 0x7fa496287b30>
25363,2022-11-22 18:00:00,<function <lambda> at 0x7fa4962879f0>,<function <lambda> at 0x7fa496287a90>,<function <lambda> at 0x7fa496287b30>
25364,2022-11-22 19:00:00,<function <lambda> at 0x7fa4962879f0>,<function <lambda> at 0x7fa496287a90>,<function <lambda> at 0x7fa496287b30>
25365,2022-11-22 20:00:00,<function <lambda> at 0x7fa4962879f0>,<function <lambda> at 0x7fa496287a90>,<function <lambda> at 0x7fa496287b30>
25366,2022-11-22 21:00:00,<function <lambda> at 0x7fa4962879f0>,<function <lambda> at 0x7fa496287a90>,<function <lambda> at 0x7fa496287b30>
25367,2022-11-22 22:00:00,<function <lambda> at 0x7fa4962879f0>,<function <lambda> at 0x7fa496287a90>,<function <lambda> at 0x7fa496287b30>
25368,2022-11-22 23:00:00,<function <lambda> at 0x7fa4962879f0>,<function <lambda> at 0x7fa496287a90>,<function <lambda> at 0x7fa496287b30>
25369,2022-11-23 00:00:00,<function <lambda> at 0x7fa4962879f0>,<function <lambda> at 0x7fa496287a90>,<function <lambda> at 0x7fa496287b30>
25370,2022-11-23 01:00:00,<function <lambda> at 0x7fa4962879f0>,<function <lambda> at 0x7fa496287a90>,<function <lambda> at 0x7fa496287b30>
25371,2022-11-23 02:00:00,<function <lambda> at 0x7fa4962879f0>,<function <lambda> at 0x7fa496287a90>,<function <lambda> at 0x7fa496287b30>
25372,2022-11-23 03:00:00,<function <lambda> at 0x7fa4962879f0>,<function <lambda> at 0x7fa496287a90>,<function <lambda> at 0x7fa496287b30>
25373,2022-11-23 04:00:00,<function <lambda> at 0x7fa4962879f0>,<function <lambda> at 0x7fa496287a90>,<function <lambda> at 0x7fa496287b30>
25374,2022-11-23 05:00:00,<function <lambda> at 0x7fa4962879f0>,<function <lambda> at 0x7fa496287a90>,<function <lambda> at 0x7fa496287b30>
25375,2022-11-23 06:00:00,<function <lambda> at 0x7fa4962879f0>,<function <lambda> at 0x7fa496287a90>,<function <lambda> at 0x7fa496287b30>
25376,2022-11-23 07:00:00,<function <lambda> at 0x7fa4962879f0>,<function <lambda> at 0x7fa496287a90>,<function <lambda> at 0x7fa496287b30>
25377,2022-11-23 08:00:00,<function <lambda> at 0x7fa4962879f0>,<function <lambda> at 0x7fa496287a90>,<function <lambda> at 0x7fa496287b30>
25378,2022-11-23 09:00:00,<function <lambda> at 0x7fa4962879f0>,<function <lambda> at 0x7fa496287a90>,<function <lambda> at 0x7fa496287b30>
25379,2022-11-23 10:00:00,<function <lambda> at 0x7fa4962879f0>,<function <lambda> at 0x7fa496287a90>,<function <lambda> at 0x7fa496287b30>
25380,2022-11-23 11:00:00,<function <lambda> at 0x7fa4962879f0>,<function <lambda> at 0x7fa496287a90>,<function <lambda> at 0x7fa496287b30>
25381,2022-11-23 12:00:00,<function <lambda> at 0x7fa4962879f0>,<function <lambda> at 0x7fa496287a90>,<function <lambda> at 0x7fa496287b30>
25382,2022-11-23 13:00:00,<function <lambda> at 0x7fa4962879f0>,<function <lambda> at 0x7fa496287a90>,<function <lambda> at 0x7fa496287b30>
25383,2022-11-23 14:00:00,<function <lambda> at 0x7fa4962879f0>,<function <lambda> at 0x7fa496287a90>,<function <lambda> at 0x7fa496287b30>
25384,2022-11-23 15:00:00,<function <lambda> at 0x7fa4962879f0>,<function <lambda> at 0x7fa496287a90>,<function <lambda> at 0x7fa496287b30>
25385,2022-11-23 16:00:00,<function <lambda> at 0x7fa4962879f0>,<function <lambda> at 0x7fa496287a90>,<function <lambda> at 0x7fa496287b30>
25386,2022-11-23 17:00:00,<function <lambda> at 0x7fa4962879f0>,<function <lambda> at 0x7fa496287a90>,<function <lambda> at 0x7fa496287b30>
25387,2022-11-23 18:00:00,<function <lambda> at 0x7fa4962879f0>,<function <lambda> at 0x7fa496287a90>,<function <lambda> at 0x7fa496287b30>
25388,2022-11-23 19:00:00,<function <lambda> at 0x7fa4962879f0>,<function <lambda> at 0x7fa496287a90>,<function <lambda> at 0x7fa496287b30>
25389,2022-11-23 20:00:00,<function <lambda> at 0x7fa4962879f0>,<function <lambda> at 0x7fa496287a90>,<function <lambda> at 0x7fa496287b30>
25390,2022-11-23 21:00:00,<function <lambda> at 0x7fa4962879f0>,<function <lambda> at 0x7fa496287a90>,<function <lambda> at 0x7fa496287b30>
25391,2022-11-23 22:00:00,<function <lambda> at 0x7fa4962879f0>,<function <lambda> at 0x7fa496287a90>,<function <lambda> at 0x7fa496287b30>
25392,2022-11-23 23:00:00,<function <lambda> at 0x7fa4962879f0>,<function <lambda> at 0x7fa496287a90>,<function <lambda> at 0x7fa496287b30>
25393,2022-11-24 00:00:00,<function <lambda> at 0x7fa4962879f0>,<function <lambda> at 0x7fa496287a90>,<function <lambda> at 0x7fa496287b30>
25394,2022-11-24 01:00:00,<function <lambda> at 0x7fa4962879f0>,<function <lambda> at 0x7fa496287a90>,<function <lambda> at 0x7fa496287b30>
25395,2022-11-24 02:00:00,<function <lambda> at 0x7fa4962879f0>,<function <lambda> at 0x7fa496287a90>,<function <lambda> at 0x7fa496287b30>
25396,2022-11-24 03:00:00,<function <lambda> at 0x7fa4962879f0>,<function <lambda> at 0x7fa496287a90>,<function <lambda> at 0x7fa496287b30>
25397,2022-11-24 04:00:00,<function <lambda> at 0x7fa4962879f0>,<function <lambda> at 0x7fa496287a90>,<function <lambda> at 0x7fa496287b30>
25398,2022-11-24 05:00:00,<function <lambda> at 0x7fa4962879f0>,<function <lambda> at 0x7fa496287a90>,<function <lambda> at 0x7fa496287b30>
25399,2022-11-24 06:00:00,<function <lambda> at 0x7fa4962879f0>,<function <lambda> at 0x7fa496287a90>,<function <lambda> at 0x7fa496287b30>
25400,2022-11-24 07:00:00,<function <lambda> at 0x7fa4962879f0>,<function <lambda> at 0x7fa496287a90>,<function <lambda> at 0x7fa496287b30>
25401,2022-11-24 08:00:00,<function <lambda> at 0x7fa4962879f0>,<function <lambda> at 0x7fa496287a90>,<function <lambda> at 0x7fa496287b30>
25402,2022-11-24 09:00:00,<function <lambda> at 0x7fa4962879f0>,<function <lambda> at 0x7fa496287a90>,<function <lambda> at 0x7fa496287b30>
25403,2022-11-24 10:00:00,<function <lambda> at 0x7fa4962879f0>,<function <lambda> at 0x7fa496287a90>,<function <lambda> at 0x7fa496287b30>
25404,2022-11-24 11:00:00,<function <lambda> at 0x7fa4962879f0>,<function <lambda> at 0x7fa496287a90>,<function <lambda> at 0x7fa496287b30>
25405,2022-11-24 12:00:00,<function <lambda> at 0x7fa4962879f0>,<function <lambda> at 0x7fa496287a90>,<function <lambda> at 0x7fa496287b30>
25406,2022-11-24 13:00:00,<function <lambda> at 0x7fa4962879f0>,<function <lambda> at 0x7fa496287a90>,<function <lambda> at 0x7fa496287b30>
25407,2022-11-24 14:00:00,<function <lambda> at 0x7fa4962879f0>,<function <lambda> at 0x7fa496287a90>,<function <lambda> at 0x7fa496287b30>
25408,2022-11-24 15:00:00,<function <lambda> at 0x7fa4962879f0>,<function <lambda> at 0x7fa496287a90>,<function <lambda> at 0x7fa496287b30>
25409,2022-11-24 16:00:00,<function <lambda> at 0x7fa4962879f0>,<function <lambda> at 0x7fa496287a90>,<function <lambda> at 0x7fa496287b30>
25410,2022-11-24 17:00:00,<function <lambda> at 0x7fa4962879f0>,<function <lambda> at 0x7fa496287a90>,<function <lambda> at 0x7fa496287b30>
25411,2022-11-24 18:00:00,<function <lambda> at 0x7fa4962879f0>,<function <lambda> at 0x7fa496287a90>,<function <lambda> at 0x7fa496287b30>
25412,2022-11-24 19:00:00,<function <lambda> at 0x7fa4962879f0>,<function <lambda> at 0x7fa496287a90>,<function <lambda> at 0x7fa496287b30>
25413,2022-11-24 20:00:00,<function <lambda> at 0x7fa4962879f0>,<function <lambda> at 0x7fa496287a90>,<function <lambda> at 0x7fa496287b30>
25414,2022-11-24 21:00:00,<function <lambda> at 0x7fa4962879f0>,<function <lambda> at 0x7fa496287a90>,<function <lambda> at 0x7fa496287b30>
25415,2022-11-24 22:00:00,<function <lambda> at 0x7fa4962879f0>,<function <lambda> at 0x7fa496287a90>,<function <lambda> at 0x7fa496287b30>
25416,2022-11-24 23:00:00,<function <lambda> at 0x7fa4962879f0>,<function <lambda> at 0x7fa496287a90>,<function <lambda> at 0x7fa496287b30>
25417,2022-11-25 00:00:00,<function <lambda> at 0x7fa4962879f0>,<function <lambda> at 0x7fa496287a90>,<function <lambda> at 0x7fa496287b30>
25418,2022-11-25 01:00:00,<function <lambda> at 0x7fa4962879f0>,<function <lambda> at 0x7fa496287a90>,<function <lambda> at 0x7fa496287b30>
25419,2022-11-25 02:00:00,<function <lambda> at 0x7fa4962879f0>,<function <lambda> at 0x7fa496287a90>,<function <lambda> at 0x7fa496287b30>
25420,2022-11-25 03:00:00,<function <lambda> at 0x7fa4962879f0>,<function <lambda> at 0x7fa496287a90>,<function <lambda> at 0x7fa496287b30>
25421,2022-11-25 04:00:00,<function <lambda> at 0x7fa4962879f0>,<function <lambda> at 0x7fa496287a90>,<function <lambda> at 0x7fa496287b30>
25422,2022-11-25 05:00:00,<function <lambda> at 0x7fa4962879f0>,<function <lambda> at 0x7fa496287a90>,<function <lambda> at 0x7fa496287b30>
25423,2022-11-25 06:00:00,<function <lambda> at 0x7fa4962879f0>,<function <lambda> at 0x7fa496287a90>,<function <lambda> at 0x7fa496287b30>
25424,2022-11-25 07:00:00,<function <lambda> at 0x7fa4962879f0>,<function <lambda> at 0x7fa496287a90>,<function <lambda> at 0x7fa496287b30>
25425,2022-11-25 08:00:00,<function <lambda> at 0x7fa4962879f0>,<function <lambda> at 0x7fa496287a90>,<function <lambda> at 0x7fa496287b30>
25426,2022-11-25 09:00:00,<function <lambda> at 0x7fa4962879f0>,<function <lambda> at 0x7fa496287a90>,<function <lambda> at 0x7fa496287b30>
25427,2022-11-25 10:00:00,<function <lambda> at 0x7fa4962879f0>,<function <lambda> at 0x7fa496287a90>,<function <lambda> at 0x7fa496287b30>
25428,2022-11-25 11:00:00,<function <lambda> at 0x7fa4962879f0>,<function <lambda> at 0x7fa496287a90>,<function <lambda> at 0x7fa496287b30>
25429,2022-11-25 12:00:00,<function <lambda> at 0x7fa4962879f0>,<function <lambda> at 0x7fa496287a90>,<function <lambda> at 0x7fa496287b30>
25430,2022-11-25 13:00:00,<function <lambda> at 0x7fa4962879f0>,<function <lambda> at 0x7fa496287a90>,<function <lambda> at 0x7fa496287b30>
25431,2022-11-25 14:00:00,<function <lambda> at 0x7fa4962879f0>,<function <lambda> at 0x7fa496287a90>,<function <lambda> at 0x7fa496287b30>
25432,2022-11-25 15:00:00,<function <lambda> at 0x7fa4962879f0>,<function <lambda> at 0x7fa496287a90>,<function <lambda> at 0x7fa496287b30>
25433,2022-11-25 16:00:00,<function <lambda> at 0x7fa4962879f0>,<function <lambda> at 0x7fa496287a90>,<function <lambda> at 0x7fa496287b30>
25434,2022-11-25 17:00:00,<function <lambda> at 0x7fa4962879f0>,<function <lambda> at 0x7fa496287a90>,<function <lambda> at 0x7fa496287b30>
25435,2022-11-25 18:00:00,<function <lambda> at 0x7fa4962879f0>,<function <lambda> at 0x7fa496287a90>,<function <lambda> at 0x7fa496287b30>
25436,2022-11-25 19:00:00,<function <lambda> at 0x7fa4962879f0>,<function <lambda> at 0x7fa496287a90>,<function <lambda> at 0x7fa496287b30>
25437,2022-11-25 20:00:00,<function <lambda> at 0x7fa4962879f0>,<function <lambda> at 0x7fa496287a90>,<function <lambda> at 0x7fa496287b30>
25438,2022-11-25 21:00:00,<function <lambda> at 0x7fa4962879f0>,<function <lambda> at 0x7fa496287a90>,<function <lambda> at 0x7fa496287b30>
25439,2022-11-25 22:00:00,<function <lambda> at 0x7fa4962879f0>,<function <lambda> at 0x7fa496287a90>,<function <lambda> at 0x7fa496287b30>
25440,2022-11-25 23:00:00,<function <lambda> at 0x7fa4962879f0>,<function <lambda> at 0x7fa496287a90>,<function <lambda> at 0x7fa496287b30>
25441,2022-11-26 00:00:00,<function <lambda> at 0x7fa4962879f0>,<function <lambda> at 0x7fa496287a90>,<function <lambda> at 0x7fa496287b30>
25442,2022-11-26 01:00:00,<function <lambda> at 0x7fa4962879f0>,<function <lambda> at 0x7fa496287a90>,<function <lambda> at 0x7fa496287b30>
25443,2022-11-26 02:00:00,<function <lambda> at 0x7fa4962879f0>,<function <lambda> at 0x7fa496287a90>,<function <lambda> at 0x7fa496287b30>
25444,2022-11-26 03:00:00,<function <lambda> at 0x7fa4962879f0>,<function <lambda> at 0x7fa496287a90>,<function <lambda> at 0x7fa496287b30>
25445,2022-11-26 04:00:00,<function <lambda> at 0x7fa4962879f0>,<function <lambda> at 0x7fa496287a90>,<function <lambda> at 0x7fa496287b30>
25446,2022-11-26 05:00:00,<function <lambda> at 0x7fa4962879f0>,<function <lambda> at 0x7fa496287a90>,<function <lambda> at 0x7fa496287b30>
25447,2022-11-26 06:00:00,<function <lambda> at 0x7fa4962879f0>,<function <lambda> at 0x7fa496287a90>,<function <lambda> at 0x7fa496287b30>
25448,2022-11-26 07:00:00,<function <lambda> at 0x7fa4962879f0>,<function <lambda> at 0x7fa496287a90>,<function <lambda> at 0x7fa496287b30>
25449,2022-11-26 08:00:00,<function <lambda> at 0x7fa4962879f0>,<function <lambda> at 0x7fa496287a90>,<function <lambda> at 0x7fa496287b30>
25450,2022-11-26 09:00:00,<function <lambda> at 0x7fa4962879f0>,<function <lambda> at 0x7fa496287a90>,<function <lambda> at 0x7fa496287b30>
25451,2022-11-26 10:00:00,<function <lambda> at 0x7fa4962879f0>,<function <lambda> at 0x7fa496287a90>,<function <lambda> at 0x7fa496287b30>
25452,2022-11-26 11:00:00,<function <lambda> at 0x7fa4962879f0>,<function <lambda> at 0x7fa496287a90>,<function <lambda> at 0x7fa496287b30>
25453,2022-11-26 12:00:00,<function <lambda> at 0x7fa4962879f0>,<function <lambda> at 0x7fa496287a90>,<function <lambda> at 0x7fa496287b30>
25454,2022-11-26 13:00:00,<function <lambda> at 0x7fa4962879f0>,<function <lambda> at 0x7fa496287a90>,<function <lambda> at 0x7fa496287b30>
25455,2022-11-26 14:00:00,<function <lambda> at 0x7fa4962879f0>,<function <lambda> at 0x7fa496287a90>,<function <lambda> at 0x7fa496287b30>
25456,2022-11-26 15:00:00,<function <lambda> at 0x7fa4962879f0>,<function <lambda> at 0x7fa496287a90>,<function <lambda> at 0x7fa496287b30>
25457,2022-11-26 16:00:00,<function <lambda> at 0x7fa4962879f0>,<function <lambda> at 0x7fa496287a90>,<function <lambda> at 0x7fa496287b30>
25458,2022-11-26 17:00:00,<function <lambda> at 0x7fa4962879f0>,<function <lambda> at 0x7fa496287a90>,<function <lambda> at 0x7fa496287b30>
25459,2022-11-26 18:00:00,<function <lambda> at 0x7fa4962879f0>,<function <lambda> at 0x7fa496287a90>,<function <lambda> at 0x7fa496287b30>
25460,2022-11-26 19:00:00,<function <lambda> at 0x7fa4962879f0>,<function <lambda> at 0x7fa496287a90>,<function <lambda> at 0x7fa496287b30>
25461,2022-11-26 20:00:00,<function <lambda> at 0x7fa4962879f0>,<function <lambda> at 0x7fa496287a90>,<function <lambda> at 0x7fa496287b30>
25462,2022-11-26 21:00:00,<function <lambda> at 0x7fa4962879f0>,<function <lambda> at 0x7fa496287a90>,<function <lambda> at 0x7fa496287b30>
25463,2022-11-26 22:00:00,<function <lambda> at 0x7fa4962879f0>,<function <lambda> at 0x7fa496287a90>,<function <lambda> at 0x7fa496287b30>
25464,2022-11-26 23:00:00,<function <lambda> at 0x7fa4962879f0>,<function <lambda> at 0x7fa496287a90>,<function <lambda> at 0x7fa496287b30>
25465,2022-11-27 00:00:00,<function <lambda> at 0x7fa4962879f0>,<function <lambda> at 0x7fa496287a90>,<function <lambda> at 0x7fa496287b30>
25466,2022-11-27 01:00:00,<function <lambda> at 0x7fa4962879f0>,<function <lambda> at 0x7fa496287a90>,<function <lambda> at 0x7fa496287b30>
25467,2022-11-27 02:00:00,<function <lambda> at 0x7fa4962879f0>,<function <lambda> at 0x7fa496287a90>,<function <lambda> at 0x7fa496287b30>
25468,2022-11-27 03:00:00,<function <lambda> at 0x7fa4962879f0>,<function <lambda> at 0x7fa496287a90>,<function <lambda> at 0x7fa496287b30>
25469,2022-11-27 04:00:00,<function <lambda> at 0x7fa4962879f0>,<function <lambda> at 0x7fa496287a90>,<function <lambda> at 0x7fa496287b30>
25470,2022-11-27 05:00:00,<function <lambda> at 0x7fa4962879f0>,<function <lambda> at 0x7fa496287a90>,<function <lambda> at 0x7fa496287b30>
25471,2022-11-27 06:00:00,<function <lambda> at 0x7fa4962879f0>,<function <lambda> at 0x7fa496287a90>,<function <lambda> at 0x7fa496287b30>
25472,2022-11-27 07:00:00,<function <lambda> at 0x7fa4962879f0>,<function <lambda> at 0x7fa496287a90>,<function <lambda> at 0x7fa496287b30>
25473,2022-11-27 08:00:00,<function <lambda> at 0x7fa4962879f0>,<function <lambda> at 0x7fa496287a90>,<function <lambda> at 0x7fa496287b30>
25474,2022-11-27 09:00:00,<function <lambda> at 0x7fa4962879f0>,<function <lambda> at 0x7fa496287a90>,<function <lambda> at 0x7fa496287b30>
25475,2022-11-27 10:00:00,<function <lambda> at 0x7fa4962879f0>,<function <lambda> at 0x7fa496287a90>,<function <lambda> at 0x7fa496287b30>
25476,2022-11-27 11:00:00,<function <lambda> at 0x7fa4962879f0>,<function <lambda> at 0x7fa496287a90>,<function <lambda> at 0x7fa496287b30>
25477,2022-11-27 12:00:00,<function <lambda> at 0x7fa4962879f0>,<function <lambda> at 0x7fa496287a90>,<function <lambda> at 0x7fa496287b30>
25478,2022-11-27 13:00:00,<function <lambda> at 0x7fa4962879f0>,<function <lambda> at 0x7fa496287a90>,<function <lambda> at 0x7fa496287b30>
25479,2022-11-27 14:00:00,<function <lambda> at 0x7fa4962879f0>,<function <lambda> at 0x7fa496287a90>,<function <lambda> at 0x7fa496287b30>
25480,2022-11-27 15:00:00,<function <lambda> at 0x7fa4962879f0>,<function <lambda> at 0x7fa496287a90>,<function <lambda> at 0x7fa496287b30>
25481,2022-11-27 16:00:00,<function <lambda> at 0x7fa4962879f0>,<function <lambda> at 0x7fa496287a90>,<function <lambda> at 0x7fa496287b30>
25482,2022-11-27 17:00:00,<function <lambda> at 0x7fa4962879f0>,<function <lambda> at 0x7fa496287a90>,<function <lambda> at 0x7fa496287b30>
25483,2022-11-27 18:00:00,<function <lambda> at 0x7fa4962879f0>,<function <lambda> at 0x7fa496287a90>,<function <lambda> at 0x7fa496287b30>
25484,2022-11-27 19:00:00,<function <lambda> at 0x7fa4962879f0>,<function <lambda> at 0x7fa496287a90>,<function <lambda> at 0x7fa496287b30>
25485,2022-11-27 20:00:00,<function <lambda> at 0x7fa4962879f0>,<function <lambda> at 0x7fa496287a90>,<function <lambda> at 0x7fa496287b30>
25486,2022-11-27 21:00:00,<function <lambda> at 0x7fa4962879f0>,<function <lambda> at 0x7fa496287a90>,<function <lambda> at 0x7fa496287b30>
25487,2022-11-27 22:00:00,<function <lambda> at 0x7fa4962879f0>,<function <lambda> at 0x7fa496287a90>,<function <lambda> at 0x7fa496287b30>
25488,2022-11-27 23:00:00,<function <lambda> at 0x7fa4962879f0>,<function <lambda> at 0x7fa496287a90>,<function <lambda> at 0x7fa496287b30>
25489,2022-11-28 00:00:00,<function <lambda> at 0x7fa4962879f0>,<function <lambda> at 0x7fa496287a90>,<function <lambda> at 0x7fa496287b30>
25490,2022-11-28 01:00:00,<function <lambda> at 0x7fa4962879f0>,<function <lambda> at 0x7fa496287a90>,<function <lambda> at 0x7fa496287b30>
25491,2022-11-28 02:00:00,<function <lambda> at 0x7fa4962879f0>,<function <lambda> at 0x7fa496287a90>,<function <lambda> at 0x7fa496287b30>
25492,2022-11-28 03:00:00,<function <lambda> at 0x7fa4962879f0>,<function <lambda> at 0x7fa496287a90>,<function <lambda> at 0x7fa496287b30>
25493,2022-11-28 04:00:00,<function <lambda> at 0x7fa4962879f0>,<function <lambda> at 0x7fa496287a90>,<function <lambda> at 0x7fa496287b30>
25494,2022-11-28 05:00:00,<function <lambda> at 0x7fa4962879f0>,<function <lambda> at 0x7fa496287a90>,<function <lambda> at 0x7fa496287b30>
25495,2022-11-28 06:00:00,<function <lambda> at 0x7fa4962879f0>,<function <lambda> at 0x7fa496287a90>,<function <lambda> at 0x7fa496287b30>
25496,2022-11-28 07:00:00,<function <lambda> at 0x7fa4962879f0>,<function <lambda> at 0x7fa496287a90>,<function <lambda> at 0x7fa496287b30>
25497,2022-11-28 08:00:00,<function <lambda> at 0x7fa4962879f0>,<function <lambda> at 0x7fa496287a90>,<function <lambda> at 0x7fa496287b30>
25498,2022-11-28 09:00:00,<function <lambda> at 0x7fa4962879f0>,<function <lambda> at 0x7fa496287a90>,<function <lambda> at 0x7fa496287b30>
25499,2022-11-28 10:00:00,<function <lambda> at 0x7fa4962879f0>,<function <lambda> at 0x7fa496287a90>,<function <lambda> at 0x7fa496287b30>
25500,2022-11-28 11:00:00,<function <lambda> at 0x7fa4962879f0>,<function <lambda> at 0x7fa496287a90>,<function <lambda> at 0x7fa496287b30>
25501,2022-11-28 12:00:00,<function <lambda> at 0x7fa4962879f0>,<function <lambda> at 0x7fa496287a90>,<function <lambda> at 0x7fa496287b30>
25502,2022-11-28 13:00:00,<function <lambda> at 0x7fa4962879f0>,<function <lambda> at 0x7fa496287a90>,<function <lambda> at 0x7fa496287b30>
25503,2022-11-28 14:00:00,<function <lambda> at 0x7fa4962879f0>,<function <lambda> at 0x7fa496287a90>,<function <lambda> at 0x7fa496287b30>
25504,2022-11-28 15:00:00,<function <lambda> at 0x7fa4962879f0>,<function <lambda> at 0x7fa496287a90>,<function <lambda> at 0x7fa496287b30>
25505,2022-11-28 16:00:00,<function <lambda> at 0x7fa4962879f0>,<function <lambda> at 0x7fa496287a90>,<function <lambda> at 0x7fa496287b30>
25506,2022-11-28 17:00:00,<function <lambda> at 0x7fa4962879f0>,<function <lambda> at 0x7fa496287a90>,<function <lambda> at 0x7fa496287b30>
25507,2022-11-28 18:00:00,<function <lambda> at 0x7fa4962879f0>,<function <lambda> at 0x7fa496287a90>,<function <lambda> at 0x7fa496287b30>
25508,2022-11-28 19:00:00,<function <lambda> at 0x7fa4962879f0>,<function <lambda> at 0x7fa496287a90>,<function <lambda> at 0x7fa496287b30>
25509,2022-11-28 20:00:00,<function <lambda> at 0x7fa4962879f0>,<function <lambda> at 0x7fa496287a90>,<function <lambda> at 0x7fa496287b30>
25510,2022-11-28 21:00:00,<function <lambda> at 0x7fa4962879f0>,<function <lambda> at 0x7fa496287a90>,<function <lambda> at 0x7fa496287b30>
25511,2022-11-28 22:00:00,<function <lambda> at 0x7fa4962879f0>,<function <lambda> at 0x7fa496287a90>,<function <lambda> at 0x7fa496287b30>
25512,2022-11-28 23:00:00,<function <lambda> at 0x7fa4962879f0>,<function <lambda> at 0x7fa496287a90>,<function <lambda> at 0x7fa496287b30>
25513,2022-11-29 00:00:00,<function <lambda> at 0x7fa4962879f0>,<function <lambda> at 0x7fa496287a90>,<function <lambda> at 0x7fa496287b30>
25514,2022-11-29 01:00:00,<function <lambda> at 0x7fa4962879f0>,<function <lambda> at 0x7fa496287a90>,<function <lambda> at 0x7fa496287b30>
25515,2022-11-29 02:00:00,<function <lambda> at 0x7fa4962879f0>,<function <lambda> at 0x7fa496287a90>,<function <lambda> at 0x7fa496287b30>
25516,2022-11-29 03:00:00,<function <lambda> at 0x7fa4962879f0>,<function <lambda> at 0x7fa496287a90>,<function <lambda> at 0x7fa496287b30>
25517,2022-11-29 04:00:00,<function <lambda> at 0x7fa4962879f0>,<function <lambda> at 0x7fa496287a90>,<function <lambda> at 0x7fa496287b30>
25518,2022-11-29 05:00:00,<function <lambda> at 0x7fa4962879f0>,<function <lambda> at 0x7fa496287a90>,<function <lambda> at 0x7fa496287b30>
25519,2022-11-29 06:00:00,<function <lambda> at 0x7fa4962879f0>,<function <lambda> at 0x7fa496287a90>,<function <lambda> at 0x7fa496287b30>
25520,2022-11-29 07:00:00,<function <lambda> at 0x7fa4962879f0>,<function <lambda> at 0x7fa496287a90>,<function <lambda> at 0x7fa496287b30>
25521,2022-11-29 08:00:00,<function <lambda> at 0x7fa4962879f0>,<function <lambda> at 0x7fa496287a90>,<function <lambda> at 0x7fa496287b30>
25522,2022-11-29 09:00:00,<function <lambda> at 0x7fa4962879f0>,<function <lambda> at 0x7fa496287a90>,<function <lambda> at 0x7fa496287b30>
25523,2022-11-29 10:00:00,<function <lambda> at 0x7fa4962879f0>,<function <lambda> at 0x7fa496287a90>,<function <lambda> at 0x7fa496287b30>
25524,2022-11-29 11:00:00,<function <lambda> at 0x7fa4962879f0>,<function <lambda> at 0x7fa496287a90>,<function <lambda> at 0x7fa496287b30>
25525,2022-11-29 12:00:00,<function <lambda> at 0x7fa4962879f0>,<function <lambda> at 0x7fa496287a90>,<function <lambda> at 0x7fa496287b30>
25526,2022-11-29 13:00:00,<function <lambda> at 0x7fa4962879f0>,<function <lambda> at 0x7fa496287a90>,<function <lambda> at 0x7fa496287b30>
25527,2022-11-29 14:00:00,<function <lambda> at 0x7fa4962879f0>,<function <lambda> at 0x7fa496287a90>,<function <lambda> at 0x7fa496287b30>
25528,2022-11-29 15:00:00,<function <lambda> at 0x7fa4962879f0>,<function <lambda> at 0x7fa496287a90>,<function <lambda> at 0x7fa496287b30>
25529,2022-11-29 16:00:00,<function <lambda> at 0x7fa4962879f0>,<function <lambda> at 0x7fa496287a90>,<function <lambda> at 0x7fa496287b30>
25530,2022-11-29 17:00:00,<function <lambda> at 0x7fa4962879f0>,<function <lambda> at 0x7fa496287a90>,<function <lambda> at 0x7fa496287b30>
25531,2022-11-29 18:00:00,<function <lambda> at 0x7fa4962879f0>,<function <lambda> at 0x7fa496287a90>,<function <lambda> at 0x7fa496287b30>
25532,2022-11-29 19:00:00,<function <lambda> at 0x7fa4962879f0>,<function <lambda> at 0x7fa496287a90>,<function <lambda> at 0x7fa496287b30>
25533,2022-11-29 20:00:00,<function <lambda> at 0x7fa4962879f0>,<function <lambda> at 0x7fa496287a90>,<function <lambda> at 0x7fa496287b30>
25534,2022-11-29 21:00:00,<function <lambda> at 0x7fa4962879f0>,<function <lambda> at 0x7fa496287a90>,<function <lambda> at 0x7fa496287b30>
25535,2022-11-29 22:00:00,<function <lambda> at 0x7fa4962879f0>,<function <lambda> at 0x7fa496287a90>,<function <lambda> at 0x7fa496287b30>
25536,2022-11-29 23:00:00,<function <lambda> at 0x7fa4962879f0>,<function <lambda> at 0x7fa496287a90>,<function <lambda> at 0x7fa496287b30>
25537,2022-11-30 00:00:00,<function <lambda> at 0x7fa4962879f0>,<function <lambda> at 0x7fa496287a90>,<function <lambda> at 0x7fa496287b30>
25538,2022-11-30 01:00:00,<function <lambda> at 0x7fa4962879f0>,<function <lambda> at 0x7fa496287a90>,<function <lambda> at 0x7fa496287b30>
25539,2022-11-30 02:00:00,<function <lambda> at 0x7fa4962879f0>,<function <lambda> at 0x7fa496287a90>,<function <lambda> at 0x7fa496287b30>
25540,2022-11-30 03:00:00,<function <lambda> at 0x7fa4962879f0>,<function <lambda> at 0x7fa496287a90>,<function <lambda> at 0x7fa496287b30>
25541,2022-11-30 04:00:00,<function <lambda> at 0x7fa4962879f0>,<function <lambda> at 0x7fa496287a90>,<function <lambda> at 0x7fa496287b30>
25542,2022-11-30 05:00:00,<function <lambda> at 0x7fa4962879f0>,<function <lambda> at 0x7fa496287a90>,<function <lambda> at 0x7fa496287b30>
25543,2022-11-30 06:00:00,<function <lambda> at 0x7fa4962879f0>,<function <lambda> at 0x7fa496287a90>,<function <lambda> at 0x7fa496287b30>
25544,2022-11-30 07:00:00,<function <lambda> at 0x7fa4962879f0>,<function <lambda> at 0x7fa496287a90>,<function <lambda> at 0x7fa496287b30>
25545,2022-11-30 08:00:00,<function <lambda> at 0x7fa4962879f0>,<function <lambda> at 0x7fa496287a90>,<function <lambda> at 0x7fa496287b30>
25546,2022-11-30 09:00:00,<function <lambda> at 0x7fa4962879f0>,<function <lambda> at 0x7fa496287a90>,<function <lambda> at 0x7fa496287b30>
25547,2022-11-30 10:00:00,<function <lambda> at 0x7fa4962879f0>,<function <lambda> at 0x7fa496287a90>,<function <lambda> at 0x7fa496287b30>
25548,2022-11-30 11:00:00,<function <lambda> at 0x7fa4962879f0>,<function <lambda> at 0x7fa496287a90>,<function <lambda> at 0x7fa496287b30>
25549,2022-11-30 12:00:00,<function <lambda> at 0x7fa4962879f0>,<function <lambda> at 0x7fa496287a90>,<function <lambda> at 0x7fa496287b30>
25550,2022-11-30 13:00:00,<function <lambda> at 0x7fa4962879f0>,<function <lambda> at 0x7fa496287a90>,<function <lambda> at 0x7fa496287b30>
25551,2022-11-30 14:00:00,<function <lambda> at 0x7fa4962879f0>,<function <lambda> at 0x7fa496287a90>,<function <lambda> at 0x7fa496287b30>
25552,2022-11-30 15:00:00,<function <lambda> at 0x7fa4962879f0>,<function <lambda> at 0x7fa496287a90>,<function <lambda> at 0x7fa496287b30>
25553,2022-11-30 16:00:00,<function <lambda> at 0x7fa4962879f0>,<function <lambda> at 0x7fa496287a90>,<function <lambda> at 0x7fa496287b30>
25554,2022-11-30 17:00:00,<function <lambda> at 0x7fa4962879f0>,<function <lambda> at 0x7fa496287a90>,<function <lambda> at 0x7fa496287b30>
25555,2022-11-30 18:00:00,<function <lambda> at 0x7fa4962879f0>,<function <lambda> at 0x7fa496287a90>,<function <lambda> at 0x7fa496287b30>
25556,2022-11-30 19:00:00,<function <lambda> at 0x7fa4962879f0>,<function <lambda> at 0x7fa496287a90>,<function <lambda> at 0x7fa496287b30>
25557,2022-11-30 20:00:00,<function <lambda> at 0x7fa4962879f0>,<function <lambda> at 0x7fa496287a90>,<function <lambda> at 0x7fa496287b30>
25558,2022-11-30 21:00:00,<function <lambda> at 0x7fa4962879f0>,<function <lambda> at 0x7fa496287a90>,<function <lambda> at 0x7fa496287b30>
25559,2022-11-30 22:00:00,<function <lambda> at 0x7fa4962879f0>,<function <lambda> at 0x7fa496287a90>,<function <lambda> at 0x7fa496287b30>
25560,2022-11-30 23:00:00,<function <lambda> at 0x7fa4962879f0>,<function <lambda> at 0x7fa496287a90>,<function <lambda> at 0x7fa496287b30>
25561,2022-12-01 00:00:00,<function <lambda> at 0x7fa4962879f0>,<function <lambda> at 0x7fa496287a90>,<function <lambda> at 0x7fa496287b30>
25562,2022-12-01 01:00:00,<function <lambda> at 0x7fa4962879f0>,<function <lambda> at 0x7fa496287a90>,<function <lambda> at 0x7fa496287b30>
25563,2022-12-01 02:00:00,<function <lambda> at 0x7fa4962879f0>,<function <lambda> at 0x7fa496287a90>,<function <lambda> at 0x7fa496287b30>
25564,2022-12-01 03:00:00,<function <lambda> at 0x7fa4962879f0>,<function <lambda> at 0x7fa496287a90>,<function <lambda> at 0x7fa496287b30>
25565,2022-12-01 04:00:00,<function <lambda> at 0x7fa4962879f0>,<function <lambda> at 0x7fa496287a90>,<function <lambda> at 0x7fa496287b30>
25566,2022-12-01 05:00:00,<function <lambda> at 0x7fa4962879f0>,<function <lambda> at 0x7fa496287a90>,<function <lambda> at 0x7fa496287b30>
25567,2022-12-01 06:00:00,<function <lambda> at 0x7fa4962879f0>,<function <lambda> at 0x7fa496287a90>,<function <lambda> at 0x7fa496287b30>
25568,2022-12-01 07:00:00,<function <lambda> at 0x7fa4962879f0>,<function <lambda> at 0x7fa496287a90>,<function <lambda> at 0x7fa496287b30>
25569,2022-12-01 08:00:00,<function <lambda> at 0x7fa4962879f0>,<function <lambda> at 0x7fa496287a90>,<function <lambda> at 0x7fa496287b30>
25570,2022-12-01 09:00:00,<function <lambda> at 0x7fa4962879f0>,<function <lambda> at 0x7fa496287a90>,<function <lambda> at 0x7fa496287b30>
25571,2022-12-01 10:00:00,<function <lambda> at 0x7fa4962879f0>,<function <lambda> at 0x7fa496287a90>,<function <lambda> at 0x7fa496287b30>
25572,2022-12-01 11:00:00,<function <lambda> at 0x7fa4962879f0>,<function <lambda> at 0x7fa496287a90>,<function <lambda> at 0x7fa496287b30>
25573,2022-12-01 12:00:00,<function <lambda> at 0x7fa4962879f0>,<function <lambda> at 0x7fa496287a90>,<function <lambda> at 0x7fa496287b30>
25574,2022-12-01 13:00:00,<function <lambda> at 0x7fa4962879f0>,<function <lambda> at 0x7fa496287a90>,<function <lambda> at 0x7fa496287b30>
25575,2022-12-01 14:00:00,<function <lambda> at 0x7fa4962879f0>,<function <lambda> at 0x7fa496287a90>,<function <lambda> at 0x7fa496287b30>
25576,2022-12-01 15:00:00,<function <lambda> at 0x7fa4962879f0>,<function <lambda> at 0x7fa496287a90>,<function <lambda> at 0x7fa496287b30>
25577,2022-12-01 16:00:00,<function <lambda> at 0x7fa4962879f0>,<function <lambda> at 0x7fa496287a90>,<function <lambda> at 0x7fa496287b30>
25578,2022-12-01 17:00:00,<function <lambda> at 0x7fa4962879f0>,<function <lambda> at 0x7fa496287a90>,<function <lambda> at 0x7fa496287b30>
25579,2022-12-01 18:00:00,<function <lambda> at 0x7fa4962879f0>,<function <lambda> at 0x7fa496287a90>,<function <lambda> at 0x7fa496287b30>
25580,2022-12-01 19:00:00,<function <lambda> at 0x7fa4962879f0>,<function <lambda> at 0x7fa496287a90>,<function <lambda> at 0x7fa496287b30>
25581,2022-12-01 20:00:00,<function <lambda> at 0x7fa4962879f0>,<function <lambda> at 0x7fa496287a90>,<function <lambda> at 0x7fa496287b30>
25582,2022-12-01 21:00:00,<function <lambda> at 0x7fa4962879f0>,<function <lambda> at 0x7fa496287a90>,<function <lambda> at 0x7fa496287b30>
25583,2022-12-01 22:00:00,<function <lambda> at 0x7fa4962879f0>,<function <lambda> at 0x7fa496287a90>,<function <lambda> at 0x7fa496287b30>
25584,2022-12-01 23:00:00,<function <lambda> at 0x7fa4962879f0>,<function <lambda> at 0x7fa496287a90>,<function <lambda> at 0x7fa496287b30>
25585,2022-12-02 00:00:00,<function <lambda> at 0x7fa4962879f0>,<function <lambda> at 0x7fa496287a90>,<function <lambda> at 0x7fa496287b30>
25586,2022-12-02 01:00:00,<function <lambda> at 0x7fa4962879f0>,<function <lambda> at 0x7fa496287a90>,<function <lambda> at 0x7fa496287b30>
25587,2022-12-02 02:00:00,<function <lambda> at 0x7fa4962879f0>,<function <lambda> at 0x7fa496287a90>,<function <lambda> at 0x7fa496287b30>
25588,2022-12-02 03:00:00,<function <lambda> at 0x7fa4962879f0>,<function <lambda> at 0x7fa496287a90>,<function <lambda> at 0x7fa496287b30>
25589,2022-12-02 04:00:00,<function <lambda> at 0x7fa4962879f0>,<function <lambda> at 0x7fa496287a90>,<function <lambda> at 0x7fa496287b30>
25590,2022-12-02 05:00:00,<function <lambda> at 0x7fa4962879f0>,<function <lambda> at 0x7fa496287a90>,<function <lambda> at 0x7fa496287b30>
25591,2022-12-02 06:00:00,<function <lambda> at 0x7fa4962879f0>,<function <lambda> at 0x7fa496287a90>,<function <lambda> at 0x7fa496287b30>
25592,2022-12-02 07:00:00,<function <lambda> at 0x7fa4962879f0>,<function <lambda> at 0x7fa496287a90>,<function <lambda> at 0x7fa496287b30>
25593,2022-12-02 08:00:00,<function <lambda> at 0x7fa4962879f0>,<function <lambda> at 0x7fa496287a90>,<function <lambda> at 0x7fa496287b30>
25594,2022-12-02 09:00:00,<function <lambda> at 0x7fa4962879f0>,<function <lambda> at 0x7fa496287a90>,<function <lambda> at 0x7fa496287b30>
25595,2022-12-02 10:00:00,<function <lambda> at 0x7fa4962879f0>,<function <lambda> at 0x7fa496287a90>,<function <lambda> at 0x7fa496287b30>
25596,2022-12-02 11:00:00,<function <lambda> at 0x7fa4962879f0>,<function <lambda> at 0x7fa496287a90>,<function <lambda> at 0x7fa496287b30>
25597,2022-12-02 12:00:00,<function <lambda> at 0x7fa4962879f0>,<function <lambda> at 0x7fa496287a90>,<function <lambda> at 0x7fa496287b30>
25598,2022-12-02 13:00:00,<function <lambda> at 0x7fa4962879f0>,<function <lambda> at 0x7fa496287a90>,<function <lambda> at 0x7fa496287b30>
25599,2022-12-02 14:00:00,<function <lambda> at 0x7fa4962879f0>,<function <lambda> at 0x7fa496287a90>,<function <lambda> at 0x7fa496287b30>
25600,2022-12-02 15:00:00,<function <lambda> at 0x7fa4962879f0>,<function <lambda> at 0x7fa496287a90>,<function <lambda> at 0x7fa496287b30>
25601,2022-12-02 16:00:00,<function <lambda> at 0x7fa4962879f0>,<function <lambda> at 0x7fa496287a90>,<function <lambda> at 0x7fa496287b30>
25602,2022-12-02 17:00:00,<function <lambda> at 0x7fa4962879f0>,<function <lambda> at 0x7fa496287a90>,<function <lambda> at 0x7fa496287b30>
25603,2022-12-02 18:00:00,<function <lambda> at 0x7fa4962879f0>,<function <lambda> at 0x7fa496287a90>,<function <lambda> at 0x7fa496287b30>
25604,2022-12-02 19:00:00,<function <lambda> at 0x7fa4962879f0>,<function <lambda> at 0x7fa496287a90>,<function <lambda> at 0x7fa496287b30>
25605,2022-12-02 20:00:00,<function <lambda> at 0x7fa4962879f0>,<function <lambda> at 0x7fa496287a90>,<function <lambda> at 0x7fa496287b30>
25606,2022-12-02 21:00:00,<function <lambda> at 0x7fa4962879f0>,<function <lambda> at 0x7fa496287a90>,<function <lambda> at 0x7fa496287b30>
25607,2022-12-02 22:00:00,<function <lambda> at 0x7fa4962879f0>,<function <lambda> at 0x7fa496287a90>,<function <lambda> at 0x7fa496287b30>
25608,2022-12-02 23:00:00,<function <lambda> at 0x7fa4962879f0>,<function <lambda> at 0x7fa496287a90>,<function <lambda> at 0x7fa496287b30>
25609,2022-12-03 00:00:00,<function <lambda> at 0x7fa4962879f0>,<function <lambda> at 0x7fa496287a90>,<function <lambda> at 0x7fa496287b30>
25610,2022-12-03 01:00:00,<function <lambda> at 0x7fa4962879f0>,<function <lambda> at 0x7fa496287a90>,<function <lambda> at 0x7fa496287b30>
25611,2022-12-03 02:00:00,<function <lambda> at 0x7fa4962879f0>,<function <lambda> at 0x7fa496287a90>,<function <lambda> at 0x7fa496287b30>
25612,2022-12-03 03:00:00,<function <lambda> at 0x7fa4962879f0>,<function <lambda> at 0x7fa496287a90>,<function <lambda> at 0x7fa496287b30>
25613,2022-12-03 04:00:00,<function <lambda> at 0x7fa4962879f0>,<function <lambda> at 0x7fa496287a90>,<function <lambda> at 0x7fa496287b30>
25614,2022-12-03 05:00:00,<function <lambda> at 0x7fa4962879f0>,<function <lambda> at 0x7fa496287a90>,<function <lambda> at 0x7fa496287b30>
25615,2022-12-03 06:00:00,<function <lambda> at 0x7fa4962879f0>,<function <lambda> at 0x7fa496287a90>,<function <lambda> at 0x7fa496287b30>
25616,2022-12-03 07:00:00,<function <lambda> at 0x7fa4962879f0>,<function <lambda> at 0x7fa496287a90>,<function <lambda> at 0x7fa496287b30>
25617,2022-12-03 08:00:00,<function <lambda> at 0x7fa4962879f0>,<function <lambda> at 0x7fa496287a90>,<function <lambda> at 0x7fa496287b30>
25618,2022-12-03 09:00:00,<function <lambda> at 0x7fa4962879f0>,<function <lambda> at 0x7fa496287a90>,<function <lambda> at 0x7fa496287b30>
25619,2022-12-03 10:00:00,<function <lambda> at 0x7fa4962879f0>,<function <lambda> at 0x7fa496287a90>,<function <lambda> at 0x7fa496287b30>
25620,2022-12-03 11:00:00,<function <lambda> at 0x7fa4962879f0>,<function <lambda> at 0x7fa496287a90>,<function <lambda> at 0x7fa496287b30>
25621,2022-12-03 12:00:00,<function <lambda> at 0x7fa4962879f0>,<function <lambda> at 0x7fa496287a90>,<function <lambda> at 0x7fa496287b30>
25622,2022-12-03 13:00:00,<function <lambda> at 0x7fa4962879f0>,<function <lambda> at 0x7fa496287a90>,<function <lambda> at 0x7fa496287b30>
25623,2022-12-03 14:00:00,<function <lambda> at 0x7fa4962879f0>,<function <lambda> at 0x7fa496287a90>,<function <lambda> at 0x7fa496287b30>
25624,2022-12-03 15:00:00,<function <lambda> at 0x7fa4962879f0>,<function <lambda> at 0x7fa496287a90>,<function <lambda> at 0x7fa496287b30>
25625,2022-12-03 16:00:00,<function <lambda> at 0x7fa4962879f0>,<function <lambda> at 0x7fa496287a90>,<function <lambda> at 0x7fa496287b30>
25626,2022-12-03 17:00:00,<function <lambda> at 0x7fa4962879f0>,<function <lambda> at 0x7fa496287a90>,<function <lambda> at 0x7fa496287b30>
25627,2022-12-03 18:00:00,<function <lambda> at 0x7fa4962879f0>,<function <lambda> at 0x7fa496287a90>,<function <lambda> at 0x7fa496287b30>
25628,2022-12-03 19:00:00,<function <lambda> at 0x7fa4962879f0>,<function <lambda> at 0x7fa496287a90>,<function <lambda> at 0x7fa496287b30>
25629,2022-12-03 20:00:00,<function <lambda> at 0x7fa4962879f0>,<function <lambda> at 0x7fa496287a90>,<function <lambda> at 0x7fa496287b30>
25630,2022-12-03 21:00:00,<function <lambda> at 0x7fa4962879f0>,<function <lambda> at 0x7fa496287a90>,<function <lambda> at 0x7fa496287b30>
25631,2022-12-03 22:00:00,<function <lambda> at 0x7fa4962879f0>,<function <lambda> at 0x7fa496287a90>,<function <lambda> at 0x7fa496287b30>
25632,2022-12-03 23:00:00,<function <lambda> at 0x7fa4962879f0>,<function <lambda> at 0x7fa496287a90>,<function <lambda> at 0x7fa496287b30>
25633,2022-12-04 00:00:00,<function <lambda> at 0x7fa4962879f0>,<function <lambda> at 0x7fa496287a90>,<function <lambda> at 0x7fa496287b30>
25634,2022-12-04 01:00:00,<function <lambda> at 0x7fa4962879f0>,<function <lambda> at 0x7fa496287a90>,<function <lambda> at 0x7fa496287b30>
25635,2022-12-04 02:00:00,<function <lambda> at 0x7fa4962879f0>,<function <lambda> at 0x7fa496287a90>,<function <lambda> at 0x7fa496287b30>
25636,2022-12-04 03:00:00,<function <lambda> at 0x7fa4962879f0>,<function <lambda> at 0x7fa496287a90>,<function <lambda> at 0x7fa496287b30>
25637,2022-12-04 04:00:00,<function <lambda> at 0x7fa4962879f0>,<function <lambda> at 0x7fa496287a90>,<function <lambda> at 0x7fa496287b30>
25638,2022-12-04 05:00:00,<function <lambda> at 0x7fa4962879f0>,<function <lambda> at 0x7fa496287a90>,<function <lambda> at 0x7fa496287b30>
25639,2022-12-04 06:00:00,<function <lambda> at 0x7fa4962879f0>,<function <lambda> at 0x7fa496287a90>,<function <lambda> at 0x7fa496287b30>
25640,2022-12-04 07:00:00,<function <lambda> at 0x7fa4962879f0>,<function <lambda> at 0x7fa496287a90>,<function <lambda> at 0x7fa496287b30>
25641,2022-12-04 08:00:00,<function <lambda> at 0x7fa4962879f0>,<function <lambda> at 0x7fa496287a90>,<function <lambda> at 0x7fa496287b30>
25642,2022-12-04 09:00:00,<function <lambda> at 0x7fa4962879f0>,<function <lambda> at 0x7fa496287a90>,<function <lambda> at 0x7fa496287b30>
25643,2022-12-04 10:00:00,<function <lambda> at 0x7fa4962879f0>,<function <lambda> at 0x7fa496287a90>,<function <lambda> at 0x7fa496287b30>
25644,2022-12-04 11:00:00,<function <lambda> at 0x7fa4962879f0>,<function <lambda> at 0x7fa496287a90>,<function <lambda> at 0x7fa496287b30>
25645,2022-12-04 12:00:00,<function <lambda> at 0x7fa4962879f0>,<function <lambda> at 0x7fa496287a90>,<function <lambda> at 0x7fa496287b30>
25646,2022-12-04 13:00:00,<function <lambda> at 0x7fa4962879f0>,<function <lambda> at 0x7fa496287a90>,<function <lambda> at 0x7fa496287b30>
25647,2022-12-04 14:00:00,<function <lambda> at 0x7fa4962879f0>,<function <lambda> at 0x7fa496287a90>,<function <lambda> at 0x7fa496287b30>
25648,2022-12-04 15:00:00,<function <lambda> at 0x7fa4962879f0>,<function <lambda> at 0x7fa496287a90>,<function <lambda> at 0x7fa496287b30>
25649,2022-12-04 16:00:00,<function <lambda> at 0x7fa4962879f0>,<function <lambda> at 0x7fa496287a90>,<function <lambda> at 0x7fa496287b30>
25650,2022-12-04 17:00:00,<function <lambda> at 0x7fa4962879f0>,<function <lambda> at 0x7fa496287a90>,<function <lambda> at 0x7fa496287b30>
25651,2022-12-04 18:00:00,<function <lambda> at 0x7fa4962879f0>,<function <lambda> at 0x7fa496287a90>,<function <lambda> at 0x7fa496287b30>
25652,2022-12-04 19:00:00,<function <lambda> at 0x7fa4962879f0>,<function <lambda> at 0x7fa496287a90>,<function <lambda> at 0x7fa496287b30>
25653,2022-12-04 20:00:00,<function <lambda> at 0x7fa4962879f0>,<function <lambda> at 0x7fa496287a90>,<function <lambda> at 0x7fa496287b30>
25654,2022-12-04 21:00:00,<function <lambda> at 0x7fa4962879f0>,<function <lambda> at 0x7fa496287a90>,<function <lambda> at 0x7fa496287b30>
25655,2022-12-04 22:00:00,<function <lambda> at 0x7fa4962879f0>,<function <lambda> at 0x7fa496287a90>,<function <lambda> at 0x7fa496287b30>
25656,2022-12-04 23:00:00,<function <lambda> at 0x7fa4962879f0>,<function <lambda> at 0x7fa496287a90>,<function <lambda> at 0x7fa496287b30>
25657,2022-12-05 00:00:00,<function <lambda> at 0x7fa4962879f0>,<function <lambda> at 0x7fa496287a90>,<function <lambda> at 0x7fa496287b30>
25658,2022-12-05 01:00:00,<function <lambda> at 0x7fa4962879f0>,<function <lambda> at 0x7fa496287a90>,<function <lambda> at 0x7fa496287b30>
25659,2022-12-05 02:00:00,<function <lambda> at 0x7fa4962879f0>,<function <lambda> at 0x7fa496287a90>,<function <lambda> at 0x7fa496287b30>
25660,2022-12-05 03:00:00,<function <lambda> at 0x7fa4962879f0>,<function <lambda> at 0x7fa496287a90>,<function <lambda> at 0x7fa496287b30>
25661,2022-12-05 04:00:00,<function <lambda> at 0x7fa4962879f0>,<function <lambda> at 0x7fa496287a90>,<function <lambda> at 0x7fa496287b30>
25662,2022-12-05 05:00:00,<function <lambda> at 0x7fa4962879f0>,<function <lambda> at 0x7fa496287a90>,<function <lambda> at 0x7fa496287b30>
25663,2022-12-05 06:00:00,<function <lambda> at 0x7fa4962879f0>,<function <lambda> at 0x7fa496287a90>,<function <lambda> at 0x7fa496287b30>
25664,2022-12-05 07:00:00,<function <lambda> at 0x7fa4962879f0>,<function <lambda> at 0x7fa496287a90>,<function <lambda> at 0x7fa496287b30>
25665,2022-12-05 08:00:00,<function <lambda> at 0x7fa4962879f0>,<function <lambda> at 0x7fa496287a90>,<function <lambda> at 0x7fa496287b30>
25666,2022-12-05 09:00:00,<function <lambda> at 0x7fa4962879f0>,<function <lambda> at 0x7fa496287a90>,<function <lambda> at 0x7fa496287b30>
25667,2022-12-05 10:00:00,<function <lambda> at 0x7fa4962879f0>,<function <lambda> at 0x7fa496287a90>,<function <lambda> at 0x7fa496287b30>
25668,2022-12-05 11:00:00,<function <lambda> at 0x7fa4962879f0>,<function <lambda> at 0x7fa496287a90>,<function <lambda> at 0x7fa496287b30>
25669,2022-12-05 12:00:00,<function <lambda> at 0x7fa4962879f0>,<function <lambda> at 0x7fa496287a90>,<function <lambda> at 0x7fa496287b30>
25670,2022-12-05 13:00:00,<function <lambda> at 0x7fa4962879f0>,<function <lambda> at 0x7fa496287a90>,<function <lambda> at 0x7fa496287b30>
25671,2022-12-05 14:00:00,<function <lambda> at 0x7fa4962879f0>,<function <lambda> at 0x7fa496287a90>,<function <lambda> at 0x7fa496287b30>
25672,2022-12-05 15:00:00,<function <lambda> at 0x7fa4962879f0>,<function <lambda> at 0x7fa496287a90>,<function <lambda> at 0x7fa496287b30>
25673,2022-12-05 16:00:00,<function <lambda> at 0x7fa4962879f0>,<function <lambda> at 0x7fa496287a90>,<function <lambda> at 0x7fa496287b30>
25674,2022-12-05 17:00:00,<function <lambda> at 0x7fa4962879f0>,<function <lambda> at 0x7fa496287a90>,<function <lambda> at 0x7fa496287b30>
25675,2022-12-05 18:00:00,<function <lambda> at 0x7fa4962879f0>,<function <lambda> at 0x7fa496287a90>,<function <lambda> at 0x7fa496287b30>
25676,2022-12-05 19:00:00,<function <lambda> at 0x7fa4962879f0>,<function <lambda> at 0x7fa496287a90>,<function <lambda> at 0x7fa496287b30>
25677,2022-12-05 20:00:00,<function <lambda> at 0x7fa4962879f0>,<function <lambda> at 0x7fa496287a90>,<function <lambda> at 0x7fa496287b30>
25678,2022-12-05 21:00:00,<function <lambda> at 0x7fa4962879f0>,<function <lambda> at 0x7fa496287a90>,<function <lambda> at 0x7fa496287b30>
25679,2022-12-05 22:00:00,<function <lambda> at 0x7fa4962879f0>,<function <lambda> at 0x7fa496287a90>,<function <lambda> at 0x7fa496287b30>
25680,2022-12-05 23:00:00,<function <lambda> at 0x7fa4962879f0>,<function <lambda> at 0x7fa496287a90>,<function <lambda> at 0x7fa496287b30>
25681,2022-12-06 00:00:00,<function <lambda> at 0x7fa4962879f0>,<function <lambda> at 0x7fa496287a90>,<function <lambda> at 0x7fa496287b30>
25682,2022-12-06 01:00:00,<function <lambda> at 0x7fa4962879f0>,<function <lambda> at 0x7fa496287a90>,<function <lambda> at 0x7fa496287b30>
25683,2022-12-06 02:00:00,<function <lambda> at 0x7fa4962879f0>,<function <lambda> at 0x7fa496287a90>,<function <lambda> at 0x7fa496287b30>
25684,2022-12-06 03:00:00,<function <lambda> at 0x7fa4962879f0>,<function <lambda> at 0x7fa496287a90>,<function <lambda> at 0x7fa496287b30>
25685,2022-12-06 04:00:00,<function <lambda> at 0x7fa4962879f0>,<function <lambda> at 0x7fa496287a90>,<function <lambda> at 0x7fa496287b30>
25686,2022-12-06 05:00:00,<function <lambda> at 0x7fa4962879f0>,<function <lambda> at 0x7fa496287a90>,<function <lambda> at 0x7fa496287b30>
25687,2022-12-06 06:00:00,<function <lambda> at 0x7fa4962879f0>,<function <lambda> at 0x7fa496287a90>,<function <lambda> at 0x7fa496287b30>
25688,2022-12-06 07:00:00,<function <lambda> at 0x7fa4962879f0>,<function <lambda> at 0x7fa496287a90>,<function <lambda> at 0x7fa496287b30>
25689,2022-12-06 08:00:00,<function <lambda> at 0x7fa4962879f0>,<function <lambda> at 0x7fa496287a90>,<function <lambda> at 0x7fa496287b30>
25690,2022-12-06 09:00:00,<function <lambda> at 0x7fa4962879f0>,<function <lambda> at 0x7fa496287a90>,<function <lambda> at 0x7fa496287b30>
25691,2022-12-06 10:00:00,<function <lambda> at 0x7fa4962879f0>,<function <lambda> at 0x7fa496287a90>,<function <lambda> at 0x7fa496287b30>
25692,2022-12-06 11:00:00,<function <lambda> at 0x7fa4962879f0>,<function <lambda> at 0x7fa496287a90>,<function <lambda> at 0x7fa496287b30>
25693,2022-12-06 12:00:00,<function <lambda> at 0x7fa4962879f0>,<function <lambda> at 0x7fa496287a90>,<function <lambda> at 0x7fa496287b30>
25694,2022-12-06 13:00:00,<function <lambda> at 0x7fa4962879f0>,<function <lambda> at 0x7fa496287a90>,<function <lambda> at 0x7fa496287b30>
25695,2022-12-06 14:00:00,<function <lambda> at 0x7fa4962879f0>,<function <lambda> at 0x7fa496287a90>,<function <lambda> at 0x7fa496287b30>
25696,2022-12-06 15:00:00,<function <lambda> at 0x7fa4962879f0>,<function <lambda> at 0x7fa496287a90>,<function <lambda> at 0x7fa496287b30>
25697,2022-12-06 16:00:00,<function <lambda> at 0x7fa4962879f0>,<function <lambda> at 0x7fa496287a90>,<function <lambda> at 0x7fa496287b30>
25698,2022-12-06 17:00:00,<function <lambda> at 0x7fa4962879f0>,<function <lambda> at 0x7fa496287a90>,<function <lambda> at 0x7fa496287b30>
25699,2022-12-06 18:00:00,<function <lambda> at 0x7fa4962879f0>,<function <lambda> at 0x7fa496287a90>,<function <lambda> at 0x7fa496287b30>
25700,2022-12-06 19:00:00,<function <lambda> at 0x7fa4962879f0>,<function <lambda> at 0x7fa496287a90>,<function <lambda> at 0x7fa496287b30>
25701,2022-12-06 20:00:00,<function <lambda> at 0x7fa4962879f0>,<function <lambda> at 0x7fa496287a90>,<function <lambda> at 0x7fa496287b30>
25702,2022-12-06 21:00:00,<function <lambda> at 0x7fa4962879f0>,<function <lambda> at 0x7fa496287a90>,<function <lambda> at 0x7fa496287b30>
25703,2022-12-06 22:00:00,<function <lambda> at 0x7fa4962879f0>,<function <lambda> at 0x7fa496287a90>,<function <lambda> at 0x7fa496287b30>
25704,2022-12-06 23:00:00,<function <lambda> at 0x7fa4962879f0>,<function <lambda> at 0x7fa496287a90>,<function <lambda> at 0x7fa496287b30>
25705,2022-12-07 00:00:00,<function <lambda> at 0x7fa4962879f0>,<function <lambda> at 0x7fa496287a90>,<function <lambda> at 0x7fa496287b30>
25706,2022-12-07 01:00:00,<function <lambda> at 0x7fa4962879f0>,<function <lambda> at 0x7fa496287a90>,<function <lambda> at 0x7fa496287b30>
25707,2022-12-07 02:00:00,<function <lambda> at 0x7fa4962879f0>,<function <lambda> at 0x7fa496287a90>,<function <lambda> at 0x7fa496287b30>
25708,2022-12-07 03:00:00,<function <lambda> at 0x7fa4962879f0>,<function <lambda> at 0x7fa496287a90>,<function <lambda> at 0x7fa496287b30>
25709,2022-12-07 04:00:00,<function <lambda> at 0x7fa4962879f0>,<function <lambda> at 0x7fa496287a90>,<function <lambda> at 0x7fa496287b30>
25710,2022-12-07 05:00:00,<function <lambda> at 0x7fa4962879f0>,<function <lambda> at 0x7fa496287a90>,<function <lambda> at 0x7fa496287b30>
25711,2022-12-07 06:00:00,<function <lambda> at 0x7fa4962879f0>,<function <lambda> at 0x7fa496287a90>,<function <lambda> at 0x7fa496287b30>
25712,2022-12-07 07:00:00,<function <lambda> at 0x7fa4962879f0>,<function <lambda> at 0x7fa496287a90>,<function <lambda> at 0x7fa496287b30>
25713,2022-12-07 08:00:00,<function <lambda> at 0x7fa4962879f0>,<function <lambda> at 0x7fa496287a90>,<function <lambda> at 0x7fa496287b30>
25714,2022-12-07 09:00:00,<function <lambda> at 0x7fa4962879f0>,<function <lambda> at 0x7fa496287a90>,<function <lambda> at 0x7fa496287b30>
25715,2022-12-07 10:00:00,<function <lambda> at 0x7fa4962879f0>,<function <lambda> at 0x7fa496287a90>,<function <lambda> at 0x7fa496287b30>
25716,2022-12-07 11:00:00,<function <lambda> at 0x7fa4962879f0>,<function <lambda> at 0x7fa496287a90>,<function <lambda> at 0x7fa496287b30>
25717,2022-12-07 12:00:00,<function <lambda> at 0x7fa4962879f0>,<function <lambda> at 0x7fa496287a90>,<function <lambda> at 0x7fa496287b30>
25718,2022-12-07 13:00:00,<function <lambda> at 0x7fa4962879f0>,<function <lambda> at 0x7fa496287a90>,<function <lambda> at 0x7fa496287b30>
25719,2022-12-07 14:00:00,<function <lambda> at 0x7fa4962879f0>,<function <lambda> at 0x7fa496287a90>,<function <lambda> at 0x7fa496287b30>
25720,2022-12-07 15:00:00,<function <lambda> at 0x7fa4962879f0>,<function <lambda> at 0x7fa496287a90>,<function <lambda> at 0x7fa496287b30>
25721,2022-12-07 16:00:00,<function <lambda> at 0x7fa4962879f0>,<function <lambda> at 0x7fa496287a90>,<function <lambda> at 0x7fa496287b30>
25722,2022-12-07 17:00:00,<function <lambda> at 0x7fa4962879f0>,<function <lambda> at 0x7fa496287a90>,<function <lambda> at 0x7fa496287b30>
25723,2022-12-07 18:00:00,<function <lambda> at 0x7fa4962879f0>,<function <lambda> at 0x7fa496287a90>,<function <lambda> at 0x7fa496287b30>
25724,2022-12-07 19:00:00,<function <lambda> at 0x7fa4962879f0>,<function <lambda> at 0x7fa496287a90>,<function <lambda> at 0x7fa496287b30>
25725,2022-12-07 20:00:00,<function <lambda> at 0x7fa4962879f0>,<function <lambda> at 0x7fa496287a90>,<function <lambda> at 0x7fa496287b30>
25726,2022-12-07 21:00:00,<function <lambda> at 0x7fa4962879f0>,<function <lambda> at 0x7fa496287a90>,<function <lambda> at 0x7fa496287b30>
25727,2022-12-07 22:00:00,<function <lambda> at 0x7fa4962879f0>,<function <lambda> at 0x7fa496287a90>,<function <lambda> at 0x7fa496287b30>
25728,2022-12-07 23:00:00,<function <lambda> at 0x7fa4962879f0>,<function <lambda> at 0x7fa496287a90>,<function <lambda> at 0x7fa496287b30>
25729,2022-12-08 00:00:00,<function <lambda> at 0x7fa4962879f0>,<function <lambda> at 0x7fa496287a90>,<function <lambda> at 0x7fa496287b30>
25730,2022-12-08 01:00:00,<function <lambda> at 0x7fa4962879f0>,<function <lambda> at 0x7fa496287a90>,<function <lambda> at 0x7fa496287b30>
25731,2022-12-08 02:00:00,<function <lambda> at 0x7fa4962879f0>,<function <lambda> at 0x7fa496287a90>,<function <lambda> at 0x7fa496287b30>
25732,2022-12-08 03:00:00,<function <lambda> at 0x7fa4962879f0>,<function <lambda> at 0x7fa496287a90>,<function <lambda> at 0x7fa496287b30>
25733,2022-12-08 04:00:00,<function <lambda> at 0x7fa4962879f0>,<function <lambda> at 0x7fa496287a90>,<function <lambda> at 0x7fa496287b30>
25734,2022-12-08 05:00:00,<function <lambda> at 0x7fa4962879f0>,<function <lambda> at 0x7fa496287a90>,<function <lambda> at 0x7fa496287b30>
25735,2022-12-08 06:00:00,<function <lambda> at 0x7fa4962879f0>,<function <lambda> at 0x7fa496287a90>,<function <lambda> at 0x7fa496287b30>
25736,2022-12-08 07:00:00,<function <lambda> at 0x7fa4962879f0>,<function <lambda> at 0x7fa496287a90>,<function <lambda> at 0x7fa496287b30>
25737,2022-12-08 08:00:00,<function <lambda> at 0x7fa4962879f0>,<function <lambda> at 0x7fa496287a90>,<function <lambda> at 0x7fa496287b30>
25738,2022-12-08 09:00:00,<function <lambda> at 0x7fa4962879f0>,<function <lambda> at 0x7fa496287a90>,<function <lambda> at 0x7fa496287b30>
25739,2022-12-08 10:00:00,<function <lambda> at 0x7fa4962879f0>,<function <lambda> at 0x7fa496287a90>,<function <lambda> at 0x7fa496287b30>
25740,2022-12-08 11:00:00,<function <lambda> at 0x7fa4962879f0>,<function <lambda> at 0x7fa496287a90>,<function <lambda> at 0x7fa496287b30>
25741,2022-12-08 12:00:00,<function <lambda> at 0x7fa4962879f0>,<function <lambda> at 0x7fa496287a90>,<function <lambda> at 0x7fa496287b30>
25742,2022-12-08 13:00:00,<function <lambda> at 0x7fa4962879f0>,<function <lambda> at 0x7fa496287a90>,<function <lambda> at 0x7fa496287b30>
25743,2022-12-08 14:00:00,<function <lambda> at 0x7fa4962879f0>,<function <lambda> at 0x7fa496287a90>,<function <lambda> at 0x7fa496287b30>
25744,2022-12-08 15:00:00,<function <lambda> at 0x7fa4962879f0>,<function <lambda> at 0x7fa496287a90>,<function <lambda> at 0x7fa496287b30>
25745,2022-12-08 16:00:00,<function <lambda> at 0x7fa4962879f0>,<function <lambda> at 0x7fa496287a90>,<function <lambda> at 0x7fa496287b30>
25746,2022-12-08 17:00:00,<function <lambda> at 0x7fa4962879f0>,<function <lambda> at 0x7fa496287a90>,<function <lambda> at 0x7fa496287b30>
25747,2022-12-08 18:00:00,<function <lambda> at 0x7fa4962879f0>,<function <lambda> at 0x7fa496287a90>,<function <lambda> at 0x7fa496287b30>
25748,2022-12-08 19:00:00,<function <lambda> at 0x7fa4962879f0>,<function <lambda> at 0x7fa496287a90>,<function <lambda> at 0x7fa496287b30>
25749,2022-12-08 20:00:00,<function <lambda> at 0x7fa4962879f0>,<function <lambda> at 0x7fa496287a90>,<function <lambda> at 0x7fa496287b30>
25750,2022-12-08 21:00:00,<function <lambda> at 0x7fa4962879f0>,<function <lambda> at 0x7fa496287a90>,<function <lambda> at 0x7fa496287b30>
25751,2022-12-08 22:00:00,<function <lambda> at 0x7fa4962879f0>,<function <lambda> at 0x7fa496287a90>,<function <lambda> at 0x7fa496287b30>
25752,2022-12-08 23:00:00,<function <lambda> at 0x7fa4962879f0>,<function <lambda> at 0x7fa496287a90>,<function <lambda> at 0x7fa496287b30>
25753,2022-12-09 00:00:00,<function <lambda> at 0x7fa4962879f0>,<function <lambda> at 0x7fa496287a90>,<function <lambda> at 0x7fa496287b30>
25754,2022-12-09 01:00:00,<function <lambda> at 0x7fa4962879f0>,<function <lambda> at 0x7fa496287a90>,<function <lambda> at 0x7fa496287b30>
25755,2022-12-09 02:00:00,<function <lambda> at 0x7fa4962879f0>,<function <lambda> at 0x7fa496287a90>,<function <lambda> at 0x7fa496287b30>
25756,2022-12-09 03:00:00,<function <lambda> at 0x7fa4962879f0>,<function <lambda> at 0x7fa496287a90>,<function <lambda> at 0x7fa496287b30>
25757,2022-12-09 04:00:00,<function <lambda> at 0x7fa4962879f0>,<function <lambda> at 0x7fa496287a90>,<function <lambda> at 0x7fa496287b30>
25758,2022-12-09 05:00:00,<function <lambda> at 0x7fa4962879f0>,<function <lambda> at 0x7fa496287a90>,<function <lambda> at 0x7fa496287b30>
25759,2022-12-09 06:00:00,<function <lambda> at 0x7fa4962879f0>,<function <lambda> at 0x7fa496287a90>,<function <lambda> at 0x7fa496287b30>
25760,2022-12-09 07:00:00,<function <lambda> at 0x7fa4962879f0>,<function <lambda> at 0x7fa496287a90>,<function <lambda> at 0x7fa496287b30>
25761,2022-12-09 08:00:00,<function <lambda> at 0x7fa4962879f0>,<function <lambda> at 0x7fa496287a90>,<function <lambda> at 0x7fa496287b30>
25762,2022-12-09 09:00:00,<function <lambda> at 0x7fa4962879f0>,<function <lambda> at 0x7fa496287a90>,<function <lambda> at 0x7fa496287b30>
25763,2022-12-09 10:00:00,<function <lambda> at 0x7fa4962879f0>,<function <lambda> at 0x7fa496287a90>,<function <lambda> at 0x7fa496287b30>
25764,2022-12-09 11:00:00,<function <lambda> at 0x7fa4962879f0>,<function <lambda> at 0x7fa496287a90>,<function <lambda> at 0x7fa496287b30>
25765,2022-12-09 12:00:00,<function <lambda> at 0x7fa4962879f0>,<function <lambda> at 0x7fa496287a90>,<function <lambda> at 0x7fa496287b30>
25766,2022-12-09 13:00:00,<function <lambda> at 0x7fa4962879f0>,<function <lambda> at 0x7fa496287a90>,<function <lambda> at 0x7fa496287b30>
25767,2022-12-09 14:00:00,<function <lambda> at 0x7fa4962879f0>,<function <lambda> at 0x7fa496287a90>,<function <lambda> at 0x7fa496287b30>
25768,2022-12-09 15:00:00,<function <lambda> at 0x7fa4962879f0>,<function <lambda> at 0x7fa496287a90>,<function <lambda> at 0x7fa496287b30>
25769,2022-12-09 16:00:00,<function <lambda> at 0x7fa4962879f0>,<function <lambda> at 0x7fa496287a90>,<function <lambda> at 0x7fa496287b30>
25770,2022-12-09 17:00:00,<function <lambda> at 0x7fa4962879f0>,<function <lambda> at 0x7fa496287a90>,<function <lambda> at 0x7fa496287b30>
25771,2022-12-09 18:00:00,<function <lambda> at 0x7fa4962879f0>,<function <lambda> at 0x7fa496287a90>,<function <lambda> at 0x7fa496287b30>
25772,2022-12-09 19:00:00,<function <lambda> at 0x7fa4962879f0>,<function <lambda> at 0x7fa496287a90>,<function <lambda> at 0x7fa496287b30>
25773,2022-12-09 20:00:00,<function <lambda> at 0x7fa4962879f0>,<function <lambda> at 0x7fa496287a90>,<function <lambda> at 0x7fa496287b30>
25774,2022-12-09 21:00:00,<function <lambda> at 0x7fa4962879f0>,<function <lambda> at 0x7fa496287a90>,<function <lambda> at 0x7fa496287b30>
25775,2022-12-09 22:00:00,<function <lambda> at 0x7fa4962879f0>,<function <lambda> at 0x7fa496287a90>,<function <lambda> at 0x7fa496287b30>
25776,2022-12-09 23:00:00,<function <lambda> at 0x7fa4962879f0>,<function <lambda> at 0x7fa496287a90>,<function <lambda> at 0x7fa496287b30>
25777,2022-12-10 00:00:00,<function <lambda> at 0x7fa4962879f0>,<function <lambda> at 0x7fa496287a90>,<function <lambda> at 0x7fa496287b30>
25778,2022-12-10 01:00:00,<function <lambda> at 0x7fa4962879f0>,<function <lambda> at 0x7fa496287a90>,<function <lambda> at 0x7fa496287b30>
25779,2022-12-10 02:00:00,<function <lambda> at 0x7fa4962879f0>,<function <lambda> at 0x7fa496287a90>,<function <lambda> at 0x7fa496287b30>
25780,2022-12-10 03:00:00,<function <lambda> at 0x7fa4962879f0>,<function <lambda> at 0x7fa496287a90>,<function <lambda> at 0x7fa496287b30>
25781,2022-12-10 04:00:00,<function <lambda> at 0x7fa4962879f0>,<function <lambda> at 0x7fa496287a90>,<function <lambda> at 0x7fa496287b30>
25782,2022-12-10 05:00:00,<function <lambda> at 0x7fa4962879f0>,<function <lambda> at 0x7fa496287a90>,<function <lambda> at 0x7fa496287b30>
25783,2022-12-10 06:00:00,<function <lambda> at 0x7fa4962879f0>,<function <lambda> at 0x7fa496287a90>,<function <lambda> at 0x7fa496287b30>
25784,2022-12-10 07:00:00,<function <lambda> at 0x7fa4962879f0>,<function <lambda> at 0x7fa496287a90>,<function <lambda> at 0x7fa496287b30>
25785,2022-12-10 08:00:00,<function <lambda> at 0x7fa4962879f0>,<function <lambda> at 0x7fa496287a90>,<function <lambda> at 0x7fa496287b30>
25786,2022-12-10 09:00:00,<function <lambda> at 0x7fa4962879f0>,<function <lambda> at 0x7fa496287a90>,<function <lambda> at 0x7fa496287b30>
25787,2022-12-10 10:00:00,<function <lambda> at 0x7fa4962879f0>,<function <lambda> at 0x7fa496287a90>,<function <lambda> at 0x7fa496287b30>
25788,2022-12-10 11:00:00,<function <lambda> at 0x7fa4962879f0>,<function <lambda> at 0x7fa496287a90>,<function <lambda> at 0x7fa496287b30>
25789,2022-12-10 12:00:00,<function <lambda> at 0x7fa4962879f0>,<function <lambda> at 0x7fa496287a90>,<function <lambda> at 0x7fa496287b30>
25790,2022-12-10 13:00:00,<function <lambda> at 0x7fa4962879f0>,<function <lambda> at 0x7fa496287a90>,<function <lambda> at 0x7fa496287b30>
25791,2022-12-10 14:00:00,<function <lambda> at 0x7fa4962879f0>,<function <lambda> at 0x7fa496287a90>,<function <lambda> at 0x7fa496287b30>
25792,2022-12-10 15:00:00,<function <lambda> at 0x7fa4962879f0>,<function <lambda> at 0x7fa496287a90>,<function <lambda> at 0x7fa496287b30>
25793,2022-12-10 16:00:00,<function <lambda> at 0x7fa4962879f0>,<function <lambda> at 0x7fa496287a90>,<function <lambda> at 0x7fa496287b30>
25794,2022-12-10 17:00:00,<function <lambda> at 0x7fa4962879f0>,<function <lambda> at 0x7fa496287a90>,<function <lambda> at 0x7fa496287b30>
25795,2022-12-10 18:00:00,<function <lambda> at 0x7fa4962879f0>,<function <lambda> at 0x7fa496287a90>,<function <lambda> at 0x7fa496287b30>
25796,2022-12-10 19:00:00,<function <lambda> at 0x7fa4962879f0>,<function <lambda> at 0x7fa496287a90>,<function <lambda> at 0x7fa496287b30>
25797,2022-12-10 20:00:00,<function <lambda> at 0x7fa4962879f0>,<function <lambda> at 0x7fa496287a90>,<function <lambda> at 0x7fa496287b30>
25798,2022-12-10 21:00:00,<function <lambda> at 0x7fa4962879f0>,<function <lambda> at 0x7fa496287a90>,<function <lambda> at 0x7fa496287b30>
25799,2022-12-10 22:00:00,<function <lambda> at 0x7fa4962879f0>,<function <lambda> at 0x7fa496287a90>,<function <lambda> at 0x7fa496287b30>
25800,2022-12-10 23:00:00,<function <lambda> at 0x7fa4962879f0>,<function <lambda> at 0x7fa496287a90>,<function <lambda> at 0x7fa496287b30>
25801,2022-12-11 00:00:00,<function <lambda> at 0x7fa4962879f0>,<function <lambda> at 0x7fa496287a90>,<function <lambda> at 0x7fa496287b30>
25802,2022-12-11 01:00:00,<function <lambda> at 0x7fa4962879f0>,<function <lambda> at 0x7fa496287a90>,<function <lambda> at 0x7fa496287b30>
25803,2022-12-11 02:00:00,<function <lambda> at 0x7fa4962879f0>,<function <lambda> at 0x7fa496287a90>,<function <lambda> at 0x7fa496287b30>
25804,2022-12-11 03:00:00,<function <lambda> at 0x7fa4962879f0>,<function <lambda> at 0x7fa496287a90>,<function <lambda> at 0x7fa496287b30>
25805,2022-12-11 04:00:00,<function <lambda> at 0x7fa4962879f0>,<function <lambda> at 0x7fa496287a90>,<function <lambda> at 0x7fa496287b30>
25806,2022-12-11 05:00:00,<function <lambda> at 0x7fa4962879f0>,<function <lambda> at 0x7fa496287a90>,<function <lambda> at 0x7fa496287b30>
25807,2022-12-11 06:00:00,<function <lambda> at 0x7fa4962879f0>,<function <lambda> at 0x7fa496287a90>,<function <lambda> at 0x7fa496287b30>
25808,2022-12-11 07:00:00,<function <lambda> at 0x7fa4962879f0>,<function <lambda> at 0x7fa496287a90>,<function <lambda> at 0x7fa496287b30>
25809,2022-12-11 08:00:00,<function <lambda> at 0x7fa4962879f0>,<function <lambda> at 0x7fa496287a90>,<function <lambda> at 0x7fa496287b30>
25810,2022-12-11 09:00:00,<function <lambda> at 0x7fa4962879f0>,<function <lambda> at 0x7fa496287a90>,<function <lambda> at 0x7fa496287b30>
25811,2022-12-11 10:00:00,<function <lambda> at 0x7fa4962879f0>,<function <lambda> at 0x7fa496287a90>,<function <lambda> at 0x7fa496287b30>
25812,2022-12-11 11:00:00,<function <lambda> at 0x7fa4962879f0>,<function <lambda> at 0x7fa496287a90>,<function <lambda> at 0x7fa496287b30>
25813,2022-12-11 12:00:00,<function <lambda> at 0x7fa4962879f0>,<function <lambda> at 0x7fa496287a90>,<function <lambda> at 0x7fa496287b30>
25814,2022-12-11 13:00:00,<function <lambda> at 0x7fa4962879f0>,<function <lambda> at 0x7fa496287a90>,<function <lambda> at 0x7fa496287b30>
25815,2022-12-11 14:00:00,<function <lambda> at 0x7fa4962879f0>,<function <lambda> at 0x7fa496287a90>,<function <lambda> at 0x7fa496287b30>
25816,2022-12-11 15:00:00,<function <lambda> at 0x7fa4962879f0>,<function <lambda> at 0x7fa496287a90>,<function <lambda> at 0x7fa496287b30>
25817,2022-12-11 16:00:00,<function <lambda> at 0x7fa4962879f0>,<function <lambda> at 0x7fa496287a90>,<function <lambda> at 0x7fa496287b30>
25818,2022-12-11 17:00:00,<function <lambda> at 0x7fa4962879f0>,<function <lambda> at 0x7fa496287a90>,<function <lambda> at 0x7fa496287b30>
25819,2022-12-11 18:00:00,<function <lambda> at 0x7fa4962879f0>,<function <lambda> at 0x7fa496287a90>,<function <lambda> at 0x7fa496287b30>
25820,2022-12-11 19:00:00,<function <lambda> at 0x7fa4962879f0>,<function <lambda> at 0x7fa496287a90>,<function <lambda> at 0x7fa496287b30>
25821,2022-12-11 20:00:00,<function <lambda> at 0x7fa4962879f0>,<function <lambda> at 0x7fa496287a90>,<function <lambda> at 0x7fa496287b30>
25822,2022-12-11 21:00:00,<function <lambda> at 0x7fa4962879f0>,<function <lambda> at 0x7fa496287a90>,<function <lambda> at 0x7fa496287b30>
25823,2022-12-11 22:00:00,<function <lambda> at 0x7fa4962879f0>,<function <lambda> at 0x7fa496287a90>,<function <lambda> at 0x7fa496287b30>
25824,2022-12-11 23:00:00,<function <lambda> at 0x7fa4962879f0>,<function <lambda> at 0x7fa496287a90>,<function <lambda> at 0x7fa496287b30>
25825,2022-12-12 00:00:00,<function <lambda> at 0x7fa4962879f0>,<function <lambda> at 0x7fa496287a90>,<function <lambda> at 0x7fa496287b30>
25826,2022-12-12 01:00:00,<function <lambda> at 0x7fa4962879f0>,<function <lambda> at 0x7fa496287a90>,<function <lambda> at 0x7fa496287b30>
25827,2022-12-12 02:00:00,<function <lambda> at 0x7fa4962879f0>,<function <lambda> at 0x7fa496287a90>,<function <lambda> at 0x7fa496287b30>
25828,2022-12-12 03:00:00,<function <lambda> at 0x7fa4962879f0>,<function <lambda> at 0x7fa496287a90>,<function <lambda> at 0x7fa496287b30>
25829,2022-12-12 04:00:00,<function <lambda> at 0x7fa4962879f0>,<function <lambda> at 0x7fa496287a90>,<function <lambda> at 0x7fa496287b30>
25830,2022-12-12 05:00:00,<function <lambda> at 0x7fa4962879f0>,<function <lambda> at 0x7fa496287a90>,<function <lambda> at 0x7fa496287b30>
25831,2022-12-12 06:00:00,<function <lambda> at 0x7fa4962879f0>,<function <lambda> at 0x7fa496287a90>,<function <lambda> at 0x7fa496287b30>
25832,2022-12-12 07:00:00,<function <lambda> at 0x7fa4962879f0>,<function <lambda> at 0x7fa496287a90>,<function <lambda> at 0x7fa496287b30>
25833,2022-12-12 08:00:00,<function <lambda> at 0x7fa4962879f0>,<function <lambda> at 0x7fa496287a90>,<function <lambda> at 0x7fa496287b30>
25834,2022-12-12 09:00:00,<function <lambda> at 0x7fa4962879f0>,<function <lambda> at 0x7fa496287a90>,<function <lambda> at 0x7fa496287b30>
25835,2022-12-12 10:00:00,<function <lambda> at 0x7fa4962879f0>,<function <lambda> at 0x7fa496287a90>,<function <lambda> at 0x7fa496287b30>
25836,2022-12-12 11:00:00,<function <lambda> at 0x7fa4962879f0>,<function <lambda> at 0x7fa496287a90>,<function <lambda> at 0x7fa496287b30>
25837,2022-12-12 12:00:00,<function <lambda> at 0x7fa4962879f0>,<function <lambda> at 0x7fa496287a90>,<function <lambda> at 0x7fa496287b30>
25838,2022-12-12 13:00:00,<function <lambda> at 0x7fa4962879f0>,<function <lambda> at 0x7fa496287a90>,<function <lambda> at 0x7fa496287b30>
25839,2022-12-12 14:00:00,<function <lambda> at 0x7fa4962879f0>,<function <lambda> at 0x7fa496287a90>,<function <lambda> at 0x7fa496287b30>
25840,2022-12-12 15:00:00,<function <lambda> at 0x7fa4962879f0>,<function <lambda> at 0x7fa496287a90>,<function <lambda> at 0x7fa496287b30>
25841,2022-12-12 16:00:00,<function <lambda> at 0x7fa4962879f0>,<function <lambda> at 0x7fa496287a90>,<function <lambda> at 0x7fa496287b30>
25842,2022-12-12 17:00:00,<function <lambda> at 0x7fa4962879f0>,<function <lambda> at 0x7fa496287a90>,<function <lambda> at 0x7fa496287b30>
25843,2022-12-12 18:00:00,<function <lambda> at 0x7fa4962879f0>,<function <lambda> at 0x7fa496287a90>,<function <lambda> at 0x7fa496287b30>
25844,2022-12-12 19:00:00,<function <lambda> at 0x7fa4962879f0>,<function <lambda> at 0x7fa496287a90>,<function <lambda> at 0x7fa496287b30>
25845,2022-12-12 20:00:00,<function <lambda> at 0x7fa4962879f0>,<function <lambda> at 0x7fa496287a90>,<function <lambda> at 0x7fa496287b30>
25846,2022-12-12 21:00:00,<function <lambda> at 0x7fa4962879f0>,<function <lambda> at 0x7fa496287a90>,<function <lambda> at 0x7fa496287b30>
25847,2022-12-12 22:00:00,<function <lambda> at 0x7fa4962879f0>,<function <lambda> at 0x7fa496287a90>,<function <lambda> at 0x7fa496287b30>
25848,2022-12-12 23:00:00,<function <lambda> at 0x7fa4962879f0>,<function <lambda> at 0x7fa496287a90>,<function <lambda> at 0x7fa496287b30>
25849,2022-12-13 00:00:00,<function <lambda> at 0x7fa4962879f0>,<function <lambda> at 0x7fa496287a90>,<function <lambda> at 0x7fa496287b30>
25850,2022-12-13 01:00:00,<function <lambda> at 0x7fa4962879f0>,<function <lambda> at 0x7fa496287a90>,<function <lambda> at 0x7fa496287b30>
25851,2022-12-13 02:00:00,<function <lambda> at 0x7fa4962879f0>,<function <lambda> at 0x7fa496287a90>,<function <lambda> at 0x7fa496287b30>
25852,2022-12-13 03:00:00,<function <lambda> at 0x7fa4962879f0>,<function <lambda> at 0x7fa496287a90>,<function <lambda> at 0x7fa496287b30>
25853,2022-12-13 04:00:00,<function <lambda> at 0x7fa4962879f0>,<function <lambda> at 0x7fa496287a90>,<function <lambda> at 0x7fa496287b30>
25854,2022-12-13 05:00:00,<function <lambda> at 0x7fa4962879f0>,<function <lambda> at 0x7fa496287a90>,<function <lambda> at 0x7fa496287b30>
25855,2022-12-13 06:00:00,<function <lambda> at 0x7fa4962879f0>,<function <lambda> at 0x7fa496287a90>,<function <lambda> at 0x7fa496287b30>
25856,2022-12-13 07:00:00,<function <lambda> at 0x7fa4962879f0>,<function <lambda> at 0x7fa496287a90>,<function <lambda> at 0x7fa496287b30>
25857,2022-12-13 08:00:00,<function <lambda> at 0x7fa4962879f0>,<function <lambda> at 0x7fa496287a90>,<function <lambda> at 0x7fa496287b30>
25858,2022-12-13 09:00:00,<function <lambda> at 0x7fa4962879f0>,<function <lambda> at 0x7fa496287a90>,<function <lambda> at 0x7fa496287b30>
25859,2022-12-13 10:00:00,<function <lambda> at 0x7fa4962879f0>,<function <lambda> at 0x7fa496287a90>,<function <lambda> at 0x7fa496287b30>
25860,2022-12-13 11:00:00,<function <lambda> at 0x7fa4962879f0>,<function <lambda> at 0x7fa496287a90>,<function <lambda> at 0x7fa496287b30>
25861,2022-12-13 12:00:00,<function <lambda> at 0x7fa4962879f0>,<function <lambda> at 0x7fa496287a90>,<function <lambda> at 0x7fa496287b30>
25862,2022-12-13 13:00:00,<function <lambda> at 0x7fa4962879f0>,<function <lambda> at 0x7fa496287a90>,<function <lambda> at 0x7fa496287b30>
25863,2022-12-13 14:00:00,<function <lambda> at 0x7fa4962879f0>,<function <lambda> at 0x7fa496287a90>,<function <lambda> at 0x7fa496287b30>
25864,2022-12-13 15:00:00,<function <lambda> at 0x7fa4962879f0>,<function <lambda> at 0x7fa496287a90>,<function <lambda> at 0x7fa496287b30>
25865,2022-12-13 16:00:00,<function <lambda> at 0x7fa4962879f0>,<function <lambda> at 0x7fa496287a90>,<function <lambda> at 0x7fa496287b30>
25866,2022-12-13 17:00:00,<function <lambda> at 0x7fa4962879f0>,<function <lambda> at 0x7fa496287a90>,<function <lambda> at 0x7fa496287b30>
25867,2022-12-13 18:00:00,<function <lambda> at 0x7fa4962879f0>,<function <lambda> at 0x7fa496287a90>,<function <lambda> at 0x7fa496287b30>
25868,2022-12-13 19:00:00,<function <lambda> at 0x7fa4962879f0>,<function <lambda> at 0x7fa496287a90>,<function <lambda> at 0x7fa496287b30>
25869,2022-12-13 20:00:00,<function <lambda> at 0x7fa4962879f0>,<function <lambda> at 0x7fa496287a90>,<function <lambda> at 0x7fa496287b30>
25870,2022-12-13 21:00:00,<function <lambda> at 0x7fa4962879f0>,<function <lambda> at 0x7fa496287a90>,<function <lambda> at 0x7fa496287b30>
25871,2022-12-13 22:00:00,<function <lambda> at 0x7fa4962879f0>,<function <lambda> at 0x7fa496287a90>,<function <lambda> at 0x7fa496287b30>
25872,2022-12-13 23:00:00,<function <lambda> at 0x7fa4962879f0>,<function <lambda> at 0x7fa496287a90>,<function <lambda> at 0x7fa496287b30>
25873,2022-12-14 00:00:00,<function <lambda> at 0x7fa4962879f0>,<function <lambda> at 0x7fa496287a90>,<function <lambda> at 0x7fa496287b30>
25874,2022-12-14 01:00:00,<function <lambda> at 0x7fa4962879f0>,<function <lambda> at 0x7fa496287a90>,<function <lambda> at 0x7fa496287b30>
25875,2022-12-14 02:00:00,<function <lambda> at 0x7fa4962879f0>,<function <lambda> at 0x7fa496287a90>,<function <lambda> at 0x7fa496287b30>
25876,2022-12-14 03:00:00,<function <lambda> at 0x7fa4962879f0>,<function <lambda> at 0x7fa496287a90>,<function <lambda> at 0x7fa496287b30>
25877,2022-12-14 04:00:00,<function <lambda> at 0x7fa4962879f0>,<function <lambda> at 0x7fa496287a90>,<function <lambda> at 0x7fa496287b30>
25878,2022-12-14 05:00:00,<function <lambda> at 0x7fa4962879f0>,<function <lambda> at 0x7fa496287a90>,<function <lambda> at 0x7fa496287b30>
25879,2022-12-14 06:00:00,<function <lambda> at 0x7fa4962879f0>,<function <lambda> at 0x7fa496287a90>,<function <lambda> at 0x7fa496287b30>
25880,2022-12-14 07:00:00,<function <lambda> at 0x7fa4962879f0>,<function <lambda> at 0x7fa496287a90>,<function <lambda> at 0x7fa496287b30>
25881,2022-12-14 08:00:00,<function <lambda> at 0x7fa4962879f0>,<function <lambda> at 0x7fa496287a90>,<function <lambda> at 0x7fa496287b30>
25882,2022-12-14 09:00:00,<function <lambda> at 0x7fa4962879f0>,<function <lambda> at 0x7fa496287a90>,<function <lambda> at 0x7fa496287b30>
25883,2022-12-14 10:00:00,<function <lambda> at 0x7fa4962879f0>,<function <lambda> at 0x7fa496287a90>,<function <lambda> at 0x7fa496287b30>
25884,2022-12-14 11:00:00,<function <lambda> at 0x7fa4962879f0>,<function <lambda> at 0x7fa496287a90>,<function <lambda> at 0x7fa496287b30>
25885,2022-12-14 12:00:00,<function <lambda> at 0x7fa4962879f0>,<function <lambda> at 0x7fa496287a90>,<function <lambda> at 0x7fa496287b30>
25886,2022-12-14 13:00:00,<function <lambda> at 0x7fa4962879f0>,<function <lambda> at 0x7fa496287a90>,<function <lambda> at 0x7fa496287b30>
25887,2022-12-14 14:00:00,<function <lambda> at 0x7fa4962879f0>,<function <lambda> at 0x7fa496287a90>,<function <lambda> at 0x7fa496287b30>
25888,2022-12-14 15:00:00,<function <lambda> at 0x7fa4962879f0>,<function <lambda> at 0x7fa496287a90>,<function <lambda> at 0x7fa496287b30>
25889,2022-12-14 16:00:00,<function <lambda> at 0x7fa4962879f0>,<function <lambda> at 0x7fa496287a90>,<function <lambda> at 0x7fa496287b30>
25890,2022-12-14 17:00:00,<function <lambda> at 0x7fa4962879f0>,<function <lambda> at 0x7fa496287a90>,<function <lambda> at 0x7fa496287b30>
25891,2022-12-14 18:00:00,<function <lambda> at 0x7fa4962879f0>,<function <lambda> at 0x7fa496287a90>,<function <lambda> at 0x7fa496287b30>
25892,2022-12-14 19:00:00,<function <lambda> at 0x7fa4962879f0>,<function <lambda> at 0x7fa496287a90>,<function <lambda> at 0x7fa496287b30>
25893,2022-12-14 20:00:00,<function <lambda> at 0x7fa4962879f0>,<function <lambda> at 0x7fa496287a90>,<function <lambda> at 0x7fa496287b30>
25894,2022-12-14 21:00:00,<function <lambda> at 0x7fa4962879f0>,<function <lambda> at 0x7fa496287a90>,<function <lambda> at 0x7fa496287b30>
25895,2022-12-14 22:00:00,<function <lambda> at 0x7fa4962879f0>,<function <lambda> at 0x7fa496287a90>,<function <lambda> at 0x7fa496287b30>
25896,2022-12-14 23:00:00,<function <lambda> at 0x7fa4962879f0>,<function <lambda> at 0x7fa496287a90>,<function <lambda> at 0x7fa496287b30>
25897,2022-12-15 00:00:00,<function <lambda> at 0x7fa4962879f0>,<function <lambda> at 0x7fa496287a90>,<function <lambda> at 0x7fa496287b30>
25898,2022-12-15 01:00:00,<function <lambda> at 0x7fa4962879f0>,<function <lambda> at 0x7fa496287a90>,<function <lambda> at 0x7fa496287b30>
25899,2022-12-15 02:00:00,<function <lambda> at 0x7fa4962879f0>,<function <lambda> at 0x7fa496287a90>,<function <lambda> at 0x7fa496287b30>
25900,2022-12-15 03:00:00,<function <lambda> at 0x7fa4962879f0>,<function <lambda> at 0x7fa496287a90>,<function <lambda> at 0x7fa496287b30>
25901,2022-12-15 04:00:00,<function <lambda> at 0x7fa4962879f0>,<function <lambda> at 0x7fa496287a90>,<function <lambda> at 0x7fa496287b30>
25902,2022-12-15 05:00:00,<function <lambda> at 0x7fa4962879f0>,<function <lambda> at 0x7fa496287a90>,<function <lambda> at 0x7fa496287b30>
25903,2022-12-15 06:00:00,<function <lambda> at 0x7fa4962879f0>,<function <lambda> at 0x7fa496287a90>,<function <lambda> at 0x7fa496287b30>
25904,2022-12-15 07:00:00,<function <lambda> at 0x7fa4962879f0>,<function <lambda> at 0x7fa496287a90>,<function <lambda> at 0x7fa496287b30>
25905,2022-12-15 08:00:00,<function <lambda> at 0x7fa4962879f0>,<function <lambda> at 0x7fa496287a90>,<function <lambda> at 0x7fa496287b30>
25906,2022-12-15 09:00:00,<function <lambda> at 0x7fa4962879f0>,<function <lambda> at 0x7fa496287a90>,<function <lambda> at 0x7fa496287b30>
25907,2022-12-15 10:00:00,<function <lambda> at 0x7fa4962879f0>,<function <lambda> at 0x7fa496287a90>,<function <lambda> at 0x7fa496287b30>
25908,2022-12-15 11:00:00,<function <lambda> at 0x7fa4962879f0>,<function <lambda> at 0x7fa496287a90>,<function <lambda> at 0x7fa496287b30>
25909,2022-12-15 12:00:00,<function <lambda> at 0x7fa4962879f0>,<function <lambda> at 0x7fa496287a90>,<function <lambda> at 0x7fa496287b30>
25910,2022-12-15 13:00:00,<function <lambda> at 0x7fa4962879f0>,<function <lambda> at 0x7fa496287a90>,<function <lambda> at 0x7fa496287b30>
25911,2022-12-15 14:00:00,<function <lambda> at 0x7fa4962879f0>,<function <lambda> at 0x7fa496287a90>,<function <lambda> at 0x7fa496287b30>
25912,2022-12-15 15:00:00,<function <lambda> at 0x7fa4962879f0>,<function <lambda> at 0x7fa496287a90>,<function <lambda> at 0x7fa496287b30>
25913,2022-12-15 16:00:00,<function <lambda> at 0x7fa4962879f0>,<function <lambda> at 0x7fa496287a90>,<function <lambda> at 0x7fa496287b30>
25914,2022-12-15 17:00:00,<function <lambda> at 0x7fa4962879f0>,<function <lambda> at 0x7fa496287a90>,<function <lambda> at 0x7fa496287b30>
25915,2022-12-15 18:00:00,<function <lambda> at 0x7fa4962879f0>,<function <lambda> at 0x7fa496287a90>,<function <lambda> at 0x7fa496287b30>
25916,2022-12-15 19:00:00,<function <lambda> at 0x7fa4962879f0>,<function <lambda> at 0x7fa496287a90>,<function <lambda> at 0x7fa496287b30>
25917,2022-12-15 20:00:00,<function <lambda> at 0x7fa4962879f0>,<function <lambda> at 0x7fa496287a90>,<function <lambda> at 0x7fa496287b30>
25918,2022-12-15 21:00:00,<function <lambda> at 0x7fa4962879f0>,<function <lambda> at 0x7fa496287a90>,<function <lambda> at 0x7fa496287b30>
25919,2022-12-15 22:00:00,<function <lambda> at 0x7fa4962879f0>,<function <lambda> at 0x7fa496287a90>,<function <lambda> at 0x7fa496287b30>
25920,2022-12-15 23:00:00,<function <lambda> at 0x7fa4962879f0>,<function <lambda> at 0x7fa496287a90>,<function <lambda> at 0x7fa496287b30>
25921,2022-12-16 00:00:00,<function <lambda> at 0x7fa4962879f0>,<function <lambda> at 0x7fa496287a90>,<function <lambda> at 0x7fa496287b30>
25922,2022-12-16 01:00:00,<function <lambda> at 0x7fa4962879f0>,<function <lambda> at 0x7fa496287a90>,<function <lambda> at 0x7fa496287b30>
25923,2022-12-16 02:00:00,<function <lambda> at 0x7fa4962879f0>,<function <lambda> at 0x7fa496287a90>,<function <lambda> at 0x7fa496287b30>
25924,2022-12-16 03:00:00,<function <lambda> at 0x7fa4962879f0>,<function <lambda> at 0x7fa496287a90>,<function <lambda> at 0x7fa496287b30>
25925,2022-12-16 04:00:00,<function <lambda> at 0x7fa4962879f0>,<function <lambda> at 0x7fa496287a90>,<function <lambda> at 0x7fa496287b30>
25926,2022-12-16 05:00:00,<function <lambda> at 0x7fa4962879f0>,<function <lambda> at 0x7fa496287a90>,<function <lambda> at 0x7fa496287b30>
25927,2022-12-16 06:00:00,<function <lambda> at 0x7fa4962879f0>,<function <lambda> at 0x7fa496287a90>,<function <lambda> at 0x7fa496287b30>
25928,2022-12-16 07:00:00,<function <lambda> at 0x7fa4962879f0>,<function <lambda> at 0x7fa496287a90>,<function <lambda> at 0x7fa496287b30>
25929,2022-12-16 08:00:00,<function <lambda> at 0x7fa4962879f0>,<function <lambda> at 0x7fa496287a90>,<function <lambda> at 0x7fa496287b30>
25930,2022-12-16 09:00:00,<function <lambda> at 0x7fa4962879f0>,<function <lambda> at 0x7fa496287a90>,<function <lambda> at 0x7fa496287b30>
25931,2022-12-16 10:00:00,<function <lambda> at 0x7fa4962879f0>,<function <lambda> at 0x7fa496287a90>,<function <lambda> at 0x7fa496287b30>
25932,2022-12-16 11:00:00,<function <lambda> at 0x7fa4962879f0>,<function <lambda> at 0x7fa496287a90>,<function <lambda> at 0x7fa496287b30>
25933,2022-12-16 12:00:00,<function <lambda> at 0x7fa4962879f0>,<function <lambda> at 0x7fa496287a90>,<function <lambda> at 0x7fa496287b30>
25934,2022-12-16 13:00:00,<function <lambda> at 0x7fa4962879f0>,<function <lambda> at 0x7fa496287a90>,<function <lambda> at 0x7fa496287b30>
25935,2022-12-16 14:00:00,<function <lambda> at 0x7fa4962879f0>,<function <lambda> at 0x7fa496287a90>,<function <lambda> at 0x7fa496287b30>
25936,2022-12-16 15:00:00,<function <lambda> at 0x7fa4962879f0>,<function <lambda> at 0x7fa496287a90>,<function <lambda> at 0x7fa496287b30>
25937,2022-12-16 16:00:00,<function <lambda> at 0x7fa4962879f0>,<function <lambda> at 0x7fa496287a90>,<function <lambda> at 0x7fa496287b30>
25938,2022-12-16 17:00:00,<function <lambda> at 0x7fa4962879f0>,<function <lambda> at 0x7fa496287a90>,<function <lambda> at 0x7fa496287b30>
25939,2022-12-16 18:00:00,<function <lambda> at 0x7fa4962879f0>,<function <lambda> at 0x7fa496287a90>,<function <lambda> at 0x7fa496287b30>
25940,2022-12-16 19:00:00,<function <lambda> at 0x7fa4962879f0>,<function <lambda> at 0x7fa496287a90>,<function <lambda> at 0x7fa496287b30>
25941,2022-12-16 20:00:00,<function <lambda> at 0x7fa4962879f0>,<function <lambda> at 0x7fa496287a90>,<function <lambda> at 0x7fa496287b30>
25942,2022-12-16 21:00:00,<function <lambda> at 0x7fa4962879f0>,<function <lambda> at 0x7fa496287a90>,<function <lambda> at 0x7fa496287b30>
25943,2022-12-16 22:00:00,<function <lambda> at 0x7fa4962879f0>,<function <lambda> at 0x7fa496287a90>,<function <lambda> at 0x7fa496287b30>
25944,2022-12-16 23:00:00,<function <lambda> at 0x7fa4962879f0>,<function <lambda> at 0x7fa496287a90>,<function <lambda> at 0x7fa496287b30>
25945,2022-12-17 00:00:00,<function <lambda> at 0x7fa4962879f0>,<function <lambda> at 0x7fa496287a90>,<function <lambda> at 0x7fa496287b30>
25946,2022-12-17 01:00:00,<function <lambda> at 0x7fa4962879f0>,<function <lambda> at 0x7fa496287a90>,<function <lambda> at 0x7fa496287b30>
25947,2022-12-17 02:00:00,<function <lambda> at 0x7fa4962879f0>,<function <lambda> at 0x7fa496287a90>,<function <lambda> at 0x7fa496287b30>
25948,2022-12-17 03:00:00,<function <lambda> at 0x7fa4962879f0>,<function <lambda> at 0x7fa496287a90>,<function <lambda> at 0x7fa496287b30>
25949,2022-12-17 04:00:00,<function <lambda> at 0x7fa4962879f0>,<function <lambda> at 0x7fa496287a90>,<function <lambda> at 0x7fa496287b30>
25950,2022-12-17 05:00:00,<function <lambda> at 0x7fa4962879f0>,<function <lambda> at 0x7fa496287a90>,<function <lambda> at 0x7fa496287b30>
25951,2022-12-17 06:00:00,<function <lambda> at 0x7fa4962879f0>,<function <lambda> at 0x7fa496287a90>,<function <lambda> at 0x7fa496287b30>
25952,2022-12-17 07:00:00,<function <lambda> at 0x7fa4962879f0>,<function <lambda> at 0x7fa496287a90>,<function <lambda> at 0x7fa496287b30>
25953,2022-12-17 08:00:00,<function <lambda> at 0x7fa4962879f0>,<function <lambda> at 0x7fa496287a90>,<function <lambda> at 0x7fa496287b30>
25954,2022-12-17 09:00:00,<function <lambda> at 0x7fa4962879f0>,<function <lambda> at 0x7fa496287a90>,<function <lambda> at 0x7fa496287b30>
25955,2022-12-17 10:00:00,<function <lambda> at 0x7fa4962879f0>,<function <lambda> at 0x7fa496287a90>,<function <lambda> at 0x7fa496287b30>
25956,2022-12-17 11:00:00,<function <lambda> at 0x7fa4962879f0>,<function <lambda> at 0x7fa496287a90>,<function <lambda> at 0x7fa496287b30>
25957,2022-12-17 12:00:00,<function <lambda> at 0x7fa4962879f0>,<function <lambda> at 0x7fa496287a90>,<function <lambda> at 0x7fa496287b30>
25958,2022-12-17 13:00:00,<function <lambda> at 0x7fa4962879f0>,<function <lambda> at 0x7fa496287a90>,<function <lambda> at 0x7fa496287b30>
25959,2022-12-17 14:00:00,<function <lambda> at 0x7fa4962879f0>,<function <lambda> at 0x7fa496287a90>,<function <lambda> at 0x7fa496287b30>
25960,2022-12-17 15:00:00,<function <lambda> at 0x7fa4962879f0>,<function <lambda> at 0x7fa496287a90>,<function <lambda> at 0x7fa496287b30>
25961,2022-12-17 16:00:00,<function <lambda> at 0x7fa4962879f0>,<function <lambda> at 0x7fa496287a90>,<function <lambda> at 0x7fa496287b30>
25962,2022-12-17 17:00:00,<function <lambda> at 0x7fa4962879f0>,<function <lambda> at 0x7fa496287a90>,<function <lambda> at 0x7fa496287b30>
25963,2022-12-17 18:00:00,<function <lambda> at 0x7fa4962879f0>,<function <lambda> at 0x7fa496287a90>,<function <lambda> at 0x7fa496287b30>
25964,2022-12-17 19:00:00,<function <lambda> at 0x7fa4962879f0>,<function <lambda> at 0x7fa496287a90>,<function <lambda> at 0x7fa496287b30>
25965,2022-12-17 20:00:00,<function <lambda> at 0x7fa4962879f0>,<function <lambda> at 0x7fa496287a90>,<function <lambda> at 0x7fa496287b30>
25966,2022-12-17 21:00:00,<function <lambda> at 0x7fa4962879f0>,<function <lambda> at 0x7fa496287a90>,<function <lambda> at 0x7fa496287b30>
25967,2022-12-17 22:00:00,<function <lambda> at 0x7fa4962879f0>,<function <lambda> at 0x7fa496287a90>,<function <lambda> at 0x7fa496287b30>
25968,2022-12-17 23:00:00,<function <lambda> at 0x7fa4962879f0>,<function <lambda> at 0x7fa496287a90>,<function <lambda> at 0x7fa496287b30>
25969,2022-12-18 00:00:00,<function <lambda> at 0x7fa4962879f0>,<function <lambda> at 0x7fa496287a90>,<function <lambda> at 0x7fa496287b30>
25970,2022-12-18 01:00:00,<function <lambda> at 0x7fa4962879f0>,<function <lambda> at 0x7fa496287a90>,<function <lambda> at 0x7fa496287b30>
25971,2022-12-18 02:00:00,<function <lambda> at 0x7fa4962879f0>,<function <lambda> at 0x7fa496287a90>,<function <lambda> at 0x7fa496287b30>
25972,2022-12-18 03:00:00,<function <lambda> at 0x7fa4962879f0>,<function <lambda> at 0x7fa496287a90>,<function <lambda> at 0x7fa496287b30>
25973,2022-12-18 04:00:00,<function <lambda> at 0x7fa4962879f0>,<function <lambda> at 0x7fa496287a90>,<function <lambda> at 0x7fa496287b30>
25974,2022-12-18 05:00:00,<function <lambda> at 0x7fa4962879f0>,<function <lambda> at 0x7fa496287a90>,<function <lambda> at 0x7fa496287b30>
25975,2022-12-18 06:00:00,<function <lambda> at 0x7fa4962879f0>,<function <lambda> at 0x7fa496287a90>,<function <lambda> at 0x7fa496287b30>
25976,2022-12-18 07:00:00,<function <lambda> at 0x7fa4962879f0>,<function <lambda> at 0x7fa496287a90>,<function <lambda> at 0x7fa496287b30>
25977,2022-12-18 08:00:00,<function <lambda> at 0x7fa4962879f0>,<function <lambda> at 0x7fa496287a90>,<function <lambda> at 0x7fa496287b30>
25978,2022-12-18 09:00:00,<function <lambda> at 0x7fa4962879f0>,<function <lambda> at 0x7fa496287a90>,<function <lambda> at 0x7fa496287b30>
25979,2022-12-18 10:00:00,<function <lambda> at 0x7fa4962879f0>,<function <lambda> at 0x7fa496287a90>,<function <lambda> at 0x7fa496287b30>
25980,2022-12-18 11:00:00,<function <lambda> at 0x7fa4962879f0>,<function <lambda> at 0x7fa496287a90>,<function <lambda> at 0x7fa496287b30>
25981,2022-12-18 12:00:00,<function <lambda> at 0x7fa4962879f0>,<function <lambda> at 0x7fa496287a90>,<function <lambda> at 0x7fa496287b30>
25982,2022-12-18 13:00:00,<function <lambda> at 0x7fa4962879f0>,<function <lambda> at 0x7fa496287a90>,<function <lambda> at 0x7fa496287b30>
25983,2022-12-18 14:00:00,<function <lambda> at 0x7fa4962879f0>,<function <lambda> at 0x7fa496287a90>,<function <lambda> at 0x7fa496287b30>
25984,2022-12-18 15:00:00,<function <lambda> at 0x7fa4962879f0>,<function <lambda> at 0x7fa496287a90>,<function <lambda> at 0x7fa496287b30>
25985,2022-12-18 16:00:00,<function <lambda> at 0x7fa4962879f0>,<function <lambda> at 0x7fa496287a90>,<function <lambda> at 0x7fa496287b30>
25986,2022-12-18 17:00:00,<function <lambda> at 0x7fa4962879f0>,<function <lambda> at 0x7fa496287a90>,<function <lambda> at 0x7fa496287b30>
25987,2022-12-18 18:00:00,<function <lambda> at 0x7fa4962879f0>,<function <lambda> at 0x7fa496287a90>,<function <lambda> at 0x7fa496287b30>
25988,2022-12-18 19:00:00,<function <lambda> at 0x7fa4962879f0>,<function <lambda> at 0x7fa496287a90>,<function <lambda> at 0x7fa496287b30>
25989,2022-12-18 20:00:00,<function <lambda> at 0x7fa4962879f0>,<function <lambda> at 0x7fa496287a90>,<function <lambda> at 0x7fa496287b30>
25990,2022-12-18 21:00:00,<function <lambda> at 0x7fa4962879f0>,<function <lambda> at 0x7fa496287a90>,<function <lambda> at 0x7fa496287b30>
25991,2022-12-18 22:00:00,<function <lambda> at 0x7fa4962879f0>,<function <lambda> at 0x7fa496287a90>,<function <lambda> at 0x7fa496287b30>
25992,2022-12-18 23:00:00,<function <lambda> at 0x7fa4962879f0>,<function <lambda> at 0x7fa496287a90>,<function <lambda> at 0x7fa496287b30>
25993,2022-12-19 00:00:00,<function <lambda> at 0x7fa4962879f0>,<function <lambda> at 0x7fa496287a90>,<function <lambda> at 0x7fa496287b30>
25994,2022-12-19 01:00:00,<function <lambda> at 0x7fa4962879f0>,<function <lambda> at 0x7fa496287a90>,<function <lambda> at 0x7fa496287b30>
25995,2022-12-19 02:00:00,<function <lambda> at 0x7fa4962879f0>,<function <lambda> at 0x7fa496287a90>,<function <lambda> at 0x7fa496287b30>
25996,2022-12-19 03:00:00,<function <lambda> at 0x7fa4962879f0>,<function <lambda> at 0x7fa496287a90>,<function <lambda> at 0x7fa496287b30>
25997,2022-12-19 04:00:00,<function <lambda> at 0x7fa4962879f0>,<function <lambda> at 0x7fa496287a90>,<function <lambda> at 0x7fa496287b30>
25998,2022-12-19 05:00:00,<function <lambda> at 0x7fa4962879f0>,<function <lambda> at 0x7fa496287a90>,<function <lambda> at 0x7fa496287b30>
25999,2022-12-19 06:00:00,<function <lambda> at 0x7fa4962879f0>,<function <lambda> at 0x7fa496287a90>,<function <lambda> at 0x7fa496287b30>
26000,2022-12-19 07:00:00,<function <lambda> at 0x7fa4962879f0>,<function <lambda> at 0x7fa496287a90>,<function <lambda> at 0x7fa496287b30>
26001,2022-12-19 08:00:00,<function <lambda> at 0x7fa4962879f0>,<function <lambda> at 0x7fa496287a90>,<function <lambda> at 0x7fa496287b30>
26002,2022-12-19 09:00:00,<function <lambda> at 0x7fa4962879f0>,<function <lambda> at 0x7fa496287a90>,<function <lambda> at 0x7fa496287b30>
26003,2022-12-19 10:00:00,<function <lambda> at 0x7fa4962879f0>,<function <lambda> at 0x7fa496287a90>,<function <lambda> at 0x7fa496287b30>
26004,2022-12-19 11:00:00,<function <lambda> at 0x7fa4962879f0>,<function <lambda> at 0x7fa496287a90>,<function <lambda> at 0x7fa496287b30>
26005,2022-12-19 12:00:00,<function <lambda> at 0x7fa4962879f0>,<function <lambda> at 0x7fa496287a90>,<function <lambda> at 0x7fa496287b30>
26006,2022-12-19 13:00:00,<function <lambda> at 0x7fa4962879f0>,<function <lambda> at 0x7fa496287a90>,<function <lambda> at 0x7fa496287b30>
26007,2022-12-19 14:00:00,<function <lambda> at 0x7fa4962879f0>,<function <lambda> at 0x7fa496287a90>,<function <lambda> at 0x7fa496287b30>
26008,2022-12-19 15:00:00,<function <lambda> at 0x7fa4962879f0>,<function <lambda> at 0x7fa496287a90>,<function <lambda> at 0x7fa496287b30>
26009,2022-12-19 16:00:00,<function <lambda> at 0x7fa4962879f0>,<function <lambda> at 0x7fa496287a90>,<function <lambda> at 0x7fa496287b30>
26010,2022-12-19 17:00:00,<function <lambda> at 0x7fa4962879f0>,<function <lambda> at 0x7fa496287a90>,<function <lambda> at 0x7fa496287b30>
26011,2022-12-19 18:00:00,<function <lambda> at 0x7fa4962879f0>,<function <lambda> at 0x7fa496287a90>,<function <lambda> at 0x7fa496287b30>
26012,2022-12-19 19:00:00,<function <lambda> at 0x7fa4962879f0>,<function <lambda> at 0x7fa496287a90>,<function <lambda> at 0x7fa496287b30>
26013,2022-12-19 20:00:00,<function <lambda> at 0x7fa4962879f0>,<function <lambda> at 0x7fa496287a90>,<function <lambda> at 0x7fa496287b30>
26014,2022-12-19 21:00:00,<function <lambda> at 0x7fa4962879f0>,<function <lambda> at 0x7fa496287a90>,<function <lambda> at 0x7fa496287b30>
26015,2022-12-19 22:00:00,<function <lambda> at 0x7fa4962879f0>,<function <lambda> at 0x7fa496287a90>,<function <lambda> at 0x7fa496287b30>
26016,2022-12-19 23:00:00,<function <lambda> at 0x7fa4962879f0>,<function <lambda> at 0x7fa496287a90>,<function <lambda> at 0x7fa496287b30>
26017,2022-12-20 00:00:00,<function <lambda> at 0x7fa4962879f0>,<function <lambda> at 0x7fa496287a90>,<function <lambda> at 0x7fa496287b30>
26018,2022-12-20 01:00:00,<function <lambda> at 0x7fa4962879f0>,<function <lambda> at 0x7fa496287a90>,<function <lambda> at 0x7fa496287b30>
26019,2022-12-20 02:00:00,<function <lambda> at 0x7fa4962879f0>,<function <lambda> at 0x7fa496287a90>,<function <lambda> at 0x7fa496287b30>
26020,2022-12-20 03:00:00,<function <lambda> at 0x7fa4962879f0>,<function <lambda> at 0x7fa496287a90>,<function <lambda> at 0x7fa496287b30>
26021,2022-12-20 04:00:00,<function <lambda> at 0x7fa4962879f0>,<function <lambda> at 0x7fa496287a90>,<function <lambda> at 0x7fa496287b30>
26022,2022-12-20 05:00:00,<function <lambda> at 0x7fa4962879f0>,<function <lambda> at 0x7fa496287a90>,<function <lambda> at 0x7fa496287b30>
26023,2022-12-20 06:00:00,<function <lambda> at 0x7fa4962879f0>,<function <lambda> at 0x7fa496287a90>,<function <lambda> at 0x7fa496287b30>
26024,2022-12-20 07:00:00,<function <lambda> at 0x7fa4962879f0>,<function <lambda> at 0x7fa496287a90>,<function <lambda> at 0x7fa496287b30>
26025,2022-12-20 08:00:00,<function <lambda> at 0x7fa4962879f0>,<function <lambda> at 0x7fa496287a90>,<function <lambda> at 0x7fa496287b30>
26026,2022-12-20 09:00:00,<function <lambda> at 0x7fa4962879f0>,<function <lambda> at 0x7fa496287a90>,<function <lambda> at 0x7fa496287b30>
26027,2022-12-20 10:00:00,<function <lambda> at 0x7fa4962879f0>,<function <lambda> at 0x7fa496287a90>,<function <lambda> at 0x7fa496287b30>
26028,2022-12-20 11:00:00,<function <lambda> at 0x7fa4962879f0>,<function <lambda> at 0x7fa496287a90>,<function <lambda> at 0x7fa496287b30>
26029,2022-12-20 12:00:00,<function <lambda> at 0x7fa4962879f0>,<function <lambda> at 0x7fa496287a90>,<function <lambda> at 0x7fa496287b30>
26030,2022-12-20 13:00:00,<function <lambda> at 0x7fa4962879f0>,<function <lambda> at 0x7fa496287a90>,<function <lambda> at 0x7fa496287b30>
26031,2022-12-20 14:00:00,<function <lambda> at 0x7fa4962879f0>,<function <lambda> at 0x7fa496287a90>,<function <lambda> at 0x7fa496287b30>
26032,2022-12-20 15:00:00,<function <lambda> at 0x7fa4962879f0>,<function <lambda> at 0x7fa496287a90>,<function <lambda> at 0x7fa496287b30>
26033,2022-12-20 16:00:00,<function <lambda> at 0x7fa4962879f0>,<function <lambda> at 0x7fa496287a90>,<function <lambda> at 0x7fa496287b30>
26034,2022-12-20 17:00:00,<function <lambda> at 0x7fa4962879f0>,<function <lambda> at 0x7fa496287a90>,<function <lambda> at 0x7fa496287b30>
26035,2022-12-20 18:00:00,<function <lambda> at 0x7fa4962879f0>,<function <lambda> at 0x7fa496287a90>,<function <lambda> at 0x7fa496287b30>
26036,2022-12-20 19:00:00,<function <lambda> at 0x7fa4962879f0>,<function <lambda> at 0x7fa496287a90>,<function <lambda> at 0x7fa496287b30>
26037,2022-12-20 20:00:00,<function <lambda> at 0x7fa4962879f0>,<function <lambda> at 0x7fa496287a90>,<function <lambda> at 0x7fa496287b30>
26038,2022-12-20 21:00:00,<function <lambda> at 0x7fa4962879f0>,<function <lambda> at 0x7fa496287a90>,<function <lambda> at 0x7fa496287b30>
26039,2022-12-20 22:00:00,<function <lambda> at 0x7fa4962879f0>,<function <lambda> at 0x7fa496287a90>,<function <lambda> at 0x7fa496287b30>
26040,2022-12-20 23:00:00,<function <lambda> at 0x7fa4962879f0>,<function <lambda> at 0x7fa496287a90>,<function <lambda> at 0x7fa496287b30>
26041,2022-12-21 00:00:00,<function <lambda> at 0x7fa4962879f0>,<function <lambda> at 0x7fa496287a90>,<function <lambda> at 0x7fa496287b30>
26042,2022-12-21 01:00:00,<function <lambda> at 0x7fa4962879f0>,<function <lambda> at 0x7fa496287a90>,<function <lambda> at 0x7fa496287b30>
26043,2022-12-21 02:00:00,<function <lambda> at 0x7fa4962879f0>,<function <lambda> at 0x7fa496287a90>,<function <lambda> at 0x7fa496287b30>
26044,2022-12-21 03:00:00,<function <lambda> at 0x7fa4962879f0>,<function <lambda> at 0x7fa496287a90>,<function <lambda> at 0x7fa496287b30>
26045,2022-12-21 04:00:00,<function <lambda> at 0x7fa4962879f0>,<function <lambda> at 0x7fa496287a90>,<function <lambda> at 0x7fa496287b30>
26046,2022-12-21 05:00:00,<function <lambda> at 0x7fa4962879f0>,<function <lambda> at 0x7fa496287a90>,<function <lambda> at 0x7fa496287b30>
26047,2022-12-21 06:00:00,<function <lambda> at 0x7fa4962879f0>,<function <lambda> at 0x7fa496287a90>,<function <lambda> at 0x7fa496287b30>
26048,2022-12-21 07:00:00,<function <lambda> at 0x7fa4962879f0>,<function <lambda> at 0x7fa496287a90>,<function <lambda> at 0x7fa496287b30>
26049,2022-12-21 08:00:00,<function <lambda> at 0x7fa4962879f0>,<function <lambda> at 0x7fa496287a90>,<function <lambda> at 0x7fa496287b30>
26050,2022-12-21 09:00:00,<function <lambda> at 0x7fa4962879f0>,<function <lambda> at 0x7fa496287a90>,<function <lambda> at 0x7fa496287b30>
26051,2022-12-21 10:00:00,<function <lambda> at 0x7fa4962879f0>,<function <lambda> at 0x7fa496287a90>,<function <lambda> at 0x7fa496287b30>
26052,2022-12-21 11:00:00,<function <lambda> at 0x7fa4962879f0>,<function <lambda> at 0x7fa496287a90>,<function <lambda> at 0x7fa496287b30>
26053,2022-12-21 12:00:00,<function <lambda> at 0x7fa4962879f0>,<function <lambda> at 0x7fa496287a90>,<function <lambda> at 0x7fa496287b30>
26054,2022-12-21 13:00:00,<function <lambda> at 0x7fa4962879f0>,<function <lambda> at 0x7fa496287a90>,<function <lambda> at 0x7fa496287b30>
26055,2022-12-21 14:00:00,<function <lambda> at 0x7fa4962879f0>,<function <lambda> at 0x7fa496287a90>,<function <lambda> at 0x7fa496287b30>
26056,2022-12-21 15:00:00,<function <lambda> at 0x7fa4962879f0>,<function <lambda> at 0x7fa496287a90>,<function <lambda> at 0x7fa496287b30>
26057,2022-12-21 16:00:00,<function <lambda> at 0x7fa4962879f0>,<function <lambda> at 0x7fa496287a90>,<function <lambda> at 0x7fa496287b30>
26058,2022-12-21 17:00:00,<function <lambda> at 0x7fa4962879f0>,<function <lambda> at 0x7fa496287a90>,<function <lambda> at 0x7fa496287b30>
26059,2022-12-21 18:00:00,<function <lambda> at 0x7fa4962879f0>,<function <lambda> at 0x7fa496287a90>,<function <lambda> at 0x7fa496287b30>
26060,2022-12-21 19:00:00,<function <lambda> at 0x7fa4962879f0>,<function <lambda> at 0x7fa496287a90>,<function <lambda> at 0x7fa496287b30>
26061,2022-12-21 20:00:00,<function <lambda> at 0x7fa4962879f0>,<function <lambda> at 0x7fa496287a90>,<function <lambda> at 0x7fa496287b30>
26062,2022-12-21 21:00:00,<function <lambda> at 0x7fa4962879f0>,<function <lambda> at 0x7fa496287a90>,<function <lambda> at 0x7fa496287b30>
26063,2022-12-21 22:00:00,<function <lambda> at 0x7fa4962879f0>,<function <lambda> at 0x7fa496287a90>,<function <lambda> at 0x7fa496287b30>
26064,2022-12-21 23:00:00,<function <lambda> at 0x7fa4962879f0>,<function <lambda> at 0x7fa496287a90>,<function <lambda> at 0x7fa496287b30>
26065,2022-12-22 00:00:00,<function <lambda> at 0x7fa4962879f0>,<function <lambda> at 0x7fa496287a90>,<function <lambda> at 0x7fa496287b30>
26066,2022-12-22 01:00:00,<function <lambda> at 0x7fa4962879f0>,<function <lambda> at 0x7fa496287a90>,<function <lambda> at 0x7fa496287b30>
26067,2022-12-22 02:00:00,<function <lambda> at 0x7fa4962879f0>,<function <lambda> at 0x7fa496287a90>,<function <lambda> at 0x7fa496287b30>
26068,2022-12-22 03:00:00,<function <lambda> at 0x7fa4962879f0>,<function <lambda> at 0x7fa496287a90>,<function <lambda> at 0x7fa496287b30>
26069,2022-12-22 04:00:00,<function <lambda> at 0x7fa4962879f0>,<function <lambda> at 0x7fa496287a90>,<function <lambda> at 0x7fa496287b30>
26070,2022-12-22 05:00:00,<function <lambda> at 0x7fa4962879f0>,<function <lambda> at 0x7fa496287a90>,<function <lambda> at 0x7fa496287b30>
26071,2022-12-22 06:00:00,<function <lambda> at 0x7fa4962879f0>,<function <lambda> at 0x7fa496287a90>,<function <lambda> at 0x7fa496287b30>
26072,2022-12-22 07:00:00,<function <lambda> at 0x7fa4962879f0>,<function <lambda> at 0x7fa496287a90>,<function <lambda> at 0x7fa496287b30>
26073,2022-12-22 08:00:00,<function <lambda> at 0x7fa4962879f0>,<function <lambda> at 0x7fa496287a90>,<function <lambda> at 0x7fa496287b30>
26074,2022-12-22 09:00:00,<function <lambda> at 0x7fa4962879f0>,<function <lambda> at 0x7fa496287a90>,<function <lambda> at 0x7fa496287b30>
26075,2022-12-22 10:00:00,<function <lambda> at 0x7fa4962879f0>,<function <lambda> at 0x7fa496287a90>,<function <lambda> at 0x7fa496287b30>
26076,2022-12-22 11:00:00,<function <lambda> at 0x7fa4962879f0>,<function <lambda> at 0x7fa496287a90>,<function <lambda> at 0x7fa496287b30>
26077,2022-12-22 12:00:00,<function <lambda> at 0x7fa4962879f0>,<function <lambda> at 0x7fa496287a90>,<function <lambda> at 0x7fa496287b30>
26078,2022-12-22 13:00:00,<function <lambda> at 0x7fa4962879f0>,<function <lambda> at 0x7fa496287a90>,<function <lambda> at 0x7fa496287b30>
26079,2022-12-22 14:00:00,<function <lambda> at 0x7fa4962879f0>,<function <lambda> at 0x7fa496287a90>,<function <lambda> at 0x7fa496287b30>
26080,2022-12-22 15:00:00,<function <lambda> at 0x7fa4962879f0>,<function <lambda> at 0x7fa496287a90>,<function <lambda> at 0x7fa496287b30>
26081,2022-12-22 16:00:00,<function <lambda> at 0x7fa4962879f0>,<function <lambda> at 0x7fa496287a90>,<function <lambda> at 0x7fa496287b30>
26082,2022-12-22 17:00:00,<function <lambda> at 0x7fa4962879f0>,<function <lambda> at 0x7fa496287a90>,<function <lambda> at 0x7fa496287b30>
26083,2022-12-22 18:00:00,<function <lambda> at 0x7fa4962879f0>,<function <lambda> at 0x7fa496287a90>,<function <lambda> at 0x7fa496287b30>
26084,2022-12-22 19:00:00,<function <lambda> at 0x7fa4962879f0>,<function <lambda> at 0x7fa496287a90>,<function <lambda> at 0x7fa496287b30>
26085,2022-12-22 20:00:00,<function <lambda> at 0x7fa4962879f0>,<function <lambda> at 0x7fa496287a90>,<function <lambda> at 0x7fa496287b30>
26086,2022-12-22 21:00:00,<function <lambda> at 0x7fa4962879f0>,<function <lambda> at 0x7fa496287a90>,<function <lambda> at 0x7fa496287b30>
26087,2022-12-22 22:00:00,<function <lambda> at 0x7fa4962879f0>,<function <lambda> at 0x7fa496287a90>,<function <lambda> at 0x7fa496287b30>
26088,2022-12-22 23:00:00,<function <lambda> at 0x7fa4962879f0>,<function <lambda> at 0x7fa496287a90>,<function <lambda> at 0x7fa496287b30>
26089,2022-12-23 00:00:00,<function <lambda> at 0x7fa4962879f0>,<function <lambda> at 0x7fa496287a90>,<function <lambda> at 0x7fa496287b30>
26090,2022-12-23 01:00:00,<function <lambda> at 0x7fa4962879f0>,<function <lambda> at 0x7fa496287a90>,<function <lambda> at 0x7fa496287b30>
26091,2022-12-23 02:00:00,<function <lambda> at 0x7fa4962879f0>,<function <lambda> at 0x7fa496287a90>,<function <lambda> at 0x7fa496287b30>
26092,2022-12-23 03:00:00,<function <lambda> at 0x7fa4962879f0>,<function <lambda> at 0x7fa496287a90>,<function <lambda> at 0x7fa496287b30>
26093,2022-12-23 04:00:00,<function <lambda> at 0x7fa4962879f0>,<function <lambda> at 0x7fa496287a90>,<function <lambda> at 0x7fa496287b30>
26094,2022-12-23 05:00:00,<function <lambda> at 0x7fa4962879f0>,<function <lambda> at 0x7fa496287a90>,<function <lambda> at 0x7fa496287b30>
26095,2022-12-23 06:00:00,<function <lambda> at 0x7fa4962879f0>,<function <lambda> at 0x7fa496287a90>,<function <lambda> at 0x7fa496287b30>
26096,2022-12-23 07:00:00,<function <lambda> at 0x7fa4962879f0>,<function <lambda> at 0x7fa496287a90>,<function <lambda> at 0x7fa496287b30>
26097,2022-12-23 08:00:00,<function <lambda> at 0x7fa4962879f0>,<function <lambda> at 0x7fa496287a90>,<function <lambda> at 0x7fa496287b30>
26098,2022-12-23 09:00:00,<function <lambda> at 0x7fa4962879f0>,<function <lambda> at 0x7fa496287a90>,<function <lambda> at 0x7fa496287b30>
26099,2022-12-23 10:00:00,<function <lambda> at 0x7fa4962879f0>,<function <lambda> at 0x7fa496287a90>,<function <lambda> at 0x7fa496287b30>
26100,2022-12-23 11:00:00,<function <lambda> at 0x7fa4962879f0>,<function <lambda> at 0x7fa496287a90>,<function <lambda> at 0x7fa496287b30>
26101,2022-12-23 12:00:00,<function <lambda> at 0x7fa4962879f0>,<function <lambda> at 0x7fa496287a90>,<function <lambda> at 0x7fa496287b30>
26102,2022-12-23 13:00:00,<function <lambda> at 0x7fa4962879f0>,<function <lambda> at 0x7fa496287a90>,<function <lambda> at 0x7fa496287b30>
26103,2022-12-23 14:00:00,<function <lambda> at 0x7fa4962879f0>,<function <lambda> at 0x7fa496287a90>,<function <lambda> at 0x7fa496287b30>
26104,2022-12-23 15:00:00,<function <lambda> at 0x7fa4962879f0>,<function <lambda> at 0x7fa496287a90>,<function <lambda> at 0x7fa496287b30>
26105,2022-12-23 16:00:00,<function <lambda> at 0x7fa4962879f0>,<function <lambda> at 0x7fa496287a90>,<function <lambda> at 0x7fa496287b30>
26106,2022-12-23 17:00:00,<function <lambda> at 0x7fa4962879f0>,<function <lambda> at 0x7fa496287a90>,<function <lambda> at 0x7fa496287b30>
26107,2022-12-23 18:00:00,<function <lambda> at 0x7fa4962879f0>,<function <lambda> at 0x7fa496287a90>,<function <lambda> at 0x7fa496287b30>
26108,2022-12-23 19:00:00,<function <lambda> at 0x7fa4962879f0>,<function <lambda> at 0x7fa496287a90>,<function <lambda> at 0x7fa496287b30>
26109,2022-12-23 20:00:00,<function <lambda> at 0x7fa4962879f0>,<function <lambda> at 0x7fa496287a90>,<function <lambda> at 0x7fa496287b30>
26110,2022-12-23 21:00:00,<function <lambda> at 0x7fa4962879f0>,<function <lambda> at 0x7fa496287a90>,<function <lambda> at 0x7fa496287b30>
26111,2022-12-23 22:00:00,<function <lambda> at 0x7fa4962879f0>,<function <lambda> at 0x7fa496287a90>,<function <lambda> at 0x7fa496287b30>
26112,2022-12-23 23:00:00,<function <lambda> at 0x7fa4962879f0>,<function <lambda> at 0x7fa496287a90>,<function <lambda> at 0x7fa496287b30>
26113,2022-12-24 00:00:00,<function <lambda> at 0x7fa4962879f0>,<function <lambda> at 0x7fa496287a90>,<function <lambda> at 0x7fa496287b30>
26114,2022-12-24 01:00:00,<function <lambda> at 0x7fa4962879f0>,<function <lambda> at 0x7fa496287a90>,<function <lambda> at 0x7fa496287b30>
26115,2022-12-24 02:00:00,<function <lambda> at 0x7fa4962879f0>,<function <lambda> at 0x7fa496287a90>,<function <lambda> at 0x7fa496287b30>
26116,2022-12-24 03:00:00,<function <lambda> at 0x7fa4962879f0>,<function <lambda> at 0x7fa496287a90>,<function <lambda> at 0x7fa496287b30>
26117,2022-12-24 04:00:00,<function <lambda> at 0x7fa4962879f0>,<function <lambda> at 0x7fa496287a90>,<function <lambda> at 0x7fa496287b30>
26118,2022-12-24 05:00:00,<function <lambda> at 0x7fa4962879f0>,<function <lambda> at 0x7fa496287a90>,<function <lambda> at 0x7fa496287b30>
26119,2022-12-24 06:00:00,<function <lambda> at 0x7fa4962879f0>,<function <lambda> at 0x7fa496287a90>,<function <lambda> at 0x7fa496287b30>
26120,2022-12-24 07:00:00,<function <lambda> at 0x7fa4962879f0>,<function <lambda> at 0x7fa496287a90>,<function <lambda> at 0x7fa496287b30>
26121,2022-12-24 08:00:00,<function <lambda> at 0x7fa4962879f0>,<function <lambda> at 0x7fa496287a90>,<function <lambda> at 0x7fa496287b30>
26122,2022-12-24 09:00:00,<function <lambda> at 0x7fa4962879f0>,<function <lambda> at 0x7fa496287a90>,<function <lambda> at 0x7fa496287b30>
26123,2022-12-24 10:00:00,<function <lambda> at 0x7fa4962879f0>,<function <lambda> at 0x7fa496287a90>,<function <lambda> at 0x7fa496287b30>
26124,2022-12-24 11:00:00,<function <lambda> at 0x7fa4962879f0>,<function <lambda> at 0x7fa496287a90>,<function <lambda> at 0x7fa496287b30>
26125,2022-12-24 12:00:00,<function <lambda> at 0x7fa4962879f0>,<function <lambda> at 0x7fa496287a90>,<function <lambda> at 0x7fa496287b30>
26126,2022-12-24 13:00:00,<function <lambda> at 0x7fa4962879f0>,<function <lambda> at 0x7fa496287a90>,<function <lambda> at 0x7fa496287b30>
26127,2022-12-24 14:00:00,<function <lambda> at 0x7fa4962879f0>,<function <lambda> at 0x7fa496287a90>,<function <lambda> at 0x7fa496287b30>
26128,2022-12-24 15:00:00,<function <lambda> at 0x7fa4962879f0>,<function <lambda> at 0x7fa496287a90>,<function <lambda> at 0x7fa496287b30>
26129,2022-12-24 16:00:00,<function <lambda> at 0x7fa4962879f0>,<function <lambda> at 0x7fa496287a90>,<function <lambda> at 0x7fa496287b30>
26130,2022-12-24 17:00:00,<function <lambda> at 0x7fa4962879f0>,<function <lambda> at 0x7fa496287a90>,<function <lambda> at 0x7fa496287b30>
26131,2022-12-24 18:00:00,<function <lambda> at 0x7fa4962879f0>,<function <lambda> at 0x7fa496287a90>,<function <lambda> at 0x7fa496287b30>
26132,2022-12-24 19:00:00,<function <lambda> at 0x7fa4962879f0>,<function <lambda> at 0x7fa496287a90>,<function <lambda> at 0x7fa496287b30>
26133,2022-12-24 20:00:00,<function <lambda> at 0x7fa4962879f0>,<function <lambda> at 0x7fa496287a90>,<function <lambda> at 0x7fa496287b30>
26134,2022-12-24 21:00:00,<function <lambda> at 0x7fa4962879f0>,<function <lambda> at 0x7fa496287a90>,<function <lambda> at 0x7fa496287b30>
26135,2022-12-24 22:00:00,<function <lambda> at 0x7fa4962879f0>,<function <lambda> at 0x7fa496287a90>,<function <lambda> at 0x7fa496287b30>
26136,2022-12-24 23:00:00,<function <lambda> at 0x7fa4962879f0>,<function <lambda> at 0x7fa496287a90>,<function <lambda> at 0x7fa496287b30>
26137,2022-12-25 00:00:00,<function <lambda> at 0x7fa4962879f0>,<function <lambda> at 0x7fa496287a90>,<function <lambda> at 0x7fa496287b30>
26138,2022-12-25 01:00:00,<function <lambda> at 0x7fa4962879f0>,<function <lambda> at 0x7fa496287a90>,<function <lambda> at 0x7fa496287b30>
26139,2022-12-25 02:00:00,<function <lambda> at 0x7fa4962879f0>,<function <lambda> at 0x7fa496287a90>,<function <lambda> at 0x7fa496287b30>
26140,2022-12-25 03:00:00,<function <lambda> at 0x7fa4962879f0>,<function <lambda> at 0x7fa496287a90>,<function <lambda> at 0x7fa496287b30>
26141,2022-12-25 04:00:00,<function <lambda> at 0x7fa4962879f0>,<function <lambda> at 0x7fa496287a90>,<function <lambda> at 0x7fa496287b30>
26142,2022-12-25 05:00:00,<function <lambda> at 0x7fa4962879f0>,<function <lambda> at 0x7fa496287a90>,<function <lambda> at 0x7fa496287b30>
26143,2022-12-25 06:00:00,<function <lambda> at 0x7fa4962879f0>,<function <lambda> at 0x7fa496287a90>,<function <lambda> at 0x7fa496287b30>
26144,2022-12-25 07:00:00,<function <lambda> at 0x7fa4962879f0>,<function <lambda> at 0x7fa496287a90>,<function <lambda> at 0x7fa496287b30>
26145,2022-12-25 08:00:00,<function <lambda> at 0x7fa4962879f0>,<function <lambda> at 0x7fa496287a90>,<function <lambda> at 0x7fa496287b30>
26146,2022-12-25 09:00:00,<function <lambda> at 0x7fa4962879f0>,<function <lambda> at 0x7fa496287a90>,<function <lambda> at 0x7fa496287b30>
26147,2022-12-25 10:00:00,<function <lambda> at 0x7fa4962879f0>,<function <lambda> at 0x7fa496287a90>,<function <lambda> at 0x7fa496287b30>
26148,2022-12-25 11:00:00,<function <lambda> at 0x7fa4962879f0>,<function <lambda> at 0x7fa496287a90>,<function <lambda> at 0x7fa496287b30>
26149,2022-12-25 12:00:00,<function <lambda> at 0x7fa4962879f0>,<function <lambda> at 0x7fa496287a90>,<function <lambda> at 0x7fa496287b30>
26150,2022-12-25 13:00:00,<function <lambda> at 0x7fa4962879f0>,<function <lambda> at 0x7fa496287a90>,<function <lambda> at 0x7fa496287b30>
26151,2022-12-25 14:00:00,<function <lambda> at 0x7fa4962879f0>,<function <lambda> at 0x7fa496287a90>,<function <lambda> at 0x7fa496287b30>
26152,2022-12-25 15:00:00,<function <lambda> at 0x7fa4962879f0>,<function <lambda> at 0x7fa496287a90>,<function <lambda> at 0x7fa496287b30>
26153,2022-12-25 16:00:00,<function <lambda> at 0x7fa4962879f0>,<function <lambda> at 0x7fa496287a90>,<function <lambda> at 0x7fa496287b30>
26154,2022-12-25 17:00:00,<function <lambda> at 0x7fa4962879f0>,<function <lambda> at 0x7fa496287a90>,<function <lambda> at 0x7fa496287b30>
26155,2022-12-25 18:00:00,<function <lambda> at 0x7fa4962879f0>,<function <lambda> at 0x7fa496287a90>,<function <lambda> at 0x7fa496287b30>
26156,2022-12-25 19:00:00,<function <lambda> at 0x7fa4962879f0>,<function <lambda> at 0x7fa496287a90>,<function <lambda> at 0x7fa496287b30>
26157,2022-12-25 20:00:00,<function <lambda> at 0x7fa4962879f0>,<function <lambda> at 0x7fa496287a90>,<function <lambda> at 0x7fa496287b30>
26158,2022-12-25 21:00:00,<function <lambda> at 0x7fa4962879f0>,<function <lambda> at 0x7fa496287a90>,<function <lambda> at 0x7fa496287b30>
26159,2022-12-25 22:00:00,<function <lambda> at 0x7fa4962879f0>,<function <lambda> at 0x7fa496287a90>,<function <lambda> at 0x7fa496287b30>
26160,2022-12-25 23:00:00,<function <lambda> at 0x7fa4962879f0>,<function <lambda> at 0x7fa496287a90>,<function <lambda> at 0x7fa496287b30>
26161,2022-12-26 00:00:00,<function <lambda> at 0x7fa4962879f0>,<function <lambda> at 0x7fa496287a90>,<function <lambda> at 0x7fa496287b30>
26162,2022-12-26 01:00:00,<function <lambda> at 0x7fa4962879f0>,<function <lambda> at 0x7fa496287a90>,<function <lambda> at 0x7fa496287b30>
26163,2022-12-26 02:00:00,<function <lambda> at 0x7fa4962879f0>,<function <lambda> at 0x7fa496287a90>,<function <lambda> at 0x7fa496287b30>
26164,2022-12-26 03:00:00,<function <lambda> at 0x7fa4962879f0>,<function <lambda> at 0x7fa496287a90>,<function <lambda> at 0x7fa496287b30>
26165,2022-12-26 04:00:00,<function <lambda> at 0x7fa4962879f0>,<function <lambda> at 0x7fa496287a90>,<function <lambda> at 0x7fa496287b30>
26166,2022-12-26 05:00:00,<function <lambda> at 0x7fa4962879f0>,<function <lambda> at 0x7fa496287a90>,<function <lambda> at 0x7fa496287b30>
26167,2022-12-26 06:00:00,<function <lambda> at 0x7fa4962879f0>,<function <lambda> at 0x7fa496287a90>,<function <lambda> at 0x7fa496287b30>
26168,2022-12-26 07:00:00,<function <lambda> at 0x7fa4962879f0>,<function <lambda> at 0x7fa496287a90>,<function <lambda> at 0x7fa496287b30>
26169,2022-12-26 08:00:00,<function <lambda> at 0x7fa4962879f0>,<function <lambda> at 0x7fa496287a90>,<function <lambda> at 0x7fa496287b30>
26170,2022-12-26 09:00:00,<function <lambda> at 0x7fa4962879f0>,<function <lambda> at 0x7fa496287a90>,<function <lambda> at 0x7fa496287b30>
26171,2022-12-26 10:00:00,<function <lambda> at 0x7fa4962879f0>,<function <lambda> at 0x7fa496287a90>,<function <lambda> at 0x7fa496287b30>
26172,2022-12-26 11:00:00,<function <lambda> at 0x7fa4962879f0>,<function <lambda> at 0x7fa496287a90>,<function <lambda> at 0x7fa496287b30>
26173,2022-12-26 12:00:00,<function <lambda> at 0x7fa4962879f0>,<function <lambda> at 0x7fa496287a90>,<function <lambda> at 0x7fa496287b30>
26174,2022-12-26 13:00:00,<function <lambda> at 0x7fa4962879f0>,<function <lambda> at 0x7fa496287a90>,<function <lambda> at 0x7fa496287b30>
26175,2022-12-26 14:00:00,<function <lambda> at 0x7fa4962879f0>,<function <lambda> at 0x7fa496287a90>,<function <lambda> at 0x7fa496287b30>
26176,2022-12-26 15:00:00,<function <lambda> at 0x7fa4962879f0>,<function <lambda> at 0x7fa496287a90>,<function <lambda> at 0x7fa496287b30>
26177,2022-12-26 16:00:00,<function <lambda> at 0x7fa4962879f0>,<function <lambda> at 0x7fa496287a90>,<function <lambda> at 0x7fa496287b30>
26178,2022-12-26 17:00:00,<function <lambda> at 0x7fa4962879f0>,<function <lambda> at 0x7fa496287a90>,<function <lambda> at 0x7fa496287b30>
26179,2022-12-26 18:00:00,<function <lambda> at 0x7fa4962879f0>,<function <lambda> at 0x7fa496287a90>,<function <lambda> at 0x7fa496287b30>
26180,2022-12-26 19:00:00,<function <lambda> at 0x7fa4962879f0>,<function <lambda> at 0x7fa496287a90>,<function <lambda> at 0x7fa496287b30>
26181,2022-12-26 20:00:00,<function <lambda> at 0x7fa4962879f0>,<function <lambda> at 0x7fa496287a90>,<function <lambda> at 0x7fa496287b30>
26182,2022-12-26 21:00:00,<function <lambda> at 0x7fa4962879f0>,<function <lambda> at 0x7fa496287a90>,<function <lambda> at 0x7fa496287b30>
26183,2022-12-26 22:00:00,<function <lambda> at 0x7fa4962879f0>,<function <lambda> at 0x7fa496287a90>,<function <lambda> at 0x7fa496287b30>
26184,2022-12-26 23:00:00,<function <lambda> at 0x7fa4962879f0>,<function <lambda> at 0x7fa496287a90>,<function <lambda> at 0x7fa496287b30>
26185,2022-12-27 00:00:00,<function <lambda> at 0x7fa4962879f0>,<function <lambda> at 0x7fa496287a90>,<function <lambda> at 0x7fa496287b30>
26186,2022-12-27 01:00:00,<function <lambda> at 0x7fa4962879f0>,<function <lambda> at 0x7fa496287a90>,<function <lambda> at 0x7fa496287b30>
26187,2022-12-27 02:00:00,<function <lambda> at 0x7fa4962879f0>,<function <lambda> at 0x7fa496287a90>,<function <lambda> at 0x7fa496287b30>
26188,2022-12-27 03:00:00,<function <lambda> at 0x7fa4962879f0>,<function <lambda> at 0x7fa496287a90>,<function <lambda> at 0x7fa496287b30>
26189,2022-12-27 04:00:00,<function <lambda> at 0x7fa4962879f0>,<function <lambda> at 0x7fa496287a90>,<function <lambda> at 0x7fa496287b30>
26190,2022-12-27 05:00:00,<function <lambda> at 0x7fa4962879f0>,<function <lambda> at 0x7fa496287a90>,<function <lambda> at 0x7fa496287b30>
26191,2022-12-27 06:00:00,<function <lambda> at 0x7fa4962879f0>,<function <lambda> at 0x7fa496287a90>,<function <lambda> at 0x7fa496287b30>
26192,2022-12-27 07:00:00,<function <lambda> at 0x7fa4962879f0>,<function <lambda> at 0x7fa496287a90>,<function <lambda> at 0x7fa496287b30>
26193,2022-12-27 08:00:00,<function <lambda> at 0x7fa4962879f0>,<function <lambda> at 0x7fa496287a90>,<function <lambda> at 0x7fa496287b30>
26194,2022-12-27 09:00:00,<function <lambda> at 0x7fa4962879f0>,<function <lambda> at 0x7fa496287a90>,<function <lambda> at 0x7fa496287b30>
26195,2022-12-27 10:00:00,<function <lambda> at 0x7fa4962879f0>,<function <lambda> at 0x7fa496287a90>,<function <lambda> at 0x7fa496287b30>
26196,2022-12-27 11:00:00,<function <lambda> at 0x7fa4962879f0>,<function <lambda> at 0x7fa496287a90>,<function <lambda> at 0x7fa496287b30>
26197,2022-12-27 12:00:00,<function <lambda> at 0x7fa4962879f0>,<function <lambda> at 0x7fa496287a90>,<function <lambda> at 0x7fa496287b30>
26198,2022-12-27 13:00:00,<function <lambda> at 0x7fa4962879f0>,<function <lambda> at 0x7fa496287a90>,<function <lambda> at 0x7fa496287b30>
26199,2022-12-27 14:00:00,<function <lambda> at 0x7fa4962879f0>,<function <lambda> at 0x7fa496287a90>,<function <lambda> at 0x7fa496287b30>
26200,2022-12-27 15:00:00,<function <lambda> at 0x7fa4962879f0>,<function <lambda> at 0x7fa496287a90>,<function <lambda> at 0x7fa496287b30>
26201,2022-12-27 16:00:00,<function <lambda> at 0x7fa4962879f0>,<function <lambda> at 0x7fa496287a90>,<function <lambda> at 0x7fa496287b30>
26202,2022-12-27 17:00:00,<function <lambda> at 0x7fa4962879f0>,<function <lambda> at 0x7fa496287a90>,<function <lambda> at 0x7fa496287b30>
26203,2022-12-27 18:00:00,<function <lambda> at 0x7fa4962879f0>,<function <lambda> at 0x7fa496287a90>,<function <lambda> at 0x7fa496287b30>
26204,2022-12-27 19:00:00,<function <lambda> at 0x7fa4962879f0>,<function <lambda> at 0x7fa496287a90>,<function <lambda> at 0x7fa496287b30>
26205,2022-12-27 20:00:00,<function <lambda> at 0x7fa4962879f0>,<function <lambda> at 0x7fa496287a90>,<function <lambda> at 0x7fa496287b30>
26206,2022-12-27 21:00:00,<function <lambda> at 0x7fa4962879f0>,<function <lambda> at 0x7fa496287a90>,<function <lambda> at 0x7fa496287b30>
26207,2022-12-27 22:00:00,<function <lambda> at 0x7fa4962879f0>,<function <lambda> at 0x7fa496287a90>,<function <lambda> at 0x7fa496287b30>
26208,2022-12-27 23:00:00,<function <lambda> at 0x7fa4962879f0>,<function <lambda> at 0x7fa496287a90>,<function <lambda> at 0x7fa496287b30>
26209,2022-12-28 00:00:00,<function <lambda> at 0x7fa4962879f0>,<function <lambda> at 0x7fa496287a90>,<function <lambda> at 0x7fa496287b30>
26210,2022-12-28 01:00:00,<function <lambda> at 0x7fa4962879f0>,<function <lambda> at 0x7fa496287a90>,<function <lambda> at 0x7fa496287b30>
26211,2022-12-28 02:00:00,<function <lambda> at 0x7fa4962879f0>,<function <lambda> at 0x7fa496287a90>,<function <lambda> at 0x7fa496287b30>
26212,2022-12-28 03:00:00,<function <lambda> at 0x7fa4962879f0>,<function <lambda> at 0x7fa496287a90>,<function <lambda> at 0x7fa496287b30>
26213,2022-12-28 04:00:00,<function <lambda> at 0x7fa4962879f0>,<function <lambda> at 0x7fa496287a90>,<function <lambda> at 0x7fa496287b30>
26214,2022-12-28 05:00:00,<function <lambda> at 0x7fa4962879f0>,<function <lambda> at 0x7fa496287a90>,<function <lambda> at 0x7fa496287b30>
26215,2022-12-28 06:00:00,<function <lambda> at 0x7fa4962879f0>,<function <lambda> at 0x7fa496287a90>,<function <lambda> at 0x7fa496287b30>
26216,2022-12-28 07:00:00,<function <lambda> at 0x7fa4962879f0>,<function <lambda> at 0x7fa496287a90>,<function <lambda> at 0x7fa496287b30>
26217,2022-12-28 08:00:00,<function <lambda> at 0x7fa4962879f0>,<function <lambda> at 0x7fa496287a90>,<function <lambda> at 0x7fa496287b30>
26218,2022-12-28 09:00:00,<function <lambda> at 0x7fa4962879f0>,<function <lambda> at 0x7fa496287a90>,<function <lambda> at 0x7fa496287b30>
26219,2022-12-28 10:00:00,<function <lambda> at 0x7fa4962879f0>,<function <lambda> at 0x7fa496287a90>,<function <lambda> at 0x7fa496287b30>
26220,2022-12-28 11:00:00,<function <lambda> at 0x7fa4962879f0>,<function <lambda> at 0x7fa496287a90>,<function <lambda> at 0x7fa496287b30>
26221,2022-12-28 12:00:00,<function <lambda> at 0x7fa4962879f0>,<function <lambda> at 0x7fa496287a90>,<function <lambda> at 0x7fa496287b30>
26222,2022-12-28 13:00:00,<function <lambda> at 0x7fa4962879f0>,<function <lambda> at 0x7fa496287a90>,<function <lambda> at 0x7fa496287b30>
26223,2022-12-28 14:00:00,<function <lambda> at 0x7fa4962879f0>,<function <lambda> at 0x7fa496287a90>,<function <lambda> at 0x7fa496287b30>
26224,2022-12-28 15:00:00,<function <lambda> at 0x7fa4962879f0>,<function <lambda> at 0x7fa496287a90>,<function <lambda> at 0x7fa496287b30>
26225,2022-12-28 16:00:00,<function <lambda> at 0x7fa4962879f0>,<function <lambda> at 0x7fa496287a90>,<function <lambda> at 0x7fa496287b30>
26226,2022-12-28 17:00:00,<function <lambda> at 0x7fa4962879f0>,<function <lambda> at 0x7fa496287a90>,<function <lambda> at 0x7fa496287b30>
26227,2022-12-28 18:00:00,<function <lambda> at 0x7fa4962879f0>,<function <lambda> at 0x7fa496287a90>,<function <lambda> at 0x7fa496287b30>
26228,2022-12-28 19:00:00,<function <lambda> at 0x7fa4962879f0>,<function <lambda> at 0x7fa496287a90>,<function <lambda> at 0x7fa496287b30>
26229,2022-12-28 20:00:00,<function <lambda> at 0x7fa4962879f0>,<function <lambda> at 0x7fa496287a90>,<function <lambda> at 0x7fa496287b30>
26230,2022-12-28 21:00:00,<function <lambda> at 0x7fa4962879f0>,<function <lambda> at 0x7fa496287a90>,<function <lambda> at 0x7fa496287b30>
26231,2022-12-28 22:00:00,<function <lambda> at 0x7fa4962879f0>,<function <lambda> at 0x7fa496287a90>,<function <lambda> at 0x7fa496287b30>
26232,2022-12-28 23:00:00,<function <lambda> at 0x7fa4962879f0>,<function <lambda> at 0x7fa496287a90>,<function <lambda> at 0x7fa496287b30>
26233,2022-12-29 00:00:00,<function <lambda> at 0x7fa4962879f0>,<function <lambda> at 0x7fa496287a90>,<function <lambda> at 0x7fa496287b30>
26234,2022-12-29 01:00:00,<function <lambda> at 0x7fa4962879f0>,<function <lambda> at 0x7fa496287a90>,<function <lambda> at 0x7fa496287b30>
26235,2022-12-29 02:00:00,<function <lambda> at 0x7fa4962879f0>,<function <lambda> at 0x7fa496287a90>,<function <lambda> at 0x7fa496287b30>
26236,2022-12-29 03:00:00,<function <lambda> at 0x7fa4962879f0>,<function <lambda> at 0x7fa496287a90>,<function <lambda> at 0x7fa496287b30>
26237,2022-12-29 04:00:00,<function <lambda> at 0x7fa4962879f0>,<function <lambda> at 0x7fa496287a90>,<function <lambda> at 0x7fa496287b30>
26238,2022-12-29 05:00:00,<function <lambda> at 0x7fa4962879f0>,<function <lambda> at 0x7fa496287a90>,<function <lambda> at 0x7fa496287b30>
26239,2022-12-29 06:00:00,<function <lambda> at 0x7fa4962879f0>,<function <lambda> at 0x7fa496287a90>,<function <lambda> at 0x7fa496287b30>
26240,2022-12-29 07:00:00,<function <lambda> at 0x7fa4962879f0>,<function <lambda> at 0x7fa496287a90>,<function <lambda> at 0x7fa496287b30>
26241,2022-12-29 08:00:00,<function <lambda> at 0x7fa4962879f0>,<function <lambda> at 0x7fa496287a90>,<function <lambda> at 0x7fa496287b30>
26242,2022-12-29 09:00:00,<function <lambda> at 0x7fa4962879f0>,<function <lambda> at 0x7fa496287a90>,<function <lambda> at 0x7fa496287b30>
26243,2022-12-29 10:00:00,<function <lambda> at 0x7fa4962879f0>,<function <lambda> at 0x7fa496287a90>,<function <lambda> at 0x7fa496287b30>
26244,2022-12-29 11:00:00,<function <lambda> at 0x7fa4962879f0>,<function <lambda> at 0x7fa496287a90>,<function <lambda> at 0x7fa496287b30>
26245,2022-12-29 12:00:00,<function <lambda> at 0x7fa4962879f0>,<function <lambda> at 0x7fa496287a90>,<function <lambda> at 0x7fa496287b30>
26246,2022-12-29 13:00:00,<function <lambda> at 0x7fa4962879f0>,<function <lambda> at 0x7fa496287a90>,<function <lambda> at 0x7fa496287b30>
26247,2022-12-29 14:00:00,<function <lambda> at 0x7fa4962879f0>,<function <lambda> at 0x7fa496287a90>,<function <lambda> at 0x7fa496287b30>
26248,2022-12-29 15:00:00,<function <lambda> at 0x7fa4962879f0>,<function <lambda> at 0x7fa496287a90>,<function <lambda> at 0x7fa496287b30>
26249,2022-12-29 16:00:00,<function <lambda> at 0x7fa4962879f0>,<function <lambda> at 0x7fa496287a90>,<function <lambda> at 0x7fa496287b30>
26250,2022-12-29 17:00:00,<function <lambda> at 0x7fa4962879f0>,<function <lambda> at 0x7fa496287a90>,<function <lambda> at 0x7fa496287b30>
26251,2022-12-29 18:00:00,<function <lambda> at 0x7fa4962879f0>,<function <lambda> at 0x7fa496287a90>,<function <lambda> at 0x7fa496287b30>
26252,2022-12-29 19:00:00,<function <lambda> at 0x7fa4962879f0>,<function <lambda> at 0x7fa496287a90>,<function <lambda> at 0x7fa496287b30>
26253,2022-12-29 20:00:00,<function <lambda> at 0x7fa4962879f0>,<function <lambda> at 0x7fa496287a90>,<function <lambda> at 0x7fa496287b30>
26254,2022-12-29 21:00:00,<function <lambda> at 0x7fa4962879f0>,<function <lambda> at 0x7fa496287a90>,<function <lambda> at 0x7fa496287b30>
26255,2022-12-29 22:00:00,<function <lambda> at 0x7fa4962879f0>,<function <lambda> at 0x7fa496287a90>,<function <lambda> at 0x7fa496287b30>
26256,2022-12-29 23:00:00,<function <lambda> at 0x7fa4962879f0>,<function <lambda> at 0x7fa496287a90>,<function <lambda> at 0x7fa496287b30>
26257,2022-12-30 00:00:00,<function <lambda> at 0x7fa4962879f0>,<function <lambda> at 0x7fa496287a90>,<function <lambda> at 0x7fa496287b30>
26258,2022-12-30 01:00:00,<function <lambda> at 0x7fa4962879f0>,<function <lambda> at 0x7fa496287a90>,<function <lambda> at 0x7fa496287b30>
26259,2022-12-30 02:00:00,<function <lambda> at 0x7fa4962879f0>,<function <lambda> at 0x7fa496287a90>,<function <lambda> at 0x7fa496287b30>
26260,2022-12-30 03:00:00,<function <lambda> at 0x7fa4962879f0>,<function <lambda> at 0x7fa496287a90>,<function <lambda> at 0x7fa496287b30>
26261,2022-12-30 04:00:00,<function <lambda> at 0x7fa4962879f0>,<function <lambda> at 0x7fa496287a90>,<function <lambda> at 0x7fa496287b30>
26262,2022-12-30 05:00:00,<function <lambda> at 0x7fa4962879f0>,<function <lambda> at 0x7fa496287a90>,<function <lambda> at 0x7fa496287b30>
26263,2022-12-30 06:00:00,<function <lambda> at 0x7fa4962879f0>,<function <lambda> at 0x7fa496287a90>,<function <lambda> at 0x7fa496287b30>
26264,2022-12-30 07:00:00,<function <lambda> at 0x7fa4962879f0>,<function <lambda> at 0x7fa496287a90>,<function <lambda> at 0x7fa496287b30>
26265,2022-12-30 08:00:00,<function <lambda> at 0x7fa4962879f0>,<function <lambda> at 0x7fa496287a90>,<function <lambda> at 0x7fa496287b30>
26266,2022-12-30 09:00:00,<function <lambda> at 0x7fa4962879f0>,<function <lambda> at 0x7fa496287a90>,<function <lambda> at 0x7fa496287b30>
26267,2022-12-30 10:00:00,<function <lambda> at 0x7fa4962879f0>,<function <lambda> at 0x7fa496287a90>,<function <lambda> at 0x7fa496287b30>
26268,2022-12-30 11:00:00,<function <lambda> at 0x7fa4962879f0>,<function <lambda> at 0x7fa496287a90>,<function <lambda> at 0x7fa496287b30>
26269,2022-12-30 12:00:00,<function <lambda> at 0x7fa4962879f0>,<function <lambda> at 0x7fa496287a90>,<function <lambda> at 0x7fa496287b30>
26270,2022-12-30 13:00:00,<function <lambda> at 0x7fa4962879f0>,<function <lambda> at 0x7fa496287a90>,<function <lambda> at 0x7fa496287b30>
26271,2022-12-30 14:00:00,<function <lambda> at 0x7fa4962879f0>,<function <lambda> at 0x7fa496287a90>,<function <lambda> at 0x7fa496287b30>
26272,2022-12-30 15:00:00,<function <lambda> at 0x7fa4962879f0>,<function <lambda> at 0x7fa496287a90>,<function <lambda> at 0x7fa496287b30>
26273,2022-12-30 16:00:00,<function <lambda> at 0x7fa4962879f0>,<function <lambda> at 0x7fa496287a90>,<function <lambda> at 0x7fa496287b30>
26274,2022-12-30 17:00:00,<function <lambda> at 0x7fa4962879f0>,<function <lambda> at 0x7fa496287a90>,<function <lambda> at 0x7fa496287b30>
26275,2022-12-30 18:00:00,<function <lambda> at 0x7fa4962879f0>,<function <lambda> at 0x7fa496287a90>,<function <lambda> at 0x7fa496287b30>
26276,2022-12-30 19:00:00,<function <lambda> at 0x7fa4962879f0>,<function <lambda> at 0x7fa496287a90>,<function <lambda> at 0x7fa496287b30>
26277,2022-12-30 20:00:00,<function <lambda> at 0x7fa4962879f0>,<function <lambda> at 0x7fa496287a90>,<function <lambda> at 0x7fa496287b30>
26278,2022-12-30 21:00:00,<function <lambda> at 0x7fa4962879f0>,<function <lambda> at 0x7fa496287a90>,<function <lambda> at 0x7fa496287b30>
26279,2022-12-30 22:00:00,<function <lambda> at 0x7fa4962879f0>,<function <lambda> at 0x7fa496287a90>,<function <lambda> at 0x7fa496287b30>
26280,2022-12-30 23:00:00,<function <lambda> at 0x7fa4962879f0>,<function <lambda> at 0x7fa496287a90>,<function <lambda> at 0x7fa496287b30>
26281,2022-12-31 00:00:00,<function <lambda> at 0x7fa4962879f0>,<function <lambda> at 0x7fa496287a90>,<function <lambda> at 0x7fa496287b30>
26282,2022-12-31 01:00:00,<function <lambda> at 0x7fa4962879f0>,<function <lambda> at 0x7fa496287a90>,<function <lambda> at 0x7fa496287b30>
26283,2022-12-31 02:00:00,<function <lambda> at 0x7fa4962879f0>,<function <lambda> at 0x7fa496287a90>,<function <lambda> at 0x7fa496287b30>
26284,2022-12-31 03:00:00,<function <lambda> at 0x7fa4962879f0>,<function <lambda> at 0x7fa496287a90>,<function <lambda> at 0x7fa496287b30>
26285,2022-12-31 04:00:00,<function <lambda> at 0x7fa4962879f0>,<function <lambda> at 0x7fa496287a90>,<function <lambda> at 0x7fa496287b30>
26286,2022-12-31 05:00:00,<function <lambda> at 0x7fa4962879f0>,<function <lambda> at 0x7fa496287a90>,<function <lambda> at 0x7fa496287b30>
26287,2022-12-31 06:00:00,<function <lambda> at 0x7fa4962879f0>,<function <lambda> at 0x7fa496287a90>,<function <lambda> at 0x7fa496287b30>
26288,2022-12-31 07:00:00,<function <lambda> at 0x7fa4962879f0>,<function <lambda> at 0x7fa496287a90>,<function <lambda> at 0x7fa496287b30>
26289,2022-12-31 08:00:00,<function <lambda> at 0x7fa4962879f0>,<function <lambda> at 0x7fa496287a90>,<function <lambda> at 0x7fa496287b30>
26290,2022-12-31 09:00:00,<function <lambda> at 0x7fa4962879f0>,<function <lambda> at 0x7fa496287a90>,<function <lambda> at 0x7fa496287b30>
26291,2022-12-31 10:00:00,<function <lambda> at 0x7fa4962879f0>,<function <lambda> at 0x7fa496287a90>,<function <lambda> at 0x7fa496287b30>
26292,2022-12-31 11:00:00,<function <lambda> at 0x7fa4962879f0>,<function <lambda> at 0x7fa496287a90>,<function <lambda> at 0x7fa496287b30>
26293,2022-12-31 12:00:00,<function <lambda> at 0x7fa4962879f0>,<function <lambda> at 0x7fa496287a90>,<function <lambda> at 0x7fa496287b30>
26294,2022-12-31 13:00:00,<function <lambda> at 0x7fa4962879f0>,<function <lambda> at 0x7fa496287a90>,<function <lambda> at 0x7fa496287b30>
26295,2022-12-31 14:00:00,<function <lambda> at 0x7fa4962879f0>,<function <lambda> at 0x7fa496287a90>,<function <lambda> at 0x7fa496287b30>
26296,2022-12-31 15:00:00,<function <lambda> at 0x7fa4962879f0>,<function <lambda> at 0x7fa496287a90>,<function <lambda> at 0x7fa496287b30>
26297,2022-12-31 16:00:00,<function <lambda> at 0x7fa4962879f0>,<function <lambda> at 0x7fa496287a90>,<function <lambda> at 0x7fa496287b30>
26298,2022-12-31 17:00:00,<function <lambda> at 0x7fa4962879f0>,<function <lambda> at 0x7fa496287a90>,<function <lambda> at 0x7fa496287b30>
26299,2022-12-31 18:00:00,<function <lambda> at 0x7fa4962879f0>,<function <lambda> at 0x7fa496287a90>,<function <lambda> at 0x7fa496287b30>
26300,2022-12-31 19:00:00,<function <lambda> at 0x7fa4962879f0>,<function <lambda> at 0x7fa496287a90>,<function <lambda> at 0x7fa496287b30>
26301,2022-12-31 20:00:00,<function <lambda> at 0x7fa4962879f0>,<function <lambda> at 0x7fa496287a90>,<function <lambda> at 0x7fa496287b30>
26302,2022-12-31 21:00:00,<function <lambda> at 0x7fa4962879f0>,<function <lambda> at 0x7fa496287a90>,<function <lambda> at 0x7fa496287b30>
26303,2022-12-31 22:00:00,<function <lambda> at 0x7fa4962879f0>,<function <lambda> at 0x7fa496287a90>,<function <lambda> at 0x7fa496287b30>
26304,2022-12-31 23:00:00,<function <lambda> at 0x7fa4962879f0>,<function <lambda> at 0x7fa496287a90>,<function <lambda> at 0x7fa496287b30>
26305,2023-01-01 00:00:00,<function <lambda> at 0x7fa4962879f0>,<function <lambda> at 0x7fa496287a90>,<function <lambda> at 0x7fa496287b30>
26306,2023-01-01 01:00:00,<function <lambda> at 0x7fa4962879f0>,<function <lambda> at 0x7fa496287a90>,<function <lambda> at 0x7fa496287b30>
26307,2023-01-01 02:00:00,<function <lambda> at 0x7fa4962879f0>,<function <lambda> at 0x7fa496287a90>,<function <lambda> at 0x7fa496287b30>
26308,2023-01-01 03:00:00,<function <lambda> at 0x7fa4962879f0>,<function <lambda> at 0x7fa496287a90>,<function <lambda> at 0x7fa496287b30>
26309,2023-01-01 04:00:00,<function <lambda> at 0x7fa4962879f0>,<function <lambda> at 0x7fa496287a90>,<function <lambda> at 0x7fa496287b30>
26310,2023-01-01 05:00:00,<function <lambda> at 0x7fa4962879f0>,<function <lambda> at 0x7fa496287a90>,<function <lambda> at 0x7fa496287b30>
26311,2023-01-01 06:00:00,<function <lambda> at 0x7fa4962879f0>,<function <lambda> at 0x7fa496287a90>,<function <lambda> at 0x7fa496287b30>
26312,2023-01-01 07:00:00,<function <lambda> at 0x7fa4962879f0>,<function <lambda> at 0x7fa496287a90>,<function <lambda> at 0x7fa496287b30>
26313,2023-01-01 08:00:00,<function <lambda> at 0x7fa4962879f0>,<function <lambda> at 0x7fa496287a90>,<function <lambda> at 0x7fa496287b30>
26314,2023-01-01 09:00:00,<function <lambda> at 0x7fa4962879f0>,<function <lambda> at 0x7fa496287a90>,<function <lambda> at 0x7fa496287b30>
26315,2023-01-01 10:00:00,<function <lambda> at 0x7fa4962879f0>,<function <lambda> at 0x7fa496287a90>,<function <lambda> at 0x7fa496287b30>
26316,2023-01-01 11:00:00,<function <lambda> at 0x7fa4962879f0>,<function <lambda> at 0x7fa496287a90>,<function <lambda> at 0x7fa496287b30>
26317,2023-01-01 12:00:00,<function <lambda> at 0x7fa4962879f0>,<function <lambda> at 0x7fa496287a90>,<function <lambda> at 0x7fa496287b30>
26318,2023-01-01 13:00:00,<function <lambda> at 0x7fa4962879f0>,<function <lambda> at 0x7fa496287a90>,<function <lambda> at 0x7fa496287b30>
26319,2023-01-01 14:00:00,<function <lambda> at 0x7fa4962879f0>,<function <lambda> at 0x7fa496287a90>,<function <lambda> at 0x7fa496287b30>
26320,2023-01-01 15:00:00,<function <lambda> at 0x7fa4962879f0>,<function <lambda> at 0x7fa496287a90>,<function <lambda> at 0x7fa496287b30>
26321,2023-01-01 16:00:00,<function <lambda> at 0x7fa4962879f0>,<function <lambda> at 0x7fa496287a90>,<function <lambda> at 0x7fa496287b30>
26322,2023-01-01 17:00:00,<function <lambda> at 0x7fa4962879f0>,<function <lambda> at 0x7fa496287a90>,<function <lambda> at 0x7fa496287b30>
26323,2023-01-01 18:00:00,<function <lambda> at 0x7fa4962879f0>,<function <lambda> at 0x7fa496287a90>,<function <lambda> at 0x7fa496287b30>
26324,2023-01-01 19:00:00,<function <lambda> at 0x7fa4962879f0>,<function <lambda> at 0x7fa496287a90>,<function <lambda> at 0x7fa496287b30>
26325,2023-01-01 20:00:00,<function <lambda> at 0x7fa4962879f0>,<function <lambda> at 0x7fa496287a90>,<function <lambda> at 0x7fa496287b30>
26326,2023-01-01 21:00:00,<function <lambda> at 0x7fa4962879f0>,<function <lambda> at 0x7fa496287a90>,<function <lambda> at 0x7fa496287b30>
26327,2023-01-01 22:00:00,<function <lambda> at 0x7fa4962879f0>,<function <lambda> at 0x7fa496287a90>,<function <lambda> at 0x7fa496287b30>
26328,2023-01-01 23:00:00,<function <lambda> at 0x7fa4962879f0>,<function <lambda> at 0x7fa496287a90>,<function <lambda> at 0x7fa496287b30>
26329,2023-01-02 00:00:00,<function <lambda> at 0x7fa4962879f0>,<function <lambda> at 0x7fa496287a90>,<function <lambda> at 0x7fa496287b30>
26330,2023-01-02 01:00:00,<function <lambda> at 0x7fa4962879f0>,<function <lambda> at 0x7fa496287a90>,<function <lambda> at 0x7fa496287b30>
26331,2023-01-02 02:00:00,<function <lambda> at 0x7fa4962879f0>,<function <lambda> at 0x7fa496287a90>,<function <lambda> at 0x7fa496287b30>
26332,2023-01-02 03:00:00,<function <lambda> at 0x7fa4962879f0>,<function <lambda> at 0x7fa496287a90>,<function <lambda> at 0x7fa496287b30>
26333,2023-01-02 04:00:00,<function <lambda> at 0x7fa4962879f0>,<function <lambda> at 0x7fa496287a90>,<function <lambda> at 0x7fa496287b30>
26334,2023-01-02 05:00:00,<function <lambda> at 0x7fa4962879f0>,<function <lambda> at 0x7fa496287a90>,<function <lambda> at 0x7fa496287b30>
26335,2023-01-02 06:00:00,<function <lambda> at 0x7fa4962879f0>,<function <lambda> at 0x7fa496287a90>,<function <lambda> at 0x7fa496287b30>
26336,2023-01-02 07:00:00,<function <lambda> at 0x7fa4962879f0>,<function <lambda> at 0x7fa496287a90>,<function <lambda> at 0x7fa496287b30>
26337,2023-01-02 08:00:00,<function <lambda> at 0x7fa4962879f0>,<function <lambda> at 0x7fa496287a90>,<function <lambda> at 0x7fa496287b30>
26338,2023-01-02 09:00:00,<function <lambda> at 0x7fa4962879f0>,<function <lambda> at 0x7fa496287a90>,<function <lambda> at 0x7fa496287b30>
26339,2023-01-02 10:00:00,<function <lambda> at 0x7fa4962879f0>,<function <lambda> at 0x7fa496287a90>,<function <lambda> at 0x7fa496287b30>
26340,2023-01-02 11:00:00,<function <lambda> at 0x7fa4962879f0>,<function <lambda> at 0x7fa496287a90>,<function <lambda> at 0x7fa496287b30>
26341,2023-01-02 12:00:00,<function <lambda> at 0x7fa4962879f0>,<function <lambda> at 0x7fa496287a90>,<function <lambda> at 0x7fa496287b30>
26342,2023-01-02 13:00:00,<function <lambda> at 0x7fa4962879f0>,<function <lambda> at 0x7fa496287a90>,<function <lambda> at 0x7fa496287b30>
26343,2023-01-02 14:00:00,<function <lambda> at 0x7fa4962879f0>,<function <lambda> at 0x7fa496287a90>,<function <lambda> at 0x7fa496287b30>
26344,2023-01-02 15:00:00,<function <lambda> at 0x7fa4962879f0>,<function <lambda> at 0x7fa496287a90>,<function <lambda> at 0x7fa496287b30>
26345,2023-01-02 16:00:00,<function <lambda> at 0x7fa4962879f0>,<function <lambda> at 0x7fa496287a90>,<function <lambda> at 0x7fa496287b30>
26346,2023-01-02 17:00:00,<function <lambda> at 0x7fa4962879f0>,<function <lambda> at 0x7fa496287a90>,<function <lambda> at 0x7fa496287b30>
26347,2023-01-02 18:00:00,<function <lambda> at 0x7fa4962879f0>,<function <lambda> at 0x7fa496287a90>,<function <lambda> at 0x7fa496287b30>
26348,2023-01-02 19:00:00,<function <lambda> at 0x7fa4962879f0>,<function <lambda> at 0x7fa496287a90>,<function <lambda> at 0x7fa496287b30>
26349,2023-01-02 20:00:00,<function <lambda> at 0x7fa4962879f0>,<function <lambda> at 0x7fa496287a90>,<function <lambda> at 0x7fa496287b30>
26350,2023-01-02 21:00:00,<function <lambda> at 0x7fa4962879f0>,<function <lambda> at 0x7fa496287a90>,<function <lambda> at 0x7fa496287b30>
26351,2023-01-02 22:00:00,<function <lambda> at 0x7fa4962879f0>,<function <lambda> at 0x7fa496287a90>,<function <lambda> at 0x7fa496287b30>
26352,2023-01-02 23:00:00,<function <lambda> at 0x7fa4962879f0>,<function <lambda> at 0x7fa496287a90>,<function <lambda> at 0x7fa496287b30>
26353,2023-01-03 00:00:00,<function <lambda> at 0x7fa4962879f0>,<function <lambda> at 0x7fa496287a90>,<function <lambda> at 0x7fa496287b30>
26354,2023-01-03 01:00:00,<function <lambda> at 0x7fa4962879f0>,<function <lambda> at 0x7fa496287a90>,<function <lambda> at 0x7fa496287b30>
26355,2023-01-03 02:00:00,<function <lambda> at 0x7fa4962879f0>,<function <lambda> at 0x7fa496287a90>,<function <lambda> at 0x7fa496287b30>
26356,2023-01-03 03:00:00,<function <lambda> at 0x7fa4962879f0>,<function <lambda> at 0x7fa496287a90>,<function <lambda> at 0x7fa496287b30>
26357,2023-01-03 04:00:00,<function <lambda> at 0x7fa4962879f0>,<function <lambda> at 0x7fa496287a90>,<function <lambda> at 0x7fa496287b30>
26358,2023-01-03 05:00:00,<function <lambda> at 0x7fa4962879f0>,<function <lambda> at 0x7fa496287a90>,<function <lambda> at 0x7fa496287b30>
26359,2023-01-03 06:00:00,<function <lambda> at 0x7fa4962879f0>,<function <lambda> at 0x7fa496287a90>,<function <lambda> at 0x7fa496287b30>
26360,2023-01-03 07:00:00,<function <lambda> at 0x7fa4962879f0>,<function <lambda> at 0x7fa496287a90>,<function <lambda> at 0x7fa496287b30>
26361,2023-01-03 08:00:00,<function <lambda> at 0x7fa4962879f0>,<function <lambda> at 0x7fa496287a90>,<function <lambda> at 0x7fa496287b30>
26362,2023-01-03 09:00:00,<function <lambda> at 0x7fa4962879f0>,<function <lambda> at 0x7fa496287a90>,<function <lambda> at 0x7fa496287b30>
26363,2023-01-03 10:00:00,<function <lambda> at 0x7fa4962879f0>,<function <lambda> at 0x7fa496287a90>,<function <lambda> at 0x7fa496287b30>
26364,2023-01-03 11:00:00,<function <lambda> at 0x7fa4962879f0>,<function <lambda> at 0x7fa496287a90>,<function <lambda> at 0x7fa496287b30>
26365,2023-01-03 12:00:00,<function <lambda> at 0x7fa4962879f0>,<function <lambda> at 0x7fa496287a90>,<function <lambda> at 0x7fa496287b30>
26366,2023-01-03 13:00:00,<function <lambda> at 0x7fa4962879f0>,<function <lambda> at 0x7fa496287a90>,<function <lambda> at 0x7fa496287b30>
26367,2023-01-03 14:00:00,<function <lambda> at 0x7fa4962879f0>,<function <lambda> at 0x7fa496287a90>,<function <lambda> at 0x7fa496287b30>
26368,2023-01-03 15:00:00,<function <lambda> at 0x7fa4962879f0>,<function <lambda> at 0x7fa496287a90>,<function <lambda> at 0x7fa496287b30>
26369,2023-01-03 16:00:00,<function <lambda> at 0x7fa4962879f0>,<function <lambda> at 0x7fa496287a90>,<function <lambda> at 0x7fa496287b30>
26370,2023-01-03 17:00:00,<function <lambda> at 0x7fa4962879f0>,<function <lambda> at 0x7fa496287a90>,<function <lambda> at 0x7fa496287b30>
26371,2023-01-03 18:00:00,<function <lambda> at 0x7fa4962879f0>,<function <lambda> at 0x7fa496287a90>,<function <lambda> at 0x7fa496287b30>
26372,2023-01-03 19:00:00,<function <lambda> at 0x7fa4962879f0>,<function <lambda> at 0x7fa496287a90>,<function <lambda> at 0x7fa496287b30>
26373,2023-01-03 20:00:00,<function <lambda> at 0x7fa4962879f0>,<function <lambda> at 0x7fa496287a90>,<function <lambda> at 0x7fa496287b30>
26374,2023-01-03 21:00:00,<function <lambda> at 0x7fa4962879f0>,<function <lambda> at 0x7fa496287a90>,<function <lambda> at 0x7fa496287b30>
26375,2023-01-03 22:00:00,<function <lambda> at 0x7fa4962879f0>,<function <lambda> at 0x7fa496287a90>,<function <lambda> at 0x7fa496287b30>
26376,2023-01-03 23:00:00,<function <lambda> at 0x7fa4962879f0>,<function <lambda> at 0x7fa496287a90>,<function <lambda> at 0x7fa496287b30>
26377,2023-01-04 00:00:00,<function <lambda> at 0x7fa4962879f0>,<function <lambda> at 0x7fa496287a90>,<function <lambda> at 0x7fa496287b30>
26378,2023-01-04 01:00:00,<function <lambda> at 0x7fa4962879f0>,<function <lambda> at 0x7fa496287a90>,<function <lambda> at 0x7fa496287b30>
26379,2023-01-04 02:00:00,<function <lambda> at 0x7fa4962879f0>,<function <lambda> at 0x7fa496287a90>,<function <lambda> at 0x7fa496287b30>
26380,2023-01-04 03:00:00,<function <lambda> at 0x7fa4962879f0>,<function <lambda> at 0x7fa496287a90>,<function <lambda> at 0x7fa496287b30>
26381,2023-01-04 04:00:00,<function <lambda> at 0x7fa4962879f0>,<function <lambda> at 0x7fa496287a90>,<function <lambda> at 0x7fa496287b30>
26382,2023-01-04 05:00:00,<function <lambda> at 0x7fa4962879f0>,<function <lambda> at 0x7fa496287a90>,<function <lambda> at 0x7fa496287b30>
26383,2023-01-04 06:00:00,<function <lambda> at 0x7fa4962879f0>,<function <lambda> at 0x7fa496287a90>,<function <lambda> at 0x7fa496287b30>
26384,2023-01-04 07:00:00,<function <lambda> at 0x7fa4962879f0>,<function <lambda> at 0x7fa496287a90>,<function <lambda> at 0x7fa496287b30>
26385,2023-01-04 08:00:00,<function <lambda> at 0x7fa4962879f0>,<function <lambda> at 0x7fa496287a90>,<function <lambda> at 0x7fa496287b30>
26386,2023-01-04 09:00:00,<function <lambda> at 0x7fa4962879f0>,<function <lambda> at 0x7fa496287a90>,<function <lambda> at 0x7fa496287b30>
26387,2023-01-04 10:00:00,<function <lambda> at 0x7fa4962879f0>,<function <lambda> at 0x7fa496287a90>,<function <lambda> at 0x7fa496287b30>
26388,2023-01-04 11:00:00,<function <lambda> at 0x7fa4962879f0>,<function <lambda> at 0x7fa496287a90>,<function <lambda> at 0x7fa496287b30>
26389,2023-01-04 12:00:00,<function <lambda> at 0x7fa4962879f0>,<function <lambda> at 0x7fa496287a90>,<function <lambda> at 0x7fa496287b30>
26390,2023-01-04 13:00:00,<function <lambda> at 0x7fa4962879f0>,<function <lambda> at 0x7fa496287a90>,<function <lambda> at 0x7fa496287b30>
26391,2023-01-04 14:00:00,<function <lambda> at 0x7fa4962879f0>,<function <lambda> at 0x7fa496287a90>,<function <lambda> at 0x7fa496287b30>
26392,2023-01-04 15:00:00,<function <lambda> at 0x7fa4962879f0>,<function <lambda> at 0x7fa496287a90>,<function <lambda> at 0x7fa496287b30>
26393,2023-01-04 16:00:00,<function <lambda> at 0x7fa4962879f0>,<function <lambda> at 0x7fa496287a90>,<function <lambda> at 0x7fa496287b30>
26394,2023-01-04 17:00:00,<function <lambda> at 0x7fa4962879f0>,<function <lambda> at 0x7fa496287a90>,<function <lambda> at 0x7fa496287b30>
26395,2023-01-04 18:00:00,<function <lambda> at 0x7fa4962879f0>,<function <lambda> at 0x7fa496287a90>,<function <lambda> at 0x7fa496287b30>
26396,2023-01-04 19:00:00,<function <lambda> at 0x7fa4962879f0>,<function <lambda> at 0x7fa496287a90>,<function <lambda> at 0x7fa496287b30>
26397,2023-01-04 20:00:00,<function <lambda> at 0x7fa4962879f0>,<function <lambda> at 0x7fa496287a90>,<function <lambda> at 0x7fa496287b30>
26398,2023-01-04 21:00:00,<function <lambda> at 0x7fa4962879f0>,<function <lambda> at 0x7fa496287a90>,<function <lambda> at 0x7fa496287b30>
26399,2023-01-04 22:00:00,<function <lambda> at 0x7fa4962879f0>,<function <lambda> at 0x7fa496287a90>,<function <lambda> at 0x7fa496287b30>
26400,2023-01-04 23:00:00,<function <lambda> at 0x7fa4962879f0>,<function <lambda> at 0x7fa496287a90>,<function <lambda> at 0x7fa496287b30>
26401,2023-01-05 00:00:00,<function <lambda> at 0x7fa4962879f0>,<function <lambda> at 0x7fa496287a90>,<function <lambda> at 0x7fa496287b30>
26402,2023-01-05 01:00:00,<function <lambda> at 0x7fa4962879f0>,<function <lambda> at 0x7fa496287a90>,<function <lambda> at 0x7fa496287b30>
26403,2023-01-05 02:00:00,<function <lambda> at 0x7fa4962879f0>,<function <lambda> at 0x7fa496287a90>,<function <lambda> at 0x7fa496287b30>
26404,2023-01-05 03:00:00,<function <lambda> at 0x7fa4962879f0>,<function <lambda> at 0x7fa496287a90>,<function <lambda> at 0x7fa496287b30>
26405,2023-01-05 04:00:00,<function <lambda> at 0x7fa4962879f0>,<function <lambda> at 0x7fa496287a90>,<function <lambda> at 0x7fa496287b30>
26406,2023-01-05 05:00:00,<function <lambda> at 0x7fa4962879f0>,<function <lambda> at 0x7fa496287a90>,<function <lambda> at 0x7fa496287b30>
26407,2023-01-05 06:00:00,<function <lambda> at 0x7fa4962879f0>,<function <lambda> at 0x7fa496287a90>,<function <lambda> at 0x7fa496287b30>
26408,2023-01-05 07:00:00,<function <lambda> at 0x7fa4962879f0>,<function <lambda> at 0x7fa496287a90>,<function <lambda> at 0x7fa496287b30>
26409,2023-01-05 08:00:00,<function <lambda> at 0x7fa4962879f0>,<function <lambda> at 0x7fa496287a90>,<function <lambda> at 0x7fa496287b30>
26410,2023-01-05 09:00:00,<function <lambda> at 0x7fa4962879f0>,<function <lambda> at 0x7fa496287a90>,<function <lambda> at 0x7fa496287b30>
26411,2023-01-05 10:00:00,<function <lambda> at 0x7fa4962879f0>,<function <lambda> at 0x7fa496287a90>,<function <lambda> at 0x7fa496287b30>
26412,2023-01-05 11:00:00,<function <lambda> at 0x7fa4962879f0>,<function <lambda> at 0x7fa496287a90>,<function <lambda> at 0x7fa496287b30>
26413,2023-01-05 12:00:00,<function <lambda> at 0x7fa4962879f0>,<function <lambda> at 0x7fa496287a90>,<function <lambda> at 0x7fa496287b30>
26414,2023-01-05 13:00:00,<function <lambda> at 0x7fa4962879f0>,<function <lambda> at 0x7fa496287a90>,<function <lambda> at 0x7fa496287b30>
26415,2023-01-05 14:00:00,<function <lambda> at 0x7fa4962879f0>,<function <lambda> at 0x7fa496287a90>,<function <lambda> at 0x7fa496287b30>
26416,2023-01-05 15:00:00,<function <lambda> at 0x7fa4962879f0>,<function <lambda> at 0x7fa496287a90>,<function <lambda> at 0x7fa496287b30>
26417,2023-01-05 16:00:00,<function <lambda> at 0x7fa4962879f0>,<function <lambda> at 0x7fa496287a90>,<function <lambda> at 0x7fa496287b30>
26418,2023-01-05 17:00:00,<function <lambda> at 0x7fa4962879f0>,<function <lambda> at 0x7fa496287a90>,<function <lambda> at 0x7fa496287b30>
26419,2023-01-05 18:00:00,<function <lambda> at 0x7fa4962879f0>,<function <lambda> at 0x7fa496287a90>,<function <lambda> at 0x7fa496287b30>
26420,2023-01-05 19:00:00,<function <lambda> at 0x7fa4962879f0>,<function <lambda> at 0x7fa496287a90>,<function <lambda> at 0x7fa496287b30>
26421,2023-01-05 20:00:00,<function <lambda> at 0x7fa4962879f0>,<function <lambda> at 0x7fa496287a90>,<function <lambda> at 0x7fa496287b30>
26422,2023-01-05 21:00:00,<function <lambda> at 0x7fa4962879f0>,<function <lambda> at 0x7fa496287a90>,<function <lambda> at 0x7fa496287b30>
26423,2023-01-05 22:00:00,<function <lambda> at 0x7fa4962879f0>,<function <lambda> at 0x7fa496287a90>,<function <lambda> at 0x7fa496287b30>
26424,2023-01-05 23:00:00,<function <lambda> at 0x7fa4962879f0>,<function <lambda> at 0x7fa496287a90>,<function <lambda> at 0x7fa496287b30>
26425,2023-01-06 00:00:00,<function <lambda> at 0x7fa4962879f0>,<function <lambda> at 0x7fa496287a90>,<function <lambda> at 0x7fa496287b30>
26426,2023-01-06 01:00:00,<function <lambda> at 0x7fa4962879f0>,<function <lambda> at 0x7fa496287a90>,<function <lambda> at 0x7fa496287b30>
26427,2023-01-06 02:00:00,<function <lambda> at 0x7fa4962879f0>,<function <lambda> at 0x7fa496287a90>,<function <lambda> at 0x7fa496287b30>
26428,2023-01-06 03:00:00,<function <lambda> at 0x7fa4962879f0>,<function <lambda> at 0x7fa496287a90>,<function <lambda> at 0x7fa496287b30>
26429,2023-01-06 04:00:00,<function <lambda> at 0x7fa4962879f0>,<function <lambda> at 0x7fa496287a90>,<function <lambda> at 0x7fa496287b30>
26430,2023-01-06 05:00:00,<function <lambda> at 0x7fa4962879f0>,<function <lambda> at 0x7fa496287a90>,<function <lambda> at 0x7fa496287b30>
26431,2023-01-06 06:00:00,<function <lambda> at 0x7fa4962879f0>,<function <lambda> at 0x7fa496287a90>,<function <lambda> at 0x7fa496287b30>
26432,2023-01-06 07:00:00,<function <lambda> at 0x7fa4962879f0>,<function <lambda> at 0x7fa496287a90>,<function <lambda> at 0x7fa496287b30>
26433,2023-01-06 08:00:00,<function <lambda> at 0x7fa4962879f0>,<function <lambda> at 0x7fa496287a90>,<function <lambda> at 0x7fa496287b30>
26434,2023-01-06 09:00:00,<function <lambda> at 0x7fa4962879f0>,<function <lambda> at 0x7fa496287a90>,<function <lambda> at 0x7fa496287b30>
26435,2023-01-06 10:00:00,<function <lambda> at 0x7fa4962879f0>,<function <lambda> at 0x7fa496287a90>,<function <lambda> at 0x7fa496287b30>
26436,2023-01-06 11:00:00,<function <lambda> at 0x7fa4962879f0>,<function <lambda> at 0x7fa496287a90>,<function <lambda> at 0x7fa496287b30>
26437,2023-01-06 12:00:00,<function <lambda> at 0x7fa4962879f0>,<function <lambda> at 0x7fa496287a90>,<function <lambda> at 0x7fa496287b30>
26438,2023-01-06 13:00:00,<function <lambda> at 0x7fa4962879f0>,<function <lambda> at 0x7fa496287a90>,<function <lambda> at 0x7fa496287b30>
26439,2023-01-06 14:00:00,<function <lambda> at 0x7fa4962879f0>,<function <lambda> at 0x7fa496287a90>,<function <lambda> at 0x7fa496287b30>
26440,2023-01-06 15:00:00,<function <lambda> at 0x7fa4962879f0>,<function <lambda> at 0x7fa496287a90>,<function <lambda> at 0x7fa496287b30>
26441,2023-01-06 16:00:00,<function <lambda> at 0x7fa4962879f0>,<function <lambda> at 0x7fa496287a90>,<function <lambda> at 0x7fa496287b30>
26442,2023-01-06 17:00:00,<function <lambda> at 0x7fa4962879f0>,<function <lambda> at 0x7fa496287a90>,<function <lambda> at 0x7fa496287b30>
26443,2023-01-06 18:00:00,<function <lambda> at 0x7fa4962879f0>,<function <lambda> at 0x7fa496287a90>,<function <lambda> at 0x7fa496287b30>
26444,2023-01-06 19:00:00,<function <lambda> at 0x7fa4962879f0>,<function <lambda> at 0x7fa496287a90>,<function <lambda> at 0x7fa496287b30>
26445,2023-01-06 20:00:00,<function <lambda> at 0x7fa4962879f0>,<function <lambda> at 0x7fa496287a90>,<function <lambda> at 0x7fa496287b30>
26446,2023-01-06 21:00:00,<function <lambda> at 0x7fa4962879f0>,<function <lambda> at 0x7fa496287a90>,<function <lambda> at 0x7fa496287b30>
26447,2023-01-06 22:00:00,<function <lambda> at 0x7fa4962879f0>,<function <lambda> at 0x7fa496287a90>,<function <lambda> at 0x7fa496287b30>
26448,2023-01-06 23:00:00,<function <lambda> at 0x7fa4962879f0>,<function <lambda> at 0x7fa496287a90>,<function <lambda> at 0x7fa496287b30>
26449,2023-01-07 00:00:00,<function <lambda> at 0x7fa4962879f0>,<function <lambda> at 0x7fa496287a90>,<function <lambda> at 0x7fa496287b30>
26450,2023-01-07 01:00:00,<function <lambda> at 0x7fa4962879f0>,<function <lambda> at 0x7fa496287a90>,<function <lambda> at 0x7fa496287b30>
26451,2023-01-07 02:00:00,<function <lambda> at 0x7fa4962879f0>,<function <lambda> at 0x7fa496287a90>,<function <lambda> at 0x7fa496287b30>
26452,2023-01-07 03:00:00,<function <lambda> at 0x7fa4962879f0>,<function <lambda> at 0x7fa496287a90>,<function <lambda> at 0x7fa496287b30>
26453,2023-01-07 04:00:00,<function <lambda> at 0x7fa4962879f0>,<function <lambda> at 0x7fa496287a90>,<function <lambda> at 0x7fa496287b30>
26454,2023-01-07 05:00:00,<function <lambda> at 0x7fa4962879f0>,<function <lambda> at 0x7fa496287a90>,<function <lambda> at 0x7fa496287b30>
26455,2023-01-07 06:00:00,<function <lambda> at 0x7fa4962879f0>,<function <lambda> at 0x7fa496287a90>,<function <lambda> at 0x7fa496287b30>
26456,2023-01-07 07:00:00,<function <lambda> at 0x7fa4962879f0>,<function <lambda> at 0x7fa496287a90>,<function <lambda> at 0x7fa496287b30>
26457,2023-01-07 08:00:00,<function <lambda> at 0x7fa4962879f0>,<function <lambda> at 0x7fa496287a90>,<function <lambda> at 0x7fa496287b30>
26458,2023-01-07 09:00:00,<function <lambda> at 0x7fa4962879f0>,<function <lambda> at 0x7fa496287a90>,<function <lambda> at 0x7fa496287b30>
26459,2023-01-07 10:00:00,<function <lambda> at 0x7fa4962879f0>,<function <lambda> at 0x7fa496287a90>,<function <lambda> at 0x7fa496287b30>
26460,2023-01-07 11:00:00,<function <lambda> at 0x7fa4962879f0>,<function <lambda> at 0x7fa496287a90>,<function <lambda> at 0x7fa496287b30>
26461,2023-01-07 12:00:00,<function <lambda> at 0x7fa4962879f0>,<function <lambda> at 0x7fa496287a90>,<function <lambda> at 0x7fa496287b30>
26462,2023-01-07 13:00:00,<function <lambda> at 0x7fa4962879f0>,<function <lambda> at 0x7fa496287a90>,<function <lambda> at 0x7fa496287b30>
26463,2023-01-07 14:00:00,<function <lambda> at 0x7fa4962879f0>,<function <lambda> at 0x7fa496287a90>,<function <lambda> at 0x7fa496287b30>
26464,2023-01-07 15:00:00,<function <lambda> at 0x7fa4962879f0>,<function <lambda> at 0x7fa496287a90>,<function <lambda> at 0x7fa496287b30>
26465,2023-01-07 16:00:00,<function <lambda> at 0x7fa4962879f0>,<function <lambda> at 0x7fa496287a90>,<function <lambda> at 0x7fa496287b30>
26466,2023-01-07 17:00:00,<function <lambda> at 0x7fa4962879f0>,<function <lambda> at 0x7fa496287a90>,<function <lambda> at 0x7fa496287b30>
26467,2023-01-07 18:00:00,<function <lambda> at 0x7fa4962879f0>,<function <lambda> at 0x7fa496287a90>,<function <lambda> at 0x7fa496287b30>
26468,2023-01-07 19:00:00,<function <lambda> at 0x7fa4962879f0>,<function <lambda> at 0x7fa496287a90>,<function <lambda> at 0x7fa496287b30>
26469,2023-01-07 20:00:00,<function <lambda> at 0x7fa4962879f0>,<function <lambda> at 0x7fa496287a90>,<function <lambda> at 0x7fa496287b30>
26470,2023-01-07 21:00:00,<function <lambda> at 0x7fa4962879f0>,<function <lambda> at 0x7fa496287a90>,<function <lambda> at 0x7fa496287b30>
26471,2023-01-07 22:00:00,<function <lambda> at 0x7fa4962879f0>,<function <lambda> at 0x7fa496287a90>,<function <lambda> at 0x7fa496287b30>
26472,2023-01-07 23:00:00,<function <lambda> at 0x7fa4962879f0>,<function <lambda> at 0x7fa496287a90>,<function <lambda> at 0x7fa496287b30>
26473,2023-01-08 00:00:00,<function <lambda> at 0x7fa4962879f0>,<function <lambda> at 0x7fa496287a90>,<function <lambda> at 0x7fa496287b30>
26474,2023-01-08 01:00:00,<function <lambda> at 0x7fa4962879f0>,<function <lambda> at 0x7fa496287a90>,<function <lambda> at 0x7fa496287b30>
26475,2023-01-08 02:00:00,<function <lambda> at 0x7fa4962879f0>,<function <lambda> at 0x7fa496287a90>,<function <lambda> at 0x7fa496287b30>
26476,2023-01-08 03:00:00,<function <lambda> at 0x7fa4962879f0>,<function <lambda> at 0x7fa496287a90>,<function <lambda> at 0x7fa496287b30>
26477,2023-01-08 04:00:00,<function <lambda> at 0x7fa4962879f0>,<function <lambda> at 0x7fa496287a90>,<function <lambda> at 0x7fa496287b30>
26478,2023-01-08 05:00:00,<function <lambda> at 0x7fa4962879f0>,<function <lambda> at 0x7fa496287a90>,<function <lambda> at 0x7fa496287b30>
26479,2023-01-08 06:00:00,<function <lambda> at 0x7fa4962879f0>,<function <lambda> at 0x7fa496287a90>,<function <lambda> at 0x7fa496287b30>
26480,2023-01-08 07:00:00,<function <lambda> at 0x7fa4962879f0>,<function <lambda> at 0x7fa496287a90>,<function <lambda> at 0x7fa496287b30>
26481,2023-01-08 08:00:00,<function <lambda> at 0x7fa4962879f0>,<function <lambda> at 0x7fa496287a90>,<function <lambda> at 0x7fa496287b30>
26482,2023-01-08 09:00:00,<function <lambda> at 0x7fa4962879f0>,<function <lambda> at 0x7fa496287a90>,<function <lambda> at 0x7fa496287b30>
26483,2023-01-08 10:00:00,<function <lambda> at 0x7fa4962879f0>,<function <lambda> at 0x7fa496287a90>,<function <lambda> at 0x7fa496287b30>
26484,2023-01-08 11:00:00,<function <lambda> at 0x7fa4962879f0>,<function <lambda> at 0x7fa496287a90>,<function <lambda> at 0x7fa496287b30>
26485,2023-01-08 12:00:00,<function <lambda> at 0x7fa4962879f0>,<function <lambda> at 0x7fa496287a90>,<function <lambda> at 0x7fa496287b30>
26486,2023-01-08 13:00:00,<function <lambda> at 0x7fa4962879f0>,<function <lambda> at 0x7fa496287a90>,<function <lambda> at 0x7fa496287b30>
26487,2023-01-08 14:00:00,<function <lambda> at 0x7fa4962879f0>,<function <lambda> at 0x7fa496287a90>,<function <lambda> at 0x7fa496287b30>
26488,2023-01-08 15:00:00,<function <lambda> at 0x7fa4962879f0>,<function <lambda> at 0x7fa496287a90>,<function <lambda> at 0x7fa496287b30>
26489,2023-01-08 16:00:00,<function <lambda> at 0x7fa4962879f0>,<function <lambda> at 0x7fa496287a90>,<function <lambda> at 0x7fa496287b30>
26490,2023-01-08 17:00:00,<function <lambda> at 0x7fa4962879f0>,<function <lambda> at 0x7fa496287a90>,<function <lambda> at 0x7fa496287b30>
26491,2023-01-08 18:00:00,<function <lambda> at 0x7fa4962879f0>,<function <lambda> at 0x7fa496287a90>,<function <lambda> at 0x7fa496287b30>
26492,2023-01-08 19:00:00,<function <lambda> at 0x7fa4962879f0>,<function <lambda> at 0x7fa496287a90>,<function <lambda> at 0x7fa496287b30>
26493,2023-01-08 20:00:00,<function <lambda> at 0x7fa4962879f0>,<function <lambda> at 0x7fa496287a90>,<function <lambda> at 0x7fa496287b30>
26494,2023-01-08 21:00:00,<function <lambda> at 0x7fa4962879f0>,<function <lambda> at 0x7fa496287a90>,<function <lambda> at 0x7fa496287b30>
26495,2023-01-08 22:00:00,<function <lambda> at 0x7fa4962879f0>,<function <lambda> at 0x7fa496287a90>,<function <lambda> at 0x7fa496287b30>
26496,2023-01-08 23:00:00,<function <lambda> at 0x7fa4962879f0>,<function <lambda> at 0x7fa496287a90>,<function <lambda> at 0x7fa496287b30>
26497,2023-01-09 00:00:00,<function <lambda> at 0x7fa4962879f0>,<function <lambda> at 0x7fa496287a90>,<function <lambda> at 0x7fa496287b30>
26498,2023-01-09 01:00:00,<function <lambda> at 0x7fa4962879f0>,<function <lambda> at 0x7fa496287a90>,<function <lambda> at 0x7fa496287b30>
26499,2023-01-09 02:00:00,<function <lambda> at 0x7fa4962879f0>,<function <lambda> at 0x7fa496287a90>,<function <lambda> at 0x7fa496287b30>
26500,2023-01-09 03:00:00,<function <lambda> at 0x7fa4962879f0>,<function <lambda> at 0x7fa496287a90>,<function <lambda> at 0x7fa496287b30>
26501,2023-01-09 04:00:00,<function <lambda> at 0x7fa4962879f0>,<function <lambda> at 0x7fa496287a90>,<function <lambda> at 0x7fa496287b30>
26502,2023-01-09 05:00:00,<function <lambda> at 0x7fa4962879f0>,<function <lambda> at 0x7fa496287a90>,<function <lambda> at 0x7fa496287b30>
26503,2023-01-09 06:00:00,<function <lambda> at 0x7fa4962879f0>,<function <lambda> at 0x7fa496287a90>,<function <lambda> at 0x7fa496287b30>
26504,2023-01-09 07:00:00,<function <lambda> at 0x7fa4962879f0>,<function <lambda> at 0x7fa496287a90>,<function <lambda> at 0x7fa496287b30>
26505,2023-01-09 08:00:00,<function <lambda> at 0x7fa4962879f0>,<function <lambda> at 0x7fa496287a90>,<function <lambda> at 0x7fa496287b30>
26506,2023-01-09 09:00:00,<function <lambda> at 0x7fa4962879f0>,<function <lambda> at 0x7fa496287a90>,<function <lambda> at 0x7fa496287b30>
26507,2023-01-09 10:00:00,<function <lambda> at 0x7fa4962879f0>,<function <lambda> at 0x7fa496287a90>,<function <lambda> at 0x7fa496287b30>
26508,2023-01-09 11:00:00,<function <lambda> at 0x7fa4962879f0>,<function <lambda> at 0x7fa496287a90>,<function <lambda> at 0x7fa496287b30>
26509,2023-01-09 12:00:00,<function <lambda> at 0x7fa4962879f0>,<function <lambda> at 0x7fa496287a90>,<function <lambda> at 0x7fa496287b30>
26510,2023-01-09 13:00:00,<function <lambda> at 0x7fa4962879f0>,<function <lambda> at 0x7fa496287a90>,<function <lambda> at 0x7fa496287b30>
26511,2023-01-09 14:00:00,<function <lambda> at 0x7fa4962879f0>,<function <lambda> at 0x7fa496287a90>,<function <lambda> at 0x7fa496287b30>
26512,2023-01-09 15:00:00,<function <lambda> at 0x7fa4962879f0>,<function <lambda> at 0x7fa496287a90>,<function <lambda> at 0x7fa496287b30>
26513,2023-01-09 16:00:00,<function <lambda> at 0x7fa4962879f0>,<function <lambda> at 0x7fa496287a90>,<function <lambda> at 0x7fa496287b30>
26514,2023-01-09 17:00:00,<function <lambda> at 0x7fa4962879f0>,<function <lambda> at 0x7fa496287a90>,<function <lambda> at 0x7fa496287b30>
26515,2023-01-09 18:00:00,<function <lambda> at 0x7fa4962879f0>,<function <lambda> at 0x7fa496287a90>,<function <lambda> at 0x7fa496287b30>
26516,2023-01-09 19:00:00,<function <lambda> at 0x7fa4962879f0>,<function <lambda> at 0x7fa496287a90>,<function <lambda> at 0x7fa496287b30>
26517,2023-01-09 20:00:00,<function <lambda> at 0x7fa4962879f0>,<function <lambda> at 0x7fa496287a90>,<function <lambda> at 0x7fa496287b30>
26518,2023-01-09 21:00:00,<function <lambda> at 0x7fa4962879f0>,<function <lambda> at 0x7fa496287a90>,<function <lambda> at 0x7fa496287b30>
26519,2023-01-09 22:00:00,<function <lambda> at 0x7fa4962879f0>,<function <lambda> at 0x7fa496287a90>,<function <lambda> at 0x7fa496287b30>
26520,2023-01-09 23:00:00,<function <lambda> at 0x7fa4962879f0>,<function <lambda> at 0x7fa496287a90>,<function <lambda> at 0x7fa496287b30>
26521,2023-01-10 00:00:00,<function <lambda> at 0x7fa4962879f0>,<function <lambda> at 0x7fa496287a90>,<function <lambda> at 0x7fa496287b30>
26522,2023-01-10 01:00:00,<function <lambda> at 0x7fa4962879f0>,<function <lambda> at 0x7fa496287a90>,<function <lambda> at 0x7fa496287b30>
26523,2023-01-10 02:00:00,<function <lambda> at 0x7fa4962879f0>,<function <lambda> at 0x7fa496287a90>,<function <lambda> at 0x7fa496287b30>
26524,2023-01-10 03:00:00,<function <lambda> at 0x7fa4962879f0>,<function <lambda> at 0x7fa496287a90>,<function <lambda> at 0x7fa496287b30>
26525,2023-01-10 04:00:00,<function <lambda> at 0x7fa4962879f0>,<function <lambda> at 0x7fa496287a90>,<function <lambda> at 0x7fa496287b30>
26526,2023-01-10 05:00:00,<function <lambda> at 0x7fa4962879f0>,<function <lambda> at 0x7fa496287a90>,<function <lambda> at 0x7fa496287b30>
26527,2023-01-10 06:00:00,<function <lambda> at 0x7fa4962879f0>,<function <lambda> at 0x7fa496287a90>,<function <lambda> at 0x7fa496287b30>
26528,2023-01-10 07:00:00,<function <lambda> at 0x7fa4962879f0>,<function <lambda> at 0x7fa496287a90>,<function <lambda> at 0x7fa496287b30>
26529,2023-01-10 08:00:00,<function <lambda> at 0x7fa4962879f0>,<function <lambda> at 0x7fa496287a90>,<function <lambda> at 0x7fa496287b30>
26530,2023-01-10 09:00:00,<function <lambda> at 0x7fa4962879f0>,<function <lambda> at 0x7fa496287a90>,<function <lambda> at 0x7fa496287b30>
26531,2023-01-10 10:00:00,<function <lambda> at 0x7fa4962879f0>,<function <lambda> at 0x7fa496287a90>,<function <lambda> at 0x7fa496287b30>
26532,2023-01-10 11:00:00,<function <lambda> at 0x7fa4962879f0>,<function <lambda> at 0x7fa496287a90>,<function <lambda> at 0x7fa496287b30>
26533,2023-01-10 12:00:00,<function <lambda> at 0x7fa4962879f0>,<function <lambda> at 0x7fa496287a90>,<function <lambda> at 0x7fa496287b30>
26534,2023-01-10 13:00:00,<function <lambda> at 0x7fa4962879f0>,<function <lambda> at 0x7fa496287a90>,<function <lambda> at 0x7fa496287b30>
26535,2023-01-10 14:00:00,<function <lambda> at 0x7fa4962879f0>,<function <lambda> at 0x7fa496287a90>,<function <lambda> at 0x7fa496287b30>
26536,2023-01-10 15:00:00,<function <lambda> at 0x7fa4962879f0>,<function <lambda> at 0x7fa496287a90>,<function <lambda> at 0x7fa496287b30>
26537,2023-01-10 16:00:00,<function <lambda> at 0x7fa4962879f0>,<function <lambda> at 0x7fa496287a90>,<function <lambda> at 0x7fa496287b30>
26538,2023-01-10 17:00:00,<function <lambda> at 0x7fa4962879f0>,<function <lambda> at 0x7fa496287a90>,<function <lambda> at 0x7fa496287b30>
26539,2023-01-10 18:00:00,<function <lambda> at 0x7fa4962879f0>,<function <lambda> at 0x7fa496287a90>,<function <lambda> at 0x7fa496287b30>
26540,2023-01-10 19:00:00,<function <lambda> at 0x7fa4962879f0>,<function <lambda> at 0x7fa496287a90>,<function <lambda> at 0x7fa496287b30>
26541,2023-01-10 20:00:00,<function <lambda> at 0x7fa4962879f0>,<function <lambda> at 0x7fa496287a90>,<function <lambda> at 0x7fa496287b30>
26542,2023-01-10 21:00:00,<function <lambda> at 0x7fa4962879f0>,<function <lambda> at 0x7fa496287a90>,<function <lambda> at 0x7fa496287b30>
26543,2023-01-10 22:00:00,<function <lambda> at 0x7fa4962879f0>,<function <lambda> at 0x7fa496287a90>,<function <lambda> at 0x7fa496287b30>
26544,2023-01-10 23:00:00,<function <lambda> at 0x7fa4962879f0>,<function <lambda> at 0x7fa496287a90>,<function <lambda> at 0x7fa496287b30>
26545,2023-01-11 00:00:00,<function <lambda> at 0x7fa4962879f0>,<function <lambda> at 0x7fa496287a90>,<function <lambda> at 0x7fa496287b30>
26546,2023-01-11 01:00:00,<function <lambda> at 0x7fa4962879f0>,<function <lambda> at 0x7fa496287a90>,<function <lambda> at 0x7fa496287b30>
26547,2023-01-11 02:00:00,<function <lambda> at 0x7fa4962879f0>,<function <lambda> at 0x7fa496287a90>,<function <lambda> at 0x7fa496287b30>
26548,2023-01-11 03:00:00,<function <lambda> at 0x7fa4962879f0>,<function <lambda> at 0x7fa496287a90>,<function <lambda> at 0x7fa496287b30>
26549,2023-01-11 04:00:00,<function <lambda> at 0x7fa4962879f0>,<function <lambda> at 0x7fa496287a90>,<function <lambda> at 0x7fa496287b30>
26550,2023-01-11 05:00:00,<function <lambda> at 0x7fa4962879f0>,<function <lambda> at 0x7fa496287a90>,<function <lambda> at 0x7fa496287b30>
26551,2023-01-11 06:00:00,<function <lambda> at 0x7fa4962879f0>,<function <lambda> at 0x7fa496287a90>,<function <lambda> at 0x7fa496287b30>
26552,2023-01-11 07:00:00,<function <lambda> at 0x7fa4962879f0>,<function <lambda> at 0x7fa496287a90>,<function <lambda> at 0x7fa496287b30>
26553,2023-01-11 08:00:00,<function <lambda> at 0x7fa4962879f0>,<function <lambda> at 0x7fa496287a90>,<function <lambda> at 0x7fa496287b30>
26554,2023-01-11 09:00:00,<function <lambda> at 0x7fa4962879f0>,<function <lambda> at 0x7fa496287a90>,<function <lambda> at 0x7fa496287b30>
26555,2023-01-11 10:00:00,<function <lambda> at 0x7fa4962879f0>,<function <lambda> at 0x7fa496287a90>,<function <lambda> at 0x7fa496287b30>
26556,2023-01-11 11:00:00,<function <lambda> at 0x7fa4962879f0>,<function <lambda> at 0x7fa496287a90>,<function <lambda> at 0x7fa496287b30>
26557,2023-01-11 12:00:00,<function <lambda> at 0x7fa4962879f0>,<function <lambda> at 0x7fa496287a90>,<function <lambda> at 0x7fa496287b30>
26558,2023-01-11 13:00:00,<function <lambda> at 0x7fa4962879f0>,<function <lambda> at 0x7fa496287a90>,<function <lambda> at 0x7fa496287b30>
26559,2023-01-11 14:00:00,<function <lambda> at 0x7fa4962879f0>,<function <lambda> at 0x7fa496287a90>,<function <lambda> at 0x7fa496287b30>
26560,2023-01-11 15:00:00,<function <lambda> at 0x7fa4962879f0>,<function <lambda> at 0x7fa496287a90>,<function <lambda> at 0x7fa496287b30>
26561,2023-01-11 16:00:00,<function <lambda> at 0x7fa4962879f0>,<function <lambda> at 0x7fa496287a90>,<function <lambda> at 0x7fa496287b30>
26562,2023-01-11 17:00:00,<function <lambda> at 0x7fa4962879f0>,<function <lambda> at 0x7fa496287a90>,<function <lambda> at 0x7fa496287b30>
26563,2023-01-11 18:00:00,<function <lambda> at 0x7fa4962879f0>,<function <lambda> at 0x7fa496287a90>,<function <lambda> at 0x7fa496287b30>
26564,2023-01-11 19:00:00,<function <lambda> at 0x7fa4962879f0>,<function <lambda> at 0x7fa496287a90>,<function <lambda> at 0x7fa496287b30>
26565,2023-01-11 20:00:00,<function <lambda> at 0x7fa4962879f0>,<function <lambda> at 0x7fa496287a90>,<function <lambda> at 0x7fa496287b30>
26566,2023-01-11 21:00:00,<function <lambda> at 0x7fa4962879f0>,<function <lambda> at 0x7fa496287a90>,<function <lambda> at 0x7fa496287b30>
26567,2023-01-11 22:00:00,<function <lambda> at 0x7fa4962879f0>,<function <lambda> at 0x7fa496287a90>,<function <lambda> at 0x7fa496287b30>
26568,2023-01-11 23:00:00,<function <lambda> at 0x7fa4962879f0>,<function <lambda> at 0x7fa496287a90>,<function <lambda> at 0x7fa496287b30>
26569,2023-01-12 00:00:00,<function <lambda> at 0x7fa4962879f0>,<function <lambda> at 0x7fa496287a90>,<function <lambda> at 0x7fa496287b30>
26570,2023-01-12 01:00:00,<function <lambda> at 0x7fa4962879f0>,<function <lambda> at 0x7fa496287a90>,<function <lambda> at 0x7fa496287b30>
26571,2023-01-12 02:00:00,<function <lambda> at 0x7fa4962879f0>,<function <lambda> at 0x7fa496287a90>,<function <lambda> at 0x7fa496287b30>
26572,2023-01-12 03:00:00,<function <lambda> at 0x7fa4962879f0>,<function <lambda> at 0x7fa496287a90>,<function <lambda> at 0x7fa496287b30>
26573,2023-01-12 04:00:00,<function <lambda> at 0x7fa4962879f0>,<function <lambda> at 0x7fa496287a90>,<function <lambda> at 0x7fa496287b30>
26574,2023-01-12 05:00:00,<function <lambda> at 0x7fa4962879f0>,<function <lambda> at 0x7fa496287a90>,<function <lambda> at 0x7fa496287b30>
26575,2023-01-12 06:00:00,<function <lambda> at 0x7fa4962879f0>,<function <lambda> at 0x7fa496287a90>,<function <lambda> at 0x7fa496287b30>
26576,2023-01-12 07:00:00,<function <lambda> at 0x7fa4962879f0>,<function <lambda> at 0x7fa496287a90>,<function <lambda> at 0x7fa496287b30>
26577,2023-01-12 08:00:00,<function <lambda> at 0x7fa4962879f0>,<function <lambda> at 0x7fa496287a90>,<function <lambda> at 0x7fa496287b30>
26578,2023-01-12 09:00:00,<function <lambda> at 0x7fa4962879f0>,<function <lambda> at 0x7fa496287a90>,<function <lambda> at 0x7fa496287b30>
26579,2023-01-12 10:00:00,<function <lambda> at 0x7fa4962879f0>,<function <lambda> at 0x7fa496287a90>,<function <lambda> at 0x7fa496287b30>
26580,2023-01-12 11:00:00,<function <lambda> at 0x7fa4962879f0>,<function <lambda> at 0x7fa496287a90>,<function <lambda> at 0x7fa496287b30>
26581,2023-01-12 12:00:00,<function <lambda> at 0x7fa4962879f0>,<function <lambda> at 0x7fa496287a90>,<function <lambda> at 0x7fa496287b30>
26582,2023-01-12 13:00:00,<function <lambda> at 0x7fa4962879f0>,<function <lambda> at 0x7fa496287a90>,<function <lambda> at 0x7fa496287b30>
26583,2023-01-12 14:00:00,<function <lambda> at 0x7fa4962879f0>,<function <lambda> at 0x7fa496287a90>,<function <lambda> at 0x7fa496287b30>
26584,2023-01-12 15:00:00,<function <lambda> at 0x7fa4962879f0>,<function <lambda> at 0x7fa496287a90>,<function <lambda> at 0x7fa496287b30>
26585,2023-01-12 16:00:00,<function <lambda> at 0x7fa4962879f0>,<function <lambda> at 0x7fa496287a90>,<function <lambda> at 0x7fa496287b30>
26586,2023-01-12 17:00:00,<function <lambda> at 0x7fa4962879f0>,<function <lambda> at 0x7fa496287a90>,<function <lambda> at 0x7fa496287b30>
26587,2023-01-12 18:00:00,<function <lambda> at 0x7fa4962879f0>,<function <lambda> at 0x7fa496287a90>,<function <lambda> at 0x7fa496287b30>
26588,2023-01-12 19:00:00,<function <lambda> at 0x7fa4962879f0>,<function <lambda> at 0x7fa496287a90>,<function <lambda> at 0x7fa496287b30>
26589,2023-01-12 20:00:00,<function <lambda> at 0x7fa4962879f0>,<function <lambda> at 0x7fa496287a90>,<function <lambda> at 0x7fa496287b30>
26590,2023-01-12 21:00:00,<function <lambda> at 0x7fa4962879f0>,<function <lambda> at 0x7fa496287a90>,<function <lambda> at 0x7fa496287b30>
26591,2023-01-12 22:00:00,<function <lambda> at 0x7fa4962879f0>,<function <lambda> at 0x7fa496287a90>,<function <lambda> at 0x7fa496287b30>
26592,2023-01-12 23:00:00,<function <lambda> at 0x7fa4962879f0>,<function <lambda> at 0x7fa496287a90>,<function <lambda> at 0x7fa496287b30>
26593,2023-01-13 00:00:00,<function <lambda> at 0x7fa4962879f0>,<function <lambda> at 0x7fa496287a90>,<function <lambda> at 0x7fa496287b30>
26594,2023-01-13 01:00:00,<function <lambda> at 0x7fa4962879f0>,<function <lambda> at 0x7fa496287a90>,<function <lambda> at 0x7fa496287b30>
26595,2023-01-13 02:00:00,<function <lambda> at 0x7fa4962879f0>,<function <lambda> at 0x7fa496287a90>,<function <lambda> at 0x7fa496287b30>
26596,2023-01-13 03:00:00,<function <lambda> at 0x7fa4962879f0>,<function <lambda> at 0x7fa496287a90>,<function <lambda> at 0x7fa496287b30>
26597,2023-01-13 04:00:00,<function <lambda> at 0x7fa4962879f0>,<function <lambda> at 0x7fa496287a90>,<function <lambda> at 0x7fa496287b30>
26598,2023-01-13 05:00:00,<function <lambda> at 0x7fa4962879f0>,<function <lambda> at 0x7fa496287a90>,<function <lambda> at 0x7fa496287b30>
26599,2023-01-13 06:00:00,<function <lambda> at 0x7fa4962879f0>,<function <lambda> at 0x7fa496287a90>,<function <lambda> at 0x7fa496287b30>
26600,2023-01-13 07:00:00,<function <lambda> at 0x7fa4962879f0>,<function <lambda> at 0x7fa496287a90>,<function <lambda> at 0x7fa496287b30>
26601,2023-01-13 08:00:00,<function <lambda> at 0x7fa4962879f0>,<function <lambda> at 0x7fa496287a90>,<function <lambda> at 0x7fa496287b30>
26602,2023-01-13 09:00:00,<function <lambda> at 0x7fa4962879f0>,<function <lambda> at 0x7fa496287a90>,<function <lambda> at 0x7fa496287b30>
26603,2023-01-13 10:00:00,<function <lambda> at 0x7fa4962879f0>,<function <lambda> at 0x7fa496287a90>,<function <lambda> at 0x7fa496287b30>
26604,2023-01-13 11:00:00,<function <lambda> at 0x7fa4962879f0>,<function <lambda> at 0x7fa496287a90>,<function <lambda> at 0x7fa496287b30>
26605,2023-01-13 12:00:00,<function <lambda> at 0x7fa4962879f0>,<function <lambda> at 0x7fa496287a90>,<function <lambda> at 0x7fa496287b30>
26606,2023-01-13 13:00:00,<function <lambda> at 0x7fa4962879f0>,<function <lambda> at 0x7fa496287a90>,<function <lambda> at 0x7fa496287b30>
26607,2023-01-13 14:00:00,<function <lambda> at 0x7fa4962879f0>,<function <lambda> at 0x7fa496287a90>,<function <lambda> at 0x7fa496287b30>
26608,2023-01-13 15:00:00,<function <lambda> at 0x7fa4962879f0>,<function <lambda> at 0x7fa496287a90>,<function <lambda> at 0x7fa496287b30>
26609,2023-01-13 16:00:00,<function <lambda> at 0x7fa4962879f0>,<function <lambda> at 0x7fa496287a90>,<function <lambda> at 0x7fa496287b30>
26610,2023-01-13 17:00:00,<function <lambda> at 0x7fa4962879f0>,<function <lambda> at 0x7fa496287a90>,<function <lambda> at 0x7fa496287b30>
26611,2023-01-13 18:00:00,<function <lambda> at 0x7fa4962879f0>,<function <lambda> at 0x7fa496287a90>,<function <lambda> at 0x7fa496287b30>
26612,2023-01-13 19:00:00,<function <lambda> at 0x7fa4962879f0>,<function <lambda> at 0x7fa496287a90>,<function <lambda> at 0x7fa496287b30>
26613,2023-01-13 20:00:00,<function <lambda> at 0x7fa4962879f0>,<function <lambda> at 0x7fa496287a90>,<function <lambda> at 0x7fa496287b30>
26614,2023-01-13 21:00:00,<function <lambda> at 0x7fa4962879f0>,<function <lambda> at 0x7fa496287a90>,<function <lambda> at 0x7fa496287b30>
26615,2023-01-13 22:00:00,<function <lambda> at 0x7fa4962879f0>,<function <lambda> at 0x7fa496287a90>,<function <lambda> at 0x7fa496287b30>
26616,2023-01-13 23:00:00,<function <lambda> at 0x7fa4962879f0>,<function <lambda> at 0x7fa496287a90>,<function <lambda> at 0x7fa496287b30>
26617,2023-01-14 00:00:00,<function <lambda> at 0x7fa4962879f0>,<function <lambda> at 0x7fa496287a90>,<function <lambda> at 0x7fa496287b30>
26618,2023-01-14 01:00:00,<function <lambda> at 0x7fa4962879f0>,<function <lambda> at 0x7fa496287a90>,<function <lambda> at 0x7fa496287b30>
26619,2023-01-14 02:00:00,<function <lambda> at 0x7fa4962879f0>,<function <lambda> at 0x7fa496287a90>,<function <lambda> at 0x7fa496287b30>
26620,2023-01-14 03:00:00,<function <lambda> at 0x7fa4962879f0>,<function <lambda> at 0x7fa496287a90>,<function <lambda> at 0x7fa496287b30>
26621,2023-01-14 04:00:00,<function <lambda> at 0x7fa4962879f0>,<function <lambda> at 0x7fa496287a90>,<function <lambda> at 0x7fa496287b30>
26622,2023-01-14 05:00:00,<function <lambda> at 0x7fa4962879f0>,<function <lambda> at 0x7fa496287a90>,<function <lambda> at 0x7fa496287b30>
26623,2023-01-14 06:00:00,<function <lambda> at 0x7fa4962879f0>,<function <lambda> at 0x7fa496287a90>,<function <lambda> at 0x7fa496287b30>
26624,2023-01-14 07:00:00,<function <lambda> at 0x7fa4962879f0>,<function <lambda> at 0x7fa496287a90>,<function <lambda> at 0x7fa496287b30>
26625,2023-01-14 08:00:00,<function <lambda> at 0x7fa4962879f0>,<function <lambda> at 0x7fa496287a90>,<function <lambda> at 0x7fa496287b30>
26626,2023-01-14 09:00:00,<function <lambda> at 0x7fa4962879f0>,<function <lambda> at 0x7fa496287a90>,<function <lambda> at 0x7fa496287b30>
26627,2023-01-14 10:00:00,<function <lambda> at 0x7fa4962879f0>,<function <lambda> at 0x7fa496287a90>,<function <lambda> at 0x7fa496287b30>
26628,2023-01-14 11:00:00,<function <lambda> at 0x7fa4962879f0>,<function <lambda> at 0x7fa496287a90>,<function <lambda> at 0x7fa496287b30>
26629,2023-01-14 12:00:00,<function <lambda> at 0x7fa4962879f0>,<function <lambda> at 0x7fa496287a90>,<function <lambda> at 0x7fa496287b30>
26630,2023-01-14 13:00:00,<function <lambda> at 0x7fa4962879f0>,<function <lambda> at 0x7fa496287a90>,<function <lambda> at 0x7fa496287b30>
26631,2023-01-14 14:00:00,<function <lambda> at 0x7fa4962879f0>,<function <lambda> at 0x7fa496287a90>,<function <lambda> at 0x7fa496287b30>
26632,2023-01-14 15:00:00,<function <lambda> at 0x7fa4962879f0>,<function <lambda> at 0x7fa496287a90>,<function <lambda> at 0x7fa496287b30>
26633,2023-01-14 16:00:00,<function <lambda> at 0x7fa4962879f0>,<function <lambda> at 0x7fa496287a90>,<function <lambda> at 0x7fa496287b30>
26634,2023-01-14 17:00:00,<function <lambda> at 0x7fa4962879f0>,<function <lambda> at 0x7fa496287a90>,<function <lambda> at 0x7fa496287b30>
26635,2023-01-14 18:00:00,<function <lambda> at 0x7fa4962879f0>,<function <lambda> at 0x7fa496287a90>,<function <lambda> at 0x7fa496287b30>
26636,2023-01-14 19:00:00,<function <lambda> at 0x7fa4962879f0>,<function <lambda> at 0x7fa496287a90>,<function <lambda> at 0x7fa496287b30>
26637,2023-01-14 20:00:00,<function <lambda> at 0x7fa4962879f0>,<function <lambda> at 0x7fa496287a90>,<function <lambda> at 0x7fa496287b30>
26638,2023-01-14 21:00:00,<function <lambda> at 0x7fa4962879f0>,<function <lambda> at 0x7fa496287a90>,<function <lambda> at 0x7fa496287b30>
26639,2023-01-14 22:00:00,<function <lambda> at 0x7fa4962879f0>,<function <lambda> at 0x7fa496287a90>,<function <lambda> at 0x7fa496287b30>
26640,2023-01-14 23:00:00,<function <lambda> at 0x7fa4962879f0>,<function <lambda> at 0x7fa496287a90>,<function <lambda> at 0x7fa496287b30>
26641,2023-01-15 00:00:00,<function <lambda> at 0x7fa4962879f0>,<function <lambda> at 0x7fa496287a90>,<function <lambda> at 0x7fa496287b30>
26642,2023-01-15 01:00:00,<function <lambda> at 0x7fa4962879f0>,<function <lambda> at 0x7fa496287a90>,<function <lambda> at 0x7fa496287b30>
26643,2023-01-15 02:00:00,<function <lambda> at 0x7fa4962879f0>,<function <lambda> at 0x7fa496287a90>,<function <lambda> at 0x7fa496287b30>
26644,2023-01-15 03:00:00,<function <lambda> at 0x7fa4962879f0>,<function <lambda> at 0x7fa496287a90>,<function <lambda> at 0x7fa496287b30>
26645,2023-01-15 04:00:00,<function <lambda> at 0x7fa4962879f0>,<function <lambda> at 0x7fa496287a90>,<function <lambda> at 0x7fa496287b30>
26646,2023-01-15 05:00:00,<function <lambda> at 0x7fa4962879f0>,<function <lambda> at 0x7fa496287a90>,<function <lambda> at 0x7fa496287b30>
26647,2023-01-15 06:00:00,<function <lambda> at 0x7fa4962879f0>,<function <lambda> at 0x7fa496287a90>,<function <lambda> at 0x7fa496287b30>
26648,2023-01-15 07:00:00,<function <lambda> at 0x7fa4962879f0>,<function <lambda> at 0x7fa496287a90>,<function <lambda> at 0x7fa496287b30>
26649,2023-01-15 08:00:00,<function <lambda> at 0x7fa4962879f0>,<function <lambda> at 0x7fa496287a90>,<function <lambda> at 0x7fa496287b30>
26650,2023-01-15 09:00:00,<function <lambda> at 0x7fa4962879f0>,<function <lambda> at 0x7fa496287a90>,<function <lambda> at 0x7fa496287b30>
26651,2023-01-15 10:00:00,<function <lambda> at 0x7fa4962879f0>,<function <lambda> at 0x7fa496287a90>,<function <lambda> at 0x7fa496287b30>
26652,2023-01-15 11:00:00,<function <lambda> at 0x7fa4962879f0>,<function <lambda> at 0x7fa496287a90>,<function <lambda> at 0x7fa496287b30>
26653,2023-01-15 12:00:00,<function <lambda> at 0x7fa4962879f0>,<function <lambda> at 0x7fa496287a90>,<function <lambda> at 0x7fa496287b30>
26654,2023-01-15 13:00:00,<function <lambda> at 0x7fa4962879f0>,<function <lambda> at 0x7fa496287a90>,<function <lambda> at 0x7fa496287b30>
26655,2023-01-15 14:00:00,<function <lambda> at 0x7fa4962879f0>,<function <lambda> at 0x7fa496287a90>,<function <lambda> at 0x7fa496287b30>
26656,2023-01-15 15:00:00,<function <lambda> at 0x7fa4962879f0>,<function <lambda> at 0x7fa496287a90>,<function <lambda> at 0x7fa496287b30>
26657,2023-01-15 16:00:00,<function <lambda> at 0x7fa4962879f0>,<function <lambda> at 0x7fa496287a90>,<function <lambda> at 0x7fa496287b30>
26658,2023-01-15 17:00:00,<function <lambda> at 0x7fa4962879f0>,<function <lambda> at 0x7fa496287a90>,<function <lambda> at 0x7fa496287b30>
26659,2023-01-15 18:00:00,<function <lambda> at 0x7fa4962879f0>,<function <lambda> at 0x7fa496287a90>,<function <lambda> at 0x7fa496287b30>
26660,2023-01-15 19:00:00,<function <lambda> at 0x7fa4962879f0>,<function <lambda> at 0x7fa496287a90>,<function <lambda> at 0x7fa496287b30>
26661,2023-01-15 20:00:00,<function <lambda> at 0x7fa4962879f0>,<function <lambda> at 0x7fa496287a90>,<function <lambda> at 0x7fa496287b30>
26662,2023-01-15 21:00:00,<function <lambda> at 0x7fa4962879f0>,<function <lambda> at 0x7fa496287a90>,<function <lambda> at 0x7fa496287b30>
26663,2023-01-15 22:00:00,<function <lambda> at 0x7fa4962879f0>,<function <lambda> at 0x7fa496287a90>,<function <lambda> at 0x7fa496287b30>
26664,2023-01-15 23:00:00,<function <lambda> at 0x7fa4962879f0>,<function <lambda> at 0x7fa496287a90>,<function <lambda> at 0x7fa496287b30>
26665,2023-01-16 00:00:00,<function <lambda> at 0x7fa4962879f0>,<function <lambda> at 0x7fa496287a90>,<function <lambda> at 0x7fa496287b30>
26666,2023-01-16 01:00:00,<function <lambda> at 0x7fa4962879f0>,<function <lambda> at 0x7fa496287a90>,<function <lambda> at 0x7fa496287b30>
26667,2023-01-16 02:00:00,<function <lambda> at 0x7fa4962879f0>,<function <lambda> at 0x7fa496287a90>,<function <lambda> at 0x7fa496287b30>
26668,2023-01-16 03:00:00,<function <lambda> at 0x7fa4962879f0>,<function <lambda> at 0x7fa496287a90>,<function <lambda> at 0x7fa496287b30>
26669,2023-01-16 04:00:00,<function <lambda> at 0x7fa4962879f0>,<function <lambda> at 0x7fa496287a90>,<function <lambda> at 0x7fa496287b30>
26670,2023-01-16 05:00:00,<function <lambda> at 0x7fa4962879f0>,<function <lambda> at 0x7fa496287a90>,<function <lambda> at 0x7fa496287b30>
26671,2023-01-16 06:00:00,<function <lambda> at 0x7fa4962879f0>,<function <lambda> at 0x7fa496287a90>,<function <lambda> at 0x7fa496287b30>
26672,2023-01-16 07:00:00,<function <lambda> at 0x7fa4962879f0>,<function <lambda> at 0x7fa496287a90>,<function <lambda> at 0x7fa496287b30>
26673,2023-01-16 08:00:00,<function <lambda> at 0x7fa4962879f0>,<function <lambda> at 0x7fa496287a90>,<function <lambda> at 0x7fa496287b30>
26674,2023-01-16 09:00:00,<function <lambda> at 0x7fa4962879f0>,<function <lambda> at 0x7fa496287a90>,<function <lambda> at 0x7fa496287b30>
26675,2023-01-16 10:00:00,<function <lambda> at 0x7fa4962879f0>,<function <lambda> at 0x7fa496287a90>,<function <lambda> at 0x7fa496287b30>
26676,2023-01-16 11:00:00,<function <lambda> at 0x7fa4962879f0>,<function <lambda> at 0x7fa496287a90>,<function <lambda> at 0x7fa496287b30>
26677,2023-01-16 12:00:00,<function <lambda> at 0x7fa4962879f0>,<function <lambda> at 0x7fa496287a90>,<function <lambda> at 0x7fa496287b30>
26678,2023-01-16 13:00:00,<function <lambda> at 0x7fa4962879f0>,<function <lambda> at 0x7fa496287a90>,<function <lambda> at 0x7fa496287b30>
26679,2023-01-16 14:00:00,<function <lambda> at 0x7fa4962879f0>,<function <lambda> at 0x7fa496287a90>,<function <lambda> at 0x7fa496287b30>
26680,2023-01-16 15:00:00,<function <lambda> at 0x7fa4962879f0>,<function <lambda> at 0x7fa496287a90>,<function <lambda> at 0x7fa496287b30>
26681,2023-01-16 16:00:00,<function <lambda> at 0x7fa4962879f0>,<function <lambda> at 0x7fa496287a90>,<function <lambda> at 0x7fa496287b30>
26682,2023-01-16 17:00:00,<function <lambda> at 0x7fa4962879f0>,<function <lambda> at 0x7fa496287a90>,<function <lambda> at 0x7fa496287b30>
26683,2023-01-16 18:00:00,<function <lambda> at 0x7fa4962879f0>,<function <lambda> at 0x7fa496287a90>,<function <lambda> at 0x7fa496287b30>
26684,2023-01-16 19:00:00,<function <lambda> at 0x7fa4962879f0>,<function <lambda> at 0x7fa496287a90>,<function <lambda> at 0x7fa496287b30>
26685,2023-01-16 20:00:00,<function <lambda> at 0x7fa4962879f0>,<function <lambda> at 0x7fa496287a90>,<function <lambda> at 0x7fa496287b30>
26686,2023-01-16 21:00:00,<function <lambda> at 0x7fa4962879f0>,<function <lambda> at 0x7fa496287a90>,<function <lambda> at 0x7fa496287b30>
26687,2023-01-16 22:00:00,<function <lambda> at 0x7fa4962879f0>,<function <lambda> at 0x7fa496287a90>,<function <lambda> at 0x7fa496287b30>
26688,2023-01-16 23:00:00,<function <lambda> at 0x7fa4962879f0>,<function <lambda> at 0x7fa496287a90>,<function <lambda> at 0x7fa496287b30>
26689,2023-01-17 00:00:00,<function <lambda> at 0x7fa4962879f0>,<function <lambda> at 0x7fa496287a90>,<function <lambda> at 0x7fa496287b30>
26690,2023-01-17 01:00:00,<function <lambda> at 0x7fa4962879f0>,<function <lambda> at 0x7fa496287a90>,<function <lambda> at 0x7fa496287b30>
26691,2023-01-17 02:00:00,<function <lambda> at 0x7fa4962879f0>,<function <lambda> at 0x7fa496287a90>,<function <lambda> at 0x7fa496287b30>
26692,2023-01-17 03:00:00,<function <lambda> at 0x7fa4962879f0>,<function <lambda> at 0x7fa496287a90>,<function <lambda> at 0x7fa496287b30>
26693,2023-01-17 04:00:00,<function <lambda> at 0x7fa4962879f0>,<function <lambda> at 0x7fa496287a90>,<function <lambda> at 0x7fa496287b30>
26694,2023-01-17 05:00:00,<function <lambda> at 0x7fa4962879f0>,<function <lambda> at 0x7fa496287a90>,<function <lambda> at 0x7fa496287b30>
26695,2023-01-17 06:00:00,<function <lambda> at 0x7fa4962879f0>,<function <lambda> at 0x7fa496287a90>,<function <lambda> at 0x7fa496287b30>
26696,2023-01-17 07:00:00,<function <lambda> at 0x7fa4962879f0>,<function <lambda> at 0x7fa496287a90>,<function <lambda> at 0x7fa496287b30>
26697,2023-01-17 08:00:00,<function <lambda> at 0x7fa4962879f0>,<function <lambda> at 0x7fa496287a90>,<function <lambda> at 0x7fa496287b30>
26698,2023-01-17 09:00:00,<function <lambda> at 0x7fa4962879f0>,<function <lambda> at 0x7fa496287a90>,<function <lambda> at 0x7fa496287b30>
26699,2023-01-17 10:00:00,<function <lambda> at 0x7fa4962879f0>,<function <lambda> at 0x7fa496287a90>,<function <lambda> at 0x7fa496287b30>
26700,2023-01-17 11:00:00,<function <lambda> at 0x7fa4962879f0>,<function <lambda> at 0x7fa496287a90>,<function <lambda> at 0x7fa496287b30>
26701,2023-01-17 12:00:00,<function <lambda> at 0x7fa4962879f0>,<function <lambda> at 0x7fa496287a90>,<function <lambda> at 0x7fa496287b30>
26702,2023-01-17 13:00:00,<function <lambda> at 0x7fa4962879f0>,<function <lambda> at 0x7fa496287a90>,<function <lambda> at 0x7fa496287b30>
26703,2023-01-17 14:00:00,<function <lambda> at 0x7fa4962879f0>,<function <lambda> at 0x7fa496287a90>,<function <lambda> at 0x7fa496287b30>
26704,2023-01-17 15:00:00,<function <lambda> at 0x7fa4962879f0>,<function <lambda> at 0x7fa496287a90>,<function <lambda> at 0x7fa496287b30>
26705,2023-01-17 16:00:00,<function <lambda> at 0x7fa4962879f0>,<function <lambda> at 0x7fa496287a90>,<function <lambda> at 0x7fa496287b30>
26706,2023-01-17 17:00:00,<function <lambda> at 0x7fa4962879f0>,<function <lambda> at 0x7fa496287a90>,<function <lambda> at 0x7fa496287b30>
26707,2023-01-17 18:00:00,<function <lambda> at 0x7fa4962879f0>,<function <lambda> at 0x7fa496287a90>,<function <lambda> at 0x7fa496287b30>
26708,2023-01-17 19:00:00,<function <lambda> at 0x7fa4962879f0>,<function <lambda> at 0x7fa496287a90>,<function <lambda> at 0x7fa496287b30>
26709,2023-01-17 20:00:00,<function <lambda> at 0x7fa4962879f0>,<function <lambda> at 0x7fa496287a90>,<function <lambda> at 0x7fa496287b30>
26710,2023-01-17 21:00:00,<function <lambda> at 0x7fa4962879f0>,<function <lambda> at 0x7fa496287a90>,<function <lambda> at 0x7fa496287b30>
26711,2023-01-17 22:00:00,<function <lambda> at 0x7fa4962879f0>,<function <lambda> at 0x7fa496287a90>,<function <lambda> at 0x7fa496287b30>
26712,2023-01-17 23:00:00,<function <lambda> at 0x7fa4962879f0>,<function <lambda> at 0x7fa496287a90>,<function <lambda> at 0x7fa496287b30>
26713,2023-01-18 00:00:00,<function <lambda> at 0x7fa4962879f0>,<function <lambda> at 0x7fa496287a90>,<function <lambda> at 0x7fa496287b30>
26714,2023-01-18 01:00:00,<function <lambda> at 0x7fa4962879f0>,<function <lambda> at 0x7fa496287a90>,<function <lambda> at 0x7fa496287b30>
26715,2023-01-18 02:00:00,<function <lambda> at 0x7fa4962879f0>,<function <lambda> at 0x7fa496287a90>,<function <lambda> at 0x7fa496287b30>
26716,2023-01-18 03:00:00,<function <lambda> at 0x7fa4962879f0>,<function <lambda> at 0x7fa496287a90>,<function <lambda> at 0x7fa496287b30>
26717,2023-01-18 04:00:00,<function <lambda> at 0x7fa4962879f0>,<function <lambda> at 0x7fa496287a90>,<function <lambda> at 0x7fa496287b30>
26718,2023-01-18 05:00:00,<function <lambda> at 0x7fa4962879f0>,<function <lambda> at 0x7fa496287a90>,<function <lambda> at 0x7fa496287b30>
26719,2023-01-18 06:00:00,<function <lambda> at 0x7fa4962879f0>,<function <lambda> at 0x7fa496287a90>,<function <lambda> at 0x7fa496287b30>
26720,2023-01-18 07:00:00,<function <lambda> at 0x7fa4962879f0>,<function <lambda> at 0x7fa496287a90>,<function <lambda> at 0x7fa496287b30>
26721,2023-01-18 08:00:00,<function <lambda> at 0x7fa4962879f0>,<function <lambda> at 0x7fa496287a90>,<function <lambda> at 0x7fa496287b30>
26722,2023-01-18 09:00:00,<function <lambda> at 0x7fa4962879f0>,<function <lambda> at 0x7fa496287a90>,<function <lambda> at 0x7fa496287b30>
26723,2023-01-18 10:00:00,<function <lambda> at 0x7fa4962879f0>,<function <lambda> at 0x7fa496287a90>,<function <lambda> at 0x7fa496287b30>
26724,2023-01-18 11:00:00,<function <lambda> at 0x7fa4962879f0>,<function <lambda> at 0x7fa496287a90>,<function <lambda> at 0x7fa496287b30>
26725,2023-01-18 12:00:00,<function <lambda> at 0x7fa4962879f0>,<function <lambda> at 0x7fa496287a90>,<function <lambda> at 0x7fa496287b30>
26726,2023-01-18 13:00:00,<function <lambda> at 0x7fa4962879f0>,<function <lambda> at 0x7fa496287a90>,<function <lambda> at 0x7fa496287b30>
26727,2023-01-18 14:00:00,<function <lambda> at 0x7fa4962879f0>,<function <lambda> at 0x7fa496287a90>,<function <lambda> at 0x7fa496287b30>
26728,2023-01-18 15:00:00,<function <lambda> at 0x7fa4962879f0>,<function <lambda> at 0x7fa496287a90>,<function <lambda> at 0x7fa496287b30>
26729,2023-01-18 16:00:00,<function <lambda> at 0x7fa4962879f0>,<function <lambda> at 0x7fa496287a90>,<function <lambda> at 0x7fa496287b30>
26730,2023-01-18 17:00:00,<function <lambda> at 0x7fa4962879f0>,<function <lambda> at 0x7fa496287a90>,<function <lambda> at 0x7fa496287b30>
26731,2023-01-18 18:00:00,<function <lambda> at 0x7fa4962879f0>,<function <lambda> at 0x7fa496287a90>,<function <lambda> at 0x7fa496287b30>
26732,2023-01-18 19:00:00,<function <lambda> at 0x7fa4962879f0>,<function <lambda> at 0x7fa496287a90>,<function <lambda> at 0x7fa496287b30>
26733,2023-01-18 20:00:00,<function <lambda> at 0x7fa4962879f0>,<function <lambda> at 0x7fa496287a90>,<function <lambda> at 0x7fa496287b30>
26734,2023-01-18 21:00:00,<function <lambda> at 0x7fa4962879f0>,<function <lambda> at 0x7fa496287a90>,<function <lambda> at 0x7fa496287b30>
26735,2023-01-18 22:00:00,<function <lambda> at 0x7fa4962879f0>,<function <lambda> at 0x7fa496287a90>,<function <lambda> at 0x7fa496287b30>
26736,2023-01-18 23:00:00,<function <lambda> at 0x7fa4962879f0>,<function <lambda> at 0x7fa496287a90>,<function <lambda> at 0x7fa496287b30>
26737,2023-01-19 00:00:00,<function <lambda> at 0x7fa4962879f0>,<function <lambda> at 0x7fa496287a90>,<function <lambda> at 0x7fa496287b30>
26738,2023-01-19 01:00:00,<function <lambda> at 0x7fa4962879f0>,<function <lambda> at 0x7fa496287a90>,<function <lambda> at 0x7fa496287b30>
26739,2023-01-19 02:00:00,<function <lambda> at 0x7fa4962879f0>,<function <lambda> at 0x7fa496287a90>,<function <lambda> at 0x7fa496287b30>
26740,2023-01-19 03:00:00,<function <lambda> at 0x7fa4962879f0>,<function <lambda> at 0x7fa496287a90>,<function <lambda> at 0x7fa496287b30>
26741,2023-01-19 04:00:00,<function <lambda> at 0x7fa4962879f0>,<function <lambda> at 0x7fa496287a90>,<function <lambda> at 0x7fa496287b30>
26742,2023-01-19 05:00:00,<function <lambda> at 0x7fa4962879f0>,<function <lambda> at 0x7fa496287a90>,<function <lambda> at 0x7fa496287b30>
26743,2023-01-19 06:00:00,<function <lambda> at 0x7fa4962879f0>,<function <lambda> at 0x7fa496287a90>,<function <lambda> at 0x7fa496287b30>
26744,2023-01-19 07:00:00,<function <lambda> at 0x7fa4962879f0>,<function <lambda> at 0x7fa496287a90>,<function <lambda> at 0x7fa496287b30>
26745,2023-01-19 08:00:00,<function <lambda> at 0x7fa4962879f0>,<function <lambda> at 0x7fa496287a90>,<function <lambda> at 0x7fa496287b30>
26746,2023-01-19 09:00:00,<function <lambda> at 0x7fa4962879f0>,<function <lambda> at 0x7fa496287a90>,<function <lambda> at 0x7fa496287b30>
26747,2023-01-19 10:00:00,<function <lambda> at 0x7fa4962879f0>,<function <lambda> at 0x7fa496287a90>,<function <lambda> at 0x7fa496287b30>
26748,2023-01-19 11:00:00,<function <lambda> at 0x7fa4962879f0>,<function <lambda> at 0x7fa496287a90>,<function <lambda> at 0x7fa496287b30>
26749,2023-01-19 12:00:00,<function <lambda> at 0x7fa4962879f0>,<function <lambda> at 0x7fa496287a90>,<function <lambda> at 0x7fa496287b30>
26750,2023-01-19 13:00:00,<function <lambda> at 0x7fa4962879f0>,<function <lambda> at 0x7fa496287a90>,<function <lambda> at 0x7fa496287b30>
26751,2023-01-19 14:00:00,<function <lambda> at 0x7fa4962879f0>,<function <lambda> at 0x7fa496287a90>,<function <lambda> at 0x7fa496287b30>
26752,2023-01-19 15:00:00,<function <lambda> at 0x7fa4962879f0>,<function <lambda> at 0x7fa496287a90>,<function <lambda> at 0x7fa496287b30>
26753,2023-01-19 16:00:00,<function <lambda> at 0x7fa4962879f0>,<function <lambda> at 0x7fa496287a90>,<function <lambda> at 0x7fa496287b30>
26754,2023-01-19 17:00:00,<function <lambda> at 0x7fa4962879f0>,<function <lambda> at 0x7fa496287a90>,<function <lambda> at 0x7fa496287b30>
26755,2023-01-19 18:00:00,<function <lambda> at 0x7fa4962879f0>,<function <lambda> at 0x7fa496287a90>,<function <lambda> at 0x7fa496287b30>
26756,2023-01-19 19:00:00,<function <lambda> at 0x7fa4962879f0>,<function <lambda> at 0x7fa496287a90>,<function <lambda> at 0x7fa496287b30>
26757,2023-01-19 20:00:00,<function <lambda> at 0x7fa4962879f0>,<function <lambda> at 0x7fa496287a90>,<function <lambda> at 0x7fa496287b30>
26758,2023-01-19 21:00:00,<function <lambda> at 0x7fa4962879f0>,<function <lambda> at 0x7fa496287a90>,<function <lambda> at 0x7fa496287b30>
26759,2023-01-19 22:00:00,<function <lambda> at 0x7fa4962879f0>,<function <lambda> at 0x7fa496287a90>,<function <lambda> at 0x7fa496287b30>
26760,2023-01-19 23:00:00,<function <lambda> at 0x7fa4962879f0>,<function <lambda> at 0x7fa496287a90>,<function <lambda> at 0x7fa496287b30>
26761,2023-01-20 00:00:00,<function <lambda> at 0x7fa4962879f0>,<function <lambda> at 0x7fa496287a90>,<function <lambda> at 0x7fa496287b30>
26762,2023-01-20 01:00:00,<function <lambda> at 0x7fa4962879f0>,<function <lambda> at 0x7fa496287a90>,<function <lambda> at 0x7fa496287b30>
26763,2023-01-20 02:00:00,<function <lambda> at 0x7fa4962879f0>,<function <lambda> at 0x7fa496287a90>,<function <lambda> at 0x7fa496287b30>
26764,2023-01-20 03:00:00,<function <lambda> at 0x7fa4962879f0>,<function <lambda> at 0x7fa496287a90>,<function <lambda> at 0x7fa496287b30>
26765,2023-01-20 04:00:00,<function <lambda> at 0x7fa4962879f0>,<function <lambda> at 0x7fa496287a90>,<function <lambda> at 0x7fa496287b30>
26766,2023-01-20 05:00:00,<function <lambda> at 0x7fa4962879f0>,<function <lambda> at 0x7fa496287a90>,<function <lambda> at 0x7fa496287b30>
26767,2023-01-20 06:00:00,<function <lambda> at 0x7fa4962879f0>,<function <lambda> at 0x7fa496287a90>,<function <lambda> at 0x7fa496287b30>
26768,2023-01-20 07:00:00,<function <lambda> at 0x7fa4962879f0>,<function <lambda> at 0x7fa496287a90>,<function <lambda> at 0x7fa496287b30>
26769,2023-01-20 08:00:00,<function <lambda> at 0x7fa4962879f0>,<function <lambda> at 0x7fa496287a90>,<function <lambda> at 0x7fa496287b30>
26770,2023-01-20 09:00:00,<function <lambda> at 0x7fa4962879f0>,<function <lambda> at 0x7fa496287a90>,<function <lambda> at 0x7fa496287b30>
26771,2023-01-20 10:00:00,<function <lambda> at 0x7fa4962879f0>,<function <lambda> at 0x7fa496287a90>,<function <lambda> at 0x7fa496287b30>
26772,2023-01-20 11:00:00,<function <lambda> at 0x7fa4962879f0>,<function <lambda> at 0x7fa496287a90>,<function <lambda> at 0x7fa496287b30>
26773,2023-01-20 12:00:00,<function <lambda> at 0x7fa4962879f0>,<function <lambda> at 0x7fa496287a90>,<function <lambda> at 0x7fa496287b30>
26774,2023-01-20 13:00:00,<function <lambda> at 0x7fa4962879f0>,<function <lambda> at 0x7fa496287a90>,<function <lambda> at 0x7fa496287b30>
26775,2023-01-20 14:00:00,<function <lambda> at 0x7fa4962879f0>,<function <lambda> at 0x7fa496287a90>,<function <lambda> at 0x7fa496287b30>
26776,2023-01-20 15:00:00,<function <lambda> at 0x7fa4962879f0>,<function <lambda> at 0x7fa496287a90>,<function <lambda> at 0x7fa496287b30>
26777,2023-01-20 16:00:00,<function <lambda> at 0x7fa4962879f0>,<function <lambda> at 0x7fa496287a90>,<function <lambda> at 0x7fa496287b30>
26778,2023-01-20 17:00:00,<function <lambda> at 0x7fa4962879f0>,<function <lambda> at 0x7fa496287a90>,<function <lambda> at 0x7fa496287b30>
26779,2023-01-20 18:00:00,<function <lambda> at 0x7fa4962879f0>,<function <lambda> at 0x7fa496287a90>,<function <lambda> at 0x7fa496287b30>
26780,2023-01-20 19:00:00,<function <lambda> at 0x7fa4962879f0>,<function <lambda> at 0x7fa496287a90>,<function <lambda> at 0x7fa496287b30>
26781,2023-01-20 20:00:00,<function <lambda> at 0x7fa4962879f0>,<function <lambda> at 0x7fa496287a90>,<function <lambda> at 0x7fa496287b30>
26782,2023-01-20 21:00:00,<function <lambda> at 0x7fa4962879f0>,<function <lambda> at 0x7fa496287a90>,<function <lambda> at 0x7fa496287b30>
26783,2023-01-20 22:00:00,<function <lambda> at 0x7fa4962879f0>,<function <lambda> at 0x7fa496287a90>,<function <lambda> at 0x7fa496287b30>
26784,2023-01-20 23:00:00,<function <lambda> at 0x7fa4962879f0>,<function <lambda> at 0x7fa496287a90>,<function <lambda> at 0x7fa496287b30>
26785,2023-01-21 00:00:00,<function <lambda> at 0x7fa4962879f0>,<function <lambda> at 0x7fa496287a90>,<function <lambda> at 0x7fa496287b30>
26786,2023-01-21 01:00:00,<function <lambda> at 0x7fa4962879f0>,<function <lambda> at 0x7fa496287a90>,<function <lambda> at 0x7fa496287b30>
26787,2023-01-21 02:00:00,<function <lambda> at 0x7fa4962879f0>,<function <lambda> at 0x7fa496287a90>,<function <lambda> at 0x7fa496287b30>
26788,2023-01-21 03:00:00,<function <lambda> at 0x7fa4962879f0>,<function <lambda> at 0x7fa496287a90>,<function <lambda> at 0x7fa496287b30>
26789,2023-01-21 04:00:00,<function <lambda> at 0x7fa4962879f0>,<function <lambda> at 0x7fa496287a90>,<function <lambda> at 0x7fa496287b30>
26790,2023-01-21 05:00:00,<function <lambda> at 0x7fa4962879f0>,<function <lambda> at 0x7fa496287a90>,<function <lambda> at 0x7fa496287b30>
26791,2023-01-21 06:00:00,<function <lambda> at 0x7fa4962879f0>,<function <lambda> at 0x7fa496287a90>,<function <lambda> at 0x7fa496287b30>
26792,2023-01-21 07:00:00,<function <lambda> at 0x7fa4962879f0>,<function <lambda> at 0x7fa496287a90>,<function <lambda> at 0x7fa496287b30>
26793,2023-01-21 08:00:00,<function <lambda> at 0x7fa4962879f0>,<function <lambda> at 0x7fa496287a90>,<function <lambda> at 0x7fa496287b30>
26794,2023-01-21 09:00:00,<function <lambda> at 0x7fa4962879f0>,<function <lambda> at 0x7fa496287a90>,<function <lambda> at 0x7fa496287b30>
26795,2023-01-21 10:00:00,<function <lambda> at 0x7fa4962879f0>,<function <lambda> at 0x7fa496287a90>,<function <lambda> at 0x7fa496287b30>
26796,2023-01-21 11:00:00,<function <lambda> at 0x7fa4962879f0>,<function <lambda> at 0x7fa496287a90>,<function <lambda> at 0x7fa496287b30>
26797,2023-01-21 12:00:00,<function <lambda> at 0x7fa4962879f0>,<function <lambda> at 0x7fa496287a90>,<function <lambda> at 0x7fa496287b30>
26798,2023-01-21 13:00:00,<function <lambda> at 0x7fa4962879f0>,<function <lambda> at 0x7fa496287a90>,<function <lambda> at 0x7fa496287b30>
26799,2023-01-21 14:00:00,<function <lambda> at 0x7fa4962879f0>,<function <lambda> at 0x7fa496287a90>,<function <lambda> at 0x7fa496287b30>
26800,2023-01-21 15:00:00,<function <lambda> at 0x7fa4962879f0>,<function <lambda> at 0x7fa496287a90>,<function <lambda> at 0x7fa496287b30>
26801,2023-01-21 16:00:00,<function <lambda> at 0x7fa4962879f0>,<function <lambda> at 0x7fa496287a90>,<function <lambda> at 0x7fa496287b30>
26802,2023-01-21 17:00:00,<function <lambda> at 0x7fa4962879f0>,<function <lambda> at 0x7fa496287a90>,<function <lambda> at 0x7fa496287b30>
26803,2023-01-21 18:00:00,<function <lambda> at 0x7fa4962879f0>,<function <lambda> at 0x7fa496287a90>,<function <lambda> at 0x7fa496287b30>
26804,2023-01-21 19:00:00,<function <lambda> at 0x7fa4962879f0>,<function <lambda> at 0x7fa496287a90>,<function <lambda> at 0x7fa496287b30>
26805,2023-01-21 20:00:00,<function <lambda> at 0x7fa4962879f0>,<function <lambda> at 0x7fa496287a90>,<function <lambda> at 0x7fa496287b30>
26806,2023-01-21 21:00:00,<function <lambda> at 0x7fa4962879f0>,<function <lambda> at 0x7fa496287a90>,<function <lambda> at 0x7fa496287b30>
26807,2023-01-21 22:00:00,<function <lambda> at 0x7fa4962879f0>,<function <lambda> at 0x7fa496287a90>,<function <lambda> at 0x7fa496287b30>
26808,2023-01-21 23:00:00,<function <lambda> at 0x7fa4962879f0>,<function <lambda> at 0x7fa496287a90>,<function <lambda> at 0x7fa496287b30>
26809,2023-01-22 00:00:00,<function <lambda> at 0x7fa4962879f0>,<function <lambda> at 0x7fa496287a90>,<function <lambda> at 0x7fa496287b30>
26810,2023-01-22 01:00:00,<function <lambda> at 0x7fa4962879f0>,<function <lambda> at 0x7fa496287a90>,<function <lambda> at 0x7fa496287b30>
26811,2023-01-22 02:00:00,<function <lambda> at 0x7fa4962879f0>,<function <lambda> at 0x7fa496287a90>,<function <lambda> at 0x7fa496287b30>
26812,2023-01-22 03:00:00,<function <lambda> at 0x7fa4962879f0>,<function <lambda> at 0x7fa496287a90>,<function <lambda> at 0x7fa496287b30>
26813,2023-01-22 04:00:00,<function <lambda> at 0x7fa4962879f0>,<function <lambda> at 0x7fa496287a90>,<function <lambda> at 0x7fa496287b30>
26814,2023-01-22 05:00:00,<function <lambda> at 0x7fa4962879f0>,<function <lambda> at 0x7fa496287a90>,<function <lambda> at 0x7fa496287b30>
26815,2023-01-22 06:00:00,<function <lambda> at 0x7fa4962879f0>,<function <lambda> at 0x7fa496287a90>,<function <lambda> at 0x7fa496287b30>
26816,2023-01-22 07:00:00,<function <lambda> at 0x7fa4962879f0>,<function <lambda> at 0x7fa496287a90>,<function <lambda> at 0x7fa496287b30>
26817,2023-01-22 08:00:00,<function <lambda> at 0x7fa4962879f0>,<function <lambda> at 0x7fa496287a90>,<function <lambda> at 0x7fa496287b30>
26818,2023-01-22 09:00:00,<function <lambda> at 0x7fa4962879f0>,<function <lambda> at 0x7fa496287a90>,<function <lambda> at 0x7fa496287b30>
26819,2023-01-22 10:00:00,<function <lambda> at 0x7fa4962879f0>,<function <lambda> at 0x7fa496287a90>,<function <lambda> at 0x7fa496287b30>
26820,2023-01-22 11:00:00,<function <lambda> at 0x7fa4962879f0>,<function <lambda> at 0x7fa496287a90>,<function <lambda> at 0x7fa496287b30>
26821,2023-01-22 12:00:00,<function <lambda> at 0x7fa4962879f0>,<function <lambda> at 0x7fa496287a90>,<function <lambda> at 0x7fa496287b30>
26822,2023-01-22 13:00:00,<function <lambda> at 0x7fa4962879f0>,<function <lambda> at 0x7fa496287a90>,<function <lambda> at 0x7fa496287b30>
26823,2023-01-22 14:00:00,<function <lambda> at 0x7fa4962879f0>,<function <lambda> at 0x7fa496287a90>,<function <lambda> at 0x7fa496287b30>
26824,2023-01-22 15:00:00,<function <lambda> at 0x7fa4962879f0>,<function <lambda> at 0x7fa496287a90>,<function <lambda> at 0x7fa496287b30>
26825,2023-01-22 16:00:00,<function <lambda> at 0x7fa4962879f0>,<function <lambda> at 0x7fa496287a90>,<function <lambda> at 0x7fa496287b30>
26826,2023-01-22 17:00:00,<function <lambda> at 0x7fa4962879f0>,<function <lambda> at 0x7fa496287a90>,<function <lambda> at 0x7fa496287b30>
26827,2023-01-22 18:00:00,<function <lambda> at 0x7fa4962879f0>,<function <lambda> at 0x7fa496287a90>,<function <lambda> at 0x7fa496287b30>
26828,2023-01-22 19:00:00,<function <lambda> at 0x7fa4962879f0>,<function <lambda> at 0x7fa496287a90>,<function <lambda> at 0x7fa496287b30>
26829,2023-01-22 20:00:00,<function <lambda> at 0x7fa4962879f0>,<function <lambda> at 0x7fa496287a90>,<function <lambda> at 0x7fa496287b30>
26830,2023-01-22 21:00:00,<function <lambda> at 0x7fa4962879f0>,<function <lambda> at 0x7fa496287a90>,<function <lambda> at 0x7fa496287b30>
26831,2023-01-22 22:00:00,<function <lambda> at 0x7fa4962879f0>,<function <lambda> at 0x7fa496287a90>,<function <lambda> at 0x7fa496287b30>
26832,2023-01-22 23:00:00,<function <lambda> at 0x7fa4962879f0>,<function <lambda> at 0x7fa496287a90>,<function <lambda> at 0x7fa496287b30>
26833,2023-01-23 00:00:00,<function <lambda> at 0x7fa4962879f0>,<function <lambda> at 0x7fa496287a90>,<function <lambda> at 0x7fa496287b30>
26834,2023-01-23 01:00:00,<function <lambda> at 0x7fa4962879f0>,<function <lambda> at 0x7fa496287a90>,<function <lambda> at 0x7fa496287b30>
26835,2023-01-23 02:00:00,<function <lambda> at 0x7fa4962879f0>,<function <lambda> at 0x7fa496287a90>,<function <lambda> at 0x7fa496287b30>
26836,2023-01-23 03:00:00,<function <lambda> at 0x7fa4962879f0>,<function <lambda> at 0x7fa496287a90>,<function <lambda> at 0x7fa496287b30>
26837,2023-01-23 04:00:00,<function <lambda> at 0x7fa4962879f0>,<function <lambda> at 0x7fa496287a90>,<function <lambda> at 0x7fa496287b30>
26838,2023-01-23 05:00:00,<function <lambda> at 0x7fa4962879f0>,<function <lambda> at 0x7fa496287a90>,<function <lambda> at 0x7fa496287b30>
26839,2023-01-23 06:00:00,<function <lambda> at 0x7fa4962879f0>,<function <lambda> at 0x7fa496287a90>,<function <lambda> at 0x7fa496287b30>
26840,2023-01-23 07:00:00,<function <lambda> at 0x7fa4962879f0>,<function <lambda> at 0x7fa496287a90>,<function <lambda> at 0x7fa496287b30>
26841,2023-01-23 08:00:00,<function <lambda> at 0x7fa4962879f0>,<function <lambda> at 0x7fa496287a90>,<function <lambda> at 0x7fa496287b30>
26842,2023-01-23 09:00:00,<function <lambda> at 0x7fa4962879f0>,<function <lambda> at 0x7fa496287a90>,<function <lambda> at 0x7fa496287b30>
26843,2023-01-23 10:00:00,<function <lambda> at 0x7fa4962879f0>,<function <lambda> at 0x7fa496287a90>,<function <lambda> at 0x7fa496287b30>
26844,2023-01-23 11:00:00,<function <lambda> at 0x7fa4962879f0>,<function <lambda> at 0x7fa496287a90>,<function <lambda> at 0x7fa496287b30>
26845,2023-01-23 12:00:00,<function <lambda> at 0x7fa4962879f0>,<function <lambda> at 0x7fa496287a90>,<function <lambda> at 0x7fa496287b30>
26846,2023-01-23 13:00:00,<function <lambda> at 0x7fa4962879f0>,<function <lambda> at 0x7fa496287a90>,<function <lambda> at 0x7fa496287b30>
26847,2023-01-23 14:00:00,<function <lambda> at 0x7fa4962879f0>,<function <lambda> at 0x7fa496287a90>,<function <lambda> at 0x7fa496287b30>
26848,2023-01-23 15:00:00,<function <lambda> at 0x7fa4962879f0>,<function <lambda> at 0x7fa496287a90>,<function <lambda> at 0x7fa496287b30>
26849,2023-01-23 16:00:00,<function <lambda> at 0x7fa4962879f0>,<function <lambda> at 0x7fa496287a90>,<function <lambda> at 0x7fa496287b30>
26850,2023-01-23 17:00:00,<function <lambda> at 0x7fa4962879f0>,<function <lambda> at 0x7fa496287a90>,<function <lambda> at 0x7fa496287b30>
26851,2023-01-23 18:00:00,<function <lambda> at 0x7fa4962879f0>,<function <lambda> at 0x7fa496287a90>,<function <lambda> at 0x7fa496287b30>
26852,2023-01-23 19:00:00,<function <lambda> at 0x7fa4962879f0>,<function <lambda> at 0x7fa496287a90>,<function <lambda> at 0x7fa496287b30>
26853,2023-01-23 20:00:00,<function <lambda> at 0x7fa4962879f0>,<function <lambda> at 0x7fa496287a90>,<function <lambda> at 0x7fa496287b30>
26854,2023-01-23 21:00:00,<function <lambda> at 0x7fa4962879f0>,<function <lambda> at 0x7fa496287a90>,<function <lambda> at 0x7fa496287b30>
26855,2023-01-23 22:00:00,<function <lambda> at 0x7fa4962879f0>,<function <lambda> at 0x7fa496287a90>,<function <lambda> at 0x7fa496287b30>
26856,2023-01-23 23:00:00,<function <lambda> at 0x7fa4962879f0>,<function <lambda> at 0x7fa496287a90>,<function <lambda> at 0x7fa496287b30>
26857,2023-01-24 00:00:00,<function <lambda> at 0x7fa4962879f0>,<function <lambda> at 0x7fa496287a90>,<function <lambda> at 0x7fa496287b30>
26858,2023-01-24 01:00:00,<function <lambda> at 0x7fa4962879f0>,<function <lambda> at 0x7fa496287a90>,<function <lambda> at 0x7fa496287b30>
26859,2023-01-24 02:00:00,<function <lambda> at 0x7fa4962879f0>,<function <lambda> at 0x7fa496287a90>,<function <lambda> at 0x7fa496287b30>
26860,2023-01-24 03:00:00,<function <lambda> at 0x7fa4962879f0>,<function <lambda> at 0x7fa496287a90>,<function <lambda> at 0x7fa496287b30>
26861,2023-01-24 04:00:00,<function <lambda> at 0x7fa4962879f0>,<function <lambda> at 0x7fa496287a90>,<function <lambda> at 0x7fa496287b30>
26862,2023-01-24 05:00:00,<function <lambda> at 0x7fa4962879f0>,<function <lambda> at 0x7fa496287a90>,<function <lambda> at 0x7fa496287b30>
26863,2023-01-24 06:00:00,<function <lambda> at 0x7fa4962879f0>,<function <lambda> at 0x7fa496287a90>,<function <lambda> at 0x7fa496287b30>
26864,2023-01-24 07:00:00,<function <lambda> at 0x7fa4962879f0>,<function <lambda> at 0x7fa496287a90>,<function <lambda> at 0x7fa496287b30>
26865,2023-01-24 08:00:00,<function <lambda> at 0x7fa4962879f0>,<function <lambda> at 0x7fa496287a90>,<function <lambda> at 0x7fa496287b30>
26866,2023-01-24 09:00:00,<function <lambda> at 0x7fa4962879f0>,<function <lambda> at 0x7fa496287a90>,<function <lambda> at 0x7fa496287b30>
26867,2023-01-24 10:00:00,<function <lambda> at 0x7fa4962879f0>,<function <lambda> at 0x7fa496287a90>,<function <lambda> at 0x7fa496287b30>
26868,2023-01-24 11:00:00,<function <lambda> at 0x7fa4962879f0>,<function <lambda> at 0x7fa496287a90>,<function <lambda> at 0x7fa496287b30>
26869,2023-01-24 12:00:00,<function <lambda> at 0x7fa4962879f0>,<function <lambda> at 0x7fa496287a90>,<function <lambda> at 0x7fa496287b30>
26870,2023-01-24 13:00:00,<function <lambda> at 0x7fa4962879f0>,<function <lambda> at 0x7fa496287a90>,<function <lambda> at 0x7fa496287b30>
26871,2023-01-24 14:00:00,<function <lambda> at 0x7fa4962879f0>,<function <lambda> at 0x7fa496287a90>,<function <lambda> at 0x7fa496287b30>
26872,2023-01-24 15:00:00,<function <lambda> at 0x7fa4962879f0>,<function <lambda> at 0x7fa496287a90>,<function <lambda> at 0x7fa496287b30>
26873,2023-01-24 16:00:00,<function <lambda> at 0x7fa4962879f0>,<function <lambda> at 0x7fa496287a90>,<function <lambda> at 0x7fa496287b30>
26874,2023-01-24 17:00:00,<function <lambda> at 0x7fa4962879f0>,<function <lambda> at 0x7fa496287a90>,<function <lambda> at 0x7fa496287b30>
26875,2023-01-24 18:00:00,<function <lambda> at 0x7fa4962879f0>,<function <lambda> at 0x7fa496287a90>,<function <lambda> at 0x7fa496287b30>
26876,2023-01-24 19:00:00,<function <lambda> at 0x7fa4962879f0>,<function <lambda> at 0x7fa496287a90>,<function <lambda> at 0x7fa496287b30>
26877,2023-01-24 20:00:00,<function <lambda> at 0x7fa4962879f0>,<function <lambda> at 0x7fa496287a90>,<function <lambda> at 0x7fa496287b30>
26878,2023-01-24 21:00:00,<function <lambda> at 0x7fa4962879f0>,<function <lambda> at 0x7fa496287a90>,<function <lambda> at 0x7fa496287b30>
26879,2023-01-24 22:00:00,<function <lambda> at 0x7fa4962879f0>,<function <lambda> at 0x7fa496287a90>,<function <lambda> at 0x7fa496287b30>
26880,2023-01-24 23:00:00,<function <lambda> at 0x7fa4962879f0>,<function <lambda> at 0x7fa496287a90>,<function <lambda> at 0x7fa496287b30>
26881,2023-01-25 00:00:00,<function <lambda> at 0x7fa4962879f0>,<function <lambda> at 0x7fa496287a90>,<function <lambda> at 0x7fa496287b30>
26882,2023-01-25 01:00:00,<function <lambda> at 0x7fa4962879f0>,<function <lambda> at 0x7fa496287a90>,<function <lambda> at 0x7fa496287b30>
26883,2023-01-25 02:00:00,<function <lambda> at 0x7fa4962879f0>,<function <lambda> at 0x7fa496287a90>,<function <lambda> at 0x7fa496287b30>
26884,2023-01-25 03:00:00,<function <lambda> at 0x7fa4962879f0>,<function <lambda> at 0x7fa496287a90>,<function <lambda> at 0x7fa496287b30>
26885,2023-01-25 04:00:00,<function <lambda> at 0x7fa4962879f0>,<function <lambda> at 0x7fa496287a90>,<function <lambda> at 0x7fa496287b30>
26886,2023-01-25 05:00:00,<function <lambda> at 0x7fa4962879f0>,<function <lambda> at 0x7fa496287a90>,<function <lambda> at 0x7fa496287b30>
26887,2023-01-25 06:00:00,<function <lambda> at 0x7fa4962879f0>,<function <lambda> at 0x7fa496287a90>,<function <lambda> at 0x7fa496287b30>
26888,2023-01-25 07:00:00,<function <lambda> at 0x7fa4962879f0>,<function <lambda> at 0x7fa496287a90>,<function <lambda> at 0x7fa496287b30>
26889,2023-01-25 08:00:00,<function <lambda> at 0x7fa4962879f0>,<function <lambda> at 0x7fa496287a90>,<function <lambda> at 0x7fa496287b30>
26890,2023-01-25 09:00:00,<function <lambda> at 0x7fa4962879f0>,<function <lambda> at 0x7fa496287a90>,<function <lambda> at 0x7fa496287b30>
26891,2023-01-25 10:00:00,<function <lambda> at 0x7fa4962879f0>,<function <lambda> at 0x7fa496287a90>,<function <lambda> at 0x7fa496287b30>
26892,2023-01-25 11:00:00,<function <lambda> at 0x7fa4962879f0>,<function <lambda> at 0x7fa496287a90>,<function <lambda> at 0x7fa496287b30>
26893,2023-01-25 12:00:00,<function <lambda> at 0x7fa4962879f0>,<function <lambda> at 0x7fa496287a90>,<function <lambda> at 0x7fa496287b30>
26894,2023-01-25 13:00:00,<function <lambda> at 0x7fa4962879f0>,<function <lambda> at 0x7fa496287a90>,<function <lambda> at 0x7fa496287b30>
26895,2023-01-25 14:00:00,<function <lambda> at 0x7fa4962879f0>,<function <lambda> at 0x7fa496287a90>,<function <lambda> at 0x7fa496287b30>
26896,2023-01-25 15:00:00,<function <lambda> at 0x7fa4962879f0>,<function <lambda> at 0x7fa496287a90>,<function <lambda> at 0x7fa496287b30>
26897,2023-01-25 16:00:00,<function <lambda> at 0x7fa4962879f0>,<function <lambda> at 0x7fa496287a90>,<function <lambda> at 0x7fa496287b30>
26898,2023-01-25 17:00:00,<function <lambda> at 0x7fa4962879f0>,<function <lambda> at 0x7fa496287a90>,<function <lambda> at 0x7fa496287b30>
26899,2023-01-25 18:00:00,<function <lambda> at 0x7fa4962879f0>,<function <lambda> at 0x7fa496287a90>,<function <lambda> at 0x7fa496287b30>
26900,2023-01-25 19:00:00,<function <lambda> at 0x7fa4962879f0>,<function <lambda> at 0x7fa496287a90>,<function <lambda> at 0x7fa496287b30>
26901,2023-01-25 20:00:00,<function <lambda> at 0x7fa4962879f0>,<function <lambda> at 0x7fa496287a90>,<function <lambda> at 0x7fa496287b30>
26902,2023-01-25 21:00:00,<function <lambda> at 0x7fa4962879f0>,<function <lambda> at 0x7fa496287a90>,<function <lambda> at 0x7fa496287b30>
26903,2023-01-25 22:00:00,<function <lambda> at 0x7fa4962879f0>,<function <lambda> at 0x7fa496287a90>,<function <lambda> at 0x7fa496287b30>
26904,2023-01-25 23:00:00,<function <lambda> at 0x7fa4962879f0>,<function <lambda> at 0x7fa496287a90>,<function <lambda> at 0x7fa496287b30>
26905,2023-01-26 00:00:00,<function <lambda> at 0x7fa4962879f0>,<function <lambda> at 0x7fa496287a90>,<function <lambda> at 0x7fa496287b30>
26906,2023-01-26 01:00:00,<function <lambda> at 0x7fa4962879f0>,<function <lambda> at 0x7fa496287a90>,<function <lambda> at 0x7fa496287b30>
26907,2023-01-26 02:00:00,<function <lambda> at 0x7fa4962879f0>,<function <lambda> at 0x7fa496287a90>,<function <lambda> at 0x7fa496287b30>
26908,2023-01-26 03:00:00,<function <lambda> at 0x7fa4962879f0>,<function <lambda> at 0x7fa496287a90>,<function <lambda> at 0x7fa496287b30>
26909,2023-01-26 04:00:00,<function <lambda> at 0x7fa4962879f0>,<function <lambda> at 0x7fa496287a90>,<function <lambda> at 0x7fa496287b30>
26910,2023-01-26 05:00:00,<function <lambda> at 0x7fa4962879f0>,<function <lambda> at 0x7fa496287a90>,<function <lambda> at 0x7fa496287b30>
26911,2023-01-26 06:00:00,<function <lambda> at 0x7fa4962879f0>,<function <lambda> at 0x7fa496287a90>,<function <lambda> at 0x7fa496287b30>
26912,2023-01-26 07:00:00,<function <lambda> at 0x7fa4962879f0>,<function <lambda> at 0x7fa496287a90>,<function <lambda> at 0x7fa496287b30>
26913,2023-01-26 08:00:00,<function <lambda> at 0x7fa4962879f0>,<function <lambda> at 0x7fa496287a90>,<function <lambda> at 0x7fa496287b30>
26914,2023-01-26 09:00:00,<function <lambda> at 0x7fa4962879f0>,<function <lambda> at 0x7fa496287a90>,<function <lambda> at 0x7fa496287b30>
26915,2023-01-26 10:00:00,<function <lambda> at 0x7fa4962879f0>,<function <lambda> at 0x7fa496287a90>,<function <lambda> at 0x7fa496287b30>
26916,2023-01-26 11:00:00,<function <lambda> at 0x7fa4962879f0>,<function <lambda> at 0x7fa496287a90>,<function <lambda> at 0x7fa496287b30>
26917,2023-01-26 12:00:00,<function <lambda> at 0x7fa4962879f0>,<function <lambda> at 0x7fa496287a90>,<function <lambda> at 0x7fa496287b30>
26918,2023-01-26 13:00:00,<function <lambda> at 0x7fa4962879f0>,<function <lambda> at 0x7fa496287a90>,<function <lambda> at 0x7fa496287b30>
26919,2023-01-26 14:00:00,<function <lambda> at 0x7fa4962879f0>,<function <lambda> at 0x7fa496287a90>,<function <lambda> at 0x7fa496287b30>
26920,2023-01-26 15:00:00,<function <lambda> at 0x7fa4962879f0>,<function <lambda> at 0x7fa496287a90>,<function <lambda> at 0x7fa496287b30>
26921,2023-01-26 16:00:00,<function <lambda> at 0x7fa4962879f0>,<function <lambda> at 0x7fa496287a90>,<function <lambda> at 0x7fa496287b30>
26922,2023-01-26 17:00:00,<function <lambda> at 0x7fa4962879f0>,<function <lambda> at 0x7fa496287a90>,<function <lambda> at 0x7fa496287b30>
26923,2023-01-26 18:00:00,<function <lambda> at 0x7fa4962879f0>,<function <lambda> at 0x7fa496287a90>,<function <lambda> at 0x7fa496287b30>
26924,2023-01-26 19:00:00,<function <lambda> at 0x7fa4962879f0>,<function <lambda> at 0x7fa496287a90>,<function <lambda> at 0x7fa496287b30>
26925,2023-01-26 20:00:00,<function <lambda> at 0x7fa4962879f0>,<function <lambda> at 0x7fa496287a90>,<function <lambda> at 0x7fa496287b30>
26926,2023-01-26 21:00:00,<function <lambda> at 0x7fa4962879f0>,<function <lambda> at 0x7fa496287a90>,<function <lambda> at 0x7fa496287b30>
26927,2023-01-26 22:00:00,<function <lambda> at 0x7fa4962879f0>,<function <lambda> at 0x7fa496287a90>,<function <lambda> at 0x7fa496287b30>
26928,2023-01-26 23:00:00,<function <lambda> at 0x7fa4962879f0>,<function <lambda> at 0x7fa496287a90>,<function <lambda> at 0x7fa496287b30>
26929,2023-01-27 00:00:00,<function <lambda> at 0x7fa4962879f0>,<function <lambda> at 0x7fa496287a90>,<function <lambda> at 0x7fa496287b30>
26930,2023-01-27 01:00:00,<function <lambda> at 0x7fa4962879f0>,<function <lambda> at 0x7fa496287a90>,<function <lambda> at 0x7fa496287b30>
26931,2023-01-27 02:00:00,<function <lambda> at 0x7fa4962879f0>,<function <lambda> at 0x7fa496287a90>,<function <lambda> at 0x7fa496287b30>
26932,2023-01-27 03:00:00,<function <lambda> at 0x7fa4962879f0>,<function <lambda> at 0x7fa496287a90>,<function <lambda> at 0x7fa496287b30>
26933,2023-01-27 04:00:00,<function <lambda> at 0x7fa4962879f0>,<function <lambda> at 0x7fa496287a90>,<function <lambda> at 0x7fa496287b30>
26934,2023-01-27 05:00:00,<function <lambda> at 0x7fa4962879f0>,<function <lambda> at 0x7fa496287a90>,<function <lambda> at 0x7fa496287b30>
26935,2023-01-27 06:00:00,<function <lambda> at 0x7fa4962879f0>,<function <lambda> at 0x7fa496287a90>,<function <lambda> at 0x7fa496287b30>
26936,2023-01-27 07:00:00,<function <lambda> at 0x7fa4962879f0>,<function <lambda> at 0x7fa496287a90>,<function <lambda> at 0x7fa496287b30>
26937,2023-01-27 08:00:00,<function <lambda> at 0x7fa4962879f0>,<function <lambda> at 0x7fa496287a90>,<function <lambda> at 0x7fa496287b30>
26938,2023-01-27 09:00:00,<function <lambda> at 0x7fa4962879f0>,<function <lambda> at 0x7fa496287a90>,<function <lambda> at 0x7fa496287b30>
26939,2023-01-27 10:00:00,<function <lambda> at 0x7fa4962879f0>,<function <lambda> at 0x7fa496287a90>,<function <lambda> at 0x7fa496287b30>
26940,2023-01-27 11:00:00,<function <lambda> at 0x7fa4962879f0>,<function <lambda> at 0x7fa496287a90>,<function <lambda> at 0x7fa496287b30>
26941,2023-01-27 12:00:00,<function <lambda> at 0x7fa4962879f0>,<function <lambda> at 0x7fa496287a90>,<function <lambda> at 0x7fa496287b30>
26942,2023-01-27 13:00:00,<function <lambda> at 0x7fa4962879f0>,<function <lambda> at 0x7fa496287a90>,<function <lambda> at 0x7fa496287b30>
26943,2023-01-27 14:00:00,<function <lambda> at 0x7fa4962879f0>,<function <lambda> at 0x7fa496287a90>,<function <lambda> at 0x7fa496287b30>
26944,2023-01-27 15:00:00,<function <lambda> at 0x7fa4962879f0>,<function <lambda> at 0x7fa496287a90>,<function <lambda> at 0x7fa496287b30>
26945,2023-01-27 16:00:00,<function <lambda> at 0x7fa4962879f0>,<function <lambda> at 0x7fa496287a90>,<function <lambda> at 0x7fa496287b30>
26946,2023-01-27 17:00:00,<function <lambda> at 0x7fa4962879f0>,<function <lambda> at 0x7fa496287a90>,<function <lambda> at 0x7fa496287b30>
26947,2023-01-27 18:00:00,<function <lambda> at 0x7fa4962879f0>,<function <lambda> at 0x7fa496287a90>,<function <lambda> at 0x7fa496287b30>
26948,2023-01-27 19:00:00,<function <lambda> at 0x7fa4962879f0>,<function <lambda> at 0x7fa496287a90>,<function <lambda> at 0x7fa496287b30>
26949,2023-01-27 20:00:00,<function <lambda> at 0x7fa4962879f0>,<function <lambda> at 0x7fa496287a90>,<function <lambda> at 0x7fa496287b30>
26950,2023-01-27 21:00:00,<function <lambda> at 0x7fa4962879f0>,<function <lambda> at 0x7fa496287a90>,<function <lambda> at 0x7fa496287b30>
26951,2023-01-27 22:00:00,<function <lambda> at 0x7fa4962879f0>,<function <lambda> at 0x7fa496287a90>,<function <lambda> at 0x7fa496287b30>
26952,2023-01-27 23:00:00,<function <lambda> at 0x7fa4962879f0>,<function <lambda> at 0x7fa496287a90>,<function <lambda> at 0x7fa496287b30>
26953,2023-01-28 00:00:00,<function <lambda> at 0x7fa4962879f0>,<function <lambda> at 0x7fa496287a90>,<function <lambda> at 0x7fa496287b30>
26954,2023-01-28 01:00:00,<function <lambda> at 0x7fa4962879f0>,<function <lambda> at 0x7fa496287a90>,<function <lambda> at 0x7fa496287b30>
26955,2023-01-28 02:00:00,<function <lambda> at 0x7fa4962879f0>,<function <lambda> at 0x7fa496287a90>,<function <lambda> at 0x7fa496287b30>
26956,2023-01-28 03:00:00,<function <lambda> at 0x7fa4962879f0>,<function <lambda> at 0x7fa496287a90>,<function <lambda> at 0x7fa496287b30>
26957,2023-01-28 04:00:00,<function <lambda> at 0x7fa4962879f0>,<function <lambda> at 0x7fa496287a90>,<function <lambda> at 0x7fa496287b30>
26958,2023-01-28 05:00:00,<function <lambda> at 0x7fa4962879f0>,<function <lambda> at 0x7fa496287a90>,<function <lambda> at 0x7fa496287b30>
26959,2023-01-28 06:00:00,<function <lambda> at 0x7fa4962879f0>,<function <lambda> at 0x7fa496287a90>,<function <lambda> at 0x7fa496287b30>
26960,2023-01-28 07:00:00,<function <lambda> at 0x7fa4962879f0>,<function <lambda> at 0x7fa496287a90>,<function <lambda> at 0x7fa496287b30>
26961,2023-01-28 08:00:00,<function <lambda> at 0x7fa4962879f0>,<function <lambda> at 0x7fa496287a90>,<function <lambda> at 0x7fa496287b30>
26962,2023-01-28 09:00:00,<function <lambda> at 0x7fa4962879f0>,<function <lambda> at 0x7fa496287a90>,<function <lambda> at 0x7fa496287b30>
26963,2023-01-28 10:00:00,<function <lambda> at 0x7fa4962879f0>,<function <lambda> at 0x7fa496287a90>,<function <lambda> at 0x7fa496287b30>
26964,2023-01-28 11:00:00,<function <lambda> at 0x7fa4962879f0>,<function <lambda> at 0x7fa496287a90>,<function <lambda> at 0x7fa496287b30>
26965,2023-01-28 12:00:00,<function <lambda> at 0x7fa4962879f0>,<function <lambda> at 0x7fa496287a90>,<function <lambda> at 0x7fa496287b30>
26966,2023-01-28 13:00:00,<function <lambda> at 0x7fa4962879f0>,<function <lambda> at 0x7fa496287a90>,<function <lambda> at 0x7fa496287b30>
26967,2023-01-28 14:00:00,<function <lambda> at 0x7fa4962879f0>,<function <lambda> at 0x7fa496287a90>,<function <lambda> at 0x7fa496287b30>
26968,2023-01-28 15:00:00,<function <lambda> at 0x7fa4962879f0>,<function <lambda> at 0x7fa496287a90>,<function <lambda> at 0x7fa496287b30>
26969,2023-01-28 16:00:00,<function <lambda> at 0x7fa4962879f0>,<function <lambda> at 0x7fa496287a90>,<function <lambda> at 0x7fa496287b30>
26970,2023-01-28 17:00:00,<function <lambda> at 0x7fa4962879f0>,<function <lambda> at 0x7fa496287a90>,<function <lambda> at 0x7fa496287b30>
26971,2023-01-28 18:00:00,<function <lambda> at 0x7fa4962879f0>,<function <lambda> at 0x7fa496287a90>,<function <lambda> at 0x7fa496287b30>
26972,2023-01-28 19:00:00,<function <lambda> at 0x7fa4962879f0>,<function <lambda> at 0x7fa496287a90>,<function <lambda> at 0x7fa496287b30>
26973,2023-01-28 20:00:00,<function <lambda> at 0x7fa4962879f0>,<function <lambda> at 0x7fa496287a90>,<function <lambda> at 0x7fa496287b30>
26974,2023-01-28 21:00:00,<function <lambda> at 0x7fa4962879f0>,<function <lambda> at 0x7fa496287a90>,<function <lambda> at 0x7fa496287b30>
26975,2023-01-28 22:00:00,<function <lambda> at 0x7fa4962879f0>,<function <lambda> at 0x7fa496287a90>,<function <lambda> at 0x7fa496287b30>
26976,2023-01-28 23:00:00,<function <lambda> at 0x7fa4962879f0>,<function <lambda> at 0x7fa496287a90>,<function <lambda> at 0x7fa496287b30>
26977,2023-01-29 00:00:00,<function <lambda> at 0x7fa4962879f0>,<function <lambda> at 0x7fa496287a90>,<function <lambda> at 0x7fa496287b30>
26978,2023-01-29 01:00:00,<function <lambda> at 0x7fa4962879f0>,<function <lambda> at 0x7fa496287a90>,<function <lambda> at 0x7fa496287b30>
26979,2023-01-29 02:00:00,<function <lambda> at 0x7fa4962879f0>,<function <lambda> at 0x7fa496287a90>,<function <lambda> at 0x7fa496287b30>
26980,2023-01-29 03:00:00,<function <lambda> at 0x7fa4962879f0>,<function <lambda> at 0x7fa496287a90>,<function <lambda> at 0x7fa496287b30>
26981,2023-01-29 04:00:00,<function <lambda> at 0x7fa4962879f0>,<function <lambda> at 0x7fa496287a90>,<function <lambda> at 0x7fa496287b30>
26982,2023-01-29 05:00:00,<function <lambda> at 0x7fa4962879f0>,<function <lambda> at 0x7fa496287a90>,<function <lambda> at 0x7fa496287b30>
26983,2023-01-29 06:00:00,<function <lambda> at 0x7fa4962879f0>,<function <lambda> at 0x7fa496287a90>,<function <lambda> at 0x7fa496287b30>
26984,2023-01-29 07:00:00,<function <lambda> at 0x7fa4962879f0>,<function <lambda> at 0x7fa496287a90>,<function <lambda> at 0x7fa496287b30>
26985,2023-01-29 08:00:00,<function <lambda> at 0x7fa4962879f0>,<function <lambda> at 0x7fa496287a90>,<function <lambda> at 0x7fa496287b30>
26986,2023-01-29 09:00:00,<function <lambda> at 0x7fa4962879f0>,<function <lambda> at 0x7fa496287a90>,<function <lambda> at 0x7fa496287b30>
26987,2023-01-29 10:00:00,<function <lambda> at 0x7fa4962879f0>,<function <lambda> at 0x7fa496287a90>,<function <lambda> at 0x7fa496287b30>
26988,2023-01-29 11:00:00,<function <lambda> at 0x7fa4962879f0>,<function <lambda> at 0x7fa496287a90>,<function <lambda> at 0x7fa496287b30>
26989,2023-01-29 12:00:00,<function <lambda> at 0x7fa4962879f0>,<function <lambda> at 0x7fa496287a90>,<function <lambda> at 0x7fa496287b30>
26990,2023-01-29 13:00:00,<function <lambda> at 0x7fa4962879f0>,<function <lambda> at 0x7fa496287a90>,<function <lambda> at 0x7fa496287b30>
26991,2023-01-29 14:00:00,<function <lambda> at 0x7fa4962879f0>,<function <lambda> at 0x7fa496287a90>,<function <lambda> at 0x7fa496287b30>
26992,2023-01-29 15:00:00,<function <lambda> at 0x7fa4962879f0>,<function <lambda> at 0x7fa496287a90>,<function <lambda> at 0x7fa496287b30>
26993,2023-01-29 16:00:00,<function <lambda> at 0x7fa4962879f0>,<function <lambda> at 0x7fa496287a90>,<function <lambda> at 0x7fa496287b30>
26994,2023-01-29 17:00:00,<function <lambda> at 0x7fa4962879f0>,<function <lambda> at 0x7fa496287a90>,<function <lambda> at 0x7fa496287b30>
26995,2023-01-29 18:00:00,<function <lambda> at 0x7fa4962879f0>,<function <lambda> at 0x7fa496287a90>,<function <lambda> at 0x7fa496287b30>
26996,2023-01-29 19:00:00,<function <lambda> at 0x7fa4962879f0>,<function <lambda> at 0x7fa496287a90>,<function <lambda> at 0x7fa496287b30>
26997,2023-01-29 20:00:00,<function <lambda> at 0x7fa4962879f0>,<function <lambda> at 0x7fa496287a90>,<function <lambda> at 0x7fa496287b30>
26998,2023-01-29 21:00:00,<function <lambda> at 0x7fa4962879f0>,<function <lambda> at 0x7fa496287a90>,<function <lambda> at 0x7fa496287b30>
26999,2023-01-29 22:00:00,<function <lambda> at 0x7fa4962879f0>,<function <lambda> at 0x7fa496287a90>,<function <lambda> at 0x7fa496287b30>
27000,2023-01-29 23:00:00,<function <lambda> at 0x7fa4962879f0>,<function <lambda> at 0x7fa496287a90>,<function <lambda> at 0x7fa496287b30>
27001,2023-01-30 00:00:00,<function <lambda> at 0x7fa4962879f0>,<function <lambda> at 0x7fa496287a90>,<function <lambda> at 0x7fa496287b30>
27002,2023-01-30 01:00:00,<function <lambda> at 0x7fa4962879f0>,<function <lambda> at 0x7fa496287a90>,<function <lambda> at 0x7fa496287b30>
27003,2023-01-30 02:00:00,<function <lambda> at 0x7fa4962879f0>,<function <lambda> at 0x7fa496287a90>,<function <lambda> at 0x7fa496287b30>
27004,2023-01-30 03:00:00,<function <lambda> at 0x7fa4962879f0>,<function <lambda> at 0x7fa496287a90>,<function <lambda> at 0x7fa496287b30>
27005,2023-01-30 04:00:00,<function <lambda> at 0x7fa4962879f0>,<function <lambda> at 0x7fa496287a90>,<function <lambda> at 0x7fa496287b30>
27006,2023-01-30 05:00:00,<function <lambda> at 0x7fa4962879f0>,<function <lambda> at 0x7fa496287a90>,<function <lambda> at 0x7fa496287b30>
27007,2023-01-30 06:00:00,<function <lambda> at 0x7fa4962879f0>,<function <lambda> at 0x7fa496287a90>,<function <lambda> at 0x7fa496287b30>
27008,2023-01-30 07:00:00,<function <lambda> at 0x7fa4962879f0>,<function <lambda> at 0x7fa496287a90>,<function <lambda> at 0x7fa496287b30>
27009,2023-01-30 08:00:00,<function <lambda> at 0x7fa4962879f0>,<function <lambda> at 0x7fa496287a90>,<function <lambda> at 0x7fa496287b30>
27010,2023-01-30 09:00:00,<function <lambda> at 0x7fa4962879f0>,<function <lambda> at 0x7fa496287a90>,<function <lambda> at 0x7fa496287b30>
27011,2023-01-30 10:00:00,<function <lambda> at 0x7fa4962879f0>,<function <lambda> at 0x7fa496287a90>,<function <lambda> at 0x7fa496287b30>
27012,2023-01-30 11:00:00,<function <lambda> at 0x7fa4962879f0>,<function <lambda> at 0x7fa496287a90>,<function <lambda> at 0x7fa496287b30>
27013,2023-01-30 12:00:00,<function <lambda> at 0x7fa4962879f0>,<function <lambda> at 0x7fa496287a90>,<function <lambda> at 0x7fa496287b30>
27014,2023-01-30 13:00:00,<function <lambda> at 0x7fa4962879f0>,<function <lambda> at 0x7fa496287a90>,<function <lambda> at 0x7fa496287b30>
27015,2023-01-30 14:00:00,<function <lambda> at 0x7fa4962879f0>,<function <lambda> at 0x7fa496287a90>,<function <lambda> at 0x7fa496287b30>
27016,2023-01-30 15:00:00,<function <lambda> at 0x7fa4962879f0>,<function <lambda> at 0x7fa496287a90>,<function <lambda> at 0x7fa496287b30>
27017,2023-01-30 16:00:00,<function <lambda> at 0x7fa4962879f0>,<function <lambda> at 0x7fa496287a90>,<function <lambda> at 0x7fa496287b30>
27018,2023-01-30 17:00:00,<function <lambda> at 0x7fa4962879f0>,<function <lambda> at 0x7fa496287a90>,<function <lambda> at 0x7fa496287b30>
27019,2023-01-30 18:00:00,<function <lambda> at 0x7fa4962879f0>,<function <lambda> at 0x7fa496287a90>,<function <lambda> at 0x7fa496287b30>
27020,2023-01-30 19:00:00,<function <lambda> at 0x7fa4962879f0>,<function <lambda> at 0x7fa496287a90>,<function <lambda> at 0x7fa496287b30>
27021,2023-01-30 20:00:00,<function <lambda> at 0x7fa4962879f0>,<function <lambda> at 0x7fa496287a90>,<function <lambda> at 0x7fa496287b30>
27022,2023-01-30 21:00:00,<function <lambda> at 0x7fa4962879f0>,<function <lambda> at 0x7fa496287a90>,<function <lambda> at 0x7fa496287b30>
27023,2023-01-30 22:00:00,<function <lambda> at 0x7fa4962879f0>,<function <lambda> at 0x7fa496287a90>,<function <lambda> at 0x7fa496287b30>
27024,2023-01-30 23:00:00,<function <lambda> at 0x7fa4962879f0>,<function <lambda> at 0x7fa496287a90>,<function <lambda> at 0x7fa496287b30>
27025,2023-01-31 00:00:00,<function <lambda> at 0x7fa4962879f0>,<function <lambda> at 0x7fa496287a90>,<function <lambda> at 0x7fa496287b30>
27026,2023-01-31 01:00:00,<function <lambda> at 0x7fa4962879f0>,<function <lambda> at 0x7fa496287a90>,<function <lambda> at 0x7fa496287b30>
27027,2023-01-31 02:00:00,<function <lambda> at 0x7fa4962879f0>,<function <lambda> at 0x7fa496287a90>,<function <lambda> at 0x7fa496287b30>
27028,2023-01-31 03:00:00,<function <lambda> at 0x7fa4962879f0>,<function <lambda> at 0x7fa496287a90>,<function <lambda> at 0x7fa496287b30>
27029,2023-01-31 04:00:00,<function <lambda> at 0x7fa4962879f0>,<function <lambda> at 0x7fa496287a90>,<function <lambda> at 0x7fa496287b30>
27030,2023-01-31 05:00:00,<function <lambda> at 0x7fa4962879f0>,<function <lambda> at 0x7fa496287a90>,<function <lambda> at 0x7fa496287b30>
27031,2023-01-31 06:00:00,<function <lambda> at 0x7fa4962879f0>,<function <lambda> at 0x7fa496287a90>,<function <lambda> at 0x7fa496287b30>
27032,2023-01-31 07:00:00,<function <lambda> at 0x7fa4962879f0>,<function <lambda> at 0x7fa496287a90>,<function <lambda> at 0x7fa496287b30>
27033,2023-01-31 08:00:00,<function <lambda> at 0x7fa4962879f0>,<function <lambda> at 0x7fa496287a90>,<function <lambda> at 0x7fa496287b30>
27034,2023-01-31 09:00:00,<function <lambda> at 0x7fa4962879f0>,<function <lambda> at 0x7fa496287a90>,<function <lambda> at 0x7fa496287b30>
27035,2023-01-31 10:00:00,<function <lambda> at 0x7fa4962879f0>,<function <lambda> at 0x7fa496287a90>,<function <lambda> at 0x7fa496287b30>
27036,2023-01-31 11:00:00,<function <lambda> at 0x7fa4962879f0>,<function <lambda> at 0x7fa496287a90>,<function <lambda> at 0x7fa496287b30>
27037,2023-01-31 12:00:00,<function <lambda> at 0x7fa4962879f0>,<function <lambda> at 0x7fa496287a90>,<function <lambda> at 0x7fa496287b30>
27038,2023-01-31 13:00:00,<function <lambda> at 0x7fa4962879f0>,<function <lambda> at 0x7fa496287a90>,<function <lambda> at 0x7fa496287b30>
27039,2023-01-31 14:00:00,<function <lambda> at 0x7fa4962879f0>,<function <lambda> at 0x7fa496287a90>,<function <lambda> at 0x7fa496287b30>
27040,2023-01-31 15:00:00,<function <lambda> at 0x7fa4962879f0>,<function <lambda> at 0x7fa496287a90>,<function <lambda> at 0x7fa496287b30>
27041,2023-01-31 16:00:00,<function <lambda> at 0x7fa4962879f0>,<function <lambda> at 0x7fa496287a90>,<function <lambda> at 0x7fa496287b30>
27042,2023-01-31 17:00:00,<function <lambda> at 0x7fa4962879f0>,<function <lambda> at 0x7fa496287a90>,<function <lambda> at 0x7fa496287b30>
27043,2023-01-31 18:00:00,<function <lambda> at 0x7fa4962879f0>,<function <lambda> at 0x7fa496287a90>,<function <lambda> at 0x7fa496287b30>
27044,2023-01-31 19:00:00,<function <lambda> at 0x7fa4962879f0>,<function <lambda> at 0x7fa496287a90>,<function <lambda> at 0x7fa496287b30>
27045,2023-01-31 20:00:00,<function <lambda> at 0x7fa4962879f0>,<function <lambda> at 0x7fa496287a90>,<function <lambda> at 0x7fa496287b30>
27046,2023-01-31 21:00:00,<function <lambda> at 0x7fa4962879f0>,<function <lambda> at 0x7fa496287a90>,<function <lambda> at 0x7fa496287b30>
27047,2023-01-31 22:00:00,<function <lambda> at 0x7fa4962879f0>,<function <lambda> at 0x7fa496287a90>,<function <lambda> at 0x7fa496287b30>
27048,2023-01-31 23:00:00,<function <lambda> at 0x7fa4962879f0>,<function <lambda> at 0x7fa496287a90>,<function <lambda> at 0x7fa496287b30>
27049,2023-02-01 00:00:00,<function <lambda> at 0x7fa4962879f0>,<function <lambda> at 0x7fa496287a90>,<function <lambda> at 0x7fa496287b30>
27050,2023-02-01 01:00:00,<function <lambda> at 0x7fa4962879f0>,<function <lambda> at 0x7fa496287a90>,<function <lambda> at 0x7fa496287b30>
27051,2023-02-01 02:00:00,<function <lambda> at 0x7fa4962879f0>,<function <lambda> at 0x7fa496287a90>,<function <lambda> at 0x7fa496287b30>
27052,2023-02-01 03:00:00,<function <lambda> at 0x7fa4962879f0>,<function <lambda> at 0x7fa496287a90>,<function <lambda> at 0x7fa496287b30>
27053,2023-02-01 04:00:00,<function <lambda> at 0x7fa4962879f0>,<function <lambda> at 0x7fa496287a90>,<function <lambda> at 0x7fa496287b30>
27054,2023-02-01 05:00:00,<function <lambda> at 0x7fa4962879f0>,<function <lambda> at 0x7fa496287a90>,<function <lambda> at 0x7fa496287b30>
27055,2023-02-01 06:00:00,<function <lambda> at 0x7fa4962879f0>,<function <lambda> at 0x7fa496287a90>,<function <lambda> at 0x7fa496287b30>
27056,2023-02-01 07:00:00,<function <lambda> at 0x7fa4962879f0>,<function <lambda> at 0x7fa496287a90>,<function <lambda> at 0x7fa496287b30>
27057,2023-02-01 08:00:00,<function <lambda> at 0x7fa4962879f0>,<function <lambda> at 0x7fa496287a90>,<function <lambda> at 0x7fa496287b30>
27058,2023-02-01 09:00:00,<function <lambda> at 0x7fa4962879f0>,<function <lambda> at 0x7fa496287a90>,<function <lambda> at 0x7fa496287b30>
27059,2023-02-01 10:00:00,<function <lambda> at 0x7fa4962879f0>,<function <lambda> at 0x7fa496287a90>,<function <lambda> at 0x7fa496287b30>
27060,2023-02-01 11:00:00,<function <lambda> at 0x7fa4962879f0>,<function <lambda> at 0x7fa496287a90>,<function <lambda> at 0x7fa496287b30>
27061,2023-02-01 12:00:00,<function <lambda> at 0x7fa4962879f0>,<function <lambda> at 0x7fa496287a90>,<function <lambda> at 0x7fa496287b30>
27062,2023-02-01 13:00:00,<function <lambda> at 0x7fa4962879f0>,<function <lambda> at 0x7fa496287a90>,<function <lambda> at 0x7fa496287b30>
27063,2023-02-01 14:00:00,<function <lambda> at 0x7fa4962879f0>,<function <lambda> at 0x7fa496287a90>,<function <lambda> at 0x7fa496287b30>
27064,2023-02-01 15:00:00,<function <lambda> at 0x7fa4962879f0>,<function <lambda> at 0x7fa496287a90>,<function <lambda> at 0x7fa496287b30>
27065,2023-02-01 16:00:00,<function <lambda> at 0x7fa4962879f0>,<function <lambda> at 0x7fa496287a90>,<function <lambda> at 0x7fa496287b30>
27066,2023-02-01 17:00:00,<function <lambda> at 0x7fa4962879f0>,<function <lambda> at 0x7fa496287a90>,<function <lambda> at 0x7fa496287b30>
27067,2023-02-01 18:00:00,<function <lambda> at 0x7fa4962879f0>,<function <lambda> at 0x7fa496287a90>,<function <lambda> at 0x7fa496287b30>
27068,2023-02-01 19:00:00,<function <lambda> at 0x7fa4962879f0>,<function <lambda> at 0x7fa496287a90>,<function <lambda> at 0x7fa496287b30>
27069,2023-02-01 20:00:00,<function <lambda> at 0x7fa4962879f0>,<function <lambda> at 0x7fa496287a90>,<function <lambda> at 0x7fa496287b30>
27070,2023-02-01 21:00:00,<function <lambda> at 0x7fa4962879f0>,<function <lambda> at 0x7fa496287a90>,<function <lambda> at 0x7fa496287b30>
27071,2023-02-01 22:00:00,<function <lambda> at 0x7fa4962879f0>,<function <lambda> at 0x7fa496287a90>,<function <lambda> at 0x7fa496287b30>
27072,2023-02-01 23:00:00,<function <lambda> at 0x7fa4962879f0>,<function <lambda> at 0x7fa496287a90>,<function <lambda> at 0x7fa496287b30>
27073,2023-02-02 00:00:00,<function <lambda> at 0x7fa4962879f0>,<function <lambda> at 0x7fa496287a90>,<function <lambda> at 0x7fa496287b30>
27074,2023-02-02 01:00:00,<function <lambda> at 0x7fa4962879f0>,<function <lambda> at 0x7fa496287a90>,<function <lambda> at 0x7fa496287b30>
27075,2023-02-02 02:00:00,<function <lambda> at 0x7fa4962879f0>,<function <lambda> at 0x7fa496287a90>,<function <lambda> at 0x7fa496287b30>
27076,2023-02-02 03:00:00,<function <lambda> at 0x7fa4962879f0>,<function <lambda> at 0x7fa496287a90>,<function <lambda> at 0x7fa496287b30>
27077,2023-02-02 04:00:00,<function <lambda> at 0x7fa4962879f0>,<function <lambda> at 0x7fa496287a90>,<function <lambda> at 0x7fa496287b30>
27078,2023-02-02 05:00:00,<function <lambda> at 0x7fa4962879f0>,<function <lambda> at 0x7fa496287a90>,<function <lambda> at 0x7fa496287b30>
27079,2023-02-02 06:00:00,<function <lambda> at 0x7fa4962879f0>,<function <lambda> at 0x7fa496287a90>,<function <lambda> at 0x7fa496287b30>
27080,2023-02-02 07:00:00,<function <lambda> at 0x7fa4962879f0>,<function <lambda> at 0x7fa496287a90>,<function <lambda> at 0x7fa496287b30>
27081,2023-02-02 08:00:00,<function <lambda> at 0x7fa4962879f0>,<function <lambda> at 0x7fa496287a90>,<function <lambda> at 0x7fa496287b30>
27082,2023-02-02 09:00:00,<function <lambda> at 0x7fa4962879f0>,<function <lambda> at 0x7fa496287a90>,<function <lambda> at 0x7fa496287b30>
27083,2023-02-02 10:00:00,<function <lambda> at 0x7fa4962879f0>,<function <lambda> at 0x7fa496287a90>,<function <lambda> at 0x7fa496287b30>
27084,2023-02-02 11:00:00,<function <lambda> at 0x7fa4962879f0>,<function <lambda> at 0x7fa496287a90>,<function <lambda> at 0x7fa496287b30>
27085,2023-02-02 12:00:00,<function <lambda> at 0x7fa4962879f0>,<function <lambda> at 0x7fa496287a90>,<function <lambda> at 0x7fa496287b30>
27086,2023-02-02 13:00:00,<function <lambda> at 0x7fa4962879f0>,<function <lambda> at 0x7fa496287a90>,<function <lambda> at 0x7fa496287b30>
27087,2023-02-02 14:00:00,<function <lambda> at 0x7fa4962879f0>,<function <lambda> at 0x7fa496287a90>,<function <lambda> at 0x7fa496287b30>
27088,2023-02-02 15:00:00,<function <lambda> at 0x7fa4962879f0>,<function <lambda> at 0x7fa496287a90>,<function <lambda> at 0x7fa496287b30>
27089,2023-02-02 16:00:00,<function <lambda> at 0x7fa4962879f0>,<function <lambda> at 0x7fa496287a90>,<function <lambda> at 0x7fa496287b30>
27090,2023-02-02 17:00:00,<function <lambda> at 0x7fa4962879f0>,<function <lambda> at 0x7fa496287a90>,<function <lambda> at 0x7fa496287b30>
27091,2023-02-02 18:00:00,<function <lambda> at 0x7fa4962879f0>,<function <lambda> at 0x7fa496287a90>,<function <lambda> at 0x7fa496287b30>
27092,2023-02-02 19:00:00,<function <lambda> at 0x7fa4962879f0>,<function <lambda> at 0x7fa496287a90>,<function <lambda> at 0x7fa496287b30>
27093,2023-02-02 20:00:00,<function <lambda> at 0x7fa4962879f0>,<function <lambda> at 0x7fa496287a90>,<function <lambda> at 0x7fa496287b30>
27094,2023-02-02 21:00:00,<function <lambda> at 0x7fa4962879f0>,<function <lambda> at 0x7fa496287a90>,<function <lambda> at 0x7fa496287b30>
27095,2023-02-02 22:00:00,<function <lambda> at 0x7fa4962879f0>,<function <lambda> at 0x7fa496287a90>,<function <lambda> at 0x7fa496287b30>
27096,2023-02-02 23:00:00,<function <lambda> at 0x7fa4962879f0>,<function <lambda> at 0x7fa496287a90>,<function <lambda> at 0x7fa496287b30>
27097,2023-02-03 00:00:00,<function <lambda> at 0x7fa4962879f0>,<function <lambda> at 0x7fa496287a90>,<function <lambda> at 0x7fa496287b30>
27098,2023-02-03 01:00:00,<function <lambda> at 0x7fa4962879f0>,<function <lambda> at 0x7fa496287a90>,<function <lambda> at 0x7fa496287b30>
27099,2023-02-03 02:00:00,<function <lambda> at 0x7fa4962879f0>,<function <lambda> at 0x7fa496287a90>,<function <lambda> at 0x7fa496287b30>
27100,2023-02-03 03:00:00,<function <lambda> at 0x7fa4962879f0>,<function <lambda> at 0x7fa496287a90>,<function <lambda> at 0x7fa496287b30>
27101,2023-02-03 04:00:00,<function <lambda> at 0x7fa4962879f0>,<function <lambda> at 0x7fa496287a90>,<function <lambda> at 0x7fa496287b30>
27102,2023-02-03 05:00:00,<function <lambda> at 0x7fa4962879f0>,<function <lambda> at 0x7fa496287a90>,<function <lambda> at 0x7fa496287b30>
27103,2023-02-03 06:00:00,<function <lambda> at 0x7fa4962879f0>,<function <lambda> at 0x7fa496287a90>,<function <lambda> at 0x7fa496287b30>
27104,2023-02-03 07:00:00,<function <lambda> at 0x7fa4962879f0>,<function <lambda> at 0x7fa496287a90>,<function <lambda> at 0x7fa496287b30>
27105,2023-02-03 08:00:00,<function <lambda> at 0x7fa4962879f0>,<function <lambda> at 0x7fa496287a90>,<function <lambda> at 0x7fa496287b30>
27106,2023-02-03 09:00:00,<function <lambda> at 0x7fa4962879f0>,<function <lambda> at 0x7fa496287a90>,<function <lambda> at 0x7fa496287b30>
27107,2023-02-03 10:00:00,<function <lambda> at 0x7fa4962879f0>,<function <lambda> at 0x7fa496287a90>,<function <lambda> at 0x7fa496287b30>
27108,2023-02-03 11:00:00,<function <lambda> at 0x7fa4962879f0>,<function <lambda> at 0x7fa496287a90>,<function <lambda> at 0x7fa496287b30>
27109,2023-02-03 12:00:00,<function <lambda> at 0x7fa4962879f0>,<function <lambda> at 0x7fa496287a90>,<function <lambda> at 0x7fa496287b30>
27110,2023-02-03 13:00:00,<function <lambda> at 0x7fa4962879f0>,<function <lambda> at 0x7fa496287a90>,<function <lambda> at 0x7fa496287b30>
27111,2023-02-03 14:00:00,<function <lambda> at 0x7fa4962879f0>,<function <lambda> at 0x7fa496287a90>,<function <lambda> at 0x7fa496287b30>
27112,2023-02-03 15:00:00,<function <lambda> at 0x7fa4962879f0>,<function <lambda> at 0x7fa496287a90>,<function <lambda> at 0x7fa496287b30>
27113,2023-02-03 16:00:00,<function <lambda> at 0x7fa4962879f0>,<function <lambda> at 0x7fa496287a90>,<function <lambda> at 0x7fa496287b30>
27114,2023-02-03 17:00:00,<function <lambda> at 0x7fa4962879f0>,<function <lambda> at 0x7fa496287a90>,<function <lambda> at 0x7fa496287b30>
27115,2023-02-03 18:00:00,<function <lambda> at 0x7fa4962879f0>,<function <lambda> at 0x7fa496287a90>,<function <lambda> at 0x7fa496287b30>
27116,2023-02-03 19:00:00,<function <lambda> at 0x7fa4962879f0>,<function <lambda> at 0x7fa496287a90>,<function <lambda> at 0x7fa496287b30>
27117,2023-02-03 20:00:00,<function <lambda> at 0x7fa4962879f0>,<function <lambda> at 0x7fa496287a90>,<function <lambda> at 0x7fa496287b30>
27118,2023-02-03 21:00:00,<function <lambda> at 0x7fa4962879f0>,<function <lambda> at 0x7fa496287a90>,<function <lambda> at 0x7fa496287b30>
27119,2023-02-03 22:00:00,<function <lambda> at 0x7fa4962879f0>,<function <lambda> at 0x7fa496287a90>,<function <lambda> at 0x7fa496287b30>
27120,2023-02-03 23:00:00,<function <lambda> at 0x7fa4962879f0>,<function <lambda> at 0x7fa496287a90>,<function <lambda> at 0x7fa496287b30>
27121,2023-02-04 00:00:00,<function <lambda> at 0x7fa4962879f0>,<function <lambda> at 0x7fa496287a90>,<function <lambda> at 0x7fa496287b30>
27122,2023-02-04 01:00:00,<function <lambda> at 0x7fa4962879f0>,<function <lambda> at 0x7fa496287a90>,<function <lambda> at 0x7fa496287b30>
27123,2023-02-04 02:00:00,<function <lambda> at 0x7fa4962879f0>,<function <lambda> at 0x7fa496287a90>,<function <lambda> at 0x7fa496287b30>
27124,2023-02-04 03:00:00,<function <lambda> at 0x7fa4962879f0>,<function <lambda> at 0x7fa496287a90>,<function <lambda> at 0x7fa496287b30>
27125,2023-02-04 04:00:00,<function <lambda> at 0x7fa4962879f0>,<function <lambda> at 0x7fa496287a90>,<function <lambda> at 0x7fa496287b30>
27126,2023-02-04 05:00:00,<function <lambda> at 0x7fa4962879f0>,<function <lambda> at 0x7fa496287a90>,<function <lambda> at 0x7fa496287b30>
27127,2023-02-04 06:00:00,<function <lambda> at 0x7fa4962879f0>,<function <lambda> at 0x7fa496287a90>,<function <lambda> at 0x7fa496287b30>
27128,2023-02-04 07:00:00,<function <lambda> at 0x7fa4962879f0>,<function <lambda> at 0x7fa496287a90>,<function <lambda> at 0x7fa496287b30>
27129,2023-02-04 08:00:00,<function <lambda> at 0x7fa4962879f0>,<function <lambda> at 0x7fa496287a90>,<function <lambda> at 0x7fa496287b30>
27130,2023-02-04 09:00:00,<function <lambda> at 0x7fa4962879f0>,<function <lambda> at 0x7fa496287a90>,<function <lambda> at 0x7fa496287b30>
27131,2023-02-04 10:00:00,<function <lambda> at 0x7fa4962879f0>,<function <lambda> at 0x7fa496287a90>,<function <lambda> at 0x7fa496287b30>
27132,2023-02-04 11:00:00,<function <lambda> at 0x7fa4962879f0>,<function <lambda> at 0x7fa496287a90>,<function <lambda> at 0x7fa496287b30>
27133,2023-02-04 12:00:00,<function <lambda> at 0x7fa4962879f0>,<function <lambda> at 0x7fa496287a90>,<function <lambda> at 0x7fa496287b30>
27134,2023-02-04 13:00:00,<function <lambda> at 0x7fa4962879f0>,<function <lambda> at 0x7fa496287a90>,<function <lambda> at 0x7fa496287b30>
27135,2023-02-04 14:00:00,<function <lambda> at 0x7fa4962879f0>,<function <lambda> at 0x7fa496287a90>,<function <lambda> at 0x7fa496287b30>
27136,2023-02-04 15:00:00,<function <lambda> at 0x7fa4962879f0>,<function <lambda> at 0x7fa496287a90>,<function <lambda> at 0x7fa496287b30>
27137,2023-02-04 16:00:00,<function <lambda> at 0x7fa4962879f0>,<function <lambda> at 0x7fa496287a90>,<function <lambda> at 0x7fa496287b30>
27138,2023-02-04 17:00:00,<function <lambda> at 0x7fa4962879f0>,<function <lambda> at 0x7fa496287a90>,<function <lambda> at 0x7fa496287b30>
27139,2023-02-04 18:00:00,<function <lambda> at 0x7fa4962879f0>,<function <lambda> at 0x7fa496287a90>,<function <lambda> at 0x7fa496287b30>
27140,2023-02-04 19:00:00,<function <lambda> at 0x7fa4962879f0>,<function <lambda> at 0x7fa496287a90>,<function <lambda> at 0x7fa496287b30>
27141,2023-02-04 20:00:00,<function <lambda> at 0x7fa4962879f0>,<function <lambda> at 0x7fa496287a90>,<function <lambda> at 0x7fa496287b30>
27142,2023-02-04 21:00:00,<function <lambda> at 0x7fa4962879f0>,<function <lambda> at 0x7fa496287a90>,<function <lambda> at 0x7fa496287b30>
27143,2023-02-04 22:00:00,<function <lambda> at 0x7fa4962879f0>,<function <lambda> at 0x7fa496287a90>,<function <lambda> at 0x7fa496287b30>
27144,2023-02-04 23:00:00,<function <lambda> at 0x7fa4962879f0>,<function <lambda> at 0x7fa496287a90>,<function <lambda> at 0x7fa496287b30>
27145,2023-02-05 00:00:00,<function <lambda> at 0x7fa4962879f0>,<function <lambda> at 0x7fa496287a90>,<function <lambda> at 0x7fa496287b30>
27146,2023-02-05 01:00:00,<function <lambda> at 0x7fa4962879f0>,<function <lambda> at 0x7fa496287a90>,<function <lambda> at 0x7fa496287b30>
27147,2023-02-05 02:00:00,<function <lambda> at 0x7fa4962879f0>,<function <lambda> at 0x7fa496287a90>,<function <lambda> at 0x7fa496287b30>
27148,2023-02-05 03:00:00,<function <lambda> at 0x7fa4962879f0>,<function <lambda> at 0x7fa496287a90>,<function <lambda> at 0x7fa496287b30>
27149,2023-02-05 04:00:00,<function <lambda> at 0x7fa4962879f0>,<function <lambda> at 0x7fa496287a90>,<function <lambda> at 0x7fa496287b30>
27150,2023-02-05 05:00:00,<function <lambda> at 0x7fa4962879f0>,<function <lambda> at 0x7fa496287a90>,<function <lambda> at 0x7fa496287b30>
27151,2023-02-05 06:00:00,<function <lambda> at 0x7fa4962879f0>,<function <lambda> at 0x7fa496287a90>,<function <lambda> at 0x7fa496287b30>
27152,2023-02-05 07:00:00,<function <lambda> at 0x7fa4962879f0>,<function <lambda> at 0x7fa496287a90>,<function <lambda> at 0x7fa496287b30>
27153,2023-02-05 08:00:00,<function <lambda> at 0x7fa4962879f0>,<function <lambda> at 0x7fa496287a90>,<function <lambda> at 0x7fa496287b30>
27154,2023-02-05 09:00:00,<function <lambda> at 0x7fa4962879f0>,<function <lambda> at 0x7fa496287a90>,<function <lambda> at 0x7fa496287b30>
27155,2023-02-05 10:00:00,<function <lambda> at 0x7fa4962879f0>,<function <lambda> at 0x7fa496287a90>,<function <lambda> at 0x7fa496287b30>
27156,2023-02-05 11:00:00,<function <lambda> at 0x7fa4962879f0>,<function <lambda> at 0x7fa496287a90>,<function <lambda> at 0x7fa496287b30>
27157,2023-02-05 12:00:00,<function <lambda> at 0x7fa4962879f0>,<function <lambda> at 0x7fa496287a90>,<function <lambda> at 0x7fa496287b30>
27158,2023-02-05 13:00:00,<function <lambda> at 0x7fa4962879f0>,<function <lambda> at 0x7fa496287a90>,<function <lambda> at 0x7fa496287b30>
27159,2023-02-05 14:00:00,<function <lambda> at 0x7fa4962879f0>,<function <lambda> at 0x7fa496287a90>,<function <lambda> at 0x7fa496287b30>
27160,2023-02-05 15:00:00,<function <lambda> at 0x7fa4962879f0>,<function <lambda> at 0x7fa496287a90>,<function <lambda> at 0x7fa496287b30>
27161,2023-02-05 16:00:00,<function <lambda> at 0x7fa4962879f0>,<function <lambda> at 0x7fa496287a90>,<function <lambda> at 0x7fa496287b30>
27162,2023-02-05 17:00:00,<function <lambda> at 0x7fa4962879f0>,<function <lambda> at 0x7fa496287a90>,<function <lambda> at 0x7fa496287b30>
27163,2023-02-05 18:00:00,<function <lambda> at 0x7fa4962879f0>,<function <lambda> at 0x7fa496287a90>,<function <lambda> at 0x7fa496287b30>
27164,2023-02-05 19:00:00,<function <lambda> at 0x7fa4962879f0>,<function <lambda> at 0x7fa496287a90>,<function <lambda> at 0x7fa496287b30>
27165,2023-02-05 20:00:00,<function <lambda> at 0x7fa4962879f0>,<function <lambda> at 0x7fa496287a90>,<function <lambda> at 0x7fa496287b30>
27166,2023-02-05 21:00:00,<function <lambda> at 0x7fa4962879f0>,<function <lambda> at 0x7fa496287a90>,<function <lambda> at 0x7fa496287b30>
27167,2023-02-05 22:00:00,<function <lambda> at 0x7fa4962879f0>,<function <lambda> at 0x7fa496287a90>,<function <lambda> at 0x7fa496287b30>
27168,2023-02-05 23:00:00,<function <lambda> at 0x7fa4962879f0>,<function <lambda> at 0x7fa496287a90>,<function <lambda> at 0x7fa496287b30>
27169,2023-02-06 00:00:00,<function <lambda> at 0x7fa4962879f0>,<function <lambda> at 0x7fa496287a90>,<function <lambda> at 0x7fa496287b30>
27170,2023-02-06 01:00:00,<function <lambda> at 0x7fa4962879f0>,<function <lambda> at 0x7fa496287a90>,<function <lambda> at 0x7fa496287b30>
27171,2023-02-06 02:00:00,<function <lambda> at 0x7fa4962879f0>,<function <lambda> at 0x7fa496287a90>,<function <lambda> at 0x7fa496287b30>
27172,2023-02-06 03:00:00,<function <lambda> at 0x7fa4962879f0>,<function <lambda> at 0x7fa496287a90>,<function <lambda> at 0x7fa496287b30>
27173,2023-02-06 04:00:00,<function <lambda> at 0x7fa4962879f0>,<function <lambda> at 0x7fa496287a90>,<function <lambda> at 0x7fa496287b30>
27174,2023-02-06 05:00:00,<function <lambda> at 0x7fa4962879f0>,<function <lambda> at 0x7fa496287a90>,<function <lambda> at 0x7fa496287b30>
27175,2023-02-06 06:00:00,<function <lambda> at 0x7fa4962879f0>,<function <lambda> at 0x7fa496287a90>,<function <lambda> at 0x7fa496287b30>
27176,2023-02-06 07:00:00,<function <lambda> at 0x7fa4962879f0>,<function <lambda> at 0x7fa496287a90>,<function <lambda> at 0x7fa496287b30>
27177,2023-02-06 08:00:00,<function <lambda> at 0x7fa4962879f0>,<function <lambda> at 0x7fa496287a90>,<function <lambda> at 0x7fa496287b30>
27178,2023-02-06 09:00:00,<function <lambda> at 0x7fa4962879f0>,<function <lambda> at 0x7fa496287a90>,<function <lambda> at 0x7fa496287b30>
27179,2023-02-06 10:00:00,<function <lambda> at 0x7fa4962879f0>,<function <lambda> at 0x7fa496287a90>,<function <lambda> at 0x7fa496287b30>
27180,2023-02-06 11:00:00,<function <lambda> at 0x7fa4962879f0>,<function <lambda> at 0x7fa496287a90>,<function <lambda> at 0x7fa496287b30>
27181,2023-02-06 12:00:00,<function <lambda> at 0x7fa4962879f0>,<function <lambda> at 0x7fa496287a90>,<function <lambda> at 0x7fa496287b30>
27182,2023-02-06 13:00:00,<function <lambda> at 0x7fa4962879f0>,<function <lambda> at 0x7fa496287a90>,<function <lambda> at 0x7fa496287b30>
27183,2023-02-06 14:00:00,<function <lambda> at 0x7fa4962879f0>,<function <lambda> at 0x7fa496287a90>,<function <lambda> at 0x7fa496287b30>
27184,2023-02-06 15:00:00,<function <lambda> at 0x7fa4962879f0>,<function <lambda> at 0x7fa496287a90>,<function <lambda> at 0x7fa496287b30>
27185,2023-02-06 16:00:00,<function <lambda> at 0x7fa4962879f0>,<function <lambda> at 0x7fa496287a90>,<function <lambda> at 0x7fa496287b30>
27186,2023-02-06 17:00:00,<function <lambda> at 0x7fa4962879f0>,<function <lambda> at 0x7fa496287a90>,<function <lambda> at 0x7fa496287b30>
27187,2023-02-06 18:00:00,<function <lambda> at 0x7fa4962879f0>,<function <lambda> at 0x7fa496287a90>,<function <lambda> at 0x7fa496287b30>
27188,2023-02-06 19:00:00,<function <lambda> at 0x7fa4962879f0>,<function <lambda> at 0x7fa496287a90>,<function <lambda> at 0x7fa496287b30>
27189,2023-02-06 20:00:00,<function <lambda> at 0x7fa4962879f0>,<function <lambda> at 0x7fa496287a90>,<function <lambda> at 0x7fa496287b30>
27190,2023-02-06 21:00:00,<function <lambda> at 0x7fa4962879f0>,<function <lambda> at 0x7fa496287a90>,<function <lambda> at 0x7fa496287b30>
27191,2023-02-06 22:00:00,<function <lambda> at 0x7fa4962879f0>,<function <lambda> at 0x7fa496287a90>,<function <lambda> at 0x7fa496287b30>
27192,2023-02-06 23:00:00,<function <lambda> at 0x7fa4962879f0>,<function <lambda> at 0x7fa496287a90>,<function <lambda> at 0x7fa496287b30>
27193,2023-02-07 00:00:00,<function <lambda> at 0x7fa4962879f0>,<function <lambda> at 0x7fa496287a90>,<function <lambda> at 0x7fa496287b30>
27194,2023-02-07 01:00:00,<function <lambda> at 0x7fa4962879f0>,<function <lambda> at 0x7fa496287a90>,<function <lambda> at 0x7fa496287b30>
27195,2023-02-07 02:00:00,<function <lambda> at 0x7fa4962879f0>,<function <lambda> at 0x7fa496287a90>,<function <lambda> at 0x7fa496287b30>
27196,2023-02-07 03:00:00,<function <lambda> at 0x7fa4962879f0>,<function <lambda> at 0x7fa496287a90>,<function <lambda> at 0x7fa496287b30>
27197,2023-02-07 04:00:00,<function <lambda> at 0x7fa4962879f0>,<function <lambda> at 0x7fa496287a90>,<function <lambda> at 0x7fa496287b30>
27198,2023-02-07 05:00:00,<function <lambda> at 0x7fa4962879f0>,<function <lambda> at 0x7fa496287a90>,<function <lambda> at 0x7fa496287b30>
27199,2023-02-07 06:00:00,<function <lambda> at 0x7fa4962879f0>,<function <lambda> at 0x7fa496287a90>,<function <lambda> at 0x7fa496287b30>
27200,2023-02-07 07:00:00,<function <lambda> at 0x7fa4962879f0>,<function <lambda> at 0x7fa496287a90>,<function <lambda> at 0x7fa496287b30>
27201,2023-02-07 08:00:00,<function <lambda> at 0x7fa4962879f0>,<function <lambda> at 0x7fa496287a90>,<function <lambda> at 0x7fa496287b30>
27202,2023-02-07 09:00:00,<function <lambda> at 0x7fa4962879f0>,<function <lambda> at 0x7fa496287a90>,<function <lambda> at 0x7fa496287b30>
27203,2023-02-07 10:00:00,<function <lambda> at 0x7fa4962879f0>,<function <lambda> at 0x7fa496287a90>,<function <lambda> at 0x7fa496287b30>
27204,2023-02-07 11:00:00,<function <lambda> at 0x7fa4962879f0>,<function <lambda> at 0x7fa496287a90>,<function <lambda> at 0x7fa496287b30>
27205,2023-02-07 12:00:00,<function <lambda> at 0x7fa4962879f0>,<function <lambda> at 0x7fa496287a90>,<function <lambda> at 0x7fa496287b30>
27206,2023-02-07 13:00:00,<function <lambda> at 0x7fa4962879f0>,<function <lambda> at 0x7fa496287a90>,<function <lambda> at 0x7fa496287b30>
27207,2023-02-07 14:00:00,<function <lambda> at 0x7fa4962879f0>,<function <lambda> at 0x7fa496287a90>,<function <lambda> at 0x7fa496287b30>
27208,2023-02-07 15:00:00,<function <lambda> at 0x7fa4962879f0>,<function <lambda> at 0x7fa496287a90>,<function <lambda> at 0x7fa496287b30>
27209,2023-02-07 16:00:00,<function <lambda> at 0x7fa4962879f0>,<function <lambda> at 0x7fa496287a90>,<function <lambda> at 0x7fa496287b30>
27210,2023-02-07 17:00:00,<function <lambda> at 0x7fa4962879f0>,<function <lambda> at 0x7fa496287a90>,<function <lambda> at 0x7fa496287b30>
27211,2023-02-07 18:00:00,<function <lambda> at 0x7fa4962879f0>,<function <lambda> at 0x7fa496287a90>,<function <lambda> at 0x7fa496287b30>
27212,2023-02-07 19:00:00,<function <lambda> at 0x7fa4962879f0>,<function <lambda> at 0x7fa496287a90>,<function <lambda> at 0x7fa496287b30>
27213,2023-02-07 20:00:00,<function <lambda> at 0x7fa4962879f0>,<function <lambda> at 0x7fa496287a90>,<function <lambda> at 0x7fa496287b30>
27214,2023-02-07 21:00:00,<function <lambda> at 0x7fa4962879f0>,<function <lambda> at 0x7fa496287a90>,<function <lambda> at 0x7fa496287b30>
27215,2023-02-07 22:00:00,<function <lambda> at 0x7fa4962879f0>,<function <lambda> at 0x7fa496287a90>,<function <lambda> at 0x7fa496287b30>
27216,2023-02-07 23:00:00,<function <lambda> at 0x7fa4962879f0>,<function <lambda> at 0x7fa496287a90>,<function <lambda> at 0x7fa496287b30>
27217,2023-02-08 00:00:00,<function <lambda> at 0x7fa4962879f0>,<function <lambda> at 0x7fa496287a90>,<function <lambda> at 0x7fa496287b30>
27218,2023-02-08 01:00:00,<function <lambda> at 0x7fa4962879f0>,<function <lambda> at 0x7fa496287a90>,<function <lambda> at 0x7fa496287b30>
27219,2023-02-08 02:00:00,<function <lambda> at 0x7fa4962879f0>,<function <lambda> at 0x7fa496287a90>,<function <lambda> at 0x7fa496287b30>
27220,2023-02-08 03:00:00,<function <lambda> at 0x7fa4962879f0>,<function <lambda> at 0x7fa496287a90>,<function <lambda> at 0x7fa496287b30>
27221,2023-02-08 04:00:00,<function <lambda> at 0x7fa4962879f0>,<function <lambda> at 0x7fa496287a90>,<function <lambda> at 0x7fa496287b30>
27222,2023-02-08 05:00:00,<function <lambda> at 0x7fa4962879f0>,<function <lambda> at 0x7fa496287a90>,<function <lambda> at 0x7fa496287b30>
27223,2023-02-08 06:00:00,<function <lambda> at 0x7fa4962879f0>,<function <lambda> at 0x7fa496287a90>,<function <lambda> at 0x7fa496287b30>
27224,2023-02-08 07:00:00,<function <lambda> at 0x7fa4962879f0>,<function <lambda> at 0x7fa496287a90>,<function <lambda> at 0x7fa496287b30>
27225,2023-02-08 08:00:00,<function <lambda> at 0x7fa4962879f0>,<function <lambda> at 0x7fa496287a90>,<function <lambda> at 0x7fa496287b30>
27226,2023-02-08 09:00:00,<function <lambda> at 0x7fa4962879f0>,<function <lambda> at 0x7fa496287a90>,<function <lambda> at 0x7fa496287b30>
27227,2023-02-08 10:00:00,<function <lambda> at 0x7fa4962879f0>,<function <lambda> at 0x7fa496287a90>,<function <lambda> at 0x7fa496287b30>
27228,2023-02-08 11:00:00,<function <lambda> at 0x7fa4962879f0>,<function <lambda> at 0x7fa496287a90>,<function <lambda> at 0x7fa496287b30>
27229,2023-02-08 12:00:00,<function <lambda> at 0x7fa4962879f0>,<function <lambda> at 0x7fa496287a90>,<function <lambda> at 0x7fa496287b30>
27230,2023-02-08 13:00:00,<function <lambda> at 0x7fa4962879f0>,<function <lambda> at 0x7fa496287a90>,<function <lambda> at 0x7fa496287b30>
27231,2023-02-08 14:00:00,<function <lambda> at 0x7fa4962879f0>,<function <lambda> at 0x7fa496287a90>,<function <lambda> at 0x7fa496287b30>
27232,2023-02-08 15:00:00,<function <lambda> at 0x7fa4962879f0>,<function <lambda> at 0x7fa496287a90>,<function <lambda> at 0x7fa496287b30>
27233,2023-02-08 16:00:00,<function <lambda> at 0x7fa4962879f0>,<function <lambda> at 0x7fa496287a90>,<function <lambda> at 0x7fa496287b30>
27234,2023-02-08 17:00:00,<function <lambda> at 0x7fa4962879f0>,<function <lambda> at 0x7fa496287a90>,<function <lambda> at 0x7fa496287b30>
27235,2023-02-08 18:00:00,<function <lambda> at 0x7fa4962879f0>,<function <lambda> at 0x7fa496287a90>,<function <lambda> at 0x7fa496287b30>
27236,2023-02-08 19:00:00,<function <lambda> at 0x7fa4962879f0>,<function <lambda> at 0x7fa496287a90>,<function <lambda> at 0x7fa496287b30>
27237,2023-02-08 20:00:00,<function <lambda> at 0x7fa4962879f0>,<function <lambda> at 0x7fa496287a90>,<function <lambda> at 0x7fa496287b30>
27238,2023-02-08 21:00:00,<function <lambda> at 0x7fa4962879f0>,<function <lambda> at 0x7fa496287a90>,<function <lambda> at 0x7fa496287b30>
27239,2023-02-08 22:00:00,<function <lambda> at 0x7fa4962879f0>,<function <lambda> at 0x7fa496287a90>,<function <lambda> at 0x7fa496287b30>
27240,2023-02-08 23:00:00,<function <lambda> at 0x7fa4962879f0>,<function <lambda> at 0x7fa496287a90>,<function <lambda> at 0x7fa496287b30>
27241,2023-02-09 00:00:00,<function <lambda> at 0x7fa4962879f0>,<function <lambda> at 0x7fa496287a90>,<function <lambda> at 0x7fa496287b30>
27242,2023-02-09 01:00:00,<function <lambda> at 0x7fa4962879f0>,<function <lambda> at 0x7fa496287a90>,<function <lambda> at 0x7fa496287b30>
27243,2023-02-09 02:00:00,<function <lambda> at 0x7fa4962879f0>,<function <lambda> at 0x7fa496287a90>,<function <lambda> at 0x7fa496287b30>
27244,2023-02-09 03:00:00,<function <lambda> at 0x7fa4962879f0>,<function <lambda> at 0x7fa496287a90>,<function <lambda> at 0x7fa496287b30>
27245,2023-02-09 04:00:00,<function <lambda> at 0x7fa4962879f0>,<function <lambda> at 0x7fa496287a90>,<function <lambda> at 0x7fa496287b30>
27246,2023-02-09 05:00:00,<function <lambda> at 0x7fa4962879f0>,<function <lambda> at 0x7fa496287a90>,<function <lambda> at 0x7fa496287b30>
27247,2023-02-09 06:00:00,<function <lambda> at 0x7fa4962879f0>,<function <lambda> at 0x7fa496287a90>,<function <lambda> at 0x7fa496287b30>
27248,2023-02-09 07:00:00,<function <lambda> at 0x7fa4962879f0>,<function <lambda> at 0x7fa496287a90>,<function <lambda> at 0x7fa496287b30>
27249,2023-02-09 08:00:00,<function <lambda> at 0x7fa4962879f0>,<function <lambda> at 0x7fa496287a90>,<function <lambda> at 0x7fa496287b30>
27250,2023-02-09 09:00:00,<function <lambda> at 0x7fa4962879f0>,<function <lambda> at 0x7fa496287a90>,<function <lambda> at 0x7fa496287b30>
27251,2023-02-09 10:00:00,<function <lambda> at 0x7fa4962879f0>,<function <lambda> at 0x7fa496287a90>,<function <lambda> at 0x7fa496287b30>
27252,2023-02-09 11:00:00,<function <lambda> at 0x7fa4962879f0>,<function <lambda> at 0x7fa496287a90>,<function <lambda> at 0x7fa496287b30>
27253,2023-02-09 12:00:00,<function <lambda> at 0x7fa4962879f0>,<function <lambda> at 0x7fa496287a90>,<function <lambda> at 0x7fa496287b30>
27254,2023-02-09 13:00:00,<function <lambda> at 0x7fa4962879f0>,<function <lambda> at 0x7fa496287a90>,<function <lambda> at 0x7fa496287b30>
27255,2023-02-09 14:00:00,<function <lambda> at 0x7fa4962879f0>,<function <lambda> at 0x7fa496287a90>,<function <lambda> at 0x7fa496287b30>
27256,2023-02-09 15:00:00,<function <lambda> at 0x7fa4962879f0>,<function <lambda> at 0x7fa496287a90>,<function <lambda> at 0x7fa496287b30>
27257,2023-02-09 16:00:00,<function <lambda> at 0x7fa4962879f0>,<function <lambda> at 0x7fa496287a90>,<function <lambda> at 0x7fa496287b30>
27258,2023-02-09 17:00:00,<function <lambda> at 0x7fa4962879f0>,<function <lambda> at 0x7fa496287a90>,<function <lambda> at 0x7fa496287b30>
27259,2023-02-09 18:00:00,<function <lambda> at 0x7fa4962879f0>,<function <lambda> at 0x7fa496287a90>,<function <lambda> at 0x7fa496287b30>
27260,2023-02-09 19:00:00,<function <lambda> at 0x7fa4962879f0>,<function <lambda> at 0x7fa496287a90>,<function <lambda> at 0x7fa496287b30>
27261,2023-02-09 20:00:00,<function <lambda> at 0x7fa4962879f0>,<function <lambda> at 0x7fa496287a90>,<function <lambda> at 0x7fa496287b30>
27262,2023-02-09 21:00:00,<function <lambda> at 0x7fa4962879f0>,<function <lambda> at 0x7fa496287a90>,<function <lambda> at 0x7fa496287b30>
27263,2023-02-09 22:00:00,<function <lambda> at 0x7fa4962879f0>,<function <lambda> at 0x7fa496287a90>,<function <lambda> at 0x7fa496287b30>
27264,2023-02-09 23:00:00,<function <lambda> at 0x7fa4962879f0>,<function <lambda> at 0x7fa496287a90>,<function <lambda> at 0x7fa496287b30>
27265,2023-02-10 00:00:00,<function <lambda> at 0x7fa4962879f0>,<function <lambda> at 0x7fa496287a90>,<function <lambda> at 0x7fa496287b30>
27266,2023-02-10 01:00:00,<function <lambda> at 0x7fa4962879f0>,<function <lambda> at 0x7fa496287a90>,<function <lambda> at 0x7fa496287b30>
27267,2023-02-10 02:00:00,<function <lambda> at 0x7fa4962879f0>,<function <lambda> at 0x7fa496287a90>,<function <lambda> at 0x7fa496287b30>
27268,2023-02-10 03:00:00,<function <lambda> at 0x7fa4962879f0>,<function <lambda> at 0x7fa496287a90>,<function <lambda> at 0x7fa496287b30>
27269,2023-02-10 04:00:00,<function <lambda> at 0x7fa4962879f0>,<function <lambda> at 0x7fa496287a90>,<function <lambda> at 0x7fa496287b30>
27270,2023-02-10 05:00:00,<function <lambda> at 0x7fa4962879f0>,<function <lambda> at 0x7fa496287a90>,<function <lambda> at 0x7fa496287b30>
27271,2023-02-10 06:00:00,<function <lambda> at 0x7fa4962879f0>,<function <lambda> at 0x7fa496287a90>,<function <lambda> at 0x7fa496287b30>
27272,2023-02-10 07:00:00,<function <lambda> at 0x7fa4962879f0>,<function <lambda> at 0x7fa496287a90>,<function <lambda> at 0x7fa496287b30>
27273,2023-02-10 08:00:00,<function <lambda> at 0x7fa4962879f0>,<function <lambda> at 0x7fa496287a90>,<function <lambda> at 0x7fa496287b30>
27274,2023-02-10 09:00:00,<function <lambda> at 0x7fa4962879f0>,<function <lambda> at 0x7fa496287a90>,<function <lambda> at 0x7fa496287b30>
27275,2023-02-10 10:00:00,<function <lambda> at 0x7fa4962879f0>,<function <lambda> at 0x7fa496287a90>,<function <lambda> at 0x7fa496287b30>
27276,2023-02-10 11:00:00,<function <lambda> at 0x7fa4962879f0>,<function <lambda> at 0x7fa496287a90>,<function <lambda> at 0x7fa496287b30>
27277,2023-02-10 12:00:00,<function <lambda> at 0x7fa4962879f0>,<function <lambda> at 0x7fa496287a90>,<function <lambda> at 0x7fa496287b30>
27278,2023-02-10 13:00:00,<function <lambda> at 0x7fa4962879f0>,<function <lambda> at 0x7fa496287a90>,<function <lambda> at 0x7fa496287b30>
27279,2023-02-10 14:00:00,<function <lambda> at 0x7fa4962879f0>,<function <lambda> at 0x7fa496287a90>,<function <lambda> at 0x7fa496287b30>
27280,2023-02-10 15:00:00,<function <lambda> at 0x7fa4962879f0>,<function <lambda> at 0x7fa496287a90>,<function <lambda> at 0x7fa496287b30>
27281,2023-02-10 16:00:00,<function <lambda> at 0x7fa4962879f0>,<function <lambda> at 0x7fa496287a90>,<function <lambda> at 0x7fa496287b30>
27282,2023-02-10 17:00:00,<function <lambda> at 0x7fa4962879f0>,<function <lambda> at 0x7fa496287a90>,<function <lambda> at 0x7fa496287b30>
27283,2023-02-10 18:00:00,<function <lambda> at 0x7fa4962879f0>,<function <lambda> at 0x7fa496287a90>,<function <lambda> at 0x7fa496287b30>
27284,2023-02-10 19:00:00,<function <lambda> at 0x7fa4962879f0>,<function <lambda> at 0x7fa496287a90>,<function <lambda> at 0x7fa496287b30>
27285,2023-02-10 20:00:00,<function <lambda> at 0x7fa4962879f0>,<function <lambda> at 0x7fa496287a90>,<function <lambda> at 0x7fa496287b30>
27286,2023-02-10 21:00:00,<function <lambda> at 0x7fa4962879f0>,<function <lambda> at 0x7fa496287a90>,<function <lambda> at 0x7fa496287b30>
27287,2023-02-10 22:00:00,<function <lambda> at 0x7fa4962879f0>,<function <lambda> at 0x7fa496287a90>,<function <lambda> at 0x7fa496287b30>
27288,2023-02-10 23:00:00,<function <lambda> at 0x7fa4962879f0>,<function <lambda> at 0x7fa496287a90>,<function <lambda> at 0x7fa496287b30>
27289,2023-02-11 00:00:00,<function <lambda> at 0x7fa4962879f0>,<function <lambda> at 0x7fa496287a90>,<function <lambda> at 0x7fa496287b30>
27290,2023-02-11 01:00:00,<function <lambda> at 0x7fa4962879f0>,<function <lambda> at 0x7fa496287a90>,<function <lambda> at 0x7fa496287b30>
27291,2023-02-11 02:00:00,<function <lambda> at 0x7fa4962879f0>,<function <lambda> at 0x7fa496287a90>,<function <lambda> at 0x7fa496287b30>
27292,2023-02-11 03:00:00,<function <lambda> at 0x7fa4962879f0>,<function <lambda> at 0x7fa496287a90>,<function <lambda> at 0x7fa496287b30>
27293,2023-02-11 04:00:00,<function <lambda> at 0x7fa4962879f0>,<function <lambda> at 0x7fa496287a90>,<function <lambda> at 0x7fa496287b30>
27294,2023-02-11 05:00:00,<function <lambda> at 0x7fa4962879f0>,<function <lambda> at 0x7fa496287a90>,<function <lambda> at 0x7fa496287b30>
27295,2023-02-11 06:00:00,<function <lambda> at 0x7fa4962879f0>,<function <lambda> at 0x7fa496287a90>,<function <lambda> at 0x7fa496287b30>
27296,2023-02-11 07:00:00,<function <lambda> at 0x7fa4962879f0>,<function <lambda> at 0x7fa496287a90>,<function <lambda> at 0x7fa496287b30>
27297,2023-02-11 08:00:00,<function <lambda> at 0x7fa4962879f0>,<function <lambda> at 0x7fa496287a90>,<function <lambda> at 0x7fa496287b30>
27298,2023-02-11 09:00:00,<function <lambda> at 0x7fa4962879f0>,<function <lambda> at 0x7fa496287a90>,<function <lambda> at 0x7fa496287b30>
27299,2023-02-11 10:00:00,<function <lambda> at 0x7fa4962879f0>,<function <lambda> at 0x7fa496287a90>,<function <lambda> at 0x7fa496287b30>
27300,2023-02-11 11:00:00,<function <lambda> at 0x7fa4962879f0>,<function <lambda> at 0x7fa496287a90>,<function <lambda> at 0x7fa496287b30>
27301,2023-02-11 12:00:00,<function <lambda> at 0x7fa4962879f0>,<function <lambda> at 0x7fa496287a90>,<function <lambda> at 0x7fa496287b30>
27302,2023-02-11 13:00:00,<function <lambda> at 0x7fa4962879f0>,<function <lambda> at 0x7fa496287a90>,<function <lambda> at 0x7fa496287b30>
27303,2023-02-11 14:00:00,<function <lambda> at 0x7fa4962879f0>,<function <lambda> at 0x7fa496287a90>,<function <lambda> at 0x7fa496287b30>
27304,2023-02-11 15:00:00,<function <lambda> at 0x7fa4962879f0>,<function <lambda> at 0x7fa496287a90>,<function <lambda> at 0x7fa496287b30>
27305,2023-02-11 16:00:00,<function <lambda> at 0x7fa4962879f0>,<function <lambda> at 0x7fa496287a90>,<function <lambda> at 0x7fa496287b30>
27306,2023-02-11 17:00:00,<function <lambda> at 0x7fa4962879f0>,<function <lambda> at 0x7fa496287a90>,<function <lambda> at 0x7fa496287b30>
27307,2023-02-11 18:00:00,<function <lambda> at 0x7fa4962879f0>,<function <lambda> at 0x7fa496287a90>,<function <lambda> at 0x7fa496287b30>
27308,2023-02-11 19:00:00,<function <lambda> at 0x7fa4962879f0>,<function <lambda> at 0x7fa496287a90>,<function <lambda> at 0x7fa496287b30>
27309,2023-02-11 20:00:00,<function <lambda> at 0x7fa4962879f0>,<function <lambda> at 0x7fa496287a90>,<function <lambda> at 0x7fa496287b30>
27310,2023-02-11 21:00:00,<function <lambda> at 0x7fa4962879f0>,<function <lambda> at 0x7fa496287a90>,<function <lambda> at 0x7fa496287b30>
27311,2023-02-11 22:00:00,<function <lambda> at 0x7fa4962879f0>,<function <lambda> at 0x7fa496287a90>,<function <lambda> at 0x7fa496287b30>
27312,2023-02-11 23:00:00,<function <lambda> at 0x7fa4962879f0>,<function <lambda> at 0x7fa496287a90>,<function <lambda> at 0x7fa496287b30>
27313,2023-02-12 00:00:00,<function <lambda> at 0x7fa4962879f0>,<function <lambda> at 0x7fa496287a90>,<function <lambda> at 0x7fa496287b30>
27314,2023-02-12 01:00:00,<function <lambda> at 0x7fa4962879f0>,<function <lambda> at 0x7fa496287a90>,<function <lambda> at 0x7fa496287b30>
27315,2023-02-12 02:00:00,<function <lambda> at 0x7fa4962879f0>,<function <lambda> at 0x7fa496287a90>,<function <lambda> at 0x7fa496287b30>
27316,2023-02-12 03:00:00,<function <lambda> at 0x7fa4962879f0>,<function <lambda> at 0x7fa496287a90>,<function <lambda> at 0x7fa496287b30>
27317,2023-02-12 04:00:00,<function <lambda> at 0x7fa4962879f0>,<function <lambda> at 0x7fa496287a90>,<function <lambda> at 0x7fa496287b30>
27318,2023-02-12 05:00:00,<function <lambda> at 0x7fa4962879f0>,<function <lambda> at 0x7fa496287a90>,<function <lambda> at 0x7fa496287b30>
27319,2023-02-12 06:00:00,<function <lambda> at 0x7fa4962879f0>,<function <lambda> at 0x7fa496287a90>,<function <lambda> at 0x7fa496287b30>
27320,2023-02-12 07:00:00,<function <lambda> at 0x7fa4962879f0>,<function <lambda> at 0x7fa496287a90>,<function <lambda> at 0x7fa496287b30>
27321,2023-02-12 08:00:00,<function <lambda> at 0x7fa4962879f0>,<function <lambda> at 0x7fa496287a90>,<function <lambda> at 0x7fa496287b30>
27322,2023-02-12 09:00:00,<function <lambda> at 0x7fa4962879f0>,<function <lambda> at 0x7fa496287a90>,<function <lambda> at 0x7fa496287b30>
27323,2023-02-12 10:00:00,<function <lambda> at 0x7fa4962879f0>,<function <lambda> at 0x7fa496287a90>,<function <lambda> at 0x7fa496287b30>
27324,2023-02-12 11:00:00,<function <lambda> at 0x7fa4962879f0>,<function <lambda> at 0x7fa496287a90>,<function <lambda> at 0x7fa496287b30>
27325,2023-02-12 12:00:00,<function <lambda> at 0x7fa4962879f0>,<function <lambda> at 0x7fa496287a90>,<function <lambda> at 0x7fa496287b30>
27326,2023-02-12 13:00:00,<function <lambda> at 0x7fa4962879f0>,<function <lambda> at 0x7fa496287a90>,<function <lambda> at 0x7fa496287b30>
27327,2023-02-12 14:00:00,<function <lambda> at 0x7fa4962879f0>,<function <lambda> at 0x7fa496287a90>,<function <lambda> at 0x7fa496287b30>
27328,2023-02-12 15:00:00,<function <lambda> at 0x7fa4962879f0>,<function <lambda> at 0x7fa496287a90>,<function <lambda> at 0x7fa496287b30>
27329,2023-02-12 16:00:00,<function <lambda> at 0x7fa4962879f0>,<function <lambda> at 0x7fa496287a90>,<function <lambda> at 0x7fa496287b30>
27330,2023-02-12 17:00:00,<function <lambda> at 0x7fa4962879f0>,<function <lambda> at 0x7fa496287a90>,<function <lambda> at 0x7fa496287b30>
27331,2023-02-12 18:00:00,<function <lambda> at 0x7fa4962879f0>,<function <lambda> at 0x7fa496287a90>,<function <lambda> at 0x7fa496287b30>
27332,2023-02-12 19:00:00,<function <lambda> at 0x7fa4962879f0>,<function <lambda> at 0x7fa496287a90>,<function <lambda> at 0x7fa496287b30>
27333,2023-02-12 20:00:00,<function <lambda> at 0x7fa4962879f0>,<function <lambda> at 0x7fa496287a90>,<function <lambda> at 0x7fa496287b30>
27334,2023-02-12 21:00:00,<function <lambda> at 0x7fa4962879f0>,<function <lambda> at 0x7fa496287a90>,<function <lambda> at 0x7fa496287b30>
27335,2023-02-12 22:00:00,<function <lambda> at 0x7fa4962879f0>,<function <lambda> at 0x7fa496287a90>,<function <lambda> at 0x7fa496287b30>
27336,2023-02-12 23:00:00,<function <lambda> at 0x7fa4962879f0>,<function <lambda> at 0x7fa496287a90>,<function <lambda> at 0x7fa496287b30>
27337,2023-02-13 00:00:00,<function <lambda> at 0x7fa4962879f0>,<function <lambda> at 0x7fa496287a90>,<function <lambda> at 0x7fa496287b30>
27338,2023-02-13 01:00:00,<function <lambda> at 0x7fa4962879f0>,<function <lambda> at 0x7fa496287a90>,<function <lambda> at 0x7fa496287b30>
27339,2023-02-13 02:00:00,<function <lambda> at 0x7fa4962879f0>,<function <lambda> at 0x7fa496287a90>,<function <lambda> at 0x7fa496287b30>
27340,2023-02-13 03:00:00,<function <lambda> at 0x7fa4962879f0>,<function <lambda> at 0x7fa496287a90>,<function <lambda> at 0x7fa496287b30>
27341,2023-02-13 04:00:00,<function <lambda> at 0x7fa4962879f0>,<function <lambda> at 0x7fa496287a90>,<function <lambda> at 0x7fa496287b30>
27342,2023-02-13 05:00:00,<function <lambda> at 0x7fa4962879f0>,<function <lambda> at 0x7fa496287a90>,<function <lambda> at 0x7fa496287b30>
27343,2023-02-13 06:00:00,<function <lambda> at 0x7fa4962879f0>,<function <lambda> at 0x7fa496287a90>,<function <lambda> at 0x7fa496287b30>
27344,2023-02-13 07:00:00,<function <lambda> at 0x7fa4962879f0>,<function <lambda> at 0x7fa496287a90>,<function <lambda> at 0x7fa496287b30>
27345,2023-02-13 08:00:00,<function <lambda> at 0x7fa4962879f0>,<function <lambda> at 0x7fa496287a90>,<function <lambda> at 0x7fa496287b30>
27346,2023-02-13 09:00:00,<function <lambda> at 0x7fa4962879f0>,<function <lambda> at 0x7fa496287a90>,<function <lambda> at 0x7fa496287b30>
27347,2023-02-13 10:00:00,<function <lambda> at 0x7fa4962879f0>,<function <lambda> at 0x7fa496287a90>,<function <lambda> at 0x7fa496287b30>
27348,2023-02-13 11:00:00,<function <lambda> at 0x7fa4962879f0>,<function <lambda> at 0x7fa496287a90>,<function <lambda> at 0x7fa496287b30>
27349,2023-02-13 12:00:00,<function <lambda> at 0x7fa4962879f0>,<function <lambda> at 0x7fa496287a90>,<function <lambda> at 0x7fa496287b30>
27350,2023-02-13 13:00:00,<function <lambda> at 0x7fa4962879f0>,<function <lambda> at 0x7fa496287a90>,<function <lambda> at 0x7fa496287b30>
27351,2023-02-13 14:00:00,<function <lambda> at 0x7fa4962879f0>,<function <lambda> at 0x7fa496287a90>,<function <lambda> at 0x7fa496287b30>
27352,2023-02-13 15:00:00,<function <lambda> at 0x7fa4962879f0>,<function <lambda> at 0x7fa496287a90>,<function <lambda> at 0x7fa496287b30>
27353,2023-02-13 16:00:00,<function <lambda> at 0x7fa4962879f0>,<function <lambda> at 0x7fa496287a90>,<function <lambda> at 0x7fa496287b30>
27354,2023-02-13 17:00:00,<function <lambda> at 0x7fa4962879f0>,<function <lambda> at 0x7fa496287a90>,<function <lambda> at 0x7fa496287b30>
27355,2023-02-13 18:00:00,<function <lambda> at 0x7fa4962879f0>,<function <lambda> at 0x7fa496287a90>,<function <lambda> at 0x7fa496287b30>
27356,2023-02-13 19:00:00,<function <lambda> at 0x7fa4962879f0>,<function <lambda> at 0x7fa496287a90>,<function <lambda> at 0x7fa496287b30>
27357,2023-02-13 20:00:00,<function <lambda> at 0x7fa4962879f0>,<function <lambda> at 0x7fa496287a90>,<function <lambda> at 0x7fa496287b30>
27358,2023-02-13 21:00:00,<function <lambda> at 0x7fa4962879f0>,<function <lambda> at 0x7fa496287a90>,<function <lambda> at 0x7fa496287b30>
27359,2023-02-13 22:00:00,<function <lambda> at 0x7fa4962879f0>,<function <lambda> at 0x7fa496287a90>,<function <lambda> at 0x7fa496287b30>
27360,2023-02-13 23:00:00,<function <lambda> at 0x7fa4962879f0>,<function <lambda> at 0x7fa496287a90>,<function <lambda> at 0x7fa496287b30>
27361,2023-02-14 00:00:00,<function <lambda> at 0x7fa4962879f0>,<function <lambda> at 0x7fa496287a90>,<function <lambda> at 0x7fa496287b30>
27362,2023-02-14 01:00:00,<function <lambda> at 0x7fa4962879f0>,<function <lambda> at 0x7fa496287a90>,<function <lambda> at 0x7fa496287b30>
27363,2023-02-14 02:00:00,<function <lambda> at 0x7fa4962879f0>,<function <lambda> at 0x7fa496287a90>,<function <lambda> at 0x7fa496287b30>
27364,2023-02-14 03:00:00,<function <lambda> at 0x7fa4962879f0>,<function <lambda> at 0x7fa496287a90>,<function <lambda> at 0x7fa496287b30>
27365,2023-02-14 04:00:00,<function <lambda> at 0x7fa4962879f0>,<function <lambda> at 0x7fa496287a90>,<function <lambda> at 0x7fa496287b30>
27366,2023-02-14 05:00:00,<function <lambda> at 0x7fa4962879f0>,<function <lambda> at 0x7fa496287a90>,<function <lambda> at 0x7fa496287b30>
27367,2023-02-14 06:00:00,<function <lambda> at 0x7fa4962879f0>,<function <lambda> at 0x7fa496287a90>,<function <lambda> at 0x7fa496287b30>
27368,2023-02-14 07:00:00,<function <lambda> at 0x7fa4962879f0>,<function <lambda> at 0x7fa496287a90>,<function <lambda> at 0x7fa496287b30>
27369,2023-02-14 08:00:00,<function <lambda> at 0x7fa4962879f0>,<function <lambda> at 0x7fa496287a90>,<function <lambda> at 0x7fa496287b30>
27370,2023-02-14 09:00:00,<function <lambda> at 0x7fa4962879f0>,<function <lambda> at 0x7fa496287a90>,<function <lambda> at 0x7fa496287b30>
27371,2023-02-14 10:00:00,<function <lambda> at 0x7fa4962879f0>,<function <lambda> at 0x7fa496287a90>,<function <lambda> at 0x7fa496287b30>
27372,2023-02-14 11:00:00,<function <lambda> at 0x7fa4962879f0>,<function <lambda> at 0x7fa496287a90>,<function <lambda> at 0x7fa496287b30>
27373,2023-02-14 12:00:00,<function <lambda> at 0x7fa4962879f0>,<function <lambda> at 0x7fa496287a90>,<function <lambda> at 0x7fa496287b30>
27374,2023-02-14 13:00:00,<function <lambda> at 0x7fa4962879f0>,<function <lambda> at 0x7fa496287a90>,<function <lambda> at 0x7fa496287b30>
27375,2023-02-14 14:00:00,<function <lambda> at 0x7fa4962879f0>,<function <lambda> at 0x7fa496287a90>,<function <lambda> at 0x7fa496287b30>
27376,2023-02-14 15:00:00,<function <lambda> at 0x7fa4962879f0>,<function <lambda> at 0x7fa496287a90>,<function <lambda> at 0x7fa496287b30>
27377,2023-02-14 16:00:00,<function <lambda> at 0x7fa4962879f0>,<function <lambda> at 0x7fa496287a90>,<function <lambda> at 0x7fa496287b30>
27378,2023-02-14 17:00:00,<function <lambda> at 0x7fa4962879f0>,<function <lambda> at 0x7fa496287a90>,<function <lambda> at 0x7fa496287b30>
27379,2023-02-14 18:00:00,<function <lambda> at 0x7fa4962879f0>,<function <lambda> at 0x7fa496287a90>,<function <lambda> at 0x7fa496287b30>
27380,2023-02-14 19:00:00,<function <lambda> at 0x7fa4962879f0>,<function <lambda> at 0x7fa496287a90>,<function <lambda> at 0x7fa496287b30>
27381,2023-02-14 20:00:00,<function <lambda> at 0x7fa4962879f0>,<function <lambda> at 0x7fa496287a90>,<function <lambda> at 0x7fa496287b30>
27382,2023-02-14 21:00:00,<function <lambda> at 0x7fa4962879f0>,<function <lambda> at 0x7fa496287a90>,<function <lambda> at 0x7fa496287b30>
27383,2023-02-14 22:00:00,<function <lambda> at 0x7fa4962879f0>,<function <lambda> at 0x7fa496287a90>,<function <lambda> at 0x7fa496287b30>
27384,2023-02-14 23:00:00,<function <lambda> at 0x7fa4962879f0>,<function <lambda> at 0x7fa496287a90>,<function <lambda> at 0x7fa496287b30>
27385,2023-02-15 00:00:00,<function <lambda> at 0x7fa4962879f0>,<function <lambda> at 0x7fa496287a90>,<function <lambda> at 0x7fa496287b30>
27386,2023-02-15 01:00:00,<function <lambda> at 0x7fa4962879f0>,<function <lambda> at 0x7fa496287a90>,<function <lambda> at 0x7fa496287b30>
27387,2023-02-15 02:00:00,<function <lambda> at 0x7fa4962879f0>,<function <lambda> at 0x7fa496287a90>,<function <lambda> at 0x7fa496287b30>
27388,2023-02-15 03:00:00,<function <lambda> at 0x7fa4962879f0>,<function <lambda> at 0x7fa496287a90>,<function <lambda> at 0x7fa496287b30>
27389,2023-02-15 04:00:00,<function <lambda> at 0x7fa4962879f0>,<function <lambda> at 0x7fa496287a90>,<function <lambda> at 0x7fa496287b30>
27390,2023-02-15 05:00:00,<function <lambda> at 0x7fa4962879f0>,<function <lambda> at 0x7fa496287a90>,<function <lambda> at 0x7fa496287b30>
27391,2023-02-15 06:00:00,<function <lambda> at 0x7fa4962879f0>,<function <lambda> at 0x7fa496287a90>,<function <lambda> at 0x7fa496287b30>
27392,2023-02-15 07:00:00,<function <lambda> at 0x7fa4962879f0>,<function <lambda> at 0x7fa496287a90>,<function <lambda> at 0x7fa496287b30>
27393,2023-02-15 08:00:00,<function <lambda> at 0x7fa4962879f0>,<function <lambda> at 0x7fa496287a90>,<function <lambda> at 0x7fa496287b30>
27394,2023-02-15 09:00:00,<function <lambda> at 0x7fa4962879f0>,<function <lambda> at 0x7fa496287a90>,<function <lambda> at 0x7fa496287b30>
27395,2023-02-15 10:00:00,<function <lambda> at 0x7fa4962879f0>,<function <lambda> at 0x7fa496287a90>,<function <lambda> at 0x7fa496287b30>
27396,2023-02-15 11:00:00,<function <lambda> at 0x7fa4962879f0>,<function <lambda> at 0x7fa496287a90>,<function <lambda> at 0x7fa496287b30>
27397,2023-02-15 12:00:00,<function <lambda> at 0x7fa4962879f0>,<function <lambda> at 0x7fa496287a90>,<function <lambda> at 0x7fa496287b30>
27398,2023-02-15 13:00:00,<function <lambda> at 0x7fa4962879f0>,<function <lambda> at 0x7fa496287a90>,<function <lambda> at 0x7fa496287b30>
27399,2023-02-15 14:00:00,<function <lambda> at 0x7fa4962879f0>,<function <lambda> at 0x7fa496287a90>,<function <lambda> at 0x7fa496287b30>
27400,2023-02-15 15:00:00,<function <lambda> at 0x7fa4962879f0>,<function <lambda> at 0x7fa496287a90>,<function <lambda> at 0x7fa496287b30>
27401,2023-02-15 16:00:00,<function <lambda> at 0x7fa4962879f0>,<function <lambda> at 0x7fa496287a90>,<function <lambda> at 0x7fa496287b30>
27402,2023-02-15 17:00:00,<function <lambda> at 0x7fa4962879f0>,<function <lambda> at 0x7fa496287a90>,<function <lambda> at 0x7fa496287b30>
27403,2023-02-15 18:00:00,<function <lambda> at 0x7fa4962879f0>,<function <lambda> at 0x7fa496287a90>,<function <lambda> at 0x7fa496287b30>
27404,2023-02-15 19:00:00,<function <lambda> at 0x7fa4962879f0>,<function <lambda> at 0x7fa496287a90>,<function <lambda> at 0x7fa496287b30>
27405,2023-02-15 20:00:00,<function <lambda> at 0x7fa4962879f0>,<function <lambda> at 0x7fa496287a90>,<function <lambda> at 0x7fa496287b30>
27406,2023-02-15 21:00:00,<function <lambda> at 0x7fa4962879f0>,<function <lambda> at 0x7fa496287a90>,<function <lambda> at 0x7fa496287b30>
27407,2023-02-15 22:00:00,<function <lambda> at 0x7fa4962879f0>,<function <lambda> at 0x7fa496287a90>,<function <lambda> at 0x7fa496287b30>
27408,2023-02-15 23:00:00,<function <lambda> at 0x7fa4962879f0>,<function <lambda> at 0x7fa496287a90>,<function <lambda> at 0x7fa496287b30>
27409,2023-02-16 00:00:00,<function <lambda> at 0x7fa4962879f0>,<function <lambda> at 0x7fa496287a90>,<function <lambda> at 0x7fa496287b30>
27410,2023-02-16 01:00:00,<function <lambda> at 0x7fa4962879f0>,<function <lambda> at 0x7fa496287a90>,<function <lambda> at 0x7fa496287b30>
27411,2023-02-16 02:00:00,<function <lambda> at 0x7fa4962879f0>,<function <lambda> at 0x7fa496287a90>,<function <lambda> at 0x7fa496287b30>
27412,2023-02-16 03:00:00,<function <lambda> at 0x7fa4962879f0>,<function <lambda> at 0x7fa496287a90>,<function <lambda> at 0x7fa496287b30>
27413,2023-02-16 04:00:00,<function <lambda> at 0x7fa4962879f0>,<function <lambda> at 0x7fa496287a90>,<function <lambda> at 0x7fa496287b30>
27414,2023-02-16 05:00:00,<function <lambda> at 0x7fa4962879f0>,<function <lambda> at 0x7fa496287a90>,<function <lambda> at 0x7fa496287b30>
27415,2023-02-16 06:00:00,<function <lambda> at 0x7fa4962879f0>,<function <lambda> at 0x7fa496287a90>,<function <lambda> at 0x7fa496287b30>
27416,2023-02-16 07:00:00,<function <lambda> at 0x7fa4962879f0>,<function <lambda> at 0x7fa496287a90>,<function <lambda> at 0x7fa496287b30>
27417,2023-02-16 08:00:00,<function <lambda> at 0x7fa4962879f0>,<function <lambda> at 0x7fa496287a90>,<function <lambda> at 0x7fa496287b30>
27418,2023-02-16 09:00:00,<function <lambda> at 0x7fa4962879f0>,<function <lambda> at 0x7fa496287a90>,<function <lambda> at 0x7fa496287b30>
27419,2023-02-16 10:00:00,<function <lambda> at 0x7fa4962879f0>,<function <lambda> at 0x7fa496287a90>,<function <lambda> at 0x7fa496287b30>
27420,2023-02-16 11:00:00,<function <lambda> at 0x7fa4962879f0>,<function <lambda> at 0x7fa496287a90>,<function <lambda> at 0x7fa496287b30>
27421,2023-02-16 12:00:00,<function <lambda> at 0x7fa4962879f0>,<function <lambda> at 0x7fa496287a90>,<function <lambda> at 0x7fa496287b30>
27422,2023-02-16 13:00:00,<function <lambda> at 0x7fa4962879f0>,<function <lambda> at 0x7fa496287a90>,<function <lambda> at 0x7fa496287b30>
27423,2023-02-16 14:00:00,<function <lambda> at 0x7fa4962879f0>,<function <lambda> at 0x7fa496287a90>,<function <lambda> at 0x7fa496287b30>
27424,2023-02-16 15:00:00,<function <lambda> at 0x7fa4962879f0>,<function <lambda> at 0x7fa496287a90>,<function <lambda> at 0x7fa496287b30>
27425,2023-02-16 16:00:00,<function <lambda> at 0x7fa4962879f0>,<function <lambda> at 0x7fa496287a90>,<function <lambda> at 0x7fa496287b30>
27426,2023-02-16 17:00:00,<function <lambda> at 0x7fa4962879f0>,<function <lambda> at 0x7fa496287a90>,<function <lambda> at 0x7fa496287b30>
27427,2023-02-16 18:00:00,<function <lambda> at 0x7fa4962879f0>,<function <lambda> at 0x7fa496287a90>,<function <lambda> at 0x7fa496287b30>
27428,2023-02-16 19:00:00,<function <lambda> at 0x7fa4962879f0>,<function <lambda> at 0x7fa496287a90>,<function <lambda> at 0x7fa496287b30>
27429,2023-02-16 20:00:00,<function <lambda> at 0x7fa4962879f0>,<function <lambda> at 0x7fa496287a90>,<function <lambda> at 0x7fa496287b30>
27430,2023-02-16 21:00:00,<function <lambda> at 0x7fa4962879f0>,<function <lambda> at 0x7fa496287a90>,<function <lambda> at 0x7fa496287b30>
27431,2023-02-16 22:00:00,<function <lambda> at 0x7fa4962879f0>,<function <lambda> at 0x7fa496287a90>,<function <lambda> at 0x7fa496287b30>
27432,2023-02-16 23:00:00,<function <lambda> at 0x7fa4962879f0>,<function <lambda> at 0x7fa496287a90>,<function <lambda> at 0x7fa496287b30>
27433,2023-02-17 00:00:00,<function <lambda> at 0x7fa4962879f0>,<function <lambda> at 0x7fa496287a90>,<function <lambda> at 0x7fa496287b30>
27434,2023-02-17 01:00:00,<function <lambda> at 0x7fa4962879f0>,<function <lambda> at 0x7fa496287a90>,<function <lambda> at 0x7fa496287b30>
27435,2023-02-17 02:00:00,<function <lambda> at 0x7fa4962879f0>,<function <lambda> at 0x7fa496287a90>,<function <lambda> at 0x7fa496287b30>
27436,2023-02-17 03:00:00,<function <lambda> at 0x7fa4962879f0>,<function <lambda> at 0x7fa496287a90>,<function <lambda> at 0x7fa496287b30>
27437,2023-02-17 04:00:00,<function <lambda> at 0x7fa4962879f0>,<function <lambda> at 0x7fa496287a90>,<function <lambda> at 0x7fa496287b30>
27438,2023-02-17 05:00:00,<function <lambda> at 0x7fa4962879f0>,<function <lambda> at 0x7fa496287a90>,<function <lambda> at 0x7fa496287b30>
27439,2023-02-17 06:00:00,<function <lambda> at 0x7fa4962879f0>,<function <lambda> at 0x7fa496287a90>,<function <lambda> at 0x7fa496287b30>
27440,2023-02-17 07:00:00,<function <lambda> at 0x7fa4962879f0>,<function <lambda> at 0x7fa496287a90>,<function <lambda> at 0x7fa496287b30>
27441,2023-02-17 08:00:00,<function <lambda> at 0x7fa4962879f0>,<function <lambda> at 0x7fa496287a90>,<function <lambda> at 0x7fa496287b30>
27442,2023-02-17 09:00:00,<function <lambda> at 0x7fa4962879f0>,<function <lambda> at 0x7fa496287a90>,<function <lambda> at 0x7fa496287b30>
27443,2023-02-17 10:00:00,<function <lambda> at 0x7fa4962879f0>,<function <lambda> at 0x7fa496287a90>,<function <lambda> at 0x7fa496287b30>
27444,2023-02-17 11:00:00,<function <lambda> at 0x7fa4962879f0>,<function <lambda> at 0x7fa496287a90>,<function <lambda> at 0x7fa496287b30>
27445,2023-02-17 12:00:00,<function <lambda> at 0x7fa4962879f0>,<function <lambda> at 0x7fa496287a90>,<function <lambda> at 0x7fa496287b30>
27446,2023-02-17 13:00:00,<function <lambda> at 0x7fa4962879f0>,<function <lambda> at 0x7fa496287a90>,<function <lambda> at 0x7fa496287b30>
27447,2023-02-17 14:00:00,<function <lambda> at 0x7fa4962879f0>,<function <lambda> at 0x7fa496287a90>,<function <lambda> at 0x7fa496287b30>
27448,2023-02-17 15:00:00,<function <lambda> at 0x7fa4962879f0>,<function <lambda> at 0x7fa496287a90>,<function <lambda> at 0x7fa496287b30>
27449,2023-02-17 16:00:00,<function <lambda> at 0x7fa4962879f0>,<function <lambda> at 0x7fa496287a90>,<function <lambda> at 0x7fa496287b30>
27450,2023-02-17 17:00:00,<function <lambda> at 0x7fa4962879f0>,<function <lambda> at 0x7fa496287a90>,<function <lambda> at 0x7fa496287b30>
27451,2023-02-17 18:00:00,<function <lambda> at 0x7fa4962879f0>,<function <lambda> at 0x7fa496287a90>,<function <lambda> at 0x7fa496287b30>
27452,2023-02-17 19:00:00,<function <lambda> at 0x7fa4962879f0>,<function <lambda> at 0x7fa496287a90>,<function <lambda> at 0x7fa496287b30>
27453,2023-02-17 20:00:00,<function <lambda> at 0x7fa4962879f0>,<function <lambda> at 0x7fa496287a90>,<function <lambda> at 0x7fa496287b30>
27454,2023-02-17 21:00:00,<function <lambda> at 0x7fa4962879f0>,<function <lambda> at 0x7fa496287a90>,<function <lambda> at 0x7fa496287b30>
27455,2023-02-17 22:00:00,<function <lambda> at 0x7fa4962879f0>,<function <lambda> at 0x7fa496287a90>,<function <lambda> at 0x7fa496287b30>
27456,2023-02-17 23:00:00,<function <lambda> at 0x7fa4962879f0>,<function <lambda> at 0x7fa496287a90>,<function <lambda> at 0x7fa496287b30>
27457,2023-02-18 00:00:00,<function <lambda> at 0x7fa4962879f0>,<function <lambda> at 0x7fa496287a90>,<function <lambda> at 0x7fa496287b30>
27458,2023-02-18 01:00:00,<function <lambda> at 0x7fa4962879f0>,<function <lambda> at 0x7fa496287a90>,<function <lambda> at 0x7fa496287b30>
27459,2023-02-18 02:00:00,<function <lambda> at 0x7fa4962879f0>,<function <lambda> at 0x7fa496287a90>,<function <lambda> at 0x7fa496287b30>
27460,2023-02-18 03:00:00,<function <lambda> at 0x7fa4962879f0>,<function <lambda> at 0x7fa496287a90>,<function <lambda> at 0x7fa496287b30>
27461,2023-02-18 04:00:00,<function <lambda> at 0x7fa4962879f0>,<function <lambda> at 0x7fa496287a90>,<function <lambda> at 0x7fa496287b30>
27462,2023-02-18 05:00:00,<function <lambda> at 0x7fa4962879f0>,<function <lambda> at 0x7fa496287a90>,<function <lambda> at 0x7fa496287b30>
27463,2023-02-18 06:00:00,<function <lambda> at 0x7fa4962879f0>,<function <lambda> at 0x7fa496287a90>,<function <lambda> at 0x7fa496287b30>
27464,2023-02-18 07:00:00,<function <lambda> at 0x7fa4962879f0>,<function <lambda> at 0x7fa496287a90>,<function <lambda> at 0x7fa496287b30>
27465,2023-02-18 08:00:00,<function <lambda> at 0x7fa4962879f0>,<function <lambda> at 0x7fa496287a90>,<function <lambda> at 0x7fa496287b30>
27466,2023-02-18 09:00:00,<function <lambda> at 0x7fa4962879f0>,<function <lambda> at 0x7fa496287a90>,<function <lambda> at 0x7fa496287b30>
27467,2023-02-18 10:00:00,<function <lambda> at 0x7fa4962879f0>,<function <lambda> at 0x7fa496287a90>,<function <lambda> at 0x7fa496287b30>
27468,2023-02-18 11:00:00,<function <lambda> at 0x7fa4962879f0>,<function <lambda> at 0x7fa496287a90>,<function <lambda> at 0x7fa496287b30>
27469,2023-02-18 12:00:00,<function <lambda> at 0x7fa4962879f0>,<function <lambda> at 0x7fa496287a90>,<function <lambda> at 0x7fa496287b30>
27470,2023-02-18 13:00:00,<function <lambda> at 0x7fa4962879f0>,<function <lambda> at 0x7fa496287a90>,<function <lambda> at 0x7fa496287b30>
27471,2023-02-18 14:00:00,<function <lambda> at 0x7fa4962879f0>,<function <lambda> at 0x7fa496287a90>,<function <lambda> at 0x7fa496287b30>
27472,2023-02-18 15:00:00,<function <lambda> at 0x7fa4962879f0>,<function <lambda> at 0x7fa496287a90>,<function <lambda> at 0x7fa496287b30>
27473,2023-02-18 16:00:00,<function <lambda> at 0x7fa4962879f0>,<function <lambda> at 0x7fa496287a90>,<function <lambda> at 0x7fa496287b30>
27474,2023-02-18 17:00:00,<function <lambda> at 0x7fa4962879f0>,<function <lambda> at 0x7fa496287a90>,<function <lambda> at 0x7fa496287b30>
27475,2023-02-18 18:00:00,<function <lambda> at 0x7fa4962879f0>,<function <lambda> at 0x7fa496287a90>,<function <lambda> at 0x7fa496287b30>
27476,2023-02-18 19:00:00,<function <lambda> at 0x7fa4962879f0>,<function <lambda> at 0x7fa496287a90>,<function <lambda> at 0x7fa496287b30>
27477,2023-02-18 20:00:00,<function <lambda> at 0x7fa4962879f0>,<function <lambda> at 0x7fa496287a90>,<function <lambda> at 0x7fa496287b30>
27478,2023-02-18 21:00:00,<function <lambda> at 0x7fa4962879f0>,<function <lambda> at 0x7fa496287a90>,<function <lambda> at 0x7fa496287b30>
27479,2023-02-18 22:00:00,<function <lambda> at 0x7fa4962879f0>,<function <lambda> at 0x7fa496287a90>,<function <lambda> at 0x7fa496287b30>
27480,2023-02-18 23:00:00,<function <lambda> at 0x7fa4962879f0>,<function <lambda> at 0x7fa496287a90>,<function <lambda> at 0x7fa496287b30>
27481,2023-02-19 00:00:00,<function <lambda> at 0x7fa4962879f0>,<function <lambda> at 0x7fa496287a90>,<function <lambda> at 0x7fa496287b30>
27482,2023-02-19 01:00:00,<function <lambda> at 0x7fa4962879f0>,<function <lambda> at 0x7fa496287a90>,<function <lambda> at 0x7fa496287b30>
27483,2023-02-19 02:00:00,<function <lambda> at 0x7fa4962879f0>,<function <lambda> at 0x7fa496287a90>,<function <lambda> at 0x7fa496287b30>
27484,2023-02-19 03:00:00,<function <lambda> at 0x7fa4962879f0>,<function <lambda> at 0x7fa496287a90>,<function <lambda> at 0x7fa496287b30>
27485,2023-02-19 04:00:00,<function <lambda> at 0x7fa4962879f0>,<function <lambda> at 0x7fa496287a90>,<function <lambda> at 0x7fa496287b30>
27486,2023-02-19 05:00:00,<function <lambda> at 0x7fa4962879f0>,<function <lambda> at 0x7fa496287a90>,<function <lambda> at 0x7fa496287b30>
27487,2023-02-19 06:00:00,<function <lambda> at 0x7fa4962879f0>,<function <lambda> at 0x7fa496287a90>,<function <lambda> at 0x7fa496287b30>
27488,2023-02-19 07:00:00,<function <lambda> at 0x7fa4962879f0>,<function <lambda> at 0x7fa496287a90>,<function <lambda> at 0x7fa496287b30>
27489,2023-02-19 08:00:00,<function <lambda> at 0x7fa4962879f0>,<function <lambda> at 0x7fa496287a90>,<function <lambda> at 0x7fa496287b30>
27490,2023-02-19 09:00:00,<function <lambda> at 0x7fa4962879f0>,<function <lambda> at 0x7fa496287a90>,<function <lambda> at 0x7fa496287b30>
27491,2023-02-19 10:00:00,<function <lambda> at 0x7fa4962879f0>,<function <lambda> at 0x7fa496287a90>,<function <lambda> at 0x7fa496287b30>
27492,2023-02-19 11:00:00,<function <lambda> at 0x7fa4962879f0>,<function <lambda> at 0x7fa496287a90>,<function <lambda> at 0x7fa496287b30>
27493,2023-02-19 12:00:00,<function <lambda> at 0x7fa4962879f0>,<function <lambda> at 0x7fa496287a90>,<function <lambda> at 0x7fa496287b30>
27494,2023-02-19 13:00:00,<function <lambda> at 0x7fa4962879f0>,<function <lambda> at 0x7fa496287a90>,<function <lambda> at 0x7fa496287b30>
27495,2023-02-19 14:00:00,<function <lambda> at 0x7fa4962879f0>,<function <lambda> at 0x7fa496287a90>,<function <lambda> at 0x7fa496287b30>
27496,2023-02-19 15:00:00,<function <lambda> at 0x7fa4962879f0>,<function <lambda> at 0x7fa496287a90>,<function <lambda> at 0x7fa496287b30>
27497,2023-02-19 16:00:00,<function <lambda> at 0x7fa4962879f0>,<function <lambda> at 0x7fa496287a90>,<function <lambda> at 0x7fa496287b30>
27498,2023-02-19 17:00:00,<function <lambda> at 0x7fa4962879f0>,<function <lambda> at 0x7fa496287a90>,<function <lambda> at 0x7fa496287b30>
27499,2023-02-19 18:00:00,<function <lambda> at 0x7fa4962879f0>,<function <lambda> at 0x7fa496287a90>,<function <lambda> at 0x7fa496287b30>
27500,2023-02-19 19:00:00,<function <lambda> at 0x7fa4962879f0>,<function <lambda> at 0x7fa496287a90>,<function <lambda> at 0x7fa496287b30>
27501,2023-02-19 20:00:00,<function <lambda> at 0x7fa4962879f0>,<function <lambda> at 0x7fa496287a90>,<function <lambda> at 0x7fa496287b30>
27502,2023-02-19 21:00:00,<function <lambda> at 0x7fa4962879f0>,<function <lambda> at 0x7fa496287a90>,<function <lambda> at 0x7fa496287b30>
27503,2023-02-19 22:00:00,<function <lambda> at 0x7fa4962879f0>,<function <lambda> at 0x7fa496287a90>,<function <lambda> at 0x7fa496287b30>
27504,2023-02-19 23:00:00,<function <lambda> at 0x7fa4962879f0>,<function <lambda> at 0x7fa496287a90>,<function <lambda> at 0x7fa496287b30>
27505,2023-02-20 00:00:00,<function <lambda> at 0x7fa4962879f0>,<function <lambda> at 0x7fa496287a90>,<function <lambda> at 0x7fa496287b30>
27506,2023-02-20 01:00:00,<function <lambda> at 0x7fa4962879f0>,<function <lambda> at 0x7fa496287a90>,<function <lambda> at 0x7fa496287b30>
27507,2023-02-20 02:00:00,<function <lambda> at 0x7fa4962879f0>,<function <lambda> at 0x7fa496287a90>,<function <lambda> at 0x7fa496287b30>
27508,2023-02-20 03:00:00,<function <lambda> at 0x7fa4962879f0>,<function <lambda> at 0x7fa496287a90>,<function <lambda> at 0x7fa496287b30>
27509,2023-02-20 04:00:00,<function <lambda> at 0x7fa4962879f0>,<function <lambda> at 0x7fa496287a90>,<function <lambda> at 0x7fa496287b30>
27510,2023-02-20 05:00:00,<function <lambda> at 0x7fa4962879f0>,<function <lambda> at 0x7fa496287a90>,<function <lambda> at 0x7fa496287b30>
27511,2023-02-20 06:00:00,<function <lambda> at 0x7fa4962879f0>,<function <lambda> at 0x7fa496287a90>,<function <lambda> at 0x7fa496287b30>
27512,2023-02-20 07:00:00,<function <lambda> at 0x7fa4962879f0>,<function <lambda> at 0x7fa496287a90>,<function <lambda> at 0x7fa496287b30>
27513,2023-02-20 08:00:00,<function <lambda> at 0x7fa4962879f0>,<function <lambda> at 0x7fa496287a90>,<function <lambda> at 0x7fa496287b30>
27514,2023-02-20 09:00:00,<function <lambda> at 0x7fa4962879f0>,<function <lambda> at 0x7fa496287a90>,<function <lambda> at 0x7fa496287b30>
27515,2023-02-20 10:00:00,<function <lambda> at 0x7fa4962879f0>,<function <lambda> at 0x7fa496287a90>,<function <lambda> at 0x7fa496287b30>
27516,2023-02-20 11:00:00,<function <lambda> at 0x7fa4962879f0>,<function <lambda> at 0x7fa496287a90>,<function <lambda> at 0x7fa496287b30>
27517,2023-02-20 12:00:00,<function <lambda> at 0x7fa4962879f0>,<function <lambda> at 0x7fa496287a90>,<function <lambda> at 0x7fa496287b30>
27518,2023-02-20 13:00:00,<function <lambda> at 0x7fa4962879f0>,<function <lambda> at 0x7fa496287a90>,<function <lambda> at 0x7fa496287b30>
27519,2023-02-20 14:00:00,<function <lambda> at 0x7fa4962879f0>,<function <lambda> at 0x7fa496287a90>,<function <lambda> at 0x7fa496287b30>
27520,2023-02-20 15:00:00,<function <lambda> at 0x7fa4962879f0>,<function <lambda> at 0x7fa496287a90>,<function <lambda> at 0x7fa496287b30>
27521,2023-02-20 16:00:00,<function <lambda> at 0x7fa4962879f0>,<function <lambda> at 0x7fa496287a90>,<function <lambda> at 0x7fa496287b30>
27522,2023-02-20 17:00:00,<function <lambda> at 0x7fa4962879f0>,<function <lambda> at 0x7fa496287a90>,<function <lambda> at 0x7fa496287b30>
27523,2023-02-20 18:00:00,<function <lambda> at 0x7fa4962879f0>,<function <lambda> at 0x7fa496287a90>,<function <lambda> at 0x7fa496287b30>
27524,2023-02-20 19:00:00,<function <lambda> at 0x7fa4962879f0>,<function <lambda> at 0x7fa496287a90>,<function <lambda> at 0x7fa496287b30>
27525,2023-02-20 20:00:00,<function <lambda> at 0x7fa4962879f0>,<function <lambda> at 0x7fa496287a90>,<function <lambda> at 0x7fa496287b30>
27526,2023-02-20 21:00:00,<function <lambda> at 0x7fa4962879f0>,<function <lambda> at 0x7fa496287a90>,<function <lambda> at 0x7fa496287b30>
27527,2023-02-20 22:00:00,<function <lambda> at 0x7fa4962879f0>,<function <lambda> at 0x7fa496287a90>,<function <lambda> at 0x7fa496287b30>
27528,2023-02-20 23:00:00,<function <lambda> at 0x7fa4962879f0>,<function <lambda> at 0x7fa496287a90>,<function <lambda> at 0x7fa496287b30>
27529,2023-02-21 00:00:00,<function <lambda> at 0x7fa4962879f0>,<function <lambda> at 0x7fa496287a90>,<function <lambda> at 0x7fa496287b30>
27530,2023-02-21 01:00:00,<function <lambda> at 0x7fa4962879f0>,<function <lambda> at 0x7fa496287a90>,<function <lambda> at 0x7fa496287b30>
27531,2023-02-21 02:00:00,<function <lambda> at 0x7fa4962879f0>,<function <lambda> at 0x7fa496287a90>,<function <lambda> at 0x7fa496287b30>
27532,2023-02-21 03:00:00,<function <lambda> at 0x7fa4962879f0>,<function <lambda> at 0x7fa496287a90>,<function <lambda> at 0x7fa496287b30>
27533,2023-02-21 04:00:00,<function <lambda> at 0x7fa4962879f0>,<function <lambda> at 0x7fa496287a90>,<function <lambda> at 0x7fa496287b30>
27534,2023-02-21 05:00:00,<function <lambda> at 0x7fa4962879f0>,<function <lambda> at 0x7fa496287a90>,<function <lambda> at 0x7fa496287b30>
27535,2023-02-21 06:00:00,<function <lambda> at 0x7fa4962879f0>,<function <lambda> at 0x7fa496287a90>,<function <lambda> at 0x7fa496287b30>
27536,2023-02-21 07:00:00,<function <lambda> at 0x7fa4962879f0>,<function <lambda> at 0x7fa496287a90>,<function <lambda> at 0x7fa496287b30>
27537,2023-02-21 08:00:00,<function <lambda> at 0x7fa4962879f0>,<function <lambda> at 0x7fa496287a90>,<function <lambda> at 0x7fa496287b30>
27538,2023-02-21 09:00:00,<function <lambda> at 0x7fa4962879f0>,<function <lambda> at 0x7fa496287a90>,<function <lambda> at 0x7fa496287b30>
27539,2023-02-21 10:00:00,<function <lambda> at 0x7fa4962879f0>,<function <lambda> at 0x7fa496287a90>,<function <lambda> at 0x7fa496287b30>
27540,2023-02-21 11:00:00,<function <lambda> at 0x7fa4962879f0>,<function <lambda> at 0x7fa496287a90>,<function <lambda> at 0x7fa496287b30>
27541,2023-02-21 12:00:00,<function <lambda> at 0x7fa4962879f0>,<function <lambda> at 0x7fa496287a90>,<function <lambda> at 0x7fa496287b30>
27542,2023-02-21 13:00:00,<function <lambda> at 0x7fa4962879f0>,<function <lambda> at 0x7fa496287a90>,<function <lambda> at 0x7fa496287b30>
27543,2023-02-21 14:00:00,<function <lambda> at 0x7fa4962879f0>,<function <lambda> at 0x7fa496287a90>,<function <lambda> at 0x7fa496287b30>
27544,2023-02-21 15:00:00,<function <lambda> at 0x7fa4962879f0>,<function <lambda> at 0x7fa496287a90>,<function <lambda> at 0x7fa496287b30>
27545,2023-02-21 16:00:00,<function <lambda> at 0x7fa4962879f0>,<function <lambda> at 0x7fa496287a90>,<function <lambda> at 0x7fa496287b30>
27546,2023-02-21 17:00:00,<function <lambda> at 0x7fa4962879f0>,<function <lambda> at 0x7fa496287a90>,<function <lambda> at 0x7fa496287b30>
27547,2023-02-21 18:00:00,<function <lambda> at 0x7fa4962879f0>,<function <lambda> at 0x7fa496287a90>,<function <lambda> at 0x7fa496287b30>
27548,2023-02-21 19:00:00,<function <lambda> at 0x7fa4962879f0>,<function <lambda> at 0x7fa496287a90>,<function <lambda> at 0x7fa496287b30>
27549,2023-02-21 20:00:00,<function <lambda> at 0x7fa4962879f0>,<function <lambda> at 0x7fa496287a90>,<function <lambda> at 0x7fa496287b30>
27550,2023-02-21 21:00:00,<function <lambda> at 0x7fa4962879f0>,<function <lambda> at 0x7fa496287a90>,<function <lambda> at 0x7fa496287b30>
27551,2023-02-21 22:00:00,<function <lambda> at 0x7fa4962879f0>,<function <lambda> at 0x7fa496287a90>,<function <lambda> at 0x7fa496287b30>
27552,2023-02-21 23:00:00,<function <lambda> at 0x7fa4962879f0>,<function <lambda> at 0x7fa496287a90>,<function <lambda> at 0x7fa496287b30>
27553,2023-02-22 00:00:00,<function <lambda> at 0x7fa4962879f0>,<function <lambda> at 0x7fa496287a90>,<function <lambda> at 0x7fa496287b30>
27554,2023-02-22 01:00:00,<function <lambda> at 0x7fa4962879f0>,<function <lambda> at 0x7fa496287a90>,<function <lambda> at 0x7fa496287b30>
27555,2023-02-22 02:00:00,<function <lambda> at 0x7fa4962879f0>,<function <lambda> at 0x7fa496287a90>,<function <lambda> at 0x7fa496287b30>
27556,2023-02-22 03:00:00,<function <lambda> at 0x7fa4962879f0>,<function <lambda> at 0x7fa496287a90>,<function <lambda> at 0x7fa496287b30>
27557,2023-02-22 04:00:00,<function <lambda> at 0x7fa4962879f0>,<function <lambda> at 0x7fa496287a90>,<function <lambda> at 0x7fa496287b30>
27558,2023-02-22 05:00:00,<function <lambda> at 0x7fa4962879f0>,<function <lambda> at 0x7fa496287a90>,<function <lambda> at 0x7fa496287b30>
27559,2023-02-22 06:00:00,<function <lambda> at 0x7fa4962879f0>,<function <lambda> at 0x7fa496287a90>,<function <lambda> at 0x7fa496287b30>
27560,2023-02-22 07:00:00,<function <lambda> at 0x7fa4962879f0>,<function <lambda> at 0x7fa496287a90>,<function <lambda> at 0x7fa496287b30>
27561,2023-02-22 08:00:00,<function <lambda> at 0x7fa4962879f0>,<function <lambda> at 0x7fa496287a90>,<function <lambda> at 0x7fa496287b30>
27562,2023-02-22 09:00:00,<function <lambda> at 0x7fa4962879f0>,<function <lambda> at 0x7fa496287a90>,<function <lambda> at 0x7fa496287b30>
27563,2023-02-22 10:00:00,<function <lambda> at 0x7fa4962879f0>,<function <lambda> at 0x7fa496287a90>,<function <lambda> at 0x7fa496287b30>
27564,2023-02-22 11:00:00,<function <lambda> at 0x7fa4962879f0>,<function <lambda> at 0x7fa496287a90>,<function <lambda> at 0x7fa496287b30>
27565,2023-02-22 12:00:00,<function <lambda> at 0x7fa4962879f0>,<function <lambda> at 0x7fa496287a90>,<function <lambda> at 0x7fa496287b30>
27566,2023-02-22 13:00:00,<function <lambda> at 0x7fa4962879f0>,<function <lambda> at 0x7fa496287a90>,<function <lambda> at 0x7fa496287b30>
27567,2023-02-22 14:00:00,<function <lambda> at 0x7fa4962879f0>,<function <lambda> at 0x7fa496287a90>,<function <lambda> at 0x7fa496287b30>
27568,2023-02-22 15:00:00,<function <lambda> at 0x7fa4962879f0>,<function <lambda> at 0x7fa496287a90>,<function <lambda> at 0x7fa496287b30>
27569,2023-02-22 16:00:00,<function <lambda> at 0x7fa4962879f0>,<function <lambda> at 0x7fa496287a90>,<function <lambda> at 0x7fa496287b30>
27570,2023-02-22 17:00:00,<function <lambda> at 0x7fa4962879f0>,<function <lambda> at 0x7fa496287a90>,<function <lambda> at 0x7fa496287b30>
27571,2023-02-22 18:00:00,<function <lambda> at 0x7fa4962879f0>,<function <lambda> at 0x7fa496287a90>,<function <lambda> at 0x7fa496287b30>
27572,2023-02-22 19:00:00,<function <lambda> at 0x7fa4962879f0>,<function <lambda> at 0x7fa496287a90>,<function <lambda> at 0x7fa496287b30>
27573,2023-02-22 20:00:00,<function <lambda> at 0x7fa4962879f0>,<function <lambda> at 0x7fa496287a90>,<function <lambda> at 0x7fa496287b30>
27574,2023-02-22 21:00:00,<function <lambda> at 0x7fa4962879f0>,<function <lambda> at 0x7fa496287a90>,<function <lambda> at 0x7fa496287b30>
27575,2023-02-22 22:00:00,<function <lambda> at 0x7fa4962879f0>,<function <lambda> at 0x7fa496287a90>,<function <lambda> at 0x7fa496287b30>
27576,2023-02-22 23:00:00,<function <lambda> at 0x7fa4962879f0>,<function <lambda> at 0x7fa496287a90>,<function <lambda> at 0x7fa496287b30>
27577,2023-02-23 00:00:00,<function <lambda> at 0x7fa4962879f0>,<function <lambda> at 0x7fa496287a90>,<function <lambda> at 0x7fa496287b30>
27578,2023-02-23 01:00:00,<function <lambda> at 0x7fa4962879f0>,<function <lambda> at 0x7fa496287a90>,<function <lambda> at 0x7fa496287b30>
27579,2023-02-23 02:00:00,<function <lambda> at 0x7fa4962879f0>,<function <lambda> at 0x7fa496287a90>,<function <lambda> at 0x7fa496287b30>
27580,2023-02-23 03:00:00,<function <lambda> at 0x7fa4962879f0>,<function <lambda> at 0x7fa496287a90>,<function <lambda> at 0x7fa496287b30>
27581,2023-02-23 04:00:00,<function <lambda> at 0x7fa4962879f0>,<function <lambda> at 0x7fa496287a90>,<function <lambda> at 0x7fa496287b30>
27582,2023-02-23 05:00:00,<function <lambda> at 0x7fa4962879f0>,<function <lambda> at 0x7fa496287a90>,<function <lambda> at 0x7fa496287b30>
27583,2023-02-23 06:00:00,<function <lambda> at 0x7fa4962879f0>,<function <lambda> at 0x7fa496287a90>,<function <lambda> at 0x7fa496287b30>
27584,2023-02-23 07:00:00,<function <lambda> at 0x7fa4962879f0>,<function <lambda> at 0x7fa496287a90>,<function <lambda> at 0x7fa496287b30>
27585,2023-02-23 08:00:00,<function <lambda> at 0x7fa4962879f0>,<function <lambda> at 0x7fa496287a90>,<function <lambda> at 0x7fa496287b30>
27586,2023-02-23 09:00:00,<function <lambda> at 0x7fa4962879f0>,<function <lambda> at 0x7fa496287a90>,<function <lambda> at 0x7fa496287b30>
27587,2023-02-23 10:00:00,<function <lambda> at 0x7fa4962879f0>,<function <lambda> at 0x7fa496287a90>,<function <lambda> at 0x7fa496287b30>
27588,2023-02-23 11:00:00,<function <lambda> at 0x7fa4962879f0>,<function <lambda> at 0x7fa496287a90>,<function <lambda> at 0x7fa496287b30>
27589,2023-02-23 12:00:00,<function <lambda> at 0x7fa4962879f0>,<function <lambda> at 0x7fa496287a90>,<function <lambda> at 0x7fa496287b30>
27590,2023-02-23 13:00:00,<function <lambda> at 0x7fa4962879f0>,<function <lambda> at 0x7fa496287a90>,<function <lambda> at 0x7fa496287b30>
27591,2023-02-23 14:00:00,<function <lambda> at 0x7fa4962879f0>,<function <lambda> at 0x7fa496287a90>,<function <lambda> at 0x7fa496287b30>
27592,2023-02-23 15:00:00,<function <lambda> at 0x7fa4962879f0>,<function <lambda> at 0x7fa496287a90>,<function <lambda> at 0x7fa496287b30>
27593,2023-02-23 16:00:00,<function <lambda> at 0x7fa4962879f0>,<function <lambda> at 0x7fa496287a90>,<function <lambda> at 0x7fa496287b30>
27594,2023-02-23 17:00:00,<function <lambda> at 0x7fa4962879f0>,<function <lambda> at 0x7fa496287a90>,<function <lambda> at 0x7fa496287b30>
27595,2023-02-23 18:00:00,<function <lambda> at 0x7fa4962879f0>,<function <lambda> at 0x7fa496287a90>,<function <lambda> at 0x7fa496287b30>
27596,2023-02-23 19:00:00,<function <lambda> at 0x7fa4962879f0>,<function <lambda> at 0x7fa496287a90>,<function <lambda> at 0x7fa496287b30>
27597,2023-02-23 20:00:00,<function <lambda> at 0x7fa4962879f0>,<function <lambda> at 0x7fa496287a90>,<function <lambda> at 0x7fa496287b30>
27598,2023-02-23 21:00:00,<function <lambda> at 0x7fa4962879f0>,<function <lambda> at 0x7fa496287a90>,<function <lambda> at 0x7fa496287b30>
27599,2023-02-23 22:00:00,<function <lambda> at 0x7fa4962879f0>,<function <lambda> at 0x7fa496287a90>,<function <lambda> at 0x7fa496287b30>
27600,2023-02-23 23:00:00,<function <lambda> at 0x7fa4962879f0>,<function <lambda> at 0x7fa496287a90>,<function <lambda> at 0x7fa496287b30>
27601,2023-02-24 00:00:00,<function <lambda> at 0x7fa4962879f0>,<function <lambda> at 0x7fa496287a90>,<function <lambda> at 0x7fa496287b30>
27602,2023-02-24 01:00:00,<function <lambda> at 0x7fa4962879f0>,<function <lambda> at 0x7fa496287a90>,<function <lambda> at 0x7fa496287b30>
27603,2023-02-24 02:00:00,<function <lambda> at 0x7fa4962879f0>,<function <lambda> at 0x7fa496287a90>,<function <lambda> at 0x7fa496287b30>
27604,2023-02-24 03:00:00,<function <lambda> at 0x7fa4962879f0>,<function <lambda> at 0x7fa496287a90>,<function <lambda> at 0x7fa496287b30>
27605,2023-02-24 04:00:00,<function <lambda> at 0x7fa4962879f0>,<function <lambda> at 0x7fa496287a90>,<function <lambda> at 0x7fa496287b30>
27606,2023-02-24 05:00:00,<function <lambda> at 0x7fa4962879f0>,<function <lambda> at 0x7fa496287a90>,<function <lambda> at 0x7fa496287b30>
27607,2023-02-24 06:00:00,<function <lambda> at 0x7fa4962879f0>,<function <lambda> at 0x7fa496287a90>,<function <lambda> at 0x7fa496287b30>
27608,2023-02-24 07:00:00,<function <lambda> at 0x7fa4962879f0>,<function <lambda> at 0x7fa496287a90>,<function <lambda> at 0x7fa496287b30>
27609,2023-02-24 08:00:00,<function <lambda> at 0x7fa4962879f0>,<function <lambda> at 0x7fa496287a90>,<function <lambda> at 0x7fa496287b30>
27610,2023-02-24 09:00:00,<function <lambda> at 0x7fa4962879f0>,<function <lambda> at 0x7fa496287a90>,<function <lambda> at 0x7fa496287b30>
27611,2023-02-24 10:00:00,<function <lambda> at 0x7fa4962879f0>,<function <lambda> at 0x7fa496287a90>,<function <lambda> at 0x7fa496287b30>
27612,2023-02-24 11:00:00,<function <lambda> at 0x7fa4962879f0>,<function <lambda> at 0x7fa496287a90>,<function <lambda> at 0x7fa496287b30>
27613,2023-02-24 12:00:00,<function <lambda> at 0x7fa4962879f0>,<function <lambda> at 0x7fa496287a90>,<function <lambda> at 0x7fa496287b30>
27614,2023-02-24 13:00:00,<function <lambda> at 0x7fa4962879f0>,<function <lambda> at 0x7fa496287a90>,<function <lambda> at 0x7fa496287b30>
27615,2023-02-24 14:00:00,<function <lambda> at 0x7fa4962879f0>,<function <lambda> at 0x7fa496287a90>,<function <lambda> at 0x7fa496287b30>
27616,2023-02-24 15:00:00,<function <lambda> at 0x7fa4962879f0>,<function <lambda> at 0x7fa496287a90>,<function <lambda> at 0x7fa496287b30>
27617,2023-02-24 16:00:00,<function <lambda> at 0x7fa4962879f0>,<function <lambda> at 0x7fa496287a90>,<function <lambda> at 0x7fa496287b30>
27618,2023-02-24 17:00:00,<function <lambda> at 0x7fa4962879f0>,<function <lambda> at 0x7fa496287a90>,<function <lambda> at 0x7fa496287b30>
27619,2023-02-24 18:00:00,<function <lambda> at 0x7fa4962879f0>,<function <lambda> at 0x7fa496287a90>,<function <lambda> at 0x7fa496287b30>
27620,2023-02-24 19:00:00,<function <lambda> at 0x7fa4962879f0>,<function <lambda> at 0x7fa496287a90>,<function <lambda> at 0x7fa496287b30>
27621,2023-02-24 20:00:00,<function <lambda> at 0x7fa4962879f0>,<function <lambda> at 0x7fa496287a90>,<function <lambda> at 0x7fa496287b30>
27622,2023-02-24 21:00:00,<function <lambda> at 0x7fa4962879f0>,<function <lambda> at 0x7fa496287a90>,<function <lambda> at 0x7fa496287b30>
27623,2023-02-24 22:00:00,<function <lambda> at 0x7fa4962879f0>,<function <lambda> at 0x7fa496287a90>,<function <lambda> at 0x7fa496287b30>
27624,2023-02-24 23:00:00,<function <lambda> at 0x7fa4962879f0>,<function <lambda> at 0x7fa496287a90>,<function <lambda> at 0x7fa496287b30>
27625,2023-02-25 00:00:00,<function <lambda> at 0x7fa4962879f0>,<function <lambda> at 0x7fa496287a90>,<function <lambda> at 0x7fa496287b30>
27626,2023-02-25 01:00:00,<function <lambda> at 0x7fa4962879f0>,<function <lambda> at 0x7fa496287a90>,<function <lambda> at 0x7fa496287b30>
27627,2023-02-25 02:00:00,<function <lambda> at 0x7fa4962879f0>,<function <lambda> at 0x7fa496287a90>,<function <lambda> at 0x7fa496287b30>
27628,2023-02-25 03:00:00,<function <lambda> at 0x7fa4962879f0>,<function <lambda> at 0x7fa496287a90>,<function <lambda> at 0x7fa496287b30>
27629,2023-02-25 04:00:00,<function <lambda> at 0x7fa4962879f0>,<function <lambda> at 0x7fa496287a90>,<function <lambda> at 0x7fa496287b30>
27630,2023-02-25 05:00:00,<function <lambda> at 0x7fa4962879f0>,<function <lambda> at 0x7fa496287a90>,<function <lambda> at 0x7fa496287b30>
27631,2023-02-25 06:00:00,<function <lambda> at 0x7fa4962879f0>,<function <lambda> at 0x7fa496287a90>,<function <lambda> at 0x7fa496287b30>
27632,2023-02-25 07:00:00,<function <lambda> at 0x7fa4962879f0>,<function <lambda> at 0x7fa496287a90>,<function <lambda> at 0x7fa496287b30>
27633,2023-02-25 08:00:00,<function <lambda> at 0x7fa4962879f0>,<function <lambda> at 0x7fa496287a90>,<function <lambda> at 0x7fa496287b30>
27634,2023-02-25 09:00:00,<function <lambda> at 0x7fa4962879f0>,<function <lambda> at 0x7fa496287a90>,<function <lambda> at 0x7fa496287b30>
27635,2023-02-25 10:00:00,<function <lambda> at 0x7fa4962879f0>,<function <lambda> at 0x7fa496287a90>,<function <lambda> at 0x7fa496287b30>
27636,2023-02-25 11:00:00,<function <lambda> at 0x7fa4962879f0>,<function <lambda> at 0x7fa496287a90>,<function <lambda> at 0x7fa496287b30>
27637,2023-02-25 12:00:00,<function <lambda> at 0x7fa4962879f0>,<function <lambda> at 0x7fa496287a90>,<function <lambda> at 0x7fa496287b30>
27638,2023-02-25 13:00:00,<function <lambda> at 0x7fa4962879f0>,<function <lambda> at 0x7fa496287a90>,<function <lambda> at 0x7fa496287b30>
27639,2023-02-25 14:00:00,<function <lambda> at 0x7fa4962879f0>,<function <lambda> at 0x7fa496287a90>,<function <lambda> at 0x7fa496287b30>
27640,2023-02-25 15:00:00,<function <lambda> at 0x7fa4962879f0>,<function <lambda> at 0x7fa496287a90>,<function <lambda> at 0x7fa496287b30>
27641,2023-02-25 16:00:00,<function <lambda> at 0x7fa4962879f0>,<function <lambda> at 0x7fa496287a90>,<function <lambda> at 0x7fa496287b30>
27642,2023-02-25 17:00:00,<function <lambda> at 0x7fa4962879f0>,<function <lambda> at 0x7fa496287a90>,<function <lambda> at 0x7fa496287b30>
27643,2023-02-25 18:00:00,<function <lambda> at 0x7fa4962879f0>,<function <lambda> at 0x7fa496287a90>,<function <lambda> at 0x7fa496287b30>
27644,2023-02-25 19:00:00,<function <lambda> at 0x7fa4962879f0>,<function <lambda> at 0x7fa496287a90>,<function <lambda> at 0x7fa496287b30>
27645,2023-02-25 20:00:00,<function <lambda> at 0x7fa4962879f0>,<function <lambda> at 0x7fa496287a90>,<function <lambda> at 0x7fa496287b30>
27646,2023-02-25 21:00:00,<function <lambda> at 0x7fa4962879f0>,<function <lambda> at 0x7fa496287a90>,<function <lambda> at 0x7fa496287b30>
27647,2023-02-25 22:00:00,<function <lambda> at 0x7fa4962879f0>,<function <lambda> at 0x7fa496287a90>,<function <lambda> at 0x7fa496287b30>
27648,2023-02-25 23:00:00,<function <lambda> at 0x7fa4962879f0>,<function <lambda> at 0x7fa496287a90>,<function <lambda> at 0x7fa496287b30>
27649,2023-02-26 00:00:00,<function <lambda> at 0x7fa4962879f0>,<function <lambda> at 0x7fa496287a90>,<function <lambda> at 0x7fa496287b30>
27650,2023-02-26 01:00:00,<function <lambda> at 0x7fa4962879f0>,<function <lambda> at 0x7fa496287a90>,<function <lambda> at 0x7fa496287b30>
27651,2023-02-26 02:00:00,<function <lambda> at 0x7fa4962879f0>,<function <lambda> at 0x7fa496287a90>,<function <lambda> at 0x7fa496287b30>
27652,2023-02-26 03:00:00,<function <lambda> at 0x7fa4962879f0>,<function <lambda> at 0x7fa496287a90>,<function <lambda> at 0x7fa496287b30>
27653,2023-02-26 04:00:00,<function <lambda> at 0x7fa4962879f0>,<function <lambda> at 0x7fa496287a90>,<function <lambda> at 0x7fa496287b30>
27654,2023-02-26 05:00:00,<function <lambda> at 0x7fa4962879f0>,<function <lambda> at 0x7fa496287a90>,<function <lambda> at 0x7fa496287b30>
27655,2023-02-26 06:00:00,<function <lambda> at 0x7fa4962879f0>,<function <lambda> at 0x7fa496287a90>,<function <lambda> at 0x7fa496287b30>
27656,2023-02-26 07:00:00,<function <lambda> at 0x7fa4962879f0>,<function <lambda> at 0x7fa496287a90>,<function <lambda> at 0x7fa496287b30>
27657,2023-02-26 08:00:00,<function <lambda> at 0x7fa4962879f0>,<function <lambda> at 0x7fa496287a90>,<function <lambda> at 0x7fa496287b30>
27658,2023-02-26 09:00:00,<function <lambda> at 0x7fa4962879f0>,<function <lambda> at 0x7fa496287a90>,<function <lambda> at 0x7fa496287b30>
27659,2023-02-26 10:00:00,<function <lambda> at 0x7fa4962879f0>,<function <lambda> at 0x7fa496287a90>,<function <lambda> at 0x7fa496287b30>
27660,2023-02-26 11:00:00,<function <lambda> at 0x7fa4962879f0>,<function <lambda> at 0x7fa496287a90>,<function <lambda> at 0x7fa496287b30>
27661,2023-02-26 12:00:00,<function <lambda> at 0x7fa4962879f0>,<function <lambda> at 0x7fa496287a90>,<function <lambda> at 0x7fa496287b30>
27662,2023-02-26 13:00:00,<function <lambda> at 0x7fa4962879f0>,<function <lambda> at 0x7fa496287a90>,<function <lambda> at 0x7fa496287b30>
27663,2023-02-26 14:00:00,<function <lambda> at 0x7fa4962879f0>,<function <lambda> at 0x7fa496287a90>,<function <lambda> at 0x7fa496287b30>
27664,2023-02-26 15:00:00,<function <lambda> at 0x7fa4962879f0>,<function <lambda> at 0x7fa496287a90>,<function <lambda> at 0x7fa496287b30>
27665,2023-02-26 16:00:00,<function <lambda> at 0x7fa4962879f0>,<function <lambda> at 0x7fa496287a90>,<function <lambda> at 0x7fa496287b30>
27666,2023-02-26 17:00:00,<function <lambda> at 0x7fa4962879f0>,<function <lambda> at 0x7fa496287a90>,<function <lambda> at 0x7fa496287b30>
27667,2023-02-26 18:00:00,<function <lambda> at 0x7fa4962879f0>,<function <lambda> at 0x7fa496287a90>,<function <lambda> at 0x7fa496287b30>
27668,2023-02-26 19:00:00,<function <lambda> at 0x7fa4962879f0>,<function <lambda> at 0x7fa496287a90>,<function <lambda> at 0x7fa496287b30>
27669,2023-02-26 20:00:00,<function <lambda> at 0x7fa4962879f0>,<function <lambda> at 0x7fa496287a90>,<function <lambda> at 0x7fa496287b30>
27670,2023-02-26 21:00:00,<function <lambda> at 0x7fa4962879f0>,<function <lambda> at 0x7fa496287a90>,<function <lambda> at 0x7fa496287b30>
27671,2023-02-26 22:00:00,<function <lambda> at 0x7fa4962879f0>,<function <lambda> at 0x7fa496287a90>,<function <lambda> at 0x7fa496287b30>
27672,2023-02-26 23:00:00,<function <lambda> at 0x7fa4962879f0>,<function <lambda> at 0x7fa496287a90>,<function <lambda> at 0x7fa496287b30>
27673,2023-02-27 00:00:00,<function <lambda> at 0x7fa4962879f0>,<function <lambda> at 0x7fa496287a90>,<function <lambda> at 0x7fa496287b30>
27674,2023-02-27 01:00:00,<function <lambda> at 0x7fa4962879f0>,<function <lambda> at 0x7fa496287a90>,<function <lambda> at 0x7fa496287b30>
27675,2023-02-27 02:00:00,<function <lambda> at 0x7fa4962879f0>,<function <lambda> at 0x7fa496287a90>,<function <lambda> at 0x7fa496287b30>
27676,2023-02-27 03:00:00,<function <lambda> at 0x7fa4962879f0>,<function <lambda> at 0x7fa496287a90>,<function <lambda> at 0x7fa496287b30>
27677,2023-02-27 04:00:00,<function <lambda> at 0x7fa4962879f0>,<function <lambda> at 0x7fa496287a90>,<function <lambda> at 0x7fa496287b30>
27678,2023-02-27 05:00:00,<function <lambda> at 0x7fa4962879f0>,<function <lambda> at 0x7fa496287a90>,<function <lambda> at 0x7fa496287b30>
27679,2023-02-27 06:00:00,<function <lambda> at 0x7fa4962879f0>,<function <lambda> at 0x7fa496287a90>,<function <lambda> at 0x7fa496287b30>
27680,2023-02-27 07:00:00,<function <lambda> at 0x7fa4962879f0>,<function <lambda> at 0x7fa496287a90>,<function <lambda> at 0x7fa496287b30>
27681,2023-02-27 08:00:00,<function <lambda> at 0x7fa4962879f0>,<function <lambda> at 0x7fa496287a90>,<function <lambda> at 0x7fa496287b30>
27682,2023-02-27 09:00:00,<function <lambda> at 0x7fa4962879f0>,<function <lambda> at 0x7fa496287a90>,<function <lambda> at 0x7fa496287b30>
27683,2023-02-27 10:00:00,<function <lambda> at 0x7fa4962879f0>,<function <lambda> at 0x7fa496287a90>,<function <lambda> at 0x7fa496287b30>
27684,2023-02-27 11:00:00,<function <lambda> at 0x7fa4962879f0>,<function <lambda> at 0x7fa496287a90>,<function <lambda> at 0x7fa496287b30>
27685,2023-02-27 12:00:00,<function <lambda> at 0x7fa4962879f0>,<function <lambda> at 0x7fa496287a90>,<function <lambda> at 0x7fa496287b30>
27686,2023-02-27 13:00:00,<function <lambda> at 0x7fa4962879f0>,<function <lambda> at 0x7fa496287a90>,<function <lambda> at 0x7fa496287b30>
27687,2023-02-27 14:00:00,<function <lambda> at 0x7fa4962879f0>,<function <lambda> at 0x7fa496287a90>,<function <lambda> at 0x7fa496287b30>
27688,2023-02-27 15:00:00,<function <lambda> at 0x7fa4962879f0>,<function <lambda> at 0x7fa496287a90>,<function <lambda> at 0x7fa496287b30>
27689,2023-02-27 16:00:00,<function <lambda> at 0x7fa4962879f0>,<function <lambda> at 0x7fa496287a90>,<function <lambda> at 0x7fa496287b30>
27690,2023-02-27 17:00:00,<function <lambda> at 0x7fa4962879f0>,<function <lambda> at 0x7fa496287a90>,<function <lambda> at 0x7fa496287b30>
27691,2023-02-27 18:00:00,<function <lambda> at 0x7fa4962879f0>,<function <lambda> at 0x7fa496287a90>,<function <lambda> at 0x7fa496287b30>
27692,2023-02-27 19:00:00,<function <lambda> at 0x7fa4962879f0>,<function <lambda> at 0x7fa496287a90>,<function <lambda> at 0x7fa496287b30>
27693,2023-02-27 20:00:00,<function <lambda> at 0x7fa4962879f0>,<function <lambda> at 0x7fa496287a90>,<function <lambda> at 0x7fa496287b30>
27694,2023-02-27 21:00:00,<function <lambda> at 0x7fa4962879f0>,<function <lambda> at 0x7fa496287a90>,<function <lambda> at 0x7fa496287b30>
27695,2023-02-27 22:00:00,<function <lambda> at 0x7fa4962879f0>,<function <lambda> at 0x7fa496287a90>,<function <lambda> at 0x7fa496287b30>
27696,2023-02-27 23:00:00,<function <lambda> at 0x7fa4962879f0>,<function <lambda> at 0x7fa496287a90>,<function <lambda> at 0x7fa496287b30>
27697,2023-02-28 00:00:00,<function <lambda> at 0x7fa4962879f0>,<function <lambda> at 0x7fa496287a90>,<function <lambda> at 0x7fa496287b30>
27698,2023-02-28 01:00:00,<function <lambda> at 0x7fa4962879f0>,<function <lambda> at 0x7fa496287a90>,<function <lambda> at 0x7fa496287b30>
27699,2023-02-28 02:00:00,<function <lambda> at 0x7fa4962879f0>,<function <lambda> at 0x7fa496287a90>,<function <lambda> at 0x7fa496287b30>
27700,2023-02-28 03:00:00,<function <lambda> at 0x7fa4962879f0>,<function <lambda> at 0x7fa496287a90>,<function <lambda> at 0x7fa496287b30>
27701,2023-02-28 04:00:00,<function <lambda> at 0x7fa4962879f0>,<function <lambda> at 0x7fa496287a90>,<function <lambda> at 0x7fa496287b30>
27702,2023-02-28 05:00:00,<function <lambda> at 0x7fa4962879f0>,<function <lambda> at 0x7fa496287a90>,<function <lambda> at 0x7fa496287b30>
27703,2023-02-28 06:00:00,<function <lambda> at 0x7fa4962879f0>,<function <lambda> at 0x7fa496287a90>,<function <lambda> at 0x7fa496287b30>
27704,2023-02-28 07:00:00,<function <lambda> at 0x7fa4962879f0>,<function <lambda> at 0x7fa496287a90>,<function <lambda> at 0x7fa496287b30>
27705,2023-02-28 08:00:00,<function <lambda> at 0x7fa4962879f0>,<function <lambda> at 0x7fa496287a90>,<function <lambda> at 0x7fa496287b30>
27706,2023-02-28 09:00:00,<function <lambda> at 0x7fa4962879f0>,<function <lambda> at 0x7fa496287a90>,<function <lambda> at 0x7fa496287b30>
27707,2023-02-28 10:00:00,<function <lambda> at 0x7fa4962879f0>,<function <lambda> at 0x7fa496287a90>,<function <lambda> at 0x7fa496287b30>
27708,2023-02-28 11:00:00,<function <lambda> at 0x7fa4962879f0>,<function <lambda> at 0x7fa496287a90>,<function <lambda> at 0x7fa496287b30>
27709,2023-02-28 12:00:00,<function <lambda> at 0x7fa4962879f0>,<function <lambda> at 0x7fa496287a90>,<function <lambda> at 0x7fa496287b30>
27710,2023-02-28 13:00:00,<function <lambda> at 0x7fa4962879f0>,<function <lambda> at 0x7fa496287a90>,<function <lambda> at 0x7fa496287b30>
27711,2023-02-28 14:00:00,<function <lambda> at 0x7fa4962879f0>,<function <lambda> at 0x7fa496287a90>,<function <lambda> at 0x7fa496287b30>
27712,2023-02-28 15:00:00,<function <lambda> at 0x7fa4962879f0>,<function <lambda> at 0x7fa496287a90>,<function <lambda> at 0x7fa496287b30>
27713,2023-02-28 16:00:00,<function <lambda> at 0x7fa4962879f0>,<function <lambda> at 0x7fa496287a90>,<function <lambda> at 0x7fa496287b30>
27714,2023-02-28 17:00:00,<function <lambda> at 0x7fa4962879f0>,<function <lambda> at 0x7fa496287a90>,<function <lambda> at 0x7fa496287b30>
27715,2023-02-28 18:00:00,<function <lambda> at 0x7fa4962879f0>,<function <lambda> at 0x7fa496287a90>,<function <lambda> at 0x7fa496287b30>
27716,2023-02-28 19:00:00,<function <lambda> at 0x7fa4962879f0>,<function <lambda> at 0x7fa496287a90>,<function <lambda> at 0x7fa496287b30>
27717,2023-02-28 20:00:00,<function <lambda> at 0x7fa4962879f0>,<function <lambda> at 0x7fa496287a90>,<function <lambda> at 0x7fa496287b30>
27718,2023-02-28 21:00:00,<function <lambda> at 0x7fa4962879f0>,<function <lambda> at 0x7fa496287a90>,<function <lambda> at 0x7fa496287b30>
27719,2023-02-28 22:00:00,<function <lambda> at 0x7fa4962879f0>,<function <lambda> at 0x7fa496287a90>,<function <lambda> at 0x7fa496287b30>
27720,2023-02-28 23:00:00,<function <lambda> at 0x7fa4962879f0>,<function <lambda> at 0x7fa496287a90>,<function <lambda> at 0x7fa496287b30>
27721,2023-03-01 00:00:00,<function <lambda> at 0x7fa4962879f0>,<function <lambda> at 0x7fa496287a90>,<function <lambda> at 0x7fa496287b30>
27722,2023-03-01 01:00:00,<function <lambda> at 0x7fa4962879f0>,<function <lambda> at 0x7fa496287a90>,<function <lambda> at 0x7fa496287b30>
27723,2023-03-01 02:00:00,<function <lambda> at 0x7fa4962879f0>,<function <lambda> at 0x7fa496287a90>,<function <lambda> at 0x7fa496287b30>
27724,2023-03-01 03:00:00,<function <lambda> at 0x7fa4962879f0>,<function <lambda> at 0x7fa496287a90>,<function <lambda> at 0x7fa496287b30>
27725,2023-03-01 04:00:00,<function <lambda> at 0x7fa4962879f0>,<function <lambda> at 0x7fa496287a90>,<function <lambda> at 0x7fa496287b30>
27726,2023-03-01 05:00:00,<function <lambda> at 0x7fa4962879f0>,<function <lambda> at 0x7fa496287a90>,<function <lambda> at 0x7fa496287b30>
27727,2023-03-01 06:00:00,<function <lambda> at 0x7fa4962879f0>,<function <lambda> at 0x7fa496287a90>,<function <lambda> at 0x7fa496287b30>
27728,2023-03-01 07:00:00,<function <lambda> at 0x7fa4962879f0>,<function <lambda> at 0x7fa496287a90>,<function <lambda> at 0x7fa496287b30>
27729,2023-03-01 08:00:00,<function <lambda> at 0x7fa4962879f0>,<function <lambda> at 0x7fa496287a90>,<function <lambda> at 0x7fa496287b30>
27730,2023-03-01 09:00:00,<function <lambda> at 0x7fa4962879f0>,<function <lambda> at 0x7fa496287a90>,<function <lambda> at 0x7fa496287b30>
27731,2023-03-01 10:00:00,<function <lambda> at 0x7fa4962879f0>,<function <lambda> at 0x7fa496287a90>,<function <lambda> at 0x7fa496287b30>
27732,2023-03-01 11:00:00,<function <lambda> at 0x7fa4962879f0>,<function <lambda> at 0x7fa496287a90>,<function <lambda> at 0x7fa496287b30>
27733,2023-03-01 12:00:00,<function <lambda> at 0x7fa4962879f0>,<function <lambda> at 0x7fa496287a90>,<function <lambda> at 0x7fa496287b30>
27734,2023-03-01 13:00:00,<function <lambda> at 0x7fa4962879f0>,<function <lambda> at 0x7fa496287a90>,<function <lambda> at 0x7fa496287b30>
27735,2023-03-01 14:00:00,<function <lambda> at 0x7fa4962879f0>,<function <lambda> at 0x7fa496287a90>,<function <lambda> at 0x7fa496287b30>
27736,2023-03-01 15:00:00,<function <lambda> at 0x7fa4962879f0>,<function <lambda> at 0x7fa496287a90>,<function <lambda> at 0x7fa496287b30>
27737,2023-03-01 16:00:00,<function <lambda> at 0x7fa4962879f0>,<function <lambda> at 0x7fa496287a90>,<function <lambda> at 0x7fa496287b30>
27738,2023-03-01 17:00:00,<function <lambda> at 0x7fa4962879f0>,<function <lambda> at 0x7fa496287a90>,<function <lambda> at 0x7fa496287b30>
27739,2023-03-01 18:00:00,<function <lambda> at 0x7fa4962879f0>,<function <lambda> at 0x7fa496287a90>,<function <lambda> at 0x7fa496287b30>
27740,2023-03-01 19:00:00,<function <lambda> at 0x7fa4962879f0>,<function <lambda> at 0x7fa496287a90>,<function <lambda> at 0x7fa496287b30>
27741,2023-03-01 20:00:00,<function <lambda> at 0x7fa4962879f0>,<function <lambda> at 0x7fa496287a90>,<function <lambda> at 0x7fa496287b30>
27742,2023-03-01 21:00:00,<function <lambda> at 0x7fa4962879f0>,<function <lambda> at 0x7fa496287a90>,<function <lambda> at 0x7fa496287b30>
27743,2023-03-01 22:00:00,<function <lambda> at 0x7fa4962879f0>,<function <lambda> at 0x7fa496287a90>,<function <lambda> at 0x7fa496287b30>
27744,2023-03-01 23:00:00,<function <lambda> at 0x7fa4962879f0>,<function <lambda> at 0x7fa496287a90>,<function <lambda> at 0x7fa496287b30>
27745,2023-03-02 00:00:00,<function <lambda> at 0x7fa4962879f0>,<function <lambda> at 0x7fa496287a90>,<function <lambda> at 0x7fa496287b30>
27746,2023-03-02 01:00:00,<function <lambda> at 0x7fa4962879f0>,<function <lambda> at 0x7fa496287a90>,<function <lambda> at 0x7fa496287b30>
27747,2023-03-02 02:00:00,<function <lambda> at 0x7fa4962879f0>,<function <lambda> at 0x7fa496287a90>,<function <lambda> at 0x7fa496287b30>
27748,2023-03-02 03:00:00,<function <lambda> at 0x7fa4962879f0>,<function <lambda> at 0x7fa496287a90>,<function <lambda> at 0x7fa496287b30>
27749,2023-03-02 04:00:00,<function <lambda> at 0x7fa4962879f0>,<function <lambda> at 0x7fa496287a90>,<function <lambda> at 0x7fa496287b30>
27750,2023-03-02 05:00:00,<function <lambda> at 0x7fa4962879f0>,<function <lambda> at 0x7fa496287a90>,<function <lambda> at 0x7fa496287b30>
27751,2023-03-02 06:00:00,<function <lambda> at 0x7fa4962879f0>,<function <lambda> at 0x7fa496287a90>,<function <lambda> at 0x7fa496287b30>
27752,2023-03-02 07:00:00,<function <lambda> at 0x7fa4962879f0>,<function <lambda> at 0x7fa496287a90>,<function <lambda> at 0x7fa496287b30>
27753,2023-03-02 08:00:00,<function <lambda> at 0x7fa4962879f0>,<function <lambda> at 0x7fa496287a90>,<function <lambda> at 0x7fa496287b30>
27754,2023-03-02 09:00:00,<function <lambda> at 0x7fa4962879f0>,<function <lambda> at 0x7fa496287a90>,<function <lambda> at 0x7fa496287b30>
27755,2023-03-02 10:00:00,<function <lambda> at 0x7fa4962879f0>,<function <lambda> at 0x7fa496287a90>,<function <lambda> at 0x7fa496287b30>
27756,2023-03-02 11:00:00,<function <lambda> at 0x7fa4962879f0>,<function <lambda> at 0x7fa496287a90>,<function <lambda> at 0x7fa496287b30>
27757,2023-03-02 12:00:00,<function <lambda> at 0x7fa4962879f0>,<function <lambda> at 0x7fa496287a90>,<function <lambda> at 0x7fa496287b30>
27758,2023-03-02 13:00:00,<function <lambda> at 0x7fa4962879f0>,<function <lambda> at 0x7fa496287a90>,<function <lambda> at 0x7fa496287b30>
27759,2023-03-02 14:00:00,<function <lambda> at 0x7fa4962879f0>,<function <lambda> at 0x7fa496287a90>,<function <lambda> at 0x7fa496287b30>
27760,2023-03-02 15:00:00,<function <lambda> at 0x7fa4962879f0>,<function <lambda> at 0x7fa496287a90>,<function <lambda> at 0x7fa496287b30>
27761,2023-03-02 16:00:00,<function <lambda> at 0x7fa4962879f0>,<function <lambda> at 0x7fa496287a90>,<function <lambda> at 0x7fa496287b30>
27762,2023-03-02 17:00:00,<function <lambda> at 0x7fa4962879f0>,<function <lambda> at 0x7fa496287a90>,<function <lambda> at 0x7fa496287b30>
27763,2023-03-02 18:00:00,<function <lambda> at 0x7fa4962879f0>,<function <lambda> at 0x7fa496287a90>,<function <lambda> at 0x7fa496287b30>
27764,2023-03-02 19:00:00,<function <lambda> at 0x7fa4962879f0>,<function <lambda> at 0x7fa496287a90>,<function <lambda> at 0x7fa496287b30>
27765,2023-03-02 20:00:00,<function <lambda> at 0x7fa4962879f0>,<function <lambda> at 0x7fa496287a90>,<function <lambda> at 0x7fa496287b30>
27766,2023-03-02 21:00:00,<function <lambda> at 0x7fa4962879f0>,<function <lambda> at 0x7fa496287a90>,<function <lambda> at 0x7fa496287b30>
27767,2023-03-02 22:00:00,<function <lambda> at 0x7fa4962879f0>,<function <lambda> at 0x7fa496287a90>,<function <lambda> at 0x7fa496287b30>
27768,2023-03-02 23:00:00,<function <lambda> at 0x7fa4962879f0>,<function <lambda> at 0x7fa496287a90>,<function <lambda> at 0x7fa496287b30>
27769,2023-03-03 00:00:00,<function <lambda> at 0x7fa4962879f0>,<function <lambda> at 0x7fa496287a90>,<function <lambda> at 0x7fa496287b30>
27770,2023-03-03 01:00:00,<function <lambda> at 0x7fa4962879f0>,<function <lambda> at 0x7fa496287a90>,<function <lambda> at 0x7fa496287b30>
27771,2023-03-03 02:00:00,<function <lambda> at 0x7fa4962879f0>,<function <lambda> at 0x7fa496287a90>,<function <lambda> at 0x7fa496287b30>
27772,2023-03-03 03:00:00,<function <lambda> at 0x7fa4962879f0>,<function <lambda> at 0x7fa496287a90>,<function <lambda> at 0x7fa496287b30>
27773,2023-03-03 04:00:00,<function <lambda> at 0x7fa4962879f0>,<function <lambda> at 0x7fa496287a90>,<function <lambda> at 0x7fa496287b30>
27774,2023-03-03 05:00:00,<function <lambda> at 0x7fa4962879f0>,<function <lambda> at 0x7fa496287a90>,<function <lambda> at 0x7fa496287b30>
27775,2023-03-03 06:00:00,<function <lambda> at 0x7fa4962879f0>,<function <lambda> at 0x7fa496287a90>,<function <lambda> at 0x7fa496287b30>
27776,2023-03-03 07:00:00,<function <lambda> at 0x7fa4962879f0>,<function <lambda> at 0x7fa496287a90>,<function <lambda> at 0x7fa496287b30>
27777,2023-03-03 08:00:00,<function <lambda> at 0x7fa4962879f0>,<function <lambda> at 0x7fa496287a90>,<function <lambda> at 0x7fa496287b30>
27778,2023-03-03 09:00:00,<function <lambda> at 0x7fa4962879f0>,<function <lambda> at 0x7fa496287a90>,<function <lambda> at 0x7fa496287b30>
27779,2023-03-03 10:00:00,<function <lambda> at 0x7fa4962879f0>,<function <lambda> at 0x7fa496287a90>,<function <lambda> at 0x7fa496287b30>
27780,2023-03-03 11:00:00,<function <lambda> at 0x7fa4962879f0>,<function <lambda> at 0x7fa496287a90>,<function <lambda> at 0x7fa496287b30>
27781,2023-03-03 12:00:00,<function <lambda> at 0x7fa4962879f0>,<function <lambda> at 0x7fa496287a90>,<function <lambda> at 0x7fa496287b30>
27782,2023-03-03 13:00:00,<function <lambda> at 0x7fa4962879f0>,<function <lambda> at 0x7fa496287a90>,<function <lambda> at 0x7fa496287b30>
27783,2023-03-03 14:00:00,<function <lambda> at 0x7fa4962879f0>,<function <lambda> at 0x7fa496287a90>,<function <lambda> at 0x7fa496287b30>
27784,2023-03-03 15:00:00,<function <lambda> at 0x7fa4962879f0>,<function <lambda> at 0x7fa496287a90>,<function <lambda> at 0x7fa496287b30>
27785,2023-03-03 16:00:00,<function <lambda> at 0x7fa4962879f0>,<function <lambda> at 0x7fa496287a90>,<function <lambda> at 0x7fa496287b30>
27786,2023-03-03 17:00:00,<function <lambda> at 0x7fa4962879f0>,<function <lambda> at 0x7fa496287a90>,<function <lambda> at 0x7fa496287b30>
27787,2023-03-03 18:00:00,<function <lambda> at 0x7fa4962879f0>,<function <lambda> at 0x7fa496287a90>,<function <lambda> at 0x7fa496287b30>
27788,2023-03-03 19:00:00,<function <lambda> at 0x7fa4962879f0>,<function <lambda> at 0x7fa496287a90>,<function <lambda> at 0x7fa496287b30>
27789,2023-03-03 20:00:00,<function <lambda> at 0x7fa4962879f0>,<function <lambda> at 0x7fa496287a90>,<function <lambda> at 0x7fa496287b30>
27790,2023-03-03 21:00:00,<function <lambda> at 0x7fa4962879f0>,<function <lambda> at 0x7fa496287a90>,<function <lambda> at 0x7fa496287b30>
27791,2023-03-03 22:00:00,<function <lambda> at 0x7fa4962879f0>,<function <lambda> at 0x7fa496287a90>,<function <lambda> at 0x7fa496287b30>
27792,2023-03-03 23:00:00,<function <lambda> at 0x7fa4962879f0>,<function <lambda> at 0x7fa496287a90>,<function <lambda> at 0x7fa496287b30>
27793,2023-03-04 00:00:00,<function <lambda> at 0x7fa4962879f0>,<function <lambda> at 0x7fa496287a90>,<function <lambda> at 0x7fa496287b30>
27794,2023-03-04 01:00:00,<function <lambda> at 0x7fa4962879f0>,<function <lambda> at 0x7fa496287a90>,<function <lambda> at 0x7fa496287b30>
27795,2023-03-04 02:00:00,<function <lambda> at 0x7fa4962879f0>,<function <lambda> at 0x7fa496287a90>,<function <lambda> at 0x7fa496287b30>
27796,2023-03-04 03:00:00,<function <lambda> at 0x7fa4962879f0>,<function <lambda> at 0x7fa496287a90>,<function <lambda> at 0x7fa496287b30>
27797,2023-03-04 04:00:00,<function <lambda> at 0x7fa4962879f0>,<function <lambda> at 0x7fa496287a90>,<function <lambda> at 0x7fa496287b30>
27798,2023-03-04 05:00:00,<function <lambda> at 0x7fa4962879f0>,<function <lambda> at 0x7fa496287a90>,<function <lambda> at 0x7fa496287b30>
27799,2023-03-04 06:00:00,<function <lambda> at 0x7fa4962879f0>,<function <lambda> at 0x7fa496287a90>,<function <lambda> at 0x7fa496287b30>
27800,2023-03-04 07:00:00,<function <lambda> at 0x7fa4962879f0>,<function <lambda> at 0x7fa496287a90>,<function <lambda> at 0x7fa496287b30>
27801,2023-03-04 08:00:00,<function <lambda> at 0x7fa4962879f0>,<function <lambda> at 0x7fa496287a90>,<function <lambda> at 0x7fa496287b30>
27802,2023-03-04 09:00:00,<function <lambda> at 0x7fa4962879f0>,<function <lambda> at 0x7fa496287a90>,<function <lambda> at 0x7fa496287b30>
27803,2023-03-04 10:00:00,<function <lambda> at 0x7fa4962879f0>,<function <lambda> at 0x7fa496287a90>,<function <lambda> at 0x7fa496287b30>
27804,2023-03-04 11:00:00,<function <lambda> at 0x7fa4962879f0>,<function <lambda> at 0x7fa496287a90>,<function <lambda> at 0x7fa496287b30>
27805,2023-03-04 12:00:00,<function <lambda> at 0x7fa4962879f0>,<function <lambda> at 0x7fa496287a90>,<function <lambda> at 0x7fa496287b30>
27806,2023-03-04 13:00:00,<function <lambda> at 0x7fa4962879f0>,<function <lambda> at 0x7fa496287a90>,<function <lambda> at 0x7fa496287b30>
27807,2023-03-04 14:00:00,<function <lambda> at 0x7fa4962879f0>,<function <lambda> at 0x7fa496287a90>,<function <lambda> at 0x7fa496287b30>
27808,2023-03-04 15:00:00,<function <lambda> at 0x7fa4962879f0>,<function <lambda> at 0x7fa496287a90>,<function <lambda> at 0x7fa496287b30>
27809,2023-03-04 16:00:00,<function <lambda> at 0x7fa4962879f0>,<function <lambda> at 0x7fa496287a90>,<function <lambda> at 0x7fa496287b30>
27810,2023-03-04 17:00:00,<function <lambda> at 0x7fa4962879f0>,<function <lambda> at 0x7fa496287a90>,<function <lambda> at 0x7fa496287b30>
27811,2023-03-04 18:00:00,<function <lambda> at 0x7fa4962879f0>,<function <lambda> at 0x7fa496287a90>,<function <lambda> at 0x7fa496287b30>
27812,2023-03-04 19:00:00,<function <lambda> at 0x7fa4962879f0>,<function <lambda> at 0x7fa496287a90>,<function <lambda> at 0x7fa496287b30>
27813,2023-03-04 20:00:00,<function <lambda> at 0x7fa4962879f0>,<function <lambda> at 0x7fa496287a90>,<function <lambda> at 0x7fa496287b30>
27814,2023-03-04 21:00:00,<function <lambda> at 0x7fa4962879f0>,<function <lambda> at 0x7fa496287a90>,<function <lambda> at 0x7fa496287b30>
27815,2023-03-04 22:00:00,<function <lambda> at 0x7fa4962879f0>,<function <lambda> at 0x7fa496287a90>,<function <lambda> at 0x7fa496287b30>
27816,2023-03-04 23:00:00,<function <lambda> at 0x7fa4962879f0>,<function <lambda> at 0x7fa496287a90>,<function <lambda> at 0x7fa496287b30>
27817,2023-03-05 00:00:00,<function <lambda> at 0x7fa4962879f0>,<function <lambda> at 0x7fa496287a90>,<function <lambda> at 0x7fa496287b30>
27818,2023-03-05 01:00:00,<function <lambda> at 0x7fa4962879f0>,<function <lambda> at 0x7fa496287a90>,<function <lambda> at 0x7fa496287b30>
27819,2023-03-05 02:00:00,<function <lambda> at 0x7fa4962879f0>,<function <lambda> at 0x7fa496287a90>,<function <lambda> at 0x7fa496287b30>
27820,2023-03-05 03:00:00,<function <lambda> at 0x7fa4962879f0>,<function <lambda> at 0x7fa496287a90>,<function <lambda> at 0x7fa496287b30>
27821,2023-03-05 04:00:00,<function <lambda> at 0x7fa4962879f0>,<function <lambda> at 0x7fa496287a90>,<function <lambda> at 0x7fa496287b30>
27822,2023-03-05 05:00:00,<function <lambda> at 0x7fa4962879f0>,<function <lambda> at 0x7fa496287a90>,<function <lambda> at 0x7fa496287b30>
27823,2023-03-05 06:00:00,<function <lambda> at 0x7fa4962879f0>,<function <lambda> at 0x7fa496287a90>,<function <lambda> at 0x7fa496287b30>
27824,2023-03-05 07:00:00,<function <lambda> at 0x7fa4962879f0>,<function <lambda> at 0x7fa496287a90>,<function <lambda> at 0x7fa496287b30>
27825,2023-03-05 08:00:00,<function <lambda> at 0x7fa4962879f0>,<function <lambda> at 0x7fa496287a90>,<function <lambda> at 0x7fa496287b30>
27826,2023-03-05 09:00:00,<function <lambda> at 0x7fa4962879f0>,<function <lambda> at 0x7fa496287a90>,<function <lambda> at 0x7fa496287b30>
27827,2023-03-05 10:00:00,<function <lambda> at 0x7fa4962879f0>,<function <lambda> at 0x7fa496287a90>,<function <lambda> at 0x7fa496287b30>
27828,2023-03-05 11:00:00,<function <lambda> at 0x7fa4962879f0>,<function <lambda> at 0x7fa496287a90>,<function <lambda> at 0x7fa496287b30>
27829,2023-03-05 12:00:00,<function <lambda> at 0x7fa4962879f0>,<function <lambda> at 0x7fa496287a90>,<function <lambda> at 0x7fa496287b30>
27830,2023-03-05 13:00:00,<function <lambda> at 0x7fa4962879f0>,<function <lambda> at 0x7fa496287a90>,<function <lambda> at 0x7fa496287b30>
27831,2023-03-05 14:00:00,<function <lambda> at 0x7fa4962879f0>,<function <lambda> at 0x7fa496287a90>,<function <lambda> at 0x7fa496287b30>
27832,2023-03-05 15:00:00,<function <lambda> at 0x7fa4962879f0>,<function <lambda> at 0x7fa496287a90>,<function <lambda> at 0x7fa496287b30>
27833,2023-03-05 16:00:00,<function <lambda> at 0x7fa4962879f0>,<function <lambda> at 0x7fa496287a90>,<function <lambda> at 0x7fa496287b30>
27834,2023-03-05 17:00:00,<function <lambda> at 0x7fa4962879f0>,<function <lambda> at 0x7fa496287a90>,<function <lambda> at 0x7fa496287b30>
27835,2023-03-05 18:00:00,<function <lambda> at 0x7fa4962879f0>,<function <lambda> at 0x7fa496287a90>,<function <lambda> at 0x7fa496287b30>
27836,2023-03-05 19:00:00,<function <lambda> at 0x7fa4962879f0>,<function <lambda> at 0x7fa496287a90>,<function <lambda> at 0x7fa496287b30>
27837,2023-03-05 20:00:00,<function <lambda> at 0x7fa4962879f0>,<function <lambda> at 0x7fa496287a90>,<function <lambda> at 0x7fa496287b30>
27838,2023-03-05 21:00:00,<function <lambda> at 0x7fa4962879f0>,<function <lambda> at 0x7fa496287a90>,<function <lambda> at 0x7fa496287b30>
27839,2023-03-05 22:00:00,<function <lambda> at 0x7fa4962879f0>,<function <lambda> at 0x7fa496287a90>,<function <lambda> at 0x7fa496287b30>
27840,2023-03-05 23:00:00,<function <lambda> at 0x7fa4962879f0>,<function <lambda> at 0x7fa496287a90>,<function <lambda> at 0x7fa496287b30>
27841,2023-03-06 00:00:00,<function <lambda> at 0x7fa4962879f0>,<function <lambda> at 0x7fa496287a90>,<function <lambda> at 0x7fa496287b30>
27842,2023-03-06 01:00:00,<function <lambda> at 0x7fa4962879f0>,<function <lambda> at 0x7fa496287a90>,<function <lambda> at 0x7fa496287b30>
27843,2023-03-06 02:00:00,<function <lambda> at 0x7fa4962879f0>,<function <lambda> at 0x7fa496287a90>,<function <lambda> at 0x7fa496287b30>
27844,2023-03-06 03:00:00,<function <lambda> at 0x7fa4962879f0>,<function <lambda> at 0x7fa496287a90>,<function <lambda> at 0x7fa496287b30>
27845,2023-03-06 04:00:00,<function <lambda> at 0x7fa4962879f0>,<function <lambda> at 0x7fa496287a90>,<function <lambda> at 0x7fa496287b30>
27846,2023-03-06 05:00:00,<function <lambda> at 0x7fa4962879f0>,<function <lambda> at 0x7fa496287a90>,<function <lambda> at 0x7fa496287b30>
27847,2023-03-06 06:00:00,<function <lambda> at 0x7fa4962879f0>,<function <lambda> at 0x7fa496287a90>,<function <lambda> at 0x7fa496287b30>
27848,2023-03-06 07:00:00,<function <lambda> at 0x7fa4962879f0>,<function <lambda> at 0x7fa496287a90>,<function <lambda> at 0x7fa496287b30>
27849,2023-03-06 08:00:00,<function <lambda> at 0x7fa4962879f0>,<function <lambda> at 0x7fa496287a90>,<function <lambda> at 0x7fa496287b30>
27850,2023-03-06 09:00:00,<function <lambda> at 0x7fa4962879f0>,<function <lambda> at 0x7fa496287a90>,<function <lambda> at 0x7fa496287b30>
27851,2023-03-06 10:00:00,<function <lambda> at 0x7fa4962879f0>,<function <lambda> at 0x7fa496287a90>,<function <lambda> at 0x7fa496287b30>
27852,2023-03-06 11:00:00,<function <lambda> at 0x7fa4962879f0>,<function <lambda> at 0x7fa496287a90>,<function <lambda> at 0x7fa496287b30>
27853,2023-03-06 12:00:00,<function <lambda> at 0x7fa4962879f0>,<function <lambda> at 0x7fa496287a90>,<function <lambda> at 0x7fa496287b30>
27854,2023-03-06 13:00:00,<function <lambda> at 0x7fa4962879f0>,<function <lambda> at 0x7fa496287a90>,<function <lambda> at 0x7fa496287b30>
27855,2023-03-06 14:00:00,<function <lambda> at 0x7fa4962879f0>,<function <lambda> at 0x7fa496287a90>,<function <lambda> at 0x7fa496287b30>
27856,2023-03-06 15:00:00,<function <lambda> at 0x7fa4962879f0>,<function <lambda> at 0x7fa496287a90>,<function <lambda> at 0x7fa496287b30>
27857,2023-03-06 16:00:00,<function <lambda> at 0x7fa4962879f0>,<function <lambda> at 0x7fa496287a90>,<function <lambda> at 0x7fa496287b30>
27858,2023-03-06 17:00:00,<function <lambda> at 0x7fa4962879f0>,<function <lambda> at 0x7fa496287a90>,<function <lambda> at 0x7fa496287b30>
27859,2023-03-06 18:00:00,<function <lambda> at 0x7fa4962879f0>,<function <lambda> at 0x7fa496287a90>,<function <lambda> at 0x7fa496287b30>
27860,2023-03-06 19:00:00,<function <lambda> at 0x7fa4962879f0>,<function <lambda> at 0x7fa496287a90>,<function <lambda> at 0x7fa496287b30>
27861,2023-03-06 20:00:00,<function <lambda> at 0x7fa4962879f0>,<function <lambda> at 0x7fa496287a90>,<function <lambda> at 0x7fa496287b30>
27862,2023-03-06 21:00:00,<function <lambda> at 0x7fa4962879f0>,<function <lambda> at 0x7fa496287a90>,<function <lambda> at 0x7fa496287b30>
27863,2023-03-06 22:00:00,<function <lambda> at 0x7fa4962879f0>,<function <lambda> at 0x7fa496287a90>,<function <lambda> at 0x7fa496287b30>
27864,2023-03-06 23:00:00,<function <lambda> at 0x7fa4962879f0>,<function <lambda> at 0x7fa496287a90>,<function <lambda> at 0x7fa496287b30>
27865,2023-03-07 00:00:00,<function <lambda> at 0x7fa4962879f0>,<function <lambda> at 0x7fa496287a90>,<function <lambda> at 0x7fa496287b30>
27866,2023-03-07 01:00:00,<function <lambda> at 0x7fa4962879f0>,<function <lambda> at 0x7fa496287a90>,<function <lambda> at 0x7fa496287b30>
27867,2023-03-07 02:00:00,<function <lambda> at 0x7fa4962879f0>,<function <lambda> at 0x7fa496287a90>,<function <lambda> at 0x7fa496287b30>
27868,2023-03-07 03:00:00,<function <lambda> at 0x7fa4962879f0>,<function <lambda> at 0x7fa496287a90>,<function <lambda> at 0x7fa496287b30>
27869,2023-03-07 04:00:00,<function <lambda> at 0x7fa4962879f0>,<function <lambda> at 0x7fa496287a90>,<function <lambda> at 0x7fa496287b30>
27870,2023-03-07 05:00:00,<function <lambda> at 0x7fa4962879f0>,<function <lambda> at 0x7fa496287a90>,<function <lambda> at 0x7fa496287b30>
27871,2023-03-07 06:00:00,<function <lambda> at 0x7fa4962879f0>,<function <lambda> at 0x7fa496287a90>,<function <lambda> at 0x7fa496287b30>
27872,2023-03-07 07:00:00,<function <lambda> at 0x7fa4962879f0>,<function <lambda> at 0x7fa496287a90>,<function <lambda> at 0x7fa496287b30>
27873,2023-03-07 08:00:00,<function <lambda> at 0x7fa4962879f0>,<function <lambda> at 0x7fa496287a90>,<function <lambda> at 0x7fa496287b30>
27874,2023-03-07 09:00:00,<function <lambda> at 0x7fa4962879f0>,<function <lambda> at 0x7fa496287a90>,<function <lambda> at 0x7fa496287b30>
27875,2023-03-07 10:00:00,<function <lambda> at 0x7fa4962879f0>,<function <lambda> at 0x7fa496287a90>,<function <lambda> at 0x7fa496287b30>
27876,2023-03-07 11:00:00,<function <lambda> at 0x7fa4962879f0>,<function <lambda> at 0x7fa496287a90>,<function <lambda> at 0x7fa496287b30>
27877,2023-03-07 12:00:00,<function <lambda> at 0x7fa4962879f0>,<function <lambda> at 0x7fa496287a90>,<function <lambda> at 0x7fa496287b30>
27878,2023-03-07 13:00:00,<function <lambda> at 0x7fa4962879f0>,<function <lambda> at 0x7fa496287a90>,<function <lambda> at 0x7fa496287b30>
27879,2023-03-07 14:00:00,<function <lambda> at 0x7fa4962879f0>,<function <lambda> at 0x7fa496287a90>,<function <lambda> at 0x7fa496287b30>
27880,2023-03-07 15:00:00,<function <lambda> at 0x7fa4962879f0>,<function <lambda> at 0x7fa496287a90>,<function <lambda> at 0x7fa496287b30>
27881,2023-03-07 16:00:00,<function <lambda> at 0x7fa4962879f0>,<function <lambda> at 0x7fa496287a90>,<function <lambda> at 0x7fa496287b30>
27882,2023-03-07 17:00:00,<function <lambda> at 0x7fa4962879f0>,<function <lambda> at 0x7fa496287a90>,<function <lambda> at 0x7fa496287b30>
27883,2023-03-07 18:00:00,<function <lambda> at 0x7fa4962879f0>,<function <lambda> at 0x7fa496287a90>,<function <lambda> at 0x7fa496287b30>
27884,2023-03-07 19:00:00,<function <lambda> at 0x7fa4962879f0>,<function <lambda> at 0x7fa496287a90>,<function <lambda> at 0x7fa496287b30>
27885,2023-03-07 20:00:00,<function <lambda> at 0x7fa4962879f0>,<function <lambda> at 0x7fa496287a90>,<function <lambda> at 0x7fa496287b30>
27886,2023-03-07 21:00:00,<function <lambda> at 0x7fa4962879f0>,<function <lambda> at 0x7fa496287a90>,<function <lambda> at 0x7fa496287b30>
27887,2023-03-07 22:00:00,<function <lambda> at 0x7fa4962879f0>,<function <lambda> at 0x7fa496287a90>,<function <lambda> at 0x7fa496287b30>
27888,2023-03-07 23:00:00,<function <lambda> at 0x7fa4962879f0>,<function <lambda> at 0x7fa496287a90>,<function <lambda> at 0x7fa496287b30>
27889,2023-03-08 00:00:00,<function <lambda> at 0x7fa4962879f0>,<function <lambda> at 0x7fa496287a90>,<function <lambda> at 0x7fa496287b30>
27890,2023-03-08 01:00:00,<function <lambda> at 0x7fa4962879f0>,<function <lambda> at 0x7fa496287a90>,<function <lambda> at 0x7fa496287b30>
27891,2023-03-08 02:00:00,<function <lambda> at 0x7fa4962879f0>,<function <lambda> at 0x7fa496287a90>,<function <lambda> at 0x7fa496287b30>
27892,2023-03-08 03:00:00,<function <lambda> at 0x7fa4962879f0>,<function <lambda> at 0x7fa496287a90>,<function <lambda> at 0x7fa496287b30>
27893,2023-03-08 04:00:00,<function <lambda> at 0x7fa4962879f0>,<function <lambda> at 0x7fa496287a90>,<function <lambda> at 0x7fa496287b30>
27894,2023-03-08 05:00:00,<function <lambda> at 0x7fa4962879f0>,<function <lambda> at 0x7fa496287a90>,<function <lambda> at 0x7fa496287b30>
27895,2023-03-08 06:00:00,<function <lambda> at 0x7fa4962879f0>,<function <lambda> at 0x7fa496287a90>,<function <lambda> at 0x7fa496287b30>
27896,2023-03-08 07:00:00,<function <lambda> at 0x7fa4962879f0>,<function <lambda> at 0x7fa496287a90>,<function <lambda> at 0x7fa496287b30>
27897,2023-03-08 08:00:00,<function <lambda> at 0x7fa4962879f0>,<function <lambda> at 0x7fa496287a90>,<function <lambda> at 0x7fa496287b30>
27898,2023-03-08 09:00:00,<function <lambda> at 0x7fa4962879f0>,<function <lambda> at 0x7fa496287a90>,<function <lambda> at 0x7fa496287b30>
27899,2023-03-08 10:00:00,<function <lambda> at 0x7fa4962879f0>,<function <lambda> at 0x7fa496287a90>,<function <lambda> at 0x7fa496287b30>
27900,2023-03-08 11:00:00,<function <lambda> at 0x7fa4962879f0>,<function <lambda> at 0x7fa496287a90>,<function <lambda> at 0x7fa496287b30>
27901,2023-03-08 12:00:00,<function <lambda> at 0x7fa4962879f0>,<function <lambda> at 0x7fa496287a90>,<function <lambda> at 0x7fa496287b30>
27902,2023-03-08 13:00:00,<function <lambda> at 0x7fa4962879f0>,<function <lambda> at 0x7fa496287a90>,<function <lambda> at 0x7fa496287b30>
27903,2023-03-08 14:00:00,<function <lambda> at 0x7fa4962879f0>,<function <lambda> at 0x7fa496287a90>,<function <lambda> at 0x7fa496287b30>
27904,2023-03-08 15:00:00,<function <lambda> at 0x7fa4962879f0>,<function <lambda> at 0x7fa496287a90>,<function <lambda> at 0x7fa496287b30>
27905,2023-03-08 16:00:00,<function <lambda> at 0x7fa4962879f0>,<function <lambda> at 0x7fa496287a90>,<function <lambda> at 0x7fa496287b30>
27906,2023-03-08 17:00:00,<function <lambda> at 0x7fa4962879f0>,<function <lambda> at 0x7fa496287a90>,<function <lambda> at 0x7fa496287b30>
27907,2023-03-08 18:00:00,<function <lambda> at 0x7fa4962879f0>,<function <lambda> at 0x7fa496287a90>,<function <lambda> at 0x7fa496287b30>
27908,2023-03-08 19:00:00,<function <lambda> at 0x7fa4962879f0>,<function <lambda> at 0x7fa496287a90>,<function <lambda> at 0x7fa496287b30>
27909,2023-03-08 20:00:00,<function <lambda> at 0x7fa4962879f0>,<function <lambda> at 0x7fa496287a90>,<function <lambda> at 0x7fa496287b30>
27910,2023-03-08 21:00:00,<function <lambda> at 0x7fa4962879f0>,<function <lambda> at 0x7fa496287a90>,<function <lambda> at 0x7fa496287b30>
27911,2023-03-08 22:00:00,<function <lambda> at 0x7fa4962879f0>,<function <lambda> at 0x7fa496287a90>,<function <lambda> at 0x7fa496287b30>
27912,2023-03-08 23:00:00,<function <lambda> at 0x7fa4962879f0>,<function <lambda> at 0x7fa496287a90>,<function <lambda> at 0x7fa496287b30>
27913,2023-03-09 00:00:00,<function <lambda> at 0x7fa4962879f0>,<function <lambda> at 0x7fa496287a90>,<function <lambda> at 0x7fa496287b30>
27914,2023-03-09 01:00:00,<function <lambda> at 0x7fa4962879f0>,<function <lambda> at 0x7fa496287a90>,<function <lambda> at 0x7fa496287b30>
27915,2023-03-09 02:00:00,<function <lambda> at 0x7fa4962879f0>,<function <lambda> at 0x7fa496287a90>,<function <lambda> at 0x7fa496287b30>
27916,2023-03-09 03:00:00,<function <lambda> at 0x7fa4962879f0>,<function <lambda> at 0x7fa496287a90>,<function <lambda> at 0x7fa496287b30>
27917,2023-03-09 04:00:00,<function <lambda> at 0x7fa4962879f0>,<function <lambda> at 0x7fa496287a90>,<function <lambda> at 0x7fa496287b30>
27918,2023-03-09 05:00:00,<function <lambda> at 0x7fa4962879f0>,<function <lambda> at 0x7fa496287a90>,<function <lambda> at 0x7fa496287b30>
27919,2023-03-09 06:00:00,<function <lambda> at 0x7fa4962879f0>,<function <lambda> at 0x7fa496287a90>,<function <lambda> at 0x7fa496287b30>
27920,2023-03-09 07:00:00,<function <lambda> at 0x7fa4962879f0>,<function <lambda> at 0x7fa496287a90>,<function <lambda> at 0x7fa496287b30>
27921,2023-03-09 08:00:00,<function <lambda> at 0x7fa4962879f0>,<function <lambda> at 0x7fa496287a90>,<function <lambda> at 0x7fa496287b30>
27922,2023-03-09 09:00:00,<function <lambda> at 0x7fa4962879f0>,<function <lambda> at 0x7fa496287a90>,<function <lambda> at 0x7fa496287b30>
27923,2023-03-09 10:00:00,<function <lambda> at 0x7fa4962879f0>,<function <lambda> at 0x7fa496287a90>,<function <lambda> at 0x7fa496287b30>
27924,2023-03-09 11:00:00,<function <lambda> at 0x7fa4962879f0>,<function <lambda> at 0x7fa496287a90>,<function <lambda> at 0x7fa496287b30>
27925,2023-03-09 12:00:00,<function <lambda> at 0x7fa4962879f0>,<function <lambda> at 0x7fa496287a90>,<function <lambda> at 0x7fa496287b30>
27926,2023-03-09 13:00:00,<function <lambda> at 0x7fa4962879f0>,<function <lambda> at 0x7fa496287a90>,<function <lambda> at 0x7fa496287b30>
27927,2023-03-09 14:00:00,<function <lambda> at 0x7fa4962879f0>,<function <lambda> at 0x7fa496287a90>,<function <lambda> at 0x7fa496287b30>
27928,2023-03-09 15:00:00,<function <lambda> at 0x7fa4962879f0>,<function <lambda> at 0x7fa496287a90>,<function <lambda> at 0x7fa496287b30>
27929,2023-03-09 16:00:00,<function <lambda> at 0x7fa4962879f0>,<function <lambda> at 0x7fa496287a90>,<function <lambda> at 0x7fa496287b30>
27930,2023-03-09 17:00:00,<function <lambda> at 0x7fa4962879f0>,<function <lambda> at 0x7fa496287a90>,<function <lambda> at 0x7fa496287b30>
27931,2023-03-09 18:00:00,<function <lambda> at 0x7fa4962879f0>,<function <lambda> at 0x7fa496287a90>,<function <lambda> at 0x7fa496287b30>
27932,2023-03-09 19:00:00,<function <lambda> at 0x7fa4962879f0>,<function <lambda> at 0x7fa496287a90>,<function <lambda> at 0x7fa496287b30>
27933,2023-03-09 20:00:00,<function <lambda> at 0x7fa4962879f0>,<function <lambda> at 0x7fa496287a90>,<function <lambda> at 0x7fa496287b30>
27934,2023-03-09 21:00:00,<function <lambda> at 0x7fa4962879f0>,<function <lambda> at 0x7fa496287a90>,<function <lambda> at 0x7fa496287b30>
27935,2023-03-09 22:00:00,<function <lambda> at 0x7fa4962879f0>,<function <lambda> at 0x7fa496287a90>,<function <lambda> at 0x7fa496287b30>
27936,2023-03-09 23:00:00,<function <lambda> at 0x7fa4962879f0>,<function <lambda> at 0x7fa496287a90>,<function <lambda> at 0x7fa496287b30>
27937,2023-03-10 00:00:00,<function <lambda> at 0x7fa4962879f0>,<function <lambda> at 0x7fa496287a90>,<function <lambda> at 0x7fa496287b30>
27938,2023-03-10 01:00:00,<function <lambda> at 0x7fa4962879f0>,<function <lambda> at 0x7fa496287a90>,<function <lambda> at 0x7fa496287b30>
27939,2023-03-10 02:00:00,<function <lambda> at 0x7fa4962879f0>,<function <lambda> at 0x7fa496287a90>,<function <lambda> at 0x7fa496287b30>
27940,2023-03-10 03:00:00,<function <lambda> at 0x7fa4962879f0>,<function <lambda> at 0x7fa496287a90>,<function <lambda> at 0x7fa496287b30>
27941,2023-03-10 04:00:00,<function <lambda> at 0x7fa4962879f0>,<function <lambda> at 0x7fa496287a90>,<function <lambda> at 0x7fa496287b30>
27942,2023-03-10 05:00:00,<function <lambda> at 0x7fa4962879f0>,<function <lambda> at 0x7fa496287a90>,<function <lambda> at 0x7fa496287b30>
27943,2023-03-10 06:00:00,<function <lambda> at 0x7fa4962879f0>,<function <lambda> at 0x7fa496287a90>,<function <lambda> at 0x7fa496287b30>
27944,2023-03-10 07:00:00,<function <lambda> at 0x7fa4962879f0>,<function <lambda> at 0x7fa496287a90>,<function <lambda> at 0x7fa496287b30>
27945,2023-03-10 08:00:00,<function <lambda> at 0x7fa4962879f0>,<function <lambda> at 0x7fa496287a90>,<function <lambda> at 0x7fa496287b30>
27946,2023-03-10 09:00:00,<function <lambda> at 0x7fa4962879f0>,<function <lambda> at 0x7fa496287a90>,<function <lambda> at 0x7fa496287b30>
27947,2023-03-10 10:00:00,<function <lambda> at 0x7fa4962879f0>,<function <lambda> at 0x7fa496287a90>,<function <lambda> at 0x7fa496287b30>
27948,2023-03-10 11:00:00,<function <lambda> at 0x7fa4962879f0>,<function <lambda> at 0x7fa496287a90>,<function <lambda> at 0x7fa496287b30>
27949,2023-03-10 12:00:00,<function <lambda> at 0x7fa4962879f0>,<function <lambda> at 0x7fa496287a90>,<function <lambda> at 0x7fa496287b30>
27950,2023-03-10 13:00:00,<function <lambda> at 0x7fa4962879f0>,<function <lambda> at 0x7fa496287a90>,<function <lambda> at 0x7fa496287b30>
27951,2023-03-10 14:00:00,<function <lambda> at 0x7fa4962879f0>,<function <lambda> at 0x7fa496287a90>,<function <lambda> at 0x7fa496287b30>
27952,2023-03-10 15:00:00,<function <lambda> at 0x7fa4962879f0>,<function <lambda> at 0x7fa496287a90>,<function <lambda> at 0x7fa496287b30>
27953,2023-03-10 16:00:00,<function <lambda> at 0x7fa4962879f0>,<function <lambda> at 0x7fa496287a90>,<function <lambda> at 0x7fa496287b30>
27954,2023-03-10 17:00:00,<function <lambda> at 0x7fa4962879f0>,<function <lambda> at 0x7fa496287a90>,<function <lambda> at 0x7fa496287b30>
27955,2023-03-10 18:00:00,<function <lambda> at 0x7fa4962879f0>,<function <lambda> at 0x7fa496287a90>,<function <lambda> at 0x7fa496287b30>
27956,2023-03-10 19:00:00,<function <lambda> at 0x7fa4962879f0>,<function <lambda> at 0x7fa496287a90>,<function <lambda> at 0x7fa496287b30>
27957,2023-03-10 20:00:00,<function <lambda> at 0x7fa4962879f0>,<function <lambda> at 0x7fa496287a90>,<function <lambda> at 0x7fa496287b30>
27958,2023-03-10 21:00:00,<function <lambda> at 0x7fa4962879f0>,<function <lambda> at 0x7fa496287a90>,<function <lambda> at 0x7fa496287b30>
27959,2023-03-10 22:00:00,<function <lambda> at 0x7fa4962879f0>,<function <lambda> at 0x7fa496287a90>,<function <lambda> at 0x7fa496287b30>
27960,2023-03-10 23:00:00,<function <lambda> at 0x7fa4962879f0>,<function <lambda> at 0x7fa496287a90>,<function <lambda> at 0x7fa496287b30>
27961,2023-03-11 00:00:00,<function <lambda> at 0x7fa4962879f0>,<function <lambda> at 0x7fa496287a90>,<function <lambda> at 0x7fa496287b30>
27962,2023-03-11 01:00:00,<function <lambda> at 0x7fa4962879f0>,<function <lambda> at 0x7fa496287a90>,<function <lambda> at 0x7fa496287b30>
27963,2023-03-11 02:00:00,<function <lambda> at 0x7fa4962879f0>,<function <lambda> at 0x7fa496287a90>,<function <lambda> at 0x7fa496287b30>
27964,2023-03-11 03:00:00,<function <lambda> at 0x7fa4962879f0>,<function <lambda> at 0x7fa496287a90>,<function <lambda> at 0x7fa496287b30>
27965,2023-03-11 04:00:00,<function <lambda> at 0x7fa4962879f0>,<function <lambda> at 0x7fa496287a90>,<function <lambda> at 0x7fa496287b30>
27966,2023-03-11 05:00:00,<function <lambda> at 0x7fa4962879f0>,<function <lambda> at 0x7fa496287a90>,<function <lambda> at 0x7fa496287b30>
27967,2023-03-11 06:00:00,<function <lambda> at 0x7fa4962879f0>,<function <lambda> at 0x7fa496287a90>,<function <lambda> at 0x7fa496287b30>
27968,2023-03-11 07:00:00,<function <lambda> at 0x7fa4962879f0>,<function <lambda> at 0x7fa496287a90>,<function <lambda> at 0x7fa496287b30>
27969,2023-03-11 08:00:00,<function <lambda> at 0x7fa4962879f0>,<function <lambda> at 0x7fa496287a90>,<function <lambda> at 0x7fa496287b30>
27970,2023-03-11 09:00:00,<function <lambda> at 0x7fa4962879f0>,<function <lambda> at 0x7fa496287a90>,<function <lambda> at 0x7fa496287b30>
27971,2023-03-11 10:00:00,<function <lambda> at 0x7fa4962879f0>,<function <lambda> at 0x7fa496287a90>,<function <lambda> at 0x7fa496287b30>
27972,2023-03-11 11:00:00,<function <lambda> at 0x7fa4962879f0>,<function <lambda> at 0x7fa496287a90>,<function <lambda> at 0x7fa496287b30>
27973,2023-03-11 12:00:00,<function <lambda> at 0x7fa4962879f0>,<function <lambda> at 0x7fa496287a90>,<function <lambda> at 0x7fa496287b30>
27974,2023-03-11 13:00:00,<function <lambda> at 0x7fa4962879f0>,<function <lambda> at 0x7fa496287a90>,<function <lambda> at 0x7fa496287b30>
27975,2023-03-11 14:00:00,<function <lambda> at 0x7fa4962879f0>,<function <lambda> at 0x7fa496287a90>,<function <lambda> at 0x7fa496287b30>
27976,2023-03-11 15:00:00,<function <lambda> at 0x7fa4962879f0>,<function <lambda> at 0x7fa496287a90>,<function <lambda> at 0x7fa496287b30>
27977,2023-03-11 16:00:00,<function <lambda> at 0x7fa4962879f0>,<function <lambda> at 0x7fa496287a90>,<function <lambda> at 0x7fa496287b30>
27978,2023-03-11 17:00:00,<function <lambda> at 0x7fa4962879f0>,<function <lambda> at 0x7fa496287a90>,<function <lambda> at 0x7fa496287b30>
27979,2023-03-11 18:00:00,<function <lambda> at 0x7fa4962879f0>,<function <lambda> at 0x7fa496287a90>,<function <lambda> at 0x7fa496287b30>
27980,2023-03-11 19:00:00,<function <lambda> at 0x7fa4962879f0>,<function <lambda> at 0x7fa496287a90>,<function <lambda> at 0x7fa496287b30>
27981,2023-03-11 20:00:00,<function <lambda> at 0x7fa4962879f0>,<function <lambda> at 0x7fa496287a90>,<function <lambda> at 0x7fa496287b30>
27982,2023-03-11 21:00:00,<function <lambda> at 0x7fa4962879f0>,<function <lambda> at 0x7fa496287a90>,<function <lambda> at 0x7fa496287b30>
27983,2023-03-11 22:00:00,<function <lambda> at 0x7fa4962879f0>,<function <lambda> at 0x7fa496287a90>,<function <lambda> at 0x7fa496287b30>
27984,2023-03-11 23:00:00,<function <lambda> at 0x7fa4962879f0>,<function <lambda> at 0x7fa496287a90>,<function <lambda> at 0x7fa496287b30>
27985,2023-03-12 00:00:00,<function <lambda> at 0x7fa4962879f0>,<function <lambda> at 0x7fa496287a90>,<function <lambda> at 0x7fa496287b30>
27986,2023-03-12 01:00:00,<function <lambda> at 0x7fa4962879f0>,<function <lambda> at 0x7fa496287a90>,<function <lambda> at 0x7fa496287b30>
27987,2023-03-12 02:00:00,<function <lambda> at 0x7fa4962879f0>,<function <lambda> at 0x7fa496287a90>,<function <lambda> at 0x7fa496287b30>
27988,2023-03-12 03:00:00,<function <lambda> at 0x7fa4962879f0>,<function <lambda> at 0x7fa496287a90>,<function <lambda> at 0x7fa496287b30>
27989,2023-03-12 04:00:00,<function <lambda> at 0x7fa4962879f0>,<function <lambda> at 0x7fa496287a90>,<function <lambda> at 0x7fa496287b30>
27990,2023-03-12 05:00:00,<function <lambda> at 0x7fa4962879f0>,<function <lambda> at 0x7fa496287a90>,<function <lambda> at 0x7fa496287b30>
27991,2023-03-12 06:00:00,<function <lambda> at 0x7fa4962879f0>,<function <lambda> at 0x7fa496287a90>,<function <lambda> at 0x7fa496287b30>
27992,2023-03-12 07:00:00,<function <lambda> at 0x7fa4962879f0>,<function <lambda> at 0x7fa496287a90>,<function <lambda> at 0x7fa496287b30>
27993,2023-03-12 08:00:00,<function <lambda> at 0x7fa4962879f0>,<function <lambda> at 0x7fa496287a90>,<function <lambda> at 0x7fa496287b30>
27994,2023-03-12 09:00:00,<function <lambda> at 0x7fa4962879f0>,<function <lambda> at 0x7fa496287a90>,<function <lambda> at 0x7fa496287b30>
27995,2023-03-12 10:00:00,<function <lambda> at 0x7fa4962879f0>,<function <lambda> at 0x7fa496287a90>,<function <lambda> at 0x7fa496287b30>
27996,2023-03-12 11:00:00,<function <lambda> at 0x7fa4962879f0>,<function <lambda> at 0x7fa496287a90>,<function <lambda> at 0x7fa496287b30>
27997,2023-03-12 12:00:00,<function <lambda> at 0x7fa4962879f0>,<function <lambda> at 0x7fa496287a90>,<function <lambda> at 0x7fa496287b30>
27998,2023-03-12 13:00:00,<function <lambda> at 0x7fa4962879f0>,<function <lambda> at 0x7fa496287a90>,<function <lambda> at 0x7fa496287b30>
27999,2023-03-12 14:00:00,<function <lambda> at 0x7fa4962879f0>,<function <lambda> at 0x7fa496287a90>,<function <lambda> at 0x7fa496287b30>
28000,2023-03-12 15:00:00,<function <lambda> at 0x7fa4962879f0>,<function <lambda> at 0x7fa496287a90>,<function <lambda> at 0x7fa496287b30>
28001,2023-03-12 16:00:00,<function <lambda> at 0x7fa4962879f0>,<function <lambda> at 0x7fa496287a90>,<function <lambda> at 0x7fa496287b30>
28002,2023-03-12 17:00:00,<function <lambda> at 0x7fa4962879f0>,<function <lambda> at 0x7fa496287a90>,<function <lambda> at 0x7fa496287b30>
28003,2023-03-12 18:00:00,<function <lambda> at 0x7fa4962879f0>,<function <lambda> at 0x7fa496287a90>,<function <lambda> at 0x7fa496287b30>
28004,2023-03-12 19:00:00,<function <lambda> at 0x7fa4962879f0>,<function <lambda> at 0x7fa496287a90>,<function <lambda> at 0x7fa496287b30>
28005,2023-03-12 20:00:00,<function <lambda> at 0x7fa4962879f0>,<function <lambda> at 0x7fa496287a90>,<function <lambda> at 0x7fa496287b30>
28006,2023-03-12 21:00:00,<function <lambda> at 0x7fa4962879f0>,<function <lambda> at 0x7fa496287a90>,<function <lambda> at 0x7fa496287b30>
28007,2023-03-12 22:00:00,<function <lambda> at 0x7fa4962879f0>,<function <lambda> at 0x7fa496287a90>,<function <lambda> at 0x7fa496287b30>
28008,2023-03-12 23:00:00,<function <lambda> at 0x7fa4962879f0>,<function <lambda> at 0x7fa496287a90>,<function <lambda> at 0x7fa496287b30>
28009,2023-03-13 00:00:00,<function <lambda> at 0x7fa4962879f0>,<function <lambda> at 0x7fa496287a90>,<function <lambda> at 0x7fa496287b30>
28010,2023-03-13 01:00:00,<function <lambda> at 0x7fa4962879f0>,<function <lambda> at 0x7fa496287a90>,<function <lambda> at 0x7fa496287b30>
28011,2023-03-13 02:00:00,<function <lambda> at 0x7fa4962879f0>,<function <lambda> at 0x7fa496287a90>,<function <lambda> at 0x7fa496287b30>
28012,2023-03-13 03:00:00,<function <lambda> at 0x7fa4962879f0>,<function <lambda> at 0x7fa496287a90>,<function <lambda> at 0x7fa496287b30>
28013,2023-03-13 04:00:00,<function <lambda> at 0x7fa4962879f0>,<function <lambda> at 0x7fa496287a90>,<function <lambda> at 0x7fa496287b30>
28014,2023-03-13 05:00:00,<function <lambda> at 0x7fa4962879f0>,<function <lambda> at 0x7fa496287a90>,<function <lambda> at 0x7fa496287b30>
28015,2023-03-13 06:00:00,<function <lambda> at 0x7fa4962879f0>,<function <lambda> at 0x7fa496287a90>,<function <lambda> at 0x7fa496287b30>
28016,2023-03-13 07:00:00,<function <lambda> at 0x7fa4962879f0>,<function <lambda> at 0x7fa496287a90>,<function <lambda> at 0x7fa496287b30>
28017,2023-03-13 08:00:00,<function <lambda> at 0x7fa4962879f0>,<function <lambda> at 0x7fa496287a90>,<function <lambda> at 0x7fa496287b30>
28018,2023-03-13 09:00:00,<function <lambda> at 0x7fa4962879f0>,<function <lambda> at 0x7fa496287a90>,<function <lambda> at 0x7fa496287b30>
28019,2023-03-13 10:00:00,<function <lambda> at 0x7fa4962879f0>,<function <lambda> at 0x7fa496287a90>,<function <lambda> at 0x7fa496287b30>
28020,2023-03-13 11:00:00,<function <lambda> at 0x7fa4962879f0>,<function <lambda> at 0x7fa496287a90>,<function <lambda> at 0x7fa496287b30>
28021,2023-03-13 12:00:00,<function <lambda> at 0x7fa4962879f0>,<function <lambda> at 0x7fa496287a90>,<function <lambda> at 0x7fa496287b30>
28022,2023-03-13 13:00:00,<function <lambda> at 0x7fa4962879f0>,<function <lambda> at 0x7fa496287a90>,<function <lambda> at 0x7fa496287b30>
28023,2023-03-13 14:00:00,<function <lambda> at 0x7fa4962879f0>,<function <lambda> at 0x7fa496287a90>,<function <lambda> at 0x7fa496287b30>
28024,2023-03-13 15:00:00,<function <lambda> at 0x7fa4962879f0>,<function <lambda> at 0x7fa496287a90>,<function <lambda> at 0x7fa496287b30>
28025,2023-03-13 16:00:00,<function <lambda> at 0x7fa4962879f0>,<function <lambda> at 0x7fa496287a90>,<function <lambda> at 0x7fa496287b30>
28026,2023-03-13 17:00:00,<function <lambda> at 0x7fa4962879f0>,<function <lambda> at 0x7fa496287a90>,<function <lambda> at 0x7fa496287b30>
28027,2023-03-13 18:00:00,<function <lambda> at 0x7fa4962879f0>,<function <lambda> at 0x7fa496287a90>,<function <lambda> at 0x7fa496287b30>
28028,2023-03-13 19:00:00,<function <lambda> at 0x7fa4962879f0>,<function <lambda> at 0x7fa496287a90>,<function <lambda> at 0x7fa496287b30>
28029,2023-03-13 20:00:00,<function <lambda> at 0x7fa4962879f0>,<function <lambda> at 0x7fa496287a90>,<function <lambda> at 0x7fa496287b30>
28030,2023-03-13 21:00:00,<function <lambda> at 0x7fa4962879f0>,<function <lambda> at 0x7fa496287a90>,<function <lambda> at 0x7fa496287b30>
28031,2023-03-13 22:00:00,<function <lambda> at 0x7fa4962879f0>,<function <lambda> at 0x7fa496287a90>,<function <lambda> at 0x7fa496287b30>
28032,2023-03-13 23:00:00,<function <lambda> at 0x7fa4962879f0>,<function <lambda> at 0x7fa496287a90>,<function <lambda> at 0x7fa496287b30>
28033,2023-03-14 00:00:00,<function <lambda> at 0x7fa4962879f0>,<function <lambda> at 0x7fa496287a90>,<function <lambda> at 0x7fa496287b30>
28034,2023-03-14 01:00:00,<function <lambda> at 0x7fa4962879f0>,<function <lambda> at 0x7fa496287a90>,<function <lambda> at 0x7fa496287b30>
28035,2023-03-14 02:00:00,<function <lambda> at 0x7fa4962879f0>,<function <lambda> at 0x7fa496287a90>,<function <lambda> at 0x7fa496287b30>
28036,2023-03-14 03:00:00,<function <lambda> at 0x7fa4962879f0>,<function <lambda> at 0x7fa496287a90>,<function <lambda> at 0x7fa496287b30>
28037,2023-03-14 04:00:00,<function <lambda> at 0x7fa4962879f0>,<function <lambda> at 0x7fa496287a90>,<function <lambda> at 0x7fa496287b30>
28038,2023-03-14 05:00:00,<function <lambda> at 0x7fa4962879f0>,<function <lambda> at 0x7fa496287a90>,<function <lambda> at 0x7fa496287b30>
28039,2023-03-14 06:00:00,<function <lambda> at 0x7fa4962879f0>,<function <lambda> at 0x7fa496287a90>,<function <lambda> at 0x7fa496287b30>
28040,2023-03-14 07:00:00,<function <lambda> at 0x7fa4962879f0>,<function <lambda> at 0x7fa496287a90>,<function <lambda> at 0x7fa496287b30>
28041,2023-03-14 08:00:00,<function <lambda> at 0x7fa4962879f0>,<function <lambda> at 0x7fa496287a90>,<function <lambda> at 0x7fa496287b30>
28042,2023-03-14 09:00:00,<function <lambda> at 0x7fa4962879f0>,<function <lambda> at 0x7fa496287a90>,<function <lambda> at 0x7fa496287b30>
28043,2023-03-14 10:00:00,<function <lambda> at 0x7fa4962879f0>,<function <lambda> at 0x7fa496287a90>,<function <lambda> at 0x7fa496287b30>
28044,2023-03-14 11:00:00,<function <lambda> at 0x7fa4962879f0>,<function <lambda> at 0x7fa496287a90>,<function <lambda> at 0x7fa496287b30>
28045,2023-03-14 12:00:00,<function <lambda> at 0x7fa4962879f0>,<function <lambda> at 0x7fa496287a90>,<function <lambda> at 0x7fa496287b30>
28046,2023-03-14 13:00:00,<function <lambda> at 0x7fa4962879f0>,<function <lambda> at 0x7fa496287a90>,<function <lambda> at 0x7fa496287b30>
28047,2023-03-14 14:00:00,<function <lambda> at 0x7fa4962879f0>,<function <lambda> at 0x7fa496287a90>,<function <lambda> at 0x7fa496287b30>
28048,2023-03-14 15:00:00,<function <lambda> at 0x7fa4962879f0>,<function <lambda> at 0x7fa496287a90>,<function <lambda> at 0x7fa496287b30>
28049,2023-03-14 16:00:00,<function <lambda> at 0x7fa4962879f0>,<function <lambda> at 0x7fa496287a90>,<function <lambda> at 0x7fa496287b30>
28050,2023-03-14 17:00:00,<function <lambda> at 0x7fa4962879f0>,<function <lambda> at 0x7fa496287a90>,<function <lambda> at 0x7fa496287b30>
28051,2023-03-14 18:00:00,<function <lambda> at 0x7fa4962879f0>,<function <lambda> at 0x7fa496287a90>,<function <lambda> at 0x7fa496287b30>
28052,2023-03-14 19:00:00,<function <lambda> at 0x7fa4962879f0>,<function <lambda> at 0x7fa496287a90>,<function <lambda> at 0x7fa496287b30>
28053,2023-03-14 20:00:00,<function <lambda> at 0x7fa4962879f0>,<function <lambda> at 0x7fa496287a90>,<function <lambda> at 0x7fa496287b30>
28054,2023-03-14 21:00:00,<function <lambda> at 0x7fa4962879f0>,<function <lambda> at 0x7fa496287a90>,<function <lambda> at 0x7fa496287b30>
28055,2023-03-14 22:00:00,<function <lambda> at 0x7fa4962879f0>,<function <lambda> at 0x7fa496287a90>,<function <lambda> at 0x7fa496287b30>
28056,2023-03-14 23:00:00,<function <lambda> at 0x7fa4962879f0>,<function <lambda> at 0x7fa496287a90>,<function <lambda> at 0x7fa496287b30>
28057,2023-03-15 00:00:00,<function <lambda> at 0x7fa4962879f0>,<function <lambda> at 0x7fa496287a90>,<function <lambda> at 0x7fa496287b30>
28058,2023-03-15 01:00:00,<function <lambda> at 0x7fa4962879f0>,<function <lambda> at 0x7fa496287a90>,<function <lambda> at 0x7fa496287b30>
28059,2023-03-15 02:00:00,<function <lambda> at 0x7fa4962879f0>,<function <lambda> at 0x7fa496287a90>,<function <lambda> at 0x7fa496287b30>
28060,2023-03-15 03:00:00,<function <lambda> at 0x7fa4962879f0>,<function <lambda> at 0x7fa496287a90>,<function <lambda> at 0x7fa496287b30>
28061,2023-03-15 04:00:00,<function <lambda> at 0x7fa4962879f0>,<function <lambda> at 0x7fa496287a90>,<function <lambda> at 0x7fa496287b30>
28062,2023-03-15 05:00:00,<function <lambda> at 0x7fa4962879f0>,<function <lambda> at 0x7fa496287a90>,<function <lambda> at 0x7fa496287b30>
28063,2023-03-15 06:00:00,<function <lambda> at 0x7fa4962879f0>,<function <lambda> at 0x7fa496287a90>,<function <lambda> at 0x7fa496287b30>
28064,2023-03-15 07:00:00,<function <lambda> at 0x7fa4962879f0>,<function <lambda> at 0x7fa496287a90>,<function <lambda> at 0x7fa496287b30>
28065,2023-03-15 08:00:00,<function <lambda> at 0x7fa4962879f0>,<function <lambda> at 0x7fa496287a90>,<function <lambda> at 0x7fa496287b30>
28066,2023-03-15 09:00:00,<function <lambda> at 0x7fa4962879f0>,<function <lambda> at 0x7fa496287a90>,<function <lambda> at 0x7fa496287b30>
28067,2023-03-15 10:00:00,<function <lambda> at 0x7fa4962879f0>,<function <lambda> at 0x7fa496287a90>,<function <lambda> at 0x7fa496287b30>
28068,2023-03-15 11:00:00,<function <lambda> at 0x7fa4962879f0>,<function <lambda> at 0x7fa496287a90>,<function <lambda> at 0x7fa496287b30>
28069,2023-03-15 12:00:00,<function <lambda> at 0x7fa4962879f0>,<function <lambda> at 0x7fa496287a90>,<function <lambda> at 0x7fa496287b30>
28070,2023-03-15 13:00:00,<function <lambda> at 0x7fa4962879f0>,<function <lambda> at 0x7fa496287a90>,<function <lambda> at 0x7fa496287b30>
28071,2023-03-15 14:00:00,<function <lambda> at 0x7fa4962879f0>,<function <lambda> at 0x7fa496287a90>,<function <lambda> at 0x7fa496287b30>
28072,2023-03-15 15:00:00,<function <lambda> at 0x7fa4962879f0>,<function <lambda> at 0x7fa496287a90>,<function <lambda> at 0x7fa496287b30>
28073,2023-03-15 16:00:00,<function <lambda> at 0x7fa4962879f0>,<function <lambda> at 0x7fa496287a90>,<function <lambda> at 0x7fa496287b30>
28074,2023-03-15 17:00:00,<function <lambda> at 0x7fa4962879f0>,<function <lambda> at 0x7fa496287a90>,<function <lambda> at 0x7fa496287b30>
28075,2023-03-15 18:00:00,<function <lambda> at 0x7fa4962879f0>,<function <lambda> at 0x7fa496287a90>,<function <lambda> at 0x7fa496287b30>
28076,2023-03-15 19:00:00,<function <lambda> at 0x7fa4962879f0>,<function <lambda> at 0x7fa496287a90>,<function <lambda> at 0x7fa496287b30>
28077,2023-03-15 20:00:00,<function <lambda> at 0x7fa4962879f0>,<function <lambda> at 0x7fa496287a90>,<function <lambda> at 0x7fa496287b30>
28078,2023-03-15 21:00:00,<function <lambda> at 0x7fa4962879f0>,<function <lambda> at 0x7fa496287a90>,<function <lambda> at 0x7fa496287b30>
28079,2023-03-15 22:00:00,<function <lambda> at 0x7fa4962879f0>,<function <lambda> at 0x7fa496287a90>,<function <lambda> at 0x7fa496287b30>
28080,2023-03-15 23:00:00,<function <lambda> at 0x7fa4962879f0>,<function <lambda> at 0x7fa496287a90>,<function <lambda> at 0x7fa496287b30>
28081,2023-03-16 00:00:00,<function <lambda> at 0x7fa4962879f0>,<function <lambda> at 0x7fa496287a90>,<function <lambda> at 0x7fa496287b30>
28082,2023-03-16 01:00:00,<function <lambda> at 0x7fa4962879f0>,<function <lambda> at 0x7fa496287a90>,<function <lambda> at 0x7fa496287b30>
28083,2023-03-16 02:00:00,<function <lambda> at 0x7fa4962879f0>,<function <lambda> at 0x7fa496287a90>,<function <lambda> at 0x7fa496287b30>
28084,2023-03-16 03:00:00,<function <lambda> at 0x7fa4962879f0>,<function <lambda> at 0x7fa496287a90>,<function <lambda> at 0x7fa496287b30>
28085,2023-03-16 04:00:00,<function <lambda> at 0x7fa4962879f0>,<function <lambda> at 0x7fa496287a90>,<function <lambda> at 0x7fa496287b30>
28086,2023-03-16 05:00:00,<function <lambda> at 0x7fa4962879f0>,<function <lambda> at 0x7fa496287a90>,<function <lambda> at 0x7fa496287b30>
28087,2023-03-16 06:00:00,<function <lambda> at 0x7fa4962879f0>,<function <lambda> at 0x7fa496287a90>,<function <lambda> at 0x7fa496287b30>
28088,2023-03-16 07:00:00,<function <lambda> at 0x7fa4962879f0>,<function <lambda> at 0x7fa496287a90>,<function <lambda> at 0x7fa496287b30>
28089,2023-03-16 08:00:00,<function <lambda> at 0x7fa4962879f0>,<function <lambda> at 0x7fa496287a90>,<function <lambda> at 0x7fa496287b30>
28090,2023-03-16 09:00:00,<function <lambda> at 0x7fa4962879f0>,<function <lambda> at 0x7fa496287a90>,<function <lambda> at 0x7fa496287b30>
28091,2023-03-16 10:00:00,<function <lambda> at 0x7fa4962879f0>,<function <lambda> at 0x7fa496287a90>,<function <lambda> at 0x7fa496287b30>
28092,2023-03-16 11:00:00,<function <lambda> at 0x7fa4962879f0>,<function <lambda> at 0x7fa496287a90>,<function <lambda> at 0x7fa496287b30>
28093,2023-03-16 12:00:00,<function <lambda> at 0x7fa4962879f0>,<function <lambda> at 0x7fa496287a90>,<function <lambda> at 0x7fa496287b30>
28094,2023-03-16 13:00:00,<function <lambda> at 0x7fa4962879f0>,<function <lambda> at 0x7fa496287a90>,<function <lambda> at 0x7fa496287b30>
28095,2023-03-16 14:00:00,<function <lambda> at 0x7fa4962879f0>,<function <lambda> at 0x7fa496287a90>,<function <lambda> at 0x7fa496287b30>
28096,2023-03-16 15:00:00,<function <lambda> at 0x7fa4962879f0>,<function <lambda> at 0x7fa496287a90>,<function <lambda> at 0x7fa496287b30>
28097,2023-03-16 16:00:00,<function <lambda> at 0x7fa4962879f0>,<function <lambda> at 0x7fa496287a90>,<function <lambda> at 0x7fa496287b30>
28098,2023-03-16 17:00:00,<function <lambda> at 0x7fa4962879f0>,<function <lambda> at 0x7fa496287a90>,<function <lambda> at 0x7fa496287b30>
28099,2023-03-16 18:00:00,<function <lambda> at 0x7fa4962879f0>,<function <lambda> at 0x7fa496287a90>,<function <lambda> at 0x7fa496287b30>
28100,2023-03-16 19:00:00,<function <lambda> at 0x7fa4962879f0>,<function <lambda> at 0x7fa496287a90>,<function <lambda> at 0x7fa496287b30>
28101,2023-03-16 20:00:00,<function <lambda> at 0x7fa4962879f0>,<function <lambda> at 0x7fa496287a90>,<function <lambda> at 0x7fa496287b30>
28102,2023-03-16 21:00:00,<function <lambda> at 0x7fa4962879f0>,<function <lambda> at 0x7fa496287a90>,<function <lambda> at 0x7fa496287b30>
28103,2023-03-16 22:00:00,<function <lambda> at 0x7fa4962879f0>,<function <lambda> at 0x7fa496287a90>,<function <lambda> at 0x7fa496287b30>
28104,2023-03-16 23:00:00,<function <lambda> at 0x7fa4962879f0>,<function <lambda> at 0x7fa496287a90>,<function <lambda> at 0x7fa496287b30>
28105,2023-03-17 00:00:00,<function <lambda> at 0x7fa4962879f0>,<function <lambda> at 0x7fa496287a90>,<function <lambda> at 0x7fa496287b30>
28106,2023-03-17 01:00:00,<function <lambda> at 0x7fa4962879f0>,<function <lambda> at 0x7fa496287a90>,<function <lambda> at 0x7fa496287b30>
28107,2023-03-17 02:00:00,<function <lambda> at 0x7fa4962879f0>,<function <lambda> at 0x7fa496287a90>,<function <lambda> at 0x7fa496287b30>
28108,2023-03-17 03:00:00,<function <lambda> at 0x7fa4962879f0>,<function <lambda> at 0x7fa496287a90>,<function <lambda> at 0x7fa496287b30>
28109,2023-03-17 04:00:00,<function <lambda> at 0x7fa4962879f0>,<function <lambda> at 0x7fa496287a90>,<function <lambda> at 0x7fa496287b30>
28110,2023-03-17 05:00:00,<function <lambda> at 0x7fa4962879f0>,<function <lambda> at 0x7fa496287a90>,<function <lambda> at 0x7fa496287b30>
28111,2023-03-17 06:00:00,<function <lambda> at 0x7fa4962879f0>,<function <lambda> at 0x7fa496287a90>,<function <lambda> at 0x7fa496287b30>
28112,2023-03-17 07:00:00,<function <lambda> at 0x7fa4962879f0>,<function <lambda> at 0x7fa496287a90>,<function <lambda> at 0x7fa496287b30>
28113,2023-03-17 08:00:00,<function <lambda> at 0x7fa4962879f0>,<function <lambda> at 0x7fa496287a90>,<function <lambda> at 0x7fa496287b30>
28114,2023-03-17 09:00:00,<function <lambda> at 0x7fa4962879f0>,<function <lambda> at 0x7fa496287a90>,<function <lambda> at 0x7fa496287b30>
28115,2023-03-17 10:00:00,<function <lambda> at 0x7fa4962879f0>,<function <lambda> at 0x7fa496287a90>,<function <lambda> at 0x7fa496287b30>
28116,2023-03-17 11:00:00,<function <lambda> at 0x7fa4962879f0>,<function <lambda> at 0x7fa496287a90>,<function <lambda> at 0x7fa496287b30>
28117,2023-03-17 12:00:00,<function <lambda> at 0x7fa4962879f0>,<function <lambda> at 0x7fa496287a90>,<function <lambda> at 0x7fa496287b30>
28118,2023-03-17 13:00:00,<function <lambda> at 0x7fa4962879f0>,<function <lambda> at 0x7fa496287a90>,<function <lambda> at 0x7fa496287b30>
28119,2023-03-17 14:00:00,<function <lambda> at 0x7fa4962879f0>,<function <lambda> at 0x7fa496287a90>,<function <lambda> at 0x7fa496287b30>
28120,2023-03-17 15:00:00,<function <lambda> at 0x7fa4962879f0>,<function <lambda> at 0x7fa496287a90>,<function <lambda> at 0x7fa496287b30>
28121,2023-03-17 16:00:00,<function <lambda> at 0x7fa4962879f0>,<function <lambda> at 0x7fa496287a90>,<function <lambda> at 0x7fa496287b30>
28122,2023-03-17 17:00:00,<function <lambda> at 0x7fa4962879f0>,<function <lambda> at 0x7fa496287a90>,<function <lambda> at 0x7fa496287b30>
28123,2023-03-17 18:00:00,<function <lambda> at 0x7fa4962879f0>,<function <lambda> at 0x7fa496287a90>,<function <lambda> at 0x7fa496287b30>
28124,2023-03-17 19:00:00,<function <lambda> at 0x7fa4962879f0>,<function <lambda> at 0x7fa496287a90>,<function <lambda> at 0x7fa496287b30>
28125,2023-03-17 20:00:00,<function <lambda> at 0x7fa4962879f0>,<function <lambda> at 0x7fa496287a90>,<function <lambda> at 0x7fa496287b30>
28126,2023-03-17 21:00:00,<function <lambda> at 0x7fa4962879f0>,<function <lambda> at 0x7fa496287a90>,<function <lambda> at 0x7fa496287b30>
28127,2023-03-17 22:00:00,<function <lambda> at 0x7fa4962879f0>,<function <lambda> at 0x7fa496287a90>,<function <lambda> at 0x7fa496287b30>
28128,2023-03-17 23:00:00,<function <lambda> at 0x7fa4962879f0>,<function <lambda> at 0x7fa496287a90>,<function <lambda> at 0x7fa496287b30>
28129,2023-03-18 00:00:00,<function <lambda> at 0x7fa4962879f0>,<function <lambda> at 0x7fa496287a90>,<function <lambda> at 0x7fa496287b30>
28130,2023-03-18 01:00:00,<function <lambda> at 0x7fa4962879f0>,<function <lambda> at 0x7fa496287a90>,<function <lambda> at 0x7fa496287b30>
28131,2023-03-18 02:00:00,<function <lambda> at 0x7fa4962879f0>,<function <lambda> at 0x7fa496287a90>,<function <lambda> at 0x7fa496287b30>
28132,2023-03-18 03:00:00,<function <lambda> at 0x7fa4962879f0>,<function <lambda> at 0x7fa496287a90>,<function <lambda> at 0x7fa496287b30>
28133,2023-03-18 04:00:00,<function <lambda> at 0x7fa4962879f0>,<function <lambda> at 0x7fa496287a90>,<function <lambda> at 0x7fa496287b30>
28134,2023-03-18 05:00:00,<function <lambda> at 0x7fa4962879f0>,<function <lambda> at 0x7fa496287a90>,<function <lambda> at 0x7fa496287b30>
28135,2023-03-18 06:00:00,<function <lambda> at 0x7fa4962879f0>,<function <lambda> at 0x7fa496287a90>,<function <lambda> at 0x7fa496287b30>
28136,2023-03-18 07:00:00,<function <lambda> at 0x7fa4962879f0>,<function <lambda> at 0x7fa496287a90>,<function <lambda> at 0x7fa496287b30>
28137,2023-03-18 08:00:00,<function <lambda> at 0x7fa4962879f0>,<function <lambda> at 0x7fa496287a90>,<function <lambda> at 0x7fa496287b30>
28138,2023-03-18 09:00:00,<function <lambda> at 0x7fa4962879f0>,<function <lambda> at 0x7fa496287a90>,<function <lambda> at 0x7fa496287b30>
28139,2023-03-18 10:00:00,<function <lambda> at 0x7fa4962879f0>,<function <lambda> at 0x7fa496287a90>,<function <lambda> at 0x7fa496287b30>
28140,2023-03-18 11:00:00,<function <lambda> at 0x7fa4962879f0>,<function <lambda> at 0x7fa496287a90>,<function <lambda> at 0x7fa496287b30>
28141,2023-03-18 12:00:00,<function <lambda> at 0x7fa4962879f0>,<function <lambda> at 0x7fa496287a90>,<function <lambda> at 0x7fa496287b30>
28142,2023-03-18 13:00:00,<function <lambda> at 0x7fa4962879f0>,<function <lambda> at 0x7fa496287a90>,<function <lambda> at 0x7fa496287b30>
28143,2023-03-18 14:00:00,<function <lambda> at 0x7fa4962879f0>,<function <lambda> at 0x7fa496287a90>,<function <lambda> at 0x7fa496287b30>
28144,2023-03-18 15:00:00,<function <lambda> at 0x7fa4962879f0>,<function <lambda> at 0x7fa496287a90>,<function <lambda> at 0x7fa496287b30>
28145,2023-03-18 16:00:00,<function <lambda> at 0x7fa4962879f0>,<function <lambda> at 0x7fa496287a90>,<function <lambda> at 0x7fa496287b30>
28146,2023-03-18 17:00:00,<function <lambda> at 0x7fa4962879f0>,<function <lambda> at 0x7fa496287a90>,<function <lambda> at 0x7fa496287b30>
28147,2023-03-18 18:00:00,<function <lambda> at 0x7fa4962879f0>,<function <lambda> at 0x7fa496287a90>,<function <lambda> at 0x7fa496287b30>
28148,2023-03-18 19:00:00,<function <lambda> at 0x7fa4962879f0>,<function <lambda> at 0x7fa496287a90>,<function <lambda> at 0x7fa496287b30>
28149,2023-03-18 20:00:00,<function <lambda> at 0x7fa4962879f0>,<function <lambda> at 0x7fa496287a90>,<function <lambda> at 0x7fa496287b30>
28150,2023-03-18 21:00:00,<function <lambda> at 0x7fa4962879f0>,<function <lambda> at 0x7fa496287a90>,<function <lambda> at 0x7fa496287b30>
28151,2023-03-18 22:00:00,<function <lambda> at 0x7fa4962879f0>,<function <lambda> at 0x7fa496287a90>,<function <lambda> at 0x7fa496287b30>
28152,2023-03-18 23:00:00,<function <lambda> at 0x7fa4962879f0>,<function <lambda> at 0x7fa496287a90>,<function <lambda> at 0x7fa496287b30>
28153,2023-03-19 00:00:00,<function <lambda> at 0x7fa4962879f0>,<function <lambda> at 0x7fa496287a90>,<function <lambda> at 0x7fa496287b30>
28154,2023-03-19 01:00:00,<function <lambda> at 0x7fa4962879f0>,<function <lambda> at 0x7fa496287a90>,<function <lambda> at 0x7fa496287b30>
28155,2023-03-19 02:00:00,<function <lambda> at 0x7fa4962879f0>,<function <lambda> at 0x7fa496287a90>,<function <lambda> at 0x7fa496287b30>
28156,2023-03-19 03:00:00,<function <lambda> at 0x7fa4962879f0>,<function <lambda> at 0x7fa496287a90>,<function <lambda> at 0x7fa496287b30>
28157,2023-03-19 04:00:00,<function <lambda> at 0x7fa4962879f0>,<function <lambda> at 0x7fa496287a90>,<function <lambda> at 0x7fa496287b30>
28158,2023-03-19 05:00:00,<function <lambda> at 0x7fa4962879f0>,<function <lambda> at 0x7fa496287a90>,<function <lambda> at 0x7fa496287b30>
28159,2023-03-19 06:00:00,<function <lambda> at 0x7fa4962879f0>,<function <lambda> at 0x7fa496287a90>,<function <lambda> at 0x7fa496287b30>
28160,2023-03-19 07:00:00,<function <lambda> at 0x7fa4962879f0>,<function <lambda> at 0x7fa496287a90>,<function <lambda> at 0x7fa496287b30>
28161,2023-03-19 08:00:00,<function <lambda> at 0x7fa4962879f0>,<function <lambda> at 0x7fa496287a90>,<function <lambda> at 0x7fa496287b30>
28162,2023-03-19 09:00:00,<function <lambda> at 0x7fa4962879f0>,<function <lambda> at 0x7fa496287a90>,<function <lambda> at 0x7fa496287b30>
28163,2023-03-19 10:00:00,<function <lambda> at 0x7fa4962879f0>,<function <lambda> at 0x7fa496287a90>,<function <lambda> at 0x7fa496287b30>
28164,2023-03-19 11:00:00,<function <lambda> at 0x7fa4962879f0>,<function <lambda> at 0x7fa496287a90>,<function <lambda> at 0x7fa496287b30>
28165,2023-03-19 12:00:00,<function <lambda> at 0x7fa4962879f0>,<function <lambda> at 0x7fa496287a90>,<function <lambda> at 0x7fa496287b30>
28166,2023-03-19 13:00:00,<function <lambda> at 0x7fa4962879f0>,<function <lambda> at 0x7fa496287a90>,<function <lambda> at 0x7fa496287b30>
28167,2023-03-19 14:00:00,<function <lambda> at 0x7fa4962879f0>,<function <lambda> at 0x7fa496287a90>,<function <lambda> at 0x7fa496287b30>
28168,2023-03-19 15:00:00,<function <lambda> at 0x7fa4962879f0>,<function <lambda> at 0x7fa496287a90>,<function <lambda> at 0x7fa496287b30>
28169,2023-03-19 16:00:00,<function <lambda> at 0x7fa4962879f0>,<function <lambda> at 0x7fa496287a90>,<function <lambda> at 0x7fa496287b30>
28170,2023-03-19 17:00:00,<function <lambda> at 0x7fa4962879f0>,<function <lambda> at 0x7fa496287a90>,<function <lambda> at 0x7fa496287b30>
28171,2023-03-19 18:00:00,<function <lambda> at 0x7fa4962879f0>,<function <lambda> at 0x7fa496287a90>,<function <lambda> at 0x7fa496287b30>
28172,2023-03-19 19:00:00,<function <lambda> at 0x7fa4962879f0>,<function <lambda> at 0x7fa496287a90>,<function <lambda> at 0x7fa496287b30>
28173,2023-03-19 20:00:00,<function <lambda> at 0x7fa4962879f0>,<function <lambda> at 0x7fa496287a90>,<function <lambda> at 0x7fa496287b30>
28174,2023-03-19 21:00:00,<function <lambda> at 0x7fa4962879f0>,<function <lambda> at 0x7fa496287a90>,<function <lambda> at 0x7fa496287b30>
28175,2023-03-19 22:00:00,<function <lambda> at 0x7fa4962879f0>,<function <lambda> at 0x7fa496287a90>,<function <lambda> at 0x7fa496287b30>
28176,2023-03-19 23:00:00,<function <lambda> at 0x7fa4962879f0>,<function <lambda> at 0x7fa496287a90>,<function <lambda> at 0x7fa496287b30>
28177,2023-03-20 00:00:00,<function <lambda> at 0x7fa4962879f0>,<function <lambda> at 0x7fa496287a90>,<function <lambda> at 0x7fa496287b30>
28178,2023-03-20 01:00:00,<function <lambda> at 0x7fa4962879f0>,<function <lambda> at 0x7fa496287a90>,<function <lambda> at 0x7fa496287b30>
28179,2023-03-20 02:00:00,<function <lambda> at 0x7fa4962879f0>,<function <lambda> at 0x7fa496287a90>,<function <lambda> at 0x7fa496287b30>
28180,2023-03-20 03:00:00,<function <lambda> at 0x7fa4962879f0>,<function <lambda> at 0x7fa496287a90>,<function <lambda> at 0x7fa496287b30>
28181,2023-03-20 04:00:00,<function <lambda> at 0x7fa4962879f0>,<function <lambda> at 0x7fa496287a90>,<function <lambda> at 0x7fa496287b30>
28182,2023-03-20 05:00:00,<function <lambda> at 0x7fa4962879f0>,<function <lambda> at 0x7fa496287a90>,<function <lambda> at 0x7fa496287b30>
28183,2023-03-20 06:00:00,<function <lambda> at 0x7fa4962879f0>,<function <lambda> at 0x7fa496287a90>,<function <lambda> at 0x7fa496287b30>
28184,2023-03-20 07:00:00,<function <lambda> at 0x7fa4962879f0>,<function <lambda> at 0x7fa496287a90>,<function <lambda> at 0x7fa496287b30>
28185,2023-03-20 08:00:00,<function <lambda> at 0x7fa4962879f0>,<function <lambda> at 0x7fa496287a90>,<function <lambda> at 0x7fa496287b30>
28186,2023-03-20 09:00:00,<function <lambda> at 0x7fa4962879f0>,<function <lambda> at 0x7fa496287a90>,<function <lambda> at 0x7fa496287b30>
28187,2023-03-20 10:00:00,<function <lambda> at 0x7fa4962879f0>,<function <lambda> at 0x7fa496287a90>,<function <lambda> at 0x7fa496287b30>
28188,2023-03-20 11:00:00,<function <lambda> at 0x7fa4962879f0>,<function <lambda> at 0x7fa496287a90>,<function <lambda> at 0x7fa496287b30>
28189,2023-03-20 12:00:00,<function <lambda> at 0x7fa4962879f0>,<function <lambda> at 0x7fa496287a90>,<function <lambda> at 0x7fa496287b30>
28190,2023-03-20 13:00:00,<function <lambda> at 0x7fa4962879f0>,<function <lambda> at 0x7fa496287a90>,<function <lambda> at 0x7fa496287b30>
28191,2023-03-20 14:00:00,<function <lambda> at 0x7fa4962879f0>,<function <lambda> at 0x7fa496287a90>,<function <lambda> at 0x7fa496287b30>
28192,2023-03-20 15:00:00,<function <lambda> at 0x7fa4962879f0>,<function <lambda> at 0x7fa496287a90>,<function <lambda> at 0x7fa496287b30>
28193,2023-03-20 16:00:00,<function <lambda> at 0x7fa4962879f0>,<function <lambda> at 0x7fa496287a90>,<function <lambda> at 0x7fa496287b30>
28194,2023-03-20 17:00:00,<function <lambda> at 0x7fa4962879f0>,<function <lambda> at 0x7fa496287a90>,<function <lambda> at 0x7fa496287b30>
28195,2023-03-20 18:00:00,<function <lambda> at 0x7fa4962879f0>,<function <lambda> at 0x7fa496287a90>,<function <lambda> at 0x7fa496287b30>
28196,2023-03-20 19:00:00,<function <lambda> at 0x7fa4962879f0>,<function <lambda> at 0x7fa496287a90>,<function <lambda> at 0x7fa496287b30>
28197,2023-03-20 20:00:00,<function <lambda> at 0x7fa4962879f0>,<function <lambda> at 0x7fa496287a90>,<function <lambda> at 0x7fa496287b30>
28198,2023-03-20 21:00:00,<function <lambda> at 0x7fa4962879f0>,<function <lambda> at 0x7fa496287a90>,<function <lambda> at 0x7fa496287b30>
28199,2023-03-20 22:00:00,<function <lambda> at 0x7fa4962879f0>,<function <lambda> at 0x7fa496287a90>,<function <lambda> at 0x7fa496287b30>
28200,2023-03-20 23:00:00,<function <lambda> at 0x7fa4962879f0>,<function <lambda> at 0x7fa496287a90>,<function <lambda> at 0x7fa496287b30>
28201,2023-03-21 00:00:00,<function <lambda> at 0x7fa4962879f0>,<function <lambda> at 0x7fa496287a90>,<function <lambda> at 0x7fa496287b30>
28202,2023-03-21 01:00:00,<function <lambda> at 0x7fa4962879f0>,<function <lambda> at 0x7fa496287a90>,<function <lambda> at 0x7fa496287b30>
28203,2023-03-21 02:00:00,<function <lambda> at 0x7fa4962879f0>,<function <lambda> at 0x7fa496287a90>,<function <lambda> at 0x7fa496287b30>
28204,2023-03-21 03:00:00,<function <lambda> at 0x7fa4962879f0>,<function <lambda> at 0x7fa496287a90>,<function <lambda> at 0x7fa496287b30>
28205,2023-03-21 04:00:00,<function <lambda> at 0x7fa4962879f0>,<function <lambda> at 0x7fa496287a90>,<function <lambda> at 0x7fa496287b30>
28206,2023-03-21 05:00:00,<function <lambda> at 0x7fa4962879f0>,<function <lambda> at 0x7fa496287a90>,<function <lambda> at 0x7fa496287b30>
28207,2023-03-21 06:00:00,<function <lambda> at 0x7fa4962879f0>,<function <lambda> at 0x7fa496287a90>,<function <lambda> at 0x7fa496287b30>
28208,2023-03-21 07:00:00,<function <lambda> at 0x7fa4962879f0>,<function <lambda> at 0x7fa496287a90>,<function <lambda> at 0x7fa496287b30>
28209,2023-03-21 08:00:00,<function <lambda> at 0x7fa4962879f0>,<function <lambda> at 0x7fa496287a90>,<function <lambda> at 0x7fa496287b30>
28210,2023-03-21 09:00:00,<function <lambda> at 0x7fa4962879f0>,<function <lambda> at 0x7fa496287a90>,<function <lambda> at 0x7fa496287b30>
28211,2023-03-21 10:00:00,<function <lambda> at 0x7fa4962879f0>,<function <lambda> at 0x7fa496287a90>,<function <lambda> at 0x7fa496287b30>
28212,2023-03-21 11:00:00,<function <lambda> at 0x7fa4962879f0>,<function <lambda> at 0x7fa496287a90>,<function <lambda> at 0x7fa496287b30>
28213,2023-03-21 12:00:00,<function <lambda> at 0x7fa4962879f0>,<function <lambda> at 0x7fa496287a90>,<function <lambda> at 0x7fa496287b30>
28214,2023-03-21 13:00:00,<function <lambda> at 0x7fa4962879f0>,<function <lambda> at 0x7fa496287a90>,<function <lambda> at 0x7fa496287b30>
28215,2023-03-21 14:00:00,<function <lambda> at 0x7fa4962879f0>,<function <lambda> at 0x7fa496287a90>,<function <lambda> at 0x7fa496287b30>
28216,2023-03-21 15:00:00,<function <lambda> at 0x7fa4962879f0>,<function <lambda> at 0x7fa496287a90>,<function <lambda> at 0x7fa496287b30>
28217,2023-03-21 16:00:00,<function <lambda> at 0x7fa4962879f0>,<function <lambda> at 0x7fa496287a90>,<function <lambda> at 0x7fa496287b30>
28218,2023-03-21 17:00:00,<function <lambda> at 0x7fa4962879f0>,<function <lambda> at 0x7fa496287a90>,<function <lambda> at 0x7fa496287b30>
28219,2023-03-21 18:00:00,<function <lambda> at 0x7fa4962879f0>,<function <lambda> at 0x7fa496287a90>,<function <lambda> at 0x7fa496287b30>
28220,2023-03-21 19:00:00,<function <lambda> at 0x7fa4962879f0>,<function <lambda> at 0x7fa496287a90>,<function <lambda> at 0x7fa496287b30>
28221,2023-03-21 20:00:00,<function <lambda> at 0x7fa4962879f0>,<function <lambda> at 0x7fa496287a90>,<function <lambda> at 0x7fa496287b30>
28222,2023-03-21 21:00:00,<function <lambda> at 0x7fa4962879f0>,<function <lambda> at 0x7fa496287a90>,<function <lambda> at 0x7fa496287b30>
28223,2023-03-21 22:00:00,<function <lambda> at 0x7fa4962879f0>,<function <lambda> at 0x7fa496287a90>,<function <lambda> at 0x7fa496287b30>
28224,2023-03-21 23:00:00,<function <lambda> at 0x7fa4962879f0>,<function <lambda> at 0x7fa496287a90>,<function <lambda> at 0x7fa496287b30>
28225,2023-03-22 00:00:00,<function <lambda> at 0x7fa4962879f0>,<function <lambda> at 0x7fa496287a90>,<function <lambda> at 0x7fa496287b30>
28226,2023-03-22 01:00:00,<function <lambda> at 0x7fa4962879f0>,<function <lambda> at 0x7fa496287a90>,<function <lambda> at 0x7fa496287b30>
28227,2023-03-22 02:00:00,<function <lambda> at 0x7fa4962879f0>,<function <lambda> at 0x7fa496287a90>,<function <lambda> at 0x7fa496287b30>
28228,2023-03-22 03:00:00,<function <lambda> at 0x7fa4962879f0>,<function <lambda> at 0x7fa496287a90>,<function <lambda> at 0x7fa496287b30>
28229,2023-03-22 04:00:00,<function <lambda> at 0x7fa4962879f0>,<function <lambda> at 0x7fa496287a90>,<function <lambda> at 0x7fa496287b30>
28230,2023-03-22 05:00:00,<function <lambda> at 0x7fa4962879f0>,<function <lambda> at 0x7fa496287a90>,<function <lambda> at 0x7fa496287b30>
28231,2023-03-22 06:00:00,<function <lambda> at 0x7fa4962879f0>,<function <lambda> at 0x7fa496287a90>,<function <lambda> at 0x7fa496287b30>
28232,2023-03-22 07:00:00,<function <lambda> at 0x7fa4962879f0>,<function <lambda> at 0x7fa496287a90>,<function <lambda> at 0x7fa496287b30>
28233,2023-03-22 08:00:00,<function <lambda> at 0x7fa4962879f0>,<function <lambda> at 0x7fa496287a90>,<function <lambda> at 0x7fa496287b30>
28234,2023-03-22 09:00:00,<function <lambda> at 0x7fa4962879f0>,<function <lambda> at 0x7fa496287a90>,<function <lambda> at 0x7fa496287b30>
28235,2023-03-22 10:00:00,<function <lambda> at 0x7fa4962879f0>,<function <lambda> at 0x7fa496287a90>,<function <lambda> at 0x7fa496287b30>
28236,2023-03-22 11:00:00,<function <lambda> at 0x7fa4962879f0>,<function <lambda> at 0x7fa496287a90>,<function <lambda> at 0x7fa496287b30>
28237,2023-03-22 12:00:00,<function <lambda> at 0x7fa4962879f0>,<function <lambda> at 0x7fa496287a90>,<function <lambda> at 0x7fa496287b30>
28238,2023-03-22 13:00:00,<function <lambda> at 0x7fa4962879f0>,<function <lambda> at 0x7fa496287a90>,<function <lambda> at 0x7fa496287b30>
28239,2023-03-22 14:00:00,<function <lambda> at 0x7fa4962879f0>,<function <lambda> at 0x7fa496287a90>,<function <lambda> at 0x7fa496287b30>
28240,2023-03-22 15:00:00,<function <lambda> at 0x7fa4962879f0>,<function <lambda> at 0x7fa496287a90>,<function <lambda> at 0x7fa496287b30>
28241,2023-03-22 16:00:00,<function <lambda> at 0x7fa4962879f0>,<function <lambda> at 0x7fa496287a90>,<function <lambda> at 0x7fa496287b30>
28242,2023-03-22 17:00:00,<function <lambda> at 0x7fa4962879f0>,<function <lambda> at 0x7fa496287a90>,<function <lambda> at 0x7fa496287b30>
28243,2023-03-22 18:00:00,<function <lambda> at 0x7fa4962879f0>,<function <lambda> at 0x7fa496287a90>,<function <lambda> at 0x7fa496287b30>
28244,2023-03-22 19:00:00,<function <lambda> at 0x7fa4962879f0>,<function <lambda> at 0x7fa496287a90>,<function <lambda> at 0x7fa496287b30>
28245,2023-03-22 20:00:00,<function <lambda> at 0x7fa4962879f0>,<function <lambda> at 0x7fa496287a90>,<function <lambda> at 0x7fa496287b30>
28246,2023-03-22 21:00:00,<function <lambda> at 0x7fa4962879f0>,<function <lambda> at 0x7fa496287a90>,<function <lambda> at 0x7fa496287b30>
28247,2023-03-22 22:00:00,<function <lambda> at 0x7fa4962879f0>,<function <lambda> at 0x7fa496287a90>,<function <lambda> at 0x7fa496287b30>
28248,2023-03-22 23:00:00,<function <lambda> at 0x7fa4962879f0>,<function <lambda> at 0x7fa496287a90>,<function <lambda> at 0x7fa496287b30>
28249,2023-03-23 00:00:00,<function <lambda> at 0x7fa4962879f0>,<function <lambda> at 0x7fa496287a90>,<function <lambda> at 0x7fa496287b30>
28250,2023-03-23 01:00:00,<function <lambda> at 0x7fa4962879f0>,<function <lambda> at 0x7fa496287a90>,<function <lambda> at 0x7fa496287b30>
28251,2023-03-23 02:00:00,<function <lambda> at 0x7fa4962879f0>,<function <lambda> at 0x7fa496287a90>,<function <lambda> at 0x7fa496287b30>
28252,2023-03-23 03:00:00,<function <lambda> at 0x7fa4962879f0>,<function <lambda> at 0x7fa496287a90>,<function <lambda> at 0x7fa496287b30>
28253,2023-03-23 04:00:00,<function <lambda> at 0x7fa4962879f0>,<function <lambda> at 0x7fa496287a90>,<function <lambda> at 0x7fa496287b30>
28254,2023-03-23 05:00:00,<function <lambda> at 0x7fa4962879f0>,<function <lambda> at 0x7fa496287a90>,<function <lambda> at 0x7fa496287b30>
28255,2023-03-23 06:00:00,<function <lambda> at 0x7fa4962879f0>,<function <lambda> at 0x7fa496287a90>,<function <lambda> at 0x7fa496287b30>
28256,2023-03-23 07:00:00,<function <lambda> at 0x7fa4962879f0>,<function <lambda> at 0x7fa496287a90>,<function <lambda> at 0x7fa496287b30>
28257,2023-03-23 08:00:00,<function <lambda> at 0x7fa4962879f0>,<function <lambda> at 0x7fa496287a90>,<function <lambda> at 0x7fa496287b30>
28258,2023-03-23 09:00:00,<function <lambda> at 0x7fa4962879f0>,<function <lambda> at 0x7fa496287a90>,<function <lambda> at 0x7fa496287b30>
28259,2023-03-23 10:00:00,<function <lambda> at 0x7fa4962879f0>,<function <lambda> at 0x7fa496287a90>,<function <lambda> at 0x7fa496287b30>
28260,2023-03-23 11:00:00,<function <lambda> at 0x7fa4962879f0>,<function <lambda> at 0x7fa496287a90>,<function <lambda> at 0x7fa496287b30>
28261,2023-03-23 12:00:00,<function <lambda> at 0x7fa4962879f0>,<function <lambda> at 0x7fa496287a90>,<function <lambda> at 0x7fa496287b30>
28262,2023-03-23 13:00:00,<function <lambda> at 0x7fa4962879f0>,<function <lambda> at 0x7fa496287a90>,<function <lambda> at 0x7fa496287b30>
28263,2023-03-23 14:00:00,<function <lambda> at 0x7fa4962879f0>,<function <lambda> at 0x7fa496287a90>,<function <lambda> at 0x7fa496287b30>
28264,2023-03-23 15:00:00,<function <lambda> at 0x7fa4962879f0>,<function <lambda> at 0x7fa496287a90>,<function <lambda> at 0x7fa496287b30>
28265,2023-03-23 16:00:00,<function <lambda> at 0x7fa4962879f0>,<function <lambda> at 0x7fa496287a90>,<function <lambda> at 0x7fa496287b30>
28266,2023-03-23 17:00:00,<function <lambda> at 0x7fa4962879f0>,<function <lambda> at 0x7fa496287a90>,<function <lambda> at 0x7fa496287b30>
28267,2023-03-23 18:00:00,<function <lambda> at 0x7fa4962879f0>,<function <lambda> at 0x7fa496287a90>,<function <lambda> at 0x7fa496287b30>
28268,2023-03-23 19:00:00,<function <lambda> at 0x7fa4962879f0>,<function <lambda> at 0x7fa496287a90>,<function <lambda> at 0x7fa496287b30>
28269,2023-03-23 20:00:00,<function <lambda> at 0x7fa4962879f0>,<function <lambda> at 0x7fa496287a90>,<function <lambda> at 0x7fa496287b30>
28270,2023-03-23 21:00:00,<function <lambda> at 0x7fa4962879f0>,<function <lambda> at 0x7fa496287a90>,<function <lambda> at 0x7fa496287b30>
28271,2023-03-23 22:00:00,<function <lambda> at 0x7fa4962879f0>,<function <lambda> at 0x7fa496287a90>,<function <lambda> at 0x7fa496287b30>
28272,2023-03-23 23:00:00,<function <lambda> at 0x7fa4962879f0>,<function <lambda> at 0x7fa496287a90>,<function <lambda> at 0x7fa496287b30>
28273,2023-03-24 00:00:00,<function <lambda> at 0x7fa4962879f0>,<function <lambda> at 0x7fa496287a90>,<function <lambda> at 0x7fa496287b30>
28274,2023-03-24 01:00:00,<function <lambda> at 0x7fa4962879f0>,<function <lambda> at 0x7fa496287a90>,<function <lambda> at 0x7fa496287b30>
28275,2023-03-24 02:00:00,<function <lambda> at 0x7fa4962879f0>,<function <lambda> at 0x7fa496287a90>,<function <lambda> at 0x7fa496287b30>
28276,2023-03-24 03:00:00,<function <lambda> at 0x7fa4962879f0>,<function <lambda> at 0x7fa496287a90>,<function <lambda> at 0x7fa496287b30>
28277,2023-03-24 04:00:00,<function <lambda> at 0x7fa4962879f0>,<function <lambda> at 0x7fa496287a90>,<function <lambda> at 0x7fa496287b30>
28278,2023-03-24 05:00:00,<function <lambda> at 0x7fa4962879f0>,<function <lambda> at 0x7fa496287a90>,<function <lambda> at 0x7fa496287b30>
28279,2023-03-24 06:00:00,<function <lambda> at 0x7fa4962879f0>,<function <lambda> at 0x7fa496287a90>,<function <lambda> at 0x7fa496287b30>
28280,2023-03-24 07:00:00,<function <lambda> at 0x7fa4962879f0>,<function <lambda> at 0x7fa496287a90>,<function <lambda> at 0x7fa496287b30>
28281,2023-03-24 08:00:00,<function <lambda> at 0x7fa4962879f0>,<function <lambda> at 0x7fa496287a90>,<function <lambda> at 0x7fa496287b30>
28282,2023-03-24 09:00:00,<function <lambda> at 0x7fa4962879f0>,<function <lambda> at 0x7fa496287a90>,<function <lambda> at 0x7fa496287b30>
28283,2023-03-24 10:00:00,<function <lambda> at 0x7fa4962879f0>,<function <lambda> at 0x7fa496287a90>,<function <lambda> at 0x7fa496287b30>
28284,2023-03-24 11:00:00,<function <lambda> at 0x7fa4962879f0>,<function <lambda> at 0x7fa496287a90>,<function <lambda> at 0x7fa496287b30>
28285,2023-03-24 12:00:00,<function <lambda> at 0x7fa4962879f0>,<function <lambda> at 0x7fa496287a90>,<function <lambda> at 0x7fa496287b30>
28286,2023-03-24 13:00:00,<function <lambda> at 0x7fa4962879f0>,<function <lambda> at 0x7fa496287a90>,<function <lambda> at 0x7fa496287b30>
28287,2023-03-24 14:00:00,<function <lambda> at 0x7fa4962879f0>,<function <lambda> at 0x7fa496287a90>,<function <lambda> at 0x7fa496287b30>
28288,2023-03-24 15:00:00,<function <lambda> at 0x7fa4962879f0>,<function <lambda> at 0x7fa496287a90>,<function <lambda> at 0x7fa496287b30>
28289,2023-03-24 16:00:00,<function <lambda> at 0x7fa4962879f0>,<function <lambda> at 0x7fa496287a90>,<function <lambda> at 0x7fa496287b30>
28290,2023-03-24 17:00:00,<function <lambda> at 0x7fa4962879f0>,<function <lambda> at 0x7fa496287a90>,<function <lambda> at 0x7fa496287b30>
28291,2023-03-24 18:00:00,<function <lambda> at 0x7fa4962879f0>,<function <lambda> at 0x7fa496287a90>,<function <lambda> at 0x7fa496287b30>
28292,2023-03-24 19:00:00,<function <lambda> at 0x7fa4962879f0>,<function <lambda> at 0x7fa496287a90>,<function <lambda> at 0x7fa496287b30>
28293,2023-03-24 20:00:00,<function <lambda> at 0x7fa4962879f0>,<function <lambda> at 0x7fa496287a90>,<function <lambda> at 0x7fa496287b30>
28294,2023-03-24 21:00:00,<function <lambda> at 0x7fa4962879f0>,<function <lambda> at 0x7fa496287a90>,<function <lambda> at 0x7fa496287b30>
28295,2023-03-24 22:00:00,<function <lambda> at 0x7fa4962879f0>,<function <lambda> at 0x7fa496287a90>,<function <lambda> at 0x7fa496287b30>
28296,2023-03-24 23:00:00,<function <lambda> at 0x7fa4962879f0>,<function <lambda> at 0x7fa496287a90>,<function <lambda> at 0x7fa496287b30>
28297,2023-03-25 00:00:00,<function <lambda> at 0x7fa4962879f0>,<function <lambda> at 0x7fa496287a90>,<function <lambda> at 0x7fa496287b30>
28298,2023-03-25 01:00:00,<function <lambda> at 0x7fa4962879f0>,<function <lambda> at 0x7fa496287a90>,<function <lambda> at 0x7fa496287b30>
28299,2023-03-25 02:00:00,<function <lambda> at 0x7fa4962879f0>,<function <lambda> at 0x7fa496287a90>,<function <lambda> at 0x7fa496287b30>
28300,2023-03-25 03:00:00,<function <lambda> at 0x7fa4962879f0>,<function <lambda> at 0x7fa496287a90>,<function <lambda> at 0x7fa496287b30>
28301,2023-03-25 04:00:00,<function <lambda> at 0x7fa4962879f0>,<function <lambda> at 0x7fa496287a90>,<function <lambda> at 0x7fa496287b30>
28302,2023-03-25 05:00:00,<function <lambda> at 0x7fa4962879f0>,<function <lambda> at 0x7fa496287a90>,<function <lambda> at 0x7fa496287b30>
28303,2023-03-25 06:00:00,<function <lambda> at 0x7fa4962879f0>,<function <lambda> at 0x7fa496287a90>,<function <lambda> at 0x7fa496287b30>
28304,2023-03-25 07:00:00,<function <lambda> at 0x7fa4962879f0>,<function <lambda> at 0x7fa496287a90>,<function <lambda> at 0x7fa496287b30>
28305,2023-03-25 08:00:00,<function <lambda> at 0x7fa4962879f0>,<function <lambda> at 0x7fa496287a90>,<function <lambda> at 0x7fa496287b30>
28306,2023-03-25 09:00:00,<function <lambda> at 0x7fa4962879f0>,<function <lambda> at 0x7fa496287a90>,<function <lambda> at 0x7fa496287b30>
28307,2023-03-25 10:00:00,<function <lambda> at 0x7fa4962879f0>,<function <lambda> at 0x7fa496287a90>,<function <lambda> at 0x7fa496287b30>
28308,2023-03-25 11:00:00,<function <lambda> at 0x7fa4962879f0>,<function <lambda> at 0x7fa496287a90>,<function <lambda> at 0x7fa496287b30>
28309,2023-03-25 12:00:00,<function <lambda> at 0x7fa4962879f0>,<function <lambda> at 0x7fa496287a90>,<function <lambda> at 0x7fa496287b30>
28310,2023-03-25 13:00:00,<function <lambda> at 0x7fa4962879f0>,<function <lambda> at 0x7fa496287a90>,<function <lambda> at 0x7fa496287b30>
28311,2023-03-25 14:00:00,<function <lambda> at 0x7fa4962879f0>,<function <lambda> at 0x7fa496287a90>,<function <lambda> at 0x7fa496287b30>
28312,2023-03-25 15:00:00,<function <lambda> at 0x7fa4962879f0>,<function <lambda> at 0x7fa496287a90>,<function <lambda> at 0x7fa496287b30>
28313,2023-03-25 16:00:00,<function <lambda> at 0x7fa4962879f0>,<function <lambda> at 0x7fa496287a90>,<function <lambda> at 0x7fa496287b30>
28314,2023-03-25 17:00:00,<function <lambda> at 0x7fa4962879f0>,<function <lambda> at 0x7fa496287a90>,<function <lambda> at 0x7fa496287b30>
28315,2023-03-25 18:00:00,<function <lambda> at 0x7fa4962879f0>,<function <lambda> at 0x7fa496287a90>,<function <lambda> at 0x7fa496287b30>
28316,2023-03-25 19:00:00,<function <lambda> at 0x7fa4962879f0>,<function <lambda> at 0x7fa496287a90>,<function <lambda> at 0x7fa496287b30>
28317,2023-03-25 20:00:00,<function <lambda> at 0x7fa4962879f0>,<function <lambda> at 0x7fa496287a90>,<function <lambda> at 0x7fa496287b30>
28318,2023-03-25 21:00:00,<function <lambda> at 0x7fa4962879f0>,<function <lambda> at 0x7fa496287a90>,<function <lambda> at 0x7fa496287b30>
28319,2023-03-25 22:00:00,<function <lambda> at 0x7fa4962879f0>,<function <lambda> at 0x7fa496287a90>,<function <lambda> at 0x7fa496287b30>
28320,2023-03-25 23:00:00,<function <lambda> at 0x7fa4962879f0>,<function <lambda> at 0x7fa496287a90>,<function <lambda> at 0x7fa496287b30>
28321,2023-03-26 00:00:00,<function <lambda> at 0x7fa4962879f0>,<function <lambda> at 0x7fa496287a90>,<function <lambda> at 0x7fa496287b30>
28322,2023-03-26 01:00:00,<function <lambda> at 0x7fa4962879f0>,<function <lambda> at 0x7fa496287a90>,<function <lambda> at 0x7fa496287b30>
28323,2023-03-26 02:00:00,<function <lambda> at 0x7fa4962879f0>,<function <lambda> at 0x7fa496287a90>,<function <lambda> at 0x7fa496287b30>
28324,2023-03-26 03:00:00,<function <lambda> at 0x7fa4962879f0>,<function <lambda> at 0x7fa496287a90>,<function <lambda> at 0x7fa496287b30>
28325,2023-03-26 04:00:00,<function <lambda> at 0x7fa4962879f0>,<function <lambda> at 0x7fa496287a90>,<function <lambda> at 0x7fa496287b30>
28326,2023-03-26 05:00:00,<function <lambda> at 0x7fa4962879f0>,<function <lambda> at 0x7fa496287a90>,<function <lambda> at 0x7fa496287b30>
28327,2023-03-26 06:00:00,<function <lambda> at 0x7fa4962879f0>,<function <lambda> at 0x7fa496287a90>,<function <lambda> at 0x7fa496287b30>
28328,2023-03-26 07:00:00,<function <lambda> at 0x7fa4962879f0>,<function <lambda> at 0x7fa496287a90>,<function <lambda> at 0x7fa496287b30>
28329,2023-03-26 08:00:00,<function <lambda> at 0x7fa4962879f0>,<function <lambda> at 0x7fa496287a90>,<function <lambda> at 0x7fa496287b30>
28330,2023-03-26 09:00:00,<function <lambda> at 0x7fa4962879f0>,<function <lambda> at 0x7fa496287a90>,<function <lambda> at 0x7fa496287b30>
28331,2023-03-26 10:00:00,<function <lambda> at 0x7fa4962879f0>,<function <lambda> at 0x7fa496287a90>,<function <lambda> at 0x7fa496287b30>
28332,2023-03-26 11:00:00,<function <lambda> at 0x7fa4962879f0>,<function <lambda> at 0x7fa496287a90>,<function <lambda> at 0x7fa496287b30>
28333,2023-03-26 12:00:00,<function <lambda> at 0x7fa4962879f0>,<function <lambda> at 0x7fa496287a90>,<function <lambda> at 0x7fa496287b30>
28334,2023-03-26 13:00:00,<function <lambda> at 0x7fa4962879f0>,<function <lambda> at 0x7fa496287a90>,<function <lambda> at 0x7fa496287b30>
28335,2023-03-26 14:00:00,<function <lambda> at 0x7fa4962879f0>,<function <lambda> at 0x7fa496287a90>,<function <lambda> at 0x7fa496287b30>
28336,2023-03-26 15:00:00,<function <lambda> at 0x7fa4962879f0>,<function <lambda> at 0x7fa496287a90>,<function <lambda> at 0x7fa496287b30>
28337,2023-03-26 16:00:00,<function <lambda> at 0x7fa4962879f0>,<function <lambda> at 0x7fa496287a90>,<function <lambda> at 0x7fa496287b30>
28338,2023-03-26 17:00:00,<function <lambda> at 0x7fa4962879f0>,<function <lambda> at 0x7fa496287a90>,<function <lambda> at 0x7fa496287b30>
28339,2023-03-26 18:00:00,<function <lambda> at 0x7fa4962879f0>,<function <lambda> at 0x7fa496287a90>,<function <lambda> at 0x7fa496287b30>
28340,2023-03-26 19:00:00,<function <lambda> at 0x7fa4962879f0>,<function <lambda> at 0x7fa496287a90>,<function <lambda> at 0x7fa496287b30>
28341,2023-03-26 20:00:00,<function <lambda> at 0x7fa4962879f0>,<function <lambda> at 0x7fa496287a90>,<function <lambda> at 0x7fa496287b30>
28342,2023-03-26 21:00:00,<function <lambda> at 0x7fa4962879f0>,<function <lambda> at 0x7fa496287a90>,<function <lambda> at 0x7fa496287b30>
28343,2023-03-26 22:00:00,<function <lambda> at 0x7fa4962879f0>,<function <lambda> at 0x7fa496287a90>,<function <lambda> at 0x7fa496287b30>
28344,2023-03-26 23:00:00,<function <lambda> at 0x7fa4962879f0>,<function <lambda> at 0x7fa496287a90>,<function <lambda> at 0x7fa496287b30>
28345,2023-03-27 00:00:00,<function <lambda> at 0x7fa4962879f0>,<function <lambda> at 0x7fa496287a90>,<function <lambda> at 0x7fa496287b30>
28346,2023-03-27 01:00:00,<function <lambda> at 0x7fa4962879f0>,<function <lambda> at 0x7fa496287a90>,<function <lambda> at 0x7fa496287b30>
28347,2023-03-27 02:00:00,<function <lambda> at 0x7fa4962879f0>,<function <lambda> at 0x7fa496287a90>,<function <lambda> at 0x7fa496287b30>
28348,2023-03-27 03:00:00,<function <lambda> at 0x7fa4962879f0>,<function <lambda> at 0x7fa496287a90>,<function <lambda> at 0x7fa496287b30>
28349,2023-03-27 04:00:00,<function <lambda> at 0x7fa4962879f0>,<function <lambda> at 0x7fa496287a90>,<function <lambda> at 0x7fa496287b30>
28350,2023-03-27 05:00:00,<function <lambda> at 0x7fa4962879f0>,<function <lambda> at 0x7fa496287a90>,<function <lambda> at 0x7fa496287b30>
28351,2023-03-27 06:00:00,<function <lambda> at 0x7fa4962879f0>,<function <lambda> at 0x7fa496287a90>,<function <lambda> at 0x7fa496287b30>
28352,2023-03-27 07:00:00,<function <lambda> at 0x7fa4962879f0>,<function <lambda> at 0x7fa496287a90>,<function <lambda> at 0x7fa496287b30>
28353,2023-03-27 08:00:00,<function <lambda> at 0x7fa4962879f0>,<function <lambda> at 0x7fa496287a90>,<function <lambda> at 0x7fa496287b30>
28354,2023-03-27 09:00:00,<function <lambda> at 0x7fa4962879f0>,<function <lambda> at 0x7fa496287a90>,<function <lambda> at 0x7fa496287b30>
28355,2023-03-27 10:00:00,<function <lambda> at 0x7fa4962879f0>,<function <lambda> at 0x7fa496287a90>,<function <lambda> at 0x7fa496287b30>
28356,2023-03-27 11:00:00,<function <lambda> at 0x7fa4962879f0>,<function <lambda> at 0x7fa496287a90>,<function <lambda> at 0x7fa496287b30>
28357,2023-03-27 12:00:00,<function <lambda> at 0x7fa4962879f0>,<function <lambda> at 0x7fa496287a90>,<function <lambda> at 0x7fa496287b30>
28358,2023-03-27 13:00:00,<function <lambda> at 0x7fa4962879f0>,<function <lambda> at 0x7fa496287a90>,<function <lambda> at 0x7fa496287b30>
28359,2023-03-27 14:00:00,<function <lambda> at 0x7fa4962879f0>,<function <lambda> at 0x7fa496287a90>,<function <lambda> at 0x7fa496287b30>
28360,2023-03-27 15:00:00,<function <lambda> at 0x7fa4962879f0>,<function <lambda> at 0x7fa496287a90>,<function <lambda> at 0x7fa496287b30>
28361,2023-03-27 16:00:00,<function <lambda> at 0x7fa4962879f0>,<function <lambda> at 0x7fa496287a90>,<function <lambda> at 0x7fa496287b30>
28362,2023-03-27 17:00:00,<function <lambda> at 0x7fa4962879f0>,<function <lambda> at 0x7fa496287a90>,<function <lambda> at 0x7fa496287b30>
28363,2023-03-27 18:00:00,<function <lambda> at 0x7fa4962879f0>,<function <lambda> at 0x7fa496287a90>,<function <lambda> at 0x7fa496287b30>
28364,2023-03-27 19:00:00,<function <lambda> at 0x7fa4962879f0>,<function <lambda> at 0x7fa496287a90>,<function <lambda> at 0x7fa496287b30>
28365,2023-03-27 20:00:00,<function <lambda> at 0x7fa4962879f0>,<function <lambda> at 0x7fa496287a90>,<function <lambda> at 0x7fa496287b30>
28366,2023-03-27 21:00:00,<function <lambda> at 0x7fa4962879f0>,<function <lambda> at 0x7fa496287a90>,<function <lambda> at 0x7fa496287b30>
28367,2023-03-27 22:00:00,<function <lambda> at 0x7fa4962879f0>,<function <lambda> at 0x7fa496287a90>,<function <lambda> at 0x7fa496287b30>
28368,2023-03-27 23:00:00,<function <lambda> at 0x7fa4962879f0>,<function <lambda> at 0x7fa496287a90>,<function <lambda> at 0x7fa496287b30>
28369,2023-03-28 00:00:00,<function <lambda> at 0x7fa4962879f0>,<function <lambda> at 0x7fa496287a90>,<function <lambda> at 0x7fa496287b30>
28370,2023-03-28 01:00:00,<function <lambda> at 0x7fa4962879f0>,<function <lambda> at 0x7fa496287a90>,<function <lambda> at 0x7fa496287b30>
28371,2023-03-28 02:00:00,<function <lambda> at 0x7fa4962879f0>,<function <lambda> at 0x7fa496287a90>,<function <lambda> at 0x7fa496287b30>
28372,2023-03-28 03:00:00,<function <lambda> at 0x7fa4962879f0>,<function <lambda> at 0x7fa496287a90>,<function <lambda> at 0x7fa496287b30>
28373,2023-03-28 04:00:00,<function <lambda> at 0x7fa4962879f0>,<function <lambda> at 0x7fa496287a90>,<function <lambda> at 0x7fa496287b30>
28374,2023-03-28 05:00:00,<function <lambda> at 0x7fa4962879f0>,<function <lambda> at 0x7fa496287a90>,<function <lambda> at 0x7fa496287b30>
28375,2023-03-28 06:00:00,<function <lambda> at 0x7fa4962879f0>,<function <lambda> at 0x7fa496287a90>,<function <lambda> at 0x7fa496287b30>
28376,2023-03-28 07:00:00,<function <lambda> at 0x7fa4962879f0>,<function <lambda> at 0x7fa496287a90>,<function <lambda> at 0x7fa496287b30>
28377,2023-03-28 08:00:00,<function <lambda> at 0x7fa4962879f0>,<function <lambda> at 0x7fa496287a90>,<function <lambda> at 0x7fa496287b30>
28378,2023-03-28 09:00:00,<function <lambda> at 0x7fa4962879f0>,<function <lambda> at 0x7fa496287a90>,<function <lambda> at 0x7fa496287b30>
28379,2023-03-28 10:00:00,<function <lambda> at 0x7fa4962879f0>,<function <lambda> at 0x7fa496287a90>,<function <lambda> at 0x7fa496287b30>
28380,2023-03-28 11:00:00,<function <lambda> at 0x7fa4962879f0>,<function <lambda> at 0x7fa496287a90>,<function <lambda> at 0x7fa496287b30>
28381,2023-03-28 12:00:00,<function <lambda> at 0x7fa4962879f0>,<function <lambda> at 0x7fa496287a90>,<function <lambda> at 0x7fa496287b30>
28382,2023-03-28 13:00:00,<function <lambda> at 0x7fa4962879f0>,<function <lambda> at 0x7fa496287a90>,<function <lambda> at 0x7fa496287b30>
28383,2023-03-28 14:00:00,<function <lambda> at 0x7fa4962879f0>,<function <lambda> at 0x7fa496287a90>,<function <lambda> at 0x7fa496287b30>
28384,2023-03-28 15:00:00,<function <lambda> at 0x7fa4962879f0>,<function <lambda> at 0x7fa496287a90>,<function <lambda> at 0x7fa496287b30>
28385,2023-03-28 16:00:00,<function <lambda> at 0x7fa4962879f0>,<function <lambda> at 0x7fa496287a90>,<function <lambda> at 0x7fa496287b30>
28386,2023-03-28 17:00:00,<function <lambda> at 0x7fa4962879f0>,<function <lambda> at 0x7fa496287a90>,<function <lambda> at 0x7fa496287b30>
28387,2023-03-28 18:00:00,<function <lambda> at 0x7fa4962879f0>,<function <lambda> at 0x7fa496287a90>,<function <lambda> at 0x7fa496287b30>
28388,2023-03-28 19:00:00,<function <lambda> at 0x7fa4962879f0>,<function <lambda> at 0x7fa496287a90>,<function <lambda> at 0x7fa496287b30>
28389,2023-03-28 20:00:00,<function <lambda> at 0x7fa4962879f0>,<function <lambda> at 0x7fa496287a90>,<function <lambda> at 0x7fa496287b30>
28390,2023-03-28 21:00:00,<function <lambda> at 0x7fa4962879f0>,<function <lambda> at 0x7fa496287a90>,<function <lambda> at 0x7fa496287b30>
28391,2023-03-28 22:00:00,<function <lambda> at 0x7fa4962879f0>,<function <lambda> at 0x7fa496287a90>,<function <lambda> at 0x7fa496287b30>
28392,2023-03-28 23:00:00,<function <lambda> at 0x7fa4962879f0>,<function <lambda> at 0x7fa496287a90>,<function <lambda> at 0x7fa496287b30>
28393,2023-03-29 00:00:00,<function <lambda> at 0x7fa4962879f0>,<function <lambda> at 0x7fa496287a90>,<function <lambda> at 0x7fa496287b30>
28394,2023-03-29 01:00:00,<function <lambda> at 0x7fa4962879f0>,<function <lambda> at 0x7fa496287a90>,<function <lambda> at 0x7fa496287b30>
28395,2023-03-29 02:00:00,<function <lambda> at 0x7fa4962879f0>,<function <lambda> at 0x7fa496287a90>,<function <lambda> at 0x7fa496287b30>
28396,2023-03-29 03:00:00,<function <lambda> at 0x7fa4962879f0>,<function <lambda> at 0x7fa496287a90>,<function <lambda> at 0x7fa496287b30>
28397,2023-03-29 04:00:00,<function <lambda> at 0x7fa4962879f0>,<function <lambda> at 0x7fa496287a90>,<function <lambda> at 0x7fa496287b30>
28398,2023-03-29 05:00:00,<function <lambda> at 0x7fa4962879f0>,<function <lambda> at 0x7fa496287a90>,<function <lambda> at 0x7fa496287b30>
28399,2023-03-29 06:00:00,<function <lambda> at 0x7fa4962879f0>,<function <lambda> at 0x7fa496287a90>,<function <lambda> at 0x7fa496287b30>
28400,2023-03-29 07:00:00,<function <lambda> at 0x7fa4962879f0>,<function <lambda> at 0x7fa496287a90>,<function <lambda> at 0x7fa496287b30>
28401,2023-03-29 08:00:00,<function <lambda> at 0x7fa4962879f0>,<function <lambda> at 0x7fa496287a90>,<function <lambda> at 0x7fa496287b30>
28402,2023-03-29 09:00:00,<function <lambda> at 0x7fa4962879f0>,<function <lambda> at 0x7fa496287a90>,<function <lambda> at 0x7fa496287b30>
28403,2023-03-29 10:00:00,<function <lambda> at 0x7fa4962879f0>,<function <lambda> at 0x7fa496287a90>,<function <lambda> at 0x7fa496287b30>
28404,2023-03-29 11:00:00,<function <lambda> at 0x7fa4962879f0>,<function <lambda> at 0x7fa496287a90>,<function <lambda> at 0x7fa496287b30>
28405,2023-03-29 12:00:00,<function <lambda> at 0x7fa4962879f0>,<function <lambda> at 0x7fa496287a90>,<function <lambda> at 0x7fa496287b30>
28406,2023-03-29 13:00:00,<function <lambda> at 0x7fa4962879f0>,<function <lambda> at 0x7fa496287a90>,<function <lambda> at 0x7fa496287b30>
28407,2023-03-29 14:00:00,<function <lambda> at 0x7fa4962879f0>,<function <lambda> at 0x7fa496287a90>,<function <lambda> at 0x7fa496287b30>
28408,2023-03-29 15:00:00,<function <lambda> at 0x7fa4962879f0>,<function <lambda> at 0x7fa496287a90>,<function <lambda> at 0x7fa496287b30>
28409,2023-03-29 16:00:00,<function <lambda> at 0x7fa4962879f0>,<function <lambda> at 0x7fa496287a90>,<function <lambda> at 0x7fa496287b30>
28410,2023-03-29 17:00:00,<function <lambda> at 0x7fa4962879f0>,<function <lambda> at 0x7fa496287a90>,<function <lambda> at 0x7fa496287b30>
28411,2023-03-29 18:00:00,<function <lambda> at 0x7fa4962879f0>,<function <lambda> at 0x7fa496287a90>,<function <lambda> at 0x7fa496287b30>
28412,2023-03-29 19:00:00,<function <lambda> at 0x7fa4962879f0>,<function <lambda> at 0x7fa496287a90>,<function <lambda> at 0x7fa496287b30>
28413,2023-03-29 20:00:00,<function <lambda> at 0x7fa4962879f0>,<function <lambda> at 0x7fa496287a90>,<function <lambda> at 0x7fa496287b30>
28414,2023-03-29 21:00:00,<function <lambda> at 0x7fa4962879f0>,<function <lambda> at 0x7fa496287a90>,<function <lambda> at 0x7fa496287b30>
28415,2023-03-29 22:00:00,<function <lambda> at 0x7fa4962879f0>,<function <lambda> at 0x7fa496287a90>,<function <lambda> at 0x7fa496287b30>
28416,2023-03-29 23:00:00,<function <lambda> at 0x7fa4962879f0>,<function <lambda> at 0x7fa496287a90>,<function <lambda> at 0x7fa496287b30>
28417,2023-03-30 00:00:00,<function <lambda> at 0x7fa4962879f0>,<function <lambda> at 0x7fa496287a90>,<function <lambda> at 0x7fa496287b30>
28418,2023-03-30 01:00:00,<function <lambda> at 0x7fa4962879f0>,<function <lambda> at 0x7fa496287a90>,<function <lambda> at 0x7fa496287b30>
28419,2023-03-30 02:00:00,<function <lambda> at 0x7fa4962879f0>,<function <lambda> at 0x7fa496287a90>,<function <lambda> at 0x7fa496287b30>
28420,2023-03-30 03:00:00,<function <lambda> at 0x7fa4962879f0>,<function <lambda> at 0x7fa496287a90>,<function <lambda> at 0x7fa496287b30>
28421,2023-03-30 04:00:00,<function <lambda> at 0x7fa4962879f0>,<function <lambda> at 0x7fa496287a90>,<function <lambda> at 0x7fa496287b30>
28422,2023-03-30 05:00:00,<function <lambda> at 0x7fa4962879f0>,<function <lambda> at 0x7fa496287a90>,<function <lambda> at 0x7fa496287b30>
28423,2023-03-30 06:00:00,<function <lambda> at 0x7fa4962879f0>,<function <lambda> at 0x7fa496287a90>,<function <lambda> at 0x7fa496287b30>
28424,2023-03-30 07:00:00,<function <lambda> at 0x7fa4962879f0>,<function <lambda> at 0x7fa496287a90>,<function <lambda> at 0x7fa496287b30>
28425,2023-03-30 08:00:00,<function <lambda> at 0x7fa4962879f0>,<function <lambda> at 0x7fa496287a90>,<function <lambda> at 0x7fa496287b30>
28426,2023-03-30 09:00:00,<function <lambda> at 0x7fa4962879f0>,<function <lambda> at 0x7fa496287a90>,<function <lambda> at 0x7fa496287b30>
28427,2023-03-30 10:00:00,<function <lambda> at 0x7fa4962879f0>,<function <lambda> at 0x7fa496287a90>,<function <lambda> at 0x7fa496287b30>
28428,2023-03-30 11:00:00,<function <lambda> at 0x7fa4962879f0>,<function <lambda> at 0x7fa496287a90>,<function <lambda> at 0x7fa496287b30>
28429,2023-03-30 12:00:00,<function <lambda> at 0x7fa4962879f0>,<function <lambda> at 0x7fa496287a90>,<function <lambda> at 0x7fa496287b30>
28430,2023-03-30 13:00:00,<function <lambda> at 0x7fa4962879f0>,<function <lambda> at 0x7fa496287a90>,<function <lambda> at 0x7fa496287b30>
28431,2023-03-30 14:00:00,<function <lambda> at 0x7fa4962879f0>,<function <lambda> at 0x7fa496287a90>,<function <lambda> at 0x7fa496287b30>
28432,2023-03-30 15:00:00,<function <lambda> at 0x7fa4962879f0>,<function <lambda> at 0x7fa496287a90>,<function <lambda> at 0x7fa496287b30>
28433,2023-03-30 16:00:00,<function <lambda> at 0x7fa4962879f0>,<function <lambda> at 0x7fa496287a90>,<function <lambda> at 0x7fa496287b30>
28434,2023-03-30 17:00:00,<function <lambda> at 0x7fa4962879f0>,<function <lambda> at 0x7fa496287a90>,<function <lambda> at 0x7fa496287b30>
28435,2023-03-30 18:00:00,<function <lambda> at 0x7fa4962879f0>,<function <lambda> at 0x7fa496287a90>,<function <lambda> at 0x7fa496287b30>
28436,2023-03-30 19:00:00,<function <lambda> at 0x7fa4962879f0>,<function <lambda> at 0x7fa496287a90>,<function <lambda> at 0x7fa496287b30>
28437,2023-03-30 20:00:00,<function <lambda> at 0x7fa4962879f0>,<function <lambda> at 0x7fa496287a90>,<function <lambda> at 0x7fa496287b30>
28438,2023-03-30 21:00:00,<function <lambda> at 0x7fa4962879f0>,<function <lambda> at 0x7fa496287a90>,<function <lambda> at 0x7fa496287b30>
28439,2023-03-30 22:00:00,<function <lambda> at 0x7fa4962879f0>,<function <lambda> at 0x7fa496287a90>,<function <lambda> at 0x7fa496287b30>
28440,2023-03-30 23:00:00,<function <lambda> at 0x7fa4962879f0>,<function <lambda> at 0x7fa496287a90>,<function <lambda> at 0x7fa496287b30>
28441,2023-03-31 00:00:00,<function <lambda> at 0x7fa4962879f0>,<function <lambda> at 0x7fa496287a90>,<function <lambda> at 0x7fa496287b30>
28442,2023-03-31 01:00:00,<function <lambda> at 0x7fa4962879f0>,<function <lambda> at 0x7fa496287a90>,<function <lambda> at 0x7fa496287b30>
28443,2023-03-31 02:00:00,<function <lambda> at 0x7fa4962879f0>,<function <lambda> at 0x7fa496287a90>,<function <lambda> at 0x7fa496287b30>
28444,2023-03-31 03:00:00,<function <lambda> at 0x7fa4962879f0>,<function <lambda> at 0x7fa496287a90>,<function <lambda> at 0x7fa496287b30>
28445,2023-03-31 04:00:00,<function <lambda> at 0x7fa4962879f0>,<function <lambda> at 0x7fa496287a90>,<function <lambda> at 0x7fa496287b30>
28446,2023-03-31 05:00:00,<function <lambda> at 0x7fa4962879f0>,<function <lambda> at 0x7fa496287a90>,<function <lambda> at 0x7fa496287b30>
28447,2023-03-31 06:00:00,<function <lambda> at 0x7fa4962879f0>,<function <lambda> at 0x7fa496287a90>,<function <lambda> at 0x7fa496287b30>
28448,2023-03-31 07:00:00,<function <lambda> at 0x7fa4962879f0>,<function <lambda> at 0x7fa496287a90>,<function <lambda> at 0x7fa496287b30>
28449,2023-03-31 08:00:00,<function <lambda> at 0x7fa4962879f0>,<function <lambda> at 0x7fa496287a90>,<function <lambda> at 0x7fa496287b30>
28450,2023-03-31 09:00:00,<function <lambda> at 0x7fa4962879f0>,<function <lambda> at 0x7fa496287a90>,<function <lambda> at 0x7fa496287b30>
28451,2023-03-31 10:00:00,<function <lambda> at 0x7fa4962879f0>,<function <lambda> at 0x7fa496287a90>,<function <lambda> at 0x7fa496287b30>
28452,2023-03-31 11:00:00,<function <lambda> at 0x7fa4962879f0>,<function <lambda> at 0x7fa496287a90>,<function <lambda> at 0x7fa496287b30>
28453,2023-03-31 12:00:00,<function <lambda> at 0x7fa4962879f0>,<function <lambda> at 0x7fa496287a90>,<function <lambda> at 0x7fa496287b30>
28454,2023-03-31 13:00:00,<function <lambda> at 0x7fa4962879f0>,<function <lambda> at 0x7fa496287a90>,<function <lambda> at 0x7fa496287b30>
28455,2023-03-31 14:00:00,<function <lambda> at 0x7fa4962879f0>,<function <lambda> at 0x7fa496287a90>,<function <lambda> at 0x7fa496287b30>
28456,2023-03-31 15:00:00,<function <lambda> at 0x7fa4962879f0>,<function <lambda> at 0x7fa496287a90>,<function <lambda> at 0x7fa496287b30>
28457,2023-03-31 16:00:00,<function <lambda> at 0x7fa4962879f0>,<function <lambda> at 0x7fa496287a90>,<function <lambda> at 0x7fa496287b30>
28458,2023-03-31 17:00:00,<function <lambda> at 0x7fa4962879f0>,<function <lambda> at 0x7fa496287a90>,<function <lambda> at 0x7fa496287b30>
28459,2023-03-31 18:00:00,<function <lambda> at 0x7fa4962879f0>,<function <lambda> at 0x7fa496287a90>,<function <lambda> at 0x7fa496287b30>
28460,2023-03-31 19:00:00,<function <lambda> at 0x7fa4962879f0>,<function <lambda> at 0x7fa496287a90>,<function <lambda> at 0x7fa496287b30>
28461,2023-03-31 20:00:00,<function <lambda> at 0x7fa4962879f0>,<function <lambda> at 0x7fa496287a90>,<function <lambda> at 0x7fa496287b30>
28462,2023-03-31 21:00:00,<function <lambda> at 0x7fa4962879f0>,<function <lambda> at 0x7fa496287a90>,<function <lambda> at 0x7fa496287b30>
28463,2023-03-31 22:00:00,<function <lambda> at 0x7fa4962879f0>,<function <lambda> at 0x7fa496287a90>,<function <lambda> at 0x7fa496287b30>
28464,2023-03-31 23:00:00,<function <lambda> at 0x7fa4962879f0>,<function <lambda> at 0x7fa496287a90>,<function <lambda> at 0x7fa496287b30>
28465,2023-04-01 00:00:00,<function <lambda> at 0x7fa4962879f0>,<function <lambda> at 0x7fa496287a90>,<function <lambda> at 0x7fa496287b30>
28466,2023-04-01 01:00:00,<function <lambda> at 0x7fa4962879f0>,<function <lambda> at 0x7fa496287a90>,<function <lambda> at 0x7fa496287b30>
28467,2023-04-01 02:00:00,<function <lambda> at 0x7fa4962879f0>,<function <lambda> at 0x7fa496287a90>,<function <lambda> at 0x7fa496287b30>
28468,2023-04-01 03:00:00,<function <lambda> at 0x7fa4962879f0>,<function <lambda> at 0x7fa496287a90>,<function <lambda> at 0x7fa496287b30>
28469,2023-04-01 04:00:00,<function <lambda> at 0x7fa4962879f0>,<function <lambda> at 0x7fa496287a90>,<function <lambda> at 0x7fa496287b30>
28470,2023-04-01 05:00:00,<function <lambda> at 0x7fa4962879f0>,<function <lambda> at 0x7fa496287a90>,<function <lambda> at 0x7fa496287b30>
28471,2023-04-01 06:00:00,<function <lambda> at 0x7fa4962879f0>,<function <lambda> at 0x7fa496287a90>,<function <lambda> at 0x7fa496287b30>
28472,2023-04-01 07:00:00,<function <lambda> at 0x7fa4962879f0>,<function <lambda> at 0x7fa496287a90>,<function <lambda> at 0x7fa496287b30>
28473,2023-04-01 08:00:00,<function <lambda> at 0x7fa4962879f0>,<function <lambda> at 0x7fa496287a90>,<function <lambda> at 0x7fa496287b30>
28474,2023-04-01 09:00:00,<function <lambda> at 0x7fa4962879f0>,<function <lambda> at 0x7fa496287a90>,<function <lambda> at 0x7fa496287b30>
28475,2023-04-01 10:00:00,<function <lambda> at 0x7fa4962879f0>,<function <lambda> at 0x7fa496287a90>,<function <lambda> at 0x7fa496287b30>
28476,2023-04-01 11:00:00,<function <lambda> at 0x7fa4962879f0>,<function <lambda> at 0x7fa496287a90>,<function <lambda> at 0x7fa496287b30>
28477,2023-04-01 12:00:00,<function <lambda> at 0x7fa4962879f0>,<function <lambda> at 0x7fa496287a90>,<function <lambda> at 0x7fa496287b30>
28478,2023-04-01 13:00:00,<function <lambda> at 0x7fa4962879f0>,<function <lambda> at 0x7fa496287a90>,<function <lambda> at 0x7fa496287b30>
28479,2023-04-01 14:00:00,<function <lambda> at 0x7fa4962879f0>,<function <lambda> at 0x7fa496287a90>,<function <lambda> at 0x7fa496287b30>
28480,2023-04-01 15:00:00,<function <lambda> at 0x7fa4962879f0>,<function <lambda> at 0x7fa496287a90>,<function <lambda> at 0x7fa496287b30>
28481,2023-04-01 16:00:00,<function <lambda> at 0x7fa4962879f0>,<function <lambda> at 0x7fa496287a90>,<function <lambda> at 0x7fa496287b30>
28482,2023-04-01 17:00:00,<function <lambda> at 0x7fa4962879f0>,<function <lambda> at 0x7fa496287a90>,<function <lambda> at 0x7fa496287b30>
28483,2023-04-01 18:00:00,<function <lambda> at 0x7fa4962879f0>,<function <lambda> at 0x7fa496287a90>,<function <lambda> at 0x7fa496287b30>
28484,2023-04-01 19:00:00,<function <lambda> at 0x7fa4962879f0>,<function <lambda> at 0x7fa496287a90>,<function <lambda> at 0x7fa496287b30>
28485,2023-04-01 20:00:00,<function <lambda> at 0x7fa4962879f0>,<function <lambda> at 0x7fa496287a90>,<function <lambda> at 0x7fa496287b30>
28486,2023-04-01 21:00:00,<function <lambda> at 0x7fa4962879f0>,<function <lambda> at 0x7fa496287a90>,<function <lambda> at 0x7fa496287b30>
28487,2023-04-01 22:00:00,<function <lambda> at 0x7fa4962879f0>,<function <lambda> at 0x7fa496287a90>,<function <lambda> at 0x7fa496287b30>
28488,2023-04-01 23:00:00,<function <lambda> at 0x7fa4962879f0>,<function <lambda> at 0x7fa496287a90>,<function <lambda> at 0x7fa496287b30>
28489,2023-04-02 00:00:00,<function <lambda> at 0x7fa4962879f0>,<function <lambda> at 0x7fa496287a90>,<function <lambda> at 0x7fa496287b30>
28490,2023-04-02 01:00:00,<function <lambda> at 0x7fa4962879f0>,<function <lambda> at 0x7fa496287a90>,<function <lambda> at 0x7fa496287b30>
28491,2023-04-02 02:00:00,<function <lambda> at 0x7fa4962879f0>,<function <lambda> at 0x7fa496287a90>,<function <lambda> at 0x7fa496287b30>
28492,2023-04-02 03:00:00,<function <lambda> at 0x7fa4962879f0>,<function <lambda> at 0x7fa496287a90>,<function <lambda> at 0x7fa496287b30>
28493,2023-04-02 04:00:00,<function <lambda> at 0x7fa4962879f0>,<function <lambda> at 0x7fa496287a90>,<function <lambda> at 0x7fa496287b30>
28494,2023-04-02 05:00:00,<function <lambda> at 0x7fa4962879f0>,<function <lambda> at 0x7fa496287a90>,<function <lambda> at 0x7fa496287b30>
28495,2023-04-02 06:00:00,<function <lambda> at 0x7fa4962879f0>,<function <lambda> at 0x7fa496287a90>,<function <lambda> at 0x7fa496287b30>
28496,2023-04-02 07:00:00,<function <lambda> at 0x7fa4962879f0>,<function <lambda> at 0x7fa496287a90>,<function <lambda> at 0x7fa496287b30>
28497,2023-04-02 08:00:00,<function <lambda> at 0x7fa4962879f0>,<function <lambda> at 0x7fa496287a90>,<function <lambda> at 0x7fa496287b30>
28498,2023-04-02 09:00:00,<function <lambda> at 0x7fa4962879f0>,<function <lambda> at 0x7fa496287a90>,<function <lambda> at 0x7fa496287b30>
28499,2023-04-02 10:00:00,<function <lambda> at 0x7fa4962879f0>,<function <lambda> at 0x7fa496287a90>,<function <lambda> at 0x7fa496287b30>
28500,2023-04-02 11:00:00,<function <lambda> at 0x7fa4962879f0>,<function <lambda> at 0x7fa496287a90>,<function <lambda> at 0x7fa496287b30>
28501,2023-04-02 12:00:00,<function <lambda> at 0x7fa4962879f0>,<function <lambda> at 0x7fa496287a90>,<function <lambda> at 0x7fa496287b30>
28502,2023-04-02 13:00:00,<function <lambda> at 0x7fa4962879f0>,<function <lambda> at 0x7fa496287a90>,<function <lambda> at 0x7fa496287b30>
28503,2023-04-02 14:00:00,<function <lambda> at 0x7fa4962879f0>,<function <lambda> at 0x7fa496287a90>,<function <lambda> at 0x7fa496287b30>
28504,2023-04-02 15:00:00,<function <lambda> at 0x7fa4962879f0>,<function <lambda> at 0x7fa496287a90>,<function <lambda> at 0x7fa496287b30>
28505,2023-04-02 16:00:00,<function <lambda> at 0x7fa4962879f0>,<function <lambda> at 0x7fa496287a90>,<function <lambda> at 0x7fa496287b30>
28506,2023-04-02 17:00:00,<function <lambda> at 0x7fa4962879f0>,<function <lambda> at 0x7fa496287a90>,<function <lambda> at 0x7fa496287b30>
28507,2023-04-02 18:00:00,<function <lambda> at 0x7fa4962879f0>,<function <lambda> at 0x7fa496287a90>,<function <lambda> at 0x7fa496287b30>
28508,2023-04-02 19:00:00,<function <lambda> at 0x7fa4962879f0>,<function <lambda> at 0x7fa496287a90>,<function <lambda> at 0x7fa496287b30>
28509,2023-04-02 20:00:00,<function <lambda> at 0x7fa4962879f0>,<function <lambda> at 0x7fa496287a90>,<function <lambda> at 0x7fa496287b30>
28510,2023-04-02 21:00:00,<function <lambda> at 0x7fa4962879f0>,<function <lambda> at 0x7fa496287a90>,<function <lambda> at 0x7fa496287b30>
28511,2023-04-02 22:00:00,<function <lambda> at 0x7fa4962879f0>,<function <lambda> at 0x7fa496287a90>,<function <lambda> at 0x7fa496287b30>
28512,2023-04-02 23:00:00,<function <lambda> at 0x7fa4962879f0>,<function <lambda> at 0x7fa496287a90>,<function <lambda> at 0x7fa496287b30>
28513,2023-04-03 00:00:00,<function <lambda> at 0x7fa4962879f0>,<function <lambda> at 0x7fa496287a90>,<function <lambda> at 0x7fa496287b30>
28514,2023-04-03 01:00:00,<function <lambda> at 0x7fa4962879f0>,<function <lambda> at 0x7fa496287a90>,<function <lambda> at 0x7fa496287b30>
28515,2023-04-03 02:00:00,<function <lambda> at 0x7fa4962879f0>,<function <lambda> at 0x7fa496287a90>,<function <lambda> at 0x7fa496287b30>
28516,2023-04-03 03:00:00,<function <lambda> at 0x7fa4962879f0>,<function <lambda> at 0x7fa496287a90>,<function <lambda> at 0x7fa496287b30>
28517,2023-04-03 04:00:00,<function <lambda> at 0x7fa4962879f0>,<function <lambda> at 0x7fa496287a90>,<function <lambda> at 0x7fa496287b30>
28518,2023-04-03 05:00:00,<function <lambda> at 0x7fa4962879f0>,<function <lambda> at 0x7fa496287a90>,<function <lambda> at 0x7fa496287b30>
28519,2023-04-03 06:00:00,<function <lambda> at 0x7fa4962879f0>,<function <lambda> at 0x7fa496287a90>,<function <lambda> at 0x7fa496287b30>
28520,2023-04-03 07:00:00,<function <lambda> at 0x7fa4962879f0>,<function <lambda> at 0x7fa496287a90>,<function <lambda> at 0x7fa496287b30>
28521,2023-04-03 08:00:00,<function <lambda> at 0x7fa4962879f0>,<function <lambda> at 0x7fa496287a90>,<function <lambda> at 0x7fa496287b30>
28522,2023-04-03 09:00:00,<function <lambda> at 0x7fa4962879f0>,<function <lambda> at 0x7fa496287a90>,<function <lambda> at 0x7fa496287b30>
28523,2023-04-03 10:00:00,<function <lambda> at 0x7fa4962879f0>,<function <lambda> at 0x7fa496287a90>,<function <lambda> at 0x7fa496287b30>
28524,2023-04-03 11:00:00,<function <lambda> at 0x7fa4962879f0>,<function <lambda> at 0x7fa496287a90>,<function <lambda> at 0x7fa496287b30>
28525,2023-04-03 12:00:00,<function <lambda> at 0x7fa4962879f0>,<function <lambda> at 0x7fa496287a90>,<function <lambda> at 0x7fa496287b30>
28526,2023-04-03 13:00:00,<function <lambda> at 0x7fa4962879f0>,<function <lambda> at 0x7fa496287a90>,<function <lambda> at 0x7fa496287b30>
28527,2023-04-03 14:00:00,<function <lambda> at 0x7fa4962879f0>,<function <lambda> at 0x7fa496287a90>,<function <lambda> at 0x7fa496287b30>
28528,2023-04-03 15:00:00,<function <lambda> at 0x7fa4962879f0>,<function <lambda> at 0x7fa496287a90>,<function <lambda> at 0x7fa496287b30>
28529,2023-04-03 16:00:00,<function <lambda> at 0x7fa4962879f0>,<function <lambda> at 0x7fa496287a90>,<function <lambda> at 0x7fa496287b30>
28530,2023-04-03 17:00:00,<function <lambda> at 0x7fa4962879f0>,<function <lambda> at 0x7fa496287a90>,<function <lambda> at 0x7fa496287b30>
28531,2023-04-03 18:00:00,<function <lambda> at 0x7fa4962879f0>,<function <lambda> at 0x7fa496287a90>,<function <lambda> at 0x7fa496287b30>
28532,2023-04-03 19:00:00,<function <lambda> at 0x7fa4962879f0>,<function <lambda> at 0x7fa496287a90>,<function <lambda> at 0x7fa496287b30>
28533,2023-04-03 20:00:00,<function <lambda> at 0x7fa4962879f0>,<function <lambda> at 0x7fa496287a90>,<function <lambda> at 0x7fa496287b30>
28534,2023-04-03 21:00:00,<function <lambda> at 0x7fa4962879f0>,<function <lambda> at 0x7fa496287a90>,<function <lambda> at 0x7fa496287b30>
28535,2023-04-03 22:00:00,<function <lambda> at 0x7fa4962879f0>,<function <lambda> at 0x7fa496287a90>,<function <lambda> at 0x7fa496287b30>
28536,2023-04-03 23:00:00,<function <lambda> at 0x7fa4962879f0>,<function <lambda> at 0x7fa496287a90>,<function <lambda> at 0x7fa496287b30>
28537,2023-04-04 00:00:00,<function <lambda> at 0x7fa4962879f0>,<function <lambda> at 0x7fa496287a90>,<function <lambda> at 0x7fa496287b30>
28538,2023-04-04 01:00:00,<function <lambda> at 0x7fa4962879f0>,<function <lambda> at 0x7fa496287a90>,<function <lambda> at 0x7fa496287b30>
28539,2023-04-04 02:00:00,<function <lambda> at 0x7fa4962879f0>,<function <lambda> at 0x7fa496287a90>,<function <lambda> at 0x7fa496287b30>
28540,2023-04-04 03:00:00,<function <lambda> at 0x7fa4962879f0>,<function <lambda> at 0x7fa496287a90>,<function <lambda> at 0x7fa496287b30>
28541,2023-04-04 04:00:00,<function <lambda> at 0x7fa4962879f0>,<function <lambda> at 0x7fa496287a90>,<function <lambda> at 0x7fa496287b30>
28542,2023-04-04 05:00:00,<function <lambda> at 0x7fa4962879f0>,<function <lambda> at 0x7fa496287a90>,<function <lambda> at 0x7fa496287b30>
28543,2023-04-04 06:00:00,<function <lambda> at 0x7fa4962879f0>,<function <lambda> at 0x7fa496287a90>,<function <lambda> at 0x7fa496287b30>
28544,2023-04-04 07:00:00,<function <lambda> at 0x7fa4962879f0>,<function <lambda> at 0x7fa496287a90>,<function <lambda> at 0x7fa496287b30>
28545,2023-04-04 08:00:00,<function <lambda> at 0x7fa4962879f0>,<function <lambda> at 0x7fa496287a90>,<function <lambda> at 0x7fa496287b30>
28546,2023-04-04 09:00:00,<function <lambda> at 0x7fa4962879f0>,<function <lambda> at 0x7fa496287a90>,<function <lambda> at 0x7fa496287b30>
28547,2023-04-04 10:00:00,<function <lambda> at 0x7fa4962879f0>,<function <lambda> at 0x7fa496287a90>,<function <lambda> at 0x7fa496287b30>
28548,2023-04-04 11:00:00,<function <lambda> at 0x7fa4962879f0>,<function <lambda> at 0x7fa496287a90>,<function <lambda> at 0x7fa496287b30>
28549,2023-04-04 12:00:00,<function <lambda> at 0x7fa4962879f0>,<function <lambda> at 0x7fa496287a90>,<function <lambda> at 0x7fa496287b30>
28550,2023-04-04 13:00:00,<function <lambda> at 0x7fa4962879f0>,<function <lambda> at 0x7fa496287a90>,<function <lambda> at 0x7fa496287b30>
28551,2023-04-04 14:00:00,<function <lambda> at 0x7fa4962879f0>,<function <lambda> at 0x7fa496287a90>,<function <lambda> at 0x7fa496287b30>
28552,2023-04-04 15:00:00,<function <lambda> at 0x7fa4962879f0>,<function <lambda> at 0x7fa496287a90>,<function <lambda> at 0x7fa496287b30>
28553,2023-04-04 16:00:00,<function <lambda> at 0x7fa4962879f0>,<function <lambda> at 0x7fa496287a90>,<function <lambda> at 0x7fa496287b30>
28554,2023-04-04 17:00:00,<function <lambda> at 0x7fa4962879f0>,<function <lambda> at 0x7fa496287a90>,<function <lambda> at 0x7fa496287b30>
28555,2023-04-04 18:00:00,<function <lambda> at 0x7fa4962879f0>,<function <lambda> at 0x7fa496287a90>,<function <lambda> at 0x7fa496287b30>
28556,2023-04-04 19:00:00,<function <lambda> at 0x7fa4962879f0>,<function <lambda> at 0x7fa496287a90>,<function <lambda> at 0x7fa496287b30>
28557,2023-04-04 20:00:00,<function <lambda> at 0x7fa4962879f0>,<function <lambda> at 0x7fa496287a90>,<function <lambda> at 0x7fa496287b30>
28558,2023-04-04 21:00:00,<function <lambda> at 0x7fa4962879f0>,<function <lambda> at 0x7fa496287a90>,<function <lambda> at 0x7fa496287b30>
28559,2023-04-04 22:00:00,<function <lambda> at 0x7fa4962879f0>,<function <lambda> at 0x7fa496287a90>,<function <lambda> at 0x7fa496287b30>
28560,2023-04-04 23:00:00,<function <lambda> at 0x7fa4962879f0>,<function <lambda> at 0x7fa496287a90>,<function <lambda> at 0x7fa496287b30>
28561,2023-04-05 00:00:00,<function <lambda> at 0x7fa4962879f0>,<function <lambda> at 0x7fa496287a90>,<function <lambda> at 0x7fa496287b30>
28562,2023-04-05 01:00:00,<function <lambda> at 0x7fa4962879f0>,<function <lambda> at 0x7fa496287a90>,<function <lambda> at 0x7fa496287b30>
28563,2023-04-05 02:00:00,<function <lambda> at 0x7fa4962879f0>,<function <lambda> at 0x7fa496287a90>,<function <lambda> at 0x7fa496287b30>
28564,2023-04-05 03:00:00,<function <lambda> at 0x7fa4962879f0>,<function <lambda> at 0x7fa496287a90>,<function <lambda> at 0x7fa496287b30>
28565,2023-04-05 04:00:00,<function <lambda> at 0x7fa4962879f0>,<function <lambda> at 0x7fa496287a90>,<function <lambda> at 0x7fa496287b30>
28566,2023-04-05 05:00:00,<function <lambda> at 0x7fa4962879f0>,<function <lambda> at 0x7fa496287a90>,<function <lambda> at 0x7fa496287b30>
28567,2023-04-05 06:00:00,<function <lambda> at 0x7fa4962879f0>,<function <lambda> at 0x7fa496287a90>,<function <lambda> at 0x7fa496287b30>
28568,2023-04-05 07:00:00,<function <lambda> at 0x7fa4962879f0>,<function <lambda> at 0x7fa496287a90>,<function <lambda> at 0x7fa496287b30>
28569,2023-04-05 08:00:00,<function <lambda> at 0x7fa4962879f0>,<function <lambda> at 0x7fa496287a90>,<function <lambda> at 0x7fa496287b30>
28570,2023-04-05 09:00:00,<function <lambda> at 0x7fa4962879f0>,<function <lambda> at 0x7fa496287a90>,<function <lambda> at 0x7fa496287b30>
28571,2023-04-05 10:00:00,<function <lambda> at 0x7fa4962879f0>,<function <lambda> at 0x7fa496287a90>,<function <lambda> at 0x7fa496287b30>
28572,2023-04-05 11:00:00,<function <lambda> at 0x7fa4962879f0>,<function <lambda> at 0x7fa496287a90>,<function <lambda> at 0x7fa496287b30>
28573,2023-04-05 12:00:00,<function <lambda> at 0x7fa4962879f0>,<function <lambda> at 0x7fa496287a90>,<function <lambda> at 0x7fa496287b30>
28574,2023-04-05 13:00:00,<function <lambda> at 0x7fa4962879f0>,<function <lambda> at 0x7fa496287a90>,<function <lambda> at 0x7fa496287b30>
28575,2023-04-05 14:00:00,<function <lambda> at 0x7fa4962879f0>,<function <lambda> at 0x7fa496287a90>,<function <lambda> at 0x7fa496287b30>
28576,2023-04-05 15:00:00,<function <lambda> at 0x7fa4962879f0>,<function <lambda> at 0x7fa496287a90>,<function <lambda> at 0x7fa496287b30>
28577,2023-04-05 16:00:00,<function <lambda> at 0x7fa4962879f0>,<function <lambda> at 0x7fa496287a90>,<function <lambda> at 0x7fa496287b30>
28578,2023-04-05 17:00:00,<function <lambda> at 0x7fa4962879f0>,<function <lambda> at 0x7fa496287a90>,<function <lambda> at 0x7fa496287b30>
28579,2023-04-05 18:00:00,<function <lambda> at 0x7fa4962879f0>,<function <lambda> at 0x7fa496287a90>,<function <lambda> at 0x7fa496287b30>
28580,2023-04-05 19:00:00,<function <lambda> at 0x7fa4962879f0>,<function <lambda> at 0x7fa496287a90>,<function <lambda> at 0x7fa496287b30>
28581,2023-04-05 20:00:00,<function <lambda> at 0x7fa4962879f0>,<function <lambda> at 0x7fa496287a90>,<function <lambda> at 0x7fa496287b30>
28582,2023-04-05 21:00:00,<function <lambda> at 0x7fa4962879f0>,<function <lambda> at 0x7fa496287a90>,<function <lambda> at 0x7fa496287b30>
28583,2023-04-05 22:00:00,<function <lambda> at 0x7fa4962879f0>,<function <lambda> at 0x7fa496287a90>,<function <lambda> at 0x7fa496287b30>
28584,2023-04-05 23:00:00,<function <lambda> at 0x7fa4962879f0>,<function <lambda> at 0x7fa496287a90>,<function <lambda> at 0x7fa496287b30>
28585,2023-04-06 00:00:00,<function <lambda> at 0x7fa4962879f0>,<function <lambda> at 0x7fa496287a90>,<function <lambda> at 0x7fa496287b30>
28586,2023-04-06 01:00:00,<function <lambda> at 0x7fa4962879f0>,<function <lambda> at 0x7fa496287a90>,<function <lambda> at 0x7fa496287b30>
28587,2023-04-06 02:00:00,<function <lambda> at 0x7fa4962879f0>,<function <lambda> at 0x7fa496287a90>,<function <lambda> at 0x7fa496287b30>
28588,2023-04-06 03:00:00,<function <lambda> at 0x7fa4962879f0>,<function <lambda> at 0x7fa496287a90>,<function <lambda> at 0x7fa496287b30>
28589,2023-04-06 04:00:00,<function <lambda> at 0x7fa4962879f0>,<function <lambda> at 0x7fa496287a90>,<function <lambda> at 0x7fa496287b30>
28590,2023-04-06 05:00:00,<function <lambda> at 0x7fa4962879f0>,<function <lambda> at 0x7fa496287a90>,<function <lambda> at 0x7fa496287b30>
28591,2023-04-06 06:00:00,<function <lambda> at 0x7fa4962879f0>,<function <lambda> at 0x7fa496287a90>,<function <lambda> at 0x7fa496287b30>
28592,2023-04-06 07:00:00,<function <lambda> at 0x7fa4962879f0>,<function <lambda> at 0x7fa496287a90>,<function <lambda> at 0x7fa496287b30>
28593,2023-04-06 08:00:00,<function <lambda> at 0x7fa4962879f0>,<function <lambda> at 0x7fa496287a90>,<function <lambda> at 0x7fa496287b30>
28594,2023-04-06 09:00:00,<function <lambda> at 0x7fa4962879f0>,<function <lambda> at 0x7fa496287a90>,<function <lambda> at 0x7fa496287b30>
28595,2023-04-06 10:00:00,<function <lambda> at 0x7fa4962879f0>,<function <lambda> at 0x7fa496287a90>,<function <lambda> at 0x7fa496287b30>
28596,2023-04-06 11:00:00,<function <lambda> at 0x7fa4962879f0>,<function <lambda> at 0x7fa496287a90>,<function <lambda> at 0x7fa496287b30>
28597,2023-04-06 12:00:00,<function <lambda> at 0x7fa4962879f0>,<function <lambda> at 0x7fa496287a90>,<function <lambda> at 0x7fa496287b30>
28598,2023-04-06 13:00:00,<function <lambda> at 0x7fa4962879f0>,<function <lambda> at 0x7fa496287a90>,<function <lambda> at 0x7fa496287b30>
28599,2023-04-06 14:00:00,<function <lambda> at 0x7fa4962879f0>,<function <lambda> at 0x7fa496287a90>,<function <lambda> at 0x7fa496287b30>
28600,2023-04-06 15:00:00,<function <lambda> at 0x7fa4962879f0>,<function <lambda> at 0x7fa496287a90>,<function <lambda> at 0x7fa496287b30>
28601,2023-04-06 16:00:00,<function <lambda> at 0x7fa4962879f0>,<function <lambda> at 0x7fa496287a90>,<function <lambda> at 0x7fa496287b30>
28602,2023-04-06 17:00:00,<function <lambda> at 0x7fa4962879f0>,<function <lambda> at 0x7fa496287a90>,<function <lambda> at 0x7fa496287b30>
28603,2023-04-06 18:00:00,<function <lambda> at 0x7fa4962879f0>,<function <lambda> at 0x7fa496287a90>,<function <lambda> at 0x7fa496287b30>
28604,2023-04-06 19:00:00,<function <lambda> at 0x7fa4962879f0>,<function <lambda> at 0x7fa496287a90>,<function <lambda> at 0x7fa496287b30>
28605,2023-04-06 20:00:00,<function <lambda> at 0x7fa4962879f0>,<function <lambda> at 0x7fa496287a90>,<function <lambda> at 0x7fa496287b30>
28606,2023-04-06 21:00:00,<function <lambda> at 0x7fa4962879f0>,<function <lambda> at 0x7fa496287a90>,<function <lambda> at 0x7fa496287b30>
28607,2023-04-06 22:00:00,<function <lambda> at 0x7fa4962879f0>,<function <lambda> at 0x7fa496287a90>,<function <lambda> at 0x7fa496287b30>
28608,2023-04-06 23:00:00,<function <lambda> at 0x7fa4962879f0>,<function <lambda> at 0x7fa496287a90>,<function <lambda> at 0x7fa496287b30>
28609,2023-04-07 00:00:00,<function <lambda> at 0x7fa4962879f0>,<function <lambda> at 0x7fa496287a90>,<function <lambda> at 0x7fa496287b30>
28610,2023-04-07 01:00:00,<function <lambda> at 0x7fa4962879f0>,<function <lambda> at 0x7fa496287a90>,<function <lambda> at 0x7fa496287b30>
28611,2023-04-07 02:00:00,<function <lambda> at 0x7fa4962879f0>,<function <lambda> at 0x7fa496287a90>,<function <lambda> at 0x7fa496287b30>
28612,2023-04-07 03:00:00,<function <lambda> at 0x7fa4962879f0>,<function <lambda> at 0x7fa496287a90>,<function <lambda> at 0x7fa496287b30>
28613,2023-04-07 04:00:00,<function <lambda> at 0x7fa4962879f0>,<function <lambda> at 0x7fa496287a90>,<function <lambda> at 0x7fa496287b30>
28614,2023-04-07 05:00:00,<function <lambda> at 0x7fa4962879f0>,<function <lambda> at 0x7fa496287a90>,<function <lambda> at 0x7fa496287b30>
28615,2023-04-07 06:00:00,<function <lambda> at 0x7fa4962879f0>,<function <lambda> at 0x7fa496287a90>,<function <lambda> at 0x7fa496287b30>
28616,2023-04-07 07:00:00,<function <lambda> at 0x7fa4962879f0>,<function <lambda> at 0x7fa496287a90>,<function <lambda> at 0x7fa496287b30>
28617,2023-04-07 08:00:00,<function <lambda> at 0x7fa4962879f0>,<function <lambda> at 0x7fa496287a90>,<function <lambda> at 0x7fa496287b30>
28618,2023-04-07 09:00:00,<function <lambda> at 0x7fa4962879f0>,<function <lambda> at 0x7fa496287a90>,<function <lambda> at 0x7fa496287b30>
28619,2023-04-07 10:00:00,<function <lambda> at 0x7fa4962879f0>,<function <lambda> at 0x7fa496287a90>,<function <lambda> at 0x7fa496287b30>
28620,2023-04-07 11:00:00,<function <lambda> at 0x7fa4962879f0>,<function <lambda> at 0x7fa496287a90>,<function <lambda> at 0x7fa496287b30>
28621,2023-04-07 12:00:00,<function <lambda> at 0x7fa4962879f0>,<function <lambda> at 0x7fa496287a90>,<function <lambda> at 0x7fa496287b30>
28622,2023-04-07 13:00:00,<function <lambda> at 0x7fa4962879f0>,<function <lambda> at 0x7fa496287a90>,<function <lambda> at 0x7fa496287b30>
28623,2023-04-07 14:00:00,<function <lambda> at 0x7fa4962879f0>,<function <lambda> at 0x7fa496287a90>,<function <lambda> at 0x7fa496287b30>
28624,2023-04-07 15:00:00,<function <lambda> at 0x7fa4962879f0>,<function <lambda> at 0x7fa496287a90>,<function <lambda> at 0x7fa496287b30>
28625,2023-04-07 16:00:00,<function <lambda> at 0x7fa4962879f0>,<function <lambda> at 0x7fa496287a90>,<function <lambda> at 0x7fa496287b30>
28626,2023-04-07 17:00:00,<function <lambda> at 0x7fa4962879f0>,<function <lambda> at 0x7fa496287a90>,<function <lambda> at 0x7fa496287b30>
28627,2023-04-07 18:00:00,<function <lambda> at 0x7fa4962879f0>,<function <lambda> at 0x7fa496287a90>,<function <lambda> at 0x7fa496287b30>
28628,2023-04-07 19:00:00,<function <lambda> at 0x7fa4962879f0>,<function <lambda> at 0x7fa496287a90>,<function <lambda> at 0x7fa496287b30>
28629,2023-04-07 20:00:00,<function <lambda> at 0x7fa4962879f0>,<function <lambda> at 0x7fa496287a90>,<function <lambda> at 0x7fa496287b30>
28630,2023-04-07 21:00:00,<function <lambda> at 0x7fa4962879f0>,<function <lambda> at 0x7fa496287a90>,<function <lambda> at 0x7fa496287b30>
28631,2023-04-07 22:00:00,<function <lambda> at 0x7fa4962879f0>,<function <lambda> at 0x7fa496287a90>,<function <lambda> at 0x7fa496287b30>
28632,2023-04-07 23:00:00,<function <lambda> at 0x7fa4962879f0>,<function <lambda> at 0x7fa496287a90>,<function <lambda> at 0x7fa496287b30>
28633,2023-04-08 00:00:00,<function <lambda> at 0x7fa4962879f0>,<function <lambda> at 0x7fa496287a90>,<function <lambda> at 0x7fa496287b30>
28634,2023-04-08 01:00:00,<function <lambda> at 0x7fa4962879f0>,<function <lambda> at 0x7fa496287a90>,<function <lambda> at 0x7fa496287b30>
28635,2023-04-08 02:00:00,<function <lambda> at 0x7fa4962879f0>,<function <lambda> at 0x7fa496287a90>,<function <lambda> at 0x7fa496287b30>
28636,2023-04-08 03:00:00,<function <lambda> at 0x7fa4962879f0>,<function <lambda> at 0x7fa496287a90>,<function <lambda> at 0x7fa496287b30>
28637,2023-04-08 04:00:00,<function <lambda> at 0x7fa4962879f0>,<function <lambda> at 0x7fa496287a90>,<function <lambda> at 0x7fa496287b30>
28638,2023-04-08 05:00:00,<function <lambda> at 0x7fa4962879f0>,<function <lambda> at 0x7fa496287a90>,<function <lambda> at 0x7fa496287b30>
28639,2023-04-08 06:00:00,<function <lambda> at 0x7fa4962879f0>,<function <lambda> at 0x7fa496287a90>,<function <lambda> at 0x7fa496287b30>
28640,2023-04-08 07:00:00,<function <lambda> at 0x7fa4962879f0>,<function <lambda> at 0x7fa496287a90>,<function <lambda> at 0x7fa496287b30>
28641,2023-04-08 08:00:00,<function <lambda> at 0x7fa4962879f0>,<function <lambda> at 0x7fa496287a90>,<function <lambda> at 0x7fa496287b30>
28642,2023-04-08 09:00:00,<function <lambda> at 0x7fa4962879f0>,<function <lambda> at 0x7fa496287a90>,<function <lambda> at 0x7fa496287b30>
28643,2023-04-08 10:00:00,<function <lambda> at 0x7fa4962879f0>,<function <lambda> at 0x7fa496287a90>,<function <lambda> at 0x7fa496287b30>
28644,2023-04-08 11:00:00,<function <lambda> at 0x7fa4962879f0>,<function <lambda> at 0x7fa496287a90>,<function <lambda> at 0x7fa496287b30>
28645,2023-04-08 12:00:00,<function <lambda> at 0x7fa4962879f0>,<function <lambda> at 0x7fa496287a90>,<function <lambda> at 0x7fa496287b30>
28646,2023-04-08 13:00:00,<function <lambda> at 0x7fa4962879f0>,<function <lambda> at 0x7fa496287a90>,<function <lambda> at 0x7fa496287b30>
28647,2023-04-08 14:00:00,<function <lambda> at 0x7fa4962879f0>,<function <lambda> at 0x7fa496287a90>,<function <lambda> at 0x7fa496287b30>
28648,2023-04-08 15:00:00,<function <lambda> at 0x7fa4962879f0>,<function <lambda> at 0x7fa496287a90>,<function <lambda> at 0x7fa496287b30>
28649,2023-04-08 16:00:00,<function <lambda> at 0x7fa4962879f0>,<function <lambda> at 0x7fa496287a90>,<function <lambda> at 0x7fa496287b30>
28650,2023-04-08 17:00:00,<function <lambda> at 0x7fa4962879f0>,<function <lambda> at 0x7fa496287a90>,<function <lambda> at 0x7fa496287b30>
28651,2023-04-08 18:00:00,<function <lambda> at 0x7fa4962879f0>,<function <lambda> at 0x7fa496287a90>,<function <lambda> at 0x7fa496287b30>
28652,2023-04-08 19:00:00,<function <lambda> at 0x7fa4962879f0>,<function <lambda> at 0x7fa496287a90>,<function <lambda> at 0x7fa496287b30>
28653,2023-04-08 20:00:00,<function <lambda> at 0x7fa4962879f0>,<function <lambda> at 0x7fa496287a90>,<function <lambda> at 0x7fa496287b30>
28654,2023-04-08 21:00:00,<function <lambda> at 0x7fa4962879f0>,<function <lambda> at 0x7fa496287a90>,<function <lambda> at 0x7fa496287b30>
28655,2023-04-08 22:00:00,<function <lambda> at 0x7fa4962879f0>,<function <lambda> at 0x7fa496287a90>,<function <lambda> at 0x7fa496287b30>
28656,2023-04-08 23:00:00,<function <lambda> at 0x7fa4962879f0>,<function <lambda> at 0x7fa496287a90>,<function <lambda> at 0x7fa496287b30>
28657,2023-04-09 00:00:00,<function <lambda> at 0x7fa4962879f0>,<function <lambda> at 0x7fa496287a90>,<function <lambda> at 0x7fa496287b30>
28658,2023-04-09 01:00:00,<function <lambda> at 0x7fa4962879f0>,<function <lambda> at 0x7fa496287a90>,<function <lambda> at 0x7fa496287b30>
28659,2023-04-09 02:00:00,<function <lambda> at 0x7fa4962879f0>,<function <lambda> at 0x7fa496287a90>,<function <lambda> at 0x7fa496287b30>
28660,2023-04-09 03:00:00,<function <lambda> at 0x7fa4962879f0>,<function <lambda> at 0x7fa496287a90>,<function <lambda> at 0x7fa496287b30>
28661,2023-04-09 04:00:00,<function <lambda> at 0x7fa4962879f0>,<function <lambda> at 0x7fa496287a90>,<function <lambda> at 0x7fa496287b30>
28662,2023-04-09 05:00:00,<function <lambda> at 0x7fa4962879f0>,<function <lambda> at 0x7fa496287a90>,<function <lambda> at 0x7fa496287b30>
28663,2023-04-09 06:00:00,<function <lambda> at 0x7fa4962879f0>,<function <lambda> at 0x7fa496287a90>,<function <lambda> at 0x7fa496287b30>
28664,2023-04-09 07:00:00,<function <lambda> at 0x7fa4962879f0>,<function <lambda> at 0x7fa496287a90>,<function <lambda> at 0x7fa496287b30>
28665,2023-04-09 08:00:00,<function <lambda> at 0x7fa4962879f0>,<function <lambda> at 0x7fa496287a90>,<function <lambda> at 0x7fa496287b30>
28666,2023-04-09 09:00:00,<function <lambda> at 0x7fa4962879f0>,<function <lambda> at 0x7fa496287a90>,<function <lambda> at 0x7fa496287b30>
28667,2023-04-09 10:00:00,<function <lambda> at 0x7fa4962879f0>,<function <lambda> at 0x7fa496287a90>,<function <lambda> at 0x7fa496287b30>
28668,2023-04-09 11:00:00,<function <lambda> at 0x7fa4962879f0>,<function <lambda> at 0x7fa496287a90>,<function <lambda> at 0x7fa496287b30>
28669,2023-04-09 12:00:00,<function <lambda> at 0x7fa4962879f0>,<function <lambda> at 0x7fa496287a90>,<function <lambda> at 0x7fa496287b30>
28670,2023-04-09 13:00:00,<function <lambda> at 0x7fa4962879f0>,<function <lambda> at 0x7fa496287a90>,<function <lambda> at 0x7fa496287b30>
28671,2023-04-09 14:00:00,<function <lambda> at 0x7fa4962879f0>,<function <lambda> at 0x7fa496287a90>,<function <lambda> at 0x7fa496287b30>
28672,2023-04-09 15:00:00,<function <lambda> at 0x7fa4962879f0>,<function <lambda> at 0x7fa496287a90>,<function <lambda> at 0x7fa496287b30>
28673,2023-04-09 16:00:00,<function <lambda> at 0x7fa4962879f0>,<function <lambda> at 0x7fa496287a90>,<function <lambda> at 0x7fa496287b30>
28674,2023-04-09 17:00:00,<function <lambda> at 0x7fa4962879f0>,<function <lambda> at 0x7fa496287a90>,<function <lambda> at 0x7fa496287b30>
28675,2023-04-09 18:00:00,<function <lambda> at 0x7fa4962879f0>,<function <lambda> at 0x7fa496287a90>,<function <lambda> at 0x7fa496287b30>
28676,2023-04-09 19:00:00,<function <lambda> at 0x7fa4962879f0>,<function <lambda> at 0x7fa496287a90>,<function <lambda> at 0x7fa496287b30>
28677,2023-04-09 20:00:00,<function <lambda> at 0x7fa4962879f0>,<function <lambda> at 0x7fa496287a90>,<function <lambda> at 0x7fa496287b30>
28678,2023-04-09 21:00:00,<function <lambda> at 0x7fa4962879f0>,<function <lambda> at 0x7fa496287a90>,<function <lambda> at 0x7fa496287b30>
28679,2023-04-09 22:00:00,<function <lambda> at 0x7fa4962879f0>,<function <lambda> at 0x7fa496287a90>,<function <lambda> at 0x7fa496287b30>
28680,2023-04-09 23:00:00,<function <lambda> at 0x7fa4962879f0>,<function <lambda> at 0x7fa496287a90>,<function <lambda> at 0x7fa496287b30>
28681,2023-04-10 00:00:00,<function <lambda> at 0x7fa4962879f0>,<function <lambda> at 0x7fa496287a90>,<function <lambda> at 0x7fa496287b30>
28682,2023-04-10 01:00:00,<function <lambda> at 0x7fa4962879f0>,<function <lambda> at 0x7fa496287a90>,<function <lambda> at 0x7fa496287b30>
28683,2023-04-10 02:00:00,<function <lambda> at 0x7fa4962879f0>,<function <lambda> at 0x7fa496287a90>,<function <lambda> at 0x7fa496287b30>
28684,2023-04-10 03:00:00,<function <lambda> at 0x7fa4962879f0>,<function <lambda> at 0x7fa496287a90>,<function <lambda> at 0x7fa496287b30>
28685,2023-04-10 04:00:00,<function <lambda> at 0x7fa4962879f0>,<function <lambda> at 0x7fa496287a90>,<function <lambda> at 0x7fa496287b30>
28686,2023-04-10 05:00:00,<function <lambda> at 0x7fa4962879f0>,<function <lambda> at 0x7fa496287a90>,<function <lambda> at 0x7fa496287b30>
28687,2023-04-10 06:00:00,<function <lambda> at 0x7fa4962879f0>,<function <lambda> at 0x7fa496287a90>,<function <lambda> at 0x7fa496287b30>
28688,2023-04-10 07:00:00,<function <lambda> at 0x7fa4962879f0>,<function <lambda> at 0x7fa496287a90>,<function <lambda> at 0x7fa496287b30>
28689,2023-04-10 08:00:00,<function <lambda> at 0x7fa4962879f0>,<function <lambda> at 0x7fa496287a90>,<function <lambda> at 0x7fa496287b30>
28690,2023-04-10 09:00:00,<function <lambda> at 0x7fa4962879f0>,<function <lambda> at 0x7fa496287a90>,<function <lambda> at 0x7fa496287b30>
28691,2023-04-10 10:00:00,<function <lambda> at 0x7fa4962879f0>,<function <lambda> at 0x7fa496287a90>,<function <lambda> at 0x7fa496287b30>
28692,2023-04-10 11:00:00,<function <lambda> at 0x7fa4962879f0>,<function <lambda> at 0x7fa496287a90>,<function <lambda> at 0x7fa496287b30>
28693,2023-04-10 12:00:00,<function <lambda> at 0x7fa4962879f0>,<function <lambda> at 0x7fa496287a90>,<function <lambda> at 0x7fa496287b30>
28694,2023-04-10 13:00:00,<function <lambda> at 0x7fa4962879f0>,<function <lambda> at 0x7fa496287a90>,<function <lambda> at 0x7fa496287b30>
28695,2023-04-10 14:00:00,<function <lambda> at 0x7fa4962879f0>,<function <lambda> at 0x7fa496287a90>,<function <lambda> at 0x7fa496287b30>
28696,2023-04-10 15:00:00,<function <lambda> at 0x7fa4962879f0>,<function <lambda> at 0x7fa496287a90>,<function <lambda> at 0x7fa496287b30>
28697,2023-04-10 16:00:00,<function <lambda> at 0x7fa4962879f0>,<function <lambda> at 0x7fa496287a90>,<function <lambda> at 0x7fa496287b30>
28698,2023-04-10 17:00:00,<function <lambda> at 0x7fa4962879f0>,<function <lambda> at 0x7fa496287a90>,<function <lambda> at 0x7fa496287b30>
28699,2023-04-10 18:00:00,<function <lambda> at 0x7fa4962879f0>,<function <lambda> at 0x7fa496287a90>,<function <lambda> at 0x7fa496287b30>
28700,2023-04-10 19:00:00,<function <lambda> at 0x7fa4962879f0>,<function <lambda> at 0x7fa496287a90>,<function <lambda> at 0x7fa496287b30>
28701,2023-04-10 20:00:00,<function <lambda> at 0x7fa4962879f0>,<function <lambda> at 0x7fa496287a90>,<function <lambda> at 0x7fa496287b30>
28702,2023-04-10 21:00:00,<function <lambda> at 0x7fa4962879f0>,<function <lambda> at 0x7fa496287a90>,<function <lambda> at 0x7fa496287b30>
28703,2023-04-10 22:00:00,<function <lambda> at 0x7fa4962879f0>,<function <lambda> at 0x7fa496287a90>,<function <lambda> at 0x7fa496287b30>
28704,2023-04-10 23:00:00,<function <lambda> at 0x7fa4962879f0>,<function <lambda> at 0x7fa496287a90>,<function <lambda> at 0x7fa496287b30>
28705,2023-04-11 00:00:00,<function <lambda> at 0x7fa4962879f0>,<function <lambda> at 0x7fa496287a90>,<function <lambda> at 0x7fa496287b30>
28706,2023-04-11 01:00:00,<function <lambda> at 0x7fa4962879f0>,<function <lambda> at 0x7fa496287a90>,<function <lambda> at 0x7fa496287b30>
28707,2023-04-11 02:00:00,<function <lambda> at 0x7fa4962879f0>,<function <lambda> at 0x7fa496287a90>,<function <lambda> at 0x7fa496287b30>
28708,2023-04-11 03:00:00,<function <lambda> at 0x7fa4962879f0>,<function <lambda> at 0x7fa496287a90>,<function <lambda> at 0x7fa496287b30>
28709,2023-04-11 04:00:00,<function <lambda> at 0x7fa4962879f0>,<function <lambda> at 0x7fa496287a90>,<function <lambda> at 0x7fa496287b30>
28710,2023-04-11 05:00:00,<function <lambda> at 0x7fa4962879f0>,<function <lambda> at 0x7fa496287a90>,<function <lambda> at 0x7fa496287b30>
28711,2023-04-11 06:00:00,<function <lambda> at 0x7fa4962879f0>,<function <lambda> at 0x7fa496287a90>,<function <lambda> at 0x7fa496287b30>
28712,2023-04-11 07:00:00,<function <lambda> at 0x7fa4962879f0>,<function <lambda> at 0x7fa496287a90>,<function <lambda> at 0x7fa496287b30>
28713,2023-04-11 08:00:00,<function <lambda> at 0x7fa4962879f0>,<function <lambda> at 0x7fa496287a90>,<function <lambda> at 0x7fa496287b30>
28714,2023-04-11 09:00:00,<function <lambda> at 0x7fa4962879f0>,<function <lambda> at 0x7fa496287a90>,<function <lambda> at 0x7fa496287b30>
28715,2023-04-11 10:00:00,<function <lambda> at 0x7fa4962879f0>,<function <lambda> at 0x7fa496287a90>,<function <lambda> at 0x7fa496287b30>
28716,2023-04-11 11:00:00,<function <lambda> at 0x7fa4962879f0>,<function <lambda> at 0x7fa496287a90>,<function <lambda> at 0x7fa496287b30>
28717,2023-04-11 12:00:00,<function <lambda> at 0x7fa4962879f0>,<function <lambda> at 0x7fa496287a90>,<function <lambda> at 0x7fa496287b30>
28718,2023-04-11 13:00:00,<function <lambda> at 0x7fa4962879f0>,<function <lambda> at 0x7fa496287a90>,<function <lambda> at 0x7fa496287b30>
28719,2023-04-11 14:00:00,<function <lambda> at 0x7fa4962879f0>,<function <lambda> at 0x7fa496287a90>,<function <lambda> at 0x7fa496287b30>
28720,2023-04-11 15:00:00,<function <lambda> at 0x7fa4962879f0>,<function <lambda> at 0x7fa496287a90>,<function <lambda> at 0x7fa496287b30>
28721,2023-04-11 16:00:00,<function <lambda> at 0x7fa4962879f0>,<function <lambda> at 0x7fa496287a90>,<function <lambda> at 0x7fa496287b30>
28722,2023-04-11 17:00:00,<function <lambda> at 0x7fa4962879f0>,<function <lambda> at 0x7fa496287a90>,<function <lambda> at 0x7fa496287b30>
28723,2023-04-11 18:00:00,<function <lambda> at 0x7fa4962879f0>,<function <lambda> at 0x7fa496287a90>,<function <lambda> at 0x7fa496287b30>
28724,2023-04-11 19:00:00,<function <lambda> at 0x7fa4962879f0>,<function <lambda> at 0x7fa496287a90>,<function <lambda> at 0x7fa496287b30>
28725,2023-04-11 20:00:00,<function <lambda> at 0x7fa4962879f0>,<function <lambda> at 0x7fa496287a90>,<function <lambda> at 0x7fa496287b30>
28726,2023-04-11 21:00:00,<function <lambda> at 0x7fa4962879f0>,<function <lambda> at 0x7fa496287a90>,<function <lambda> at 0x7fa496287b30>
28727,2023-04-11 22:00:00,<function <lambda> at 0x7fa4962879f0>,<function <lambda> at 0x7fa496287a90>,<function <lambda> at 0x7fa496287b30>
28728,2023-04-11 23:00:00,<function <lambda> at 0x7fa4962879f0>,<function <lambda> at 0x7fa496287a90>,<function <lambda> at 0x7fa496287b30>
28729,2023-04-12 00:00:00,<function <lambda> at 0x7fa4962879f0>,<function <lambda> at 0x7fa496287a90>,<function <lambda> at 0x7fa496287b30>
28730,2023-04-12 01:00:00,<function <lambda> at 0x7fa4962879f0>,<function <lambda> at 0x7fa496287a90>,<function <lambda> at 0x7fa496287b30>
28731,2023-04-12 02:00:00,<function <lambda> at 0x7fa4962879f0>,<function <lambda> at 0x7fa496287a90>,<function <lambda> at 0x7fa496287b30>
28732,2023-04-12 03:00:00,<function <lambda> at 0x7fa4962879f0>,<function <lambda> at 0x7fa496287a90>,<function <lambda> at 0x7fa496287b30>
28733,2023-04-12 04:00:00,<function <lambda> at 0x7fa4962879f0>,<function <lambda> at 0x7fa496287a90>,<function <lambda> at 0x7fa496287b30>
28734,2023-04-12 05:00:00,<function <lambda> at 0x7fa4962879f0>,<function <lambda> at 0x7fa496287a90>,<function <lambda> at 0x7fa496287b30>
28735,2023-04-12 06:00:00,<function <lambda> at 0x7fa4962879f0>,<function <lambda> at 0x7fa496287a90>,<function <lambda> at 0x7fa496287b30>
28736,2023-04-12 07:00:00,<function <lambda> at 0x7fa4962879f0>,<function <lambda> at 0x7fa496287a90>,<function <lambda> at 0x7fa496287b30>
28737,2023-04-12 08:00:00,<function <lambda> at 0x7fa4962879f0>,<function <lambda> at 0x7fa496287a90>,<function <lambda> at 0x7fa496287b30>
28738,2023-04-12 09:00:00,<function <lambda> at 0x7fa4962879f0>,<function <lambda> at 0x7fa496287a90>,<function <lambda> at 0x7fa496287b30>
28739,2023-04-12 10:00:00,<function <lambda> at 0x7fa4962879f0>,<function <lambda> at 0x7fa496287a90>,<function <lambda> at 0x7fa496287b30>
28740,2023-04-12 11:00:00,<function <lambda> at 0x7fa4962879f0>,<function <lambda> at 0x7fa496287a90>,<function <lambda> at 0x7fa496287b30>
28741,2023-04-12 12:00:00,<function <lambda> at 0x7fa4962879f0>,<function <lambda> at 0x7fa496287a90>,<function <lambda> at 0x7fa496287b30>
28742,2023-04-12 13:00:00,<function <lambda> at 0x7fa4962879f0>,<function <lambda> at 0x7fa496287a90>,<function <lambda> at 0x7fa496287b30>
28743,2023-04-12 14:00:00,<function <lambda> at 0x7fa4962879f0>,<function <lambda> at 0x7fa496287a90>,<function <lambda> at 0x7fa496287b30>
28744,2023-04-12 15:00:00,<function <lambda> at 0x7fa4962879f0>,<function <lambda> at 0x7fa496287a90>,<function <lambda> at 0x7fa496287b30>
28745,2023-04-12 16:00:00,<function <lambda> at 0x7fa4962879f0>,<function <lambda> at 0x7fa496287a90>,<function <lambda> at 0x7fa496287b30>
28746,2023-04-12 17:00:00,<function <lambda> at 0x7fa4962879f0>,<function <lambda> at 0x7fa496287a90>,<function <lambda> at 0x7fa496287b30>
28747,2023-04-12 18:00:00,<function <lambda> at 0x7fa4962879f0>,<function <lambda> at 0x7fa496287a90>,<function <lambda> at 0x7fa496287b30>
28748,2023-04-12 19:00:00,<function <lambda> at 0x7fa4962879f0>,<function <lambda> at 0x7fa496287a90>,<function <lambda> at 0x7fa496287b30>
28749,2023-04-12 20:00:00,<function <lambda> at 0x7fa4962879f0>,<function <lambda> at 0x7fa496287a90>,<function <lambda> at 0x7fa496287b30>
28750,2023-04-12 21:00:00,<function <lambda> at 0x7fa4962879f0>,<function <lambda> at 0x7fa496287a90>,<function <lambda> at 0x7fa496287b30>
28751,2023-04-12 22:00:00,<function <lambda> at 0x7fa4962879f0>,<function <lambda> at 0x7fa496287a90>,<function <lambda> at 0x7fa496287b30>
28752,2023-04-12 23:00:00,<function <lambda> at 0x7fa4962879f0>,<function <lambda> at 0x7fa496287a90>,<function <lambda> at 0x7fa496287b30>
28753,2023-04-13 00:00:00,<function <lambda> at 0x7fa4962879f0>,<function <lambda> at 0x7fa496287a90>,<function <lambda> at 0x7fa496287b30>
28754,2023-04-13 01:00:00,<function <lambda> at 0x7fa4962879f0>,<function <lambda> at 0x7fa496287a90>,<function <lambda> at 0x7fa496287b30>
28755,2023-04-13 02:00:00,<function <lambda> at 0x7fa4962879f0>,<function <lambda> at 0x7fa496287a90>,<function <lambda> at 0x7fa496287b30>
28756,2023-04-13 03:00:00,<function <lambda> at 0x7fa4962879f0>,<function <lambda> at 0x7fa496287a90>,<function <lambda> at 0x7fa496287b30>
28757,2023-04-13 04:00:00,<function <lambda> at 0x7fa4962879f0>,<function <lambda> at 0x7fa496287a90>,<function <lambda> at 0x7fa496287b30>
28758,2023-04-13 05:00:00,<function <lambda> at 0x7fa4962879f0>,<function <lambda> at 0x7fa496287a90>,<function <lambda> at 0x7fa496287b30>
28759,2023-04-13 06:00:00,<function <lambda> at 0x7fa4962879f0>,<function <lambda> at 0x7fa496287a90>,<function <lambda> at 0x7fa496287b30>
28760,2023-04-13 07:00:00,<function <lambda> at 0x7fa4962879f0>,<function <lambda> at 0x7fa496287a90>,<function <lambda> at 0x7fa496287b30>
28761,2023-04-13 08:00:00,<function <lambda> at 0x7fa4962879f0>,<function <lambda> at 0x7fa496287a90>,<function <lambda> at 0x7fa496287b30>
28762,2023-04-13 09:00:00,<function <lambda> at 0x7fa4962879f0>,<function <lambda> at 0x7fa496287a90>,<function <lambda> at 0x7fa496287b30>
28763,2023-04-13 10:00:00,<function <lambda> at 0x7fa4962879f0>,<function <lambda> at 0x7fa496287a90>,<function <lambda> at 0x7fa496287b30>
28764,2023-04-13 11:00:00,<function <lambda> at 0x7fa4962879f0>,<function <lambda> at 0x7fa496287a90>,<function <lambda> at 0x7fa496287b30>
28765,2023-04-13 12:00:00,<function <lambda> at 0x7fa4962879f0>,<function <lambda> at 0x7fa496287a90>,<function <lambda> at 0x7fa496287b30>
28766,2023-04-13 13:00:00,<function <lambda> at 0x7fa4962879f0>,<function <lambda> at 0x7fa496287a90>,<function <lambda> at 0x7fa496287b30>
28767,2023-04-13 14:00:00,<function <lambda> at 0x7fa4962879f0>,<function <lambda> at 0x7fa496287a90>,<function <lambda> at 0x7fa496287b30>
28768,2023-04-13 15:00:00,<function <lambda> at 0x7fa4962879f0>,<function <lambda> at 0x7fa496287a90>,<function <lambda> at 0x7fa496287b30>
28769,2023-04-13 16:00:00,<function <lambda> at 0x7fa4962879f0>,<function <lambda> at 0x7fa496287a90>,<function <lambda> at 0x7fa496287b30>
28770,2023-04-13 17:00:00,<function <lambda> at 0x7fa4962879f0>,<function <lambda> at 0x7fa496287a90>,<function <lambda> at 0x7fa496287b30>
28771,2023-04-13 18:00:00,<function <lambda> at 0x7fa4962879f0>,<function <lambda> at 0x7fa496287a90>,<function <lambda> at 0x7fa496287b30>
28772,2023-04-13 19:00:00,<function <lambda> at 0x7fa4962879f0>,<function <lambda> at 0x7fa496287a90>,<function <lambda> at 0x7fa496287b30>
28773,2023-04-13 20:00:00,<function <lambda> at 0x7fa4962879f0>,<function <lambda> at 0x7fa496287a90>,<function <lambda> at 0x7fa496287b30>
28774,2023-04-13 21:00:00,<function <lambda> at 0x7fa4962879f0>,<function <lambda> at 0x7fa496287a90>,<function <lambda> at 0x7fa496287b30>
28775,2023-04-13 22:00:00,<function <lambda> at 0x7fa4962879f0>,<function <lambda> at 0x7fa496287a90>,<function <lambda> at 0x7fa496287b30>
28776,2023-04-13 23:00:00,<function <lambda> at 0x7fa4962879f0>,<function <lambda> at 0x7fa496287a90>,<function <lambda> at 0x7fa496287b30>
28777,2023-04-14 00:00:00,<function <lambda> at 0x7fa4962879f0>,<function <lambda> at 0x7fa496287a90>,<function <lambda> at 0x7fa496287b30>
28778,2023-04-14 01:00:00,<function <lambda> at 0x7fa4962879f0>,<function <lambda> at 0x7fa496287a90>,<function <lambda> at 0x7fa496287b30>
28779,2023-04-14 02:00:00,<function <lambda> at 0x7fa4962879f0>,<function <lambda> at 0x7fa496287a90>,<function <lambda> at 0x7fa496287b30>
28780,2023-04-14 03:00:00,<function <lambda> at 0x7fa4962879f0>,<function <lambda> at 0x7fa496287a90>,<function <lambda> at 0x7fa496287b30>
28781,2023-04-14 04:00:00,<function <lambda> at 0x7fa4962879f0>,<function <lambda> at 0x7fa496287a90>,<function <lambda> at 0x7fa496287b30>
28782,2023-04-14 05:00:00,<function <lambda> at 0x7fa4962879f0>,<function <lambda> at 0x7fa496287a90>,<function <lambda> at 0x7fa496287b30>
28783,2023-04-14 06:00:00,<function <lambda> at 0x7fa4962879f0>,<function <lambda> at 0x7fa496287a90>,<function <lambda> at 0x7fa496287b30>
28784,2023-04-14 07:00:00,<function <lambda> at 0x7fa4962879f0>,<function <lambda> at 0x7fa496287a90>,<function <lambda> at 0x7fa496287b30>
28785,2023-04-14 08:00:00,<function <lambda> at 0x7fa4962879f0>,<function <lambda> at 0x7fa496287a90>,<function <lambda> at 0x7fa496287b30>
28786,2023-04-14 09:00:00,<function <lambda> at 0x7fa4962879f0>,<function <lambda> at 0x7fa496287a90>,<function <lambda> at 0x7fa496287b30>
28787,2023-04-14 10:00:00,<function <lambda> at 0x7fa4962879f0>,<function <lambda> at 0x7fa496287a90>,<function <lambda> at 0x7fa496287b30>
28788,2023-04-14 11:00:00,<function <lambda> at 0x7fa4962879f0>,<function <lambda> at 0x7fa496287a90>,<function <lambda> at 0x7fa496287b30>
28789,2023-04-14 12:00:00,<function <lambda> at 0x7fa4962879f0>,<function <lambda> at 0x7fa496287a90>,<function <lambda> at 0x7fa496287b30>
28790,2023-04-14 13:00:00,<function <lambda> at 0x7fa4962879f0>,<function <lambda> at 0x7fa496287a90>,<function <lambda> at 0x7fa496287b30>
28791,2023-04-14 14:00:00,<function <lambda> at 0x7fa4962879f0>,<function <lambda> at 0x7fa496287a90>,<function <lambda> at 0x7fa496287b30>
28792,2023-04-14 15:00:00,<function <lambda> at 0x7fa4962879f0>,<function <lambda> at 0x7fa496287a90>,<function <lambda> at 0x7fa496287b30>
28793,2023-04-14 16:00:00,<function <lambda> at 0x7fa4962879f0>,<function <lambda> at 0x7fa496287a90>,<function <lambda> at 0x7fa496287b30>
28794,2023-04-14 17:00:00,<function <lambda> at 0x7fa4962879f0>,<function <lambda> at 0x7fa496287a90>,<function <lambda> at 0x7fa496287b30>
28795,2023-04-14 18:00:00,<function <lambda> at 0x7fa4962879f0>,<function <lambda> at 0x7fa496287a90>,<function <lambda> at 0x7fa496287b30>
28796,2023-04-14 19:00:00,<function <lambda> at 0x7fa4962879f0>,<function <lambda> at 0x7fa496287a90>,<function <lambda> at 0x7fa496287b30>
28797,2023-04-14 20:00:00,<function <lambda> at 0x7fa4962879f0>,<function <lambda> at 0x7fa496287a90>,<function <lambda> at 0x7fa496287b30>
28798,2023-04-14 21:00:00,<function <lambda> at 0x7fa4962879f0>,<function <lambda> at 0x7fa496287a90>,<function <lambda> at 0x7fa496287b30>
28799,2023-04-14 22:00:00,<function <lambda> at 0x7fa4962879f0>,<function <lambda> at 0x7fa496287a90>,<function <lambda> at 0x7fa496287b30>
28800,2023-04-14 23:00:00,<function <lambda> at 0x7fa4962879f0>,<function <lambda> at 0x7fa496287a90>,<function <lambda> at 0x7fa496287b30>
28801,2023-04-15 00:00:00,<function <lambda> at 0x7fa4962879f0>,<function <lambda> at 0x7fa496287a90>,<function <lambda> at 0x7fa496287b30>
28802,2023-04-15 01:00:00,<function <lambda> at 0x7fa4962879f0>,<function <lambda> at 0x7fa496287a90>,<function <lambda> at 0x7fa496287b30>
28803,2023-04-15 02:00:00,<function <lambda> at 0x7fa4962879f0>,<function <lambda> at 0x7fa496287a90>,<function <lambda> at 0x7fa496287b30>
28804,2023-04-15 03:00:00,<function <lambda> at 0x7fa4962879f0>,<function <lambda> at 0x7fa496287a90>,<function <lambda> at 0x7fa496287b30>
28805,2023-04-15 04:00:00,<function <lambda> at 0x7fa4962879f0>,<function <lambda> at 0x7fa496287a90>,<function <lambda> at 0x7fa496287b30>
28806,2023-04-15 05:00:00,<function <lambda> at 0x7fa4962879f0>,<function <lambda> at 0x7fa496287a90>,<function <lambda> at 0x7fa496287b30>
28807,2023-04-15 06:00:00,<function <lambda> at 0x7fa4962879f0>,<function <lambda> at 0x7fa496287a90>,<function <lambda> at 0x7fa496287b30>
28808,2023-04-15 07:00:00,<function <lambda> at 0x7fa4962879f0>,<function <lambda> at 0x7fa496287a90>,<function <lambda> at 0x7fa496287b30>
28809,2023-04-15 08:00:00,<function <lambda> at 0x7fa4962879f0>,<function <lambda> at 0x7fa496287a90>,<function <lambda> at 0x7fa496287b30>
28810,2023-04-15 09:00:00,<function <lambda> at 0x7fa4962879f0>,<function <lambda> at 0x7fa496287a90>,<function <lambda> at 0x7fa496287b30>
28811,2023-04-15 10:00:00,<function <lambda> at 0x7fa4962879f0>,<function <lambda> at 0x7fa496287a90>,<function <lambda> at 0x7fa496287b30>
28812,2023-04-15 11:00:00,<function <lambda> at 0x7fa4962879f0>,<function <lambda> at 0x7fa496287a90>,<function <lambda> at 0x7fa496287b30>
28813,2023-04-15 12:00:00,<function <lambda> at 0x7fa4962879f0>,<function <lambda> at 0x7fa496287a90>,<function <lambda> at 0x7fa496287b30>
28814,2023-04-15 13:00:00,<function <lambda> at 0x7fa4962879f0>,<function <lambda> at 0x7fa496287a90>,<function <lambda> at 0x7fa496287b30>
28815,2023-04-15 14:00:00,<function <lambda> at 0x7fa4962879f0>,<function <lambda> at 0x7fa496287a90>,<function <lambda> at 0x7fa496287b30>
28816,2023-04-15 15:00:00,<function <lambda> at 0x7fa4962879f0>,<function <lambda> at 0x7fa496287a90>,<function <lambda> at 0x7fa496287b30>
28817,2023-04-15 16:00:00,<function <lambda> at 0x7fa4962879f0>,<function <lambda> at 0x7fa496287a90>,<function <lambda> at 0x7fa496287b30>
28818,2023-04-15 17:00:00,<function <lambda> at 0x7fa4962879f0>,<function <lambda> at 0x7fa496287a90>,<function <lambda> at 0x7fa496287b30>
28819,2023-04-15 18:00:00,<function <lambda> at 0x7fa4962879f0>,<function <lambda> at 0x7fa496287a90>,<function <lambda> at 0x7fa496287b30>
28820,2023-04-15 19:00:00,<function <lambda> at 0x7fa4962879f0>,<function <lambda> at 0x7fa496287a90>,<function <lambda> at 0x7fa496287b30>
28821,2023-04-15 20:00:00,<function <lambda> at 0x7fa4962879f0>,<function <lambda> at 0x7fa496287a90>,<function <lambda> at 0x7fa496287b30>
28822,2023-04-15 21:00:00,<function <lambda> at 0x7fa4962879f0>,<function <lambda> at 0x7fa496287a90>,<function <lambda> at 0x7fa496287b30>
28823,2023-04-15 22:00:00,<function <lambda> at 0x7fa4962879f0>,<function <lambda> at 0x7fa496287a90>,<function <lambda> at 0x7fa496287b30>
28824,2023-04-15 23:00:00,<function <lambda> at 0x7fa4962879f0>,<function <lambda> at 0x7fa496287a90>,<function <lambda> at 0x7fa496287b30>
28825,2023-04-16 00:00:00,<function <lambda> at 0x7fa4962879f0>,<function <lambda> at 0x7fa496287a90>,<function <lambda> at 0x7fa496287b30>
28826,2023-04-16 01:00:00,<function <lambda> at 0x7fa4962879f0>,<function <lambda> at 0x7fa496287a90>,<function <lambda> at 0x7fa496287b30>
28827,2023-04-16 02:00:00,<function <lambda> at 0x7fa4962879f0>,<function <lambda> at 0x7fa496287a90>,<function <lambda> at 0x7fa496287b30>
28828,2023-04-16 03:00:00,<function <lambda> at 0x7fa4962879f0>,<function <lambda> at 0x7fa496287a90>,<function <lambda> at 0x7fa496287b30>
28829,2023-04-16 04:00:00,<function <lambda> at 0x7fa4962879f0>,<function <lambda> at 0x7fa496287a90>,<function <lambda> at 0x7fa496287b30>
28830,2023-04-16 05:00:00,<function <lambda> at 0x7fa4962879f0>,<function <lambda> at 0x7fa496287a90>,<function <lambda> at 0x7fa496287b30>
28831,2023-04-16 06:00:00,<function <lambda> at 0x7fa4962879f0>,<function <lambda> at 0x7fa496287a90>,<function <lambda> at 0x7fa496287b30>
28832,2023-04-16 07:00:00,<function <lambda> at 0x7fa4962879f0>,<function <lambda> at 0x7fa496287a90>,<function <lambda> at 0x7fa496287b30>
28833,2023-04-16 08:00:00,<function <lambda> at 0x7fa4962879f0>,<function <lambda> at 0x7fa496287a90>,<function <lambda> at 0x7fa496287b30>
28834,2023-04-16 09:00:00,<function <lambda> at 0x7fa4962879f0>,<function <lambda> at 0x7fa496287a90>,<function <lambda> at 0x7fa496287b30>
28835,2023-04-16 10:00:00,<function <lambda> at 0x7fa4962879f0>,<function <lambda> at 0x7fa496287a90>,<function <lambda> at 0x7fa496287b30>
28836,2023-04-16 11:00:00,<function <lambda> at 0x7fa4962879f0>,<function <lambda> at 0x7fa496287a90>,<function <lambda> at 0x7fa496287b30>
28837,2023-04-16 12:00:00,<function <lambda> at 0x7fa4962879f0>,<function <lambda> at 0x7fa496287a90>,<function <lambda> at 0x7fa496287b30>
28838,2023-04-16 13:00:00,<function <lambda> at 0x7fa4962879f0>,<function <lambda> at 0x7fa496287a90>,<function <lambda> at 0x7fa496287b30>
28839,2023-04-16 14:00:00,<function <lambda> at 0x7fa4962879f0>,<function <lambda> at 0x7fa496287a90>,<function <lambda> at 0x7fa496287b30>
28840,2023-04-16 15:00:00,<function <lambda> at 0x7fa4962879f0>,<function <lambda> at 0x7fa496287a90>,<function <lambda> at 0x7fa496287b30>
28841,2023-04-16 16:00:00,<function <lambda> at 0x7fa4962879f0>,<function <lambda> at 0x7fa496287a90>,<function <lambda> at 0x7fa496287b30>
28842,2023-04-16 17:00:00,<function <lambda> at 0x7fa4962879f0>,<function <lambda> at 0x7fa496287a90>,<function <lambda> at 0x7fa496287b30>
28843,2023-04-16 18:00:00,<function <lambda> at 0x7fa4962879f0>,<function <lambda> at 0x7fa496287a90>,<function <lambda> at 0x7fa496287b30>
28844,2023-04-16 19:00:00,<function <lambda> at 0x7fa4962879f0>,<function <lambda> at 0x7fa496287a90>,<function <lambda> at 0x7fa496287b30>
28845,2023-04-16 20:00:00,<function <lambda> at 0x7fa4962879f0>,<function <lambda> at 0x7fa496287a90>,<function <lambda> at 0x7fa496287b30>
28846,2023-04-16 21:00:00,<function <lambda> at 0x7fa4962879f0>,<function <lambda> at 0x7fa496287a90>,<function <lambda> at 0x7fa496287b30>
28847,2023-04-16 22:00:00,<function <lambda> at 0x7fa4962879f0>,<function <lambda> at 0x7fa496287a90>,<function <lambda> at 0x7fa496287b30>
28848,2023-04-16 23:00:00,<function <lambda> at 0x7fa4962879f0>,<function <lambda> at 0x7fa496287a90>,<function <lambda> at 0x7fa496287b30>
28849,2023-04-17 00:00:00,<function <lambda> at 0x7fa4962879f0>,<function <lambda> at 0x7fa496287a90>,<function <lambda> at 0x7fa496287b30>
28850,2023-04-17 01:00:00,<function <lambda> at 0x7fa4962879f0>,<function <lambda> at 0x7fa496287a90>,<function <lambda> at 0x7fa496287b30>
28851,2023-04-17 02:00:00,<function <lambda> at 0x7fa4962879f0>,<function <lambda> at 0x7fa496287a90>,<function <lambda> at 0x7fa496287b30>
28852,2023-04-17 03:00:00,<function <lambda> at 0x7fa4962879f0>,<function <lambda> at 0x7fa496287a90>,<function <lambda> at 0x7fa496287b30>
28853,2023-04-17 04:00:00,<function <lambda> at 0x7fa4962879f0>,<function <lambda> at 0x7fa496287a90>,<function <lambda> at 0x7fa496287b30>
28854,2023-04-17 05:00:00,<function <lambda> at 0x7fa4962879f0>,<function <lambda> at 0x7fa496287a90>,<function <lambda> at 0x7fa496287b30>
28855,2023-04-17 06:00:00,<function <lambda> at 0x7fa4962879f0>,<function <lambda> at 0x7fa496287a90>,<function <lambda> at 0x7fa496287b30>
28856,2023-04-17 07:00:00,<function <lambda> at 0x7fa4962879f0>,<function <lambda> at 0x7fa496287a90>,<function <lambda> at 0x7fa496287b30>
28857,2023-04-17 08:00:00,<function <lambda> at 0x7fa4962879f0>,<function <lambda> at 0x7fa496287a90>,<function <lambda> at 0x7fa496287b30>
28858,2023-04-17 09:00:00,<function <lambda> at 0x7fa4962879f0>,<function <lambda> at 0x7fa496287a90>,<function <lambda> at 0x7fa496287b30>
28859,2023-04-17 10:00:00,<function <lambda> at 0x7fa4962879f0>,<function <lambda> at 0x7fa496287a90>,<function <lambda> at 0x7fa496287b30>
28860,2023-04-17 11:00:00,<function <lambda> at 0x7fa4962879f0>,<function <lambda> at 0x7fa496287a90>,<function <lambda> at 0x7fa496287b30>
28861,2023-04-17 12:00:00,<function <lambda> at 0x7fa4962879f0>,<function <lambda> at 0x7fa496287a90>,<function <lambda> at 0x7fa496287b30>
28862,2023-04-17 13:00:00,<function <lambda> at 0x7fa4962879f0>,<function <lambda> at 0x7fa496287a90>,<function <lambda> at 0x7fa496287b30>
28863,2023-04-17 14:00:00,<function <lambda> at 0x7fa4962879f0>,<function <lambda> at 0x7fa496287a90>,<function <lambda> at 0x7fa496287b30>
28864,2023-04-17 15:00:00,<function <lambda> at 0x7fa4962879f0>,<function <lambda> at 0x7fa496287a90>,<function <lambda> at 0x7fa496287b30>
28865,2023-04-17 16:00:00,<function <lambda> at 0x7fa4962879f0>,<function <lambda> at 0x7fa496287a90>,<function <lambda> at 0x7fa496287b30>
28866,2023-04-17 17:00:00,<function <lambda> at 0x7fa4962879f0>,<function <lambda> at 0x7fa496287a90>,<function <lambda> at 0x7fa496287b30>
28867,2023-04-17 18:00:00,<function <lambda> at 0x7fa4962879f0>,<function <lambda> at 0x7fa496287a90>,<function <lambda> at 0x7fa496287b30>
28868,2023-04-17 19:00:00,<function <lambda> at 0x7fa4962879f0>,<function <lambda> at 0x7fa496287a90>,<function <lambda> at 0x7fa496287b30>
28869,2023-04-17 20:00:00,<function <lambda> at 0x7fa4962879f0>,<function <lambda> at 0x7fa496287a90>,<function <lambda> at 0x7fa496287b30>
28870,2023-04-17 21:00:00,<function <lambda> at 0x7fa4962879f0>,<function <lambda> at 0x7fa496287a90>,<function <lambda> at 0x7fa496287b30>
28871,2023-04-17 22:00:00,<function <lambda> at 0x7fa4962879f0>,<function <lambda> at 0x7fa496287a90>,<function <lambda> at 0x7fa496287b30>
28872,2023-04-17 23:00:00,<function <lambda> at 0x7fa4962879f0>,<function <lambda> at 0x7fa496287a90>,<function <lambda> at 0x7fa496287b30>
28873,2023-04-18 00:00:00,<function <lambda> at 0x7fa4962879f0>,<function <lambda> at 0x7fa496287a90>,<function <lambda> at 0x7fa496287b30>
28874,2023-04-18 01:00:00,<function <lambda> at 0x7fa4962879f0>,<function <lambda> at 0x7fa496287a90>,<function <lambda> at 0x7fa496287b30>
28875,2023-04-18 02:00:00,<function <lambda> at 0x7fa4962879f0>,<function <lambda> at 0x7fa496287a90>,<function <lambda> at 0x7fa496287b30>
28876,2023-04-18 03:00:00,<function <lambda> at 0x7fa4962879f0>,<function <lambda> at 0x7fa496287a90>,<function <lambda> at 0x7fa496287b30>
28877,2023-04-18 04:00:00,<function <lambda> at 0x7fa4962879f0>,<function <lambda> at 0x7fa496287a90>,<function <lambda> at 0x7fa496287b30>
28878,2023-04-18 05:00:00,<function <lambda> at 0x7fa4962879f0>,<function <lambda> at 0x7fa496287a90>,<function <lambda> at 0x7fa496287b30>
28879,2023-04-18 06:00:00,<function <lambda> at 0x7fa4962879f0>,<function <lambda> at 0x7fa496287a90>,<function <lambda> at 0x7fa496287b30>
28880,2023-04-18 07:00:00,<function <lambda> at 0x7fa4962879f0>,<function <lambda> at 0x7fa496287a90>,<function <lambda> at 0x7fa496287b30>
28881,2023-04-18 08:00:00,<function <lambda> at 0x7fa4962879f0>,<function <lambda> at 0x7fa496287a90>,<function <lambda> at 0x7fa496287b30>
28882,2023-04-18 09:00:00,<function <lambda> at 0x7fa4962879f0>,<function <lambda> at 0x7fa496287a90>,<function <lambda> at 0x7fa496287b30>
28883,2023-04-18 10:00:00,<function <lambda> at 0x7fa4962879f0>,<function <lambda> at 0x7fa496287a90>,<function <lambda> at 0x7fa496287b30>
28884,2023-04-18 11:00:00,<function <lambda> at 0x7fa4962879f0>,<function <lambda> at 0x7fa496287a90>,<function <lambda> at 0x7fa496287b30>
28885,2023-04-18 12:00:00,<function <lambda> at 0x7fa4962879f0>,<function <lambda> at 0x7fa496287a90>,<function <lambda> at 0x7fa496287b30>
28886,2023-04-18 13:00:00,<function <lambda> at 0x7fa4962879f0>,<function <lambda> at 0x7fa496287a90>,<function <lambda> at 0x7fa496287b30>
28887,2023-04-18 14:00:00,<function <lambda> at 0x7fa4962879f0>,<function <lambda> at 0x7fa496287a90>,<function <lambda> at 0x7fa496287b30>
28888,2023-04-18 15:00:00,<function <lambda> at 0x7fa4962879f0>,<function <lambda> at 0x7fa496287a90>,<function <lambda> at 0x7fa496287b30>
28889,2023-04-18 16:00:00,<function <lambda> at 0x7fa4962879f0>,<function <lambda> at 0x7fa496287a90>,<function <lambda> at 0x7fa496287b30>
28890,2023-04-18 17:00:00,<function <lambda> at 0x7fa4962879f0>,<function <lambda> at 0x7fa496287a90>,<function <lambda> at 0x7fa496287b30>
28891,2023-04-18 18:00:00,<function <lambda> at 0x7fa4962879f0>,<function <lambda> at 0x7fa496287a90>,<function <lambda> at 0x7fa496287b30>
28892,2023-04-18 19:00:00,<function <lambda> at 0x7fa4962879f0>,<function <lambda> at 0x7fa496287a90>,<function <lambda> at 0x7fa496287b30>
28893,2023-04-18 20:00:00,<function <lambda> at 0x7fa4962879f0>,<function <lambda> at 0x7fa496287a90>,<function <lambda> at 0x7fa496287b30>
28894,2023-04-18 21:00:00,<function <lambda> at 0x7fa4962879f0>,<function <lambda> at 0x7fa496287a90>,<function <lambda> at 0x7fa496287b30>
28895,2023-04-18 22:00:00,<function <lambda> at 0x7fa4962879f0>,<function <lambda> at 0x7fa496287a90>,<function <lambda> at 0x7fa496287b30>
28896,2023-04-18 23:00:00,<function <lambda> at 0x7fa4962879f0>,<function <lambda> at 0x7fa496287a90>,<function <lambda> at 0x7fa496287b30>
28897,2023-04-19 00:00:00,<function <lambda> at 0x7fa4962879f0>,<function <lambda> at 0x7fa496287a90>,<function <lambda> at 0x7fa496287b30>
28898,2023-04-19 01:00:00,<function <lambda> at 0x7fa4962879f0>,<function <lambda> at 0x7fa496287a90>,<function <lambda> at 0x7fa496287b30>
28899,2023-04-19 02:00:00,<function <lambda> at 0x7fa4962879f0>,<function <lambda> at 0x7fa496287a90>,<function <lambda> at 0x7fa496287b30>
28900,2023-04-19 03:00:00,<function <lambda> at 0x7fa4962879f0>,<function <lambda> at 0x7fa496287a90>,<function <lambda> at 0x7fa496287b30>
28901,2023-04-19 04:00:00,<function <lambda> at 0x7fa4962879f0>,<function <lambda> at 0x7fa496287a90>,<function <lambda> at 0x7fa496287b30>
28902,2023-04-19 05:00:00,<function <lambda> at 0x7fa4962879f0>,<function <lambda> at 0x7fa496287a90>,<function <lambda> at 0x7fa496287b30>
28903,2023-04-19 06:00:00,<function <lambda> at 0x7fa4962879f0>,<function <lambda> at 0x7fa496287a90>,<function <lambda> at 0x7fa496287b30>
28904,2023-04-19 07:00:00,<function <lambda> at 0x7fa4962879f0>,<function <lambda> at 0x7fa496287a90>,<function <lambda> at 0x7fa496287b30>
28905,2023-04-19 08:00:00,<function <lambda> at 0x7fa4962879f0>,<function <lambda> at 0x7fa496287a90>,<function <lambda> at 0x7fa496287b30>
28906,2023-04-19 09:00:00,<function <lambda> at 0x7fa4962879f0>,<function <lambda> at 0x7fa496287a90>,<function <lambda> at 0x7fa496287b30>
28907,2023-04-19 10:00:00,<function <lambda> at 0x7fa4962879f0>,<function <lambda> at 0x7fa496287a90>,<function <lambda> at 0x7fa496287b30>
28908,2023-04-19 11:00:00,<function <lambda> at 0x7fa4962879f0>,<function <lambda> at 0x7fa496287a90>,<function <lambda> at 0x7fa496287b30>
28909,2023-04-19 12:00:00,<function <lambda> at 0x7fa4962879f0>,<function <lambda> at 0x7fa496287a90>,<function <lambda> at 0x7fa496287b30>
28910,2023-04-19 13:00:00,<function <lambda> at 0x7fa4962879f0>,<function <lambda> at 0x7fa496287a90>,<function <lambda> at 0x7fa496287b30>
28911,2023-04-19 14:00:00,<function <lambda> at 0x7fa4962879f0>,<function <lambda> at 0x7fa496287a90>,<function <lambda> at 0x7fa496287b30>
28912,2023-04-19 15:00:00,<function <lambda> at 0x7fa4962879f0>,<function <lambda> at 0x7fa496287a90>,<function <lambda> at 0x7fa496287b30>
28913,2023-04-19 16:00:00,<function <lambda> at 0x7fa4962879f0>,<function <lambda> at 0x7fa496287a90>,<function <lambda> at 0x7fa496287b30>
28914,2023-04-19 17:00:00,<function <lambda> at 0x7fa4962879f0>,<function <lambda> at 0x7fa496287a90>,<function <lambda> at 0x7fa496287b30>
28915,2023-04-19 18:00:00,<function <lambda> at 0x7fa4962879f0>,<function <lambda> at 0x7fa496287a90>,<function <lambda> at 0x7fa496287b30>
28916,2023-04-19 19:00:00,<function <lambda> at 0x7fa4962879f0>,<function <lambda> at 0x7fa496287a90>,<function <lambda> at 0x7fa496287b30>
28917,2023-04-19 20:00:00,<function <lambda> at 0x7fa4962879f0>,<function <lambda> at 0x7fa496287a90>,<function <lambda> at 0x7fa496287b30>
28918,2023-04-19 21:00:00,<function <lambda> at 0x7fa4962879f0>,<function <lambda> at 0x7fa496287a90>,<function <lambda> at 0x7fa496287b30>
28919,2023-04-19 22:00:00,<function <lambda> at 0x7fa4962879f0>,<function <lambda> at 0x7fa496287a90>,<function <lambda> at 0x7fa496287b30>
28920,2023-04-19 23:00:00,<function <lambda> at 0x7fa4962879f0>,<function <lambda> at 0x7fa496287a90>,<function <lambda> at 0x7fa496287b30>
28921,2023-04-20 00:00:00,<function <lambda> at 0x7fa4962879f0>,<function <lambda> at 0x7fa496287a90>,<function <lambda> at 0x7fa496287b30>
28922,2023-04-20 01:00:00,<function <lambda> at 0x7fa4962879f0>,<function <lambda> at 0x7fa496287a90>,<function <lambda> at 0x7fa496287b30>
28923,2023-04-20 02:00:00,<function <lambda> at 0x7fa4962879f0>,<function <lambda> at 0x7fa496287a90>,<function <lambda> at 0x7fa496287b30>
28924,2023-04-20 03:00:00,<function <lambda> at 0x7fa4962879f0>,<function <lambda> at 0x7fa496287a90>,<function <lambda> at 0x7fa496287b30>
28925,2023-04-20 04:00:00,<function <lambda> at 0x7fa4962879f0>,<function <lambda> at 0x7fa496287a90>,<function <lambda> at 0x7fa496287b30>
28926,2023-04-20 05:00:00,<function <lambda> at 0x7fa4962879f0>,<function <lambda> at 0x7fa496287a90>,<function <lambda> at 0x7fa496287b30>
28927,2023-04-20 06:00:00,<function <lambda> at 0x7fa4962879f0>,<function <lambda> at 0x7fa496287a90>,<function <lambda> at 0x7fa496287b30>
28928,2023-04-20 07:00:00,<function <lambda> at 0x7fa4962879f0>,<function <lambda> at 0x7fa496287a90>,<function <lambda> at 0x7fa496287b30>
28929,2023-04-20 08:00:00,<function <lambda> at 0x7fa4962879f0>,<function <lambda> at 0x7fa496287a90>,<function <lambda> at 0x7fa496287b30>
28930,2023-04-20 09:00:00,<function <lambda> at 0x7fa4962879f0>,<function <lambda> at 0x7fa496287a90>,<function <lambda> at 0x7fa496287b30>
28931,2023-04-20 10:00:00,<function <lambda> at 0x7fa4962879f0>,<function <lambda> at 0x7fa496287a90>,<function <lambda> at 0x7fa496287b30>
28932,2023-04-20 11:00:00,<function <lambda> at 0x7fa4962879f0>,<function <lambda> at 0x7fa496287a90>,<function <lambda> at 0x7fa496287b30>
28933,2023-04-20 12:00:00,<function <lambda> at 0x7fa4962879f0>,<function <lambda> at 0x7fa496287a90>,<function <lambda> at 0x7fa496287b30>
28934,2023-04-20 13:00:00,<function <lambda> at 0x7fa4962879f0>,<function <lambda> at 0x7fa496287a90>,<function <lambda> at 0x7fa496287b30>
28935,2023-04-20 14:00:00,<function <lambda> at 0x7fa4962879f0>,<function <lambda> at 0x7fa496287a90>,<function <lambda> at 0x7fa496287b30>
28936,2023-04-20 15:00:00,<function <lambda> at 0x7fa4962879f0>,<function <lambda> at 0x7fa496287a90>,<function <lambda> at 0x7fa496287b30>
28937,2023-04-20 16:00:00,<function <lambda> at 0x7fa4962879f0>,<function <lambda> at 0x7fa496287a90>,<function <lambda> at 0x7fa496287b30>
28938,2023-04-20 17:00:00,<function <lambda> at 0x7fa4962879f0>,<function <lambda> at 0x7fa496287a90>,<function <lambda> at 0x7fa496287b30>
28939,2023-04-20 18:00:00,<function <lambda> at 0x7fa4962879f0>,<function <lambda> at 0x7fa496287a90>,<function <lambda> at 0x7fa496287b30>
28940,2023-04-20 19:00:00,<function <lambda> at 0x7fa4962879f0>,<function <lambda> at 0x7fa496287a90>,<function <lambda> at 0x7fa496287b30>
28941,2023-04-20 20:00:00,<function <lambda> at 0x7fa4962879f0>,<function <lambda> at 0x7fa496287a90>,<function <lambda> at 0x7fa496287b30>
28942,2023-04-20 21:00:00,<function <lambda> at 0x7fa4962879f0>,<function <lambda> at 0x7fa496287a90>,<function <lambda> at 0x7fa496287b30>
28943,2023-04-20 22:00:00,<function <lambda> at 0x7fa4962879f0>,<function <lambda> at 0x7fa496287a90>,<function <lambda> at 0x7fa496287b30>
28944,2023-04-20 23:00:00,<function <lambda> at 0x7fa4962879f0>,<function <lambda> at 0x7fa496287a90>,<function <lambda> at 0x7fa496287b30>
28945,2023-04-21 00:00:00,<function <lambda> at 0x7fa4962879f0>,<function <lambda> at 0x7fa496287a90>,<function <lambda> at 0x7fa496287b30>
28946,2023-04-21 01:00:00,<function <lambda> at 0x7fa4962879f0>,<function <lambda> at 0x7fa496287a90>,<function <lambda> at 0x7fa496287b30>
28947,2023-04-21 02:00:00,<function <lambda> at 0x7fa4962879f0>,<function <lambda> at 0x7fa496287a90>,<function <lambda> at 0x7fa496287b30>
28948,2023-04-21 03:00:00,<function <lambda> at 0x7fa4962879f0>,<function <lambda> at 0x7fa496287a90>,<function <lambda> at 0x7fa496287b30>
28949,2023-04-21 04:00:00,<function <lambda> at 0x7fa4962879f0>,<function <lambda> at 0x7fa496287a90>,<function <lambda> at 0x7fa496287b30>
28950,2023-04-21 05:00:00,<function <lambda> at 0x7fa4962879f0>,<function <lambda> at 0x7fa496287a90>,<function <lambda> at 0x7fa496287b30>
28951,2023-04-21 06:00:00,<function <lambda> at 0x7fa4962879f0>,<function <lambda> at 0x7fa496287a90>,<function <lambda> at 0x7fa496287b30>
28952,2023-04-21 07:00:00,<function <lambda> at 0x7fa4962879f0>,<function <lambda> at 0x7fa496287a90>,<function <lambda> at 0x7fa496287b30>
28953,2023-04-21 08:00:00,<function <lambda> at 0x7fa4962879f0>,<function <lambda> at 0x7fa496287a90>,<function <lambda> at 0x7fa496287b30>
28954,2023-04-21 09:00:00,<function <lambda> at 0x7fa4962879f0>,<function <lambda> at 0x7fa496287a90>,<function <lambda> at 0x7fa496287b30>
28955,2023-04-21 10:00:00,<function <lambda> at 0x7fa4962879f0>,<function <lambda> at 0x7fa496287a90>,<function <lambda> at 0x7fa496287b30>
28956,2023-04-21 11:00:00,<function <lambda> at 0x7fa4962879f0>,<function <lambda> at 0x7fa496287a90>,<function <lambda> at 0x7fa496287b30>
28957,2023-04-21 12:00:00,<function <lambda> at 0x7fa4962879f0>,<function <lambda> at 0x7fa496287a90>,<function <lambda> at 0x7fa496287b30>
28958,2023-04-21 13:00:00,<function <lambda> at 0x7fa4962879f0>,<function <lambda> at 0x7fa496287a90>,<function <lambda> at 0x7fa496287b30>
28959,2023-04-21 14:00:00,<function <lambda> at 0x7fa4962879f0>,<function <lambda> at 0x7fa496287a90>,<function <lambda> at 0x7fa496287b30>
28960,2023-04-21 15:00:00,<function <lambda> at 0x7fa4962879f0>,<function <lambda> at 0x7fa496287a90>,<function <lambda> at 0x7fa496287b30>
28961,2023-04-21 16:00:00,<function <lambda> at 0x7fa4962879f0>,<function <lambda> at 0x7fa496287a90>,<function <lambda> at 0x7fa496287b30>
28962,2023-04-21 17:00:00,<function <lambda> at 0x7fa4962879f0>,<function <lambda> at 0x7fa496287a90>,<function <lambda> at 0x7fa496287b30>
28963,2023-04-21 18:00:00,<function <lambda> at 0x7fa4962879f0>,<function <lambda> at 0x7fa496287a90>,<function <lambda> at 0x7fa496287b30>
28964,2023-04-21 19:00:00,<function <lambda> at 0x7fa4962879f0>,<function <lambda> at 0x7fa496287a90>,<function <lambda> at 0x7fa496287b30>
28965,2023-04-21 20:00:00,<function <lambda> at 0x7fa4962879f0>,<function <lambda> at 0x7fa496287a90>,<function <lambda> at 0x7fa496287b30>
28966,2023-04-21 21:00:00,<function <lambda> at 0x7fa4962879f0>,<function <lambda> at 0x7fa496287a90>,<function <lambda> at 0x7fa496287b30>
28967,2023-04-21 22:00:00,<function <lambda> at 0x7fa4962879f0>,<function <lambda> at 0x7fa496287a90>,<function <lambda> at 0x7fa496287b30>
28968,2023-04-21 23:00:00,<function <lambda> at 0x7fa4962879f0>,<function <lambda> at 0x7fa496287a90>,<function <lambda> at 0x7fa496287b30>
28969,2023-04-22 00:00:00,<function <lambda> at 0x7fa4962879f0>,<function <lambda> at 0x7fa496287a90>,<function <lambda> at 0x7fa496287b30>
28970,2023-04-22 01:00:00,<function <lambda> at 0x7fa4962879f0>,<function <lambda> at 0x7fa496287a90>,<function <lambda> at 0x7fa496287b30>
28971,2023-04-22 02:00:00,<function <lambda> at 0x7fa4962879f0>,<function <lambda> at 0x7fa496287a90>,<function <lambda> at 0x7fa496287b30>
28972,2023-04-22 03:00:00,<function <lambda> at 0x7fa4962879f0>,<function <lambda> at 0x7fa496287a90>,<function <lambda> at 0x7fa496287b30>
28973,2023-04-22 04:00:00,<function <lambda> at 0x7fa4962879f0>,<function <lambda> at 0x7fa496287a90>,<function <lambda> at 0x7fa496287b30>
28974,2023-04-22 05:00:00,<function <lambda> at 0x7fa4962879f0>,<function <lambda> at 0x7fa496287a90>,<function <lambda> at 0x7fa496287b30>
28975,2023-04-22 06:00:00,<function <lambda> at 0x7fa4962879f0>,<function <lambda> at 0x7fa496287a90>,<function <lambda> at 0x7fa496287b30>
28976,2023-04-22 07:00:00,<function <lambda> at 0x7fa4962879f0>,<function <lambda> at 0x7fa496287a90>,<function <lambda> at 0x7fa496287b30>
28977,2023-04-22 08:00:00,<function <lambda> at 0x7fa4962879f0>,<function <lambda> at 0x7fa496287a90>,<function <lambda> at 0x7fa496287b30>
28978,2023-04-22 09:00:00,<function <lambda> at 0x7fa4962879f0>,<function <lambda> at 0x7fa496287a90>,<function <lambda> at 0x7fa496287b30>
28979,2023-04-22 10:00:00,<function <lambda> at 0x7fa4962879f0>,<function <lambda> at 0x7fa496287a90>,<function <lambda> at 0x7fa496287b30>
28980,2023-04-22 11:00:00,<function <lambda> at 0x7fa4962879f0>,<function <lambda> at 0x7fa496287a90>,<function <lambda> at 0x7fa496287b30>
28981,2023-04-22 12:00:00,<function <lambda> at 0x7fa4962879f0>,<function <lambda> at 0x7fa496287a90>,<function <lambda> at 0x7fa496287b30>
28982,2023-04-22 13:00:00,<function <lambda> at 0x7fa4962879f0>,<function <lambda> at 0x7fa496287a90>,<function <lambda> at 0x7fa496287b30>
28983,2023-04-22 14:00:00,<function <lambda> at 0x7fa4962879f0>,<function <lambda> at 0x7fa496287a90>,<function <lambda> at 0x7fa496287b30>
28984,2023-04-22 15:00:00,<function <lambda> at 0x7fa4962879f0>,<function <lambda> at 0x7fa496287a90>,<function <lambda> at 0x7fa496287b30>
28985,2023-04-22 16:00:00,<function <lambda> at 0x7fa4962879f0>,<function <lambda> at 0x7fa496287a90>,<function <lambda> at 0x7fa496287b30>
28986,2023-04-22 17:00:00,<function <lambda> at 0x7fa4962879f0>,<function <lambda> at 0x7fa496287a90>,<function <lambda> at 0x7fa496287b30>
28987,2023-04-22 18:00:00,<function <lambda> at 0x7fa4962879f0>,<function <lambda> at 0x7fa496287a90>,<function <lambda> at 0x7fa496287b30>
28988,2023-04-22 19:00:00,<function <lambda> at 0x7fa4962879f0>,<function <lambda> at 0x7fa496287a90>,<function <lambda> at 0x7fa496287b30>
28989,2023-04-22 20:00:00,<function <lambda> at 0x7fa4962879f0>,<function <lambda> at 0x7fa496287a90>,<function <lambda> at 0x7fa496287b30>
28990,2023-04-22 21:00:00,<function <lambda> at 0x7fa4962879f0>,<function <lambda> at 0x7fa496287a90>,<function <lambda> at 0x7fa496287b30>
28991,2023-04-22 22:00:00,<function <lambda> at 0x7fa4962879f0>,<function <lambda> at 0x7fa496287a90>,<function <lambda> at 0x7fa496287b30>
28992,2023-04-22 23:00:00,<function <lambda> at 0x7fa4962879f0>,<function <lambda> at 0x7fa496287a90>,<function <lambda> at 0x7fa496287b30>
28993,2023-04-23 00:00:00,<function <lambda> at 0x7fa4962879f0>,<function <lambda> at 0x7fa496287a90>,<function <lambda> at 0x7fa496287b30>
28994,2023-04-23 01:00:00,<function <lambda> at 0x7fa4962879f0>,<function <lambda> at 0x7fa496287a90>,<function <lambda> at 0x7fa496287b30>
28995,2023-04-23 02:00:00,<function <lambda> at 0x7fa4962879f0>,<function <lambda> at 0x7fa496287a90>,<function <lambda> at 0x7fa496287b30>
28996,2023-04-23 03:00:00,<function <lambda> at 0x7fa4962879f0>,<function <lambda> at 0x7fa496287a90>,<function <lambda> at 0x7fa496287b30>
28997,2023-04-23 04:00:00,<function <lambda> at 0x7fa4962879f0>,<function <lambda> at 0x7fa496287a90>,<function <lambda> at 0x7fa496287b30>
28998,2023-04-23 05:00:00,<function <lambda> at 0x7fa4962879f0>,<function <lambda> at 0x7fa496287a90>,<function <lambda> at 0x7fa496287b30>
28999,2023-04-23 06:00:00,<function <lambda> at 0x7fa4962879f0>,<function <lambda> at 0x7fa496287a90>,<function <lambda> at 0x7fa496287b30>
29000,2023-04-23 07:00:00,<function <lambda> at 0x7fa4962879f0>,<function <lambda> at 0x7fa496287a90>,<function <lambda> at 0x7fa496287b30>
29001,2023-04-23 08:00:00,<function <lambda> at 0x7fa4962879f0>,<function <lambda> at 0x7fa496287a90>,<function <lambda> at 0x7fa496287b30>
29002,2023-04-23 09:00:00,<function <lambda> at 0x7fa4962879f0>,<function <lambda> at 0x7fa496287a90>,<function <lambda> at 0x7fa496287b30>
29003,2023-04-23 10:00:00,<function <lambda> at 0x7fa4962879f0>,<function <lambda> at 0x7fa496287a90>,<function <lambda> at 0x7fa496287b30>
29004,2023-04-23 11:00:00,<function <lambda> at 0x7fa4962879f0>,<function <lambda> at 0x7fa496287a90>,<function <lambda> at 0x7fa496287b30>
29005,2023-04-23 12:00:00,<function <lambda> at 0x7fa4962879f0>,<function <lambda> at 0x7fa496287a90>,<function <lambda> at 0x7fa496287b30>
29006,2023-04-23 13:00:00,<function <lambda> at 0x7fa4962879f0>,<function <lambda> at 0x7fa496287a90>,<function <lambda> at 0x7fa496287b30>
29007,2023-04-23 14:00:00,<function <lambda> at 0x7fa4962879f0>,<function <lambda> at 0x7fa496287a90>,<function <lambda> at 0x7fa496287b30>
29008,2023-04-23 15:00:00,<function <lambda> at 0x7fa4962879f0>,<function <lambda> at 0x7fa496287a90>,<function <lambda> at 0x7fa496287b30>
29009,2023-04-23 16:00:00,<function <lambda> at 0x7fa4962879f0>,<function <lambda> at 0x7fa496287a90>,<function <lambda> at 0x7fa496287b30>
29010,2023-04-23 17:00:00,<function <lambda> at 0x7fa4962879f0>,<function <lambda> at 0x7fa496287a90>,<function <lambda> at 0x7fa496287b30>
29011,2023-04-23 18:00:00,<function <lambda> at 0x7fa4962879f0>,<function <lambda> at 0x7fa496287a90>,<function <lambda> at 0x7fa496287b30>
29012,2023-04-23 19:00:00,<function <lambda> at 0x7fa4962879f0>,<function <lambda> at 0x7fa496287a90>,<function <lambda> at 0x7fa496287b30>
29013,2023-04-23 20:00:00,<function <lambda> at 0x7fa4962879f0>,<function <lambda> at 0x7fa496287a90>,<function <lambda> at 0x7fa496287b30>
29014,2023-04-23 21:00:00,<function <lambda> at 0x7fa4962879f0>,<function <lambda> at 0x7fa496287a90>,<function <lambda> at 0x7fa496287b30>
29015,2023-04-23 22:00:00,<function <lambda> at 0x7fa4962879f0>,<function <lambda> at 0x7fa496287a90>,<function <lambda> at 0x7fa496287b30>
29016,2023-04-23 23:00:00,<function <lambda> at 0x7fa4962879f0>,<function <lambda> at 0x7fa496287a90>,<function <lambda> at 0x7fa496287b30>
29017,2023-04-24 00:00:00,<function <lambda> at 0x7fa4962879f0>,<function <lambda> at 0x7fa496287a90>,<function <lambda> at 0x7fa496287b30>
29018,2023-04-24 01:00:00,<function <lambda> at 0x7fa4962879f0>,<function <lambda> at 0x7fa496287a90>,<function <lambda> at 0x7fa496287b30>
29019,2023-04-24 02:00:00,<function <lambda> at 0x7fa4962879f0>,<function <lambda> at 0x7fa496287a90>,<function <lambda> at 0x7fa496287b30>
29020,2023-04-24 03:00:00,<function <lambda> at 0x7fa4962879f0>,<function <lambda> at 0x7fa496287a90>,<function <lambda> at 0x7fa496287b30>
29021,2023-04-24 04:00:00,<function <lambda> at 0x7fa4962879f0>,<function <lambda> at 0x7fa496287a90>,<function <lambda> at 0x7fa496287b30>
29022,2023-04-24 05:00:00,<function <lambda> at 0x7fa4962879f0>,<function <lambda> at 0x7fa496287a90>,<function <lambda> at 0x7fa496287b30>
29023,2023-04-24 06:00:00,<function <lambda> at 0x7fa4962879f0>,<function <lambda> at 0x7fa496287a90>,<function <lambda> at 0x7fa496287b30>
29024,2023-04-24 07:00:00,<function <lambda> at 0x7fa4962879f0>,<function <lambda> at 0x7fa496287a90>,<function <lambda> at 0x7fa496287b30>
29025,2023-04-24 08:00:00,<function <lambda> at 0x7fa4962879f0>,<function <lambda> at 0x7fa496287a90>,<function <lambda> at 0x7fa496287b30>
29026,2023-04-24 09:00:00,<function <lambda> at 0x7fa4962879f0>,<function <lambda> at 0x7fa496287a90>,<function <lambda> at 0x7fa496287b30>
29027,2023-04-24 10:00:00,<function <lambda> at 0x7fa4962879f0>,<function <lambda> at 0x7fa496287a90>,<function <lambda> at 0x7fa496287b30>
29028,2023-04-24 11:00:00,<function <lambda> at 0x7fa4962879f0>,<function <lambda> at 0x7fa496287a90>,<function <lambda> at 0x7fa496287b30>
29029,2023-04-24 12:00:00,<function <lambda> at 0x7fa4962879f0>,<function <lambda> at 0x7fa496287a90>,<function <lambda> at 0x7fa496287b30>
29030,2023-04-24 13:00:00,<function <lambda> at 0x7fa4962879f0>,<function <lambda> at 0x7fa496287a90>,<function <lambda> at 0x7fa496287b30>
29031,2023-04-24 14:00:00,<function <lambda> at 0x7fa4962879f0>,<function <lambda> at 0x7fa496287a90>,<function <lambda> at 0x7fa496287b30>
29032,2023-04-24 15:00:00,<function <lambda> at 0x7fa4962879f0>,<function <lambda> at 0x7fa496287a90>,<function <lambda> at 0x7fa496287b30>
29033,2023-04-24 16:00:00,<function <lambda> at 0x7fa4962879f0>,<function <lambda> at 0x7fa496287a90>,<function <lambda> at 0x7fa496287b30>
29034,2023-04-24 17:00:00,<function <lambda> at 0x7fa4962879f0>,<function <lambda> at 0x7fa496287a90>,<function <lambda> at 0x7fa496287b30>
29035,2023-04-24 18:00:00,<function <lambda> at 0x7fa4962879f0>,<function <lambda> at 0x7fa496287a90>,<function <lambda> at 0x7fa496287b30>
29036,2023-04-24 19:00:00,<function <lambda> at 0x7fa4962879f0>,<function <lambda> at 0x7fa496287a90>,<function <lambda> at 0x7fa496287b30>
29037,2023-04-24 20:00:00,<function <lambda> at 0x7fa4962879f0>,<function <lambda> at 0x7fa496287a90>,<function <lambda> at 0x7fa496287b30>
29038,2023-04-24 21:00:00,<function <lambda> at 0x7fa4962879f0>,<function <lambda> at 0x7fa496287a90>,<function <lambda> at 0x7fa496287b30>
29039,2023-04-24 22:00:00,<function <lambda> at 0x7fa4962879f0>,<function <lambda> at 0x7fa496287a90>,<function <lambda> at 0x7fa496287b30>
29040,2023-04-24 23:00:00,<function <lambda> at 0x7fa4962879f0>,<function <lambda> at 0x7fa496287a90>,<function <lambda> at 0x7fa496287b30>
29041,2023-04-25 00:00:00,<function <lambda> at 0x7fa4962879f0>,<function <lambda> at 0x7fa496287a90>,<function <lambda> at 0x7fa496287b30>
29042,2023-04-25 01:00:00,<function <lambda> at 0x7fa4962879f0>,<function <lambda> at 0x7fa496287a90>,<function <lambda> at 0x7fa496287b30>
29043,2023-04-25 02:00:00,<function <lambda> at 0x7fa4962879f0>,<function <lambda> at 0x7fa496287a90>,<function <lambda> at 0x7fa496287b30>
29044,2023-04-25 03:00:00,<function <lambda> at 0x7fa4962879f0>,<function <lambda> at 0x7fa496287a90>,<function <lambda> at 0x7fa496287b30>
29045,2023-04-25 04:00:00,<function <lambda> at 0x7fa4962879f0>,<function <lambda> at 0x7fa496287a90>,<function <lambda> at 0x7fa496287b30>
29046,2023-04-25 05:00:00,<function <lambda> at 0x7fa4962879f0>,<function <lambda> at 0x7fa496287a90>,<function <lambda> at 0x7fa496287b30>
29047,2023-04-25 06:00:00,<function <lambda> at 0x7fa4962879f0>,<function <lambda> at 0x7fa496287a90>,<function <lambda> at 0x7fa496287b30>
29048,2023-04-25 07:00:00,<function <lambda> at 0x7fa4962879f0>,<function <lambda> at 0x7fa496287a90>,<function <lambda> at 0x7fa496287b30>
29049,2023-04-25 08:00:00,<function <lambda> at 0x7fa4962879f0>,<function <lambda> at 0x7fa496287a90>,<function <lambda> at 0x7fa496287b30>
29050,2023-04-25 09:00:00,<function <lambda> at 0x7fa4962879f0>,<function <lambda> at 0x7fa496287a90>,<function <lambda> at 0x7fa496287b30>
29051,2023-04-25 10:00:00,<function <lambda> at 0x7fa4962879f0>,<function <lambda> at 0x7fa496287a90>,<function <lambda> at 0x7fa496287b30>
29052,2023-04-25 11:00:00,<function <lambda> at 0x7fa4962879f0>,<function <lambda> at 0x7fa496287a90>,<function <lambda> at 0x7fa496287b30>
29053,2023-04-25 12:00:00,<function <lambda> at 0x7fa4962879f0>,<function <lambda> at 0x7fa496287a90>,<function <lambda> at 0x7fa496287b30>
29054,2023-04-25 13:00:00,<function <lambda> at 0x7fa4962879f0>,<function <lambda> at 0x7fa496287a90>,<function <lambda> at 0x7fa496287b30>
29055,2023-04-25 14:00:00,<function <lambda> at 0x7fa4962879f0>,<function <lambda> at 0x7fa496287a90>,<function <lambda> at 0x7fa496287b30>
29056,2023-04-25 15:00:00,<function <lambda> at 0x7fa4962879f0>,<function <lambda> at 0x7fa496287a90>,<function <lambda> at 0x7fa496287b30>
29057,2023-04-25 16:00:00,<function <lambda> at 0x7fa4962879f0>,<function <lambda> at 0x7fa496287a90>,<function <lambda> at 0x7fa496287b30>
29058,2023-04-25 17:00:00,<function <lambda> at 0x7fa4962879f0>,<function <lambda> at 0x7fa496287a90>,<function <lambda> at 0x7fa496287b30>
29059,2023-04-25 18:00:00,<function <lambda> at 0x7fa4962879f0>,<function <lambda> at 0x7fa496287a90>,<function <lambda> at 0x7fa496287b30>
29060,2023-04-25 19:00:00,<function <lambda> at 0x7fa4962879f0>,<function <lambda> at 0x7fa496287a90>,<function <lambda> at 0x7fa496287b30>
29061,2023-04-25 20:00:00,<function <lambda> at 0x7fa4962879f0>,<function <lambda> at 0x7fa496287a90>,<function <lambda> at 0x7fa496287b30>
29062,2023-04-25 21:00:00,<function <lambda> at 0x7fa4962879f0>,<function <lambda> at 0x7fa496287a90>,<function <lambda> at 0x7fa496287b30>
29063,2023-04-25 22:00:00,<function <lambda> at 0x7fa4962879f0>,<function <lambda> at 0x7fa496287a90>,<function <lambda> at 0x7fa496287b30>
29064,2023-04-25 23:00:00,<function <lambda> at 0x7fa4962879f0>,<function <lambda> at 0x7fa496287a90>,<function <lambda> at 0x7fa496287b30>
29065,2023-04-26 00:00:00,<function <lambda> at 0x7fa4962879f0>,<function <lambda> at 0x7fa496287a90>,<function <lambda> at 0x7fa496287b30>
29066,2023-04-26 01:00:00,<function <lambda> at 0x7fa4962879f0>,<function <lambda> at 0x7fa496287a90>,<function <lambda> at 0x7fa496287b30>
29067,2023-04-26 02:00:00,<function <lambda> at 0x7fa4962879f0>,<function <lambda> at 0x7fa496287a90>,<function <lambda> at 0x7fa496287b30>
29068,2023-04-26 03:00:00,<function <lambda> at 0x7fa4962879f0>,<function <lambda> at 0x7fa496287a90>,<function <lambda> at 0x7fa496287b30>
29069,2023-04-26 04:00:00,<function <lambda> at 0x7fa4962879f0>,<function <lambda> at 0x7fa496287a90>,<function <lambda> at 0x7fa496287b30>
29070,2023-04-26 05:00:00,<function <lambda> at 0x7fa4962879f0>,<function <lambda> at 0x7fa496287a90>,<function <lambda> at 0x7fa496287b30>
29071,2023-04-26 06:00:00,<function <lambda> at 0x7fa4962879f0>,<function <lambda> at 0x7fa496287a90>,<function <lambda> at 0x7fa496287b30>
29072,2023-04-26 07:00:00,<function <lambda> at 0x7fa4962879f0>,<function <lambda> at 0x7fa496287a90>,<function <lambda> at 0x7fa496287b30>
29073,2023-04-26 08:00:00,<function <lambda> at 0x7fa4962879f0>,<function <lambda> at 0x7fa496287a90>,<function <lambda> at 0x7fa496287b30>
29074,2023-04-26 09:00:00,<function <lambda> at 0x7fa4962879f0>,<function <lambda> at 0x7fa496287a90>,<function <lambda> at 0x7fa496287b30>
29075,2023-04-26 10:00:00,<function <lambda> at 0x7fa4962879f0>,<function <lambda> at 0x7fa496287a90>,<function <lambda> at 0x7fa496287b30>
29076,2023-04-26 11:00:00,<function <lambda> at 0x7fa4962879f0>,<function <lambda> at 0x7fa496287a90>,<function <lambda> at 0x7fa496287b30>
29077,2023-04-26 12:00:00,<function <lambda> at 0x7fa4962879f0>,<function <lambda> at 0x7fa496287a90>,<function <lambda> at 0x7fa496287b30>
29078,2023-04-26 13:00:00,<function <lambda> at 0x7fa4962879f0>,<function <lambda> at 0x7fa496287a90>,<function <lambda> at 0x7fa496287b30>
29079,2023-04-26 14:00:00,<function <lambda> at 0x7fa4962879f0>,<function <lambda> at 0x7fa496287a90>,<function <lambda> at 0x7fa496287b30>
29080,2023-04-26 15:00:00,<function <lambda> at 0x7fa4962879f0>,<function <lambda> at 0x7fa496287a90>,<function <lambda> at 0x7fa496287b30>
29081,2023-04-26 16:00:00,<function <lambda> at 0x7fa4962879f0>,<function <lambda> at 0x7fa496287a90>,<function <lambda> at 0x7fa496287b30>
29082,2023-04-26 17:00:00,<function <lambda> at 0x7fa4962879f0>,<function <lambda> at 0x7fa496287a90>,<function <lambda> at 0x7fa496287b30>
29083,2023-04-26 18:00:00,<function <lambda> at 0x7fa4962879f0>,<function <lambda> at 0x7fa496287a90>,<function <lambda> at 0x7fa496287b30>
29084,2023-04-26 19:00:00,<function <lambda> at 0x7fa4962879f0>,<function <lambda> at 0x7fa496287a90>,<function <lambda> at 0x7fa496287b30>
29085,2023-04-26 20:00:00,<function <lambda> at 0x7fa4962879f0>,<function <lambda> at 0x7fa496287a90>,<function <lambda> at 0x7fa496287b30>
29086,2023-04-26 21:00:00,<function <lambda> at 0x7fa4962879f0>,<function <lambda> at 0x7fa496287a90>,<function <lambda> at 0x7fa496287b30>
29087,2023-04-26 22:00:00,<function <lambda> at 0x7fa4962879f0>,<function <lambda> at 0x7fa496287a90>,<function <lambda> at 0x7fa496287b30>
29088,2023-04-26 23:00:00,<function <lambda> at 0x7fa4962879f0>,<function <lambda> at 0x7fa496287a90>,<function <lambda> at 0x7fa496287b30>
29089,2023-04-27 00:00:00,<function <lambda> at 0x7fa4962879f0>,<function <lambda> at 0x7fa496287a90>,<function <lambda> at 0x7fa496287b30>
29090,2023-04-27 01:00:00,<function <lambda> at 0x7fa4962879f0>,<function <lambda> at 0x7fa496287a90>,<function <lambda> at 0x7fa496287b30>
29091,2023-04-27 02:00:00,<function <lambda> at 0x7fa4962879f0>,<function <lambda> at 0x7fa496287a90>,<function <lambda> at 0x7fa496287b30>
29092,2023-04-27 03:00:00,<function <lambda> at 0x7fa4962879f0>,<function <lambda> at 0x7fa496287a90>,<function <lambda> at 0x7fa496287b30>
29093,2023-04-27 04:00:00,<function <lambda> at 0x7fa4962879f0>,<function <lambda> at 0x7fa496287a90>,<function <lambda> at 0x7fa496287b30>
29094,2023-04-27 05:00:00,<function <lambda> at 0x7fa4962879f0>,<function <lambda> at 0x7fa496287a90>,<function <lambda> at 0x7fa496287b30>
29095,2023-04-27 06:00:00,<function <lambda> at 0x7fa4962879f0>,<function <lambda> at 0x7fa496287a90>,<function <lambda> at 0x7fa496287b30>
29096,2023-04-27 07:00:00,<function <lambda> at 0x7fa4962879f0>,<function <lambda> at 0x7fa496287a90>,<function <lambda> at 0x7fa496287b30>
29097,2023-04-27 08:00:00,<function <lambda> at 0x7fa4962879f0>,<function <lambda> at 0x7fa496287a90>,<function <lambda> at 0x7fa496287b30>
29098,2023-04-27 09:00:00,<function <lambda> at 0x7fa4962879f0>,<function <lambda> at 0x7fa496287a90>,<function <lambda> at 0x7fa496287b30>
29099,2023-04-27 10:00:00,<function <lambda> at 0x7fa4962879f0>,<function <lambda> at 0x7fa496287a90>,<function <lambda> at 0x7fa496287b30>
29100,2023-04-27 11:00:00,<function <lambda> at 0x7fa4962879f0>,<function <lambda> at 0x7fa496287a90>,<function <lambda> at 0x7fa496287b30>
29101,2023-04-27 12:00:00,<function <lambda> at 0x7fa4962879f0>,<function <lambda> at 0x7fa496287a90>,<function <lambda> at 0x7fa496287b30>
29102,2023-04-27 13:00:00,<function <lambda> at 0x7fa4962879f0>,<function <lambda> at 0x7fa496287a90>,<function <lambda> at 0x7fa496287b30>
29103,2023-04-27 14:00:00,<function <lambda> at 0x7fa4962879f0>,<function <lambda> at 0x7fa496287a90>,<function <lambda> at 0x7fa496287b30>
29104,2023-04-27 15:00:00,<function <lambda> at 0x7fa4962879f0>,<function <lambda> at 0x7fa496287a90>,<function <lambda> at 0x7fa496287b30>
29105,2023-04-27 16:00:00,<function <lambda> at 0x7fa4962879f0>,<function <lambda> at 0x7fa496287a90>,<function <lambda> at 0x7fa496287b30>
29106,2023-04-27 17:00:00,<function <lambda> at 0x7fa4962879f0>,<function <lambda> at 0x7fa496287a90>,<function <lambda> at 0x7fa496287b30>
29107,2023-04-27 18:00:00,<function <lambda> at 0x7fa4962879f0>,<function <lambda> at 0x7fa496287a90>,<function <lambda> at 0x7fa496287b30>
29108,2023-04-27 19:00:00,<function <lambda> at 0x7fa4962879f0>,<function <lambda> at 0x7fa496287a90>,<function <lambda> at 0x7fa496287b30>
29109,2023-04-27 20:00:00,<function <lambda> at 0x7fa4962879f0>,<function <lambda> at 0x7fa496287a90>,<function <lambda> at 0x7fa496287b30>
29110,2023-04-27 21:00:00,<function <lambda> at 0x7fa4962879f0>,<function <lambda> at 0x7fa496287a90>,<function <lambda> at 0x7fa496287b30>
29111,2023-04-27 22:00:00,<function <lambda> at 0x7fa4962879f0>,<function <lambda> at 0x7fa496287a90>,<function <lambda> at 0x7fa496287b30>
29112,2023-04-27 23:00:00,<function <lambda> at 0x7fa4962879f0>,<function <lambda> at 0x7fa496287a90>,<function <lambda> at 0x7fa496287b30>
29113,2023-04-28 00:00:00,<function <lambda> at 0x7fa4962879f0>,<function <lambda> at 0x7fa496287a90>,<function <lambda> at 0x7fa496287b30>
29114,2023-04-28 01:00:00,<function <lambda> at 0x7fa4962879f0>,<function <lambda> at 0x7fa496287a90>,<function <lambda> at 0x7fa496287b30>
29115,2023-04-28 02:00:00,<function <lambda> at 0x7fa4962879f0>,<function <lambda> at 0x7fa496287a90>,<function <lambda> at 0x7fa496287b30>
29116,2023-04-28 03:00:00,<function <lambda> at 0x7fa4962879f0>,<function <lambda> at 0x7fa496287a90>,<function <lambda> at 0x7fa496287b30>
29117,2023-04-28 04:00:00,<function <lambda> at 0x7fa4962879f0>,<function <lambda> at 0x7fa496287a90>,<function <lambda> at 0x7fa496287b30>
29118,2023-04-28 05:00:00,<function <lambda> at 0x7fa4962879f0>,<function <lambda> at 0x7fa496287a90>,<function <lambda> at 0x7fa496287b30>
29119,2023-04-28 06:00:00,<function <lambda> at 0x7fa4962879f0>,<function <lambda> at 0x7fa496287a90>,<function <lambda> at 0x7fa496287b30>
29120,2023-04-28 07:00:00,<function <lambda> at 0x7fa4962879f0>,<function <lambda> at 0x7fa496287a90>,<function <lambda> at 0x7fa496287b30>
29121,2023-04-28 08:00:00,<function <lambda> at 0x7fa4962879f0>,<function <lambda> at 0x7fa496287a90>,<function <lambda> at 0x7fa496287b30>
29122,2023-04-28 09:00:00,<function <lambda> at 0x7fa4962879f0>,<function <lambda> at 0x7fa496287a90>,<function <lambda> at 0x7fa496287b30>
29123,2023-04-28 10:00:00,<function <lambda> at 0x7fa4962879f0>,<function <lambda> at 0x7fa496287a90>,<function <lambda> at 0x7fa496287b30>
29124,2023-04-28 11:00:00,<function <lambda> at 0x7fa4962879f0>,<function <lambda> at 0x7fa496287a90>,<function <lambda> at 0x7fa496287b30>
29125,2023-04-28 12:00:00,<function <lambda> at 0x7fa4962879f0>,<function <lambda> at 0x7fa496287a90>,<function <lambda> at 0x7fa496287b30>
29126,2023-04-28 13:00:00,<function <lambda> at 0x7fa4962879f0>,<function <lambda> at 0x7fa496287a90>,<function <lambda> at 0x7fa496287b30>
29127,2023-04-28 14:00:00,<function <lambda> at 0x7fa4962879f0>,<function <lambda> at 0x7fa496287a90>,<function <lambda> at 0x7fa496287b30>
29128,2023-04-28 15:00:00,<function <lambda> at 0x7fa4962879f0>,<function <lambda> at 0x7fa496287a90>,<function <lambda> at 0x7fa496287b30>
29129,2023-04-28 16:00:00,<function <lambda> at 0x7fa4962879f0>,<function <lambda> at 0x7fa496287a90>,<function <lambda> at 0x7fa496287b30>
29130,2023-04-28 17:00:00,<function <lambda> at 0x7fa4962879f0>,<function <lambda> at 0x7fa496287a90>,<function <lambda> at 0x7fa496287b30>
29131,2023-04-28 18:00:00,<function <lambda> at 0x7fa4962879f0>,<function <lambda> at 0x7fa496287a90>,<function <lambda> at 0x7fa496287b30>
29132,2023-04-28 19:00:00,<function <lambda> at 0x7fa4962879f0>,<function <lambda> at 0x7fa496287a90>,<function <lambda> at 0x7fa496287b30>
29133,2023-04-28 20:00:00,<function <lambda> at 0x7fa4962879f0>,<function <lambda> at 0x7fa496287a90>,<function <lambda> at 0x7fa496287b30>
29134,2023-04-28 21:00:00,<function <lambda> at 0x7fa4962879f0>,<function <lambda> at 0x7fa496287a90>,<function <lambda> at 0x7fa496287b30>
29135,2023-04-28 22:00:00,<function <lambda> at 0x7fa4962879f0>,<function <lambda> at 0x7fa496287a90>,<function <lambda> at 0x7fa496287b30>
29136,2023-04-28 23:00:00,<function <lambda> at 0x7fa4962879f0>,<function <lambda> at 0x7fa496287a90>,<function <lambda> at 0x7fa496287b30>
29137,2023-04-29 00:00:00,<function <lambda> at 0x7fa4962879f0>,<function <lambda> at 0x7fa496287a90>,<function <lambda> at 0x7fa496287b30>
29138,2023-04-29 01:00:00,<function <lambda> at 0x7fa4962879f0>,<function <lambda> at 0x7fa496287a90>,<function <lambda> at 0x7fa496287b30>
29139,2023-04-29 02:00:00,<function <lambda> at 0x7fa4962879f0>,<function <lambda> at 0x7fa496287a90>,<function <lambda> at 0x7fa496287b30>
29140,2023-04-29 03:00:00,<function <lambda> at 0x7fa4962879f0>,<function <lambda> at 0x7fa496287a90>,<function <lambda> at 0x7fa496287b30>
29141,2023-04-29 04:00:00,<function <lambda> at 0x7fa4962879f0>,<function <lambda> at 0x7fa496287a90>,<function <lambda> at 0x7fa496287b30>
29142,2023-04-29 05:00:00,<function <lambda> at 0x7fa4962879f0>,<function <lambda> at 0x7fa496287a90>,<function <lambda> at 0x7fa496287b30>
29143,2023-04-29 06:00:00,<function <lambda> at 0x7fa4962879f0>,<function <lambda> at 0x7fa496287a90>,<function <lambda> at 0x7fa496287b30>
29144,2023-04-29 07:00:00,<function <lambda> at 0x7fa4962879f0>,<function <lambda> at 0x7fa496287a90>,<function <lambda> at 0x7fa496287b30>
29145,2023-04-29 08:00:00,<function <lambda> at 0x7fa4962879f0>,<function <lambda> at 0x7fa496287a90>,<function <lambda> at 0x7fa496287b30>
29146,2023-04-29 09:00:00,<function <lambda> at 0x7fa4962879f0>,<function <lambda> at 0x7fa496287a90>,<function <lambda> at 0x7fa496287b30>
29147,2023-04-29 10:00:00,<function <lambda> at 0x7fa4962879f0>,<function <lambda> at 0x7fa496287a90>,<function <lambda> at 0x7fa496287b30>
29148,2023-04-29 11:00:00,<function <lambda> at 0x7fa4962879f0>,<function <lambda> at 0x7fa496287a90>,<function <lambda> at 0x7fa496287b30>
29149,2023-04-29 12:00:00,<function <lambda> at 0x7fa4962879f0>,<function <lambda> at 0x7fa496287a90>,<function <lambda> at 0x7fa496287b30>
29150,2023-04-29 13:00:00,<function <lambda> at 0x7fa4962879f0>,<function <lambda> at 0x7fa496287a90>,<function <lambda> at 0x7fa496287b30>
29151,2023-04-29 14:00:00,<function <lambda> at 0x7fa4962879f0>,<function <lambda> at 0x7fa496287a90>,<function <lambda> at 0x7fa496287b30>
29152,2023-04-29 15:00:00,<function <lambda> at 0x7fa4962879f0>,<function <lambda> at 0x7fa496287a90>,<function <lambda> at 0x7fa496287b30>
29153,2023-04-29 16:00:00,<function <lambda> at 0x7fa4962879f0>,<function <lambda> at 0x7fa496287a90>,<function <lambda> at 0x7fa496287b30>
29154,2023-04-29 17:00:00,<function <lambda> at 0x7fa4962879f0>,<function <lambda> at 0x7fa496287a90>,<function <lambda> at 0x7fa496287b30>
29155,2023-04-29 18:00:00,<function <lambda> at 0x7fa4962879f0>,<function <lambda> at 0x7fa496287a90>,<function <lambda> at 0x7fa496287b30>
29156,2023-04-29 19:00:00,<function <lambda> at 0x7fa4962879f0>,<function <lambda> at 0x7fa496287a90>,<function <lambda> at 0x7fa496287b30>
29157,2023-04-29 20:00:00,<function <lambda> at 0x7fa4962879f0>,<function <lambda> at 0x7fa496287a90>,<function <lambda> at 0x7fa496287b30>
29158,2023-04-29 21:00:00,<function <lambda> at 0x7fa4962879f0>,<function <lambda> at 0x7fa496287a90>,<function <lambda> at 0x7fa496287b30>
29159,2023-04-29 22:00:00,<function <lambda> at 0x7fa4962879f0>,<function <lambda> at 0x7fa496287a90>,<function <lambda> at 0x7fa496287b30>
29160,2023-04-29 23:00:00,<function <lambda> at 0x7fa4962879f0>,<function <lambda> at 0x7fa496287a90>,<function <lambda> at 0x7fa496287b30>
29161,2023-04-30 00:00:00,<function <lambda> at 0x7fa4962879f0>,<function <lambda> at 0x7fa496287a90>,<function <lambda> at 0x7fa496287b30>
29162,2023-04-30 01:00:00,<function <lambda> at 0x7fa4962879f0>,<function <lambda> at 0x7fa496287a90>,<function <lambda> at 0x7fa496287b30>
29163,2023-04-30 02:00:00,<function <lambda> at 0x7fa4962879f0>,<function <lambda> at 0x7fa496287a90>,<function <lambda> at 0x7fa496287b30>
29164,2023-04-30 03:00:00,<function <lambda> at 0x7fa4962879f0>,<function <lambda> at 0x7fa496287a90>,<function <lambda> at 0x7fa496287b30>
29165,2023-04-30 04:00:00,<function <lambda> at 0x7fa4962879f0>,<function <lambda> at 0x7fa496287a90>,<function <lambda> at 0x7fa496287b30>
29166,2023-04-30 05:00:00,<function <lambda> at 0x7fa4962879f0>,<function <lambda> at 0x7fa496287a90>,<function <lambda> at 0x7fa496287b30>
29167,2023-04-30 06:00:00,<function <lambda> at 0x7fa4962879f0>,<function <lambda> at 0x7fa496287a90>,<function <lambda> at 0x7fa496287b30>
29168,2023-04-30 07:00:00,<function <lambda> at 0x7fa4962879f0>,<function <lambda> at 0x7fa496287a90>,<function <lambda> at 0x7fa496287b30>
29169,2023-04-30 08:00:00,<function <lambda> at 0x7fa4962879f0>,<function <lambda> at 0x7fa496287a90>,<function <lambda> at 0x7fa496287b30>
29170,2023-04-30 09:00:00,<function <lambda> at 0x7fa4962879f0>,<function <lambda> at 0x7fa496287a90>,<function <lambda> at 0x7fa496287b30>
29171,2023-04-30 10:00:00,<function <lambda> at 0x7fa4962879f0>,<function <lambda> at 0x7fa496287a90>,<function <lambda> at 0x7fa496287b30>
29172,2023-04-30 11:00:00,<function <lambda> at 0x7fa4962879f0>,<function <lambda> at 0x7fa496287a90>,<function <lambda> at 0x7fa496287b30>
29173,2023-04-30 12:00:00,<function <lambda> at 0x7fa4962879f0>,<function <lambda> at 0x7fa496287a90>,<function <lambda> at 0x7fa496287b30>
29174,2023-04-30 13:00:00,<function <lambda> at 0x7fa4962879f0>,<function <lambda> at 0x7fa496287a90>,<function <lambda> at 0x7fa496287b30>
29175,2023-04-30 14:00:00,<function <lambda> at 0x7fa4962879f0>,<function <lambda> at 0x7fa496287a90>,<function <lambda> at 0x7fa496287b30>
29176,2023-04-30 15:00:00,<function <lambda> at 0x7fa4962879f0>,<function <lambda> at 0x7fa496287a90>,<function <lambda> at 0x7fa496287b30>
29177,2023-04-30 16:00:00,<function <lambda> at 0x7fa4962879f0>,<function <lambda> at 0x7fa496287a90>,<function <lambda> at 0x7fa496287b30>
29178,2023-04-30 17:00:00,<function <lambda> at 0x7fa4962879f0>,<function <lambda> at 0x7fa496287a90>,<function <lambda> at 0x7fa496287b30>
29179,2023-04-30 18:00:00,<function <lambda> at 0x7fa4962879f0>,<function <lambda> at 0x7fa496287a90>,<function <lambda> at 0x7fa496287b30>
29180,2023-04-30 19:00:00,<function <lambda> at 0x7fa4962879f0>,<function <lambda> at 0x7fa496287a90>,<function <lambda> at 0x7fa496287b30>
29181,2023-04-30 20:00:00,<function <lambda> at 0x7fa4962879f0>,<function <lambda> at 0x7fa496287a90>,<function <lambda> at 0x7fa496287b30>
29182,2023-04-30 21:00:00,<function <lambda> at 0x7fa4962879f0>,<function <lambda> at 0x7fa496287a90>,<function <lambda> at 0x7fa496287b30>
29183,2023-04-30 22:00:00,<function <lambda> at 0x7fa4962879f0>,<function <lambda> at 0x7fa496287a90>,<function <lambda> at 0x7fa496287b30>
29184,2023-04-30 23:00:00,<function <lambda> at 0x7fa4962879f0>,<function <lambda> at 0x7fa496287a90>,<function <lambda> at 0x7fa496287b30>
29185,2023-05-01 00:00:00,<function <lambda> at 0x7fa4962879f0>,<function <lambda> at 0x7fa496287a90>,<function <lambda> at 0x7fa496287b30>
29186,2023-05-01 01:00:00,<function <lambda> at 0x7fa4962879f0>,<function <lambda> at 0x7fa496287a90>,<function <lambda> at 0x7fa496287b30>
29187,2023-05-01 02:00:00,<function <lambda> at 0x7fa4962879f0>,<function <lambda> at 0x7fa496287a90>,<function <lambda> at 0x7fa496287b30>
29188,2023-05-01 03:00:00,<function <lambda> at 0x7fa4962879f0>,<function <lambda> at 0x7fa496287a90>,<function <lambda> at 0x7fa496287b30>
29189,2023-05-01 04:00:00,<function <lambda> at 0x7fa4962879f0>,<function <lambda> at 0x7fa496287a90>,<function <lambda> at 0x7fa496287b30>
29190,2023-05-01 05:00:00,<function <lambda> at 0x7fa4962879f0>,<function <lambda> at 0x7fa496287a90>,<function <lambda> at 0x7fa496287b30>
29191,2023-05-01 06:00:00,<function <lambda> at 0x7fa4962879f0>,<function <lambda> at 0x7fa496287a90>,<function <lambda> at 0x7fa496287b30>
29192,2023-05-01 07:00:00,<function <lambda> at 0x7fa4962879f0>,<function <lambda> at 0x7fa496287a90>,<function <lambda> at 0x7fa496287b30>
29193,2023-05-01 08:00:00,<function <lambda> at 0x7fa4962879f0>,<function <lambda> at 0x7fa496287a90>,<function <lambda> at 0x7fa496287b30>
29194,2023-05-01 09:00:00,<function <lambda> at 0x7fa4962879f0>,<function <lambda> at 0x7fa496287a90>,<function <lambda> at 0x7fa496287b30>
29195,2023-05-01 10:00:00,<function <lambda> at 0x7fa4962879f0>,<function <lambda> at 0x7fa496287a90>,<function <lambda> at 0x7fa496287b30>
29196,2023-05-01 11:00:00,<function <lambda> at 0x7fa4962879f0>,<function <lambda> at 0x7fa496287a90>,<function <lambda> at 0x7fa496287b30>
29197,2023-05-01 12:00:00,<function <lambda> at 0x7fa4962879f0>,<function <lambda> at 0x7fa496287a90>,<function <lambda> at 0x7fa496287b30>
29198,2023-05-01 13:00:00,<function <lambda> at 0x7fa4962879f0>,<function <lambda> at 0x7fa496287a90>,<function <lambda> at 0x7fa496287b30>
29199,2023-05-01 14:00:00,<function <lambda> at 0x7fa4962879f0>,<function <lambda> at 0x7fa496287a90>,<function <lambda> at 0x7fa496287b30>
29200,2023-05-01 15:00:00,<function <lambda> at 0x7fa4962879f0>,<function <lambda> at 0x7fa496287a90>,<function <lambda> at 0x7fa496287b30>
29201,2023-05-01 16:00:00,<function <lambda> at 0x7fa4962879f0>,<function <lambda> at 0x7fa496287a90>,<function <lambda> at 0x7fa496287b30>
29202,2023-05-01 17:00:00,<function <lambda> at 0x7fa4962879f0>,<function <lambda> at 0x7fa496287a90>,<function <lambda> at 0x7fa496287b30>
29203,2023-05-01 18:00:00,<function <lambda> at 0x7fa4962879f0>,<function <lambda> at 0x7fa496287a90>,<function <lambda> at 0x7fa496287b30>
29204,2023-05-01 19:00:00,<function <lambda> at 0x7fa4962879f0>,<function <lambda> at 0x7fa496287a90>,<function <lambda> at 0x7fa496287b30>
29205,2023-05-01 20:00:00,<function <lambda> at 0x7fa4962879f0>,<function <lambda> at 0x7fa496287a90>,<function <lambda> at 0x7fa496287b30>
29206,2023-05-01 21:00:00,<function <lambda> at 0x7fa4962879f0>,<function <lambda> at 0x7fa496287a90>,<function <lambda> at 0x7fa496287b30>
29207,2023-05-01 22:00:00,<function <lambda> at 0x7fa4962879f0>,<function <lambda> at 0x7fa496287a90>,<function <lambda> at 0x7fa496287b30>
29208,2023-05-01 23:00:00,<function <lambda> at 0x7fa4962879f0>,<function <lambda> at 0x7fa496287a90>,<function <lambda> at 0x7fa496287b30>
29209,2023-05-02 00:00:00,<function <lambda> at 0x7fa4962879f0>,<function <lambda> at 0x7fa496287a90>,<function <lambda> at 0x7fa496287b30>
29210,2023-05-02 01:00:00,<function <lambda> at 0x7fa4962879f0>,<function <lambda> at 0x7fa496287a90>,<function <lambda> at 0x7fa496287b30>
29211,2023-05-02 02:00:00,<function <lambda> at 0x7fa4962879f0>,<function <lambda> at 0x7fa496287a90>,<function <lambda> at 0x7fa496287b30>
29212,2023-05-02 03:00:00,<function <lambda> at 0x7fa4962879f0>,<function <lambda> at 0x7fa496287a90>,<function <lambda> at 0x7fa496287b30>
29213,2023-05-02 04:00:00,<function <lambda> at 0x7fa4962879f0>,<function <lambda> at 0x7fa496287a90>,<function <lambda> at 0x7fa496287b30>
29214,2023-05-02 05:00:00,<function <lambda> at 0x7fa4962879f0>,<function <lambda> at 0x7fa496287a90>,<function <lambda> at 0x7fa496287b30>
29215,2023-05-02 06:00:00,<function <lambda> at 0x7fa4962879f0>,<function <lambda> at 0x7fa496287a90>,<function <lambda> at 0x7fa496287b30>
29216,2023-05-02 07:00:00,<function <lambda> at 0x7fa4962879f0>,<function <lambda> at 0x7fa496287a90>,<function <lambda> at 0x7fa496287b30>
29217,2023-05-02 08:00:00,<function <lambda> at 0x7fa4962879f0>,<function <lambda> at 0x7fa496287a90>,<function <lambda> at 0x7fa496287b30>
29218,2023-05-02 09:00:00,<function <lambda> at 0x7fa4962879f0>,<function <lambda> at 0x7fa496287a90>,<function <lambda> at 0x7fa496287b30>
29219,2023-05-02 10:00:00,<function <lambda> at 0x7fa4962879f0>,<function <lambda> at 0x7fa496287a90>,<function <lambda> at 0x7fa496287b30>
29220,2023-05-02 11:00:00,<function <lambda> at 0x7fa4962879f0>,<function <lambda> at 0x7fa496287a90>,<function <lambda> at 0x7fa496287b30>
29221,2023-05-02 12:00:00,<function <lambda> at 0x7fa4962879f0>,<function <lambda> at 0x7fa496287a90>,<function <lambda> at 0x7fa496287b30>
29222,2023-05-02 13:00:00,<function <lambda> at 0x7fa4962879f0>,<function <lambda> at 0x7fa496287a90>,<function <lambda> at 0x7fa496287b30>
29223,2023-05-02 14:00:00,<function <lambda> at 0x7fa4962879f0>,<function <lambda> at 0x7fa496287a90>,<function <lambda> at 0x7fa496287b30>
29224,2023-05-02 15:00:00,<function <lambda> at 0x7fa4962879f0>,<function <lambda> at 0x7fa496287a90>,<function <lambda> at 0x7fa496287b30>
29225,2023-05-02 16:00:00,<function <lambda> at 0x7fa4962879f0>,<function <lambda> at 0x7fa496287a90>,<function <lambda> at 0x7fa496287b30>
29226,2023-05-02 17:00:00,<function <lambda> at 0x7fa4962879f0>,<function <lambda> at 0x7fa496287a90>,<function <lambda> at 0x7fa496287b30>
29227,2023-05-02 18:00:00,<function <lambda> at 0x7fa4962879f0>,<function <lambda> at 0x7fa496287a90>,<function <lambda> at 0x7fa496287b30>
29228,2023-05-02 19:00:00,<function <lambda> at 0x7fa4962879f0>,<function <lambda> at 0x7fa496287a90>,<function <lambda> at 0x7fa496287b30>
29229,2023-05-02 20:00:00,<function <lambda> at 0x7fa4962879f0>,<function <lambda> at 0x7fa496287a90>,<function <lambda> at 0x7fa496287b30>
29230,2023-05-02 21:00:00,<function <lambda> at 0x7fa4962879f0>,<function <lambda> at 0x7fa496287a90>,<function <lambda> at 0x7fa496287b30>
29231,2023-05-02 22:00:00,<function <lambda> at 0x7fa4962879f0>,<function <lambda> at 0x7fa496287a90>,<function <lambda> at 0x7fa496287b30>
29232,2023-05-02 23:00:00,<function <lambda> at 0x7fa4962879f0>,<function <lambda> at 0x7fa496287a90>,<function <lambda> at 0x7fa496287b30>
29233,2023-05-03 00:00:00,<function <lambda> at 0x7fa4962879f0>,<function <lambda> at 0x7fa496287a90>,<function <lambda> at 0x7fa496287b30>
29234,2023-05-03 01:00:00,<function <lambda> at 0x7fa4962879f0>,<function <lambda> at 0x7fa496287a90>,<function <lambda> at 0x7fa496287b30>
29235,2023-05-03 02:00:00,<function <lambda> at 0x7fa4962879f0>,<function <lambda> at 0x7fa496287a90>,<function <lambda> at 0x7fa496287b30>
29236,2023-05-03 03:00:00,<function <lambda> at 0x7fa4962879f0>,<function <lambda> at 0x7fa496287a90>,<function <lambda> at 0x7fa496287b30>
29237,2023-05-03 04:00:00,<function <lambda> at 0x7fa4962879f0>,<function <lambda> at 0x7fa496287a90>,<function <lambda> at 0x7fa496287b30>
29238,2023-05-03 05:00:00,<function <lambda> at 0x7fa4962879f0>,<function <lambda> at 0x7fa496287a90>,<function <lambda> at 0x7fa496287b30>
29239,2023-05-03 06:00:00,<function <lambda> at 0x7fa4962879f0>,<function <lambda> at 0x7fa496287a90>,<function <lambda> at 0x7fa496287b30>
29240,2023-05-03 07:00:00,<function <lambda> at 0x7fa4962879f0>,<function <lambda> at 0x7fa496287a90>,<function <lambda> at 0x7fa496287b30>
29241,2023-05-03 08:00:00,<function <lambda> at 0x7fa4962879f0>,<function <lambda> at 0x7fa496287a90>,<function <lambda> at 0x7fa496287b30>
29242,2023-05-03 09:00:00,<function <lambda> at 0x7fa4962879f0>,<function <lambda> at 0x7fa496287a90>,<function <lambda> at 0x7fa496287b30>
29243,2023-05-03 10:00:00,<function <lambda> at 0x7fa4962879f0>,<function <lambda> at 0x7fa496287a90>,<function <lambda> at 0x7fa496287b30>
29244,2023-05-03 11:00:00,<function <lambda> at 0x7fa4962879f0>,<function <lambda> at 0x7fa496287a90>,<function <lambda> at 0x7fa496287b30>
29245,2023-05-03 12:00:00,<function <lambda> at 0x7fa4962879f0>,<function <lambda> at 0x7fa496287a90>,<function <lambda> at 0x7fa496287b30>
29246,2023-05-03 13:00:00,<function <lambda> at 0x7fa4962879f0>,<function <lambda> at 0x7fa496287a90>,<function <lambda> at 0x7fa496287b30>
29247,2023-05-03 14:00:00,<function <lambda> at 0x7fa4962879f0>,<function <lambda> at 0x7fa496287a90>,<function <lambda> at 0x7fa496287b30>
29248,2023-05-03 15:00:00,<function <lambda> at 0x7fa4962879f0>,<function <lambda> at 0x7fa496287a90>,<function <lambda> at 0x7fa496287b30>
29249,2023-05-03 16:00:00,<function <lambda> at 0x7fa4962879f0>,<function <lambda> at 0x7fa496287a90>,<function <lambda> at 0x7fa496287b30>
29250,2023-05-03 17:00:00,<function <lambda> at 0x7fa4962879f0>,<function <lambda> at 0x7fa496287a90>,<function <lambda> at 0x7fa496287b30>
29251,2023-05-03 18:00:00,<function <lambda> at 0x7fa4962879f0>,<function <lambda> at 0x7fa496287a90>,<function <lambda> at 0x7fa496287b30>
29252,2023-05-03 19:00:00,<function <lambda> at 0x7fa4962879f0>,<function <lambda> at 0x7fa496287a90>,<function <lambda> at 0x7fa496287b30>
29253,2023-05-03 20:00:00,<function <lambda> at 0x7fa4962879f0>,<function <lambda> at 0x7fa496287a90>,<function <lambda> at 0x7fa496287b30>
29254,2023-05-03 21:00:00,<function <lambda> at 0x7fa4962879f0>,<function <lambda> at 0x7fa496287a90>,<function <lambda> at 0x7fa496287b30>
29255,2023-05-03 22:00:00,<function <lambda> at 0x7fa4962879f0>,<function <lambda> at 0x7fa496287a90>,<function <lambda> at 0x7fa496287b30>
29256,2023-05-03 23:00:00,<function <lambda> at 0x7fa4962879f0>,<function <lambda> at 0x7fa496287a90>,<function <lambda> at 0x7fa496287b30>
29257,2023-05-04 00:00:00,<function <lambda> at 0x7fa4962879f0>,<function <lambda> at 0x7fa496287a90>,<function <lambda> at 0x7fa496287b30>
29258,2023-05-04 01:00:00,<function <lambda> at 0x7fa4962879f0>,<function <lambda> at 0x7fa496287a90>,<function <lambda> at 0x7fa496287b30>
29259,2023-05-04 02:00:00,<function <lambda> at 0x7fa4962879f0>,<function <lambda> at 0x7fa496287a90>,<function <lambda> at 0x7fa496287b30>
29260,2023-05-04 03:00:00,<function <lambda> at 0x7fa4962879f0>,<function <lambda> at 0x7fa496287a90>,<function <lambda> at 0x7fa496287b30>
29261,2023-05-04 04:00:00,<function <lambda> at 0x7fa4962879f0>,<function <lambda> at 0x7fa496287a90>,<function <lambda> at 0x7fa496287b30>
29262,2023-05-04 05:00:00,<function <lambda> at 0x7fa4962879f0>,<function <lambda> at 0x7fa496287a90>,<function <lambda> at 0x7fa496287b30>
29263,2023-05-04 06:00:00,<function <lambda> at 0x7fa4962879f0>,<function <lambda> at 0x7fa496287a90>,<function <lambda> at 0x7fa496287b30>
29264,2023-05-04 07:00:00,<function <lambda> at 0x7fa4962879f0>,<function <lambda> at 0x7fa496287a90>,<function <lambda> at 0x7fa496287b30>
29265,2023-05-04 08:00:00,<function <lambda> at 0x7fa4962879f0>,<function <lambda> at 0x7fa496287a90>,<function <lambda> at 0x7fa496287b30>
29266,2023-05-04 09:00:00,<function <lambda> at 0x7fa4962879f0>,<function <lambda> at 0x7fa496287a90>,<function <lambda> at 0x7fa496287b30>
29267,2023-05-04 10:00:00,<function <lambda> at 0x7fa4962879f0>,<function <lambda> at 0x7fa496287a90>,<function <lambda> at 0x7fa496287b30>
29268,2023-05-04 11:00:00,<function <lambda> at 0x7fa4962879f0>,<function <lambda> at 0x7fa496287a90>,<function <lambda> at 0x7fa496287b30>
29269,2023-05-04 12:00:00,<function <lambda> at 0x7fa4962879f0>,<function <lambda> at 0x7fa496287a90>,<function <lambda> at 0x7fa496287b30>
29270,2023-05-04 13:00:00,<function <lambda> at 0x7fa4962879f0>,<function <lambda> at 0x7fa496287a90>,<function <lambda> at 0x7fa496287b30>
29271,2023-05-04 14:00:00,<function <lambda> at 0x7fa4962879f0>,<function <lambda> at 0x7fa496287a90>,<function <lambda> at 0x7fa496287b30>
29272,2023-05-04 15:00:00,<function <lambda> at 0x7fa4962879f0>,<function <lambda> at 0x7fa496287a90>,<function <lambda> at 0x7fa496287b30>
29273,2023-05-04 16:00:00,<function <lambda> at 0x7fa4962879f0>,<function <lambda> at 0x7fa496287a90>,<function <lambda> at 0x7fa496287b30>
29274,2023-05-04 17:00:00,<function <lambda> at 0x7fa4962879f0>,<function <lambda> at 0x7fa496287a90>,<function <lambda> at 0x7fa496287b30>
29275,2023-05-04 18:00:00,<function <lambda> at 0x7fa4962879f0>,<function <lambda> at 0x7fa496287a90>,<function <lambda> at 0x7fa496287b30>
29276,2023-05-04 19:00:00,<function <lambda> at 0x7fa4962879f0>,<function <lambda> at 0x7fa496287a90>,<function <lambda> at 0x7fa496287b30>
29277,2023-05-04 20:00:00,<function <lambda> at 0x7fa4962879f0>,<function <lambda> at 0x7fa496287a90>,<function <lambda> at 0x7fa496287b30>
29278,2023-05-04 21:00:00,<function <lambda> at 0x7fa4962879f0>,<function <lambda> at 0x7fa496287a90>,<function <lambda> at 0x7fa496287b30>
29279,2023-05-04 22:00:00,<function <lambda> at 0x7fa4962879f0>,<function <lambda> at 0x7fa496287a90>,<function <lambda> at 0x7fa496287b30>
29280,2023-05-04 23:00:00,<function <lambda> at 0x7fa4962879f0>,<function <lambda> at 0x7fa496287a90>,<function <lambda> at 0x7fa496287b30>
29281,2023-05-05 00:00:00,<function <lambda> at 0x7fa4962879f0>,<function <lambda> at 0x7fa496287a90>,<function <lambda> at 0x7fa496287b30>
29282,2023-05-05 01:00:00,<function <lambda> at 0x7fa4962879f0>,<function <lambda> at 0x7fa496287a90>,<function <lambda> at 0x7fa496287b30>
29283,2023-05-05 02:00:00,<function <lambda> at 0x7fa4962879f0>,<function <lambda> at 0x7fa496287a90>,<function <lambda> at 0x7fa496287b30>
29284,2023-05-05 03:00:00,<function <lambda> at 0x7fa4962879f0>,<function <lambda> at 0x7fa496287a90>,<function <lambda> at 0x7fa496287b30>
29285,2023-05-05 04:00:00,<function <lambda> at 0x7fa4962879f0>,<function <lambda> at 0x7fa496287a90>,<function <lambda> at 0x7fa496287b30>
29286,2023-05-05 05:00:00,<function <lambda> at 0x7fa4962879f0>,<function <lambda> at 0x7fa496287a90>,<function <lambda> at 0x7fa496287b30>
29287,2023-05-05 06:00:00,<function <lambda> at 0x7fa4962879f0>,<function <lambda> at 0x7fa496287a90>,<function <lambda> at 0x7fa496287b30>
29288,2023-05-05 07:00:00,<function <lambda> at 0x7fa4962879f0>,<function <lambda> at 0x7fa496287a90>,<function <lambda> at 0x7fa496287b30>
29289,2023-05-05 08:00:00,<function <lambda> at 0x7fa4962879f0>,<function <lambda> at 0x7fa496287a90>,<function <lambda> at 0x7fa496287b30>
29290,2023-05-05 09:00:00,<function <lambda> at 0x7fa4962879f0>,<function <lambda> at 0x7fa496287a90>,<function <lambda> at 0x7fa496287b30>
29291,2023-05-05 10:00:00,<function <lambda> at 0x7fa4962879f0>,<function <lambda> at 0x7fa496287a90>,<function <lambda> at 0x7fa496287b30>
29292,2023-05-05 11:00:00,<function <lambda> at 0x7fa4962879f0>,<function <lambda> at 0x7fa496287a90>,<function <lambda> at 0x7fa496287b30>
29293,2023-05-05 12:00:00,<function <lambda> at 0x7fa4962879f0>,<function <lambda> at 0x7fa496287a90>,<function <lambda> at 0x7fa496287b30>
29294,2023-05-05 13:00:00,<function <lambda> at 0x7fa4962879f0>,<function <lambda> at 0x7fa496287a90>,<function <lambda> at 0x7fa496287b30>
29295,2023-05-05 14:00:00,<function <lambda> at 0x7fa4962879f0>,<function <lambda> at 0x7fa496287a90>,<function <lambda> at 0x7fa496287b30>
29296,2023-05-05 15:00:00,<function <lambda> at 0x7fa4962879f0>,<function <lambda> at 0x7fa496287a90>,<function <lambda> at 0x7fa496287b30>
29297,2023-05-05 16:00:00,<function <lambda> at 0x7fa4962879f0>,<function <lambda> at 0x7fa496287a90>,<function <lambda> at 0x7fa496287b30>
29298,2023-05-05 17:00:00,<function <lambda> at 0x7fa4962879f0>,<function <lambda> at 0x7fa496287a90>,<function <lambda> at 0x7fa496287b30>
29299,2023-05-05 18:00:00,<function <lambda> at 0x7fa4962879f0>,<function <lambda> at 0x7fa496287a90>,<function <lambda> at 0x7fa496287b30>
29300,2023-05-05 19:00:00,<function <lambda> at 0x7fa4962879f0>,<function <lambda> at 0x7fa496287a90>,<function <lambda> at 0x7fa496287b30>
29301,2023-05-05 20:00:00,<function <lambda> at 0x7fa4962879f0>,<function <lambda> at 0x7fa496287a90>,<function <lambda> at 0x7fa496287b30>
29302,2023-05-05 21:00:00,<function <lambda> at 0x7fa4962879f0>,<function <lambda> at 0x7fa496287a90>,<function <lambda> at 0x7fa496287b30>
29303,2023-05-05 22:00:00,<function <lambda> at 0x7fa4962879f0>,<function <lambda> at 0x7fa496287a90>,<function <lambda> at 0x7fa496287b30>
29304,2023-05-05 23:00:00,<function <lambda> at 0x7fa4962879f0>,<function <lambda> at 0x7fa496287a90>,<function <lambda> at 0x7fa496287b30>
29305,2023-05-06 00:00:00,<function <lambda> at 0x7fa4962879f0>,<function <lambda> at 0x7fa496287a90>,<function <lambda> at 0x7fa496287b30>
29306,2023-05-06 01:00:00,<function <lambda> at 0x7fa4962879f0>,<function <lambda> at 0x7fa496287a90>,<function <lambda> at 0x7fa496287b30>
29307,2023-05-06 02:00:00,<function <lambda> at 0x7fa4962879f0>,<function <lambda> at 0x7fa496287a90>,<function <lambda> at 0x7fa496287b30>
29308,2023-05-06 03:00:00,<function <lambda> at 0x7fa4962879f0>,<function <lambda> at 0x7fa496287a90>,<function <lambda> at 0x7fa496287b30>
29309,2023-05-06 04:00:00,<function <lambda> at 0x7fa4962879f0>,<function <lambda> at 0x7fa496287a90>,<function <lambda> at 0x7fa496287b30>
29310,2023-05-06 05:00:00,<function <lambda> at 0x7fa4962879f0>,<function <lambda> at 0x7fa496287a90>,<function <lambda> at 0x7fa496287b30>
29311,2023-05-06 06:00:00,<function <lambda> at 0x7fa4962879f0>,<function <lambda> at 0x7fa496287a90>,<function <lambda> at 0x7fa496287b30>
29312,2023-05-06 07:00:00,<function <lambda> at 0x7fa4962879f0>,<function <lambda> at 0x7fa496287a90>,<function <lambda> at 0x7fa496287b30>
29313,2023-05-06 08:00:00,<function <lambda> at 0x7fa4962879f0>,<function <lambda> at 0x7fa496287a90>,<function <lambda> at 0x7fa496287b30>
29314,2023-05-06 09:00:00,<function <lambda> at 0x7fa4962879f0>,<function <lambda> at 0x7fa496287a90>,<function <lambda> at 0x7fa496287b30>
29315,2023-05-06 10:00:00,<function <lambda> at 0x7fa4962879f0>,<function <lambda> at 0x7fa496287a90>,<function <lambda> at 0x7fa496287b30>
29316,2023-05-06 11:00:00,<function <lambda> at 0x7fa4962879f0>,<function <lambda> at 0x7fa496287a90>,<function <lambda> at 0x7fa496287b30>
29317,2023-05-06 12:00:00,<function <lambda> at 0x7fa4962879f0>,<function <lambda> at 0x7fa496287a90>,<function <lambda> at 0x7fa496287b30>
29318,2023-05-06 13:00:00,<function <lambda> at 0x7fa4962879f0>,<function <lambda> at 0x7fa496287a90>,<function <lambda> at 0x7fa496287b30>
29319,2023-05-06 14:00:00,<function <lambda> at 0x7fa4962879f0>,<function <lambda> at 0x7fa496287a90>,<function <lambda> at 0x7fa496287b30>
29320,2023-05-06 15:00:00,<function <lambda> at 0x7fa4962879f0>,<function <lambda> at 0x7fa496287a90>,<function <lambda> at 0x7fa496287b30>
29321,2023-05-06 16:00:00,<function <lambda> at 0x7fa4962879f0>,<function <lambda> at 0x7fa496287a90>,<function <lambda> at 0x7fa496287b30>
29322,2023-05-06 17:00:00,<function <lambda> at 0x7fa4962879f0>,<function <lambda> at 0x7fa496287a90>,<function <lambda> at 0x7fa496287b30>
29323,2023-05-06 18:00:00,<function <lambda> at 0x7fa4962879f0>,<function <lambda> at 0x7fa496287a90>,<function <lambda> at 0x7fa496287b30>
29324,2023-05-06 19:00:00,<function <lambda> at 0x7fa4962879f0>,<function <lambda> at 0x7fa496287a90>,<function <lambda> at 0x7fa496287b30>
29325,2023-05-06 20:00:00,<function <lambda> at 0x7fa4962879f0>,<function <lambda> at 0x7fa496287a90>,<function <lambda> at 0x7fa496287b30>
29326,2023-05-06 21:00:00,<function <lambda> at 0x7fa4962879f0>,<function <lambda> at 0x7fa496287a90>,<function <lambda> at 0x7fa496287b30>
29327,2023-05-06 22:00:00,<function <lambda> at 0x7fa4962879f0>,<function <lambda> at 0x7fa496287a90>,<function <lambda> at 0x7fa496287b30>
29328,2023-05-06 23:00:00,<function <lambda> at 0x7fa4962879f0>,<function <lambda> at 0x7fa496287a90>,<function <lambda> at 0x7fa496287b30>
29329,2023-05-07 00:00:00,<function <lambda> at 0x7fa4962879f0>,<function <lambda> at 0x7fa496287a90>,<function <lambda> at 0x7fa496287b30>
29330,2023-05-07 01:00:00,<function <lambda> at 0x7fa4962879f0>,<function <lambda> at 0x7fa496287a90>,<function <lambda> at 0x7fa496287b30>
29331,2023-05-07 02:00:00,<function <lambda> at 0x7fa4962879f0>,<function <lambda> at 0x7fa496287a90>,<function <lambda> at 0x7fa496287b30>
29332,2023-05-07 03:00:00,<function <lambda> at 0x7fa4962879f0>,<function <lambda> at 0x7fa496287a90>,<function <lambda> at 0x7fa496287b30>
29333,2023-05-07 04:00:00,<function <lambda> at 0x7fa4962879f0>,<function <lambda> at 0x7fa496287a90>,<function <lambda> at 0x7fa496287b30>
29334,2023-05-07 05:00:00,<function <lambda> at 0x7fa4962879f0>,<function <lambda> at 0x7fa496287a90>,<function <lambda> at 0x7fa496287b30>
29335,2023-05-07 06:00:00,<function <lambda> at 0x7fa4962879f0>,<function <lambda> at 0x7fa496287a90>,<function <lambda> at 0x7fa496287b30>
29336,2023-05-07 07:00:00,<function <lambda> at 0x7fa4962879f0>,<function <lambda> at 0x7fa496287a90>,<function <lambda> at 0x7fa496287b30>
29337,2023-05-07 08:00:00,<function <lambda> at 0x7fa4962879f0>,<function <lambda> at 0x7fa496287a90>,<function <lambda> at 0x7fa496287b30>
29338,2023-05-07 09:00:00,<function <lambda> at 0x7fa4962879f0>,<function <lambda> at 0x7fa496287a90>,<function <lambda> at 0x7fa496287b30>
29339,2023-05-07 10:00:00,<function <lambda> at 0x7fa4962879f0>,<function <lambda> at 0x7fa496287a90>,<function <lambda> at 0x7fa496287b30>
29340,2023-05-07 11:00:00,<function <lambda> at 0x7fa4962879f0>,<function <lambda> at 0x7fa496287a90>,<function <lambda> at 0x7fa496287b30>
29341,2023-05-07 12:00:00,<function <lambda> at 0x7fa4962879f0>,<function <lambda> at 0x7fa496287a90>,<function <lambda> at 0x7fa496287b30>
29342,2023-05-07 13:00:00,<function <lambda> at 0x7fa4962879f0>,<function <lambda> at 0x7fa496287a90>,<function <lambda> at 0x7fa496287b30>
29343,2023-05-07 14:00:00,<function <lambda> at 0x7fa4962879f0>,<function <lambda> at 0x7fa496287a90>,<function <lambda> at 0x7fa496287b30>
29344,2023-05-07 15:00:00,<function <lambda> at 0x7fa4962879f0>,<function <lambda> at 0x7fa496287a90>,<function <lambda> at 0x7fa496287b30>
29345,2023-05-07 16:00:00,<function <lambda> at 0x7fa4962879f0>,<function <lambda> at 0x7fa496287a90>,<function <lambda> at 0x7fa496287b30>
29346,2023-05-07 17:00:00,<function <lambda> at 0x7fa4962879f0>,<function <lambda> at 0x7fa496287a90>,<function <lambda> at 0x7fa496287b30>
29347,2023-05-07 18:00:00,<function <lambda> at 0x7fa4962879f0>,<function <lambda> at 0x7fa496287a90>,<function <lambda> at 0x7fa496287b30>
29348,2023-05-07 19:00:00,<function <lambda> at 0x7fa4962879f0>,<function <lambda> at 0x7fa496287a90>,<function <lambda> at 0x7fa496287b30>
29349,2023-05-07 20:00:00,<function <lambda> at 0x7fa4962879f0>,<function <lambda> at 0x7fa496287a90>,<function <lambda> at 0x7fa496287b30>
29350,2023-05-07 21:00:00,<function <lambda> at 0x7fa4962879f0>,<function <lambda> at 0x7fa496287a90>,<function <lambda> at 0x7fa496287b30>
29351,2023-05-07 22:00:00,<function <lambda> at 0x7fa4962879f0>,<function <lambda> at 0x7fa496287a90>,<function <lambda> at 0x7fa496287b30>
29352,2023-05-07 23:00:00,<function <lambda> at 0x7fa4962879f0>,<function <lambda> at 0x7fa496287a90>,<function <lambda> at 0x7fa496287b30>
29353,2023-05-08 00:00:00,<function <lambda> at 0x7fa4962879f0>,<function <lambda> at 0x7fa496287a90>,<function <lambda> at 0x7fa496287b30>
29354,2023-05-08 01:00:00,<function <lambda> at 0x7fa4962879f0>,<function <lambda> at 0x7fa496287a90>,<function <lambda> at 0x7fa496287b30>
29355,2023-05-08 02:00:00,<function <lambda> at 0x7fa4962879f0>,<function <lambda> at 0x7fa496287a90>,<function <lambda> at 0x7fa496287b30>
29356,2023-05-08 03:00:00,<function <lambda> at 0x7fa4962879f0>,<function <lambda> at 0x7fa496287a90>,<function <lambda> at 0x7fa496287b30>
29357,2023-05-08 04:00:00,<function <lambda> at 0x7fa4962879f0>,<function <lambda> at 0x7fa496287a90>,<function <lambda> at 0x7fa496287b30>
29358,2023-05-08 05:00:00,<function <lambda> at 0x7fa4962879f0>,<function <lambda> at 0x7fa496287a90>,<function <lambda> at 0x7fa496287b30>
29359,2023-05-08 06:00:00,<function <lambda> at 0x7fa4962879f0>,<function <lambda> at 0x7fa496287a90>,<function <lambda> at 0x7fa496287b30>
29360,2023-05-08 07:00:00,<function <lambda> at 0x7fa4962879f0>,<function <lambda> at 0x7fa496287a90>,<function <lambda> at 0x7fa496287b30>
29361,2023-05-08 08:00:00,<function <lambda> at 0x7fa4962879f0>,<function <lambda> at 0x7fa496287a90>,<function <lambda> at 0x7fa496287b30>
29362,2023-05-08 09:00:00,<function <lambda> at 0x7fa4962879f0>,<function <lambda> at 0x7fa496287a90>,<function <lambda> at 0x7fa496287b30>
29363,2023-05-08 10:00:00,<function <lambda> at 0x7fa4962879f0>,<function <lambda> at 0x7fa496287a90>,<function <lambda> at 0x7fa496287b30>
29364,2023-05-08 11:00:00,<function <lambda> at 0x7fa4962879f0>,<function <lambda> at 0x7fa496287a90>,<function <lambda> at 0x7fa496287b30>
29365,2023-05-08 12:00:00,<function <lambda> at 0x7fa4962879f0>,<function <lambda> at 0x7fa496287a90>,<function <lambda> at 0x7fa496287b30>
29366,2023-05-08 13:00:00,<function <lambda> at 0x7fa4962879f0>,<function <lambda> at 0x7fa496287a90>,<function <lambda> at 0x7fa496287b30>
29367,2023-05-08 14:00:00,<function <lambda> at 0x7fa4962879f0>,<function <lambda> at 0x7fa496287a90>,<function <lambda> at 0x7fa496287b30>
29368,2023-05-08 15:00:00,<function <lambda> at 0x7fa4962879f0>,<function <lambda> at 0x7fa496287a90>,<function <lambda> at 0x7fa496287b30>
29369,2023-05-08 16:00:00,<function <lambda> at 0x7fa4962879f0>,<function <lambda> at 0x7fa496287a90>,<function <lambda> at 0x7fa496287b30>
29370,2023-05-08 17:00:00,<function <lambda> at 0x7fa4962879f0>,<function <lambda> at 0x7fa496287a90>,<function <lambda> at 0x7fa496287b30>
29371,2023-05-08 18:00:00,<function <lambda> at 0x7fa4962879f0>,<function <lambda> at 0x7fa496287a90>,<function <lambda> at 0x7fa496287b30>
29372,2023-05-08 19:00:00,<function <lambda> at 0x7fa4962879f0>,<function <lambda> at 0x7fa496287a90>,<function <lambda> at 0x7fa496287b30>
29373,2023-05-08 20:00:00,<function <lambda> at 0x7fa4962879f0>,<function <lambda> at 0x7fa496287a90>,<function <lambda> at 0x7fa496287b30>
29374,2023-05-08 21:00:00,<function <lambda> at 0x7fa4962879f0>,<function <lambda> at 0x7fa496287a90>,<function <lambda> at 0x7fa496287b30>
29375,2023-05-08 22:00:00,<function <lambda> at 0x7fa4962879f0>,<function <lambda> at 0x7fa496287a90>,<function <lambda> at 0x7fa496287b30>
29376,2023-05-08 23:00:00,<function <lambda> at 0x7fa4962879f0>,<function <lambda> at 0x7fa496287a90>,<function <lambda> at 0x7fa496287b30>
29377,2023-05-09 00:00:00,<function <lambda> at 0x7fa4962879f0>,<function <lambda> at 0x7fa496287a90>,<function <lambda> at 0x7fa496287b30>
29378,2023-05-09 01:00:00,<function <lambda> at 0x7fa4962879f0>,<function <lambda> at 0x7fa496287a90>,<function <lambda> at 0x7fa496287b30>
29379,2023-05-09 02:00:00,<function <lambda> at 0x7fa4962879f0>,<function <lambda> at 0x7fa496287a90>,<function <lambda> at 0x7fa496287b30>
29380,2023-05-09 03:00:00,<function <lambda> at 0x7fa4962879f0>,<function <lambda> at 0x7fa496287a90>,<function <lambda> at 0x7fa496287b30>
29381,2023-05-09 04:00:00,<function <lambda> at 0x7fa4962879f0>,<function <lambda> at 0x7fa496287a90>,<function <lambda> at 0x7fa496287b30>
29382,2023-05-09 05:00:00,<function <lambda> at 0x7fa4962879f0>,<function <lambda> at 0x7fa496287a90>,<function <lambda> at 0x7fa496287b30>
29383,2023-05-09 06:00:00,<function <lambda> at 0x7fa4962879f0>,<function <lambda> at 0x7fa496287a90>,<function <lambda> at 0x7fa496287b30>
29384,2023-05-09 07:00:00,<function <lambda> at 0x7fa4962879f0>,<function <lambda> at 0x7fa496287a90>,<function <lambda> at 0x7fa496287b30>
29385,2023-05-09 08:00:00,<function <lambda> at 0x7fa4962879f0>,<function <lambda> at 0x7fa496287a90>,<function <lambda> at 0x7fa496287b30>
29386,2023-05-09 09:00:00,<function <lambda> at 0x7fa4962879f0>,<function <lambda> at 0x7fa496287a90>,<function <lambda> at 0x7fa496287b30>
29387,2023-05-09 10:00:00,<function <lambda> at 0x7fa4962879f0>,<function <lambda> at 0x7fa496287a90>,<function <lambda> at 0x7fa496287b30>
29388,2023-05-09 11:00:00,<function <lambda> at 0x7fa4962879f0>,<function <lambda> at 0x7fa496287a90>,<function <lambda> at 0x7fa496287b30>
29389,2023-05-09 12:00:00,<function <lambda> at 0x7fa4962879f0>,<function <lambda> at 0x7fa496287a90>,<function <lambda> at 0x7fa496287b30>
29390,2023-05-09 13:00:00,<function <lambda> at 0x7fa4962879f0>,<function <lambda> at 0x7fa496287a90>,<function <lambda> at 0x7fa496287b30>
29391,2023-05-09 14:00:00,<function <lambda> at 0x7fa4962879f0>,<function <lambda> at 0x7fa496287a90>,<function <lambda> at 0x7fa496287b30>
29392,2023-05-09 15:00:00,<function <lambda> at 0x7fa4962879f0>,<function <lambda> at 0x7fa496287a90>,<function <lambda> at 0x7fa496287b30>
29393,2023-05-09 16:00:00,<function <lambda> at 0x7fa4962879f0>,<function <lambda> at 0x7fa496287a90>,<function <lambda> at 0x7fa496287b30>
29394,2023-05-09 17:00:00,<function <lambda> at 0x7fa4962879f0>,<function <lambda> at 0x7fa496287a90>,<function <lambda> at 0x7fa496287b30>
29395,2023-05-09 18:00:00,<function <lambda> at 0x7fa4962879f0>,<function <lambda> at 0x7fa496287a90>,<function <lambda> at 0x7fa496287b30>
29396,2023-05-09 19:00:00,<function <lambda> at 0x7fa4962879f0>,<function <lambda> at 0x7fa496287a90>,<function <lambda> at 0x7fa496287b30>
29397,2023-05-09 20:00:00,<function <lambda> at 0x7fa4962879f0>,<function <lambda> at 0x7fa496287a90>,<function <lambda> at 0x7fa496287b30>
29398,2023-05-09 21:00:00,<function <lambda> at 0x7fa4962879f0>,<function <lambda> at 0x7fa496287a90>,<function <lambda> at 0x7fa496287b30>
29399,2023-05-09 22:00:00,<function <lambda> at 0x7fa4962879f0>,<function <lambda> at 0x7fa496287a90>,<function <lambda> at 0x7fa496287b30>
29400,2023-05-09 23:00:00,<function <lambda> at 0x7fa4962879f0>,<function <lambda> at 0x7fa496287a90>,<function <lambda> at 0x7fa496287b30>
29401,2023-05-10 00:00:00,<function <lambda> at 0x7fa4962879f0>,<function <lambda> at 0x7fa496287a90>,<function <lambda> at 0x7fa496287b30>
29402,2023-05-10 01:00:00,<function <lambda> at 0x7fa4962879f0>,<function <lambda> at 0x7fa496287a90>,<function <lambda> at 0x7fa496287b30>
29403,2023-05-10 02:00:00,<function <lambda> at 0x7fa4962879f0>,<function <lambda> at 0x7fa496287a90>,<function <lambda> at 0x7fa496287b30>
29404,2023-05-10 03:00:00,<function <lambda> at 0x7fa4962879f0>,<function <lambda> at 0x7fa496287a90>,<function <lambda> at 0x7fa496287b30>
29405,2023-05-10 04:00:00,<function <lambda> at 0x7fa4962879f0>,<function <lambda> at 0x7fa496287a90>,<function <lambda> at 0x7fa496287b30>
29406,2023-05-10 05:00:00,<function <lambda> at 0x7fa4962879f0>,<function <lambda> at 0x7fa496287a90>,<function <lambda> at 0x7fa496287b30>
29407,2023-05-10 06:00:00,<function <lambda> at 0x7fa4962879f0>,<function <lambda> at 0x7fa496287a90>,<function <lambda> at 0x7fa496287b30>
29408,2023-05-10 07:00:00,<function <lambda> at 0x7fa4962879f0>,<function <lambda> at 0x7fa496287a90>,<function <lambda> at 0x7fa496287b30>
29409,2023-05-10 08:00:00,<function <lambda> at 0x7fa4962879f0>,<function <lambda> at 0x7fa496287a90>,<function <lambda> at 0x7fa496287b30>
29410,2023-05-10 09:00:00,<function <lambda> at 0x7fa4962879f0>,<function <lambda> at 0x7fa496287a90>,<function <lambda> at 0x7fa496287b30>
29411,2023-05-10 10:00:00,<function <lambda> at 0x7fa4962879f0>,<function <lambda> at 0x7fa496287a90>,<function <lambda> at 0x7fa496287b30>
29412,2023-05-10 11:00:00,<function <lambda> at 0x7fa4962879f0>,<function <lambda> at 0x7fa496287a90>,<function <lambda> at 0x7fa496287b30>
29413,2023-05-10 12:00:00,<function <lambda> at 0x7fa4962879f0>,<function <lambda> at 0x7fa496287a90>,<function <lambda> at 0x7fa496287b30>
29414,2023-05-10 13:00:00,<function <lambda> at 0x7fa4962879f0>,<function <lambda> at 0x7fa496287a90>,<function <lambda> at 0x7fa496287b30>
29415,2023-05-10 14:00:00,<function <lambda> at 0x7fa4962879f0>,<function <lambda> at 0x7fa496287a90>,<function <lambda> at 0x7fa496287b30>
29416,2023-05-10 15:00:00,<function <lambda> at 0x7fa4962879f0>,<function <lambda> at 0x7fa496287a90>,<function <lambda> at 0x7fa496287b30>
29417,2023-05-10 16:00:00,<function <lambda> at 0x7fa4962879f0>,<function <lambda> at 0x7fa496287a90>,<function <lambda> at 0x7fa496287b30>
29418,2023-05-10 17:00:00,<function <lambda> at 0x7fa4962879f0>,<function <lambda> at 0x7fa496287a90>,<function <lambda> at 0x7fa496287b30>
29419,2023-05-10 18:00:00,<function <lambda> at 0x7fa4962879f0>,<function <lambda> at 0x7fa496287a90>,<function <lambda> at 0x7fa496287b30>
29420,2023-05-10 19:00:00,<function <lambda> at 0x7fa4962879f0>,<function <lambda> at 0x7fa496287a90>,<function <lambda> at 0x7fa496287b30>
29421,2023-05-10 20:00:00,<function <lambda> at 0x7fa4962879f0>,<function <lambda> at 0x7fa496287a90>,<function <lambda> at 0x7fa496287b30>
29422,2023-05-10 21:00:00,<function <lambda> at 0x7fa4962879f0>,<function <lambda> at 0x7fa496287a90>,<function <lambda> at 0x7fa496287b30>
29423,2023-05-10 22:00:00,<function <lambda> at 0x7fa4962879f0>,<function <lambda> at 0x7fa496287a90>,<function <lambda> at 0x7fa496287b30>
29424,2023-05-10 23:00:00,<function <lambda> at 0x7fa4962879f0>,<function <lambda> at 0x7fa496287a90>,<function <lambda> at 0x7fa496287b30>
29425,2023-05-11 00:00:00,<function <lambda> at 0x7fa4962879f0>,<function <lambda> at 0x7fa496287a90>,<function <lambda> at 0x7fa496287b30>
29426,2023-05-11 01:00:00,<function <lambda> at 0x7fa4962879f0>,<function <lambda> at 0x7fa496287a90>,<function <lambda> at 0x7fa496287b30>
29427,2023-05-11 02:00:00,<function <lambda> at 0x7fa4962879f0>,<function <lambda> at 0x7fa496287a90>,<function <lambda> at 0x7fa496287b30>
29428,2023-05-11 03:00:00,<function <lambda> at 0x7fa4962879f0>,<function <lambda> at 0x7fa496287a90>,<function <lambda> at 0x7fa496287b30>
29429,2023-05-11 04:00:00,<function <lambda> at 0x7fa4962879f0>,<function <lambda> at 0x7fa496287a90>,<function <lambda> at 0x7fa496287b30>
29430,2023-05-11 05:00:00,<function <lambda> at 0x7fa4962879f0>,<function <lambda> at 0x7fa496287a90>,<function <lambda> at 0x7fa496287b30>
29431,2023-05-11 06:00:00,<function <lambda> at 0x7fa4962879f0>,<function <lambda> at 0x7fa496287a90>,<function <lambda> at 0x7fa496287b30>
29432,2023-05-11 07:00:00,<function <lambda> at 0x7fa4962879f0>,<function <lambda> at 0x7fa496287a90>,<function <lambda> at 0x7fa496287b30>
29433,2023-05-11 08:00:00,<function <lambda> at 0x7fa4962879f0>,<function <lambda> at 0x7fa496287a90>,<function <lambda> at 0x7fa496287b30>
29434,2023-05-11 09:00:00,<function <lambda> at 0x7fa4962879f0>,<function <lambda> at 0x7fa496287a90>,<function <lambda> at 0x7fa496287b30>
29435,2023-05-11 10:00:00,<function <lambda> at 0x7fa4962879f0>,<function <lambda> at 0x7fa496287a90>,<function <lambda> at 0x7fa496287b30>
29436,2023-05-11 11:00:00,<function <lambda> at 0x7fa4962879f0>,<function <lambda> at 0x7fa496287a90>,<function <lambda> at 0x7fa496287b30>
29437,2023-05-11 12:00:00,<function <lambda> at 0x7fa4962879f0>,<function <lambda> at 0x7fa496287a90>,<function <lambda> at 0x7fa496287b30>
29438,2023-05-11 13:00:00,<function <lambda> at 0x7fa4962879f0>,<function <lambda> at 0x7fa496287a90>,<function <lambda> at 0x7fa496287b30>
29439,2023-05-11 14:00:00,<function <lambda> at 0x7fa4962879f0>,<function <lambda> at 0x7fa496287a90>,<function <lambda> at 0x7fa496287b30>
29440,2023-05-11 15:00:00,<function <lambda> at 0x7fa4962879f0>,<function <lambda> at 0x7fa496287a90>,<function <lambda> at 0x7fa496287b30>
29441,2023-05-11 16:00:00,<function <lambda> at 0x7fa4962879f0>,<function <lambda> at 0x7fa496287a90>,<function <lambda> at 0x7fa496287b30>
29442,2023-05-11 17:00:00,<function <lambda> at 0x7fa4962879f0>,<function <lambda> at 0x7fa496287a90>,<function <lambda> at 0x7fa496287b30>
29443,2023-05-11 18:00:00,<function <lambda> at 0x7fa4962879f0>,<function <lambda> at 0x7fa496287a90>,<function <lambda> at 0x7fa496287b30>
29444,2023-05-11 19:00:00,<function <lambda> at 0x7fa4962879f0>,<function <lambda> at 0x7fa496287a90>,<function <lambda> at 0x7fa496287b30>
29445,2023-05-11 20:00:00,<function <lambda> at 0x7fa4962879f0>,<function <lambda> at 0x7fa496287a90>,<function <lambda> at 0x7fa496287b30>
29446,2023-05-11 21:00:00,<function <lambda> at 0x7fa4962879f0>,<function <lambda> at 0x7fa496287a90>,<function <lambda> at 0x7fa496287b30>
29447,2023-05-11 22:00:00,<function <lambda> at 0x7fa4962879f0>,<function <lambda> at 0x7fa496287a90>,<function <lambda> at 0x7fa496287b30>
29448,2023-05-11 23:00:00,<function <lambda> at 0x7fa4962879f0>,<function <lambda> at 0x7fa496287a90>,<function <lambda> at 0x7fa496287b30>
29449,2023-05-12 00:00:00,<function <lambda> at 0x7fa4962879f0>,<function <lambda> at 0x7fa496287a90>,<function <lambda> at 0x7fa496287b30>
29450,2023-05-12 01:00:00,<function <lambda> at 0x7fa4962879f0>,<function <lambda> at 0x7fa496287a90>,<function <lambda> at 0x7fa496287b30>
29451,2023-05-12 02:00:00,<function <lambda> at 0x7fa4962879f0>,<function <lambda> at 0x7fa496287a90>,<function <lambda> at 0x7fa496287b30>
29452,2023-05-12 03:00:00,<function <lambda> at 0x7fa4962879f0>,<function <lambda> at 0x7fa496287a90>,<function <lambda> at 0x7fa496287b30>
29453,2023-05-12 04:00:00,<function <lambda> at 0x7fa4962879f0>,<function <lambda> at 0x7fa496287a90>,<function <lambda> at 0x7fa496287b30>
29454,2023-05-12 05:00:00,<function <lambda> at 0x7fa4962879f0>,<function <lambda> at 0x7fa496287a90>,<function <lambda> at 0x7fa496287b30>
29455,2023-05-12 06:00:00,<function <lambda> at 0x7fa4962879f0>,<function <lambda> at 0x7fa496287a90>,<function <lambda> at 0x7fa496287b30>
29456,2023-05-12 07:00:00,<function <lambda> at 0x7fa4962879f0>,<function <lambda> at 0x7fa496287a90>,<function <lambda> at 0x7fa496287b30>
29457,2023-05-12 08:00:00,<function <lambda> at 0x7fa4962879f0>,<function <lambda> at 0x7fa496287a90>,<function <lambda> at 0x7fa496287b30>
29458,2023-05-12 09:00:00,<function <lambda> at 0x7fa4962879f0>,<function <lambda> at 0x7fa496287a90>,<function <lambda> at 0x7fa496287b30>
29459,2023-05-12 10:00:00,<function <lambda> at 0x7fa4962879f0>,<function <lambda> at 0x7fa496287a90>,<function <lambda> at 0x7fa496287b30>
29460,2023-05-12 11:00:00,<function <lambda> at 0x7fa4962879f0>,<function <lambda> at 0x7fa496287a90>,<function <lambda> at 0x7fa496287b30>
29461,2023-05-12 12:00:00,<function <lambda> at 0x7fa4962879f0>,<function <lambda> at 0x7fa496287a90>,<function <lambda> at 0x7fa496287b30>
29462,2023-05-12 13:00:00,<function <lambda> at 0x7fa4962879f0>,<function <lambda> at 0x7fa496287a90>,<function <lambda> at 0x7fa496287b30>
29463,2023-05-12 14:00:00,<function <lambda> at 0x7fa4962879f0>,<function <lambda> at 0x7fa496287a90>,<function <lambda> at 0x7fa496287b30>
29464,2023-05-12 15:00:00,<function <lambda> at 0x7fa4962879f0>,<function <lambda> at 0x7fa496287a90>,<function <lambda> at 0x7fa496287b30>
29465,2023-05-12 16:00:00,<function <lambda> at 0x7fa4962879f0>,<function <lambda> at 0x7fa496287a90>,<function <lambda> at 0x7fa496287b30>
29466,2023-05-12 17:00:00,<function <lambda> at 0x7fa4962879f0>,<function <lambda> at 0x7fa496287a90>,<function <lambda> at 0x7fa496287b30>
29467,2023-05-12 18:00:00,<function <lambda> at 0x7fa4962879f0>,<function <lambda> at 0x7fa496287a90>,<function <lambda> at 0x7fa496287b30>
29468,2023-05-12 19:00:00,<function <lambda> at 0x7fa4962879f0>,<function <lambda> at 0x7fa496287a90>,<function <lambda> at 0x7fa496287b30>
29469,2023-05-12 20:00:00,<function <lambda> at 0x7fa4962879f0>,<function <lambda> at 0x7fa496287a90>,<function <lambda> at 0x7fa496287b30>
29470,2023-05-12 21:00:00,<function <lambda> at 0x7fa4962879f0>,<function <lambda> at 0x7fa496287a90>,<function <lambda> at 0x7fa496287b30>
29471,2023-05-12 22:00:00,<function <lambda> at 0x7fa4962879f0>,<function <lambda> at 0x7fa496287a90>,<function <lambda> at 0x7fa496287b30>
29472,2023-05-12 23:00:00,<function <lambda> at 0x7fa4962879f0>,<function <lambda> at 0x7fa496287a90>,<function <lambda> at 0x7fa496287b30>
29473,2023-05-13 00:00:00,<function <lambda> at 0x7fa4962879f0>,<function <lambda> at 0x7fa496287a90>,<function <lambda> at 0x7fa496287b30>
29474,2023-05-13 01:00:00,<function <lambda> at 0x7fa4962879f0>,<function <lambda> at 0x7fa496287a90>,<function <lambda> at 0x7fa496287b30>
29475,2023-05-13 02:00:00,<function <lambda> at 0x7fa4962879f0>,<function <lambda> at 0x7fa496287a90>,<function <lambda> at 0x7fa496287b30>
29476,2023-05-13 03:00:00,<function <lambda> at 0x7fa4962879f0>,<function <lambda> at 0x7fa496287a90>,<function <lambda> at 0x7fa496287b30>
29477,2023-05-13 04:00:00,<function <lambda> at 0x7fa4962879f0>,<function <lambda> at 0x7fa496287a90>,<function <lambda> at 0x7fa496287b30>
29478,2023-05-13 05:00:00,<function <lambda> at 0x7fa4962879f0>,<function <lambda> at 0x7fa496287a90>,<function <lambda> at 0x7fa496287b30>
29479,2023-05-13 06:00:00,<function <lambda> at 0x7fa4962879f0>,<function <lambda> at 0x7fa496287a90>,<function <lambda> at 0x7fa496287b30>
29480,2023-05-13 07:00:00,<function <lambda> at 0x7fa4962879f0>,<function <lambda> at 0x7fa496287a90>,<function <lambda> at 0x7fa496287b30>
29481,2023-05-13 08:00:00,<function <lambda> at 0x7fa4962879f0>,<function <lambda> at 0x7fa496287a90>,<function <lambda> at 0x7fa496287b30>
29482,2023-05-13 09:00:00,<function <lambda> at 0x7fa4962879f0>,<function <lambda> at 0x7fa496287a90>,<function <lambda> at 0x7fa496287b30>
29483,2023-05-13 10:00:00,<function <lambda> at 0x7fa4962879f0>,<function <lambda> at 0x7fa496287a90>,<function <lambda> at 0x7fa496287b30>
29484,2023-05-13 11:00:00,<function <lambda> at 0x7fa4962879f0>,<function <lambda> at 0x7fa496287a90>,<function <lambda> at 0x7fa496287b30>
29485,2023-05-13 12:00:00,<function <lambda> at 0x7fa4962879f0>,<function <lambda> at 0x7fa496287a90>,<function <lambda> at 0x7fa496287b30>
29486,2023-05-13 13:00:00,<function <lambda> at 0x7fa4962879f0>,<function <lambda> at 0x7fa496287a90>,<function <lambda> at 0x7fa496287b30>
29487,2023-05-13 14:00:00,<function <lambda> at 0x7fa4962879f0>,<function <lambda> at 0x7fa496287a90>,<function <lambda> at 0x7fa496287b30>
29488,2023-05-13 15:00:00,<function <lambda> at 0x7fa4962879f0>,<function <lambda> at 0x7fa496287a90>,<function <lambda> at 0x7fa496287b30>
29489,2023-05-13 16:00:00,<function <lambda> at 0x7fa4962879f0>,<function <lambda> at 0x7fa496287a90>,<function <lambda> at 0x7fa496287b30>
29490,2023-05-13 17:00:00,<function <lambda> at 0x7fa4962879f0>,<function <lambda> at 0x7fa496287a90>,<function <lambda> at 0x7fa496287b30>
29491,2023-05-13 18:00:00,<function <lambda> at 0x7fa4962879f0>,<function <lambda> at 0x7fa496287a90>,<function <lambda> at 0x7fa496287b30>
29492,2023-05-13 19:00:00,<function <lambda> at 0x7fa4962879f0>,<function <lambda> at 0x7fa496287a90>,<function <lambda> at 0x7fa496287b30>
29493,2023-05-13 20:00:00,<function <lambda> at 0x7fa4962879f0>,<function <lambda> at 0x7fa496287a90>,<function <lambda> at 0x7fa496287b30>
29494,2023-05-13 21:00:00,<function <lambda> at 0x7fa4962879f0>,<function <lambda> at 0x7fa496287a90>,<function <lambda> at 0x7fa496287b30>
29495,2023-05-13 22:00:00,<function <lambda> at 0x7fa4962879f0>,<function <lambda> at 0x7fa496287a90>,<function <lambda> at 0x7fa496287b30>
29496,2023-05-13 23:00:00,<function <lambda> at 0x7fa4962879f0>,<function <lambda> at 0x7fa496287a90>,<function <lambda> at 0x7fa496287b30>
29497,2023-05-14 00:00:00,<function <lambda> at 0x7fa4962879f0>,<function <lambda> at 0x7fa496287a90>,<function <lambda> at 0x7fa496287b30>
29498,2023-05-14 01:00:00,<function <lambda> at 0x7fa4962879f0>,<function <lambda> at 0x7fa496287a90>,<function <lambda> at 0x7fa496287b30>
29499,2023-05-14 02:00:00,<function <lambda> at 0x7fa4962879f0>,<function <lambda> at 0x7fa496287a90>,<function <lambda> at 0x7fa496287b30>
29500,2023-05-14 03:00:00,<function <lambda> at 0x7fa4962879f0>,<function <lambda> at 0x7fa496287a90>,<function <lambda> at 0x7fa496287b30>
29501,2023-05-14 04:00:00,<function <lambda> at 0x7fa4962879f0>,<function <lambda> at 0x7fa496287a90>,<function <lambda> at 0x7fa496287b30>
29502,2023-05-14 05:00:00,<function <lambda> at 0x7fa4962879f0>,<function <lambda> at 0x7fa496287a90>,<function <lambda> at 0x7fa496287b30>
29503,2023-05-14 06:00:00,<function <lambda> at 0x7fa4962879f0>,<function <lambda> at 0x7fa496287a90>,<function <lambda> at 0x7fa496287b30>
29504,2023-05-14 07:00:00,<function <lambda> at 0x7fa4962879f0>,<function <lambda> at 0x7fa496287a90>,<function <lambda> at 0x7fa496287b30>
29505,2023-05-14 08:00:00,<function <lambda> at 0x7fa4962879f0>,<function <lambda> at 0x7fa496287a90>,<function <lambda> at 0x7fa496287b30>
29506,2023-05-14 09:00:00,<function <lambda> at 0x7fa4962879f0>,<function <lambda> at 0x7fa496287a90>,<function <lambda> at 0x7fa496287b30>
29507,2023-05-14 10:00:00,<function <lambda> at 0x7fa4962879f0>,<function <lambda> at 0x7fa496287a90>,<function <lambda> at 0x7fa496287b30>
29508,2023-05-14 11:00:00,<function <lambda> at 0x7fa4962879f0>,<function <lambda> at 0x7fa496287a90>,<function <lambda> at 0x7fa496287b30>
29509,2023-05-14 12:00:00,<function <lambda> at 0x7fa4962879f0>,<function <lambda> at 0x7fa496287a90>,<function <lambda> at 0x7fa496287b30>
29510,2023-05-14 13:00:00,<function <lambda> at 0x7fa4962879f0>,<function <lambda> at 0x7fa496287a90>,<function <lambda> at 0x7fa496287b30>
29511,2023-05-14 14:00:00,<function <lambda> at 0x7fa4962879f0>,<function <lambda> at 0x7fa496287a90>,<function <lambda> at 0x7fa496287b30>
29512,2023-05-14 15:00:00,<function <lambda> at 0x7fa4962879f0>,<function <lambda> at 0x7fa496287a90>,<function <lambda> at 0x7fa496287b30>
29513,2023-05-14 16:00:00,<function <lambda> at 0x7fa4962879f0>,<function <lambda> at 0x7fa496287a90>,<function <lambda> at 0x7fa496287b30>
29514,2023-05-14 17:00:00,<function <lambda> at 0x7fa4962879f0>,<function <lambda> at 0x7fa496287a90>,<function <lambda> at 0x7fa496287b30>
29515,2023-05-14 18:00:00,<function <lambda> at 0x7fa4962879f0>,<function <lambda> at 0x7fa496287a90>,<function <lambda> at 0x7fa496287b30>
29516,2023-05-14 19:00:00,<function <lambda> at 0x7fa4962879f0>,<function <lambda> at 0x7fa496287a90>,<function <lambda> at 0x7fa496287b30>
29517,2023-05-14 20:00:00,<function <lambda> at 0x7fa4962879f0>,<function <lambda> at 0x7fa496287a90>,<function <lambda> at 0x7fa496287b30>
29518,2023-05-14 21:00:00,<function <lambda> at 0x7fa4962879f0>,<function <lambda> at 0x7fa496287a90>,<function <lambda> at 0x7fa496287b30>
29519,2023-05-14 22:00:00,<function <lambda> at 0x7fa4962879f0>,<function <lambda> at 0x7fa496287a90>,<function <lambda> at 0x7fa496287b30>
29520,2023-05-14 23:00:00,<function <lambda> at 0x7fa4962879f0>,<function <lambda> at 0x7fa496287a90>,<function <lambda> at 0x7fa496287b30>
29521,2023-05-15 00:00:00,<function <lambda> at 0x7fa4962879f0>,<function <lambda> at 0x7fa496287a90>,<function <lambda> at 0x7fa496287b30>
29522,2023-05-15 01:00:00,<function <lambda> at 0x7fa4962879f0>,<function <lambda> at 0x7fa496287a90>,<function <lambda> at 0x7fa496287b30>
29523,2023-05-15 02:00:00,<function <lambda> at 0x7fa4962879f0>,<function <lambda> at 0x7fa496287a90>,<function <lambda> at 0x7fa496287b30>
29524,2023-05-15 03:00:00,<function <lambda> at 0x7fa4962879f0>,<function <lambda> at 0x7fa496287a90>,<function <lambda> at 0x7fa496287b30>
29525,2023-05-15 04:00:00,<function <lambda> at 0x7fa4962879f0>,<function <lambda> at 0x7fa496287a90>,<function <lambda> at 0x7fa496287b30>
29526,2023-05-15 05:00:00,<function <lambda> at 0x7fa4962879f0>,<function <lambda> at 0x7fa496287a90>,<function <lambda> at 0x7fa496287b30>
29527,2023-05-15 06:00:00,<function <lambda> at 0x7fa4962879f0>,<function <lambda> at 0x7fa496287a90>,<function <lambda> at 0x7fa496287b30>
29528,2023-05-15 07:00:00,<function <lambda> at 0x7fa4962879f0>,<function <lambda> at 0x7fa496287a90>,<function <lambda> at 0x7fa496287b30>
29529,2023-05-15 08:00:00,<function <lambda> at 0x7fa4962879f0>,<function <lambda> at 0x7fa496287a90>,<function <lambda> at 0x7fa496287b30>
29530,2023-05-15 09:00:00,<function <lambda> at 0x7fa4962879f0>,<function <lambda> at 0x7fa496287a90>,<function <lambda> at 0x7fa496287b30>
29531,2023-05-15 10:00:00,<function <lambda> at 0x7fa4962879f0>,<function <lambda> at 0x7fa496287a90>,<function <lambda> at 0x7fa496287b30>
29532,2023-05-15 11:00:00,<function <lambda> at 0x7fa4962879f0>,<function <lambda> at 0x7fa496287a90>,<function <lambda> at 0x7fa496287b30>
29533,2023-05-15 12:00:00,<function <lambda> at 0x7fa4962879f0>,<function <lambda> at 0x7fa496287a90>,<function <lambda> at 0x7fa496287b30>
29534,2023-05-15 13:00:00,<function <lambda> at 0x7fa4962879f0>,<function <lambda> at 0x7fa496287a90>,<function <lambda> at 0x7fa496287b30>
29535,2023-05-15 14:00:00,<function <lambda> at 0x7fa4962879f0>,<function <lambda> at 0x7fa496287a90>,<function <lambda> at 0x7fa496287b30>
29536,2023-05-15 15:00:00,<function <lambda> at 0x7fa4962879f0>,<function <lambda> at 0x7fa496287a90>,<function <lambda> at 0x7fa496287b30>
29537,2023-05-15 16:00:00,<function <lambda> at 0x7fa4962879f0>,<function <lambda> at 0x7fa496287a90>,<function <lambda> at 0x7fa496287b30>
29538,2023-05-15 17:00:00,<function <lambda> at 0x7fa4962879f0>,<function <lambda> at 0x7fa496287a90>,<function <lambda> at 0x7fa496287b30>
29539,2023-05-15 18:00:00,<function <lambda> at 0x7fa4962879f0>,<function <lambda> at 0x7fa496287a90>,<function <lambda> at 0x7fa496287b30>
29540,2023-05-15 19:00:00,<function <lambda> at 0x7fa4962879f0>,<function <lambda> at 0x7fa496287a90>,<function <lambda> at 0x7fa496287b30>
29541,2023-05-15 20:00:00,<function <lambda> at 0x7fa4962879f0>,<function <lambda> at 0x7fa496287a90>,<function <lambda> at 0x7fa496287b30>
29542,2023-05-15 21:00:00,<function <lambda> at 0x7fa4962879f0>,<function <lambda> at 0x7fa496287a90>,<function <lambda> at 0x7fa496287b30>
29543,2023-05-15 22:00:00,<function <lambda> at 0x7fa4962879f0>,<function <lambda> at 0x7fa496287a90>,<function <lambda> at 0x7fa496287b30>
29544,2023-05-15 23:00:00,<function <lambda> at 0x7fa4962879f0>,<function <lambda> at 0x7fa496287a90>,<function <lambda> at 0x7fa496287b30>
29545,2023-05-16 00:00:00,<function <lambda> at 0x7fa4962879f0>,<function <lambda> at 0x7fa496287a90>,<function <lambda> at 0x7fa496287b30>
29546,2023-05-16 01:00:00,<function <lambda> at 0x7fa4962879f0>,<function <lambda> at 0x7fa496287a90>,<function <lambda> at 0x7fa496287b30>
29547,2023-05-16 02:00:00,<function <lambda> at 0x7fa4962879f0>,<function <lambda> at 0x7fa496287a90>,<function <lambda> at 0x7fa496287b30>
29548,2023-05-16 03:00:00,<function <lambda> at 0x7fa4962879f0>,<function <lambda> at 0x7fa496287a90>,<function <lambda> at 0x7fa496287b30>
29549,2023-05-16 04:00:00,<function <lambda> at 0x7fa4962879f0>,<function <lambda> at 0x7fa496287a90>,<function <lambda> at 0x7fa496287b30>
29550,2023-05-16 05:00:00,<function <lambda> at 0x7fa4962879f0>,<function <lambda> at 0x7fa496287a90>,<function <lambda> at 0x7fa496287b30>
29551,2023-05-16 06:00:00,<function <lambda> at 0x7fa4962879f0>,<function <lambda> at 0x7fa496287a90>,<function <lambda> at 0x7fa496287b30>
29552,2023-05-16 07:00:00,<function <lambda> at 0x7fa4962879f0>,<function <lambda> at 0x7fa496287a90>,<function <lambda> at 0x7fa496287b30>
29553,2023-05-16 08:00:00,<function <lambda> at 0x7fa4962879f0>,<function <lambda> at 0x7fa496287a90>,<function <lambda> at 0x7fa496287b30>
29554,2023-05-16 09:00:00,<function <lambda> at 0x7fa4962879f0>,<function <lambda> at 0x7fa496287a90>,<function <lambda> at 0x7fa496287b30>
29555,2023-05-16 10:00:00,<function <lambda> at 0x7fa4962879f0>,<function <lambda> at 0x7fa496287a90>,<function <lambda> at 0x7fa496287b30>
29556,2023-05-16 11:00:00,<function <lambda> at 0x7fa4962879f0>,<function <lambda> at 0x7fa496287a90>,<function <lambda> at 0x7fa496287b30>
29557,2023-05-16 12:00:00,<function <lambda> at 0x7fa4962879f0>,<function <lambda> at 0x7fa496287a90>,<function <lambda> at 0x7fa496287b30>
29558,2023-05-16 13:00:00,<function <lambda> at 0x7fa4962879f0>,<function <lambda> at 0x7fa496287a90>,<function <lambda> at 0x7fa496287b30>
29559,2023-05-16 14:00:00,<function <lambda> at 0x7fa4962879f0>,<function <lambda> at 0x7fa496287a90>,<function <lambda> at 0x7fa496287b30>
29560,2023-05-16 15:00:00,<function <lambda> at 0x7fa4962879f0>,<function <lambda> at 0x7fa496287a90>,<function <lambda> at 0x7fa496287b30>
29561,2023-05-16 16:00:00,<function <lambda> at 0x7fa4962879f0>,<function <lambda> at 0x7fa496287a90>,<function <lambda> at 0x7fa496287b30>
29562,2023-05-16 17:00:00,<function <lambda> at 0x7fa4962879f0>,<function <lambda> at 0x7fa496287a90>,<function <lambda> at 0x7fa496287b30>
29563,2023-05-16 18:00:00,<function <lambda> at 0x7fa4962879f0>,<function <lambda> at 0x7fa496287a90>,<function <lambda> at 0x7fa496287b30>
29564,2023-05-16 19:00:00,<function <lambda> at 0x7fa4962879f0>,<function <lambda> at 0x7fa496287a90>,<function <lambda> at 0x7fa496287b30>
29565,2023-05-16 20:00:00,<function <lambda> at 0x7fa4962879f0>,<function <lambda> at 0x7fa496287a90>,<function <lambda> at 0x7fa496287b30>
29566,2023-05-16 21:00:00,<function <lambda> at 0x7fa4962879f0>,<function <lambda> at 0x7fa496287a90>,<function <lambda> at 0x7fa496287b30>
29567,2023-05-16 22:00:00,<function <lambda> at 0x7fa4962879f0>,<function <lambda> at 0x7fa496287a90>,<function <lambda> at 0x7fa496287b30>
29568,2023-05-16 23:00:00,<function <lambda> at 0x7fa4962879f0>,<function <lambda> at 0x7fa496287a90>,<function <lambda> at 0x7fa496287b30>
29569,2023-05-17 00:00:00,<function <lambda> at 0x7fa4962879f0>,<function <lambda> at 0x7fa496287a90>,<function <lambda> at 0x7fa496287b30>
29570,2023-05-17 01:00:00,<function <lambda> at 0x7fa4962879f0>,<function <lambda> at 0x7fa496287a90>,<function <lambda> at 0x7fa496287b30>
29571,2023-05-17 02:00:00,<function <lambda> at 0x7fa4962879f0>,<function <lambda> at 0x7fa496287a90>,<function <lambda> at 0x7fa496287b30>
29572,2023-05-17 03:00:00,<function <lambda> at 0x7fa4962879f0>,<function <lambda> at 0x7fa496287a90>,<function <lambda> at 0x7fa496287b30>
29573,2023-05-17 04:00:00,<function <lambda> at 0x7fa4962879f0>,<function <lambda> at 0x7fa496287a90>,<function <lambda> at 0x7fa496287b30>
29574,2023-05-17 05:00:00,<function <lambda> at 0x7fa4962879f0>,<function <lambda> at 0x7fa496287a90>,<function <lambda> at 0x7fa496287b30>
29575,2023-05-17 06:00:00,<function <lambda> at 0x7fa4962879f0>,<function <lambda> at 0x7fa496287a90>,<function <lambda> at 0x7fa496287b30>
29576,2023-05-17 07:00:00,<function <lambda> at 0x7fa4962879f0>,<function <lambda> at 0x7fa496287a90>,<function <lambda> at 0x7fa496287b30>
29577,2023-05-17 08:00:00,<function <lambda> at 0x7fa4962879f0>,<function <lambda> at 0x7fa496287a90>,<function <lambda> at 0x7fa496287b30>
29578,2023-05-17 09:00:00,<function <lambda> at 0x7fa4962879f0>,<function <lambda> at 0x7fa496287a90>,<function <lambda> at 0x7fa496287b30>
29579,2023-05-17 10:00:00,<function <lambda> at 0x7fa4962879f0>,<function <lambda> at 0x7fa496287a90>,<function <lambda> at 0x7fa496287b30>
29580,2023-05-17 11:00:00,<function <lambda> at 0x7fa4962879f0>,<function <lambda> at 0x7fa496287a90>,<function <lambda> at 0x7fa496287b30>
29581,2023-05-17 12:00:00,<function <lambda> at 0x7fa4962879f0>,<function <lambda> at 0x7fa496287a90>,<function <lambda> at 0x7fa496287b30>
29582,2023-05-17 13:00:00,<function <lambda> at 0x7fa4962879f0>,<function <lambda> at 0x7fa496287a90>,<function <lambda> at 0x7fa496287b30>
29583,2023-05-17 14:00:00,<function <lambda> at 0x7fa4962879f0>,<function <lambda> at 0x7fa496287a90>,<function <lambda> at 0x7fa496287b30>
29584,2023-05-17 15:00:00,<function <lambda> at 0x7fa4962879f0>,<function <lambda> at 0x7fa496287a90>,<function <lambda> at 0x7fa496287b30>
29585,2023-05-17 16:00:00,<function <lambda> at 0x7fa4962879f0>,<function <lambda> at 0x7fa496287a90>,<function <lambda> at 0x7fa496287b30>
29586,2023-05-17 17:00:00,<function <lambda> at 0x7fa4962879f0>,<function <lambda> at 0x7fa496287a90>,<function <lambda> at 0x7fa496287b30>
29587,2023-05-17 18:00:00,<function <lambda> at 0x7fa4962879f0>,<function <lambda> at 0x7fa496287a90>,<function <lambda> at 0x7fa496287b30>
29588,2023-05-17 19:00:00,<function <lambda> at 0x7fa4962879f0>,<function <lambda> at 0x7fa496287a90>,<function <lambda> at 0x7fa496287b30>
29589,2023-05-17 20:00:00,<function <lambda> at 0x7fa4962879f0>,<function <lambda> at 0x7fa496287a90>,<function <lambda> at 0x7fa496287b30>
29590,2023-05-17 21:00:00,<function <lambda> at 0x7fa4962879f0>,<function <lambda> at 0x7fa496287a90>,<function <lambda> at 0x7fa496287b30>
29591,2023-05-17 22:00:00,<function <lambda> at 0x7fa4962879f0>,<function <lambda> at 0x7fa496287a90>,<function <lambda> at 0x7fa496287b30>
29592,2023-05-17 23:00:00,<function <lambda> at 0x7fa4962879f0>,<function <lambda> at 0x7fa496287a90>,<function <lambda> at 0x7fa496287b30>
29593,2023-05-18 00:00:00,<function <lambda> at 0x7fa4962879f0>,<function <lambda> at 0x7fa496287a90>,<function <lambda> at 0x7fa496287b30>
29594,2023-05-18 01:00:00,<function <lambda> at 0x7fa4962879f0>,<function <lambda> at 0x7fa496287a90>,<function <lambda> at 0x7fa496287b30>
29595,2023-05-18 02:00:00,<function <lambda> at 0x7fa4962879f0>,<function <lambda> at 0x7fa496287a90>,<function <lambda> at 0x7fa496287b30>
29596,2023-05-18 03:00:00,<function <lambda> at 0x7fa4962879f0>,<function <lambda> at 0x7fa496287a90>,<function <lambda> at 0x7fa496287b30>
29597,2023-05-18 04:00:00,<function <lambda> at 0x7fa4962879f0>,<function <lambda> at 0x7fa496287a90>,<function <lambda> at 0x7fa496287b30>
29598,2023-05-18 05:00:00,<function <lambda> at 0x7fa4962879f0>,<function <lambda> at 0x7fa496287a90>,<function <lambda> at 0x7fa496287b30>
29599,2023-05-18 06:00:00,<function <lambda> at 0x7fa4962879f0>,<function <lambda> at 0x7fa496287a90>,<function <lambda> at 0x7fa496287b30>
29600,2023-05-18 07:00:00,<function <lambda> at 0x7fa4962879f0>,<function <lambda> at 0x7fa496287a90>,<function <lambda> at 0x7fa496287b30>
29601,2023-05-18 08:00:00,<function <lambda> at 0x7fa4962879f0>,<function <lambda> at 0x7fa496287a90>,<function <lambda> at 0x7fa496287b30>
29602,2023-05-18 09:00:00,<function <lambda> at 0x7fa4962879f0>,<function <lambda> at 0x7fa496287a90>,<function <lambda> at 0x7fa496287b30>
29603,2023-05-18 10:00:00,<function <lambda> at 0x7fa4962879f0>,<function <lambda> at 0x7fa496287a90>,<function <lambda> at 0x7fa496287b30>
29604,2023-05-18 11:00:00,<function <lambda> at 0x7fa4962879f0>,<function <lambda> at 0x7fa496287a90>,<function <lambda> at 0x7fa496287b30>
29605,2023-05-18 12:00:00,<function <lambda> at 0x7fa4962879f0>,<function <lambda> at 0x7fa496287a90>,<function <lambda> at 0x7fa496287b30>
29606,2023-05-18 13:00:00,<function <lambda> at 0x7fa4962879f0>,<function <lambda> at 0x7fa496287a90>,<function <lambda> at 0x7fa496287b30>
29607,2023-05-18 14:00:00,<function <lambda> at 0x7fa4962879f0>,<function <lambda> at 0x7fa496287a90>,<function <lambda> at 0x7fa496287b30>
29608,2023-05-18 15:00:00,<function <lambda> at 0x7fa4962879f0>,<function <lambda> at 0x7fa496287a90>,<function <lambda> at 0x7fa496287b30>
29609,2023-05-18 16:00:00,<function <lambda> at 0x7fa4962879f0>,<function <lambda> at 0x7fa496287a90>,<function <lambda> at 0x7fa496287b30>
29610,2023-05-18 17:00:00,<function <lambda> at 0x7fa4962879f0>,<function <lambda> at 0x7fa496287a90>,<function <lambda> at 0x7fa496287b30>
29611,2023-05-18 18:00:00,<function <lambda> at 0x7fa4962879f0>,<function <lambda> at 0x7fa496287a90>,<function <lambda> at 0x7fa496287b30>
29612,2023-05-18 19:00:00,<function <lambda> at 0x7fa4962879f0>,<function <lambda> at 0x7fa496287a90>,<function <lambda> at 0x7fa496287b30>
29613,2023-05-18 20:00:00,<function <lambda> at 0x7fa4962879f0>,<function <lambda> at 0x7fa496287a90>,<function <lambda> at 0x7fa496287b30>
29614,2023-05-18 21:00:00,<function <lambda> at 0x7fa4962879f0>,<function <lambda> at 0x7fa496287a90>,<function <lambda> at 0x7fa496287b30>
29615,2023-05-18 22:00:00,<function <lambda> at 0x7fa4962879f0>,<function <lambda> at 0x7fa496287a90>,<function <lambda> at 0x7fa496287b30>
29616,2023-05-18 23:00:00,<function <lambda> at 0x7fa4962879f0>,<function <lambda> at 0x7fa496287a90>,<function <lambda> at 0x7fa496287b30>
29617,2023-05-19 00:00:00,<function <lambda> at 0x7fa4962879f0>,<function <lambda> at 0x7fa496287a90>,<function <lambda> at 0x7fa496287b30>
29618,2023-05-19 01:00:00,<function <lambda> at 0x7fa4962879f0>,<function <lambda> at 0x7fa496287a90>,<function <lambda> at 0x7fa496287b30>
29619,2023-05-19 02:00:00,<function <lambda> at 0x7fa4962879f0>,<function <lambda> at 0x7fa496287a90>,<function <lambda> at 0x7fa496287b30>
29620,2023-05-19 03:00:00,<function <lambda> at 0x7fa4962879f0>,<function <lambda> at 0x7fa496287a90>,<function <lambda> at 0x7fa496287b30>
29621,2023-05-19 04:00:00,<function <lambda> at 0x7fa4962879f0>,<function <lambda> at 0x7fa496287a90>,<function <lambda> at 0x7fa496287b30>
29622,2023-05-19 05:00:00,<function <lambda> at 0x7fa4962879f0>,<function <lambda> at 0x7fa496287a90>,<function <lambda> at 0x7fa496287b30>
29623,2023-05-19 06:00:00,<function <lambda> at 0x7fa4962879f0>,<function <lambda> at 0x7fa496287a90>,<function <lambda> at 0x7fa496287b30>
29624,2023-05-19 07:00:00,<function <lambda> at 0x7fa4962879f0>,<function <lambda> at 0x7fa496287a90>,<function <lambda> at 0x7fa496287b30>
29625,2023-05-19 08:00:00,<function <lambda> at 0x7fa4962879f0>,<function <lambda> at 0x7fa496287a90>,<function <lambda> at 0x7fa496287b30>
29626,2023-05-19 09:00:00,<function <lambda> at 0x7fa4962879f0>,<function <lambda> at 0x7fa496287a90>,<function <lambda> at 0x7fa496287b30>
29627,2023-05-19 10:00:00,<function <lambda> at 0x7fa4962879f0>,<function <lambda> at 0x7fa496287a90>,<function <lambda> at 0x7fa496287b30>
29628,2023-05-19 11:00:00,<function <lambda> at 0x7fa4962879f0>,<function <lambda> at 0x7fa496287a90>,<function <lambda> at 0x7fa496287b30>
29629,2023-05-19 12:00:00,<function <lambda> at 0x7fa4962879f0>,<function <lambda> at 0x7fa496287a90>,<function <lambda> at 0x7fa496287b30>
29630,2023-05-19 13:00:00,<function <lambda> at 0x7fa4962879f0>,<function <lambda> at 0x7fa496287a90>,<function <lambda> at 0x7fa496287b30>
29631,2023-05-19 14:00:00,<function <lambda> at 0x7fa4962879f0>,<function <lambda> at 0x7fa496287a90>,<function <lambda> at 0x7fa496287b30>
29632,2023-05-19 15:00:00,<function <lambda> at 0x7fa4962879f0>,<function <lambda> at 0x7fa496287a90>,<function <lambda> at 0x7fa496287b30>
29633,2023-05-19 16:00:00,<function <lambda> at 0x7fa4962879f0>,<function <lambda> at 0x7fa496287a90>,<function <lambda> at 0x7fa496287b30>
29634,2023-05-19 17:00:00,<function <lambda> at 0x7fa4962879f0>,<function <lambda> at 0x7fa496287a90>,<function <lambda> at 0x7fa496287b30>
29635,2023-05-19 18:00:00,<function <lambda> at 0x7fa4962879f0>,<function <lambda> at 0x7fa496287a90>,<function <lambda> at 0x7fa496287b30>
29636,2023-05-19 19:00:00,<function <lambda> at 0x7fa4962879f0>,<function <lambda> at 0x7fa496287a90>,<function <lambda> at 0x7fa496287b30>
29637,2023-05-19 20:00:00,<function <lambda> at 0x7fa4962879f0>,<function <lambda> at 0x7fa496287a90>,<function <lambda> at 0x7fa496287b30>
29638,2023-05-19 21:00:00,<function <lambda> at 0x7fa4962879f0>,<function <lambda> at 0x7fa496287a90>,<function <lambda> at 0x7fa496287b30>
29639,2023-05-19 22:00:00,<function <lambda> at 0x7fa4962879f0>,<function <lambda> at 0x7fa496287a90>,<function <lambda> at 0x7fa496287b30>
29640,2023-05-19 23:00:00,<function <lambda> at 0x7fa4962879f0>,<function <lambda> at 0x7fa496287a90>,<function <lambda> at 0x7fa496287b30>
29641,2023-05-20 00:00:00,<function <lambda> at 0x7fa4962879f0>,<function <lambda> at 0x7fa496287a90>,<function <lambda> at 0x7fa496287b30>
29642,2023-05-20 01:00:00,<function <lambda> at 0x7fa4962879f0>,<function <lambda> at 0x7fa496287a90>,<function <lambda> at 0x7fa496287b30>
29643,2023-05-20 02:00:00,<function <lambda> at 0x7fa4962879f0>,<function <lambda> at 0x7fa496287a90>,<function <lambda> at 0x7fa496287b30>
29644,2023-05-20 03:00:00,<function <lambda> at 0x7fa4962879f0>,<function <lambda> at 0x7fa496287a90>,<function <lambda> at 0x7fa496287b30>
29645,2023-05-20 04:00:00,<function <lambda> at 0x7fa4962879f0>,<function <lambda> at 0x7fa496287a90>,<function <lambda> at 0x7fa496287b30>
29646,2023-05-20 05:00:00,<function <lambda> at 0x7fa4962879f0>,<function <lambda> at 0x7fa496287a90>,<function <lambda> at 0x7fa496287b30>
29647,2023-05-20 06:00:00,<function <lambda> at 0x7fa4962879f0>,<function <lambda> at 0x7fa496287a90>,<function <lambda> at 0x7fa496287b30>
29648,2023-05-20 07:00:00,<function <lambda> at 0x7fa4962879f0>,<function <lambda> at 0x7fa496287a90>,<function <lambda> at 0x7fa496287b30>
29649,2023-05-20 08:00:00,<function <lambda> at 0x7fa4962879f0>,<function <lambda> at 0x7fa496287a90>,<function <lambda> at 0x7fa496287b30>
29650,2023-05-20 09:00:00,<function <lambda> at 0x7fa4962879f0>,<function <lambda> at 0x7fa496287a90>,<function <lambda> at 0x7fa496287b30>
29651,2023-05-20 10:00:00,<function <lambda> at 0x7fa4962879f0>,<function <lambda> at 0x7fa496287a90>,<function <lambda> at 0x7fa496287b30>
29652,2023-05-20 11:00:00,<function <lambda> at 0x7fa4962879f0>,<function <lambda> at 0x7fa496287a90>,<function <lambda> at 0x7fa496287b30>
29653,2023-05-20 12:00:00,<function <lambda> at 0x7fa4962879f0>,<function <lambda> at 0x7fa496287a90>,<function <lambda> at 0x7fa496287b30>
29654,2023-05-20 13:00:00,<function <lambda> at 0x7fa4962879f0>,<function <lambda> at 0x7fa496287a90>,<function <lambda> at 0x7fa496287b30>
29655,2023-05-20 14:00:00,<function <lambda> at 0x7fa4962879f0>,<function <lambda> at 0x7fa496287a90>,<function <lambda> at 0x7fa496287b30>
29656,2023-05-20 15:00:00,<function <lambda> at 0x7fa4962879f0>,<function <lambda> at 0x7fa496287a90>,<function <lambda> at 0x7fa496287b30>
29657,2023-05-20 16:00:00,<function <lambda> at 0x7fa4962879f0>,<function <lambda> at 0x7fa496287a90>,<function <lambda> at 0x7fa496287b30>
29658,2023-05-20 17:00:00,<function <lambda> at 0x7fa4962879f0>,<function <lambda> at 0x7fa496287a90>,<function <lambda> at 0x7fa496287b30>
29659,2023-05-20 18:00:00,<function <lambda> at 0x7fa4962879f0>,<function <lambda> at 0x7fa496287a90>,<function <lambda> at 0x7fa496287b30>
29660,2023-05-20 19:00:00,<function <lambda> at 0x7fa4962879f0>,<function <lambda> at 0x7fa496287a90>,<function <lambda> at 0x7fa496287b30>
29661,2023-05-20 20:00:00,<function <lambda> at 0x7fa4962879f0>,<function <lambda> at 0x7fa496287a90>,<function <lambda> at 0x7fa496287b30>
29662,2023-05-20 21:00:00,<function <lambda> at 0x7fa4962879f0>,<function <lambda> at 0x7fa496287a90>,<function <lambda> at 0x7fa496287b30>
29663,2023-05-20 22:00:00,<function <lambda> at 0x7fa4962879f0>,<function <lambda> at 0x7fa496287a90>,<function <lambda> at 0x7fa496287b30>
29664,2023-05-20 23:00:00,<function <lambda> at 0x7fa4962879f0>,<function <lambda> at 0x7fa496287a90>,<function <lambda> at 0x7fa496287b30>
29665,2023-05-21 00:00:00,<function <lambda> at 0x7fa4962879f0>,<function <lambda> at 0x7fa496287a90>,<function <lambda> at 0x7fa496287b30>
29666,2023-05-21 01:00:00,<function <lambda> at 0x7fa4962879f0>,<function <lambda> at 0x7fa496287a90>,<function <lambda> at 0x7fa496287b30>
29667,2023-05-21 02:00:00,<function <lambda> at 0x7fa4962879f0>,<function <lambda> at 0x7fa496287a90>,<function <lambda> at 0x7fa496287b30>
29668,2023-05-21 03:00:00,<function <lambda> at 0x7fa4962879f0>,<function <lambda> at 0x7fa496287a90>,<function <lambda> at 0x7fa496287b30>
29669,2023-05-21 04:00:00,<function <lambda> at 0x7fa4962879f0>,<function <lambda> at 0x7fa496287a90>,<function <lambda> at 0x7fa496287b30>
29670,2023-05-21 05:00:00,<function <lambda> at 0x7fa4962879f0>,<function <lambda> at 0x7fa496287a90>,<function <lambda> at 0x7fa496287b30>
29671,2023-05-21 06:00:00,<function <lambda> at 0x7fa4962879f0>,<function <lambda> at 0x7fa496287a90>,<function <lambda> at 0x7fa496287b30>
29672,2023-05-21 07:00:00,<function <lambda> at 0x7fa4962879f0>,<function <lambda> at 0x7fa496287a90>,<function <lambda> at 0x7fa496287b30>
29673,2023-05-21 08:00:00,<function <lambda> at 0x7fa4962879f0>,<function <lambda> at 0x7fa496287a90>,<function <lambda> at 0x7fa496287b30>
29674,2023-05-21 09:00:00,<function <lambda> at 0x7fa4962879f0>,<function <lambda> at 0x7fa496287a90>,<function <lambda> at 0x7fa496287b30>
29675,2023-05-21 10:00:00,<function <lambda> at 0x7fa4962879f0>,<function <lambda> at 0x7fa496287a90>,<function <lambda> at 0x7fa496287b30>
29676,2023-05-21 11:00:00,<function <lambda> at 0x7fa4962879f0>,<function <lambda> at 0x7fa496287a90>,<function <lambda> at 0x7fa496287b30>
29677,2023-05-21 12:00:00,<function <lambda> at 0x7fa4962879f0>,<function <lambda> at 0x7fa496287a90>,<function <lambda> at 0x7fa496287b30>
29678,2023-05-21 13:00:00,<function <lambda> at 0x7fa4962879f0>,<function <lambda> at 0x7fa496287a90>,<function <lambda> at 0x7fa496287b30>
29679,2023-05-21 14:00:00,<function <lambda> at 0x7fa4962879f0>,<function <lambda> at 0x7fa496287a90>,<function <lambda> at 0x7fa496287b30>
29680,2023-05-21 15:00:00,<function <lambda> at 0x7fa4962879f0>,<function <lambda> at 0x7fa496287a90>,<function <lambda> at 0x7fa496287b30>
29681,2023-05-21 16:00:00,<function <lambda> at 0x7fa4962879f0>,<function <lambda> at 0x7fa496287a90>,<function <lambda> at 0x7fa496287b30>
29682,2023-05-21 17:00:00,<function <lambda> at 0x7fa4962879f0>,<function <lambda> at 0x7fa496287a90>,<function <lambda> at 0x7fa496287b30>
29683,2023-05-21 18:00:00,<function <lambda> at 0x7fa4962879f0>,<function <lambda> at 0x7fa496287a90>,<function <lambda> at 0x7fa496287b30>
29684,2023-05-21 19:00:00,<function <lambda> at 0x7fa4962879f0>,<function <lambda> at 0x7fa496287a90>,<function <lambda> at 0x7fa496287b30>
29685,2023-05-21 20:00:00,<function <lambda> at 0x7fa4962879f0>,<function <lambda> at 0x7fa496287a90>,<function <lambda> at 0x7fa496287b30>
29686,2023-05-21 21:00:00,<function <lambda> at 0x7fa4962879f0>,<function <lambda> at 0x7fa496287a90>,<function <lambda> at 0x7fa496287b30>
29687,2023-05-21 22:00:00,<function <lambda> at 0x7fa4962879f0>,<function <lambda> at 0x7fa496287a90>,<function <lambda> at 0x7fa496287b30>
29688,2023-05-21 23:00:00,<function <lambda> at 0x7fa4962879f0>,<function <lambda> at 0x7fa496287a90>,<function <lambda> at 0x7fa496287b30>
29689,2023-05-22 00:00:00,<function <lambda> at 0x7fa4962879f0>,<function <lambda> at 0x7fa496287a90>,<function <lambda> at 0x7fa496287b30>
29690,2023-05-22 01:00:00,<function <lambda> at 0x7fa4962879f0>,<function <lambda> at 0x7fa496287a90>,<function <lambda> at 0x7fa496287b30>
29691,2023-05-22 02:00:00,<function <lambda> at 0x7fa4962879f0>,<function <lambda> at 0x7fa496287a90>,<function <lambda> at 0x7fa496287b30>
29692,2023-05-22 03:00:00,<function <lambda> at 0x7fa4962879f0>,<function <lambda> at 0x7fa496287a90>,<function <lambda> at 0x7fa496287b30>
29693,2023-05-22 04:00:00,<function <lambda> at 0x7fa4962879f0>,<function <lambda> at 0x7fa496287a90>,<function <lambda> at 0x7fa496287b30>
29694,2023-05-22 05:00:00,<function <lambda> at 0x7fa4962879f0>,<function <lambda> at 0x7fa496287a90>,<function <lambda> at 0x7fa496287b30>
29695,2023-05-22 06:00:00,<function <lambda> at 0x7fa4962879f0>,<function <lambda> at 0x7fa496287a90>,<function <lambda> at 0x7fa496287b30>
29696,2023-05-22 07:00:00,<function <lambda> at 0x7fa4962879f0>,<function <lambda> at 0x7fa496287a90>,<function <lambda> at 0x7fa496287b30>
29697,2023-05-22 08:00:00,<function <lambda> at 0x7fa4962879f0>,<function <lambda> at 0x7fa496287a90>,<function <lambda> at 0x7fa496287b30>
29698,2023-05-22 09:00:00,<function <lambda> at 0x7fa4962879f0>,<function <lambda> at 0x7fa496287a90>,<function <lambda> at 0x7fa496287b30>
29699,2023-05-22 10:00:00,<function <lambda> at 0x7fa4962879f0>,<function <lambda> at 0x7fa496287a90>,<function <lambda> at 0x7fa496287b30>
29700,2023-05-22 11:00:00,<function <lambda> at 0x7fa4962879f0>,<function <lambda> at 0x7fa496287a90>,<function <lambda> at 0x7fa496287b30>
29701,2023-05-22 12:00:00,<function <lambda> at 0x7fa4962879f0>,<function <lambda> at 0x7fa496287a90>,<function <lambda> at 0x7fa496287b30>
29702,2023-05-22 13:00:00,<function <lambda> at 0x7fa4962879f0>,<function <lambda> at 0x7fa496287a90>,<function <lambda> at 0x7fa496287b30>
29703,2023-05-22 14:00:00,<function <lambda> at 0x7fa4962879f0>,<function <lambda> at 0x7fa496287a90>,<function <lambda> at 0x7fa496287b30>
29704,2023-05-22 15:00:00,<function <lambda> at 0x7fa4962879f0>,<function <lambda> at 0x7fa496287a90>,<function <lambda> at 0x7fa496287b30>
29705,2023-05-22 16:00:00,<function <lambda> at 0x7fa4962879f0>,<function <lambda> at 0x7fa496287a90>,<function <lambda> at 0x7fa496287b30>
29706,2023-05-22 17:00:00,<function <lambda> at 0x7fa4962879f0>,<function <lambda> at 0x7fa496287a90>,<function <lambda> at 0x7fa496287b30>
29707,2023-05-22 18:00:00,<function <lambda> at 0x7fa4962879f0>,<function <lambda> at 0x7fa496287a90>,<function <lambda> at 0x7fa496287b30>
29708,2023-05-22 19:00:00,<function <lambda> at 0x7fa4962879f0>,<function <lambda> at 0x7fa496287a90>,<function <lambda> at 0x7fa496287b30>
29709,2023-05-22 20:00:00,<function <lambda> at 0x7fa4962879f0>,<function <lambda> at 0x7fa496287a90>,<function <lambda> at 0x7fa496287b30>
29710,2023-05-22 21:00:00,<function <lambda> at 0x7fa4962879f0>,<function <lambda> at 0x7fa496287a90>,<function <lambda> at 0x7fa496287b30>
29711,2023-05-22 22:00:00,<function <lambda> at 0x7fa4962879f0>,<function <lambda> at 0x7fa496287a90>,<function <lambda> at 0x7fa496287b30>
29712,2023-05-22 23:00:00,<function <lambda> at 0x7fa4962879f0>,<function <lambda> at 0x7fa496287a90>,<function <lambda> at 0x7fa496287b30>
29713,2023-05-23 00:00:00,<function <lambda> at 0x7fa4962879f0>,<function <lambda> at 0x7fa496287a90>,<function <lambda> at 0x7fa496287b30>
29714,2023-05-23 01:00:00,<function <lambda> at 0x7fa4962879f0>,<function <lambda> at 0x7fa496287a90>,<function <lambda> at 0x7fa496287b30>
29715,2023-05-23 02:00:00,<function <lambda> at 0x7fa4962879f0>,<function <lambda> at 0x7fa496287a90>,<function <lambda> at 0x7fa496287b30>
29716,2023-05-23 03:00:00,<function <lambda> at 0x7fa4962879f0>,<function <lambda> at 0x7fa496287a90>,<function <lambda> at 0x7fa496287b30>
29717,2023-05-23 04:00:00,<function <lambda> at 0x7fa4962879f0>,<function <lambda> at 0x7fa496287a90>,<function <lambda> at 0x7fa496287b30>
29718,2023-05-23 05:00:00,<function <lambda> at 0x7fa4962879f0>,<function <lambda> at 0x7fa496287a90>,<function <lambda> at 0x7fa496287b30>
29719,2023-05-23 06:00:00,<function <lambda> at 0x7fa4962879f0>,<function <lambda> at 0x7fa496287a90>,<function <lambda> at 0x7fa496287b30>
29720,2023-05-23 07:00:00,<function <lambda> at 0x7fa4962879f0>,<function <lambda> at 0x7fa496287a90>,<function <lambda> at 0x7fa496287b30>
29721,2023-05-23 08:00:00,<function <lambda> at 0x7fa4962879f0>,<function <lambda> at 0x7fa496287a90>,<function <lambda> at 0x7fa496287b30>
29722,2023-05-23 09:00:00,<function <lambda> at 0x7fa4962879f0>,<function <lambda> at 0x7fa496287a90>,<function <lambda> at 0x7fa496287b30>
29723,2023-05-23 10:00:00,<function <lambda> at 0x7fa4962879f0>,<function <lambda> at 0x7fa496287a90>,<function <lambda> at 0x7fa496287b30>
29724,2023-05-23 11:00:00,<function <lambda> at 0x7fa4962879f0>,<function <lambda> at 0x7fa496287a90>,<function <lambda> at 0x7fa496287b30>
29725,2023-05-23 12:00:00,<function <lambda> at 0x7fa4962879f0>,<function <lambda> at 0x7fa496287a90>,<function <lambda> at 0x7fa496287b30>
29726,2023-05-23 13:00:00,<function <lambda> at 0x7fa4962879f0>,<function <lambda> at 0x7fa496287a90>,<function <lambda> at 0x7fa496287b30>
29727,2023-05-23 14:00:00,<function <lambda> at 0x7fa4962879f0>,<function <lambda> at 0x7fa496287a90>,<function <lambda> at 0x7fa496287b30>
29728,2023-05-23 15:00:00,<function <lambda> at 0x7fa4962879f0>,<function <lambda> at 0x7fa496287a90>,<function <lambda> at 0x7fa496287b30>
29729,2023-05-23 16:00:00,<function <lambda> at 0x7fa4962879f0>,<function <lambda> at 0x7fa496287a90>,<function <lambda> at 0x7fa496287b30>
29730,2023-05-23 17:00:00,<function <lambda> at 0x7fa4962879f0>,<function <lambda> at 0x7fa496287a90>,<function <lambda> at 0x7fa496287b30>
29731,2023-05-23 18:00:00,<function <lambda> at 0x7fa4962879f0>,<function <lambda> at 0x7fa496287a90>,<function <lambda> at 0x7fa496287b30>
29732,2023-05-23 19:00:00,<function <lambda> at 0x7fa4962879f0>,<function <lambda> at 0x7fa496287a90>,<function <lambda> at 0x7fa496287b30>
29733,2023-05-23 20:00:00,<function <lambda> at 0x7fa4962879f0>,<function <lambda> at 0x7fa496287a90>,<function <lambda> at 0x7fa496287b30>
29734,2023-05-23 21:00:00,<function <lambda> at 0x7fa4962879f0>,<function <lambda> at 0x7fa496287a90>,<function <lambda> at 0x7fa496287b30>
29735,2023-05-23 22:00:00,<function <lambda> at 0x7fa4962879f0>,<function <lambda> at 0x7fa496287a90>,<function <lambda> at 0x7fa496287b30>
29736,2023-05-23 23:00:00,<function <lambda> at 0x7fa4962879f0>,<function <lambda> at 0x7fa496287a90>,<function <lambda> at 0x7fa496287b30>
29737,2023-05-24 00:00:00,<function <lambda> at 0x7fa4962879f0>,<function <lambda> at 0x7fa496287a90>,<function <lambda> at 0x7fa496287b30>
29738,2023-05-24 01:00:00,<function <lambda> at 0x7fa4962879f0>,<function <lambda> at 0x7fa496287a90>,<function <lambda> at 0x7fa496287b30>
29739,2023-05-24 02:00:00,<function <lambda> at 0x7fa4962879f0>,<function <lambda> at 0x7fa496287a90>,<function <lambda> at 0x7fa496287b30>
29740,2023-05-24 03:00:00,<function <lambda> at 0x7fa4962879f0>,<function <lambda> at 0x7fa496287a90>,<function <lambda> at 0x7fa496287b30>
29741,2023-05-24 04:00:00,<function <lambda> at 0x7fa4962879f0>,<function <lambda> at 0x7fa496287a90>,<function <lambda> at 0x7fa496287b30>
29742,2023-05-24 05:00:00,<function <lambda> at 0x7fa4962879f0>,<function <lambda> at 0x7fa496287a90>,<function <lambda> at 0x7fa496287b30>
29743,2023-05-24 06:00:00,<function <lambda> at 0x7fa4962879f0>,<function <lambda> at 0x7fa496287a90>,<function <lambda> at 0x7fa496287b30>
29744,2023-05-24 07:00:00,<function <lambda> at 0x7fa4962879f0>,<function <lambda> at 0x7fa496287a90>,<function <lambda> at 0x7fa496287b30>
29745,2023-05-24 08:00:00,<function <lambda> at 0x7fa4962879f0>,<function <lambda> at 0x7fa496287a90>,<function <lambda> at 0x7fa496287b30>
29746,2023-05-24 09:00:00,<function <lambda> at 0x7fa4962879f0>,<function <lambda> at 0x7fa496287a90>,<function <lambda> at 0x7fa496287b30>
29747,2023-05-24 10:00:00,<function <lambda> at 0x7fa4962879f0>,<function <lambda> at 0x7fa496287a90>,<function <lambda> at 0x7fa496287b30>
29748,2023-05-24 11:00:00,<function <lambda> at 0x7fa4962879f0>,<function <lambda> at 0x7fa496287a90>,<function <lambda> at 0x7fa496287b30>
29749,2023-05-24 12:00:00,<function <lambda> at 0x7fa4962879f0>,<function <lambda> at 0x7fa496287a90>,<function <lambda> at 0x7fa496287b30>
29750,2023-05-24 13:00:00,<function <lambda> at 0x7fa4962879f0>,<function <lambda> at 0x7fa496287a90>,<function <lambda> at 0x7fa496287b30>
29751,2023-05-24 14:00:00,<function <lambda> at 0x7fa4962879f0>,<function <lambda> at 0x7fa496287a90>,<function <lambda> at 0x7fa496287b30>
29752,2023-05-24 15:00:00,<function <lambda> at 0x7fa4962879f0>,<function <lambda> at 0x7fa496287a90>,<function <lambda> at 0x7fa496287b30>
29753,2023-05-24 16:00:00,<function <lambda> at 0x7fa4962879f0>,<function <lambda> at 0x7fa496287a90>,<function <lambda> at 0x7fa496287b30>
29754,2023-05-24 17:00:00,<function <lambda> at 0x7fa4962879f0>,<function <lambda> at 0x7fa496287a90>,<function <lambda> at 0x7fa496287b30>
29755,2023-05-24 18:00:00,<function <lambda> at 0x7fa4962879f0>,<function <lambda> at 0x7fa496287a90>,<function <lambda> at 0x7fa496287b30>
29756,2023-05-24 19:00:00,<function <lambda> at 0x7fa4962879f0>,<function <lambda> at 0x7fa496287a90>,<function <lambda> at 0x7fa496287b30>
29757,2023-05-24 20:00:00,<function <lambda> at 0x7fa4962879f0>,<function <lambda> at 0x7fa496287a90>,<function <lambda> at 0x7fa496287b30>
29758,2023-05-24 21:00:00,<function <lambda> at 0x7fa4962879f0>,<function <lambda> at 0x7fa496287a90>,<function <lambda> at 0x7fa496287b30>
29759,2023-05-24 22:00:00,<function <lambda> at 0x7fa4962879f0>,<function <lambda> at 0x7fa496287a90>,<function <lambda> at 0x7fa496287b30>
29760,2023-05-24 23:00:00,<function <lambda> at 0x7fa4962879f0>,<function <lambda> at 0x7fa496287a90>,<function <lambda> at 0x7fa496287b30>
29761,2023-05-25 00:00:00,<function <lambda> at 0x7fa4962879f0>,<function <lambda> at 0x7fa496287a90>,<function <lambda> at 0x7fa496287b30>
29762,2023-05-25 01:00:00,<function <lambda> at 0x7fa4962879f0>,<function <lambda> at 0x7fa496287a90>,<function <lambda> at 0x7fa496287b30>
29763,2023-05-25 02:00:00,<function <lambda> at 0x7fa4962879f0>,<function <lambda> at 0x7fa496287a90>,<function <lambda> at 0x7fa496287b30>
29764,2023-05-25 03:00:00,<function <lambda> at 0x7fa4962879f0>,<function <lambda> at 0x7fa496287a90>,<function <lambda> at 0x7fa496287b30>
29765,2023-05-25 04:00:00,<function <lambda> at 0x7fa4962879f0>,<function <lambda> at 0x7fa496287a90>,<function <lambda> at 0x7fa496287b30>
29766,2023-05-25 05:00:00,<function <lambda> at 0x7fa4962879f0>,<function <lambda> at 0x7fa496287a90>,<function <lambda> at 0x7fa496287b30>
29767,2023-05-25 06:00:00,<function <lambda> at 0x7fa4962879f0>,<function <lambda> at 0x7fa496287a90>,<function <lambda> at 0x7fa496287b30>
29768,2023-05-25 07:00:00,<function <lambda> at 0x7fa4962879f0>,<function <lambda> at 0x7fa496287a90>,<function <lambda> at 0x7fa496287b30>
29769,2023-05-25 08:00:00,<function <lambda> at 0x7fa4962879f0>,<function <lambda> at 0x7fa496287a90>,<function <lambda> at 0x7fa496287b30>
29770,2023-05-25 09:00:00,<function <lambda> at 0x7fa4962879f0>,<function <lambda> at 0x7fa496287a90>,<function <lambda> at 0x7fa496287b30>
29771,2023-05-25 10:00:00,<function <lambda> at 0x7fa4962879f0>,<function <lambda> at 0x7fa496287a90>,<function <lambda> at 0x7fa496287b30>
29772,2023-05-25 11:00:00,<function <lambda> at 0x7fa4962879f0>,<function <lambda> at 0x7fa496287a90>,<function <lambda> at 0x7fa496287b30>
29773,2023-05-25 12:00:00,<function <lambda> at 0x7fa4962879f0>,<function <lambda> at 0x7fa496287a90>,<function <lambda> at 0x7fa496287b30>
29774,2023-05-25 13:00:00,<function <lambda> at 0x7fa4962879f0>,<function <lambda> at 0x7fa496287a90>,<function <lambda> at 0x7fa496287b30>
29775,2023-05-25 14:00:00,<function <lambda> at 0x7fa4962879f0>,<function <lambda> at 0x7fa496287a90>,<function <lambda> at 0x7fa496287b30>
29776,2023-05-25 15:00:00,<function <lambda> at 0x7fa4962879f0>,<function <lambda> at 0x7fa496287a90>,<function <lambda> at 0x7fa496287b30>
29777,2023-05-25 16:00:00,<function <lambda> at 0x7fa4962879f0>,<function <lambda> at 0x7fa496287a90>,<function <lambda> at 0x7fa496287b30>
29778,2023-05-25 17:00:00,<function <lambda> at 0x7fa4962879f0>,<function <lambda> at 0x7fa496287a90>,<function <lambda> at 0x7fa496287b30>
29779,2023-05-25 18:00:00,<function <lambda> at 0x7fa4962879f0>,<function <lambda> at 0x7fa496287a90>,<function <lambda> at 0x7fa496287b30>
29780,2023-05-25 19:00:00,<function <lambda> at 0x7fa4962879f0>,<function <lambda> at 0x7fa496287a90>,<function <lambda> at 0x7fa496287b30>
29781,2023-05-25 20:00:00,<function <lambda> at 0x7fa4962879f0>,<function <lambda> at 0x7fa496287a90>,<function <lambda> at 0x7fa496287b30>
29782,2023-05-25 21:00:00,<function <lambda> at 0x7fa4962879f0>,<function <lambda> at 0x7fa496287a90>,<function <lambda> at 0x7fa496287b30>
29783,2023-05-25 22:00:00,<function <lambda> at 0x7fa4962879f0>,<function <lambda> at 0x7fa496287a90>,<function <lambda> at 0x7fa496287b30>
29784,2023-05-25 23:00:00,<function <lambda> at 0x7fa4962879f0>,<function <lambda> at 0x7fa496287a90>,<function <lambda> at 0x7fa496287b30>
29785,2023-05-26 00:00:00,<function <lambda> at 0x7fa4962879f0>,<function <lambda> at 0x7fa496287a90>,<function <lambda> at 0x7fa496287b30>
29786,2023-05-26 01:00:00,<function <lambda> at 0x7fa4962879f0>,<function <lambda> at 0x7fa496287a90>,<function <lambda> at 0x7fa496287b30>
29787,2023-05-26 02:00:00,<function <lambda> at 0x7fa4962879f0>,<function <lambda> at 0x7fa496287a90>,<function <lambda> at 0x7fa496287b30>
29788,2023-05-26 03:00:00,<function <lambda> at 0x7fa4962879f0>,<function <lambda> at 0x7fa496287a90>,<function <lambda> at 0x7fa496287b30>
29789,2023-05-26 04:00:00,<function <lambda> at 0x7fa4962879f0>,<function <lambda> at 0x7fa496287a90>,<function <lambda> at 0x7fa496287b30>
29790,2023-05-26 05:00:00,<function <lambda> at 0x7fa4962879f0>,<function <lambda> at 0x7fa496287a90>,<function <lambda> at 0x7fa496287b30>
29791,2023-05-26 06:00:00,<function <lambda> at 0x7fa4962879f0>,<function <lambda> at 0x7fa496287a90>,<function <lambda> at 0x7fa496287b30>
29792,2023-05-26 07:00:00,<function <lambda> at 0x7fa4962879f0>,<function <lambda> at 0x7fa496287a90>,<function <lambda> at 0x7fa496287b30>
29793,2023-05-26 08:00:00,<function <lambda> at 0x7fa4962879f0>,<function <lambda> at 0x7fa496287a90>,<function <lambda> at 0x7fa496287b30>
29794,2023-05-26 09:00:00,<function <lambda> at 0x7fa4962879f0>,<function <lambda> at 0x7fa496287a90>,<function <lambda> at 0x7fa496287b30>
29795,2023-05-26 10:00:00,<function <lambda> at 0x7fa4962879f0>,<function <lambda> at 0x7fa496287a90>,<function <lambda> at 0x7fa496287b30>
29796,2023-05-26 11:00:00,<function <lambda> at 0x7fa4962879f0>,<function <lambda> at 0x7fa496287a90>,<function <lambda> at 0x7fa496287b30>
29797,2023-05-26 12:00:00,<function <lambda> at 0x7fa4962879f0>,<function <lambda> at 0x7fa496287a90>,<function <lambda> at 0x7fa496287b30>
29798,2023-05-26 13:00:00,<function <lambda> at 0x7fa4962879f0>,<function <lambda> at 0x7fa496287a90>,<function <lambda> at 0x7fa496287b30>
29799,2023-05-26 14:00:00,<function <lambda> at 0x7fa4962879f0>,<function <lambda> at 0x7fa496287a90>,<function <lambda> at 0x7fa496287b30>
29800,2023-05-26 15:00:00,<function <lambda> at 0x7fa4962879f0>,<function <lambda> at 0x7fa496287a90>,<function <lambda> at 0x7fa496287b30>
29801,2023-05-26 16:00:00,<function <lambda> at 0x7fa4962879f0>,<function <lambda> at 0x7fa496287a90>,<function <lambda> at 0x7fa496287b30>
29802,2023-05-26 17:00:00,<function <lambda> at 0x7fa4962879f0>,<function <lambda> at 0x7fa496287a90>,<function <lambda> at 0x7fa496287b30>
29803,2023-05-26 18:00:00,<function <lambda> at 0x7fa4962879f0>,<function <lambda> at 0x7fa496287a90>,<function <lambda> at 0x7fa496287b30>
29804,2023-05-26 19:00:00,<function <lambda> at 0x7fa4962879f0>,<function <lambda> at 0x7fa496287a90>,<function <lambda> at 0x7fa496287b30>
29805,2023-05-26 20:00:00,<function <lambda> at 0x7fa4962879f0>,<function <lambda> at 0x7fa496287a90>,<function <lambda> at 0x7fa496287b30>
29806,2023-05-26 21:00:00,<function <lambda> at 0x7fa4962879f0>,<function <lambda> at 0x7fa496287a90>,<function <lambda> at 0x7fa496287b30>
29807,2023-05-26 22:00:00,<function <lambda> at 0x7fa4962879f0>,<function <lambda> at 0x7fa496287a90>,<function <lambda> at 0x7fa496287b30>
29808,2023-05-26 23:00:00,<function <lambda> at 0x7fa4962879f0>,<function <lambda> at 0x7fa496287a90>,<function <lambda> at 0x7fa496287b30>
29809,2023-05-27 00:00:00,<function <lambda> at 0x7fa4962879f0>,<function <lambda> at 0x7fa496287a90>,<function <lambda> at 0x7fa496287b30>
29810,2023-05-27 01:00:00,<function <lambda> at 0x7fa4962879f0>,<function <lambda> at 0x7fa496287a90>,<function <lambda> at 0x7fa496287b30>
29811,2023-05-27 02:00:00,<function <lambda> at 0x7fa4962879f0>,<function <lambda> at 0x7fa496287a90>,<function <lambda> at 0x7fa496287b30>
29812,2023-05-27 03:00:00,<function <lambda> at 0x7fa4962879f0>,<function <lambda> at 0x7fa496287a90>,<function <lambda> at 0x7fa496287b30>
29813,2023-05-27 04:00:00,<function <lambda> at 0x7fa4962879f0>,<function <lambda> at 0x7fa496287a90>,<function <lambda> at 0x7fa496287b30>
29814,2023-05-27 05:00:00,<function <lambda> at 0x7fa4962879f0>,<function <lambda> at 0x7fa496287a90>,<function <lambda> at 0x7fa496287b30>
29815,2023-05-27 06:00:00,<function <lambda> at 0x7fa4962879f0>,<function <lambda> at 0x7fa496287a90>,<function <lambda> at 0x7fa496287b30>
29816,2023-05-27 07:00:00,<function <lambda> at 0x7fa4962879f0>,<function <lambda> at 0x7fa496287a90>,<function <lambda> at 0x7fa496287b30>
29817,2023-05-27 08:00:00,<function <lambda> at 0x7fa4962879f0>,<function <lambda> at 0x7fa496287a90>,<function <lambda> at 0x7fa496287b30>
29818,2023-05-27 09:00:00,<function <lambda> at 0x7fa4962879f0>,<function <lambda> at 0x7fa496287a90>,<function <lambda> at 0x7fa496287b30>
29819,2023-05-27 10:00:00,<function <lambda> at 0x7fa4962879f0>,<function <lambda> at 0x7fa496287a90>,<function <lambda> at 0x7fa496287b30>
29820,2023-05-27 11:00:00,<function <lambda> at 0x7fa4962879f0>,<function <lambda> at 0x7fa496287a90>,<function <lambda> at 0x7fa496287b30>
29821,2023-05-27 12:00:00,<function <lambda> at 0x7fa4962879f0>,<function <lambda> at 0x7fa496287a90>,<function <lambda> at 0x7fa496287b30>
29822,2023-05-27 13:00:00,<function <lambda> at 0x7fa4962879f0>,<function <lambda> at 0x7fa496287a90>,<function <lambda> at 0x7fa496287b30>
29823,2023-05-27 14:00:00,<function <lambda> at 0x7fa4962879f0>,<function <lambda> at 0x7fa496287a90>,<function <lambda> at 0x7fa496287b30>
29824,2023-05-27 15:00:00,<function <lambda> at 0x7fa4962879f0>,<function <lambda> at 0x7fa496287a90>,<function <lambda> at 0x7fa496287b30>
29825,2023-05-27 16:00:00,<function <lambda> at 0x7fa4962879f0>,<function <lambda> at 0x7fa496287a90>,<function <lambda> at 0x7fa496287b30>
29826,2023-05-27 17:00:00,<function <lambda> at 0x7fa4962879f0>,<function <lambda> at 0x7fa496287a90>,<function <lambda> at 0x7fa496287b30>
29827,2023-05-27 18:00:00,<function <lambda> at 0x7fa4962879f0>,<function <lambda> at 0x7fa496287a90>,<function <lambda> at 0x7fa496287b30>
29828,2023-05-27 19:00:00,<function <lambda> at 0x7fa4962879f0>,<function <lambda> at 0x7fa496287a90>,<function <lambda> at 0x7fa496287b30>
29829,2023-05-27 20:00:00,<function <lambda> at 0x7fa4962879f0>,<function <lambda> at 0x7fa496287a90>,<function <lambda> at 0x7fa496287b30>
29830,2023-05-27 21:00:00,<function <lambda> at 0x7fa4962879f0>,<function <lambda> at 0x7fa496287a90>,<function <lambda> at 0x7fa496287b30>
29831,2023-05-27 22:00:00,<function <lambda> at 0x7fa4962879f0>,<function <lambda> at 0x7fa496287a90>,<function <lambda> at 0x7fa496287b30>
29832,2023-05-27 23:00:00,<function <lambda> at 0x7fa4962879f0>,<function <lambda> at 0x7fa496287a90>,<function <lambda> at 0x7fa496287b30>
29833,2023-05-28 00:00:00,<function <lambda> at 0x7fa4962879f0>,<function <lambda> at 0x7fa496287a90>,<function <lambda> at 0x7fa496287b30>
29834,2023-05-28 01:00:00,<function <lambda> at 0x7fa4962879f0>,<function <lambda> at 0x7fa496287a90>,<function <lambda> at 0x7fa496287b30>
29835,2023-05-28 02:00:00,<function <lambda> at 0x7fa4962879f0>,<function <lambda> at 0x7fa496287a90>,<function <lambda> at 0x7fa496287b30>
29836,2023-05-28 03:00:00,<function <lambda> at 0x7fa4962879f0>,<function <lambda> at 0x7fa496287a90>,<function <lambda> at 0x7fa496287b30>
29837,2023-05-28 04:00:00,<function <lambda> at 0x7fa4962879f0>,<function <lambda> at 0x7fa496287a90>,<function <lambda> at 0x7fa496287b30>
29838,2023-05-28 05:00:00,<function <lambda> at 0x7fa4962879f0>,<function <lambda> at 0x7fa496287a90>,<function <lambda> at 0x7fa496287b30>
29839,2023-05-28 06:00:00,<function <lambda> at 0x7fa4962879f0>,<function <lambda> at 0x7fa496287a90>,<function <lambda> at 0x7fa496287b30>
29840,2023-05-28 07:00:00,<function <lambda> at 0x7fa4962879f0>,<function <lambda> at 0x7fa496287a90>,<function <lambda> at 0x7fa496287b30>
29841,2023-05-28 08:00:00,<function <lambda> at 0x7fa4962879f0>,<function <lambda> at 0x7fa496287a90>,<function <lambda> at 0x7fa496287b30>
29842,2023-05-28 09:00:00,<function <lambda> at 0x7fa4962879f0>,<function <lambda> at 0x7fa496287a90>,<function <lambda> at 0x7fa496287b30>
29843,2023-05-28 10:00:00,<function <lambda> at 0x7fa4962879f0>,<function <lambda> at 0x7fa496287a90>,<function <lambda> at 0x7fa496287b30>
29844,2023-05-28 11:00:00,<function <lambda> at 0x7fa4962879f0>,<function <lambda> at 0x7fa496287a90>,<function <lambda> at 0x7fa496287b30>
29845,2023-05-28 12:00:00,<function <lambda> at 0x7fa4962879f0>,<function <lambda> at 0x7fa496287a90>,<function <lambda> at 0x7fa496287b30>
29846,2023-05-28 13:00:00,<function <lambda> at 0x7fa4962879f0>,<function <lambda> at 0x7fa496287a90>,<function <lambda> at 0x7fa496287b30>
29847,2023-05-28 14:00:00,<function <lambda> at 0x7fa4962879f0>,<function <lambda> at 0x7fa496287a90>,<function <lambda> at 0x7fa496287b30>
29848,2023-05-28 15:00:00,<function <lambda> at 0x7fa4962879f0>,<function <lambda> at 0x7fa496287a90>,<function <lambda> at 0x7fa496287b30>
29849,2023-05-28 16:00:00,<function <lambda> at 0x7fa4962879f0>,<function <lambda> at 0x7fa496287a90>,<function <lambda> at 0x7fa496287b30>
29850,2023-05-28 17:00:00,<function <lambda> at 0x7fa4962879f0>,<function <lambda> at 0x7fa496287a90>,<function <lambda> at 0x7fa496287b30>
29851,2023-05-28 18:00:00,<function <lambda> at 0x7fa4962879f0>,<function <lambda> at 0x7fa496287a90>,<function <lambda> at 0x7fa496287b30>
29852,2023-05-28 19:00:00,<function <lambda> at 0x7fa4962879f0>,<function <lambda> at 0x7fa496287a90>,<function <lambda> at 0x7fa496287b30>
29853,2023-05-28 20:00:00,<function <lambda> at 0x7fa4962879f0>,<function <lambda> at 0x7fa496287a90>,<function <lambda> at 0x7fa496287b30>
29854,2023-05-28 21:00:00,<function <lambda> at 0x7fa4962879f0>,<function <lambda> at 0x7fa496287a90>,<function <lambda> at 0x7fa496287b30>
29855,2023-05-28 22:00:00,<function <lambda> at 0x7fa4962879f0>,<function <lambda> at 0x7fa496287a90>,<function <lambda> at 0x7fa496287b30>
29856,2023-05-28 23:00:00,<function <lambda> at 0x7fa4962879f0>,<function <lambda> at 0x7fa496287a90>,<function <lambda> at 0x7fa496287b30>
29857,2023-05-29 00:00:00,<function <lambda> at 0x7fa4962879f0>,<function <lambda> at 0x7fa496287a90>,<function <lambda> at 0x7fa496287b30>
29858,2023-05-29 01:00:00,<function <lambda> at 0x7fa4962879f0>,<function <lambda> at 0x7fa496287a90>,<function <lambda> at 0x7fa496287b30>
29859,2023-05-29 02:00:00,<function <lambda> at 0x7fa4962879f0>,<function <lambda> at 0x7fa496287a90>,<function <lambda> at 0x7fa496287b30>
29860,2023-05-29 03:00:00,<function <lambda> at 0x7fa4962879f0>,<function <lambda> at 0x7fa496287a90>,<function <lambda> at 0x7fa496287b30>
29861,2023-05-29 04:00:00,<function <lambda> at 0x7fa4962879f0>,<function <lambda> at 0x7fa496287a90>,<function <lambda> at 0x7fa496287b30>
29862,2023-05-29 05:00:00,<function <lambda> at 0x7fa4962879f0>,<function <lambda> at 0x7fa496287a90>,<function <lambda> at 0x7fa496287b30>
29863,2023-05-29 06:00:00,<function <lambda> at 0x7fa4962879f0>,<function <lambda> at 0x7fa496287a90>,<function <lambda> at 0x7fa496287b30>
29864,2023-05-29 07:00:00,<function <lambda> at 0x7fa4962879f0>,<function <lambda> at 0x7fa496287a90>,<function <lambda> at 0x7fa496287b30>
29865,2023-05-29 08:00:00,<function <lambda> at 0x7fa4962879f0>,<function <lambda> at 0x7fa496287a90>,<function <lambda> at 0x7fa496287b30>
29866,2023-05-29 09:00:00,<function <lambda> at 0x7fa4962879f0>,<function <lambda> at 0x7fa496287a90>,<function <lambda> at 0x7fa496287b30>
29867,2023-05-29 10:00:00,<function <lambda> at 0x7fa4962879f0>,<function <lambda> at 0x7fa496287a90>,<function <lambda> at 0x7fa496287b30>
29868,2023-05-29 11:00:00,<function <lambda> at 0x7fa4962879f0>,<function <lambda> at 0x7fa496287a90>,<function <lambda> at 0x7fa496287b30>
29869,2023-05-29 12:00:00,<function <lambda> at 0x7fa4962879f0>,<function <lambda> at 0x7fa496287a90>,<function <lambda> at 0x7fa496287b30>
29870,2023-05-29 13:00:00,<function <lambda> at 0x7fa4962879f0>,<function <lambda> at 0x7fa496287a90>,<function <lambda> at 0x7fa496287b30>
29871,2023-05-29 14:00:00,<function <lambda> at 0x7fa4962879f0>,<function <lambda> at 0x7fa496287a90>,<function <lambda> at 0x7fa496287b30>
29872,2023-05-29 15:00:00,<function <lambda> at 0x7fa4962879f0>,<function <lambda> at 0x7fa496287a90>,<function <lambda> at 0x7fa496287b30>
29873,2023-05-29 16:00:00,<function <lambda> at 0x7fa4962879f0>,<function <lambda> at 0x7fa496287a90>,<function <lambda> at 0x7fa496287b30>
29874,2023-05-29 17:00:00,<function <lambda> at 0x7fa4962879f0>,<function <lambda> at 0x7fa496287a90>,<function <lambda> at 0x7fa496287b30>
29875,2023-05-29 18:00:00,<function <lambda> at 0x7fa4962879f0>,<function <lambda> at 0x7fa496287a90>,<function <lambda> at 0x7fa496287b30>
29876,2023-05-29 19:00:00,<function <lambda> at 0x7fa4962879f0>,<function <lambda> at 0x7fa496287a90>,<function <lambda> at 0x7fa496287b30>
29877,2023-05-29 20:00:00,<function <lambda> at 0x7fa4962879f0>,<function <lambda> at 0x7fa496287a90>,<function <lambda> at 0x7fa496287b30>
29878,2023-05-29 21:00:00,<function <lambda> at 0x7fa4962879f0>,<function <lambda> at 0x7fa496287a90>,<function <lambda> at 0x7fa496287b30>
29879,2023-05-29 22:00:00,<function <lambda> at 0x7fa4962879f0>,<function <lambda> at 0x7fa496287a90>,<function <lambda> at 0x7fa496287b30>
29880,2023-05-29 23:00:00,<function <lambda> at 0x7fa4962879f0>,<function <lambda> at 0x7fa496287a90>,<function <lambda> at 0x7fa496287b30>
29881,2023-05-30 00:00:00,<function <lambda> at 0x7fa4962879f0>,<function <lambda> at 0x7fa496287a90>,<function <lambda> at 0x7fa496287b30>
29882,2023-05-30 01:00:00,<function <lambda> at 0x7fa4962879f0>,<function <lambda> at 0x7fa496287a90>,<function <lambda> at 0x7fa496287b30>
29883,2023-05-30 02:00:00,<function <lambda> at 0x7fa4962879f0>,<function <lambda> at 0x7fa496287a90>,<function <lambda> at 0x7fa496287b30>
29884,2023-05-30 03:00:00,<function <lambda> at 0x7fa4962879f0>,<function <lambda> at 0x7fa496287a90>,<function <lambda> at 0x7fa496287b30>
29885,2023-05-30 04:00:00,<function <lambda> at 0x7fa4962879f0>,<function <lambda> at 0x7fa496287a90>,<function <lambda> at 0x7fa496287b30>
29886,2023-05-30 05:00:00,<function <lambda> at 0x7fa4962879f0>,<function <lambda> at 0x7fa496287a90>,<function <lambda> at 0x7fa496287b30>
29887,2023-05-30 06:00:00,<function <lambda> at 0x7fa4962879f0>,<function <lambda> at 0x7fa496287a90>,<function <lambda> at 0x7fa496287b30>
29888,2023-05-30 07:00:00,<function <lambda> at 0x7fa4962879f0>,<function <lambda> at 0x7fa496287a90>,<function <lambda> at 0x7fa496287b30>
29889,2023-05-30 08:00:00,<function <lambda> at 0x7fa4962879f0>,<function <lambda> at 0x7fa496287a90>,<function <lambda> at 0x7fa496287b30>
29890,2023-05-30 09:00:00,<function <lambda> at 0x7fa4962879f0>,<function <lambda> at 0x7fa496287a90>,<function <lambda> at 0x7fa496287b30>
29891,2023-05-30 10:00:00,<function <lambda> at 0x7fa4962879f0>,<function <lambda> at 0x7fa496287a90>,<function <lambda> at 0x7fa496287b30>
29892,2023-05-30 11:00:00,<function <lambda> at 0x7fa4962879f0>,<function <lambda> at 0x7fa496287a90>,<function <lambda> at 0x7fa496287b30>
29893,2023-05-30 12:00:00,<function <lambda> at 0x7fa4962879f0>,<function <lambda> at 0x7fa496287a90>,<function <lambda> at 0x7fa496287b30>
29894,2023-05-30 13:00:00,<function <lambda> at 0x7fa4962879f0>,<function <lambda> at 0x7fa496287a90>,<function <lambda> at 0x7fa496287b30>
29895,2023-05-30 14:00:00,<function <lambda> at 0x7fa4962879f0>,<function <lambda> at 0x7fa496287a90>,<function <lambda> at 0x7fa496287b30>
29896,2023-05-30 15:00:00,<function <lambda> at 0x7fa4962879f0>,<function <lambda> at 0x7fa496287a90>,<function <lambda> at 0x7fa496287b30>
29897,2023-05-30 16:00:00,<function <lambda> at 0x7fa4962879f0>,<function <lambda> at 0x7fa496287a90>,<function <lambda> at 0x7fa496287b30>
29898,2023-05-30 17:00:00,<function <lambda> at 0x7fa4962879f0>,<function <lambda> at 0x7fa496287a90>,<function <lambda> at 0x7fa496287b30>
29899,2023-05-30 18:00:00,<function <lambda> at 0x7fa4962879f0>,<function <lambda> at 0x7fa496287a90>,<function <lambda> at 0x7fa496287b30>
29900,2023-05-30 19:00:00,<function <lambda> at 0x7fa4962879f0>,<function <lambda> at 0x7fa496287a90>,<function <lambda> at 0x7fa496287b30>
29901,2023-05-30 20:00:00,<function <lambda> at 0x7fa4962879f0>,<function <lambda> at 0x7fa496287a90>,<function <lambda> at 0x7fa496287b30>
29902,2023-05-30 21:00:00,<function <lambda> at 0x7fa4962879f0>,<function <lambda> at 0x7fa496287a90>,<function <lambda> at 0x7fa496287b30>
29903,2023-05-30 22:00:00,<function <lambda> at 0x7fa4962879f0>,<function <lambda> at 0x7fa496287a90>,<function <lambda> at 0x7fa496287b30>
29904,2023-05-30 23:00:00,<function <lambda> at 0x7fa4962879f0>,<function <lambda> at 0x7fa496287a90>,<function <lambda> at 0x7fa496287b30>
29905,2023-05-31 00:00:00,<function <lambda> at 0x7fa4962879f0>,<function <lambda> at 0x7fa496287a90>,<function <lambda> at 0x7fa496287b30>
29906,2023-05-31 01:00:00,<function <lambda> at 0x7fa4962879f0>,<function <lambda> at 0x7fa496287a90>,<function <lambda> at 0x7fa496287b30>
29907,2023-05-31 02:00:00,<function <lambda> at 0x7fa4962879f0>,<function <lambda> at 0x7fa496287a90>,<function <lambda> at 0x7fa496287b30>
29908,2023-05-31 03:00:00,<function <lambda> at 0x7fa4962879f0>,<function <lambda> at 0x7fa496287a90>,<function <lambda> at 0x7fa496287b30>
29909,2023-05-31 04:00:00,<function <lambda> at 0x7fa4962879f0>,<function <lambda> at 0x7fa496287a90>,<function <lambda> at 0x7fa496287b30>
29910,2023-05-31 05:00:00,<function <lambda> at 0x7fa4962879f0>,<function <lambda> at 0x7fa496287a90>,<function <lambda> at 0x7fa496287b30>
29911,2023-05-31 06:00:00,<function <lambda> at 0x7fa4962879f0>,<function <lambda> at 0x7fa496287a90>,<function <lambda> at 0x7fa496287b30>
29912,2023-05-31 07:00:00,<function <lambda> at 0x7fa4962879f0>,<function <lambda> at 0x7fa496287a90>,<function <lambda> at 0x7fa496287b30>
29913,2023-05-31 08:00:00,<function <lambda> at 0x7fa4962879f0>,<function <lambda> at 0x7fa496287a90>,<function <lambda> at 0x7fa496287b30>
29914,2023-05-31 09:00:00,<function <lambda> at 0x7fa4962879f0>,<function <lambda> at 0x7fa496287a90>,<function <lambda> at 0x7fa496287b30>
29915,2023-05-31 10:00:00,<function <lambda> at 0x7fa4962879f0>,<function <lambda> at 0x7fa496287a90>,<function <lambda> at 0x7fa496287b30>
29916,2023-05-31 11:00:00,<function <lambda> at 0x7fa4962879f0>,<function <lambda> at 0x7fa496287a90>,<function <lambda> at 0x7fa496287b30>
29917,2023-05-31 12:00:00,<function <lambda> at 0x7fa4962879f0>,<function <lambda> at 0x7fa496287a90>,<function <lambda> at 0x7fa496287b30>
29918,2023-05-31 13:00:00,<function <lambda> at 0x7fa4962879f0>,<function <lambda> at 0x7fa496287a90>,<function <lambda> at 0x7fa496287b30>
29919,2023-05-31 14:00:00,<function <lambda> at 0x7fa4962879f0>,<function <lambda> at 0x7fa496287a90>,<function <lambda> at 0x7fa496287b30>
29920,2023-05-31 15:00:00,<function <lambda> at 0x7fa4962879f0>,<function <lambda> at 0x7fa496287a90>,<function <lambda> at 0x7fa496287b30>
29921,2023-05-31 16:00:00,<function <lambda> at 0x7fa4962879f0>,<function <lambda> at 0x7fa496287a90>,<function <lambda> at 0x7fa496287b30>
29922,2023-05-31 17:00:00,<function <lambda> at 0x7fa4962879f0>,<function <lambda> at 0x7fa496287a90>,<function <lambda> at 0x7fa496287b30>
29923,2023-05-31 18:00:00,<function <lambda> at 0x7fa4962879f0>,<function <lambda> at 0x7fa496287a90>,<function <lambda> at 0x7fa496287b30>
29924,2023-05-31 19:00:00,<function <lambda> at 0x7fa4962879f0>,<function <lambda> at 0x7fa496287a90>,<function <lambda> at 0x7fa496287b30>
29925,2023-05-31 20:00:00,<function <lambda> at 0x7fa4962879f0>,<function <lambda> at 0x7fa496287a90>,<function <lambda> at 0x7fa496287b30>
29926,2023-05-31 21:00:00,<function <lambda> at 0x7fa4962879f0>,<function <lambda> at 0x7fa496287a90>,<function <lambda> at 0x7fa496287b30>
29927,2023-05-31 22:00:00,<function <lambda> at 0x7fa4962879f0>,<function <lambda> at 0x7fa496287a90>,<function <lambda> at 0x7fa496287b30>
29928,2023-05-31 23:00:00,<function <lambda> at 0x7fa4962879f0>,<function <lambda> at 0x7fa496287a90>,<function <lambda> at 0x7fa496287b30>
29929,2023-06-01 00:00:00,<function <lambda> at 0x7fa4962879f0>,<function <lambda> at 0x7fa496287a90>,<function <lambda> at 0x7fa496287b30>
29930,2023-06-01 01:00:00,<function <lambda> at 0x7fa4962879f0>,<function <lambda> at 0x7fa496287a90>,<function <lambda> at 0x7fa496287b30>
29931,2023-06-01 02:00:00,<function <lambda> at 0x7fa4962879f0>,<function <lambda> at 0x7fa496287a90>,<function <lambda> at 0x7fa496287b30>
29932,2023-06-01 03:00:00,<function <lambda> at 0x7fa4962879f0>,<function <lambda> at 0x7fa496287a90>,<function <lambda> at 0x7fa496287b30>
29933,2023-06-01 04:00:00,<function <lambda> at 0x7fa4962879f0>,<function <lambda> at 0x7fa496287a90>,<function <lambda> at 0x7fa496287b30>
29934,2023-06-01 05:00:00,<function <lambda> at 0x7fa4962879f0>,<function <lambda> at 0x7fa496287a90>,<function <lambda> at 0x7fa496287b30>
29935,2023-06-01 06:00:00,<function <lambda> at 0x7fa4962879f0>,<function <lambda> at 0x7fa496287a90>,<function <lambda> at 0x7fa496287b30>
29936,2023-06-01 07:00:00,<function <lambda> at 0x7fa4962879f0>,<function <lambda> at 0x7fa496287a90>,<function <lambda> at 0x7fa496287b30>
29937,2023-06-01 08:00:00,<function <lambda> at 0x7fa4962879f0>,<function <lambda> at 0x7fa496287a90>,<function <lambda> at 0x7fa496287b30>
29938,2023-06-01 09:00:00,<function <lambda> at 0x7fa4962879f0>,<function <lambda> at 0x7fa496287a90>,<function <lambda> at 0x7fa496287b30>
29939,2023-06-01 10:00:00,<function <lambda> at 0x7fa4962879f0>,<function <lambda> at 0x7fa496287a90>,<function <lambda> at 0x7fa496287b30>
29940,2023-06-01 11:00:00,<function <lambda> at 0x7fa4962879f0>,<function <lambda> at 0x7fa496287a90>,<function <lambda> at 0x7fa496287b30>
29941,2023-06-01 12:00:00,<function <lambda> at 0x7fa4962879f0>,<function <lambda> at 0x7fa496287a90>,<function <lambda> at 0x7fa496287b30>
29942,2023-06-01 13:00:00,<function <lambda> at 0x7fa4962879f0>,<function <lambda> at 0x7fa496287a90>,<function <lambda> at 0x7fa496287b30>
29943,2023-06-01 14:00:00,<function <lambda> at 0x7fa4962879f0>,<function <lambda> at 0x7fa496287a90>,<function <lambda> at 0x7fa496287b30>
29944,2023-06-01 15:00:00,<function <lambda> at 0x7fa4962879f0>,<function <lambda> at 0x7fa496287a90>,<function <lambda> at 0x7fa496287b30>
29945,2023-06-01 16:00:00,<function <lambda> at 0x7fa4962879f0>,<function <lambda> at 0x7fa496287a90>,<function <lambda> at 0x7fa496287b30>
29946,2023-06-01 17:00:00,<function <lambda> at 0x7fa4962879f0>,<function <lambda> at 0x7fa496287a90>,<function <lambda> at 0x7fa496287b30>
29947,2023-06-01 18:00:00,<function <lambda> at 0x7fa4962879f0>,<function <lambda> at 0x7fa496287a90>,<function <lambda> at 0x7fa496287b30>
29948,2023-06-01 19:00:00,<function <lambda> at 0x7fa4962879f0>,<function <lambda> at 0x7fa496287a90>,<function <lambda> at 0x7fa496287b30>
29949,2023-06-01 20:00:00,<function <lambda> at 0x7fa4962879f0>,<function <lambda> at 0x7fa496287a90>,<function <lambda> at 0x7fa496287b30>
29950,2023-06-01 21:00:00,<function <lambda> at 0x7fa4962879f0>,<function <lambda> at 0x7fa496287a90>,<function <lambda> at 0x7fa496287b30>
29951,2023-06-01 22:00:00,<function <lambda> at 0x7fa4962879f0>,<function <lambda> at 0x7fa496287a90>,<function <lambda> at 0x7fa496287b30>
29952,2023-06-01 23:00:00,<function <lambda> at 0x7fa4962879f0>,<function <lambda> at 0x7fa496287a90>,<function <lambda> at 0x7fa496287b30>
29953,2023-06-02 00:00:00,<function <lambda> at 0x7fa4962879f0>,<function <lambda> at 0x7fa496287a90>,<function <lambda> at 0x7fa496287b30>
29954,2023-06-02 01:00:00,<function <lambda> at 0x7fa4962879f0>,<function <lambda> at 0x7fa496287a90>,<function <lambda> at 0x7fa496287b30>
29955,2023-06-02 02:00:00,<function <lambda> at 0x7fa4962879f0>,<function <lambda> at 0x7fa496287a90>,<function <lambda> at 0x7fa496287b30>
29956,2023-06-02 03:00:00,<function <lambda> at 0x7fa4962879f0>,<function <lambda> at 0x7fa496287a90>,<function <lambda> at 0x7fa496287b30>
29957,2023-06-02 04:00:00,<function <lambda> at 0x7fa4962879f0>,<function <lambda> at 0x7fa496287a90>,<function <lambda> at 0x7fa496287b30>
29958,2023-06-02 05:00:00,<function <lambda> at 0x7fa4962879f0>,<function <lambda> at 0x7fa496287a90>,<function <lambda> at 0x7fa496287b30>
29959,2023-06-02 06:00:00,<function <lambda> at 0x7fa4962879f0>,<function <lambda> at 0x7fa496287a90>,<function <lambda> at 0x7fa496287b30>
29960,2023-06-02 07:00:00,<function <lambda> at 0x7fa4962879f0>,<function <lambda> at 0x7fa496287a90>,<function <lambda> at 0x7fa496287b30>
29961,2023-06-02 08:00:00,<function <lambda> at 0x7fa4962879f0>,<function <lambda> at 0x7fa496287a90>,<function <lambda> at 0x7fa496287b30>
29962,2023-06-02 09:00:00,<function <lambda> at 0x7fa4962879f0>,<function <lambda> at 0x7fa496287a90>,<function <lambda> at 0x7fa496287b30>
29963,2023-06-02 10:00:00,<function <lambda> at 0x7fa4962879f0>,<function <lambda> at 0x7fa496287a90>,<function <lambda> at 0x7fa496287b30>
29964,2023-06-02 11:00:00,<function <lambda> at 0x7fa4962879f0>,<function <lambda> at 0x7fa496287a90>,<function <lambda> at 0x7fa496287b30>
29965,2023-06-02 12:00:00,<function <lambda> at 0x7fa4962879f0>,<function <lambda> at 0x7fa496287a90>,<function <lambda> at 0x7fa496287b30>
29966,2023-06-02 13:00:00,<function <lambda> at 0x7fa4962879f0>,<function <lambda> at 0x7fa496287a90>,<function <lambda> at 0x7fa496287b30>
29967,2023-06-02 14:00:00,<function <lambda> at 0x7fa4962879f0>,<function <lambda> at 0x7fa496287a90>,<function <lambda> at 0x7fa496287b30>
29968,2023-06-02 15:00:00,<function <lambda> at 0x7fa4962879f0>,<function <lambda> at 0x7fa496287a90>,<function <lambda> at 0x7fa496287b30>
29969,2023-06-02 16:00:00,<function <lambda> at 0x7fa4962879f0>,<function <lambda> at 0x7fa496287a90>,<function <lambda> at 0x7fa496287b30>
29970,2023-06-02 17:00:00,<function <lambda> at 0x7fa4962879f0>,<function <lambda> at 0x7fa496287a90>,<function <lambda> at 0x7fa496287b30>
29971,2023-06-02 18:00:00,<function <lambda> at 0x7fa4962879f0>,<function <lambda> at 0x7fa496287a90>,<function <lambda> at 0x7fa496287b30>
29972,2023-06-02 19:00:00,<function <lambda> at 0x7fa4962879f0>,<function <lambda> at 0x7fa496287a90>,<function <lambda> at 0x7fa496287b30>
29973,2023-06-02 20:00:00,<function <lambda> at 0x7fa4962879f0>,<function <lambda> at 0x7fa496287a90>,<function <lambda> at 0x7fa496287b30>
29974,2023-06-02 21:00:00,<function <lambda> at 0x7fa4962879f0>,<function <lambda> at 0x7fa496287a90>,<function <lambda> at 0x7fa496287b30>
29975,2023-06-02 22:00:00,<function <lambda> at 0x7fa4962879f0>,<function <lambda> at 0x7fa496287a90>,<function <lambda> at 0x7fa496287b30>
29976,2023-06-02 23:00:00,<function <lambda> at 0x7fa4962879f0>,<function <lambda> at 0x7fa496287a90>,<function <lambda> at 0x7fa496287b30>
29977,2023-06-03 00:00:00,<function <lambda> at 0x7fa4962879f0>,<function <lambda> at 0x7fa496287a90>,<function <lambda> at 0x7fa496287b30>
29978,2023-06-03 01:00:00,<function <lambda> at 0x7fa4962879f0>,<function <lambda> at 0x7fa496287a90>,<function <lambda> at 0x7fa496287b30>
29979,2023-06-03 02:00:00,<function <lambda> at 0x7fa4962879f0>,<function <lambda> at 0x7fa496287a90>,<function <lambda> at 0x7fa496287b30>
29980,2023-06-03 03:00:00,<function <lambda> at 0x7fa4962879f0>,<function <lambda> at 0x7fa496287a90>,<function <lambda> at 0x7fa496287b30>
29981,2023-06-03 04:00:00,<function <lambda> at 0x7fa4962879f0>,<function <lambda> at 0x7fa496287a90>,<function <lambda> at 0x7fa496287b30>
29982,2023-06-03 05:00:00,<function <lambda> at 0x7fa4962879f0>,<function <lambda> at 0x7fa496287a90>,<function <lambda> at 0x7fa496287b30>
29983,2023-06-03 06:00:00,<function <lambda> at 0x7fa4962879f0>,<function <lambda> at 0x7fa496287a90>,<function <lambda> at 0x7fa496287b30>
29984,2023-06-03 07:00:00,<function <lambda> at 0x7fa4962879f0>,<function <lambda> at 0x7fa496287a90>,<function <lambda> at 0x7fa496287b30>
29985,2023-06-03 08:00:00,<function <lambda> at 0x7fa4962879f0>,<function <lambda> at 0x7fa496287a90>,<function <lambda> at 0x7fa496287b30>
29986,2023-06-03 09:00:00,<function <lambda> at 0x7fa4962879f0>,<function <lambda> at 0x7fa496287a90>,<function <lambda> at 0x7fa496287b30>
29987,2023-06-03 10:00:00,<function <lambda> at 0x7fa4962879f0>,<function <lambda> at 0x7fa496287a90>,<function <lambda> at 0x7fa496287b30>
29988,2023-06-03 11:00:00,<function <lambda> at 0x7fa4962879f0>,<function <lambda> at 0x7fa496287a90>,<function <lambda> at 0x7fa496287b30>
29989,2023-06-03 12:00:00,<function <lambda> at 0x7fa4962879f0>,<function <lambda> at 0x7fa496287a90>,<function <lambda> at 0x7fa496287b30>
29990,2023-06-03 13:00:00,<function <lambda> at 0x7fa4962879f0>,<function <lambda> at 0x7fa496287a90>,<function <lambda> at 0x7fa496287b30>
29991,2023-06-03 14:00:00,<function <lambda> at 0x7fa4962879f0>,<function <lambda> at 0x7fa496287a90>,<function <lambda> at 0x7fa496287b30>
29992,2023-06-03 15:00:00,<function <lambda> at 0x7fa4962879f0>,<function <lambda> at 0x7fa496287a90>,<function <lambda> at 0x7fa496287b30>
29993,2023-06-03 16:00:00,<function <lambda> at 0x7fa4962879f0>,<function <lambda> at 0x7fa496287a90>,<function <lambda> at 0x7fa496287b30>
29994,2023-06-03 17:00:00,<function <lambda> at 0x7fa4962879f0>,<function <lambda> at 0x7fa496287a90>,<function <lambda> at 0x7fa496287b30>
29995,2023-06-03 18:00:00,<function <lambda> at 0x7fa4962879f0>,<function <lambda> at 0x7fa496287a90>,<function <lambda> at 0x7fa496287b30>
29996,2023-06-03 19:00:00,<function <lambda> at 0x7fa4962879f0>,<function <lambda> at 0x7fa496287a90>,<function <lambda> at 0x7fa496287b30>
29997,2023-06-03 20:00:00,<function <lambda> at 0x7fa4962879f0>,<function <lambda> at 0x7fa496287a90>,<function <lambda> at 0x7fa496287b30>
29998,2023-06-03 21:00:00,<function <lambda> at 0x7fa4962879f0>,<function <lambda> at 0x7fa496287a90>,<function <lambda> at 0x7fa496287b30>
29999,2023-06-03 22:00:00,<function <lambda> at 0x7fa4962879f0>,<function <lambda> at 0x7fa496287a90>,<function <lambda> at 0x7fa496287b30>
30000,2023-06-03 23:00:00,<function <lambda> at 0x7fa4962879f0>,<function <lambda> at 0x7fa496287a90>,<function <lambda> at 0x7fa496287b30>
30001,2023-06-04 00:00:00,<function <lambda> at 0x7fa4962879f0>,<function <lambda> at 0x7fa496287a90>,<function <lambda> at 0x7fa496287b30>
30002,2023-06-04 01:00:00,<function <lambda> at 0x7fa4962879f0>,<function <lambda> at 0x7fa496287a90>,<function <lambda> at 0x7fa496287b30>
30003,2023-06-04 02:00:00,<function <lambda> at 0x7fa4962879f0>,<function <lambda> at 0x7fa496287a90>,<function <lambda> at 0x7fa496287b30>
30004,2023-06-04 03:00:00,<function <lambda> at 0x7fa4962879f0>,<function <lambda> at 0x7fa496287a90>,<function <lambda> at 0x7fa496287b30>
30005,2023-06-04 04:00:00,<function <lambda> at 0x7fa4962879f0>,<function <lambda> at 0x7fa496287a90>,<function <lambda> at 0x7fa496287b30>
30006,2023-06-04 05:00:00,<function <lambda> at 0x7fa4962879f0>,<function <lambda> at 0x7fa496287a90>,<function <lambda> at 0x7fa496287b30>
30007,2023-06-04 06:00:00,<function <lambda> at 0x7fa4962879f0>,<function <lambda> at 0x7fa496287a90>,<function <lambda> at 0x7fa496287b30>
30008,2023-06-04 07:00:00,<function <lambda> at 0x7fa4962879f0>,<function <lambda> at 0x7fa496287a90>,<function <lambda> at 0x7fa496287b30>
30009,2023-06-04 08:00:00,<function <lambda> at 0x7fa4962879f0>,<function <lambda> at 0x7fa496287a90>,<function <lambda> at 0x7fa496287b30>
30010,2023-06-04 09:00:00,<function <lambda> at 0x7fa4962879f0>,<function <lambda> at 0x7fa496287a90>,<function <lambda> at 0x7fa496287b30>
30011,2023-06-04 10:00:00,<function <lambda> at 0x7fa4962879f0>,<function <lambda> at 0x7fa496287a90>,<function <lambda> at 0x7fa496287b30>
30012,2023-06-04 11:00:00,<function <lambda> at 0x7fa4962879f0>,<function <lambda> at 0x7fa496287a90>,<function <lambda> at 0x7fa496287b30>
30013,2023-06-04 12:00:00,<function <lambda> at 0x7fa4962879f0>,<function <lambda> at 0x7fa496287a90>,<function <lambda> at 0x7fa496287b30>
30014,2023-06-04 13:00:00,<function <lambda> at 0x7fa4962879f0>,<function <lambda> at 0x7fa496287a90>,<function <lambda> at 0x7fa496287b30>
30015,2023-06-04 14:00:00,<function <lambda> at 0x7fa4962879f0>,<function <lambda> at 0x7fa496287a90>,<function <lambda> at 0x7fa496287b30>
30016,2023-06-04 15:00:00,<function <lambda> at 0x7fa4962879f0>,<function <lambda> at 0x7fa496287a90>,<function <lambda> at 0x7fa496287b30>
30017,2023-06-04 16:00:00,<function <lambda> at 0x7fa4962879f0>,<function <lambda> at 0x7fa496287a90>,<function <lambda> at 0x7fa496287b30>
30018,2023-06-04 17:00:00,<function <lambda> at 0x7fa4962879f0>,<function <lambda> at 0x7fa496287a90>,<function <lambda> at 0x7fa496287b30>
30019,2023-06-04 18:00:00,<function <lambda> at 0x7fa4962879f0>,<function <lambda> at 0x7fa496287a90>,<function <lambda> at 0x7fa496287b30>
30020,2023-06-04 19:00:00,<function <lambda> at 0x7fa4962879f0>,<function <lambda> at 0x7fa496287a90>,<function <lambda> at 0x7fa496287b30>
30021,2023-06-04 20:00:00,<function <lambda> at 0x7fa4962879f0>,<function <lambda> at 0x7fa496287a90>,<function <lambda> at 0x7fa496287b30>
30022,2023-06-04 21:00:00,<function <lambda> at 0x7fa4962879f0>,<function <lambda> at 0x7fa496287a90>,<function <lambda> at 0x7fa496287b30>
30023,2023-06-04 22:00:00,<function <lambda> at 0x7fa4962879f0>,<function <lambda> at 0x7fa496287a90>,<function <lambda> at 0x7fa496287b30>
30024,2023-06-04 23:00:00,<function <lambda> at 0x7fa4962879f0>,<function <lambda> at 0x7fa496287a90>,<function <lambda> at 0x7fa496287b30>
30025,2023-06-05 00:00:00,<function <lambda> at 0x7fa4962879f0>,<function <lambda> at 0x7fa496287a90>,<function <lambda> at 0x7fa496287b30>
30026,2023-06-05 01:00:00,<function <lambda> at 0x7fa4962879f0>,<function <lambda> at 0x7fa496287a90>,<function <lambda> at 0x7fa496287b30>
30027,2023-06-05 02:00:00,<function <lambda> at 0x7fa4962879f0>,<function <lambda> at 0x7fa496287a90>,<function <lambda> at 0x7fa496287b30>
30028,2023-06-05 03:00:00,<function <lambda> at 0x7fa4962879f0>,<function <lambda> at 0x7fa496287a90>,<function <lambda> at 0x7fa496287b30>
30029,2023-06-05 04:00:00,<function <lambda> at 0x7fa4962879f0>,<function <lambda> at 0x7fa496287a90>,<function <lambda> at 0x7fa496287b30>
30030,2023-06-05 05:00:00,<function <lambda> at 0x7fa4962879f0>,<function <lambda> at 0x7fa496287a90>,<function <lambda> at 0x7fa496287b30>
30031,2023-06-05 06:00:00,<function <lambda> at 0x7fa4962879f0>,<function <lambda> at 0x7fa496287a90>,<function <lambda> at 0x7fa496287b30>
30032,2023-06-05 07:00:00,<function <lambda> at 0x7fa4962879f0>,<function <lambda> at 0x7fa496287a90>,<function <lambda> at 0x7fa496287b30>
30033,2023-06-05 08:00:00,<function <lambda> at 0x7fa4962879f0>,<function <lambda> at 0x7fa496287a90>,<function <lambda> at 0x7fa496287b30>
30034,2023-06-05 09:00:00,<function <lambda> at 0x7fa4962879f0>,<function <lambda> at 0x7fa496287a90>,<function <lambda> at 0x7fa496287b30>
30035,2023-06-05 10:00:00,<function <lambda> at 0x7fa4962879f0>,<function <lambda> at 0x7fa496287a90>,<function <lambda> at 0x7fa496287b30>
30036,2023-06-05 11:00:00,<function <lambda> at 0x7fa4962879f0>,<function <lambda> at 0x7fa496287a90>,<function <lambda> at 0x7fa496287b30>
30037,2023-06-05 12:00:00,<function <lambda> at 0x7fa4962879f0>,<function <lambda> at 0x7fa496287a90>,<function <lambda> at 0x7fa496287b30>
30038,2023-06-05 13:00:00,<function <lambda> at 0x7fa4962879f0>,<function <lambda> at 0x7fa496287a90>,<function <lambda> at 0x7fa496287b30>
30039,2023-06-05 14:00:00,<function <lambda> at 0x7fa4962879f0>,<function <lambda> at 0x7fa496287a90>,<function <lambda> at 0x7fa496287b30>
30040,2023-06-05 15:00:00,<function <lambda> at 0x7fa4962879f0>,<function <lambda> at 0x7fa496287a90>,<function <lambda> at 0x7fa496287b30>
30041,2023-06-05 16:00:00,<function <lambda> at 0x7fa4962879f0>,<function <lambda> at 0x7fa496287a90>,<function <lambda> at 0x7fa496287b30>
30042,2023-06-05 17:00:00,<function <lambda> at 0x7fa4962879f0>,<function <lambda> at 0x7fa496287a90>,<function <lambda> at 0x7fa496287b30>
30043,2023-06-05 18:00:00,<function <lambda> at 0x7fa4962879f0>,<function <lambda> at 0x7fa496287a90>,<function <lambda> at 0x7fa496287b30>
30044,2023-06-05 19:00:00,<function <lambda> at 0x7fa4962879f0>,<function <lambda> at 0x7fa496287a90>,<function <lambda> at 0x7fa496287b30>
30045,2023-06-05 20:00:00,<function <lambda> at 0x7fa4962879f0>,<function <lambda> at 0x7fa496287a90>,<function <lambda> at 0x7fa496287b30>
30046,2023-06-05 21:00:00,<function <lambda> at 0x7fa4962879f0>,<function <lambda> at 0x7fa496287a90>,<function <lambda> at 0x7fa496287b30>
30047,2023-06-05 22:00:00,<function <lambda> at 0x7fa4962879f0>,<function <lambda> at 0x7fa496287a90>,<function <lambda> at 0x7fa496287b30>
30048,2023-06-05 23:00:00,<function <lambda> at 0x7fa4962879f0>,<function <lambda> at 0x7fa496287a90>,<function <lambda> at 0x7fa496287b30>
30049,2023-06-06 00:00:00,<function <lambda> at 0x7fa4962879f0>,<function <lambda> at 0x7fa496287a90>,<function <lambda> at 0x7fa496287b30>
30050,2023-06-06 01:00:00,<function <lambda> at 0x7fa4962879f0>,<function <lambda> at 0x7fa496287a90>,<function <lambda> at 0x7fa496287b30>
30051,2023-06-06 02:00:00,<function <lambda> at 0x7fa4962879f0>,<function <lambda> at 0x7fa496287a90>,<function <lambda> at 0x7fa496287b30>
30052,2023-06-06 03:00:00,<function <lambda> at 0x7fa4962879f0>,<function <lambda> at 0x7fa496287a90>,<function <lambda> at 0x7fa496287b30>
30053,2023-06-06 04:00:00,<function <lambda> at 0x7fa4962879f0>,<function <lambda> at 0x7fa496287a90>,<function <lambda> at 0x7fa496287b30>
30054,2023-06-06 05:00:00,<function <lambda> at 0x7fa4962879f0>,<function <lambda> at 0x7fa496287a90>,<function <lambda> at 0x7fa496287b30>
30055,2023-06-06 06:00:00,<function <lambda> at 0x7fa4962879f0>,<function <lambda> at 0x7fa496287a90>,<function <lambda> at 0x7fa496287b30>
30056,2023-06-06 07:00:00,<function <lambda> at 0x7fa4962879f0>,<function <lambda> at 0x7fa496287a90>,<function <lambda> at 0x7fa496287b30>
30057,2023-06-06 08:00:00,<function <lambda> at 0x7fa4962879f0>,<function <lambda> at 0x7fa496287a90>,<function <lambda> at 0x7fa496287b30>
30058,2023-06-06 09:00:00,<function <lambda> at 0x7fa4962879f0>,<function <lambda> at 0x7fa496287a90>,<function <lambda> at 0x7fa496287b30>
30059,2023-06-06 10:00:00,<function <lambda> at 0x7fa4962879f0>,<function <lambda> at 0x7fa496287a90>,<function <lambda> at 0x7fa496287b30>
30060,2023-06-06 11:00:00,<function <lambda> at 0x7fa4962879f0>,<function <lambda> at 0x7fa496287a90>,<function <lambda> at 0x7fa496287b30>
30061,2023-06-06 12:00:00,<function <lambda> at 0x7fa4962879f0>,<function <lambda> at 0x7fa496287a90>,<function <lambda> at 0x7fa496287b30>
30062,2023-06-06 13:00:00,<function <lambda> at 0x7fa4962879f0>,<function <lambda> at 0x7fa496287a90>,<function <lambda> at 0x7fa496287b30>
30063,2023-06-06 14:00:00,<function <lambda> at 0x7fa4962879f0>,<function <lambda> at 0x7fa496287a90>,<function <lambda> at 0x7fa496287b30>
30064,2023-06-06 15:00:00,<function <lambda> at 0x7fa4962879f0>,<function <lambda> at 0x7fa496287a90>,<function <lambda> at 0x7fa496287b30>
30065,2023-06-06 16:00:00,<function <lambda> at 0x7fa4962879f0>,<function <lambda> at 0x7fa496287a90>,<function <lambda> at 0x7fa496287b30>
30066,2023-06-06 17:00:00,<function <lambda> at 0x7fa4962879f0>,<function <lambda> at 0x7fa496287a90>,<function <lambda> at 0x7fa496287b30>
30067,2023-06-06 18:00:00,<function <lambda> at 0x7fa4962879f0>,<function <lambda> at 0x7fa496287a90>,<function <lambda> at 0x7fa496287b30>
30068,2023-06-06 19:00:00,<function <lambda> at 0x7fa4962879f0>,<function <lambda> at 0x7fa496287a90>,<function <lambda> at 0x7fa496287b30>
30069,2023-06-06 20:00:00,<function <lambda> at 0x7fa4962879f0>,<function <lambda> at 0x7fa496287a90>,<function <lambda> at 0x7fa496287b30>
30070,2023-06-06 21:00:00,<function <lambda> at 0x7fa4962879f0>,<function <lambda> at 0x7fa496287a90>,<function <lambda> at 0x7fa496287b30>
30071,2023-06-06 22:00:00,<function <lambda> at 0x7fa4962879f0>,<function <lambda> at 0x7fa496287a90>,<function <lambda> at 0x7fa496287b30>
30072,2023-06-06 23:00:00,<function <lambda> at 0x7fa4962879f0>,<function <lambda> at 0x7fa496287a90>,<function <lambda> at 0x7fa496287b30>
30073,2023-06-07 00:00:00,<function <lambda> at 0x7fa4962879f0>,<function <lambda> at 0x7fa496287a90>,<function <lambda> at 0x7fa496287b30>
30074,2023-06-07 01:00:00,<function <lambda> at 0x7fa4962879f0>,<function <lambda> at 0x7fa496287a90>,<function <lambda> at 0x7fa496287b30>
30075,2023-06-07 02:00:00,<function <lambda> at 0x7fa4962879f0>,<function <lambda> at 0x7fa496287a90>,<function <lambda> at 0x7fa496287b30>
30076,2023-06-07 03:00:00,<function <lambda> at 0x7fa4962879f0>,<function <lambda> at 0x7fa496287a90>,<function <lambda> at 0x7fa496287b30>
30077,2023-06-07 04:00:00,<function <lambda> at 0x7fa4962879f0>,<function <lambda> at 0x7fa496287a90>,<function <lambda> at 0x7fa496287b30>
30078,2023-06-07 05:00:00,<function <lambda> at 0x7fa4962879f0>,<function <lambda> at 0x7fa496287a90>,<function <lambda> at 0x7fa496287b30>
30079,2023-06-07 06:00:00,<function <lambda> at 0x7fa4962879f0>,<function <lambda> at 0x7fa496287a90>,<function <lambda> at 0x7fa496287b30>
30080,2023-06-07 07:00:00,<function <lambda> at 0x7fa4962879f0>,<function <lambda> at 0x7fa496287a90>,<function <lambda> at 0x7fa496287b30>
30081,2023-06-07 08:00:00,<function <lambda> at 0x7fa4962879f0>,<function <lambda> at 0x7fa496287a90>,<function <lambda> at 0x7fa496287b30>
30082,2023-06-07 09:00:00,<function <lambda> at 0x7fa4962879f0>,<function <lambda> at 0x7fa496287a90>,<function <lambda> at 0x7fa496287b30>
30083,2023-06-07 10:00:00,<function <lambda> at 0x7fa4962879f0>,<function <lambda> at 0x7fa496287a90>,<function <lambda> at 0x7fa496287b30>
30084,2023-06-07 11:00:00,<function <lambda> at 0x7fa4962879f0>,<function <lambda> at 0x7fa496287a90>,<function <lambda> at 0x7fa496287b30>
30085,2023-06-07 12:00:00,<function <lambda> at 0x7fa4962879f0>,<function <lambda> at 0x7fa496287a90>,<function <lambda> at 0x7fa496287b30>
30086,2023-06-07 13:00:00,<function <lambda> at 0x7fa4962879f0>,<function <lambda> at 0x7fa496287a90>,<function <lambda> at 0x7fa496287b30>
30087,2023-06-07 14:00:00,<function <lambda> at 0x7fa4962879f0>,<function <lambda> at 0x7fa496287a90>,<function <lambda> at 0x7fa496287b30>
30088,2023-06-07 15:00:00,<function <lambda> at 0x7fa4962879f0>,<function <lambda> at 0x7fa496287a90>,<function <lambda> at 0x7fa496287b30>
30089,2023-06-07 16:00:00,<function <lambda> at 0x7fa4962879f0>,<function <lambda> at 0x7fa496287a90>,<function <lambda> at 0x7fa496287b30>
30090,2023-06-07 17:00:00,<function <lambda> at 0x7fa4962879f0>,<function <lambda> at 0x7fa496287a90>,<function <lambda> at 0x7fa496287b30>
30091,2023-06-07 18:00:00,<function <lambda> at 0x7fa4962879f0>,<function <lambda> at 0x7fa496287a90>,<function <lambda> at 0x7fa496287b30>
30092,2023-06-07 19:00:00,<function <lambda> at 0x7fa4962879f0>,<function <lambda> at 0x7fa496287a90>,<function <lambda> at 0x7fa496287b30>
30093,2023-06-07 20:00:00,<function <lambda> at 0x7fa4962879f0>,<function <lambda> at 0x7fa496287a90>,<function <lambda> at 0x7fa496287b30>
30094,2023-06-07 21:00:00,<function <lambda> at 0x7fa4962879f0>,<function <lambda> at 0x7fa496287a90>,<function <lambda> at 0x7fa496287b30>
30095,2023-06-07 22:00:00,<function <lambda> at 0x7fa4962879f0>,<function <lambda> at 0x7fa496287a90>,<function <lambda> at 0x7fa496287b30>
30096,2023-06-07 23:00:00,<function <lambda> at 0x7fa4962879f0>,<function <lambda> at 0x7fa496287a90>,<function <lambda> at 0x7fa496287b30>
30097,2023-06-08 00:00:00,<function <lambda> at 0x7fa4962879f0>,<function <lambda> at 0x7fa496287a90>,<function <lambda> at 0x7fa496287b30>
30098,2023-06-08 01:00:00,<function <lambda> at 0x7fa4962879f0>,<function <lambda> at 0x7fa496287a90>,<function <lambda> at 0x7fa496287b30>
30099,2023-06-08 02:00:00,<function <lambda> at 0x7fa4962879f0>,<function <lambda> at 0x7fa496287a90>,<function <lambda> at 0x7fa496287b30>
30100,2023-06-08 03:00:00,<function <lambda> at 0x7fa4962879f0>,<function <lambda> at 0x7fa496287a90>,<function <lambda> at 0x7fa496287b30>
30101,2023-06-08 04:00:00,<function <lambda> at 0x7fa4962879f0>,<function <lambda> at 0x7fa496287a90>,<function <lambda> at 0x7fa496287b30>
30102,2023-06-08 05:00:00,<function <lambda> at 0x7fa4962879f0>,<function <lambda> at 0x7fa496287a90>,<function <lambda> at 0x7fa496287b30>
30103,2023-06-08 06:00:00,<function <lambda> at 0x7fa4962879f0>,<function <lambda> at 0x7fa496287a90>,<function <lambda> at 0x7fa496287b30>
30104,2023-06-08 07:00:00,<function <lambda> at 0x7fa4962879f0>,<function <lambda> at 0x7fa496287a90>,<function <lambda> at 0x7fa496287b30>
30105,2023-06-08 08:00:00,<function <lambda> at 0x7fa4962879f0>,<function <lambda> at 0x7fa496287a90>,<function <lambda> at 0x7fa496287b30>
30106,2023-06-08 09:00:00,<function <lambda> at 0x7fa4962879f0>,<function <lambda> at 0x7fa496287a90>,<function <lambda> at 0x7fa496287b30>
30107,2023-06-08 10:00:00,<function <lambda> at 0x7fa4962879f0>,<function <lambda> at 0x7fa496287a90>,<function <lambda> at 0x7fa496287b30>
30108,2023-06-08 11:00:00,<function <lambda> at 0x7fa4962879f0>,<function <lambda> at 0x7fa496287a90>,<function <lambda> at 0x7fa496287b30>
30109,2023-06-08 12:00:00,<function <lambda> at 0x7fa4962879f0>,<function <lambda> at 0x7fa496287a90>,<function <lambda> at 0x7fa496287b30>
30110,2023-06-08 13:00:00,<function <lambda> at 0x7fa4962879f0>,<function <lambda> at 0x7fa496287a90>,<function <lambda> at 0x7fa496287b30>
30111,2023-06-08 14:00:00,<function <lambda> at 0x7fa4962879f0>,<function <lambda> at 0x7fa496287a90>,<function <lambda> at 0x7fa496287b30>
30112,2023-06-08 15:00:00,<function <lambda> at 0x7fa4962879f0>,<function <lambda> at 0x7fa496287a90>,<function <lambda> at 0x7fa496287b30>
30113,2023-06-08 16:00:00,<function <lambda> at 0x7fa4962879f0>,<function <lambda> at 0x7fa496287a90>,<function <lambda> at 0x7fa496287b30>
30114,2023-06-08 17:00:00,<function <lambda> at 0x7fa4962879f0>,<function <lambda> at 0x7fa496287a90>,<function <lambda> at 0x7fa496287b30>
30115,2023-06-08 18:00:00,<function <lambda> at 0x7fa4962879f0>,<function <lambda> at 0x7fa496287a90>,<function <lambda> at 0x7fa496287b30>
30116,2023-06-08 19:00:00,<function <lambda> at 0x7fa4962879f0>,<function <lambda> at 0x7fa496287a90>,<function <lambda> at 0x7fa496287b30>
30117,2023-06-08 20:00:00,<function <lambda> at 0x7fa4962879f0>,<function <lambda> at 0x7fa496287a90>,<function <lambda> at 0x7fa496287b30>
30118,2023-06-08 21:00:00,<function <lambda> at 0x7fa4962879f0>,<function <lambda> at 0x7fa496287a90>,<function <lambda> at 0x7fa496287b30>
30119,2023-06-08 22:00:00,<function <lambda> at 0x7fa4962879f0>,<function <lambda> at 0x7fa496287a90>,<function <lambda> at 0x7fa496287b30>
30120,2023-06-08 23:00:00,<function <lambda> at 0x7fa4962879f0>,<function <lambda> at 0x7fa496287a90>,<function <lambda> at 0x7fa496287b30>
30121,2023-06-09 00:00:00,<function <lambda> at 0x7fa4962879f0>,<function <lambda> at 0x7fa496287a90>,<function <lambda> at 0x7fa496287b30>
30122,2023-06-09 01:00:00,<function <lambda> at 0x7fa4962879f0>,<function <lambda> at 0x7fa496287a90>,<function <lambda> at 0x7fa496287b30>
30123,2023-06-09 02:00:00,<function <lambda> at 0x7fa4962879f0>,<function <lambda> at 0x7fa496287a90>,<function <lambda> at 0x7fa496287b30>
30124,2023-06-09 03:00:00,<function <lambda> at 0x7fa4962879f0>,<function <lambda> at 0x7fa496287a90>,<function <lambda> at 0x7fa496287b30>
30125,2023-06-09 04:00:00,<function <lambda> at 0x7fa4962879f0>,<function <lambda> at 0x7fa496287a90>,<function <lambda> at 0x7fa496287b30>
30126,2023-06-09 05:00:00,<function <lambda> at 0x7fa4962879f0>,<function <lambda> at 0x7fa496287a90>,<function <lambda> at 0x7fa496287b30>
30127,2023-06-09 06:00:00,<function <lambda> at 0x7fa4962879f0>,<function <lambda> at 0x7fa496287a90>,<function <lambda> at 0x7fa496287b30>
30128,2023-06-09 07:00:00,<function <lambda> at 0x7fa4962879f0>,<function <lambda> at 0x7fa496287a90>,<function <lambda> at 0x7fa496287b30>
30129,2023-06-09 08:00:00,<function <lambda> at 0x7fa4962879f0>,<function <lambda> at 0x7fa496287a90>,<function <lambda> at 0x7fa496287b30>
30130,2023-06-09 09:00:00,<function <lambda> at 0x7fa4962879f0>,<function <lambda> at 0x7fa496287a90>,<function <lambda> at 0x7fa496287b30>
30131,2023-06-09 10:00:00,<function <lambda> at 0x7fa4962879f0>,<function <lambda> at 0x7fa496287a90>,<function <lambda> at 0x7fa496287b30>
30132,2023-06-09 11:00:00,<function <lambda> at 0x7fa4962879f0>,<function <lambda> at 0x7fa496287a90>,<function <lambda> at 0x7fa496287b30>
30133,2023-06-09 12:00:00,<function <lambda> at 0x7fa4962879f0>,<function <lambda> at 0x7fa496287a90>,<function <lambda> at 0x7fa496287b30>
30134,2023-06-09 13:00:00,<function <lambda> at 0x7fa4962879f0>,<function <lambda> at 0x7fa496287a90>,<function <lambda> at 0x7fa496287b30>
30135,2023-06-09 14:00:00,<function <lambda> at 0x7fa4962879f0>,<function <lambda> at 0x7fa496287a90>,<function <lambda> at 0x7fa496287b30>
30136,2023-06-09 15:00:00,<function <lambda> at 0x7fa4962879f0>,<function <lambda> at 0x7fa496287a90>,<function <lambda> at 0x7fa496287b30>
30137,2023-06-09 16:00:00,<function <lambda> at 0x7fa4962879f0>,<function <lambda> at 0x7fa496287a90>,<function <lambda> at 0x7fa496287b30>
30138,2023-06-09 17:00:00,<function <lambda> at 0x7fa4962879f0>,<function <lambda> at 0x7fa496287a90>,<function <lambda> at 0x7fa496287b30>
30139,2023-06-09 18:00:00,<function <lambda> at 0x7fa4962879f0>,<function <lambda> at 0x7fa496287a90>,<function <lambda> at 0x7fa496287b30>
30140,2023-06-09 19:00:00,<function <lambda> at 0x7fa4962879f0>,<function <lambda> at 0x7fa496287a90>,<function <lambda> at 0x7fa496287b30>
30141,2023-06-09 20:00:00,<function <lambda> at 0x7fa4962879f0>,<function <lambda> at 0x7fa496287a90>,<function <lambda> at 0x7fa496287b30>
30142,2023-06-09 21:00:00,<function <lambda> at 0x7fa4962879f0>,<function <lambda> at 0x7fa496287a90>,<function <lambda> at 0x7fa496287b30>
30143,2023-06-09 22:00:00,<function <lambda> at 0x7fa4962879f0>,<function <lambda> at 0x7fa496287a90>,<function <lambda> at 0x7fa496287b30>
30144,2023-06-09 23:00:00,<function <lambda> at 0x7fa4962879f0>,<function <lambda> at 0x7fa496287a90>,<function <lambda> at 0x7fa496287b30>
30145,2023-06-10 00:00:00,<function <lambda> at 0x7fa4962879f0>,<function <lambda> at 0x7fa496287a90>,<function <lambda> at 0x7fa496287b30>
30146,2023-06-10 01:00:00,<function <lambda> at 0x7fa4962879f0>,<function <lambda> at 0x7fa496287a90>,<function <lambda> at 0x7fa496287b30>
30147,2023-06-10 02:00:00,<function <lambda> at 0x7fa4962879f0>,<function <lambda> at 0x7fa496287a90>,<function <lambda> at 0x7fa496287b30>
30148,2023-06-10 03:00:00,<function <lambda> at 0x7fa4962879f0>,<function <lambda> at 0x7fa496287a90>,<function <lambda> at 0x7fa496287b30>
30149,2023-06-10 04:00:00,<function <lambda> at 0x7fa4962879f0>,<function <lambda> at 0x7fa496287a90>,<function <lambda> at 0x7fa496287b30>
30150,2023-06-10 05:00:00,<function <lambda> at 0x7fa4962879f0>,<function <lambda> at 0x7fa496287a90>,<function <lambda> at 0x7fa496287b30>
30151,2023-06-10 06:00:00,<function <lambda> at 0x7fa4962879f0>,<function <lambda> at 0x7fa496287a90>,<function <lambda> at 0x7fa496287b30>
30152,2023-06-10 07:00:00,<function <lambda> at 0x7fa4962879f0>,<function <lambda> at 0x7fa496287a90>,<function <lambda> at 0x7fa496287b30>
30153,2023-06-10 08:00:00,<function <lambda> at 0x7fa4962879f0>,<function <lambda> at 0x7fa496287a90>,<function <lambda> at 0x7fa496287b30>
30154,2023-06-10 09:00:00,<function <lambda> at 0x7fa4962879f0>,<function <lambda> at 0x7fa496287a90>,<function <lambda> at 0x7fa496287b30>
30155,2023-06-10 10:00:00,<function <lambda> at 0x7fa4962879f0>,<function <lambda> at 0x7fa496287a90>,<function <lambda> at 0x7fa496287b30>
30156,2023-06-10 11:00:00,<function <lambda> at 0x7fa4962879f0>,<function <lambda> at 0x7fa496287a90>,<function <lambda> at 0x7fa496287b30>
30157,2023-06-10 12:00:00,<function <lambda> at 0x7fa4962879f0>,<function <lambda> at 0x7fa496287a90>,<function <lambda> at 0x7fa496287b30>
30158,2023-06-10 13:00:00,<function <lambda> at 0x7fa4962879f0>,<function <lambda> at 0x7fa496287a90>,<function <lambda> at 0x7fa496287b30>
30159,2023-06-10 14:00:00,<function <lambda> at 0x7fa4962879f0>,<function <lambda> at 0x7fa496287a90>,<function <lambda> at 0x7fa496287b30>
30160,2023-06-10 15:00:00,<function <lambda> at 0x7fa4962879f0>,<function <lambda> at 0x7fa496287a90>,<function <lambda> at 0x7fa496287b30>
30161,2023-06-10 16:00:00,<function <lambda> at 0x7fa4962879f0>,<function <lambda> at 0x7fa496287a90>,<function <lambda> at 0x7fa496287b30>
30162,2023-06-10 17:00:00,<function <lambda> at 0x7fa4962879f0>,<function <lambda> at 0x7fa496287a90>,<function <lambda> at 0x7fa496287b30>
30163,2023-06-10 18:00:00,<function <lambda> at 0x7fa4962879f0>,<function <lambda> at 0x7fa496287a90>,<function <lambda> at 0x7fa496287b30>
30164,2023-06-10 19:00:00,<function <lambda> at 0x7fa4962879f0>,<function <lambda> at 0x7fa496287a90>,<function <lambda> at 0x7fa496287b30>
30165,2023-06-10 20:00:00,<function <lambda> at 0x7fa4962879f0>,<function <lambda> at 0x7fa496287a90>,<function <lambda> at 0x7fa496287b30>
30166,2023-06-10 21:00:00,<function <lambda> at 0x7fa4962879f0>,<function <lambda> at 0x7fa496287a90>,<function <lambda> at 0x7fa496287b30>
30167,2023-06-10 22:00:00,<function <lambda> at 0x7fa4962879f0>,<function <lambda> at 0x7fa496287a90>,<function <lambda> at 0x7fa496287b30>
30168,2023-06-10 23:00:00,<function <lambda> at 0x7fa4962879f0>,<function <lambda> at 0x7fa496287a90>,<function <lambda> at 0x7fa496287b30>
30169,2023-06-11 00:00:00,<function <lambda> at 0x7fa4962879f0>,<function <lambda> at 0x7fa496287a90>,<function <lambda> at 0x7fa496287b30>
30170,2023-06-11 01:00:00,<function <lambda> at 0x7fa4962879f0>,<function <lambda> at 0x7fa496287a90>,<function <lambda> at 0x7fa496287b30>
30171,2023-06-11 02:00:00,<function <lambda> at 0x7fa4962879f0>,<function <lambda> at 0x7fa496287a90>,<function <lambda> at 0x7fa496287b30>
30172,2023-06-11 03:00:00,<function <lambda> at 0x7fa4962879f0>,<function <lambda> at 0x7fa496287a90>,<function <lambda> at 0x7fa496287b30>
30173,2023-06-11 04:00:00,<function <lambda> at 0x7fa4962879f0>,<function <lambda> at 0x7fa496287a90>,<function <lambda> at 0x7fa496287b30>
30174,2023-06-11 05:00:00,<function <lambda> at 0x7fa4962879f0>,<function <lambda> at 0x7fa496287a90>,<function <lambda> at 0x7fa496287b30>
30175,2023-06-11 06:00:00,<function <lambda> at 0x7fa4962879f0>,<function <lambda> at 0x7fa496287a90>,<function <lambda> at 0x7fa496287b30>
30176,2023-06-11 07:00:00,<function <lambda> at 0x7fa4962879f0>,<function <lambda> at 0x7fa496287a90>,<function <lambda> at 0x7fa496287b30>
30177,2023-06-11 08:00:00,<function <lambda> at 0x7fa4962879f0>,<function <lambda> at 0x7fa496287a90>,<function <lambda> at 0x7fa496287b30>
30178,2023-06-11 09:00:00,<function <lambda> at 0x7fa4962879f0>,<function <lambda> at 0x7fa496287a90>,<function <lambda> at 0x7fa496287b30>
30179,2023-06-11 10:00:00,<function <lambda> at 0x7fa4962879f0>,<function <lambda> at 0x7fa496287a90>,<function <lambda> at 0x7fa496287b30>
30180,2023-06-11 11:00:00,<function <lambda> at 0x7fa4962879f0>,<function <lambda> at 0x7fa496287a90>,<function <lambda> at 0x7fa496287b30>
30181,2023-06-11 12:00:00,<function <lambda> at 0x7fa4962879f0>,<function <lambda> at 0x7fa496287a90>,<function <lambda> at 0x7fa496287b30>
30182,2023-06-11 13:00:00,<function <lambda> at 0x7fa4962879f0>,<function <lambda> at 0x7fa496287a90>,<function <lambda> at 0x7fa496287b30>
30183,2023-06-11 14:00:00,<function <lambda> at 0x7fa4962879f0>,<function <lambda> at 0x7fa496287a90>,<function <lambda> at 0x7fa496287b30>
30184,2023-06-11 15:00:00,<function <lambda> at 0x7fa4962879f0>,<function <lambda> at 0x7fa496287a90>,<function <lambda> at 0x7fa496287b30>
30185,2023-06-11 16:00:00,<function <lambda> at 0x7fa4962879f0>,<function <lambda> at 0x7fa496287a90>,<function <lambda> at 0x7fa496287b30>
30186,2023-06-11 17:00:00,<function <lambda> at 0x7fa4962879f0>,<function <lambda> at 0x7fa496287a90>,<function <lambda> at 0x7fa496287b30>
30187,2023-06-11 18:00:00,<function <lambda> at 0x7fa4962879f0>,<function <lambda> at 0x7fa496287a90>,<function <lambda> at 0x7fa496287b30>
30188,2023-06-11 19:00:00,<function <lambda> at 0x7fa4962879f0>,<function <lambda> at 0x7fa496287a90>,<function <lambda> at 0x7fa496287b30>
30189,2023-06-11 20:00:00,<function <lambda> at 0x7fa4962879f0>,<function <lambda> at 0x7fa496287a90>,<function <lambda> at 0x7fa496287b30>
30190,2023-06-11 21:00:00,<function <lambda> at 0x7fa4962879f0>,<function <lambda> at 0x7fa496287a90>,<function <lambda> at 0x7fa496287b30>
30191,2023-06-11 22:00:00,<function <lambda> at 0x7fa4962879f0>,<function <lambda> at 0x7fa496287a90>,<function <lambda> at 0x7fa496287b30>
30192,2023-06-11 23:00:00,<function <lambda> at 0x7fa4962879f0>,<function <lambda> at 0x7fa496287a90>,<function <lambda> at 0x7fa496287b30>
30193,2023-06-12 00:00:00,<function <lambda> at 0x7fa4962879f0>,<function <lambda> at 0x7fa496287a90>,<function <lambda> at 0x7fa496287b30>
30194,2023-06-12 01:00:00,<function <lambda> at 0x7fa4962879f0>,<function <lambda> at 0x7fa496287a90>,<function <lambda> at 0x7fa496287b30>
30195,2023-06-12 02:00:00,<function <lambda> at 0x7fa4962879f0>,<function <lambda> at 0x7fa496287a90>,<function <lambda> at 0x7fa496287b30>
30196,2023-06-12 03:00:00,<function <lambda> at 0x7fa4962879f0>,<function <lambda> at 0x7fa496287a90>,<function <lambda> at 0x7fa496287b30>
30197,2023-06-12 04:00:00,<function <lambda> at 0x7fa4962879f0>,<function <lambda> at 0x7fa496287a90>,<function <lambda> at 0x7fa496287b30>
30198,2023-06-12 05:00:00,<function <lambda> at 0x7fa4962879f0>,<function <lambda> at 0x7fa496287a90>,<function <lambda> at 0x7fa496287b30>
30199,2023-06-12 06:00:00,<function <lambda> at 0x7fa4962879f0>,<function <lambda> at 0x7fa496287a90>,<function <lambda> at 0x7fa496287b30>
30200,2023-06-12 07:00:00,<function <lambda> at 0x7fa4962879f0>,<function <lambda> at 0x7fa496287a90>,<function <lambda> at 0x7fa496287b30>
30201,2023-06-12 08:00:00,<function <lambda> at 0x7fa4962879f0>,<function <lambda> at 0x7fa496287a90>,<function <lambda> at 0x7fa496287b30>
30202,2023-06-12 09:00:00,<function <lambda> at 0x7fa4962879f0>,<function <lambda> at 0x7fa496287a90>,<function <lambda> at 0x7fa496287b30>
30203,2023-06-12 10:00:00,<function <lambda> at 0x7fa4962879f0>,<function <lambda> at 0x7fa496287a90>,<function <lambda> at 0x7fa496287b30>
30204,2023-06-12 11:00:00,<function <lambda> at 0x7fa4962879f0>,<function <lambda> at 0x7fa496287a90>,<function <lambda> at 0x7fa496287b30>
30205,2023-06-12 12:00:00,<function <lambda> at 0x7fa4962879f0>,<function <lambda> at 0x7fa496287a90>,<function <lambda> at 0x7fa496287b30>
30206,2023-06-12 13:00:00,<function <lambda> at 0x7fa4962879f0>,<function <lambda> at 0x7fa496287a90>,<function <lambda> at 0x7fa496287b30>
30207,2023-06-12 14:00:00,<function <lambda> at 0x7fa4962879f0>,<function <lambda> at 0x7fa496287a90>,<function <lambda> at 0x7fa496287b30>
30208,2023-06-12 15:00:00,<function <lambda> at 0x7fa4962879f0>,<function <lambda> at 0x7fa496287a90>,<function <lambda> at 0x7fa496287b30>
30209,2023-06-12 16:00:00,<function <lambda> at 0x7fa4962879f0>,<function <lambda> at 0x7fa496287a90>,<function <lambda> at 0x7fa496287b30>
30210,2023-06-12 17:00:00,<function <lambda> at 0x7fa4962879f0>,<function <lambda> at 0x7fa496287a90>,<function <lambda> at 0x7fa496287b30>
30211,2023-06-12 18:00:00,<function <lambda> at 0x7fa4962879f0>,<function <lambda> at 0x7fa496287a90>,<function <lambda> at 0x7fa496287b30>
30212,2023-06-12 19:00:00,<function <lambda> at 0x7fa4962879f0>,<function <lambda> at 0x7fa496287a90>,<function <lambda> at 0x7fa496287b30>
30213,2023-06-12 20:00:00,<function <lambda> at 0x7fa4962879f0>,<function <lambda> at 0x7fa496287a90>,<function <lambda> at 0x7fa496287b30>
30214,2023-06-12 21:00:00,<function <lambda> at 0x7fa4962879f0>,<function <lambda> at 0x7fa496287a90>,<function <lambda> at 0x7fa496287b30>
30215,2023-06-12 22:00:00,<function <lambda> at 0x7fa4962879f0>,<function <lambda> at 0x7fa496287a90>,<function <lambda> at 0x7fa496287b30>
30216,2023-06-12 23:00:00,<function <lambda> at 0x7fa4962879f0>,<function <lambda> at 0x7fa496287a90>,<function <lambda> at 0x7fa496287b30>
30217,2023-06-13 00:00:00,<function <lambda> at 0x7fa4962879f0>,<function <lambda> at 0x7fa496287a90>,<function <lambda> at 0x7fa496287b30>
30218,2023-06-13 01:00:00,<function <lambda> at 0x7fa4962879f0>,<function <lambda> at 0x7fa496287a90>,<function <lambda> at 0x7fa496287b30>
30219,2023-06-13 02:00:00,<function <lambda> at 0x7fa4962879f0>,<function <lambda> at 0x7fa496287a90>,<function <lambda> at 0x7fa496287b30>
30220,2023-06-13 03:00:00,<function <lambda> at 0x7fa4962879f0>,<function <lambda> at 0x7fa496287a90>,<function <lambda> at 0x7fa496287b30>
30221,2023-06-13 04:00:00,<function <lambda> at 0x7fa4962879f0>,<function <lambda> at 0x7fa496287a90>,<function <lambda> at 0x7fa496287b30>
30222,2023-06-13 05:00:00,<function <lambda> at 0x7fa4962879f0>,<function <lambda> at 0x7fa496287a90>,<function <lambda> at 0x7fa496287b30>
30223,2023-06-13 06:00:00,<function <lambda> at 0x7fa4962879f0>,<function <lambda> at 0x7fa496287a90>,<function <lambda> at 0x7fa496287b30>
30224,2023-06-13 07:00:00,<function <lambda> at 0x7fa4962879f0>,<function <lambda> at 0x7fa496287a90>,<function <lambda> at 0x7fa496287b30>
30225,2023-06-13 08:00:00,<function <lambda> at 0x7fa4962879f0>,<function <lambda> at 0x7fa496287a90>,<function <lambda> at 0x7fa496287b30>
30226,2023-06-13 09:00:00,<function <lambda> at 0x7fa4962879f0>,<function <lambda> at 0x7fa496287a90>,<function <lambda> at 0x7fa496287b30>
30227,2023-06-13 10:00:00,<function <lambda> at 0x7fa4962879f0>,<function <lambda> at 0x7fa496287a90>,<function <lambda> at 0x7fa496287b30>
30228,2023-06-13 11:00:00,<function <lambda> at 0x7fa4962879f0>,<function <lambda> at 0x7fa496287a90>,<function <lambda> at 0x7fa496287b30>
30229,2023-06-13 12:00:00,<function <lambda> at 0x7fa4962879f0>,<function <lambda> at 0x7fa496287a90>,<function <lambda> at 0x7fa496287b30>
30230,2023-06-13 13:00:00,<function <lambda> at 0x7fa4962879f0>,<function <lambda> at 0x7fa496287a90>,<function <lambda> at 0x7fa496287b30>
30231,2023-06-13 14:00:00,<function <lambda> at 0x7fa4962879f0>,<function <lambda> at 0x7fa496287a90>,<function <lambda> at 0x7fa496287b30>
30232,2023-06-13 15:00:00,<function <lambda> at 0x7fa4962879f0>,<function <lambda> at 0x7fa496287a90>,<function <lambda> at 0x7fa496287b30>
30233,2023-06-13 16:00:00,<function <lambda> at 0x7fa4962879f0>,<function <lambda> at 0x7fa496287a90>,<function <lambda> at 0x7fa496287b30>
30234,2023-06-13 17:00:00,<function <lambda> at 0x7fa4962879f0>,<function <lambda> at 0x7fa496287a90>,<function <lambda> at 0x7fa496287b30>
30235,2023-06-13 18:00:00,<function <lambda> at 0x7fa4962879f0>,<function <lambda> at 0x7fa496287a90>,<function <lambda> at 0x7fa496287b30>
30236,2023-06-13 19:00:00,<function <lambda> at 0x7fa4962879f0>,<function <lambda> at 0x7fa496287a90>,<function <lambda> at 0x7fa496287b30>
30237,2023-06-13 20:00:00,<function <lambda> at 0x7fa4962879f0>,<function <lambda> at 0x7fa496287a90>,<function <lambda> at 0x7fa496287b30>
30238,2023-06-13 21:00:00,<function <lambda> at 0x7fa4962879f0>,<function <lambda> at 0x7fa496287a90>,<function <lambda> at 0x7fa496287b30>
30239,2023-06-13 22:00:00,<function <lambda> at 0x7fa4962879f0>,<function <lambda> at 0x7fa496287a90>,<function <lambda> at 0x7fa496287b30>
30240,2023-06-13 23:00:00,<function <lambda> at 0x7fa4962879f0>,<function <lambda> at 0x7fa496287a90>,<function <lambda> at 0x7fa496287b30>
30241,2023-06-14 00:00:00,<function <lambda> at 0x7fa4962879f0>,<function <lambda> at 0x7fa496287a90>,<function <lambda> at 0x7fa496287b30>
30242,2023-06-14 01:00:00,<function <lambda> at 0x7fa4962879f0>,<function <lambda> at 0x7fa496287a90>,<function <lambda> at 0x7fa496287b30>
30243,2023-06-14 02:00:00,<function <lambda> at 0x7fa4962879f0>,<function <lambda> at 0x7fa496287a90>,<function <lambda> at 0x7fa496287b30>
30244,2023-06-14 03:00:00,<function <lambda> at 0x7fa4962879f0>,<function <lambda> at 0x7fa496287a90>,<function <lambda> at 0x7fa496287b30>
30245,2023-06-14 04:00:00,<function <lambda> at 0x7fa4962879f0>,<function <lambda> at 0x7fa496287a90>,<function <lambda> at 0x7fa496287b30>
30246,2023-06-14 05:00:00,<function <lambda> at 0x7fa4962879f0>,<function <lambda> at 0x7fa496287a90>,<function <lambda> at 0x7fa496287b30>
30247,2023-06-14 06:00:00,<function <lambda> at 0x7fa4962879f0>,<function <lambda> at 0x7fa496287a90>,<function <lambda> at 0x7fa496287b30>
30248,2023-06-14 07:00:00,<function <lambda> at 0x7fa4962879f0>,<function <lambda> at 0x7fa496287a90>,<function <lambda> at 0x7fa496287b30>
30249,2023-06-14 08:00:00,<function <lambda> at 0x7fa4962879f0>,<function <lambda> at 0x7fa496287a90>,<function <lambda> at 0x7fa496287b30>
30250,2023-06-14 09:00:00,<function <lambda> at 0x7fa4962879f0>,<function <lambda> at 0x7fa496287a90>,<function <lambda> at 0x7fa496287b30>
30251,2023-06-14 10:00:00,<function <lambda> at 0x7fa4962879f0>,<function <lambda> at 0x7fa496287a90>,<function <lambda> at 0x7fa496287b30>
30252,2023-06-14 11:00:00,<function <lambda> at 0x7fa4962879f0>,<function <lambda> at 0x7fa496287a90>,<function <lambda> at 0x7fa496287b30>
30253,2023-06-14 12:00:00,<function <lambda> at 0x7fa4962879f0>,<function <lambda> at 0x7fa496287a90>,<function <lambda> at 0x7fa496287b30>
30254,2023-06-14 13:00:00,<function <lambda> at 0x7fa4962879f0>,<function <lambda> at 0x7fa496287a90>,<function <lambda> at 0x7fa496287b30>
30255,2023-06-14 14:00:00,<function <lambda> at 0x7fa4962879f0>,<function <lambda> at 0x7fa496287a90>,<function <lambda> at 0x7fa496287b30>
30256,2023-06-14 15:00:00,<function <lambda> at 0x7fa4962879f0>,<function <lambda> at 0x7fa496287a90>,<function <lambda> at 0x7fa496287b30>
30257,2023-06-14 16:00:00,<function <lambda> at 0x7fa4962879f0>,<function <lambda> at 0x7fa496287a90>,<function <lambda> at 0x7fa496287b30>
30258,2023-06-14 17:00:00,<function <lambda> at 0x7fa4962879f0>,<function <lambda> at 0x7fa496287a90>,<function <lambda> at 0x7fa496287b30>
30259,2023-06-14 18:00:00,<function <lambda> at 0x7fa4962879f0>,<function <lambda> at 0x7fa496287a90>,<function <lambda> at 0x7fa496287b30>
30260,2023-06-14 19:00:00,<function <lambda> at 0x7fa4962879f0>,<function <lambda> at 0x7fa496287a90>,<function <lambda> at 0x7fa496287b30>
30261,2023-06-14 20:00:00,<function <lambda> at 0x7fa4962879f0>,<function <lambda> at 0x7fa496287a90>,<function <lambda> at 0x7fa496287b30>
30262,2023-06-14 21:00:00,<function <lambda> at 0x7fa4962879f0>,<function <lambda> at 0x7fa496287a90>,<function <lambda> at 0x7fa496287b30>
30263,2023-06-14 22:00:00,<function <lambda> at 0x7fa4962879f0>,<function <lambda> at 0x7fa496287a90>,<function <lambda> at 0x7fa496287b30>
30264,2023-06-14 23:00:00,<function <lambda> at 0x7fa4962879f0>,<function <lambda> at 0x7fa496287a90>,<function <lambda> at 0x7fa496287b30>
30265,2023-06-15 00:00:00,<function <lambda> at 0x7fa4962879f0>,<function <lambda> at 0x7fa496287a90>,<function <lambda> at 0x7fa496287b30>
30266,2023-06-15 01:00:00,<function <lambda> at 0x7fa4962879f0>,<function <lambda> at 0x7fa496287a90>,<function <lambda> at 0x7fa496287b30>
30267,2023-06-15 02:00:00,<function <lambda> at 0x7fa4962879f0>,<function <lambda> at 0x7fa496287a90>,<function <lambda> at 0x7fa496287b30>
30268,2023-06-15 03:00:00,<function <lambda> at 0x7fa4962879f0>,<function <lambda> at 0x7fa496287a90>,<function <lambda> at 0x7fa496287b30>
30269,2023-06-15 04:00:00,<function <lambda> at 0x7fa4962879f0>,<function <lambda> at 0x7fa496287a90>,<function <lambda> at 0x7fa496287b30>
30270,2023-06-15 05:00:00,<function <lambda> at 0x7fa4962879f0>,<function <lambda> at 0x7fa496287a90>,<function <lambda> at 0x7fa496287b30>
30271,2023-06-15 06:00:00,<function <lambda> at 0x7fa4962879f0>,<function <lambda> at 0x7fa496287a90>,<function <lambda> at 0x7fa496287b30>
30272,2023-06-15 07:00:00,<function <lambda> at 0x7fa4962879f0>,<function <lambda> at 0x7fa496287a90>,<function <lambda> at 0x7fa496287b30>
30273,2023-06-15 08:00:00,<function <lambda> at 0x7fa4962879f0>,<function <lambda> at 0x7fa496287a90>,<function <lambda> at 0x7fa496287b30>
30274,2023-06-15 09:00:00,<function <lambda> at 0x7fa4962879f0>,<function <lambda> at 0x7fa496287a90>,<function <lambda> at 0x7fa496287b30>
30275,2023-06-15 10:00:00,<function <lambda> at 0x7fa4962879f0>,<function <lambda> at 0x7fa496287a90>,<function <lambda> at 0x7fa496287b30>
30276,2023-06-15 11:00:00,<function <lambda> at 0x7fa4962879f0>,<function <lambda> at 0x7fa496287a90>,<function <lambda> at 0x7fa496287b30>
30277,2023-06-15 12:00:00,<function <lambda> at 0x7fa4962879f0>,<function <lambda> at 0x7fa496287a90>,<function <lambda> at 0x7fa496287b30>
30278,2023-06-15 13:00:00,<function <lambda> at 0x7fa4962879f0>,<function <lambda> at 0x7fa496287a90>,<function <lambda> at 0x7fa496287b30>
30279,2023-06-15 14:00:00,<function <lambda> at 0x7fa4962879f0>,<function <lambda> at 0x7fa496287a90>,<function <lambda> at 0x7fa496287b30>
30280,2023-06-15 15:00:00,<function <lambda> at 0x7fa4962879f0>,<function <lambda> at 0x7fa496287a90>,<function <lambda> at 0x7fa496287b30>
30281,2023-06-15 16:00:00,<function <lambda> at 0x7fa4962879f0>,<function <lambda> at 0x7fa496287a90>,<function <lambda> at 0x7fa496287b30>
30282,2023-06-15 17:00:00,<function <lambda> at 0x7fa4962879f0>,<function <lambda> at 0x7fa496287a90>,<function <lambda> at 0x7fa496287b30>
30283,2023-06-15 18:00:00,<function <lambda> at 0x7fa4962879f0>,<function <lambda> at 0x7fa496287a90>,<function <lambda> at 0x7fa496287b30>
30284,2023-06-15 19:00:00,<function <lambda> at 0x7fa4962879f0>,<function <lambda> at 0x7fa496287a90>,<function <lambda> at 0x7fa496287b30>
30285,2023-06-15 20:00:00,<function <lambda> at 0x7fa4962879f0>,<function <lambda> at 0x7fa496287a90>,<function <lambda> at 0x7fa496287b30>
30286,2023-06-15 21:00:00,<function <lambda> at 0x7fa4962879f0>,<function <lambda> at 0x7fa496287a90>,<function <lambda> at 0x7fa496287b30>
30287,2023-06-15 22:00:00,<function <lambda> at 0x7fa4962879f0>,<function <lambda> at 0x7fa496287a90>,<function <lambda> at 0x7fa496287b30>
30288,2023-06-15 23:00:00,<function <lambda> at 0x7fa4962879f0>,<function <lambda> at 0x7fa496287a90>,<function <lambda> at 0x7fa496287b30>
30289,2023-06-16 00:00:00,<function <lambda> at 0x7fa4962879f0>,<function <lambda> at 0x7fa496287a90>,<function <lambda> at 0x7fa496287b30>
30290,2023-06-16 01:00:00,<function <lambda> at 0x7fa4962879f0>,<function <lambda> at 0x7fa496287a90>,<function <lambda> at 0x7fa496287b30>
30291,2023-06-16 02:00:00,<function <lambda> at 0x7fa4962879f0>,<function <lambda> at 0x7fa496287a90>,<function <lambda> at 0x7fa496287b30>
30292,2023-06-16 03:00:00,<function <lambda> at 0x7fa4962879f0>,<function <lambda> at 0x7fa496287a90>,<function <lambda> at 0x7fa496287b30>
30293,2023-06-16 04:00:00,<function <lambda> at 0x7fa4962879f0>,<function <lambda> at 0x7fa496287a90>,<function <lambda> at 0x7fa496287b30>
30294,2023-06-16 05:00:00,<function <lambda> at 0x7fa4962879f0>,<function <lambda> at 0x7fa496287a90>,<function <lambda> at 0x7fa496287b30>
30295,2023-06-16 06:00:00,<function <lambda> at 0x7fa4962879f0>,<function <lambda> at 0x7fa496287a90>,<function <lambda> at 0x7fa496287b30>
30296,2023-06-16 07:00:00,<function <lambda> at 0x7fa4962879f0>,<function <lambda> at 0x7fa496287a90>,<function <lambda> at 0x7fa496287b30>
30297,2023-06-16 08:00:00,<function <lambda> at 0x7fa4962879f0>,<function <lambda> at 0x7fa496287a90>,<function <lambda> at 0x7fa496287b30>
30298,2023-06-16 09:00:00,<function <lambda> at 0x7fa4962879f0>,<function <lambda> at 0x7fa496287a90>,<function <lambda> at 0x7fa496287b30>
30299,2023-06-16 10:00:00,<function <lambda> at 0x7fa4962879f0>,<function <lambda> at 0x7fa496287a90>,<function <lambda> at 0x7fa496287b30>
30300,2023-06-16 11:00:00,<function <lambda> at 0x7fa4962879f0>,<function <lambda> at 0x7fa496287a90>,<function <lambda> at 0x7fa496287b30>
30301,2023-06-16 12:00:00,<function <lambda> at 0x7fa4962879f0>,<function <lambda> at 0x7fa496287a90>,<function <lambda> at 0x7fa496287b30>
30302,2023-06-16 13:00:00,<function <lambda> at 0x7fa4962879f0>,<function <lambda> at 0x7fa496287a90>,<function <lambda> at 0x7fa496287b30>
30303,2023-06-16 14:00:00,<function <lambda> at 0x7fa4962879f0>,<function <lambda> at 0x7fa496287a90>,<function <lambda> at 0x7fa496287b30>
30304,2023-06-16 15:00:00,<function <lambda> at 0x7fa4962879f0>,<function <lambda> at 0x7fa496287a90>,<function <lambda> at 0x7fa496287b30>
30305,2023-06-16 16:00:00,<function <lambda> at 0x7fa4962879f0>,<function <lambda> at 0x7fa496287a90>,<function <lambda> at 0x7fa496287b30>
30306,2023-06-16 17:00:00,<function <lambda> at 0x7fa4962879f0>,<function <lambda> at 0x7fa496287a90>,<function <lambda> at 0x7fa496287b30>
30307,2023-06-16 18:00:00,<function <lambda> at 0x7fa4962879f0>,<function <lambda> at 0x7fa496287a90>,<function <lambda> at 0x7fa496287b30>
30308,2023-06-16 19:00:00,<function <lambda> at 0x7fa4962879f0>,<function <lambda> at 0x7fa496287a90>,<function <lambda> at 0x7fa496287b30>
30309,2023-06-16 20:00:00,<function <lambda> at 0x7fa4962879f0>,<function <lambda> at 0x7fa496287a90>,<function <lambda> at 0x7fa496287b30>
30310,2023-06-16 21:00:00,<function <lambda> at 0x7fa4962879f0>,<function <lambda> at 0x7fa496287a90>,<function <lambda> at 0x7fa496287b30>
30311,2023-06-16 22:00:00,<function <lambda> at 0x7fa4962879f0>,<function <lambda> at 0x7fa496287a90>,<function <lambda> at 0x7fa496287b30>
30312,2023-06-16 23:00:00,<function <lambda> at 0x7fa4962879f0>,<function <lambda> at 0x7fa496287a90>,<function <lambda> at 0x7fa496287b30>
30313,2023-06-17 00:00:00,<function <lambda> at 0x7fa4962879f0>,<function <lambda> at 0x7fa496287a90>,<function <lambda> at 0x7fa496287b30>
30314,2023-06-17 01:00:00,<function <lambda> at 0x7fa4962879f0>,<function <lambda> at 0x7fa496287a90>,<function <lambda> at 0x7fa496287b30>
30315,2023-06-17 02:00:00,<function <lambda> at 0x7fa4962879f0>,<function <lambda> at 0x7fa496287a90>,<function <lambda> at 0x7fa496287b30>
30316,2023-06-17 03:00:00,<function <lambda> at 0x7fa4962879f0>,<function <lambda> at 0x7fa496287a90>,<function <lambda> at 0x7fa496287b30>
30317,2023-06-17 04:00:00,<function <lambda> at 0x7fa4962879f0>,<function <lambda> at 0x7fa496287a90>,<function <lambda> at 0x7fa496287b30>
30318,2023-06-17 05:00:00,<function <lambda> at 0x7fa4962879f0>,<function <lambda> at 0x7fa496287a90>,<function <lambda> at 0x7fa496287b30>
30319,2023-06-17 06:00:00,<function <lambda> at 0x7fa4962879f0>,<function <lambda> at 0x7fa496287a90>,<function <lambda> at 0x7fa496287b30>
30320,2023-06-17 07:00:00,<function <lambda> at 0x7fa4962879f0>,<function <lambda> at 0x7fa496287a90>,<function <lambda> at 0x7fa496287b30>
30321,2023-06-17 08:00:00,<function <lambda> at 0x7fa4962879f0>,<function <lambda> at 0x7fa496287a90>,<function <lambda> at 0x7fa496287b30>
30322,2023-06-17 09:00:00,<function <lambda> at 0x7fa4962879f0>,<function <lambda> at 0x7fa496287a90>,<function <lambda> at 0x7fa496287b30>
30323,2023-06-17 10:00:00,<function <lambda> at 0x7fa4962879f0>,<function <lambda> at 0x7fa496287a90>,<function <lambda> at 0x7fa496287b30>
30324,2023-06-17 11:00:00,<function <lambda> at 0x7fa4962879f0>,<function <lambda> at 0x7fa496287a90>,<function <lambda> at 0x7fa496287b30>
30325,2023-06-17 12:00:00,<function <lambda> at 0x7fa4962879f0>,<function <lambda> at 0x7fa496287a90>,<function <lambda> at 0x7fa496287b30>
30326,2023-06-17 13:00:00,<function <lambda> at 0x7fa4962879f0>,<function <lambda> at 0x7fa496287a90>,<function <lambda> at 0x7fa496287b30>
30327,2023-06-17 14:00:00,<function <lambda> at 0x7fa4962879f0>,<function <lambda> at 0x7fa496287a90>,<function <lambda> at 0x7fa496287b30>
30328,2023-06-17 15:00:00,<function <lambda> at 0x7fa4962879f0>,<function <lambda> at 0x7fa496287a90>,<function <lambda> at 0x7fa496287b30>
30329,2023-06-17 16:00:00,<function <lambda> at 0x7fa4962879f0>,<function <lambda> at 0x7fa496287a90>,<function <lambda> at 0x7fa496287b30>
30330,2023-06-17 17:00:00,<function <lambda> at 0x7fa4962879f0>,<function <lambda> at 0x7fa496287a90>,<function <lambda> at 0x7fa496287b30>
30331,2023-06-17 18:00:00,<function <lambda> at 0x7fa4962879f0>,<function <lambda> at 0x7fa496287a90>,<function <lambda> at 0x7fa496287b30>
30332,2023-06-17 19:00:00,<function <lambda> at 0x7fa4962879f0>,<function <lambda> at 0x7fa496287a90>,<function <lambda> at 0x7fa496287b30>
30333,2023-06-17 20:00:00,<function <lambda> at 0x7fa4962879f0>,<function <lambda> at 0x7fa496287a90>,<function <lambda> at 0x7fa496287b30>
30334,2023-06-17 21:00:00,<function <lambda> at 0x7fa4962879f0>,<function <lambda> at 0x7fa496287a90>,<function <lambda> at 0x7fa496287b30>
30335,2023-06-17 22:00:00,<function <lambda> at 0x7fa4962879f0>,<function <lambda> at 0x7fa496287a90>,<function <lambda> at 0x7fa496287b30>
30336,2023-06-17 23:00:00,<function <lambda> at 0x7fa4962879f0>,<function <lambda> at 0x7fa496287a90>,<function <lambda> at 0x7fa496287b30>
30337,2023-06-18 00:00:00,<function <lambda> at 0x7fa4962879f0>,<function <lambda> at 0x7fa496287a90>,<function <lambda> at 0x7fa496287b30>
30338,2023-06-18 01:00:00,<function <lambda> at 0x7fa4962879f0>,<function <lambda> at 0x7fa496287a90>,<function <lambda> at 0x7fa496287b30>
30339,2023-06-18 02:00:00,<function <lambda> at 0x7fa4962879f0>,<function <lambda> at 0x7fa496287a90>,<function <lambda> at 0x7fa496287b30>
30340,2023-06-18 03:00:00,<function <lambda> at 0x7fa4962879f0>,<function <lambda> at 0x7fa496287a90>,<function <lambda> at 0x7fa496287b30>
30341,2023-06-18 04:00:00,<function <lambda> at 0x7fa4962879f0>,<function <lambda> at 0x7fa496287a90>,<function <lambda> at 0x7fa496287b30>
30342,2023-06-18 05:00:00,<function <lambda> at 0x7fa4962879f0>,<function <lambda> at 0x7fa496287a90>,<function <lambda> at 0x7fa496287b30>
30343,2023-06-18 06:00:00,<function <lambda> at 0x7fa4962879f0>,<function <lambda> at 0x7fa496287a90>,<function <lambda> at 0x7fa496287b30>
30344,2023-06-18 07:00:00,<function <lambda> at 0x7fa4962879f0>,<function <lambda> at 0x7fa496287a90>,<function <lambda> at 0x7fa496287b30>
30345,2023-06-18 08:00:00,<function <lambda> at 0x7fa4962879f0>,<function <lambda> at 0x7fa496287a90>,<function <lambda> at 0x7fa496287b30>
30346,2023-06-18 09:00:00,<function <lambda> at 0x7fa4962879f0>,<function <lambda> at 0x7fa496287a90>,<function <lambda> at 0x7fa496287b30>
30347,2023-06-18 10:00:00,<function <lambda> at 0x7fa4962879f0>,<function <lambda> at 0x7fa496287a90>,<function <lambda> at 0x7fa496287b30>
30348,2023-06-18 11:00:00,<function <lambda> at 0x7fa4962879f0>,<function <lambda> at 0x7fa496287a90>,<function <lambda> at 0x7fa496287b30>
30349,2023-06-18 12:00:00,<function <lambda> at 0x7fa4962879f0>,<function <lambda> at 0x7fa496287a90>,<function <lambda> at 0x7fa496287b30>
30350,2023-06-18 13:00:00,<function <lambda> at 0x7fa4962879f0>,<function <lambda> at 0x7fa496287a90>,<function <lambda> at 0x7fa496287b30>
30351,2023-06-18 14:00:00,<function <lambda> at 0x7fa4962879f0>,<function <lambda> at 0x7fa496287a90>,<function <lambda> at 0x7fa496287b30>
30352,2023-06-18 15:00:00,<function <lambda> at 0x7fa4962879f0>,<function <lambda> at 0x7fa496287a90>,<function <lambda> at 0x7fa496287b30>
30353,2023-06-18 16:00:00,<function <lambda> at 0x7fa4962879f0>,<function <lambda> at 0x7fa496287a90>,<function <lambda> at 0x7fa496287b30>
30354,2023-06-18 17:00:00,<function <lambda> at 0x7fa4962879f0>,<function <lambda> at 0x7fa496287a90>,<function <lambda> at 0x7fa496287b30>
30355,2023-06-18 18:00:00,<function <lambda> at 0x7fa4962879f0>,<function <lambda> at 0x7fa496287a90>,<function <lambda> at 0x7fa496287b30>
30356,2023-06-18 19:00:00,<function <lambda> at 0x7fa4962879f0>,<function <lambda> at 0x7fa496287a90>,<function <lambda> at 0x7fa496287b30>
30357,2023-06-18 20:00:00,<function <lambda> at 0x7fa4962879f0>,<function <lambda> at 0x7fa496287a90>,<function <lambda> at 0x7fa496287b30>
30358,2023-06-18 21:00:00,<function <lambda> at 0x7fa4962879f0>,<function <lambda> at 0x7fa496287a90>,<function <lambda> at 0x7fa496287b30>
30359,2023-06-18 22:00:00,<function <lambda> at 0x7fa4962879f0>,<function <lambda> at 0x7fa496287a90>,<function <lambda> at 0x7fa496287b30>
30360,2023-06-18 23:00:00,<function <lambda> at 0x7fa4962879f0>,<function <lambda> at 0x7fa496287a90>,<function <lambda> at 0x7fa496287b30>
30361,2023-06-19 00:00:00,<function <lambda> at 0x7fa4962879f0>,<function <lambda> at 0x7fa496287a90>,<function <lambda> at 0x7fa496287b30>
30362,2023-06-19 01:00:00,<function <lambda> at 0x7fa4962879f0>,<function <lambda> at 0x7fa496287a90>,<function <lambda> at 0x7fa496287b30>
30363,2023-06-19 02:00:00,<function <lambda> at 0x7fa4962879f0>,<function <lambda> at 0x7fa496287a90>,<function <lambda> at 0x7fa496287b30>
30364,2023-06-19 03:00:00,<function <lambda> at 0x7fa4962879f0>,<function <lambda> at 0x7fa496287a90>,<function <lambda> at 0x7fa496287b30>
30365,2023-06-19 04:00:00,<function <lambda> at 0x7fa4962879f0>,<function <lambda> at 0x7fa496287a90>,<function <lambda> at 0x7fa496287b30>
30366,2023-06-19 05:00:00,<function <lambda> at 0x7fa4962879f0>,<function <lambda> at 0x7fa496287a90>,<function <lambda> at 0x7fa496287b30>
30367,2023-06-19 06:00:00,<function <lambda> at 0x7fa4962879f0>,<function <lambda> at 0x7fa496287a90>,<function <lambda> at 0x7fa496287b30>
30368,2023-06-19 07:00:00,<function <lambda> at 0x7fa4962879f0>,<function <lambda> at 0x7fa496287a90>,<function <lambda> at 0x7fa496287b30>
30369,2023-06-19 08:00:00,<function <lambda> at 0x7fa4962879f0>,<function <lambda> at 0x7fa496287a90>,<function <lambda> at 0x7fa496287b30>
30370,2023-06-19 09:00:00,<function <lambda> at 0x7fa4962879f0>,<function <lambda> at 0x7fa496287a90>,<function <lambda> at 0x7fa496287b30>
30371,2023-06-19 10:00:00,<function <lambda> at 0x7fa4962879f0>,<function <lambda> at 0x7fa496287a90>,<function <lambda> at 0x7fa496287b30>
30372,2023-06-19 11:00:00,<function <lambda> at 0x7fa4962879f0>,<function <lambda> at 0x7fa496287a90>,<function <lambda> at 0x7fa496287b30>
30373,2023-06-19 12:00:00,<function <lambda> at 0x7fa4962879f0>,<function <lambda> at 0x7fa496287a90>,<function <lambda> at 0x7fa496287b30>
30374,2023-06-19 13:00:00,<function <lambda> at 0x7fa4962879f0>,<function <lambda> at 0x7fa496287a90>,<function <lambda> at 0x7fa496287b30>
30375,2023-06-19 14:00:00,<function <lambda> at 0x7fa4962879f0>,<function <lambda> at 0x7fa496287a90>,<function <lambda> at 0x7fa496287b30>
30376,2023-06-19 15:00:00,<function <lambda> at 0x7fa4962879f0>,<function <lambda> at 0x7fa496287a90>,<function <lambda> at 0x7fa496287b30>
30377,2023-06-19 16:00:00,<function <lambda> at 0x7fa4962879f0>,<function <lambda> at 0x7fa496287a90>,<function <lambda> at 0x7fa496287b30>
30378,2023-06-19 17:00:00,<function <lambda> at 0x7fa4962879f0>,<function <lambda> at 0x7fa496287a90>,<function <lambda> at 0x7fa496287b30>
30379,2023-06-19 18:00:00,<function <lambda> at 0x7fa4962879f0>,<function <lambda> at 0x7fa496287a90>,<function <lambda> at 0x7fa496287b30>
30380,2023-06-19 19:00:00,<function <lambda> at 0x7fa4962879f0>,<function <lambda> at 0x7fa496287a90>,<function <lambda> at 0x7fa496287b30>
30381,2023-06-19 20:00:00,<function <lambda> at 0x7fa4962879f0>,<function <lambda> at 0x7fa496287a90>,<function <lambda> at 0x7fa496287b30>
30382,2023-06-19 21:00:00,<function <lambda> at 0x7fa4962879f0>,<function <lambda> at 0x7fa496287a90>,<function <lambda> at 0x7fa496287b30>
30383,2023-06-19 22:00:00,<function <lambda> at 0x7fa4962879f0>,<function <lambda> at 0x7fa496287a90>,<function <lambda> at 0x7fa496287b30>
30384,2023-06-19 23:00:00,<function <lambda> at 0x7fa4962879f0>,<function <lambda> at 0x7fa496287a90>,<function <lambda> at 0x7fa496287b30>
30385,2023-06-20 00:00:00,<function <lambda> at 0x7fa4962879f0>,<function <lambda> at 0x7fa496287a90>,<function <lambda> at 0x7fa496287b30>
30386,2023-06-20 01:00:00,<function <lambda> at 0x7fa4962879f0>,<function <lambda> at 0x7fa496287a90>,<function <lambda> at 0x7fa496287b30>
30387,2023-06-20 02:00:00,<function <lambda> at 0x7fa4962879f0>,<function <lambda> at 0x7fa496287a90>,<function <lambda> at 0x7fa496287b30>
30388,2023-06-20 03:00:00,<function <lambda> at 0x7fa4962879f0>,<function <lambda> at 0x7fa496287a90>,<function <lambda> at 0x7fa496287b30>
30389,2023-06-20 04:00:00,<function <lambda> at 0x7fa4962879f0>,<function <lambda> at 0x7fa496287a90>,<function <lambda> at 0x7fa496287b30>
30390,2023-06-20 05:00:00,<function <lambda> at 0x7fa4962879f0>,<function <lambda> at 0x7fa496287a90>,<function <lambda> at 0x7fa496287b30>
30391,2023-06-20 06:00:00,<function <lambda> at 0x7fa4962879f0>,<function <lambda> at 0x7fa496287a90>,<function <lambda> at 0x7fa496287b30>
30392,2023-06-20 07:00:00,<function <lambda> at 0x7fa4962879f0>,<function <lambda> at 0x7fa496287a90>,<function <lambda> at 0x7fa496287b30>
30393,2023-06-20 08:00:00,<function <lambda> at 0x7fa4962879f0>,<function <lambda> at 0x7fa496287a90>,<function <lambda> at 0x7fa496287b30>
30394,2023-06-20 09:00:00,<function <lambda> at 0x7fa4962879f0>,<function <lambda> at 0x7fa496287a90>,<function <lambda> at 0x7fa496287b30>
30395,2023-06-20 10:00:00,<function <lambda> at 0x7fa4962879f0>,<function <lambda> at 0x7fa496287a90>,<function <lambda> at 0x7fa496287b30>
30396,2023-06-20 11:00:00,<function <lambda> at 0x7fa4962879f0>,<function <lambda> at 0x7fa496287a90>,<function <lambda> at 0x7fa496287b30>
30397,2023-06-20 12:00:00,<function <lambda> at 0x7fa4962879f0>,<function <lambda> at 0x7fa496287a90>,<function <lambda> at 0x7fa496287b30>
30398,2023-06-20 13:00:00,<function <lambda> at 0x7fa4962879f0>,<function <lambda> at 0x7fa496287a90>,<function <lambda> at 0x7fa496287b30>
30399,2023-06-20 14:00:00,<function <lambda> at 0x7fa4962879f0>,<function <lambda> at 0x7fa496287a90>,<function <lambda> at 0x7fa496287b30>
30400,2023-06-20 15:00:00,<function <lambda> at 0x7fa4962879f0>,<function <lambda> at 0x7fa496287a90>,<function <lambda> at 0x7fa496287b30>
30401,2023-06-20 16:00:00,<function <lambda> at 0x7fa4962879f0>,<function <lambda> at 0x7fa496287a90>,<function <lambda> at 0x7fa496287b30>
30402,2023-06-20 17:00:00,<function <lambda> at 0x7fa4962879f0>,<function <lambda> at 0x7fa496287a90>,<function <lambda> at 0x7fa496287b30>
30403,2023-06-20 18:00:00,<function <lambda> at 0x7fa4962879f0>,<function <lambda> at 0x7fa496287a90>,<function <lambda> at 0x7fa496287b30>
30404,2023-06-20 19:00:00,<function <lambda> at 0x7fa4962879f0>,<function <lambda> at 0x7fa496287a90>,<function <lambda> at 0x7fa496287b30>
30405,2023-06-20 20:00:00,<function <lambda> at 0x7fa4962879f0>,<function <lambda> at 0x7fa496287a90>,<function <lambda> at 0x7fa496287b30>
30406,2023-06-20 21:00:00,<function <lambda> at 0x7fa4962879f0>,<function <lambda> at 0x7fa496287a90>,<function <lambda> at 0x7fa496287b30>
30407,2023-06-20 22:00:00,<function <lambda> at 0x7fa4962879f0>,<function <lambda> at 0x7fa496287a90>,<function <lambda> at 0x7fa496287b30>
30408,2023-06-20 23:00:00,<function <lambda> at 0x7fa4962879f0>,<function <lambda> at 0x7fa496287a90>,<function <lambda> at 0x7fa496287b30>
30409,2023-06-21 00:00:00,<function <lambda> at 0x7fa4962879f0>,<function <lambda> at 0x7fa496287a90>,<function <lambda> at 0x7fa496287b30>
30410,2023-06-21 01:00:00,<function <lambda> at 0x7fa4962879f0>,<function <lambda> at 0x7fa496287a90>,<function <lambda> at 0x7fa496287b30>
30411,2023-06-21 02:00:00,<function <lambda> at 0x7fa4962879f0>,<function <lambda> at 0x7fa496287a90>,<function <lambda> at 0x7fa496287b30>
30412,2023-06-21 03:00:00,<function <lambda> at 0x7fa4962879f0>,<function <lambda> at 0x7fa496287a90>,<function <lambda> at 0x7fa496287b30>
30413,2023-06-21 04:00:00,<function <lambda> at 0x7fa4962879f0>,<function <lambda> at 0x7fa496287a90>,<function <lambda> at 0x7fa496287b30>
30414,2023-06-21 05:00:00,<function <lambda> at 0x7fa4962879f0>,<function <lambda> at 0x7fa496287a90>,<function <lambda> at 0x7fa496287b30>
30415,2023-06-21 06:00:00,<function <lambda> at 0x7fa4962879f0>,<function <lambda> at 0x7fa496287a90>,<function <lambda> at 0x7fa496287b30>
30416,2023-06-21 07:00:00,<function <lambda> at 0x7fa4962879f0>,<function <lambda> at 0x7fa496287a90>,<function <lambda> at 0x7fa496287b30>
30417,2023-06-21 08:00:00,<function <lambda> at 0x7fa4962879f0>,<function <lambda> at 0x7fa496287a90>,<function <lambda> at 0x7fa496287b30>
30418,2023-06-21 09:00:00,<function <lambda> at 0x7fa4962879f0>,<function <lambda> at 0x7fa496287a90>,<function <lambda> at 0x7fa496287b30>
30419,2023-06-21 10:00:00,<function <lambda> at 0x7fa4962879f0>,<function <lambda> at 0x7fa496287a90>,<function <lambda> at 0x7fa496287b30>
30420,2023-06-21 11:00:00,<function <lambda> at 0x7fa4962879f0>,<function <lambda> at 0x7fa496287a90>,<function <lambda> at 0x7fa496287b30>
30421,2023-06-21 12:00:00,<function <lambda> at 0x7fa4962879f0>,<function <lambda> at 0x7fa496287a90>,<function <lambda> at 0x7fa496287b30>
30422,2023-06-21 13:00:00,<function <lambda> at 0x7fa4962879f0>,<function <lambda> at 0x7fa496287a90>,<function <lambda> at 0x7fa496287b30>
30423,2023-06-21 14:00:00,<function <lambda> at 0x7fa4962879f0>,<function <lambda> at 0x7fa496287a90>,<function <lambda> at 0x7fa496287b30>
30424,2023-06-21 15:00:00,<function <lambda> at 0x7fa4962879f0>,<function <lambda> at 0x7fa496287a90>,<function <lambda> at 0x7fa496287b30>
30425,2023-06-21 16:00:00,<function <lambda> at 0x7fa4962879f0>,<function <lambda> at 0x7fa496287a90>,<function <lambda> at 0x7fa496287b30>
30426,2023-06-21 17:00:00,<function <lambda> at 0x7fa4962879f0>,<function <lambda> at 0x7fa496287a90>,<function <lambda> at 0x7fa496287b30>
30427,2023-06-21 18:00:00,<function <lambda> at 0x7fa4962879f0>,<function <lambda> at 0x7fa496287a90>,<function <lambda> at 0x7fa496287b30>
30428,2023-06-21 19:00:00,<function <lambda> at 0x7fa4962879f0>,<function <lambda> at 0x7fa496287a90>,<function <lambda> at 0x7fa496287b30>
30429,2023-06-21 20:00:00,<function <lambda> at 0x7fa4962879f0>,<function <lambda> at 0x7fa496287a90>,<function <lambda> at 0x7fa496287b30>
30430,2023-06-21 21:00:00,<function <lambda> at 0x7fa4962879f0>,<function <lambda> at 0x7fa496287a90>,<function <lambda> at 0x7fa496287b30>
30431,2023-06-21 22:00:00,<function <lambda> at 0x7fa4962879f0>,<function <lambda> at 0x7fa496287a90>,<function <lambda> at 0x7fa496287b30>
30432,2023-06-21 23:00:00,<function <lambda> at 0x7fa4962879f0>,<function <lambda> at 0x7fa496287a90>,<function <lambda> at 0x7fa496287b30>
30433,2023-06-22 00:00:00,<function <lambda> at 0x7fa4962879f0>,<function <lambda> at 0x7fa496287a90>,<function <lambda> at 0x7fa496287b30>
30434,2023-06-22 01:00:00,<function <lambda> at 0x7fa4962879f0>,<function <lambda> at 0x7fa496287a90>,<function <lambda> at 0x7fa496287b30>
30435,2023-06-22 02:00:00,<function <lambda> at 0x7fa4962879f0>,<function <lambda> at 0x7fa496287a90>,<function <lambda> at 0x7fa496287b30>
30436,2023-06-22 03:00:00,<function <lambda> at 0x7fa4962879f0>,<function <lambda> at 0x7fa496287a90>,<function <lambda> at 0x7fa496287b30>
30437,2023-06-22 04:00:00,<function <lambda> at 0x7fa4962879f0>,<function <lambda> at 0x7fa496287a90>,<function <lambda> at 0x7fa496287b30>
30438,2023-06-22 05:00:00,<function <lambda> at 0x7fa4962879f0>,<function <lambda> at 0x7fa496287a90>,<function <lambda> at 0x7fa496287b30>
30439,2023-06-22 06:00:00,<function <lambda> at 0x7fa4962879f0>,<function <lambda> at 0x7fa496287a90>,<function <lambda> at 0x7fa496287b30>
30440,2023-06-22 07:00:00,<function <lambda> at 0x7fa4962879f0>,<function <lambda> at 0x7fa496287a90>,<function <lambda> at 0x7fa496287b30>
30441,2023-06-22 08:00:00,<function <lambda> at 0x7fa4962879f0>,<function <lambda> at 0x7fa496287a90>,<function <lambda> at 0x7fa496287b30>
30442,2023-06-22 09:00:00,<function <lambda> at 0x7fa4962879f0>,<function <lambda> at 0x7fa496287a90>,<function <lambda> at 0x7fa496287b30>
30443,2023-06-22 10:00:00,<function <lambda> at 0x7fa4962879f0>,<function <lambda> at 0x7fa496287a90>,<function <lambda> at 0x7fa496287b30>
30444,2023-06-22 11:00:00,<function <lambda> at 0x7fa4962879f0>,<function <lambda> at 0x7fa496287a90>,<function <lambda> at 0x7fa496287b30>
30445,2023-06-22 12:00:00,<function <lambda> at 0x7fa4962879f0>,<function <lambda> at 0x7fa496287a90>,<function <lambda> at 0x7fa496287b30>
30446,2023-06-22 13:00:00,<function <lambda> at 0x7fa4962879f0>,<function <lambda> at 0x7fa496287a90>,<function <lambda> at 0x7fa496287b30>
30447,2023-06-22 14:00:00,<function <lambda> at 0x7fa4962879f0>,<function <lambda> at 0x7fa496287a90>,<function <lambda> at 0x7fa496287b30>
30448,2023-06-22 15:00:00,<function <lambda> at 0x7fa4962879f0>,<function <lambda> at 0x7fa496287a90>,<function <lambda> at 0x7fa496287b30>
30449,2023-06-22 16:00:00,<function <lambda> at 0x7fa4962879f0>,<function <lambda> at 0x7fa496287a90>,<function <lambda> at 0x7fa496287b30>
30450,2023-06-22 17:00:00,<function <lambda> at 0x7fa4962879f0>,<function <lambda> at 0x7fa496287a90>,<function <lambda> at 0x7fa496287b30>
30451,2023-06-22 18:00:00,<function <lambda> at 0x7fa4962879f0>,<function <lambda> at 0x7fa496287a90>,<function <lambda> at 0x7fa496287b30>
30452,2023-06-22 19:00:00,<function <lambda> at 0x7fa4962879f0>,<function <lambda> at 0x7fa496287a90>,<function <lambda> at 0x7fa496287b30>
30453,2023-06-22 20:00:00,<function <lambda> at 0x7fa4962879f0>,<function <lambda> at 0x7fa496287a90>,<function <lambda> at 0x7fa496287b30>
30454,2023-06-22 21:00:00,<function <lambda> at 0x7fa4962879f0>,<function <lambda> at 0x7fa496287a90>,<function <lambda> at 0x7fa496287b30>
30455,2023-06-22 22:00:00,<function <lambda> at 0x7fa4962879f0>,<function <lambda> at 0x7fa496287a90>,<function <lambda> at 0x7fa496287b30>
30456,2023-06-22 23:00:00,<function <lambda> at 0x7fa4962879f0>,<function <lambda> at 0x7fa496287a90>,<function <lambda> at 0x7fa496287b30>
30457,2023-06-23 00:00:00,<function <lambda> at 0x7fa4962879f0>,<function <lambda> at 0x7fa496287a90>,<function <lambda> at 0x7fa496287b30>
30458,2023-06-23 01:00:00,<function <lambda> at 0x7fa4962879f0>,<function <lambda> at 0x7fa496287a90>,<function <lambda> at 0x7fa496287b30>
30459,2023-06-23 02:00:00,<function <lambda> at 0x7fa4962879f0>,<function <lambda> at 0x7fa496287a90>,<function <lambda> at 0x7fa496287b30>
30460,2023-06-23 03:00:00,<function <lambda> at 0x7fa4962879f0>,<function <lambda> at 0x7fa496287a90>,<function <lambda> at 0x7fa496287b30>
30461,2023-06-23 04:00:00,<function <lambda> at 0x7fa4962879f0>,<function <lambda> at 0x7fa496287a90>,<function <lambda> at 0x7fa496287b30>
30462,2023-06-23 05:00:00,<function <lambda> at 0x7fa4962879f0>,<function <lambda> at 0x7fa496287a90>,<function <lambda> at 0x7fa496287b30>
30463,2023-06-23 06:00:00,<function <lambda> at 0x7fa4962879f0>,<function <lambda> at 0x7fa496287a90>,<function <lambda> at 0x7fa496287b30>
30464,2023-06-23 07:00:00,<function <lambda> at 0x7fa4962879f0>,<function <lambda> at 0x7fa496287a90>,<function <lambda> at 0x7fa496287b30>
30465,2023-06-23 08:00:00,<function <lambda> at 0x7fa4962879f0>,<function <lambda> at 0x7fa496287a90>,<function <lambda> at 0x7fa496287b30>
30466,2023-06-23 09:00:00,<function <lambda> at 0x7fa4962879f0>,<function <lambda> at 0x7fa496287a90>,<function <lambda> at 0x7fa496287b30>
30467,2023-06-23 10:00:00,<function <lambda> at 0x7fa4962879f0>,<function <lambda> at 0x7fa496287a90>,<function <lambda> at 0x7fa496287b30>
30468,2023-06-23 11:00:00,<function <lambda> at 0x7fa4962879f0>,<function <lambda> at 0x7fa496287a90>,<function <lambda> at 0x7fa496287b30>
30469,2023-06-23 12:00:00,<function <lambda> at 0x7fa4962879f0>,<function <lambda> at 0x7fa496287a90>,<function <lambda> at 0x7fa496287b30>
30470,2023-06-23 13:00:00,<function <lambda> at 0x7fa4962879f0>,<function <lambda> at 0x7fa496287a90>,<function <lambda> at 0x7fa496287b30>
30471,2023-06-23 14:00:00,<function <lambda> at 0x7fa4962879f0>,<function <lambda> at 0x7fa496287a90>,<function <lambda> at 0x7fa496287b30>
30472,2023-06-23 15:00:00,<function <lambda> at 0x7fa4962879f0>,<function <lambda> at 0x7fa496287a90>,<function <lambda> at 0x7fa496287b30>
30473,2023-06-23 16:00:00,<function <lambda> at 0x7fa4962879f0>,<function <lambda> at 0x7fa496287a90>,<function <lambda> at 0x7fa496287b30>
30474,2023-06-23 17:00:00,<function <lambda> at 0x7fa4962879f0>,<function <lambda> at 0x7fa496287a90>,<function <lambda> at 0x7fa496287b30>
30475,2023-06-23 18:00:00,<function <lambda> at 0x7fa4962879f0>,<function <lambda> at 0x7fa496287a90>,<function <lambda> at 0x7fa496287b30>
30476,2023-06-23 19:00:00,<function <lambda> at 0x7fa4962879f0>,<function <lambda> at 0x7fa496287a90>,<function <lambda> at 0x7fa496287b30>
30477,2023-06-23 20:00:00,<function <lambda> at 0x7fa4962879f0>,<function <lambda> at 0x7fa496287a90>,<function <lambda> at 0x7fa496287b30>
30478,2023-06-23 21:00:00,<function <lambda> at 0x7fa4962879f0>,<function <lambda> at 0x7fa496287a90>,<function <lambda> at 0x7fa496287b30>
30479,2023-06-23 22:00:00,<function <lambda> at 0x7fa4962879f0>,<function <lambda> at 0x7fa496287a90>,<function <lambda> at 0x7fa496287b30>
30480,2023-06-23 23:00:00,<function <lambda> at 0x7fa4962879f0>,<function <lambda> at 0x7fa496287a90>,<function <lambda> at 0x7fa496287b30>
30481,2023-06-24 00:00:00,<function <lambda> at 0x7fa4962879f0>,<function <lambda> at 0x7fa496287a90>,<function <lambda> at 0x7fa496287b30>
30482,2023-06-24 01:00:00,<function <lambda> at 0x7fa4962879f0>,<function <lambda> at 0x7fa496287a90>,<function <lambda> at 0x7fa496287b30>
30483,2023-06-24 02:00:00,<function <lambda> at 0x7fa4962879f0>,<function <lambda> at 0x7fa496287a90>,<function <lambda> at 0x7fa496287b30>
30484,2023-06-24 03:00:00,<function <lambda> at 0x7fa4962879f0>,<function <lambda> at 0x7fa496287a90>,<function <lambda> at 0x7fa496287b30>
30485,2023-06-24 04:00:00,<function <lambda> at 0x7fa4962879f0>,<function <lambda> at 0x7fa496287a90>,<function <lambda> at 0x7fa496287b30>
30486,2023-06-24 05:00:00,<function <lambda> at 0x7fa4962879f0>,<function <lambda> at 0x7fa496287a90>,<function <lambda> at 0x7fa496287b30>
30487,2023-06-24 06:00:00,<function <lambda> at 0x7fa4962879f0>,<function <lambda> at 0x7fa496287a90>,<function <lambda> at 0x7fa496287b30>
30488,2023-06-24 07:00:00,<function <lambda> at 0x7fa4962879f0>,<function <lambda> at 0x7fa496287a90>,<function <lambda> at 0x7fa496287b30>
30489,2023-06-24 08:00:00,<function <lambda> at 0x7fa4962879f0>,<function <lambda> at 0x7fa496287a90>,<function <lambda> at 0x7fa496287b30>
30490,2023-06-24 09:00:00,<function <lambda> at 0x7fa4962879f0>,<function <lambda> at 0x7fa496287a90>,<function <lambda> at 0x7fa496287b30>
30491,2023-06-24 10:00:00,<function <lambda> at 0x7fa4962879f0>,<function <lambda> at 0x7fa496287a90>,<function <lambda> at 0x7fa496287b30>
30492,2023-06-24 11:00:00,<function <lambda> at 0x7fa4962879f0>,<function <lambda> at 0x7fa496287a90>,<function <lambda> at 0x7fa496287b30>
30493,2023-06-24 12:00:00,<function <lambda> at 0x7fa4962879f0>,<function <lambda> at 0x7fa496287a90>,<function <lambda> at 0x7fa496287b30>
30494,2023-06-24 13:00:00,<function <lambda> at 0x7fa4962879f0>,<function <lambda> at 0x7fa496287a90>,<function <lambda> at 0x7fa496287b30>
30495,2023-06-24 14:00:00,<function <lambda> at 0x7fa4962879f0>,<function <lambda> at 0x7fa496287a90>,<function <lambda> at 0x7fa496287b30>
30496,2023-06-24 15:00:00,<function <lambda> at 0x7fa4962879f0>,<function <lambda> at 0x7fa496287a90>,<function <lambda> at 0x7fa496287b30>
30497,2023-06-24 16:00:00,<function <lambda> at 0x7fa4962879f0>,<function <lambda> at 0x7fa496287a90>,<function <lambda> at 0x7fa496287b30>
30498,2023-06-24 17:00:00,<function <lambda> at 0x7fa4962879f0>,<function <lambda> at 0x7fa496287a90>,<function <lambda> at 0x7fa496287b30>
30499,2023-06-24 18:00:00,<function <lambda> at 0x7fa4962879f0>,<function <lambda> at 0x7fa496287a90>,<function <lambda> at 0x7fa496287b30>
30500,2023-06-24 19:00:00,<function <lambda> at 0x7fa4962879f0>,<function <lambda> at 0x7fa496287a90>,<function <lambda> at 0x7fa496287b30>
30501,2023-06-24 20:00:00,<function <lambda> at 0x7fa4962879f0>,<function <lambda> at 0x7fa496287a90>,<function <lambda> at 0x7fa496287b30>
30502,2023-06-24 21:00:00,<function <lambda> at 0x7fa4962879f0>,<function <lambda> at 0x7fa496287a90>,<function <lambda> at 0x7fa496287b30>
30503,2023-06-24 22:00:00,<function <lambda> at 0x7fa4962879f0>,<function <lambda> at 0x7fa496287a90>,<function <lambda> at 0x7fa496287b30>
30504,2023-06-24 23:00:00,<function <lambda> at 0x7fa4962879f0>,<function <lambda> at 0x7fa496287a90>,<function <lambda> at 0x7fa496287b30>
30505,2023-06-25 00:00:00,<function <lambda> at 0x7fa4962879f0>,<function <lambda> at 0x7fa496287a90>,<function <lambda> at 0x7fa496287b30>
30506,2023-06-25 01:00:00,<function <lambda> at 0x7fa4962879f0>,<function <lambda> at 0x7fa496287a90>,<function <lambda> at 0x7fa496287b30>
30507,2023-06-25 02:00:00,<function <lambda> at 0x7fa4962879f0>,<function <lambda> at 0x7fa496287a90>,<function <lambda> at 0x7fa496287b30>
30508,2023-06-25 03:00:00,<function <lambda> at 0x7fa4962879f0>,<function <lambda> at 0x7fa496287a90>,<function <lambda> at 0x7fa496287b30>
30509,2023-06-25 04:00:00,<function <lambda> at 0x7fa4962879f0>,<function <lambda> at 0x7fa496287a90>,<function <lambda> at 0x7fa496287b30>
30510,2023-06-25 05:00:00,<function <lambda> at 0x7fa4962879f0>,<function <lambda> at 0x7fa496287a90>,<function <lambda> at 0x7fa496287b30>
30511,2023-06-25 06:00:00,<function <lambda> at 0x7fa4962879f0>,<function <lambda> at 0x7fa496287a90>,<function <lambda> at 0x7fa496287b30>
30512,2023-06-25 07:00:00,<function <lambda> at 0x7fa4962879f0>,<function <lambda> at 0x7fa496287a90>,<function <lambda> at 0x7fa496287b30>
30513,2023-06-25 08:00:00,<function <lambda> at 0x7fa4962879f0>,<function <lambda> at 0x7fa496287a90>,<function <lambda> at 0x7fa496287b30>
30514,2023-06-25 09:00:00,<function <lambda> at 0x7fa4962879f0>,<function <lambda> at 0x7fa496287a90>,<function <lambda> at 0x7fa496287b30>
30515,2023-06-25 10:00:00,<function <lambda> at 0x7fa4962879f0>,<function <lambda> at 0x7fa496287a90>,<function <lambda> at 0x7fa496287b30>
30516,2023-06-25 11:00:00,<function <lambda> at 0x7fa4962879f0>,<function <lambda> at 0x7fa496287a90>,<function <lambda> at 0x7fa496287b30>
30517,2023-06-25 12:00:00,<function <lambda> at 0x7fa4962879f0>,<function <lambda> at 0x7fa496287a90>,<function <lambda> at 0x7fa496287b30>
30518,2023-06-25 13:00:00,<function <lambda> at 0x7fa4962879f0>,<function <lambda> at 0x7fa496287a90>,<function <lambda> at 0x7fa496287b30>
30519,2023-06-25 14:00:00,<function <lambda> at 0x7fa4962879f0>,<function <lambda> at 0x7fa496287a90>,<function <lambda> at 0x7fa496287b30>
30520,2023-06-25 15:00:00,<function <lambda> at 0x7fa4962879f0>,<function <lambda> at 0x7fa496287a90>,<function <lambda> at 0x7fa496287b30>
30521,2023-06-25 16:00:00,<function <lambda> at 0x7fa4962879f0>,<function <lambda> at 0x7fa496287a90>,<function <lambda> at 0x7fa496287b30>
30522,2023-06-25 17:00:00,<function <lambda> at 0x7fa4962879f0>,<function <lambda> at 0x7fa496287a90>,<function <lambda> at 0x7fa496287b30>
30523,2023-06-25 18:00:00,<function <lambda> at 0x7fa4962879f0>,<function <lambda> at 0x7fa496287a90>,<function <lambda> at 0x7fa496287b30>
30524,2023-06-25 19:00:00,<function <lambda> at 0x7fa4962879f0>,<function <lambda> at 0x7fa496287a90>,<function <lambda> at 0x7fa496287b30>
30525,2023-06-25 20:00:00,<function <lambda> at 0x7fa4962879f0>,<function <lambda> at 0x7fa496287a90>,<function <lambda> at 0x7fa496287b30>
30526,2023-06-25 21:00:00,<function <lambda> at 0x7fa4962879f0>,<function <lambda> at 0x7fa496287a90>,<function <lambda> at 0x7fa496287b30>
30527,2023-06-25 22:00:00,<function <lambda> at 0x7fa4962879f0>,<function <lambda> at 0x7fa496287a90>,<function <lambda> at 0x7fa496287b30>
30528,2023-06-25 23:00:00,<function <lambda> at 0x7fa4962879f0>,<function <lambda> at 0x7fa496287a90>,<function <lambda> at 0x7fa496287b30>
30529,2023-06-26 00:00:00,<function <lambda> at 0x7fa4962879f0>,<function <lambda> at 0x7fa496287a90>,<function <lambda> at 0x7fa496287b30>
30530,2023-06-26 01:00:00,<function <lambda> at 0x7fa4962879f0>,<function <lambda> at 0x7fa496287a90>,<function <lambda> at 0x7fa496287b30>
30531,2023-06-26 02:00:00,<function <lambda> at 0x7fa4962879f0>,<function <lambda> at 0x7fa496287a90>,<function <lambda> at 0x7fa496287b30>
30532,2023-06-26 03:00:00,<function <lambda> at 0x7fa4962879f0>,<function <lambda> at 0x7fa496287a90>,<function <lambda> at 0x7fa496287b30>
30533,2023-06-26 04:00:00,<function <lambda> at 0x7fa4962879f0>,<function <lambda> at 0x7fa496287a90>,<function <lambda> at 0x7fa496287b30>
30534,2023-06-26 05:00:00,<function <lambda> at 0x7fa4962879f0>,<function <lambda> at 0x7fa496287a90>,<function <lambda> at 0x7fa496287b30>
30535,2023-06-26 06:00:00,<function <lambda> at 0x7fa4962879f0>,<function <lambda> at 0x7fa496287a90>,<function <lambda> at 0x7fa496287b30>
30536,2023-06-26 07:00:00,<function <lambda> at 0x7fa4962879f0>,<function <lambda> at 0x7fa496287a90>,<function <lambda> at 0x7fa496287b30>
30537,2023-06-26 08:00:00,<function <lambda> at 0x7fa4962879f0>,<function <lambda> at 0x7fa496287a90>,<function <lambda> at 0x7fa496287b30>
30538,2023-06-26 09:00:00,<function <lambda> at 0x7fa4962879f0>,<function <lambda> at 0x7fa496287a90>,<function <lambda> at 0x7fa496287b30>
30539,2023-06-26 10:00:00,<function <lambda> at 0x7fa4962879f0>,<function <lambda> at 0x7fa496287a90>,<function <lambda> at 0x7fa496287b30>
30540,2023-06-26 11:00:00,<function <lambda> at 0x7fa4962879f0>,<function <lambda> at 0x7fa496287a90>,<function <lambda> at 0x7fa496287b30>
30541,2023-06-26 12:00:00,<function <lambda> at 0x7fa4962879f0>,<function <lambda> at 0x7fa496287a90>,<function <lambda> at 0x7fa496287b30>
30542,2023-06-26 13:00:00,<function <lambda> at 0x7fa4962879f0>,<function <lambda> at 0x7fa496287a90>,<function <lambda> at 0x7fa496287b30>
30543,2023-06-26 14:00:00,<function <lambda> at 0x7fa4962879f0>,<function <lambda> at 0x7fa496287a90>,<function <lambda> at 0x7fa496287b30>
30544,2023-06-26 15:00:00,<function <lambda> at 0x7fa4962879f0>,<function <lambda> at 0x7fa496287a90>,<function <lambda> at 0x7fa496287b30>
30545,2023-06-26 16:00:00,<function <lambda> at 0x7fa4962879f0>,<function <lambda> at 0x7fa496287a90>,<function <lambda> at 0x7fa496287b30>
30546,2023-06-26 17:00:00,<function <lambda> at 0x7fa4962879f0>,<function <lambda> at 0x7fa496287a90>,<function <lambda> at 0x7fa496287b30>
30547,2023-06-26 18:00:00,<function <lambda> at 0x7fa4962879f0>,<function <lambda> at 0x7fa496287a90>,<function <lambda> at 0x7fa496287b30>
30548,2023-06-26 19:00:00,<function <lambda> at 0x7fa4962879f0>,<function <lambda> at 0x7fa496287a90>,<function <lambda> at 0x7fa496287b30>
30549,2023-06-26 20:00:00,<function <lambda> at 0x7fa4962879f0>,<function <lambda> at 0x7fa496287a90>,<function <lambda> at 0x7fa496287b30>
30550,2023-06-26 21:00:00,<function <lambda> at 0x7fa4962879f0>,<function <lambda> at 0x7fa496287a90>,<function <lambda> at 0x7fa496287b30>
30551,2023-06-26 22:00:00,<function <lambda> at 0x7fa4962879f0>,<function <lambda> at 0x7fa496287a90>,<function <lambda> at 0x7fa496287b30>
30552,2023-06-26 23:00:00,<function <lambda> at 0x7fa4962879f0>,<function <lambda> at 0x7fa496287a90>,<function <lambda> at 0x7fa496287b30>
30553,2023-06-27 00:00:00,<function <lambda> at 0x7fa4962879f0>,<function <lambda> at 0x7fa496287a90>,<function <lambda> at 0x7fa496287b30>
30554,2023-06-27 01:00:00,<function <lambda> at 0x7fa4962879f0>,<function <lambda> at 0x7fa496287a90>,<function <lambda> at 0x7fa496287b30>
30555,2023-06-27 02:00:00,<function <lambda> at 0x7fa4962879f0>,<function <lambda> at 0x7fa496287a90>,<function <lambda> at 0x7fa496287b30>
30556,2023-06-27 03:00:00,<function <lambda> at 0x7fa4962879f0>,<function <lambda> at 0x7fa496287a90>,<function <lambda> at 0x7fa496287b30>
30557,2023-06-27 04:00:00,<function <lambda> at 0x7fa4962879f0>,<function <lambda> at 0x7fa496287a90>,<function <lambda> at 0x7fa496287b30>
30558,2023-06-27 05:00:00,<function <lambda> at 0x7fa4962879f0>,<function <lambda> at 0x7fa496287a90>,<function <lambda> at 0x7fa496287b30>
30559,2023-06-27 06:00:00,<function <lambda> at 0x7fa4962879f0>,<function <lambda> at 0x7fa496287a90>,<function <lambda> at 0x7fa496287b30>
30560,2023-06-27 07:00:00,<function <lambda> at 0x7fa4962879f0>,<function <lambda> at 0x7fa496287a90>,<function <lambda> at 0x7fa496287b30>
30561,2023-06-27 08:00:00,<function <lambda> at 0x7fa4962879f0>,<function <lambda> at 0x7fa496287a90>,<function <lambda> at 0x7fa496287b30>
30562,2023-06-27 09:00:00,<function <lambda> at 0x7fa4962879f0>,<function <lambda> at 0x7fa496287a90>,<function <lambda> at 0x7fa496287b30>
30563,2023-06-27 10:00:00,<function <lambda> at 0x7fa4962879f0>,<function <lambda> at 0x7fa496287a90>,<function <lambda> at 0x7fa496287b30>
30564,2023-06-27 11:00:00,<function <lambda> at 0x7fa4962879f0>,<function <lambda> at 0x7fa496287a90>,<function <lambda> at 0x7fa496287b30>
30565,2023-06-27 12:00:00,<function <lambda> at 0x7fa4962879f0>,<function <lambda> at 0x7fa496287a90>,<function <lambda> at 0x7fa496287b30>
30566,2023-06-27 13:00:00,<function <lambda> at 0x7fa4962879f0>,<function <lambda> at 0x7fa496287a90>,<function <lambda> at 0x7fa496287b30>
30567,2023-06-27 14:00:00,<function <lambda> at 0x7fa4962879f0>,<function <lambda> at 0x7fa496287a90>,<function <lambda> at 0x7fa496287b30>
30568,2023-06-27 15:00:00,<function <lambda> at 0x7fa4962879f0>,<function <lambda> at 0x7fa496287a90>,<function <lambda> at 0x7fa496287b30>
30569,2023-06-27 16:00:00,<function <lambda> at 0x7fa4962879f0>,<function <lambda> at 0x7fa496287a90>,<function <lambda> at 0x7fa496287b30>
30570,2023-06-27 17:00:00,<function <lambda> at 0x7fa4962879f0>,<function <lambda> at 0x7fa496287a90>,<function <lambda> at 0x7fa496287b30>
30571,2023-06-27 18:00:00,<function <lambda> at 0x7fa4962879f0>,<function <lambda> at 0x7fa496287a90>,<function <lambda> at 0x7fa496287b30>
30572,2023-06-27 19:00:00,<function <lambda> at 0x7fa4962879f0>,<function <lambda> at 0x7fa496287a90>,<function <lambda> at 0x7fa496287b30>
30573,2023-06-27 20:00:00,<function <lambda> at 0x7fa4962879f0>,<function <lambda> at 0x7fa496287a90>,<function <lambda> at 0x7fa496287b30>
30574,2023-06-27 21:00:00,<function <lambda> at 0x7fa4962879f0>,<function <lambda> at 0x7fa496287a90>,<function <lambda> at 0x7fa496287b30>
30575,2023-06-27 22:00:00,<function <lambda> at 0x7fa4962879f0>,<function <lambda> at 0x7fa496287a90>,<function <lambda> at 0x7fa496287b30>
30576,2023-06-27 23:00:00,<function <lambda> at 0x7fa4962879f0>,<function <lambda> at 0x7fa496287a90>,<function <lambda> at 0x7fa496287b30>
30577,2023-06-28 00:00:00,<function <lambda> at 0x7fa4962879f0>,<function <lambda> at 0x7fa496287a90>,<function <lambda> at 0x7fa496287b30>
30578,2023-06-28 01:00:00,<function <lambda> at 0x7fa4962879f0>,<function <lambda> at 0x7fa496287a90>,<function <lambda> at 0x7fa496287b30>
30579,2023-06-28 02:00:00,<function <lambda> at 0x7fa4962879f0>,<function <lambda> at 0x7fa496287a90>,<function <lambda> at 0x7fa496287b30>
30580,2023-06-28 03:00:00,<function <lambda> at 0x7fa4962879f0>,<function <lambda> at 0x7fa496287a90>,<function <lambda> at 0x7fa496287b30>
30581,2023-06-28 04:00:00,<function <lambda> at 0x7fa4962879f0>,<function <lambda> at 0x7fa496287a90>,<function <lambda> at 0x7fa496287b30>
30582,2023-06-28 05:00:00,<function <lambda> at 0x7fa4962879f0>,<function <lambda> at 0x7fa496287a90>,<function <lambda> at 0x7fa496287b30>
30583,2023-06-28 06:00:00,<function <lambda> at 0x7fa4962879f0>,<function <lambda> at 0x7fa496287a90>,<function <lambda> at 0x7fa496287b30>
30584,2023-06-28 07:00:00,<function <lambda> at 0x7fa4962879f0>,<function <lambda> at 0x7fa496287a90>,<function <lambda> at 0x7fa496287b30>
30585,2023-06-28 08:00:00,<function <lambda> at 0x7fa4962879f0>,<function <lambda> at 0x7fa496287a90>,<function <lambda> at 0x7fa496287b30>
30586,2023-06-28 09:00:00,<function <lambda> at 0x7fa4962879f0>,<function <lambda> at 0x7fa496287a90>,<function <lambda> at 0x7fa496287b30>
30587,2023-06-28 10:00:00,<function <lambda> at 0x7fa4962879f0>,<function <lambda> at 0x7fa496287a90>,<function <lambda> at 0x7fa496287b30>
30588,2023-06-28 11:00:00,<function <lambda> at 0x7fa4962879f0>,<function <lambda> at 0x7fa496287a90>,<function <lambda> at 0x7fa496287b30>
30589,2023-06-28 12:00:00,<function <lambda> at 0x7fa4962879f0>,<function <lambda> at 0x7fa496287a90>,<function <lambda> at 0x7fa496287b30>
30590,2023-06-28 13:00:00,<function <lambda> at 0x7fa4962879f0>,<function <lambda> at 0x7fa496287a90>,<function <lambda> at 0x7fa496287b30>
30591,2023-06-28 14:00:00,<function <lambda> at 0x7fa4962879f0>,<function <lambda> at 0x7fa496287a90>,<function <lambda> at 0x7fa496287b30>
30592,2023-06-28 15:00:00,<function <lambda> at 0x7fa4962879f0>,<function <lambda> at 0x7fa496287a90>,<function <lambda> at 0x7fa496287b30>
30593,2023-06-28 16:00:00,<function <lambda> at 0x7fa4962879f0>,<function <lambda> at 0x7fa496287a90>,<function <lambda> at 0x7fa496287b30>
30594,2023-06-28 17:00:00,<function <lambda> at 0x7fa4962879f0>,<function <lambda> at 0x7fa496287a90>,<function <lambda> at 0x7fa496287b30>
30595,2023-06-28 18:00:00,<function <lambda> at 0x7fa4962879f0>,<function <lambda> at 0x7fa496287a90>,<function <lambda> at 0x7fa496287b30>
30596,2023-06-28 19:00:00,<function <lambda> at 0x7fa4962879f0>,<function <lambda> at 0x7fa496287a90>,<function <lambda> at 0x7fa496287b30>
30597,2023-06-28 20:00:00,<function <lambda> at 0x7fa4962879f0>,<function <lambda> at 0x7fa496287a90>,<function <lambda> at 0x7fa496287b30>
30598,2023-06-28 21:00:00,<function <lambda> at 0x7fa4962879f0>,<function <lambda> at 0x7fa496287a90>,<function <lambda> at 0x7fa496287b30>
30599,2023-06-28 22:00:00,<function <lambda> at 0x7fa4962879f0>,<function <lambda> at 0x7fa496287a90>,<function <lambda> at 0x7fa496287b30>
30600,2023-06-28 23:00:00,<function <lambda> at 0x7fa4962879f0>,<function <lambda> at 0x7fa496287a90>,<function <lambda> at 0x7fa496287b30>
30601,2023-06-29 00:00:00,<function <lambda> at 0x7fa4962879f0>,<function <lambda> at 0x7fa496287a90>,<function <lambda> at 0x7fa496287b30>
30602,2023-06-29 01:00:00,<function <lambda> at 0x7fa4962879f0>,<function <lambda> at 0x7fa496287a90>,<function <lambda> at 0x7fa496287b30>
30603,2023-06-29 02:00:00,<function <lambda> at 0x7fa4962879f0>,<function <lambda> at 0x7fa496287a90>,<function <lambda> at 0x7fa496287b30>
30604,2023-06-29 03:00:00,<function <lambda> at 0x7fa4962879f0>,<function <lambda> at 0x7fa496287a90>,<function <lambda> at 0x7fa496287b30>
30605,2023-06-29 04:00:00,<function <lambda> at 0x7fa4962879f0>,<function <lambda> at 0x7fa496287a90>,<function <lambda> at 0x7fa496287b30>
30606,2023-06-29 05:00:00,<function <lambda> at 0x7fa4962879f0>,<function <lambda> at 0x7fa496287a90>,<function <lambda> at 0x7fa496287b30>
30607,2023-06-29 06:00:00,<function <lambda> at 0x7fa4962879f0>,<function <lambda> at 0x7fa496287a90>,<function <lambda> at 0x7fa496287b30>
30608,2023-06-29 07:00:00,<function <lambda> at 0x7fa4962879f0>,<function <lambda> at 0x7fa496287a90>,<function <lambda> at 0x7fa496287b30>
30609,2023-06-29 08:00:00,<function <lambda> at 0x7fa4962879f0>,<function <lambda> at 0x7fa496287a90>,<function <lambda> at 0x7fa496287b30>
30610,2023-06-29 09:00:00,<function <lambda> at 0x7fa4962879f0>,<function <lambda> at 0x7fa496287a90>,<function <lambda> at 0x7fa496287b30>
30611,2023-06-29 10:00:00,<function <lambda> at 0x7fa4962879f0>,<function <lambda> at 0x7fa496287a90>,<function <lambda> at 0x7fa496287b30>
30612,2023-06-29 11:00:00,<function <lambda> at 0x7fa4962879f0>,<function <lambda> at 0x7fa496287a90>,<function <lambda> at 0x7fa496287b30>
30613,2023-06-29 12:00:00,<function <lambda> at 0x7fa4962879f0>,<function <lambda> at 0x7fa496287a90>,<function <lambda> at 0x7fa496287b30>
30614,2023-06-29 13:00:00,<function <lambda> at 0x7fa4962879f0>,<function <lambda> at 0x7fa496287a90>,<function <lambda> at 0x7fa496287b30>
30615,2023-06-29 14:00:00,<function <lambda> at 0x7fa4962879f0>,<function <lambda> at 0x7fa496287a90>,<function <lambda> at 0x7fa496287b30>
30616,2023-06-29 15:00:00,<function <lambda> at 0x7fa4962879f0>,<function <lambda> at 0x7fa496287a90>,<function <lambda> at 0x7fa496287b30>
30617,2023-06-29 16:00:00,<function <lambda> at 0x7fa4962879f0>,<function <lambda> at 0x7fa496287a90>,<function <lambda> at 0x7fa496287b30>
30618,2023-06-29 17:00:00,<function <lambda> at 0x7fa4962879f0>,<function <lambda> at 0x7fa496287a90>,<function <lambda> at 0x7fa496287b30>
30619,2023-06-29 18:00:00,<function <lambda> at 0x7fa4962879f0>,<function <lambda> at 0x7fa496287a90>,<function <lambda> at 0x7fa496287b30>
30620,2023-06-29 19:00:00,<function <lambda> at 0x7fa4962879f0>,<function <lambda> at 0x7fa496287a90>,<function <lambda> at 0x7fa496287b30>
30621,2023-06-29 20:00:00,<function <lambda> at 0x7fa4962879f0>,<function <lambda> at 0x7fa496287a90>,<function <lambda> at 0x7fa496287b30>
30622,2023-06-29 21:00:00,<function <lambda> at 0x7fa4962879f0>,<function <lambda> at 0x7fa496287a90>,<function <lambda> at 0x7fa496287b30>
30623,2023-06-29 22:00:00,<function <lambda> at 0x7fa4962879f0>,<function <lambda> at 0x7fa496287a90>,<function <lambda> at 0x7fa496287b30>
30624,2023-06-29 23:00:00,<function <lambda> at 0x7fa4962879f0>,<function <lambda> at 0x7fa496287a90>,<function <lambda> at 0x7fa496287b30>
30625,2023-06-30 00:00:00,<function <lambda> at 0x7fa4962879f0>,<function <lambda> at 0x7fa496287a90>,<function <lambda> at 0x7fa496287b30>
30626,2023-06-30 01:00:00,<function <lambda> at 0x7fa4962879f0>,<function <lambda> at 0x7fa496287a90>,<function <lambda> at 0x7fa496287b30>
30627,2023-06-30 02:00:00,<function <lambda> at 0x7fa4962879f0>,<function <lambda> at 0x7fa496287a90>,<function <lambda> at 0x7fa496287b30>
30628,2023-06-30 03:00:00,<function <lambda> at 0x7fa4962879f0>,<function <lambda> at 0x7fa496287a90>,<function <lambda> at 0x7fa496287b30>
30629,2023-06-30 04:00:00,<function <lambda> at 0x7fa4962879f0>,<function <lambda> at 0x7fa496287a90>,<function <lambda> at 0x7fa496287b30>
30630,2023-06-30 05:00:00,<function <lambda> at 0x7fa4962879f0>,<function <lambda> at 0x7fa496287a90>,<function <lambda> at 0x7fa496287b30>
30631,2023-06-30 06:00:00,<function <lambda> at 0x7fa4962879f0>,<function <lambda> at 0x7fa496287a90>,<function <lambda> at 0x7fa496287b30>
30632,2023-06-30 07:00:00,<function <lambda> at 0x7fa4962879f0>,<function <lambda> at 0x7fa496287a90>,<function <lambda> at 0x7fa496287b30>
30633,2023-06-30 08:00:00,<function <lambda> at 0x7fa4962879f0>,<function <lambda> at 0x7fa496287a90>,<function <lambda> at 0x7fa496287b30>
30634,2023-06-30 09:00:00,<function <lambda> at 0x7fa4962879f0>,<function <lambda> at 0x7fa496287a90>,<function <lambda> at 0x7fa496287b30>
30635,2023-06-30 10:00:00,<function <lambda> at 0x7fa4962879f0>,<function <lambda> at 0x7fa496287a90>,<function <lambda> at 0x7fa496287b30>
30636,2023-06-30 11:00:00,<function <lambda> at 0x7fa4962879f0>,<function <lambda> at 0x7fa496287a90>,<function <lambda> at 0x7fa496287b30>
30637,2023-06-30 12:00:00,<function <lambda> at 0x7fa4962879f0>,<function <lambda> at 0x7fa496287a90>,<function <lambda> at 0x7fa496287b30>
30638,2023-06-30 13:00:00,<function <lambda> at 0x7fa4962879f0>,<function <lambda> at 0x7fa496287a90>,<function <lambda> at 0x7fa496287b30>
30639,2023-06-30 14:00:00,<function <lambda> at 0x7fa4962879f0>,<function <lambda> at 0x7fa496287a90>,<function <lambda> at 0x7fa496287b30>
30640,2023-06-30 15:00:00,<function <lambda> at 0x7fa4962879f0>,<function <lambda> at 0x7fa496287a90>,<function <lambda> at 0x7fa496287b30>
30641,2023-06-30 16:00:00,<function <lambda> at 0x7fa4962879f0>,<function <lambda> at 0x7fa496287a90>,<function <lambda> at 0x7fa496287b30>
30642,2023-06-30 17:00:00,<function <lambda> at 0x7fa4962879f0>,<function <lambda> at 0x7fa496287a90>,<function <lambda> at 0x7fa496287b30>
30643,2023-06-30 18:00:00,<function <lambda> at 0x7fa4962879f0>,<function <lambda> at 0x7fa496287a90>,<function <lambda> at 0x7fa496287b30>
30644,2023-06-30 19:00:00,<function <lambda> at 0x7fa4962879f0>,<function <lambda> at 0x7fa496287a90>,<function <lambda> at 0x7fa496287b30>
30645,2023-06-30 20:00:00,<function <lambda> at 0x7fa4962879f0>,<function <lambda> at 0x7fa496287a90>,<function <lambda> at 0x7fa496287b30>
30646,2023-06-30 21:00:00,<function <lambda> at 0x7fa4962879f0>,<function <lambda> at 0x7fa496287a90>,<function <lambda> at 0x7fa496287b30>
30647,2023-06-30 22:00:00,<function <lambda> at 0x7fa4962879f0>,<function <lambda> at 0x7fa496287a90>,<function <lambda> at 0x7fa496287b30>
30648,2023-06-30 23:00:00,<function <lambda> at 0x7fa4962879f0>,<function <lambda> at 0x7fa496287a90>,<function <lambda> at 0x7fa496287b30>
30649,2023-07-01 00:00:00,<function <lambda> at 0x7fa4962879f0>,<function <lambda> at 0x7fa496287a90>,<function <lambda> at 0x7fa496287b30>
30650,2023-07-01 01:00:00,<function <lambda> at 0x7fa4962879f0>,<function <lambda> at 0x7fa496287a90>,<function <lambda> at 0x7fa496287b30>
30651,2023-07-01 02:00:00,<function <lambda> at 0x7fa4962879f0>,<function <lambda> at 0x7fa496287a90>,<function <lambda> at 0x7fa496287b30>
30652,2023-07-01 03:00:00,<function <lambda> at 0x7fa4962879f0>,<function <lambda> at 0x7fa496287a90>,<function <lambda> at 0x7fa496287b30>
30653,2023-07-01 04:00:00,<function <lambda> at 0x7fa4962879f0>,<function <lambda> at 0x7fa496287a90>,<function <lambda> at 0x7fa496287b30>
30654,2023-07-01 05:00:00,<function <lambda> at 0x7fa4962879f0>,<function <lambda> at 0x7fa496287a90>,<function <lambda> at 0x7fa496287b30>
30655,2023-07-01 06:00:00,<function <lambda> at 0x7fa4962879f0>,<function <lambda> at 0x7fa496287a90>,<function <lambda> at 0x7fa496287b30>
30656,2023-07-01 07:00:00,<function <lambda> at 0x7fa4962879f0>,<function <lambda> at 0x7fa496287a90>,<function <lambda> at 0x7fa496287b30>
30657,2023-07-01 08:00:00,<function <lambda> at 0x7fa4962879f0>,<function <lambda> at 0x7fa496287a90>,<function <lambda> at 0x7fa496287b30>
30658,2023-07-01 09:00:00,<function <lambda> at 0x7fa4962879f0>,<function <lambda> at 0x7fa496287a90>,<function <lambda> at 0x7fa496287b30>
30659,2023-07-01 10:00:00,<function <lambda> at 0x7fa4962879f0>,<function <lambda> at 0x7fa496287a90>,<function <lambda> at 0x7fa496287b30>
30660,2023-07-01 11:00:00,<function <lambda> at 0x7fa4962879f0>,<function <lambda> at 0x7fa496287a90>,<function <lambda> at 0x7fa496287b30>
30661,2023-07-01 12:00:00,<function <lambda> at 0x7fa4962879f0>,<function <lambda> at 0x7fa496287a90>,<function <lambda> at 0x7fa496287b30>
30662,2023-07-01 13:00:00,<function <lambda> at 0x7fa4962879f0>,<function <lambda> at 0x7fa496287a90>,<function <lambda> at 0x7fa496287b30>
30663,2023-07-01 14:00:00,<function <lambda> at 0x7fa4962879f0>,<function <lambda> at 0x7fa496287a90>,<function <lambda> at 0x7fa496287b30>
30664,2023-07-01 15:00:00,<function <lambda> at 0x7fa4962879f0>,<function <lambda> at 0x7fa496287a90>,<function <lambda> at 0x7fa496287b30>
30665,2023-07-01 16:00:00,<function <lambda> at 0x7fa4962879f0>,<function <lambda> at 0x7fa496287a90>,<function <lambda> at 0x7fa496287b30>
30666,2023-07-01 17:00:00,<function <lambda> at 0x7fa4962879f0>,<function <lambda> at 0x7fa496287a90>,<function <lambda> at 0x7fa496287b30>
30667,2023-07-01 18:00:00,<function <lambda> at 0x7fa4962879f0>,<function <lambda> at 0x7fa496287a90>,<function <lambda> at 0x7fa496287b30>
30668,2023-07-01 19:00:00,<function <lambda> at 0x7fa4962879f0>,<function <lambda> at 0x7fa496287a90>,<function <lambda> at 0x7fa496287b30>
30669,2023-07-01 20:00:00,<function <lambda> at 0x7fa4962879f0>,<function <lambda> at 0x7fa496287a90>,<function <lambda> at 0x7fa496287b30>
30670,2023-07-01 21:00:00,<function <lambda> at 0x7fa4962879f0>,<function <lambda> at 0x7fa496287a90>,<function <lambda> at 0x7fa496287b30>
30671,2023-07-01 22:00:00,<function <lambda> at 0x7fa4962879f0>,<function <lambda> at 0x7fa496287a90>,<function <lambda> at 0x7fa496287b30>
30672,2023-07-01 23:00:00,<function <lambda> at 0x7fa4962879f0>,<function <lambda> at 0x7fa496287a90>,<function <lambda> at 0x7fa496287b30>
30673,2023-07-02 00:00:00,<function <lambda> at 0x7fa4962879f0>,<function <lambda> at 0x7fa496287a90>,<function <lambda> at 0x7fa496287b30>
30674,2023-07-02 01:00:00,<function <lambda> at 0x7fa4962879f0>,<function <lambda> at 0x7fa496287a90>,<function <lambda> at 0x7fa496287b30>
30675,2023-07-02 02:00:00,<function <lambda> at 0x7fa4962879f0>,<function <lambda> at 0x7fa496287a90>,<function <lambda> at 0x7fa496287b30>
30676,2023-07-02 03:00:00,<function <lambda> at 0x7fa4962879f0>,<function <lambda> at 0x7fa496287a90>,<function <lambda> at 0x7fa496287b30>
30677,2023-07-02 04:00:00,<function <lambda> at 0x7fa4962879f0>,<function <lambda> at 0x7fa496287a90>,<function <lambda> at 0x7fa496287b30>
30678,2023-07-02 05:00:00,<function <lambda> at 0x7fa4962879f0>,<function <lambda> at 0x7fa496287a90>,<function <lambda> at 0x7fa496287b30>
30679,2023-07-02 06:00:00,<function <lambda> at 0x7fa4962879f0>,<function <lambda> at 0x7fa496287a90>,<function <lambda> at 0x7fa496287b30>
30680,2023-07-02 07:00:00,<function <lambda> at 0x7fa4962879f0>,<function <lambda> at 0x7fa496287a90>,<function <lambda> at 0x7fa496287b30>
30681,2023-07-02 08:00:00,<function <lambda> at 0x7fa4962879f0>,<function <lambda> at 0x7fa496287a90>,<function <lambda> at 0x7fa496287b30>
30682,2023-07-02 09:00:00,<function <lambda> at 0x7fa4962879f0>,<function <lambda> at 0x7fa496287a90>,<function <lambda> at 0x7fa496287b30>
30683,2023-07-02 10:00:00,<function <lambda> at 0x7fa4962879f0>,<function <lambda> at 0x7fa496287a90>,<function <lambda> at 0x7fa496287b30>
30684,2023-07-02 11:00:00,<function <lambda> at 0x7fa4962879f0>,<function <lambda> at 0x7fa496287a90>,<function <lambda> at 0x7fa496287b30>
30685,2023-07-02 12:00:00,<function <lambda> at 0x7fa4962879f0>,<function <lambda> at 0x7fa496287a90>,<function <lambda> at 0x7fa496287b30>
30686,2023-07-02 13:00:00,<function <lambda> at 0x7fa4962879f0>,<function <lambda> at 0x7fa496287a90>,<function <lambda> at 0x7fa496287b30>
30687,2023-07-02 14:00:00,<function <lambda> at 0x7fa4962879f0>,<function <lambda> at 0x7fa496287a90>,<function <lambda> at 0x7fa496287b30>
30688,2023-07-02 15:00:00,<function <lambda> at 0x7fa4962879f0>,<function <lambda> at 0x7fa496287a90>,<function <lambda> at 0x7fa496287b30>
30689,2023-07-02 16:00:00,<function <lambda> at 0x7fa4962879f0>,<function <lambda> at 0x7fa496287a90>,<function <lambda> at 0x7fa496287b30>
30690,2023-07-02 17:00:00,<function <lambda> at 0x7fa4962879f0>,<function <lambda> at 0x7fa496287a90>,<function <lambda> at 0x7fa496287b30>
30691,2023-07-02 18:00:00,<function <lambda> at 0x7fa4962879f0>,<function <lambda> at 0x7fa496287a90>,<function <lambda> at 0x7fa496287b30>
30692,2023-07-02 19:00:00,<function <lambda> at 0x7fa4962879f0>,<function <lambda> at 0x7fa496287a90>,<function <lambda> at 0x7fa496287b30>
30693,2023-07-02 20:00:00,<function <lambda> at 0x7fa4962879f0>,<function <lambda> at 0x7fa496287a90>,<function <lambda> at 0x7fa496287b30>
30694,2023-07-02 21:00:00,<function <lambda> at 0x7fa4962879f0>,<function <lambda> at 0x7fa496287a90>,<function <lambda> at 0x7fa496287b30>
30695,2023-07-02 22:00:00,<function <lambda> at 0x7fa4962879f0>,<function <lambda> at 0x7fa496287a90>,<function <lambda> at 0x7fa496287b30>
30696,2023-07-02 23:00:00,<function <lambda> at 0x7fa4962879f0>,<function <lambda> at 0x7fa496287a90>,<function <lambda> at 0x7fa496287b30>
30697,2023-07-03 00:00:00,<function <lambda> at 0x7fa4962879f0>,<function <lambda> at 0x7fa496287a90>,<function <lambda> at 0x7fa496287b30>
30698,2023-07-03 01:00:00,<function <lambda> at 0x7fa4962879f0>,<function <lambda> at 0x7fa496287a90>,<function <lambda> at 0x7fa496287b30>
30699,2023-07-03 02:00:00,<function <lambda> at 0x7fa4962879f0>,<function <lambda> at 0x7fa496287a90>,<function <lambda> at 0x7fa496287b30>
30700,2023-07-03 03:00:00,<function <lambda> at 0x7fa4962879f0>,<function <lambda> at 0x7fa496287a90>,<function <lambda> at 0x7fa496287b30>
30701,2023-07-03 04:00:00,<function <lambda> at 0x7fa4962879f0>,<function <lambda> at 0x7fa496287a90>,<function <lambda> at 0x7fa496287b30>
30702,2023-07-03 05:00:00,<function <lambda> at 0x7fa4962879f0>,<function <lambda> at 0x7fa496287a90>,<function <lambda> at 0x7fa496287b30>
30703,2023-07-03 06:00:00,<function <lambda> at 0x7fa4962879f0>,<function <lambda> at 0x7fa496287a90>,<function <lambda> at 0x7fa496287b30>
30704,2023-07-03 07:00:00,<function <lambda> at 0x7fa4962879f0>,<function <lambda> at 0x7fa496287a90>,<function <lambda> at 0x7fa496287b30>
30705,2023-07-03 08:00:00,<function <lambda> at 0x7fa4962879f0>,<function <lambda> at 0x7fa496287a90>,<function <lambda> at 0x7fa496287b30>
30706,2023-07-03 09:00:00,<function <lambda> at 0x7fa4962879f0>,<function <lambda> at 0x7fa496287a90>,<function <lambda> at 0x7fa496287b30>
30707,2023-07-03 10:00:00,<function <lambda> at 0x7fa4962879f0>,<function <lambda> at 0x7fa496287a90>,<function <lambda> at 0x7fa496287b30>
30708,2023-07-03 11:00:00,<function <lambda> at 0x7fa4962879f0>,<function <lambda> at 0x7fa496287a90>,<function <lambda> at 0x7fa496287b30>
30709,2023-07-03 12:00:00,<function <lambda> at 0x7fa4962879f0>,<function <lambda> at 0x7fa496287a90>,<function <lambda> at 0x7fa496287b30>
30710,2023-07-03 13:00:00,<function <lambda> at 0x7fa4962879f0>,<function <lambda> at 0x7fa496287a90>,<function <lambda> at 0x7fa496287b30>
30711,2023-07-03 14:00:00,<function <lambda> at 0x7fa4962879f0>,<function <lambda> at 0x7fa496287a90>,<function <lambda> at 0x7fa496287b30>
30712,2023-07-03 15:00:00,<function <lambda> at 0x7fa4962879f0>,<function <lambda> at 0x7fa496287a90>,<function <lambda> at 0x7fa496287b30>
30713,2023-07-03 16:00:00,<function <lambda> at 0x7fa4962879f0>,<function <lambda> at 0x7fa496287a90>,<function <lambda> at 0x7fa496287b30>
30714,2023-07-03 17:00:00,<function <lambda> at 0x7fa4962879f0>,<function <lambda> at 0x7fa496287a90>,<function <lambda> at 0x7fa496287b30>
30715,2023-07-03 18:00:00,<function <lambda> at 0x7fa4962879f0>,<function <lambda> at 0x7fa496287a90>,<function <lambda> at 0x7fa496287b30>
30716,2023-07-03 19:00:00,<function <lambda> at 0x7fa4962879f0>,<function <lambda> at 0x7fa496287a90>,<function <lambda> at 0x7fa496287b30>
30717,2023-07-03 20:00:00,<function <lambda> at 0x7fa4962879f0>,<function <lambda> at 0x7fa496287a90>,<function <lambda> at 0x7fa496287b30>
30718,2023-07-03 21:00:00,<function <lambda> at 0x7fa4962879f0>,<function <lambda> at 0x7fa496287a90>,<function <lambda> at 0x7fa496287b30>
30719,2023-07-03 22:00:00,<function <lambda> at 0x7fa4962879f0>,<function <lambda> at 0x7fa496287a90>,<function <lambda> at 0x7fa496287b30>
30720,2023-07-03 23:00:00,<function <lambda> at 0x7fa4962879f0>,<function <lambda> at 0x7fa496287a90>,<function <lambda> at 0x7fa496287b30>
30721,2023-07-04 00:00:00,<function <lambda> at 0x7fa4962879f0>,<function <lambda> at 0x7fa496287a90>,<function <lambda> at 0x7fa496287b30>
30722,2023-07-04 01:00:00,<function <lambda> at 0x7fa4962879f0>,<function <lambda> at 0x7fa496287a90>,<function <lambda> at 0x7fa496287b30>
30723,2023-07-04 02:00:00,<function <lambda> at 0x7fa4962879f0>,<function <lambda> at 0x7fa496287a90>,<function <lambda> at 0x7fa496287b30>
30724,2023-07-04 03:00:00,<function <lambda> at 0x7fa4962879f0>,<function <lambda> at 0x7fa496287a90>,<function <lambda> at 0x7fa496287b30>
30725,2023-07-04 04:00:00,<function <lambda> at 0x7fa4962879f0>,<function <lambda> at 0x7fa496287a90>,<function <lambda> at 0x7fa496287b30>
30726,2023-07-04 05:00:00,<function <lambda> at 0x7fa4962879f0>,<function <lambda> at 0x7fa496287a90>,<function <lambda> at 0x7fa496287b30>
30727,2023-07-04 06:00:00,<function <lambda> at 0x7fa4962879f0>,<function <lambda> at 0x7fa496287a90>,<function <lambda> at 0x7fa496287b30>
30728,2023-07-04 07:00:00,<function <lambda> at 0x7fa4962879f0>,<function <lambda> at 0x7fa496287a90>,<function <lambda> at 0x7fa496287b30>
30729,2023-07-04 08:00:00,<function <lambda> at 0x7fa4962879f0>,<function <lambda> at 0x7fa496287a90>,<function <lambda> at 0x7fa496287b30>
30730,2023-07-04 09:00:00,<function <lambda> at 0x7fa4962879f0>,<function <lambda> at 0x7fa496287a90>,<function <lambda> at 0x7fa496287b30>
30731,2023-07-04 10:00:00,<function <lambda> at 0x7fa4962879f0>,<function <lambda> at 0x7fa496287a90>,<function <lambda> at 0x7fa496287b30>
30732,2023-07-04 11:00:00,<function <lambda> at 0x7fa4962879f0>,<function <lambda> at 0x7fa496287a90>,<function <lambda> at 0x7fa496287b30>
30733,2023-07-04 12:00:00,<function <lambda> at 0x7fa4962879f0>,<function <lambda> at 0x7fa496287a90>,<function <lambda> at 0x7fa496287b30>
30734,2023-07-04 13:00:00,<function <lambda> at 0x7fa4962879f0>,<function <lambda> at 0x7fa496287a90>,<function <lambda> at 0x7fa496287b30>
30735,2023-07-04 14:00:00,<function <lambda> at 0x7fa4962879f0>,<function <lambda> at 0x7fa496287a90>,<function <lambda> at 0x7fa496287b30>
30736,2023-07-04 15:00:00,<function <lambda> at 0x7fa4962879f0>,<function <lambda> at 0x7fa496287a90>,<function <lambda> at 0x7fa496287b30>
30737,2023-07-04 16:00:00,<function <lambda> at 0x7fa4962879f0>,<function <lambda> at 0x7fa496287a90>,<function <lambda> at 0x7fa496287b30>
30738,2023-07-04 17:00:00,<function <lambda> at 0x7fa4962879f0>,<function <lambda> at 0x7fa496287a90>,<function <lambda> at 0x7fa496287b30>
30739,2023-07-04 18:00:00,<function <lambda> at 0x7fa4962879f0>,<function <lambda> at 0x7fa496287a90>,<function <lambda> at 0x7fa496287b30>
30740,2023-07-04 19:00:00,<function <lambda> at 0x7fa4962879f0>,<function <lambda> at 0x7fa496287a90>,<function <lambda> at 0x7fa496287b30>
30741,2023-07-04 20:00:00,<function <lambda> at 0x7fa4962879f0>,<function <lambda> at 0x7fa496287a90>,<function <lambda> at 0x7fa496287b30>
30742,2023-07-04 21:00:00,<function <lambda> at 0x7fa4962879f0>,<function <lambda> at 0x7fa496287a90>,<function <lambda> at 0x7fa496287b30>
30743,2023-07-04 22:00:00,<function <lambda> at 0x7fa4962879f0>,<function <lambda> at 0x7fa496287a90>,<function <lambda> at 0x7fa496287b30>
30744,2023-07-04 23:00:00,<function <lambda> at 0x7fa4962879f0>,<function <lambda> at 0x7fa496287a90>,<function <lambda> at 0x7fa496287b30>
30745,2023-07-05 00:00:00,<function <lambda> at 0x7fa4962879f0>,<function <lambda> at 0x7fa496287a90>,<function <lambda> at 0x7fa496287b30>
30746,2023-07-05 01:00:00,<function <lambda> at 0x7fa4962879f0>,<function <lambda> at 0x7fa496287a90>,<function <lambda> at 0x7fa496287b30>
30747,2023-07-05 02:00:00,<function <lambda> at 0x7fa4962879f0>,<function <lambda> at 0x7fa496287a90>,<function <lambda> at 0x7fa496287b30>
30748,2023-07-05 03:00:00,<function <lambda> at 0x7fa4962879f0>,<function <lambda> at 0x7fa496287a90>,<function <lambda> at 0x7fa496287b30>
30749,2023-07-05 04:00:00,<function <lambda> at 0x7fa4962879f0>,<function <lambda> at 0x7fa496287a90>,<function <lambda> at 0x7fa496287b30>
30750,2023-07-05 05:00:00,<function <lambda> at 0x7fa4962879f0>,<function <lambda> at 0x7fa496287a90>,<function <lambda> at 0x7fa496287b30>
30751,2023-07-05 06:00:00,<function <lambda> at 0x7fa4962879f0>,<function <lambda> at 0x7fa496287a90>,<function <lambda> at 0x7fa496287b30>
30752,2023-07-05 07:00:00,<function <lambda> at 0x7fa4962879f0>,<function <lambda> at 0x7fa496287a90>,<function <lambda> at 0x7fa496287b30>
30753,2023-07-05 08:00:00,<function <lambda> at 0x7fa4962879f0>,<function <lambda> at 0x7fa496287a90>,<function <lambda> at 0x7fa496287b30>
30754,2023-07-05 09:00:00,<function <lambda> at 0x7fa4962879f0>,<function <lambda> at 0x7fa496287a90>,<function <lambda> at 0x7fa496287b30>
30755,2023-07-05 10:00:00,<function <lambda> at 0x7fa4962879f0>,<function <lambda> at 0x7fa496287a90>,<function <lambda> at 0x7fa496287b30>
30756,2023-07-05 11:00:00,<function <lambda> at 0x7fa4962879f0>,<function <lambda> at 0x7fa496287a90>,<function <lambda> at 0x7fa496287b30>
30757,2023-07-05 12:00:00,<function <lambda> at 0x7fa4962879f0>,<function <lambda> at 0x7fa496287a90>,<function <lambda> at 0x7fa496287b30>
30758,2023-07-05 13:00:00,<function <lambda> at 0x7fa4962879f0>,<function <lambda> at 0x7fa496287a90>,<function <lambda> at 0x7fa496287b30>
30759,2023-07-05 14:00:00,<function <lambda> at 0x7fa4962879f0>,<function <lambda> at 0x7fa496287a90>,<function <lambda> at 0x7fa496287b30>
30760,2023-07-05 15:00:00,<function <lambda> at 0x7fa4962879f0>,<function <lambda> at 0x7fa496287a90>,<function <lambda> at 0x7fa496287b30>
30761,2023-07-05 16:00:00,<function <lambda> at 0x7fa4962879f0>,<function <lambda> at 0x7fa496287a90>,<function <lambda> at 0x7fa496287b30>
30762,2023-07-05 17:00:00,<function <lambda> at 0x7fa4962879f0>,<function <lambda> at 0x7fa496287a90>,<function <lambda> at 0x7fa496287b30>
30763,2023-07-05 18:00:00,<function <lambda> at 0x7fa4962879f0>,<function <lambda> at 0x7fa496287a90>,<function <lambda> at 0x7fa496287b30>
30764,2023-07-05 19:00:00,<function <lambda> at 0x7fa4962879f0>,<function <lambda> at 0x7fa496287a90>,<function <lambda> at 0x7fa496287b30>
30765,2023-07-05 20:00:00,<function <lambda> at 0x7fa4962879f0>,<function <lambda> at 0x7fa496287a90>,<function <lambda> at 0x7fa496287b30>
30766,2023-07-05 21:00:00,<function <lambda> at 0x7fa4962879f0>,<function <lambda> at 0x7fa496287a90>,<function <lambda> at 0x7fa496287b30>
30767,2023-07-05 22:00:00,<function <lambda> at 0x7fa4962879f0>,<function <lambda> at 0x7fa496287a90>,<function <lambda> at 0x7fa496287b30>
30768,2023-07-05 23:00:00,<function <lambda> at 0x7fa4962879f0>,<function <lambda> at 0x7fa496287a90>,<function <lambda> at 0x7fa496287b30>
30769,2023-07-06 00:00:00,<function <lambda> at 0x7fa4962879f0>,<function <lambda> at 0x7fa496287a90>,<function <lambda> at 0x7fa496287b30>
30770,2023-07-06 01:00:00,<function <lambda> at 0x7fa4962879f0>,<function <lambda> at 0x7fa496287a90>,<function <lambda> at 0x7fa496287b30>
30771,2023-07-06 02:00:00,<function <lambda> at 0x7fa4962879f0>,<function <lambda> at 0x7fa496287a90>,<function <lambda> at 0x7fa496287b30>
30772,2023-07-06 03:00:00,<function <lambda> at 0x7fa4962879f0>,<function <lambda> at 0x7fa496287a90>,<function <lambda> at 0x7fa496287b30>
30773,2023-07-06 04:00:00,<function <lambda> at 0x7fa4962879f0>,<function <lambda> at 0x7fa496287a90>,<function <lambda> at 0x7fa496287b30>
30774,2023-07-06 05:00:00,<function <lambda> at 0x7fa4962879f0>,<function <lambda> at 0x7fa496287a90>,<function <lambda> at 0x7fa496287b30>
30775,2023-07-06 06:00:00,<function <lambda> at 0x7fa4962879f0>,<function <lambda> at 0x7fa496287a90>,<function <lambda> at 0x7fa496287b30>
30776,2023-07-06 07:00:00,<function <lambda> at 0x7fa4962879f0>,<function <lambda> at 0x7fa496287a90>,<function <lambda> at 0x7fa496287b30>
30777,2023-07-06 08:00:00,<function <lambda> at 0x7fa4962879f0>,<function <lambda> at 0x7fa496287a90>,<function <lambda> at 0x7fa496287b30>
30778,2023-07-06 09:00:00,<function <lambda> at 0x7fa4962879f0>,<function <lambda> at 0x7fa496287a90>,<function <lambda> at 0x7fa496287b30>
30779,2023-07-06 10:00:00,<function <lambda> at 0x7fa4962879f0>,<function <lambda> at 0x7fa496287a90>,<function <lambda> at 0x7fa496287b30>
30780,2023-07-06 11:00:00,<function <lambda> at 0x7fa4962879f0>,<function <lambda> at 0x7fa496287a90>,<function <lambda> at 0x7fa496287b30>
30781,2023-07-06 12:00:00,<function <lambda> at 0x7fa4962879f0>,<function <lambda> at 0x7fa496287a90>,<function <lambda> at 0x7fa496287b30>
30782,2023-07-06 13:00:00,<function <lambda> at 0x7fa4962879f0>,<function <lambda> at 0x7fa496287a90>,<function <lambda> at 0x7fa496287b30>
30783,2023-07-06 14:00:00,<function <lambda> at 0x7fa4962879f0>,<function <lambda> at 0x7fa496287a90>,<function <lambda> at 0x7fa496287b30>
30784,2023-07-06 15:00:00,<function <lambda> at 0x7fa4962879f0>,<function <lambda> at 0x7fa496287a90>,<function <lambda> at 0x7fa496287b30>
30785,2023-07-06 16:00:00,<function <lambda> at 0x7fa4962879f0>,<function <lambda> at 0x7fa496287a90>,<function <lambda> at 0x7fa496287b30>
30786,2023-07-06 17:00:00,<function <lambda> at 0x7fa4962879f0>,<function <lambda> at 0x7fa496287a90>,<function <lambda> at 0x7fa496287b30>
30787,2023-07-06 18:00:00,<function <lambda> at 0x7fa4962879f0>,<function <lambda> at 0x7fa496287a90>,<function <lambda> at 0x7fa496287b30>
30788,2023-07-06 19:00:00,<function <lambda> at 0x7fa4962879f0>,<function <lambda> at 0x7fa496287a90>,<function <lambda> at 0x7fa496287b30>
30789,2023-07-06 20:00:00,<function <lambda> at 0x7fa4962879f0>,<function <lambda> at 0x7fa496287a90>,<function <lambda> at 0x7fa496287b30>
30790,2023-07-06 21:00:00,<function <lambda> at 0x7fa4962879f0>,<function <lambda> at 0x7fa496287a90>,<function <lambda> at 0x7fa496287b30>
30791,2023-07-06 22:00:00,<function <lambda> at 0x7fa4962879f0>,<function <lambda> at 0x7fa496287a90>,<function <lambda> at 0x7fa496287b30>
30792,2023-07-06 23:00:00,<function <lambda> at 0x7fa4962879f0>,<function <lambda> at 0x7fa496287a90>,<function <lambda> at 0x7fa496287b30>
30793,2023-07-07 00:00:00,<function <lambda> at 0x7fa4962879f0>,<function <lambda> at 0x7fa496287a90>,<function <lambda> at 0x7fa496287b30>
30794,2023-07-07 01:00:00,<function <lambda> at 0x7fa4962879f0>,<function <lambda> at 0x7fa496287a90>,<function <lambda> at 0x7fa496287b30>
30795,2023-07-07 02:00:00,<function <lambda> at 0x7fa4962879f0>,<function <lambda> at 0x7fa496287a90>,<function <lambda> at 0x7fa496287b30>
30796,2023-07-07 03:00:00,<function <lambda> at 0x7fa4962879f0>,<function <lambda> at 0x7fa496287a90>,<function <lambda> at 0x7fa496287b30>
30797,2023-07-07 04:00:00,<function <lambda> at 0x7fa4962879f0>,<function <lambda> at 0x7fa496287a90>,<function <lambda> at 0x7fa496287b30>
30798,2023-07-07 05:00:00,<function <lambda> at 0x7fa4962879f0>,<function <lambda> at 0x7fa496287a90>,<function <lambda> at 0x7fa496287b30>
30799,2023-07-07 06:00:00,<function <lambda> at 0x7fa4962879f0>,<function <lambda> at 0x7fa496287a90>,<function <lambda> at 0x7fa496287b30>
30800,2023-07-07 07:00:00,<function <lambda> at 0x7fa4962879f0>,<function <lambda> at 0x7fa496287a90>,<function <lambda> at 0x7fa496287b30>
30801,2023-07-07 08:00:00,<function <lambda> at 0x7fa4962879f0>,<function <lambda> at 0x7fa496287a90>,<function <lambda> at 0x7fa496287b30>
30802,2023-07-07 09:00:00,<function <lambda> at 0x7fa4962879f0>,<function <lambda> at 0x7fa496287a90>,<function <lambda> at 0x7fa496287b30>
30803,2023-07-07 10:00:00,<function <lambda> at 0x7fa4962879f0>,<function <lambda> at 0x7fa496287a90>,<function <lambda> at 0x7fa496287b30>
30804,2023-07-07 11:00:00,<function <lambda> at 0x7fa4962879f0>,<function <lambda> at 0x7fa496287a90>,<function <lambda> at 0x7fa496287b30>
30805,2023-07-07 12:00:00,<function <lambda> at 0x7fa4962879f0>,<function <lambda> at 0x7fa496287a90>,<function <lambda> at 0x7fa496287b30>
30806,2023-07-07 13:00:00,<function <lambda> at 0x7fa4962879f0>,<function <lambda> at 0x7fa496287a90>,<function <lambda> at 0x7fa496287b30>
30807,2023-07-07 14:00:00,<function <lambda> at 0x7fa4962879f0>,<function <lambda> at 0x7fa496287a90>,<function <lambda> at 0x7fa496287b30>
30808,2023-07-07 15:00:00,<function <lambda> at 0x7fa4962879f0>,<function <lambda> at 0x7fa496287a90>,<function <lambda> at 0x7fa496287b30>
30809,2023-07-07 16:00:00,<function <lambda> at 0x7fa4962879f0>,<function <lambda> at 0x7fa496287a90>,<function <lambda> at 0x7fa496287b30>
30810,2023-07-07 17:00:00,<function <lambda> at 0x7fa4962879f0>,<function <lambda> at 0x7fa496287a90>,<function <lambda> at 0x7fa496287b30>
30811,2023-07-07 18:00:00,<function <lambda> at 0x7fa4962879f0>,<function <lambda> at 0x7fa496287a90>,<function <lambda> at 0x7fa496287b30>
30812,2023-07-07 19:00:00,<function <lambda> at 0x7fa4962879f0>,<function <lambda> at 0x7fa496287a90>,<function <lambda> at 0x7fa496287b30>
30813,2023-07-07 20:00:00,<function <lambda> at 0x7fa4962879f0>,<function <lambda> at 0x7fa496287a90>,<function <lambda> at 0x7fa496287b30>
30814,2023-07-07 21:00:00,<function <lambda> at 0x7fa4962879f0>,<function <lambda> at 0x7fa496287a90>,<function <lambda> at 0x7fa496287b30>
30815,2023-07-07 22:00:00,<function <lambda> at 0x7fa4962879f0>,<function <lambda> at 0x7fa496287a90>,<function <lambda> at 0x7fa496287b30>
30816,2023-07-07 23:00:00,<function <lambda> at 0x7fa4962879f0>,<function <lambda> at 0x7fa496287a90>,<function <lambda> at 0x7fa496287b30>
30817,2023-07-08 00:00:00,<function <lambda> at 0x7fa4962879f0>,<function <lambda> at 0x7fa496287a90>,<function <lambda> at 0x7fa496287b30>
30818,2023-07-08 01:00:00,<function <lambda> at 0x7fa4962879f0>,<function <lambda> at 0x7fa496287a90>,<function <lambda> at 0x7fa496287b30>
30819,2023-07-08 02:00:00,<function <lambda> at 0x7fa4962879f0>,<function <lambda> at 0x7fa496287a90>,<function <lambda> at 0x7fa496287b30>
30820,2023-07-08 03:00:00,<function <lambda> at 0x7fa4962879f0>,<function <lambda> at 0x7fa496287a90>,<function <lambda> at 0x7fa496287b30>
30821,2023-07-08 04:00:00,<function <lambda> at 0x7fa4962879f0>,<function <lambda> at 0x7fa496287a90>,<function <lambda> at 0x7fa496287b30>
30822,2023-07-08 05:00:00,<function <lambda> at 0x7fa4962879f0>,<function <lambda> at 0x7fa496287a90>,<function <lambda> at 0x7fa496287b30>
30823,2023-07-08 06:00:00,<function <lambda> at 0x7fa4962879f0>,<function <lambda> at 0x7fa496287a90>,<function <lambda> at 0x7fa496287b30>
30824,2023-07-08 07:00:00,<function <lambda> at 0x7fa4962879f0>,<function <lambda> at 0x7fa496287a90>,<function <lambda> at 0x7fa496287b30>
30825,2023-07-08 08:00:00,<function <lambda> at 0x7fa4962879f0>,<function <lambda> at 0x7fa496287a90>,<function <lambda> at 0x7fa496287b30>
30826,2023-07-08 09:00:00,<function <lambda> at 0x7fa4962879f0>,<function <lambda> at 0x7fa496287a90>,<function <lambda> at 0x7fa496287b30>
30827,2023-07-08 10:00:00,<function <lambda> at 0x7fa4962879f0>,<function <lambda> at 0x7fa496287a90>,<function <lambda> at 0x7fa496287b30>
30828,2023-07-08 11:00:00,<function <lambda> at 0x7fa4962879f0>,<function <lambda> at 0x7fa496287a90>,<function <lambda> at 0x7fa496287b30>
30829,2023-07-08 12:00:00,<function <lambda> at 0x7fa4962879f0>,<function <lambda> at 0x7fa496287a90>,<function <lambda> at 0x7fa496287b30>
30830,2023-07-08 13:00:00,<function <lambda> at 0x7fa4962879f0>,<function <lambda> at 0x7fa496287a90>,<function <lambda> at 0x7fa496287b30>
30831,2023-07-08 14:00:00,<function <lambda> at 0x7fa4962879f0>,<function <lambda> at 0x7fa496287a90>,<function <lambda> at 0x7fa496287b30>
30832,2023-07-08 15:00:00,<function <lambda> at 0x7fa4962879f0>,<function <lambda> at 0x7fa496287a90>,<function <lambda> at 0x7fa496287b30>
30833,2023-07-08 16:00:00,<function <lambda> at 0x7fa4962879f0>,<function <lambda> at 0x7fa496287a90>,<function <lambda> at 0x7fa496287b30>
30834,2023-07-08 17:00:00,<function <lambda> at 0x7fa4962879f0>,<function <lambda> at 0x7fa496287a90>,<function <lambda> at 0x7fa496287b30>
30835,2023-07-08 18:00:00,<function <lambda> at 0x7fa4962879f0>,<function <lambda> at 0x7fa496287a90>,<function <lambda> at 0x7fa496287b30>
30836,2023-07-08 19:00:00,<function <lambda> at 0x7fa4962879f0>,<function <lambda> at 0x7fa496287a90>,<function <lambda> at 0x7fa496287b30>
30837,2023-07-08 20:00:00,<function <lambda> at 0x7fa4962879f0>,<function <lambda> at 0x7fa496287a90>,<function <lambda> at 0x7fa496287b30>
30838,2023-07-08 21:00:00,<function <lambda> at 0x7fa4962879f0>,<function <lambda> at 0x7fa496287a90>,<function <lambda> at 0x7fa496287b30>
30839,2023-07-08 22:00:00,<function <lambda> at 0x7fa4962879f0>,<function <lambda> at 0x7fa496287a90>,<function <lambda> at 0x7fa496287b30>
30840,2023-07-08 23:00:00,<function <lambda> at 0x7fa4962879f0>,<function <lambda> at 0x7fa496287a90>,<function <lambda> at 0x7fa496287b30>
30841,2023-07-09 00:00:00,<function <lambda> at 0x7fa4962879f0>,<function <lambda> at 0x7fa496287a90>,<function <lambda> at 0x7fa496287b30>
30842,2023-07-09 01:00:00,<function <lambda> at 0x7fa4962879f0>,<function <lambda> at 0x7fa496287a90>,<function <lambda> at 0x7fa496287b30>
30843,2023-07-09 02:00:00,<function <lambda> at 0x7fa4962879f0>,<function <lambda> at 0x7fa496287a90>,<function <lambda> at 0x7fa496287b30>
30844,2023-07-09 03:00:00,<function <lambda> at 0x7fa4962879f0>,<function <lambda> at 0x7fa496287a90>,<function <lambda> at 0x7fa496287b30>
30845,2023-07-09 04:00:00,<function <lambda> at 0x7fa4962879f0>,<function <lambda> at 0x7fa496287a90>,<function <lambda> at 0x7fa496287b30>
30846,2023-07-09 05:00:00,<function <lambda> at 0x7fa4962879f0>,<function <lambda> at 0x7fa496287a90>,<function <lambda> at 0x7fa496287b30>
30847,2023-07-09 06:00:00,<function <lambda> at 0x7fa4962879f0>,<function <lambda> at 0x7fa496287a90>,<function <lambda> at 0x7fa496287b30>
30848,2023-07-09 07:00:00,<function <lambda> at 0x7fa4962879f0>,<function <lambda> at 0x7fa496287a90>,<function <lambda> at 0x7fa496287b30>
30849,2023-07-09 08:00:00,<function <lambda> at 0x7fa4962879f0>,<function <lambda> at 0x7fa496287a90>,<function <lambda> at 0x7fa496287b30>
30850,2023-07-09 09:00:00,<function <lambda> at 0x7fa4962879f0>,<function <lambda> at 0x7fa496287a90>,<function <lambda> at 0x7fa496287b30>
30851,2023-07-09 10:00:00,<function <lambda> at 0x7fa4962879f0>,<function <lambda> at 0x7fa496287a90>,<function <lambda> at 0x7fa496287b30>
30852,2023-07-09 11:00:00,<function <lambda> at 0x7fa4962879f0>,<function <lambda> at 0x7fa496287a90>,<function <lambda> at 0x7fa496287b30>
30853,2023-07-09 12:00:00,<function <lambda> at 0x7fa4962879f0>,<function <lambda> at 0x7fa496287a90>,<function <lambda> at 0x7fa496287b30>
30854,2023-07-09 13:00:00,<function <lambda> at 0x7fa4962879f0>,<function <lambda> at 0x7fa496287a90>,<function <lambda> at 0x7fa496287b30>
30855,2023-07-09 14:00:00,<function <lambda> at 0x7fa4962879f0>,<function <lambda> at 0x7fa496287a90>,<function <lambda> at 0x7fa496287b30>
30856,2023-07-09 15:00:00,<function <lambda> at 0x7fa4962879f0>,<function <lambda> at 0x7fa496287a90>,<function <lambda> at 0x7fa496287b30>
30857,2023-07-09 16:00:00,<function <lambda> at 0x7fa4962879f0>,<function <lambda> at 0x7fa496287a90>,<function <lambda> at 0x7fa496287b30>
30858,2023-07-09 17:00:00,<function <lambda> at 0x7fa4962879f0>,<function <lambda> at 0x7fa496287a90>,<function <lambda> at 0x7fa496287b30>
30859,2023-07-09 18:00:00,<function <lambda> at 0x7fa4962879f0>,<function <lambda> at 0x7fa496287a90>,<function <lambda> at 0x7fa496287b30>
30860,2023-07-09 19:00:00,<function <lambda> at 0x7fa4962879f0>,<function <lambda> at 0x7fa496287a90>,<function <lambda> at 0x7fa496287b30>
30861,2023-07-09 20:00:00,<function <lambda> at 0x7fa4962879f0>,<function <lambda> at 0x7fa496287a90>,<function <lambda> at 0x7fa496287b30>
30862,2023-07-09 21:00:00,<function <lambda> at 0x7fa4962879f0>,<function <lambda> at 0x7fa496287a90>,<function <lambda> at 0x7fa496287b30>
30863,2023-07-09 22:00:00,<function <lambda> at 0x7fa4962879f0>,<function <lambda> at 0x7fa496287a90>,<function <lambda> at 0x7fa496287b30>
30864,2023-07-09 23:00:00,<function <lambda> at 0x7fa4962879f0>,<function <lambda> at 0x7fa496287a90>,<function <lambda> at 0x7fa496287b30>
30865,2023-07-10 00:00:00,<function <lambda> at 0x7fa4962879f0>,<function <lambda> at 0x7fa496287a90>,<function <lambda> at 0x7fa496287b30>
30866,2023-07-10 01:00:00,<function <lambda> at 0x7fa4962879f0>,<function <lambda> at 0x7fa496287a90>,<function <lambda> at 0x7fa496287b30>
30867,2023-07-10 02:00:00,<function <lambda> at 0x7fa4962879f0>,<function <lambda> at 0x7fa496287a90>,<function <lambda> at 0x7fa496287b30>
30868,2023-07-10 03:00:00,<function <lambda> at 0x7fa4962879f0>,<function <lambda> at 0x7fa496287a90>,<function <lambda> at 0x7fa496287b30>
30869,2023-07-10 04:00:00,<function <lambda> at 0x7fa4962879f0>,<function <lambda> at 0x7fa496287a90>,<function <lambda> at 0x7fa496287b30>
30870,2023-07-10 05:00:00,<function <lambda> at 0x7fa4962879f0>,<function <lambda> at 0x7fa496287a90>,<function <lambda> at 0x7fa496287b30>
30871,2023-07-10 06:00:00,<function <lambda> at 0x7fa4962879f0>,<function <lambda> at 0x7fa496287a90>,<function <lambda> at 0x7fa496287b30>
30872,2023-07-10 07:00:00,<function <lambda> at 0x7fa4962879f0>,<function <lambda> at 0x7fa496287a90>,<function <lambda> at 0x7fa496287b30>
30873,2023-07-10 08:00:00,<function <lambda> at 0x7fa4962879f0>,<function <lambda> at 0x7fa496287a90>,<function <lambda> at 0x7fa496287b30>
30874,2023-07-10 09:00:00,<function <lambda> at 0x7fa4962879f0>,<function <lambda> at 0x7fa496287a90>,<function <lambda> at 0x7fa496287b30>
30875,2023-07-10 10:00:00,<function <lambda> at 0x7fa4962879f0>,<function <lambda> at 0x7fa496287a90>,<function <lambda> at 0x7fa496287b30>
30876,2023-07-10 11:00:00,<function <lambda> at 0x7fa4962879f0>,<function <lambda> at 0x7fa496287a90>,<function <lambda> at 0x7fa496287b30>
30877,2023-07-10 12:00:00,<function <lambda> at 0x7fa4962879f0>,<function <lambda> at 0x7fa496287a90>,<function <lambda> at 0x7fa496287b30>
30878,2023-07-10 13:00:00,<function <lambda> at 0x7fa4962879f0>,<function <lambda> at 0x7fa496287a90>,<function <lambda> at 0x7fa496287b30>
30879,2023-07-10 14:00:00,<function <lambda> at 0x7fa4962879f0>,<function <lambda> at 0x7fa496287a90>,<function <lambda> at 0x7fa496287b30>
30880,2023-07-10 15:00:00,<function <lambda> at 0x7fa4962879f0>,<function <lambda> at 0x7fa496287a90>,<function <lambda> at 0x7fa496287b30>
30881,2023-07-10 16:00:00,<function <lambda> at 0x7fa4962879f0>,<function <lambda> at 0x7fa496287a90>,<function <lambda> at 0x7fa496287b30>
30882,2023-07-10 17:00:00,<function <lambda> at 0x7fa4962879f0>,<function <lambda> at 0x7fa496287a90>,<function <lambda> at 0x7fa496287b30>
30883,2023-07-10 18:00:00,<function <lambda> at 0x7fa4962879f0>,<function <lambda> at 0x7fa496287a90>,<function <lambda> at 0x7fa496287b30>
30884,2023-07-10 19:00:00,<function <lambda> at 0x7fa4962879f0>,<function <lambda> at 0x7fa496287a90>,<function <lambda> at 0x7fa496287b30>
30885,2023-07-10 20:00:00,<function <lambda> at 0x7fa4962879f0>,<function <lambda> at 0x7fa496287a90>,<function <lambda> at 0x7fa496287b30>
30886,2023-07-10 21:00:00,<function <lambda> at 0x7fa4962879f0>,<function <lambda> at 0x7fa496287a90>,<function <lambda> at 0x7fa496287b30>
30887,2023-07-10 22:00:00,<function <lambda> at 0x7fa4962879f0>,<function <lambda> at 0x7fa496287a90>,<function <lambda> at 0x7fa496287b30>
30888,2023-07-10 23:00:00,<function <lambda> at 0x7fa4962879f0>,<function <lambda> at 0x7fa496287a90>,<function <lambda> at 0x7fa496287b30>
30889,2023-07-11 00:00:00,<function <lambda> at 0x7fa4962879f0>,<function <lambda> at 0x7fa496287a90>,<function <lambda> at 0x7fa496287b30>
30890,2023-07-11 01:00:00,<function <lambda> at 0x7fa4962879f0>,<function <lambda> at 0x7fa496287a90>,<function <lambda> at 0x7fa496287b30>
30891,2023-07-11 02:00:00,<function <lambda> at 0x7fa4962879f0>,<function <lambda> at 0x7fa496287a90>,<function <lambda> at 0x7fa496287b30>
30892,2023-07-11 03:00:00,<function <lambda> at 0x7fa4962879f0>,<function <lambda> at 0x7fa496287a90>,<function <lambda> at 0x7fa496287b30>
30893,2023-07-11 04:00:00,<function <lambda> at 0x7fa4962879f0>,<function <lambda> at 0x7fa496287a90>,<function <lambda> at 0x7fa496287b30>
30894,2023-07-11 05:00:00,<function <lambda> at 0x7fa4962879f0>,<function <lambda> at 0x7fa496287a90>,<function <lambda> at 0x7fa496287b30>
30895,2023-07-11 06:00:00,<function <lambda> at 0x7fa4962879f0>,<function <lambda> at 0x7fa496287a90>,<function <lambda> at 0x7fa496287b30>
30896,2023-07-11 07:00:00,<function <lambda> at 0x7fa4962879f0>,<function <lambda> at 0x7fa496287a90>,<function <lambda> at 0x7fa496287b30>
30897,2023-07-11 08:00:00,<function <lambda> at 0x7fa4962879f0>,<function <lambda> at 0x7fa496287a90>,<function <lambda> at 0x7fa496287b30>
30898,2023-07-11 09:00:00,<function <lambda> at 0x7fa4962879f0>,<function <lambda> at 0x7fa496287a90>,<function <lambda> at 0x7fa496287b30>
30899,2023-07-11 10:00:00,<function <lambda> at 0x7fa4962879f0>,<function <lambda> at 0x7fa496287a90>,<function <lambda> at 0x7fa496287b30>
30900,2023-07-11 11:00:00,<function <lambda> at 0x7fa4962879f0>,<function <lambda> at 0x7fa496287a90>,<function <lambda> at 0x7fa496287b30>
30901,2023-07-11 12:00:00,<function <lambda> at 0x7fa4962879f0>,<function <lambda> at 0x7fa496287a90>,<function <lambda> at 0x7fa496287b30>
30902,2023-07-11 13:00:00,<function <lambda> at 0x7fa4962879f0>,<function <lambda> at 0x7fa496287a90>,<function <lambda> at 0x7fa496287b30>
30903,2023-07-11 14:00:00,<function <lambda> at 0x7fa4962879f0>,<function <lambda> at 0x7fa496287a90>,<function <lambda> at 0x7fa496287b30>
30904,2023-07-11 15:00:00,<function <lambda> at 0x7fa4962879f0>,<function <lambda> at 0x7fa496287a90>,<function <lambda> at 0x7fa496287b30>
30905,2023-07-11 16:00:00,<function <lambda> at 0x7fa4962879f0>,<function <lambda> at 0x7fa496287a90>,<function <lambda> at 0x7fa496287b30>
30906,2023-07-11 17:00:00,<function <lambda> at 0x7fa4962879f0>,<function <lambda> at 0x7fa496287a90>,<function <lambda> at 0x7fa496287b30>
30907,2023-07-11 18:00:00,<function <lambda> at 0x7fa4962879f0>,<function <lambda> at 0x7fa496287a90>,<function <lambda> at 0x7fa496287b30>
30908,2023-07-11 19:00:00,<function <lambda> at 0x7fa4962879f0>,<function <lambda> at 0x7fa496287a90>,<function <lambda> at 0x7fa496287b30>
30909,2023-07-11 20:00:00,<function <lambda> at 0x7fa4962879f0>,<function <lambda> at 0x7fa496287a90>,<function <lambda> at 0x7fa496287b30>
30910,2023-07-11 21:00:00,<function <lambda> at 0x7fa4962879f0>,<function <lambda> at 0x7fa496287a90>,<function <lambda> at 0x7fa496287b30>
30911,2023-07-11 22:00:00,<function <lambda> at 0x7fa4962879f0>,<function <lambda> at 0x7fa496287a90>,<function <lambda> at 0x7fa496287b30>
30912,2023-07-11 23:00:00,<function <lambda> at 0x7fa4962879f0>,<function <lambda> at 0x7fa496287a90>,<function <lambda> at 0x7fa496287b30>
30913,2023-07-12 00:00:00,<function <lambda> at 0x7fa4962879f0>,<function <lambda> at 0x7fa496287a90>,<function <lambda> at 0x7fa496287b30>
30914,2023-07-12 01:00:00,<function <lambda> at 0x7fa4962879f0>,<function <lambda> at 0x7fa496287a90>,<function <lambda> at 0x7fa496287b30>
30915,2023-07-12 02:00:00,<function <lambda> at 0x7fa4962879f0>,<function <lambda> at 0x7fa496287a90>,<function <lambda> at 0x7fa496287b30>
30916,2023-07-12 03:00:00,<function <lambda> at 0x7fa4962879f0>,<function <lambda> at 0x7fa496287a90>,<function <lambda> at 0x7fa496287b30>
30917,2023-07-12 04:00:00,<function <lambda> at 0x7fa4962879f0>,<function <lambda> at 0x7fa496287a90>,<function <lambda> at 0x7fa496287b30>
30918,2023-07-12 05:00:00,<function <lambda> at 0x7fa4962879f0>,<function <lambda> at 0x7fa496287a90>,<function <lambda> at 0x7fa496287b30>
30919,2023-07-12 06:00:00,<function <lambda> at 0x7fa4962879f0>,<function <lambda> at 0x7fa496287a90>,<function <lambda> at 0x7fa496287b30>
30920,2023-07-12 07:00:00,<function <lambda> at 0x7fa4962879f0>,<function <lambda> at 0x7fa496287a90>,<function <lambda> at 0x7fa496287b30>
30921,2023-07-12 08:00:00,<function <lambda> at 0x7fa4962879f0>,<function <lambda> at 0x7fa496287a90>,<function <lambda> at 0x7fa496287b30>
30922,2023-07-12 09:00:00,<function <lambda> at 0x7fa4962879f0>,<function <lambda> at 0x7fa496287a90>,<function <lambda> at 0x7fa496287b30>
30923,2023-07-12 10:00:00,<function <lambda> at 0x7fa4962879f0>,<function <lambda> at 0x7fa496287a90>,<function <lambda> at 0x7fa496287b30>
30924,2023-07-12 11:00:00,<function <lambda> at 0x7fa4962879f0>,<function <lambda> at 0x7fa496287a90>,<function <lambda> at 0x7fa496287b30>
30925,2023-07-12 12:00:00,<function <lambda> at 0x7fa4962879f0>,<function <lambda> at 0x7fa496287a90>,<function <lambda> at 0x7fa496287b30>
30926,2023-07-12 13:00:00,<function <lambda> at 0x7fa4962879f0>,<function <lambda> at 0x7fa496287a90>,<function <lambda> at 0x7fa496287b30>
30927,2023-07-12 14:00:00,<function <lambda> at 0x7fa4962879f0>,<function <lambda> at 0x7fa496287a90>,<function <lambda> at 0x7fa496287b30>
30928,2023-07-12 15:00:00,<function <lambda> at 0x7fa4962879f0>,<function <lambda> at 0x7fa496287a90>,<function <lambda> at 0x7fa496287b30>
30929,2023-07-12 16:00:00,<function <lambda> at 0x7fa4962879f0>,<function <lambda> at 0x7fa496287a90>,<function <lambda> at 0x7fa496287b30>
30930,2023-07-12 17:00:00,<function <lambda> at 0x7fa4962879f0>,<function <lambda> at 0x7fa496287a90>,<function <lambda> at 0x7fa496287b30>
30931,2023-07-12 18:00:00,<function <lambda> at 0x7fa4962879f0>,<function <lambda> at 0x7fa496287a90>,<function <lambda> at 0x7fa496287b30>
30932,2023-07-12 19:00:00,<function <lambda> at 0x7fa4962879f0>,<function <lambda> at 0x7fa496287a90>,<function <lambda> at 0x7fa496287b30>
30933,2023-07-12 20:00:00,<function <lambda> at 0x7fa4962879f0>,<function <lambda> at 0x7fa496287a90>,<function <lambda> at 0x7fa496287b30>
30934,2023-07-12 21:00:00,<function <lambda> at 0x7fa4962879f0>,<function <lambda> at 0x7fa496287a90>,<function <lambda> at 0x7fa496287b30>
30935,2023-07-12 22:00:00,<function <lambda> at 0x7fa4962879f0>,<function <lambda> at 0x7fa496287a90>,<function <lambda> at 0x7fa496287b30>
30936,2023-07-12 23:00:00,<function <lambda> at 0x7fa4962879f0>,<function <lambda> at 0x7fa496287a90>,<function <lambda> at 0x7fa496287b30>
30937,2023-07-13 00:00:00,<function <lambda> at 0x7fa4962879f0>,<function <lambda> at 0x7fa496287a90>,<function <lambda> at 0x7fa496287b30>
30938,2023-07-13 01:00:00,<function <lambda> at 0x7fa4962879f0>,<function <lambda> at 0x7fa496287a90>,<function <lambda> at 0x7fa496287b30>
30939,2023-07-13 02:00:00,<function <lambda> at 0x7fa4962879f0>,<function <lambda> at 0x7fa496287a90>,<function <lambda> at 0x7fa496287b30>
30940,2023-07-13 03:00:00,<function <lambda> at 0x7fa4962879f0>,<function <lambda> at 0x7fa496287a90>,<function <lambda> at 0x7fa496287b30>
30941,2023-07-13 04:00:00,<function <lambda> at 0x7fa4962879f0>,<function <lambda> at 0x7fa496287a90>,<function <lambda> at 0x7fa496287b30>
30942,2023-07-13 05:00:00,<function <lambda> at 0x7fa4962879f0>,<function <lambda> at 0x7fa496287a90>,<function <lambda> at 0x7fa496287b30>
30943,2023-07-13 06:00:00,<function <lambda> at 0x7fa4962879f0>,<function <lambda> at 0x7fa496287a90>,<function <lambda> at 0x7fa496287b30>
30944,2023-07-13 07:00:00,<function <lambda> at 0x7fa4962879f0>,<function <lambda> at 0x7fa496287a90>,<function <lambda> at 0x7fa496287b30>
30945,2023-07-13 08:00:00,<function <lambda> at 0x7fa4962879f0>,<function <lambda> at 0x7fa496287a90>,<function <lambda> at 0x7fa496287b30>
30946,2023-07-13 09:00:00,<function <lambda> at 0x7fa4962879f0>,<function <lambda> at 0x7fa496287a90>,<function <lambda> at 0x7fa496287b30>
30947,2023-07-13 10:00:00,<function <lambda> at 0x7fa4962879f0>,<function <lambda> at 0x7fa496287a90>,<function <lambda> at 0x7fa496287b30>
30948,2023-07-13 11:00:00,<function <lambda> at 0x7fa4962879f0>,<function <lambda> at 0x7fa496287a90>,<function <lambda> at 0x7fa496287b30>
30949,2023-07-13 12:00:00,<function <lambda> at 0x7fa4962879f0>,<function <lambda> at 0x7fa496287a90>,<function <lambda> at 0x7fa496287b30>
30950,2023-07-13 13:00:00,<function <lambda> at 0x7fa4962879f0>,<function <lambda> at 0x7fa496287a90>,<function <lambda> at 0x7fa496287b30>
30951,2023-07-13 14:00:00,<function <lambda> at 0x7fa4962879f0>,<function <lambda> at 0x7fa496287a90>,<function <lambda> at 0x7fa496287b30>
30952,2023-07-13 15:00:00,<function <lambda> at 0x7fa4962879f0>,<function <lambda> at 0x7fa496287a90>,<function <lambda> at 0x7fa496287b30>
30953,2023-07-13 16:00:00,<function <lambda> at 0x7fa4962879f0>,<function <lambda> at 0x7fa496287a90>,<function <lambda> at 0x7fa496287b30>
30954,2023-07-13 17:00:00,<function <lambda> at 0x7fa4962879f0>,<function <lambda> at 0x7fa496287a90>,<function <lambda> at 0x7fa496287b30>
30955,2023-07-13 18:00:00,<function <lambda> at 0x7fa4962879f0>,<function <lambda> at 0x7fa496287a90>,<function <lambda> at 0x7fa496287b30>
30956,2023-07-13 19:00:00,<function <lambda> at 0x7fa4962879f0>,<function <lambda> at 0x7fa496287a90>,<function <lambda> at 0x7fa496287b30>
30957,2023-07-13 20:00:00,<function <lambda> at 0x7fa4962879f0>,<function <lambda> at 0x7fa496287a90>,<function <lambda> at 0x7fa496287b30>
30958,2023-07-13 21:00:00,<function <lambda> at 0x7fa4962879f0>,<function <lambda> at 0x7fa496287a90>,<function <lambda> at 0x7fa496287b30>
30959,2023-07-13 22:00:00,<function <lambda> at 0x7fa4962879f0>,<function <lambda> at 0x7fa496287a90>,<function <lambda> at 0x7fa496287b30>
30960,2023-07-13 23:00:00,<function <lambda> at 0x7fa4962879f0>,<function <lambda> at 0x7fa496287a90>,<function <lambda> at 0x7fa496287b30>
30961,2023-07-14 00:00:00,<function <lambda> at 0x7fa4962879f0>,<function <lambda> at 0x7fa496287a90>,<function <lambda> at 0x7fa496287b30>
30962,2023-07-14 01:00:00,<function <lambda> at 0x7fa4962879f0>,<function <lambda> at 0x7fa496287a90>,<function <lambda> at 0x7fa496287b30>
30963,2023-07-14 02:00:00,<function <lambda> at 0x7fa4962879f0>,<function <lambda> at 0x7fa496287a90>,<function <lambda> at 0x7fa496287b30>
30964,2023-07-14 03:00:00,<function <lambda> at 0x7fa4962879f0>,<function <lambda> at 0x7fa496287a90>,<function <lambda> at 0x7fa496287b30>
30965,2023-07-14 04:00:00,<function <lambda> at 0x7fa4962879f0>,<function <lambda> at 0x7fa496287a90>,<function <lambda> at 0x7fa496287b30>
30966,2023-07-14 05:00:00,<function <lambda> at 0x7fa4962879f0>,<function <lambda> at 0x7fa496287a90>,<function <lambda> at 0x7fa496287b30>
30967,2023-07-14 06:00:00,<function <lambda> at 0x7fa4962879f0>,<function <lambda> at 0x7fa496287a90>,<function <lambda> at 0x7fa496287b30>
30968,2023-07-14 07:00:00,<function <lambda> at 0x7fa4962879f0>,<function <lambda> at 0x7fa496287a90>,<function <lambda> at 0x7fa496287b30>
30969,2023-07-14 08:00:00,<function <lambda> at 0x7fa4962879f0>,<function <lambda> at 0x7fa496287a90>,<function <lambda> at 0x7fa496287b30>
30970,2023-07-14 09:00:00,<function <lambda> at 0x7fa4962879f0>,<function <lambda> at 0x7fa496287a90>,<function <lambda> at 0x7fa496287b30>
30971,2023-07-14 10:00:00,<function <lambda> at 0x7fa4962879f0>,<function <lambda> at 0x7fa496287a90>,<function <lambda> at 0x7fa496287b30>
30972,2023-07-14 11:00:00,<function <lambda> at 0x7fa4962879f0>,<function <lambda> at 0x7fa496287a90>,<function <lambda> at 0x7fa496287b30>
30973,2023-07-14 12:00:00,<function <lambda> at 0x7fa4962879f0>,<function <lambda> at 0x7fa496287a90>,<function <lambda> at 0x7fa496287b30>
30974,2023-07-14 13:00:00,<function <lambda> at 0x7fa4962879f0>,<function <lambda> at 0x7fa496287a90>,<function <lambda> at 0x7fa496287b30>
30975,2023-07-14 14:00:00,<function <lambda> at 0x7fa4962879f0>,<function <lambda> at 0x7fa496287a90>,<function <lambda> at 0x7fa496287b30>
30976,2023-07-14 15:00:00,<function <lambda> at 0x7fa4962879f0>,<function <lambda> at 0x7fa496287a90>,<function <lambda> at 0x7fa496287b30>
30977,2023-07-14 16:00:00,<function <lambda> at 0x7fa4962879f0>,<function <lambda> at 0x7fa496287a90>,<function <lambda> at 0x7fa496287b30>
30978,2023-07-14 17:00:00,<function <lambda> at 0x7fa4962879f0>,<function <lambda> at 0x7fa496287a90>,<function <lambda> at 0x7fa496287b30>
30979,2023-07-14 18:00:00,<function <lambda> at 0x7fa4962879f0>,<function <lambda> at 0x7fa496287a90>,<function <lambda> at 0x7fa496287b30>
30980,2023-07-14 19:00:00,<function <lambda> at 0x7fa4962879f0>,<function <lambda> at 0x7fa496287a90>,<function <lambda> at 0x7fa496287b30>
30981,2023-07-14 20:00:00,<function <lambda> at 0x7fa4962879f0>,<function <lambda> at 0x7fa496287a90>,<function <lambda> at 0x7fa496287b30>
30982,2023-07-14 21:00:00,<function <lambda> at 0x7fa4962879f0>,<function <lambda> at 0x7fa496287a90>,<function <lambda> at 0x7fa496287b30>
30983,2023-07-14 22:00:00,<function <lambda> at 0x7fa4962879f0>,<function <lambda> at 0x7fa496287a90>,<function <lambda> at 0x7fa496287b30>
30984,2023-07-14 23:00:00,<function <lambda> at 0x7fa4962879f0>,<function <lambda> at 0x7fa496287a90>,<function <lambda> at 0x7fa496287b30>
30985,2023-07-15 00:00:00,<function <lambda> at 0x7fa4962879f0>,<function <lambda> at 0x7fa496287a90>,<function <lambda> at 0x7fa496287b30>
30986,2023-07-15 01:00:00,<function <lambda> at 0x7fa4962879f0>,<function <lambda> at 0x7fa496287a90>,<function <lambda> at 0x7fa496287b30>
30987,2023-07-15 02:00:00,<function <lambda> at 0x7fa4962879f0>,<function <lambda> at 0x7fa496287a90>,<function <lambda> at 0x7fa496287b30>
30988,2023-07-15 03:00:00,<function <lambda> at 0x7fa4962879f0>,<function <lambda> at 0x7fa496287a90>,<function <lambda> at 0x7fa496287b30>
30989,2023-07-15 04:00:00,<function <lambda> at 0x7fa4962879f0>,<function <lambda> at 0x7fa496287a90>,<function <lambda> at 0x7fa496287b30>
30990,2023-07-15 05:00:00,<function <lambda> at 0x7fa4962879f0>,<function <lambda> at 0x7fa496287a90>,<function <lambda> at 0x7fa496287b30>
30991,2023-07-15 06:00:00,<function <lambda> at 0x7fa4962879f0>,<function <lambda> at 0x7fa496287a90>,<function <lambda> at 0x7fa496287b30>
30992,2023-07-15 07:00:00,<function <lambda> at 0x7fa4962879f0>,<function <lambda> at 0x7fa496287a90>,<function <lambda> at 0x7fa496287b30>
30993,2023-07-15 08:00:00,<function <lambda> at 0x7fa4962879f0>,<function <lambda> at 0x7fa496287a90>,<function <lambda> at 0x7fa496287b30>
30994,2023-07-15 09:00:00,<function <lambda> at 0x7fa4962879f0>,<function <lambda> at 0x7fa496287a90>,<function <lambda> at 0x7fa496287b30>
30995,2023-07-15 10:00:00,<function <lambda> at 0x7fa4962879f0>,<function <lambda> at 0x7fa496287a90>,<function <lambda> at 0x7fa496287b30>
30996,2023-07-15 11:00:00,<function <lambda> at 0x7fa4962879f0>,<function <lambda> at 0x7fa496287a90>,<function <lambda> at 0x7fa496287b30>
30997,2023-07-15 12:00:00,<function <lambda> at 0x7fa4962879f0>,<function <lambda> at 0x7fa496287a90>,<function <lambda> at 0x7fa496287b30>
30998,2023-07-15 13:00:00,<function <lambda> at 0x7fa4962879f0>,<function <lambda> at 0x7fa496287a90>,<function <lambda> at 0x7fa496287b30>
30999,2023-07-15 14:00:00,<function <lambda> at 0x7fa4962879f0>,<function <lambda> at 0x7fa496287a90>,<function <lambda> at 0x7fa496287b30>
31000,2023-07-15 15:00:00,<function <lambda> at 0x7fa4962879f0>,<function <lambda> at 0x7fa496287a90>,<function <lambda> at 0x7fa496287b30>
31001,2023-07-15 16:00:00,<function <lambda> at 0x7fa4962879f0>,<function <lambda> at 0x7fa496287a90>,<function <lambda> at 0x7fa496287b30>
31002,2023-07-15 17:00:00,<function <lambda> at 0x7fa4962879f0>,<function <lambda> at 0x7fa496287a90>,<function <lambda> at 0x7fa496287b30>
31003,2023-07-15 18:00:00,<function <lambda> at 0x7fa4962879f0>,<function <lambda> at 0x7fa496287a90>,<function <lambda> at 0x7fa496287b30>
31004,2023-07-15 19:00:00,<function <lambda> at 0x7fa4962879f0>,<function <lambda> at 0x7fa496287a90>,<function <lambda> at 0x7fa496287b30>
31005,2023-07-15 20:00:00,<function <lambda> at 0x7fa4962879f0>,<function <lambda> at 0x7fa496287a90>,<function <lambda> at 0x7fa496287b30>
31006,2023-07-15 21:00:00,<function <lambda> at 0x7fa4962879f0>,<function <lambda> at 0x7fa496287a90>,<function <lambda> at 0x7fa496287b30>
31007,2023-07-15 22:00:00,<function <lambda> at 0x7fa4962879f0>,<function <lambda> at 0x7fa496287a90>,<function <lambda> at 0x7fa496287b30>
31008,2023-07-15 23:00:00,<function <lambda> at 0x7fa4962879f0>,<function <lambda> at 0x7fa496287a90>,<function <lambda> at 0x7fa496287b30>
31009,2023-07-16 00:00:00,<function <lambda> at 0x7fa4962879f0>,<function <lambda> at 0x7fa496287a90>,<function <lambda> at 0x7fa496287b30>
31010,2023-07-16 01:00:00,<function <lambda> at 0x7fa4962879f0>,<function <lambda> at 0x7fa496287a90>,<function <lambda> at 0x7fa496287b30>
31011,2023-07-16 02:00:00,<function <lambda> at 0x7fa4962879f0>,<function <lambda> at 0x7fa496287a90>,<function <lambda> at 0x7fa496287b30>
31012,2023-07-16 03:00:00,<function <lambda> at 0x7fa4962879f0>,<function <lambda> at 0x7fa496287a90>,<function <lambda> at 0x7fa496287b30>
31013,2023-07-16 04:00:00,<function <lambda> at 0x7fa4962879f0>,<function <lambda> at 0x7fa496287a90>,<function <lambda> at 0x7fa496287b30>
31014,2023-07-16 05:00:00,<function <lambda> at 0x7fa4962879f0>,<function <lambda> at 0x7fa496287a90>,<function <lambda> at 0x7fa496287b30>
31015,2023-07-16 06:00:00,<function <lambda> at 0x7fa4962879f0>,<function <lambda> at 0x7fa496287a90>,<function <lambda> at 0x7fa496287b30>
31016,2023-07-16 07:00:00,<function <lambda> at 0x7fa4962879f0>,<function <lambda> at 0x7fa496287a90>,<function <lambda> at 0x7fa496287b30>
31017,2023-07-16 08:00:00,<function <lambda> at 0x7fa4962879f0>,<function <lambda> at 0x7fa496287a90>,<function <lambda> at 0x7fa496287b30>
31018,2023-07-16 09:00:00,<function <lambda> at 0x7fa4962879f0>,<function <lambda> at 0x7fa496287a90>,<function <lambda> at 0x7fa496287b30>
31019,2023-07-16 10:00:00,<function <lambda> at 0x7fa4962879f0>,<function <lambda> at 0x7fa496287a90>,<function <lambda> at 0x7fa496287b30>
31020,2023-07-16 11:00:00,<function <lambda> at 0x7fa4962879f0>,<function <lambda> at 0x7fa496287a90>,<function <lambda> at 0x7fa496287b30>
31021,2023-07-16 12:00:00,<function <lambda> at 0x7fa4962879f0>,<function <lambda> at 0x7fa496287a90>,<function <lambda> at 0x7fa496287b30>
31022,2023-07-16 13:00:00,<function <lambda> at 0x7fa4962879f0>,<function <lambda> at 0x7fa496287a90>,<function <lambda> at 0x7fa496287b30>
31023,2023-07-16 14:00:00,<function <lambda> at 0x7fa4962879f0>,<function <lambda> at 0x7fa496287a90>,<function <lambda> at 0x7fa496287b30>
31024,2023-07-16 15:00:00,<function <lambda> at 0x7fa4962879f0>,<function <lambda> at 0x7fa496287a90>,<function <lambda> at 0x7fa496287b30>
31025,2023-07-16 16:00:00,<function <lambda> at 0x7fa4962879f0>,<function <lambda> at 0x7fa496287a90>,<function <lambda> at 0x7fa496287b30>
31026,2023-07-16 17:00:00,<function <lambda> at 0x7fa4962879f0>,<function <lambda> at 0x7fa496287a90>,<function <lambda> at 0x7fa496287b30>
31027,2023-07-16 18:00:00,<function <lambda> at 0x7fa4962879f0>,<function <lambda> at 0x7fa496287a90>,<function <lambda> at 0x7fa496287b30>
31028,2023-07-16 19:00:00,<function <lambda> at 0x7fa4962879f0>,<function <lambda> at 0x7fa496287a90>,<function <lambda> at 0x7fa496287b30>
31029,2023-07-16 20:00:00,<function <lambda> at 0x7fa4962879f0>,<function <lambda> at 0x7fa496287a90>,<function <lambda> at 0x7fa496287b30>
31030,2023-07-16 21:00:00,<function <lambda> at 0x7fa4962879f0>,<function <lambda> at 0x7fa496287a90>,<function <lambda> at 0x7fa496287b30>
31031,2023-07-16 22:00:00,<function <lambda> at 0x7fa4962879f0>,<function <lambda> at 0x7fa496287a90>,<function <lambda> at 0x7fa496287b30>
31032,2023-07-16 23:00:00,<function <lambda> at 0x7fa4962879f0>,<function <lambda> at 0x7fa496287a90>,<function <lambda> at 0x7fa496287b30>
31033,2023-07-17 00:00:00,<function <lambda> at 0x7fa4962879f0>,<function <lambda> at 0x7fa496287a90>,<function <lambda> at 0x7fa496287b30>
31034,2023-07-17 01:00:00,<function <lambda> at 0x7fa4962879f0>,<function <lambda> at 0x7fa496287a90>,<function <lambda> at 0x7fa496287b30>
31035,2023-07-17 02:00:00,<function <lambda> at 0x7fa4962879f0>,<function <lambda> at 0x7fa496287a90>,<function <lambda> at 0x7fa496287b30>
31036,2023-07-17 03:00:00,<function <lambda> at 0x7fa4962879f0>,<function <lambda> at 0x7fa496287a90>,<function <lambda> at 0x7fa496287b30>
31037,2023-07-17 04:00:00,<function <lambda> at 0x7fa4962879f0>,<function <lambda> at 0x7fa496287a90>,<function <lambda> at 0x7fa496287b30>
31038,2023-07-17 05:00:00,<function <lambda> at 0x7fa4962879f0>,<function <lambda> at 0x7fa496287a90>,<function <lambda> at 0x7fa496287b30>
31039,2023-07-17 06:00:00,<function <lambda> at 0x7fa4962879f0>,<function <lambda> at 0x7fa496287a90>,<function <lambda> at 0x7fa496287b30>
31040,2023-07-17 07:00:00,<function <lambda> at 0x7fa4962879f0>,<function <lambda> at 0x7fa496287a90>,<function <lambda> at 0x7fa496287b30>
31041,2023-07-17 08:00:00,<function <lambda> at 0x7fa4962879f0>,<function <lambda> at 0x7fa496287a90>,<function <lambda> at 0x7fa496287b30>
31042,2023-07-17 09:00:00,<function <lambda> at 0x7fa4962879f0>,<function <lambda> at 0x7fa496287a90>,<function <lambda> at 0x7fa496287b30>
31043,2023-07-17 10:00:00,<function <lambda> at 0x7fa4962879f0>,<function <lambda> at 0x7fa496287a90>,<function <lambda> at 0x7fa496287b30>
31044,2023-07-17 11:00:00,<function <lambda> at 0x7fa4962879f0>,<function <lambda> at 0x7fa496287a90>,<function <lambda> at 0x7fa496287b30>
31045,2023-07-17 12:00:00,<function <lambda> at 0x7fa4962879f0>,<function <lambda> at 0x7fa496287a90>,<function <lambda> at 0x7fa496287b30>
31046,2023-07-17 13:00:00,<function <lambda> at 0x7fa4962879f0>,<function <lambda> at 0x7fa496287a90>,<function <lambda> at 0x7fa496287b30>
31047,2023-07-17 14:00:00,<function <lambda> at 0x7fa4962879f0>,<function <lambda> at 0x7fa496287a90>,<function <lambda> at 0x7fa496287b30>
31048,2023-07-17 15:00:00,<function <lambda> at 0x7fa4962879f0>,<function <lambda> at 0x7fa496287a90>,<function <lambda> at 0x7fa496287b30>
31049,2023-07-17 16:00:00,<function <lambda> at 0x7fa4962879f0>,<function <lambda> at 0x7fa496287a90>,<function <lambda> at 0x7fa496287b30>
31050,2023-07-17 17:00:00,<function <lambda> at 0x7fa4962879f0>,<function <lambda> at 0x7fa496287a90>,<function <lambda> at 0x7fa496287b30>
31051,2023-07-17 18:00:00,<function <lambda> at 0x7fa4962879f0>,<function <lambda> at 0x7fa496287a90>,<function <lambda> at 0x7fa496287b30>
31052,2023-07-17 19:00:00,<function <lambda> at 0x7fa4962879f0>,<function <lambda> at 0x7fa496287a90>,<function <lambda> at 0x7fa496287b30>
31053,2023-07-17 20:00:00,<function <lambda> at 0x7fa4962879f0>,<function <lambda> at 0x7fa496287a90>,<function <lambda> at 0x7fa496287b30>
31054,2023-07-17 21:00:00,<function <lambda> at 0x7fa4962879f0>,<function <lambda> at 0x7fa496287a90>,<function <lambda> at 0x7fa496287b30>
31055,2023-07-17 22:00:00,<function <lambda> at 0x7fa4962879f0>,<function <lambda> at 0x7fa496287a90>,<function <lambda> at 0x7fa496287b30>
31056,2023-07-17 23:00:00,<function <lambda> at 0x7fa4962879f0>,<function <lambda> at 0x7fa496287a90>,<function <lambda> at 0x7fa496287b30>
31057,2023-07-18 00:00:00,<function <lambda> at 0x7fa4962879f0>,<function <lambda> at 0x7fa496287a90>,<function <lambda> at 0x7fa496287b30>
31058,2023-07-18 01:00:00,<function <lambda> at 0x7fa4962879f0>,<function <lambda> at 0x7fa496287a90>,<function <lambda> at 0x7fa496287b30>
31059,2023-07-18 02:00:00,<function <lambda> at 0x7fa4962879f0>,<function <lambda> at 0x7fa496287a90>,<function <lambda> at 0x7fa496287b30>
31060,2023-07-18 03:00:00,<function <lambda> at 0x7fa4962879f0>,<function <lambda> at 0x7fa496287a90>,<function <lambda> at 0x7fa496287b30>
31061,2023-07-18 04:00:00,<function <lambda> at 0x7fa4962879f0>,<function <lambda> at 0x7fa496287a90>,<function <lambda> at 0x7fa496287b30>
31062,2023-07-18 05:00:00,<function <lambda> at 0x7fa4962879f0>,<function <lambda> at 0x7fa496287a90>,<function <lambda> at 0x7fa496287b30>
31063,2023-07-18 06:00:00,<function <lambda> at 0x7fa4962879f0>,<function <lambda> at 0x7fa496287a90>,<function <lambda> at 0x7fa496287b30>
31064,2023-07-18 07:00:00,<function <lambda> at 0x7fa4962879f0>,<function <lambda> at 0x7fa496287a90>,<function <lambda> at 0x7fa496287b30>
31065,2023-07-18 08:00:00,<function <lambda> at 0x7fa4962879f0>,<function <lambda> at 0x7fa496287a90>,<function <lambda> at 0x7fa496287b30>
31066,2023-07-18 09:00:00,<function <lambda> at 0x7fa4962879f0>,<function <lambda> at 0x7fa496287a90>,<function <lambda> at 0x7fa496287b30>
31067,2023-07-18 10:00:00,<function <lambda> at 0x7fa4962879f0>,<function <lambda> at 0x7fa496287a90>,<function <lambda> at 0x7fa496287b30>
31068,2023-07-18 11:00:00,<function <lambda> at 0x7fa4962879f0>,<function <lambda> at 0x7fa496287a90>,<function <lambda> at 0x7fa496287b30>
31069,2023-07-18 12:00:00,<function <lambda> at 0x7fa4962879f0>,<function <lambda> at 0x7fa496287a90>,<function <lambda> at 0x7fa496287b30>
31070,2023-07-18 13:00:00,<function <lambda> at 0x7fa4962879f0>,<function <lambda> at 0x7fa496287a90>,<function <lambda> at 0x7fa496287b30>
31071,2023-07-18 14:00:00,<function <lambda> at 0x7fa4962879f0>,<function <lambda> at 0x7fa496287a90>,<function <lambda> at 0x7fa496287b30>
31072,2023-07-18 15:00:00,<function <lambda> at 0x7fa4962879f0>,<function <lambda> at 0x7fa496287a90>,<function <lambda> at 0x7fa496287b30>
31073,2023-07-18 16:00:00,<function <lambda> at 0x7fa4962879f0>,<function <lambda> at 0x7fa496287a90>,<function <lambda> at 0x7fa496287b30>
31074,2023-07-18 17:00:00,<function <lambda> at 0x7fa4962879f0>,<function <lambda> at 0x7fa496287a90>,<function <lambda> at 0x7fa496287b30>
31075,2023-07-18 18:00:00,<function <lambda> at 0x7fa4962879f0>,<function <lambda> at 0x7fa496287a90>,<function <lambda> at 0x7fa496287b30>
31076,2023-07-18 19:00:00,<function <lambda> at 0x7fa4962879f0>,<function <lambda> at 0x7fa496287a90>,<function <lambda> at 0x7fa496287b30>
31077,2023-07-18 20:00:00,<function <lambda> at 0x7fa4962879f0>,<function <lambda> at 0x7fa496287a90>,<function <lambda> at 0x7fa496287b30>
31078,2023-07-18 21:00:00,<function <lambda> at 0x7fa4962879f0>,<function <lambda> at 0x7fa496287a90>,<function <lambda> at 0x7fa496287b30>
31079,2023-07-18 22:00:00,<function <lambda> at 0x7fa4962879f0>,<function <lambda> at 0x7fa496287a90>,<function <lambda> at 0x7fa496287b30>
31080,2023-07-18 23:00:00,<function <lambda> at 0x7fa4962879f0>,<function <lambda> at 0x7fa496287a90>,<function <lambda> at 0x7fa496287b30>
31081,2023-07-19 00:00:00,<function <lambda> at 0x7fa4962879f0>,<function <lambda> at 0x7fa496287a90>,<function <lambda> at 0x7fa496287b30>
31082,2023-07-19 01:00:00,<function <lambda> at 0x7fa4962879f0>,<function <lambda> at 0x7fa496287a90>,<function <lambda> at 0x7fa496287b30>
31083,2023-07-19 02:00:00,<function <lambda> at 0x7fa4962879f0>,<function <lambda> at 0x7fa496287a90>,<function <lambda> at 0x7fa496287b30>
31084,2023-07-19 03:00:00,<function <lambda> at 0x7fa4962879f0>,<function <lambda> at 0x7fa496287a90>,<function <lambda> at 0x7fa496287b30>
31085,2023-07-19 04:00:00,<function <lambda> at 0x7fa4962879f0>,<function <lambda> at 0x7fa496287a90>,<function <lambda> at 0x7fa496287b30>
31086,2023-07-19 05:00:00,<function <lambda> at 0x7fa4962879f0>,<function <lambda> at 0x7fa496287a90>,<function <lambda> at 0x7fa496287b30>
31087,2023-07-19 06:00:00,<function <lambda> at 0x7fa4962879f0>,<function <lambda> at 0x7fa496287a90>,<function <lambda> at 0x7fa496287b30>
31088,2023-07-19 07:00:00,<function <lambda> at 0x7fa4962879f0>,<function <lambda> at 0x7fa496287a90>,<function <lambda> at 0x7fa496287b30>
31089,2023-07-19 08:00:00,<function <lambda> at 0x7fa4962879f0>,<function <lambda> at 0x7fa496287a90>,<function <lambda> at 0x7fa496287b30>
31090,2023-07-19 09:00:00,<function <lambda> at 0x7fa4962879f0>,<function <lambda> at 0x7fa496287a90>,<function <lambda> at 0x7fa496287b30>
31091,2023-07-19 10:00:00,<function <lambda> at 0x7fa4962879f0>,<function <lambda> at 0x7fa496287a90>,<function <lambda> at 0x7fa496287b30>
31092,2023-07-19 11:00:00,<function <lambda> at 0x7fa4962879f0>,<function <lambda> at 0x7fa496287a90>,<function <lambda> at 0x7fa496287b30>
31093,2023-07-19 12:00:00,<function <lambda> at 0x7fa4962879f0>,<function <lambda> at 0x7fa496287a90>,<function <lambda> at 0x7fa496287b30>
31094,2023-07-19 13:00:00,<function <lambda> at 0x7fa4962879f0>,<function <lambda> at 0x7fa496287a90>,<function <lambda> at 0x7fa496287b30>
31095,2023-07-19 14:00:00,<function <lambda> at 0x7fa4962879f0>,<function <lambda> at 0x7fa496287a90>,<function <lambda> at 0x7fa496287b30>
31096,2023-07-19 15:00:00,<function <lambda> at 0x7fa4962879f0>,<function <lambda> at 0x7fa496287a90>,<function <lambda> at 0x7fa496287b30>
31097,2023-07-19 16:00:00,<function <lambda> at 0x7fa4962879f0>,<function <lambda> at 0x7fa496287a90>,<function <lambda> at 0x7fa496287b30>
31098,2023-07-19 17:00:00,<function <lambda> at 0x7fa4962879f0>,<function <lambda> at 0x7fa496287a90>,<function <lambda> at 0x7fa496287b30>
31099,2023-07-19 18:00:00,<function <lambda> at 0x7fa4962879f0>,<function <lambda> at 0x7fa496287a90>,<function <lambda> at 0x7fa496287b30>
31100,2023-07-19 19:00:00,<function <lambda> at 0x7fa4962879f0>,<function <lambda> at 0x7fa496287a90>,<function <lambda> at 0x7fa496287b30>
31101,2023-07-19 20:00:00,<function <lambda> at 0x7fa4962879f0>,<function <lambda> at 0x7fa496287a90>,<function <lambda> at 0x7fa496287b30>
31102,2023-07-19 21:00:00,<function <lambda> at 0x7fa4962879f0>,<function <lambda> at 0x7fa496287a90>,<function <lambda> at 0x7fa496287b30>
31103,2023-07-19 22:00:00,<function <lambda> at 0x7fa4962879f0>,<function <lambda> at 0x7fa496287a90>,<function <lambda> at 0x7fa496287b30>
31104,2023-07-19 23:00:00,<function <lambda> at 0x7fa4962879f0>,<function <lambda> at 0x7fa496287a90>,<function <lambda> at 0x7fa496287b30>
31105,2023-07-20 00:00:00,<function <lambda> at 0x7fa4962879f0>,<function <lambda> at 0x7fa496287a90>,<function <lambda> at 0x7fa496287b30>
31106,2023-07-20 01:00:00,<function <lambda> at 0x7fa4962879f0>,<function <lambda> at 0x7fa496287a90>,<function <lambda> at 0x7fa496287b30>
31107,2023-07-20 02:00:00,<function <lambda> at 0x7fa4962879f0>,<function <lambda> at 0x7fa496287a90>,<function <lambda> at 0x7fa496287b30>
31108,2023-07-20 03:00:00,<function <lambda> at 0x7fa4962879f0>,<function <lambda> at 0x7fa496287a90>,<function <lambda> at 0x7fa496287b30>
31109,2023-07-20 04:00:00,<function <lambda> at 0x7fa4962879f0>,<function <lambda> at 0x7fa496287a90>,<function <lambda> at 0x7fa496287b30>
31110,2023-07-20 05:00:00,<function <lambda> at 0x7fa4962879f0>,<function <lambda> at 0x7fa496287a90>,<function <lambda> at 0x7fa496287b30>
31111,2023-07-20 06:00:00,<function <lambda> at 0x7fa4962879f0>,<function <lambda> at 0x7fa496287a90>,<function <lambda> at 0x7fa496287b30>
31112,2023-07-20 07:00:00,<function <lambda> at 0x7fa4962879f0>,<function <lambda> at 0x7fa496287a90>,<function <lambda> at 0x7fa496287b30>
31113,2023-07-20 08:00:00,<function <lambda> at 0x7fa4962879f0>,<function <lambda> at 0x7fa496287a90>,<function <lambda> at 0x7fa496287b30>
31114,2023-07-20 09:00:00,<function <lambda> at 0x7fa4962879f0>,<function <lambda> at 0x7fa496287a90>,<function <lambda> at 0x7fa496287b30>
31115,2023-07-20 10:00:00,<function <lambda> at 0x7fa4962879f0>,<function <lambda> at 0x7fa496287a90>,<function <lambda> at 0x7fa496287b30>
31116,2023-07-20 11:00:00,<function <lambda> at 0x7fa4962879f0>,<function <lambda> at 0x7fa496287a90>,<function <lambda> at 0x7fa496287b30>
31117,2023-07-20 12:00:00,<function <lambda> at 0x7fa4962879f0>,<function <lambda> at 0x7fa496287a90>,<function <lambda> at 0x7fa496287b30>
31118,2023-07-20 13:00:00,<function <lambda> at 0x7fa4962879f0>,<function <lambda> at 0x7fa496287a90>,<function <lambda> at 0x7fa496287b30>
31119,2023-07-20 14:00:00,<function <lambda> at 0x7fa4962879f0>,<function <lambda> at 0x7fa496287a90>,<function <lambda> at 0x7fa496287b30>
31120,2023-07-20 15:00:00,<function <lambda> at 0x7fa4962879f0>,<function <lambda> at 0x7fa496287a90>,<function <lambda> at 0x7fa496287b30>
31121,2023-07-20 16:00:00,<function <lambda> at 0x7fa4962879f0>,<function <lambda> at 0x7fa496287a90>,<function <lambda> at 0x7fa496287b30>
31122,2023-07-20 17:00:00,<function <lambda> at 0x7fa4962879f0>,<function <lambda> at 0x7fa496287a90>,<function <lambda> at 0x7fa496287b30>
31123,2023-07-20 18:00:00,<function <lambda> at 0x7fa4962879f0>,<function <lambda> at 0x7fa496287a90>,<function <lambda> at 0x7fa496287b30>
31124,2023-07-20 19:00:00,<function <lambda> at 0x7fa4962879f0>,<function <lambda> at 0x7fa496287a90>,<function <lambda> at 0x7fa496287b30>
31125,2023-07-20 20:00:00,<function <lambda> at 0x7fa4962879f0>,<function <lambda> at 0x7fa496287a90>,<function <lambda> at 0x7fa496287b30>
31126,2023-07-20 21:00:00,<function <lambda> at 0x7fa4962879f0>,<function <lambda> at 0x7fa496287a90>,<function <lambda> at 0x7fa496287b30>
31127,2023-07-20 22:00:00,<function <lambda> at 0x7fa4962879f0>,<function <lambda> at 0x7fa496287a90>,<function <lambda> at 0x7fa496287b30>
31128,2023-07-20 23:00:00,<function <lambda> at 0x7fa4962879f0>,<function <lambda> at 0x7fa496287a90>,<function <lambda> at 0x7fa496287b30>
31129,2023-07-21 00:00:00,<function <lambda> at 0x7fa4962879f0>,<function <lambda> at 0x7fa496287a90>,<function <lambda> at 0x7fa496287b30>
31130,2023-07-21 01:00:00,<function <lambda> at 0x7fa4962879f0>,<function <lambda> at 0x7fa496287a90>,<function <lambda> at 0x7fa496287b30>
31131,2023-07-21 02:00:00,<function <lambda> at 0x7fa4962879f0>,<function <lambda> at 0x7fa496287a90>,<function <lambda> at 0x7fa496287b30>
31132,2023-07-21 03:00:00,<function <lambda> at 0x7fa4962879f0>,<function <lambda> at 0x7fa496287a90>,<function <lambda> at 0x7fa496287b30>
31133,2023-07-21 04:00:00,<function <lambda> at 0x7fa4962879f0>,<function <lambda> at 0x7fa496287a90>,<function <lambda> at 0x7fa496287b30>
31134,2023-07-21 05:00:00,<function <lambda> at 0x7fa4962879f0>,<function <lambda> at 0x7fa496287a90>,<function <lambda> at 0x7fa496287b30>
31135,2023-07-21 06:00:00,<function <lambda> at 0x7fa4962879f0>,<function <lambda> at 0x7fa496287a90>,<function <lambda> at 0x7fa496287b30>
31136,2023-07-21 07:00:00,<function <lambda> at 0x7fa4962879f0>,<function <lambda> at 0x7fa496287a90>,<function <lambda> at 0x7fa496287b30>
31137,2023-07-21 08:00:00,<function <lambda> at 0x7fa4962879f0>,<function <lambda> at 0x7fa496287a90>,<function <lambda> at 0x7fa496287b30>
31138,2023-07-21 09:00:00,<function <lambda> at 0x7fa4962879f0>,<function <lambda> at 0x7fa496287a90>,<function <lambda> at 0x7fa496287b30>
31139,2023-07-21 10:00:00,<function <lambda> at 0x7fa4962879f0>,<function <lambda> at 0x7fa496287a90>,<function <lambda> at 0x7fa496287b30>
31140,2023-07-21 11:00:00,<function <lambda> at 0x7fa4962879f0>,<function <lambda> at 0x7fa496287a90>,<function <lambda> at 0x7fa496287b30>
31141,2023-07-21 12:00:00,<function <lambda> at 0x7fa4962879f0>,<function <lambda> at 0x7fa496287a90>,<function <lambda> at 0x7fa496287b30>
31142,2023-07-21 13:00:00,<function <lambda> at 0x7fa4962879f0>,<function <lambda> at 0x7fa496287a90>,<function <lambda> at 0x7fa496287b30>
31143,2023-07-21 14:00:00,<function <lambda> at 0x7fa4962879f0>,<function <lambda> at 0x7fa496287a90>,<function <lambda> at 0x7fa496287b30>
31144,2023-07-21 15:00:00,<function <lambda> at 0x7fa4962879f0>,<function <lambda> at 0x7fa496287a90>,<function <lambda> at 0x7fa496287b30>
31145,2023-07-21 16:00:00,<function <lambda> at 0x7fa4962879f0>,<function <lambda> at 0x7fa496287a90>,<function <lambda> at 0x7fa496287b30>
31146,2023-07-21 17:00:00,<function <lambda> at 0x7fa4962879f0>,<function <lambda> at 0x7fa496287a90>,<function <lambda> at 0x7fa496287b30>
31147,2023-07-21 18:00:00,<function <lambda> at 0x7fa4962879f0>,<function <lambda> at 0x7fa496287a90>,<function <lambda> at 0x7fa496287b30>
31148,2023-07-21 19:00:00,<function <lambda> at 0x7fa4962879f0>,<function <lambda> at 0x7fa496287a90>,<function <lambda> at 0x7fa496287b30>
31149,2023-07-21 20:00:00,<function <lambda> at 0x7fa4962879f0>,<function <lambda> at 0x7fa496287a90>,<function <lambda> at 0x7fa496287b30>
31150,2023-07-21 21:00:00,<function <lambda> at 0x7fa4962879f0>,<function <lambda> at 0x7fa496287a90>,<function <lambda> at 0x7fa496287b30>
31151,2023-07-21 22:00:00,<function <lambda> at 0x7fa4962879f0>,<function <lambda> at 0x7fa496287a90>,<function <lambda> at 0x7fa496287b30>
31152,2023-07-21 23:00:00,<function <lambda> at 0x7fa4962879f0>,<function <lambda> at 0x7fa496287a90>,<function <lambda> at 0x7fa496287b30>
31153,2023-07-22 00:00:00,<function <lambda> at 0x7fa4962879f0>,<function <lambda> at 0x7fa496287a90>,<function <lambda> at 0x7fa496287b30>
31154,2023-07-22 01:00:00,<function <lambda> at 0x7fa4962879f0>,<function <lambda> at 0x7fa496287a90>,<function <lambda> at 0x7fa496287b30>
31155,2023-07-22 02:00:00,<function <lambda> at 0x7fa4962879f0>,<function <lambda> at 0x7fa496287a90>,<function <lambda> at 0x7fa496287b30>
31156,2023-07-22 03:00:00,<function <lambda> at 0x7fa4962879f0>,<function <lambda> at 0x7fa496287a90>,<function <lambda> at 0x7fa496287b30>
31157,2023-07-22 04:00:00,<function <lambda> at 0x7fa4962879f0>,<function <lambda> at 0x7fa496287a90>,<function <lambda> at 0x7fa496287b30>
31158,2023-07-22 05:00:00,<function <lambda> at 0x7fa4962879f0>,<function <lambda> at 0x7fa496287a90>,<function <lambda> at 0x7fa496287b30>
31159,2023-07-22 06:00:00,<function <lambda> at 0x7fa4962879f0>,<function <lambda> at 0x7fa496287a90>,<function <lambda> at 0x7fa496287b30>
31160,2023-07-22 07:00:00,<function <lambda> at 0x7fa4962879f0>,<function <lambda> at 0x7fa496287a90>,<function <lambda> at 0x7fa496287b30>
31161,2023-07-22 08:00:00,<function <lambda> at 0x7fa4962879f0>,<function <lambda> at 0x7fa496287a90>,<function <lambda> at 0x7fa496287b30>
31162,2023-07-22 09:00:00,<function <lambda> at 0x7fa4962879f0>,<function <lambda> at 0x7fa496287a90>,<function <lambda> at 0x7fa496287b30>
31163,2023-07-22 10:00:00,<function <lambda> at 0x7fa4962879f0>,<function <lambda> at 0x7fa496287a90>,<function <lambda> at 0x7fa496287b30>
31164,2023-07-22 11:00:00,<function <lambda> at 0x7fa4962879f0>,<function <lambda> at 0x7fa496287a90>,<function <lambda> at 0x7fa496287b30>
31165,2023-07-22 12:00:00,<function <lambda> at 0x7fa4962879f0>,<function <lambda> at 0x7fa496287a90>,<function <lambda> at 0x7fa496287b30>
31166,2023-07-22 13:00:00,<function <lambda> at 0x7fa4962879f0>,<function <lambda> at 0x7fa496287a90>,<function <lambda> at 0x7fa496287b30>
31167,2023-07-22 14:00:00,<function <lambda> at 0x7fa4962879f0>,<function <lambda> at 0x7fa496287a90>,<function <lambda> at 0x7fa496287b30>
31168,2023-07-22 15:00:00,<function <lambda> at 0x7fa4962879f0>,<function <lambda> at 0x7fa496287a90>,<function <lambda> at 0x7fa496287b30>
31169,2023-07-22 16:00:00,<function <lambda> at 0x7fa4962879f0>,<function <lambda> at 0x7fa496287a90>,<function <lambda> at 0x7fa496287b30>
31170,2023-07-22 17:00:00,<function <lambda> at 0x7fa4962879f0>,<function <lambda> at 0x7fa496287a90>,<function <lambda> at 0x7fa496287b30>
31171,2023-07-22 18:00:00,<function <lambda> at 0x7fa4962879f0>,<function <lambda> at 0x7fa496287a90>,<function <lambda> at 0x7fa496287b30>
31172,2023-07-22 19:00:00,<function <lambda> at 0x7fa4962879f0>,<function <lambda> at 0x7fa496287a90>,<function <lambda> at 0x7fa496287b30>
31173,2023-07-22 20:00:00,<function <lambda> at 0x7fa4962879f0>,<function <lambda> at 0x7fa496287a90>,<function <lambda> at 0x7fa496287b30>
31174,2023-07-22 21:00:00,<function <lambda> at 0x7fa4962879f0>,<function <lambda> at 0x7fa496287a90>,<function <lambda> at 0x7fa496287b30>
31175,2023-07-22 22:00:00,<function <lambda> at 0x7fa4962879f0>,<function <lambda> at 0x7fa496287a90>,<function <lambda> at 0x7fa496287b30>
31176,2023-07-22 23:00:00,<function <lambda> at 0x7fa4962879f0>,<function <lambda> at 0x7fa496287a90>,<function <lambda> at 0x7fa496287b30>
31177,2023-07-23 00:00:00,<function <lambda> at 0x7fa4962879f0>,<function <lambda> at 0x7fa496287a90>,<function <lambda> at 0x7fa496287b30>
31178,2023-07-23 01:00:00,<function <lambda> at 0x7fa4962879f0>,<function <lambda> at 0x7fa496287a90>,<function <lambda> at 0x7fa496287b30>
31179,2023-07-23 02:00:00,<function <lambda> at 0x7fa4962879f0>,<function <lambda> at 0x7fa496287a90>,<function <lambda> at 0x7fa496287b30>
31180,2023-07-23 03:00:00,<function <lambda> at 0x7fa4962879f0>,<function <lambda> at 0x7fa496287a90>,<function <lambda> at 0x7fa496287b30>
31181,2023-07-23 04:00:00,<function <lambda> at 0x7fa4962879f0>,<function <lambda> at 0x7fa496287a90>,<function <lambda> at 0x7fa496287b30>
31182,2023-07-23 05:00:00,<function <lambda> at 0x7fa4962879f0>,<function <lambda> at 0x7fa496287a90>,<function <lambda> at 0x7fa496287b30>
31183,2023-07-23 06:00:00,<function <lambda> at 0x7fa4962879f0>,<function <lambda> at 0x7fa496287a90>,<function <lambda> at 0x7fa496287b30>
31184,2023-07-23 07:00:00,<function <lambda> at 0x7fa4962879f0>,<function <lambda> at 0x7fa496287a90>,<function <lambda> at 0x7fa496287b30>
31185,2023-07-23 08:00:00,<function <lambda> at 0x7fa4962879f0>,<function <lambda> at 0x7fa496287a90>,<function <lambda> at 0x7fa496287b30>
31186,2023-07-23 09:00:00,<function <lambda> at 0x7fa4962879f0>,<function <lambda> at 0x7fa496287a90>,<function <lambda> at 0x7fa496287b30>
31187,2023-07-23 10:00:00,<function <lambda> at 0x7fa4962879f0>,<function <lambda> at 0x7fa496287a90>,<function <lambda> at 0x7fa496287b30>
31188,2023-07-23 11:00:00,<function <lambda> at 0x7fa4962879f0>,<function <lambda> at 0x7fa496287a90>,<function <lambda> at 0x7fa496287b30>
31189,2023-07-23 12:00:00,<function <lambda> at 0x7fa4962879f0>,<function <lambda> at 0x7fa496287a90>,<function <lambda> at 0x7fa496287b30>
31190,2023-07-23 13:00:00,<function <lambda> at 0x7fa4962879f0>,<function <lambda> at 0x7fa496287a90>,<function <lambda> at 0x7fa496287b30>
31191,2023-07-23 14:00:00,<function <lambda> at 0x7fa4962879f0>,<function <lambda> at 0x7fa496287a90>,<function <lambda> at 0x7fa496287b30>
31192,2023-07-23 15:00:00,<function <lambda> at 0x7fa4962879f0>,<function <lambda> at 0x7fa496287a90>,<function <lambda> at 0x7fa496287b30>
31193,2023-07-23 16:00:00,<function <lambda> at 0x7fa4962879f0>,<function <lambda> at 0x7fa496287a90>,<function <lambda> at 0x7fa496287b30>
31194,2023-07-23 17:00:00,<function <lambda> at 0x7fa4962879f0>,<function <lambda> at 0x7fa496287a90>,<function <lambda> at 0x7fa496287b30>
31195,2023-07-23 18:00:00,<function <lambda> at 0x7fa4962879f0>,<function <lambda> at 0x7fa496287a90>,<function <lambda> at 0x7fa496287b30>
31196,2023-07-23 19:00:00,<function <lambda> at 0x7fa4962879f0>,<function <lambda> at 0x7fa496287a90>,<function <lambda> at 0x7fa496287b30>
31197,2023-07-23 20:00:00,<function <lambda> at 0x7fa4962879f0>,<function <lambda> at 0x7fa496287a90>,<function <lambda> at 0x7fa496287b30>
31198,2023-07-23 21:00:00,<function <lambda> at 0x7fa4962879f0>,<function <lambda> at 0x7fa496287a90>,<function <lambda> at 0x7fa496287b30>
31199,2023-07-23 22:00:00,<function <lambda> at 0x7fa4962879f0>,<function <lambda> at 0x7fa496287a90>,<function <lambda> at 0x7fa496287b30>
31200,2023-07-23 23:00:00,<function <lambda> at 0x7fa4962879f0>,<function <lambda> at 0x7fa496287a90>,<function <lambda> at 0x7fa496287b30>
31201,2023-07-24 00:00:00,<function <lambda> at 0x7fa4962879f0>,<function <lambda> at 0x7fa496287a90>,<function <lambda> at 0x7fa496287b30>
31202,2023-07-24 01:00:00,<function <lambda> at 0x7fa4962879f0>,<function <lambda> at 0x7fa496287a90>,<function <lambda> at 0x7fa496287b30>
31203,2023-07-24 02:00:00,<function <lambda> at 0x7fa4962879f0>,<function <lambda> at 0x7fa496287a90>,<function <lambda> at 0x7fa496287b30>
31204,2023-07-24 03:00:00,<function <lambda> at 0x7fa4962879f0>,<function <lambda> at 0x7fa496287a90>,<function <lambda> at 0x7fa496287b30>
31205,2023-07-24 04:00:00,<function <lambda> at 0x7fa4962879f0>,<function <lambda> at 0x7fa496287a90>,<function <lambda> at 0x7fa496287b30>
31206,2023-07-24 05:00:00,<function <lambda> at 0x7fa4962879f0>,<function <lambda> at 0x7fa496287a90>,<function <lambda> at 0x7fa496287b30>
31207,2023-07-24 06:00:00,<function <lambda> at 0x7fa4962879f0>,<function <lambda> at 0x7fa496287a90>,<function <lambda> at 0x7fa496287b30>
31208,2023-07-24 07:00:00,<function <lambda> at 0x7fa4962879f0>,<function <lambda> at 0x7fa496287a90>,<function <lambda> at 0x7fa496287b30>
31209,2023-07-24 08:00:00,<function <lambda> at 0x7fa4962879f0>,<function <lambda> at 0x7fa496287a90>,<function <lambda> at 0x7fa496287b30>
31210,2023-07-24 09:00:00,<function <lambda> at 0x7fa4962879f0>,<function <lambda> at 0x7fa496287a90>,<function <lambda> at 0x7fa496287b30>
31211,2023-07-24 10:00:00,<function <lambda> at 0x7fa4962879f0>,<function <lambda> at 0x7fa496287a90>,<function <lambda> at 0x7fa496287b30>
31212,2023-07-24 11:00:00,<function <lambda> at 0x7fa4962879f0>,<function <lambda> at 0x7fa496287a90>,<function <lambda> at 0x7fa496287b30>
31213,2023-07-24 12:00:00,<function <lambda> at 0x7fa4962879f0>,<function <lambda> at 0x7fa496287a90>,<function <lambda> at 0x7fa496287b30>
31214,2023-07-24 13:00:00,<function <lambda> at 0x7fa4962879f0>,<function <lambda> at 0x7fa496287a90>,<function <lambda> at 0x7fa496287b30>
31215,2023-07-24 14:00:00,<function <lambda> at 0x7fa4962879f0>,<function <lambda> at 0x7fa496287a90>,<function <lambda> at 0x7fa496287b30>
31216,2023-07-24 15:00:00,<function <lambda> at 0x7fa4962879f0>,<function <lambda> at 0x7fa496287a90>,<function <lambda> at 0x7fa496287b30>
31217,2023-07-24 16:00:00,<function <lambda> at 0x7fa4962879f0>,<function <lambda> at 0x7fa496287a90>,<function <lambda> at 0x7fa496287b30>
31218,2023-07-24 17:00:00,<function <lambda> at 0x7fa4962879f0>,<function <lambda> at 0x7fa496287a90>,<function <lambda> at 0x7fa496287b30>
31219,2023-07-24 18:00:00,<function <lambda> at 0x7fa4962879f0>,<function <lambda> at 0x7fa496287a90>,<function <lambda> at 0x7fa496287b30>
31220,2023-07-24 19:00:00,<function <lambda> at 0x7fa4962879f0>,<function <lambda> at 0x7fa496287a90>,<function <lambda> at 0x7fa496287b30>
31221,2023-07-24 20:00:00,<function <lambda> at 0x7fa4962879f0>,<function <lambda> at 0x7fa496287a90>,<function <lambda> at 0x7fa496287b30>
31222,2023-07-24 21:00:00,<function <lambda> at 0x7fa4962879f0>,<function <lambda> at 0x7fa496287a90>,<function <lambda> at 0x7fa496287b30>
31223,2023-07-24 22:00:00,<function <lambda> at 0x7fa4962879f0>,<function <lambda> at 0x7fa496287a90>,<function <lambda> at 0x7fa496287b30>
31224,2023-07-24 23:00:00,<function <lambda> at 0x7fa4962879f0>,<function <lambda> at 0x7fa496287a90>,<function <lambda> at 0x7fa496287b30>
31225,2023-07-25 00:00:00,<function <lambda> at 0x7fa4962879f0>,<function <lambda> at 0x7fa496287a90>,<function <lambda> at 0x7fa496287b30>
31226,2023-07-25 01:00:00,<function <lambda> at 0x7fa4962879f0>,<function <lambda> at 0x7fa496287a90>,<function <lambda> at 0x7fa496287b30>
31227,2023-07-25 02:00:00,<function <lambda> at 0x7fa4962879f0>,<function <lambda> at 0x7fa496287a90>,<function <lambda> at 0x7fa496287b30>
31228,2023-07-25 03:00:00,<function <lambda> at 0x7fa4962879f0>,<function <lambda> at 0x7fa496287a90>,<function <lambda> at 0x7fa496287b30>
31229,2023-07-25 04:00:00,<function <lambda> at 0x7fa4962879f0>,<function <lambda> at 0x7fa496287a90>,<function <lambda> at 0x7fa496287b30>
31230,2023-07-25 05:00:00,<function <lambda> at 0x7fa4962879f0>,<function <lambda> at 0x7fa496287a90>,<function <lambda> at 0x7fa496287b30>
31231,2023-07-25 06:00:00,<function <lambda> at 0x7fa4962879f0>,<function <lambda> at 0x7fa496287a90>,<function <lambda> at 0x7fa496287b30>
31232,2023-07-25 07:00:00,<function <lambda> at 0x7fa4962879f0>,<function <lambda> at 0x7fa496287a90>,<function <lambda> at 0x7fa496287b30>
31233,2023-07-25 08:00:00,<function <lambda> at 0x7fa4962879f0>,<function <lambda> at 0x7fa496287a90>,<function <lambda> at 0x7fa496287b30>
31234,2023-07-25 09:00:00,<function <lambda> at 0x7fa4962879f0>,<function <lambda> at 0x7fa496287a90>,<function <lambda> at 0x7fa496287b30>
31235,2023-07-25 10:00:00,<function <lambda> at 0x7fa4962879f0>,<function <lambda> at 0x7fa496287a90>,<function <lambda> at 0x7fa496287b30>
31236,2023-07-25 11:00:00,<function <lambda> at 0x7fa4962879f0>,<function <lambda> at 0x7fa496287a90>,<function <lambda> at 0x7fa496287b30>
31237,2023-07-25 12:00:00,<function <lambda> at 0x7fa4962879f0>,<function <lambda> at 0x7fa496287a90>,<function <lambda> at 0x7fa496287b30>
31238,2023-07-25 13:00:00,<function <lambda> at 0x7fa4962879f0>,<function <lambda> at 0x7fa496287a90>,<function <lambda> at 0x7fa496287b30>
31239,2023-07-25 14:00:00,<function <lambda> at 0x7fa4962879f0>,<function <lambda> at 0x7fa496287a90>,<function <lambda> at 0x7fa496287b30>
31240,2023-07-25 15:00:00,<function <lambda> at 0x7fa4962879f0>,<function <lambda> at 0x7fa496287a90>,<function <lambda> at 0x7fa496287b30>
31241,2023-07-25 16:00:00,<function <lambda> at 0x7fa4962879f0>,<function <lambda> at 0x7fa496287a90>,<function <lambda> at 0x7fa496287b30>
31242,2023-07-25 17:00:00,<function <lambda> at 0x7fa4962879f0>,<function <lambda> at 0x7fa496287a90>,<function <lambda> at 0x7fa496287b30>
31243,2023-07-25 18:00:00,<function <lambda> at 0x7fa4962879f0>,<function <lambda> at 0x7fa496287a90>,<function <lambda> at 0x7fa496287b30>
31244,2023-07-25 19:00:00,<function <lambda> at 0x7fa4962879f0>,<function <lambda> at 0x7fa496287a90>,<function <lambda> at 0x7fa496287b30>
31245,2023-07-25 20:00:00,<function <lambda> at 0x7fa4962879f0>,<function <lambda> at 0x7fa496287a90>,<function <lambda> at 0x7fa496287b30>
31246,2023-07-25 21:00:00,<function <lambda> at 0x7fa4962879f0>,<function <lambda> at 0x7fa496287a90>,<function <lambda> at 0x7fa496287b30>
31247,2023-07-25 22:00:00,<function <lambda> at 0x7fa4962879f0>,<function <lambda> at 0x7fa496287a90>,<function <lambda> at 0x7fa496287b30>
31248,2023-07-25 23:00:00,<function <lambda> at 0x7fa4962879f0>,<function <lambda> at 0x7fa496287a90>,<function <lambda> at 0x7fa496287b30>
31249,2023-07-26 00:00:00,<function <lambda> at 0x7fa4962879f0>,<function <lambda> at 0x7fa496287a90>,<function <lambda> at 0x7fa496287b30>
31250,2023-07-26 01:00:00,<function <lambda> at 0x7fa4962879f0>,<function <lambda> at 0x7fa496287a90>,<function <lambda> at 0x7fa496287b30>
31251,2023-07-26 02:00:00,<function <lambda> at 0x7fa4962879f0>,<function <lambda> at 0x7fa496287a90>,<function <lambda> at 0x7fa496287b30>
31252,2023-07-26 03:00:00,<function <lambda> at 0x7fa4962879f0>,<function <lambda> at 0x7fa496287a90>,<function <lambda> at 0x7fa496287b30>
31253,2023-07-26 04:00:00,<function <lambda> at 0x7fa4962879f0>,<function <lambda> at 0x7fa496287a90>,<function <lambda> at 0x7fa496287b30>
31254,2023-07-26 05:00:00,<function <lambda> at 0x7fa4962879f0>,<function <lambda> at 0x7fa496287a90>,<function <lambda> at 0x7fa496287b30>
31255,2023-07-26 06:00:00,<function <lambda> at 0x7fa4962879f0>,<function <lambda> at 0x7fa496287a90>,<function <lambda> at 0x7fa496287b30>
31256,2023-07-26 07:00:00,<function <lambda> at 0x7fa4962879f0>,<function <lambda> at 0x7fa496287a90>,<function <lambda> at 0x7fa496287b30>
31257,2023-07-26 08:00:00,<function <lambda> at 0x7fa4962879f0>,<function <lambda> at 0x7fa496287a90>,<function <lambda> at 0x7fa496287b30>
31258,2023-07-26 09:00:00,<function <lambda> at 0x7fa4962879f0>,<function <lambda> at 0x7fa496287a90>,<function <lambda> at 0x7fa496287b30>
31259,2023-07-26 10:00:00,<function <lambda> at 0x7fa4962879f0>,<function <lambda> at 0x7fa496287a90>,<function <lambda> at 0x7fa496287b30>
31260,2023-07-26 11:00:00,<function <lambda> at 0x7fa4962879f0>,<function <lambda> at 0x7fa496287a90>,<function <lambda> at 0x7fa496287b30>
31261,2023-07-26 12:00:00,<function <lambda> at 0x7fa4962879f0>,<function <lambda> at 0x7fa496287a90>,<function <lambda> at 0x7fa496287b30>
31262,2023-07-26 13:00:00,<function <lambda> at 0x7fa4962879f0>,<function <lambda> at 0x7fa496287a90>,<function <lambda> at 0x7fa496287b30>
31263,2023-07-26 14:00:00,<function <lambda> at 0x7fa4962879f0>,<function <lambda> at 0x7fa496287a90>,<function <lambda> at 0x7fa496287b30>
31264,2023-07-26 15:00:00,<function <lambda> at 0x7fa4962879f0>,<function <lambda> at 0x7fa496287a90>,<function <lambda> at 0x7fa496287b30>
31265,2023-07-26 16:00:00,<function <lambda> at 0x7fa4962879f0>,<function <lambda> at 0x7fa496287a90>,<function <lambda> at 0x7fa496287b30>
31266,2023-07-26 17:00:00,<function <lambda> at 0x7fa4962879f0>,<function <lambda> at 0x7fa496287a90>,<function <lambda> at 0x7fa496287b30>
31267,2023-07-26 18:00:00,<function <lambda> at 0x7fa4962879f0>,<function <lambda> at 0x7fa496287a90>,<function <lambda> at 0x7fa496287b30>
31268,2023-07-26 19:00:00,<function <lambda> at 0x7fa4962879f0>,<function <lambda> at 0x7fa496287a90>,<function <lambda> at 0x7fa496287b30>
31269,2023-07-26 20:00:00,<function <lambda> at 0x7fa4962879f0>,<function <lambda> at 0x7fa496287a90>,<function <lambda> at 0x7fa496287b30>
31270,2023-07-26 21:00:00,<function <lambda> at 0x7fa4962879f0>,<function <lambda> at 0x7fa496287a90>,<function <lambda> at 0x7fa496287b30>
31271,2023-07-26 22:00:00,<function <lambda> at 0x7fa4962879f0>,<function <lambda> at 0x7fa496287a90>,<function <lambda> at 0x7fa496287b30>
31272,2023-07-26 23:00:00,<function <lambda> at 0x7fa4962879f0>,<function <lambda> at 0x7fa496287a90>,<function <lambda> at 0x7fa496287b30>
31273,2023-07-27 00:00:00,<function <lambda> at 0x7fa4962879f0>,<function <lambda> at 0x7fa496287a90>,<function <lambda> at 0x7fa496287b30>
31274,2023-07-27 01:00:00,<function <lambda> at 0x7fa4962879f0>,<function <lambda> at 0x7fa496287a90>,<function <lambda> at 0x7fa496287b30>
31275,2023-07-27 02:00:00,<function <lambda> at 0x7fa4962879f0>,<function <lambda> at 0x7fa496287a90>,<function <lambda> at 0x7fa496287b30>
31276,2023-07-27 03:00:00,<function <lambda> at 0x7fa4962879f0>,<function <lambda> at 0x7fa496287a90>,<function <lambda> at 0x7fa496287b30>
31277,2023-07-27 04:00:00,<function <lambda> at 0x7fa4962879f0>,<function <lambda> at 0x7fa496287a90>,<function <lambda> at 0x7fa496287b30>
31278,2023-07-27 05:00:00,<function <lambda> at 0x7fa4962879f0>,<function <lambda> at 0x7fa496287a90>,<function <lambda> at 0x7fa496287b30>
31279,2023-07-27 06:00:00,<function <lambda> at 0x7fa4962879f0>,<function <lambda> at 0x7fa496287a90>,<function <lambda> at 0x7fa496287b30>
31280,2023-07-27 07:00:00,<function <lambda> at 0x7fa4962879f0>,<function <lambda> at 0x7fa496287a90>,<function <lambda> at 0x7fa496287b30>
31281,2023-07-27 08:00:00,<function <lambda> at 0x7fa4962879f0>,<function <lambda> at 0x7fa496287a90>,<function <lambda> at 0x7fa496287b30>
31282,2023-07-27 09:00:00,<function <lambda> at 0x7fa4962879f0>,<function <lambda> at 0x7fa496287a90>,<function <lambda> at 0x7fa496287b30>
31283,2023-07-27 10:00:00,<function <lambda> at 0x7fa4962879f0>,<function <lambda> at 0x7fa496287a90>,<function <lambda> at 0x7fa496287b30>
31284,2023-07-27 11:00:00,<function <lambda> at 0x7fa4962879f0>,<function <lambda> at 0x7fa496287a90>,<function <lambda> at 0x7fa496287b30>
31285,2023-07-27 12:00:00,<function <lambda> at 0x7fa4962879f0>,<function <lambda> at 0x7fa496287a90>,<function <lambda> at 0x7fa496287b30>
31286,2023-07-27 13:00:00,<function <lambda> at 0x7fa4962879f0>,<function <lambda> at 0x7fa496287a90>,<function <lambda> at 0x7fa496287b30>
31287,2023-07-27 14:00:00,<function <lambda> at 0x7fa4962879f0>,<function <lambda> at 0x7fa496287a90>,<function <lambda> at 0x7fa496287b30>
31288,2023-07-27 15:00:00,<function <lambda> at 0x7fa4962879f0>,<function <lambda> at 0x7fa496287a90>,<function <lambda> at 0x7fa496287b30>
31289,2023-07-27 16:00:00,<function <lambda> at 0x7fa4962879f0>,<function <lambda> at 0x7fa496287a90>,<function <lambda> at 0x7fa496287b30>
31290,2023-07-27 17:00:00,<function <lambda> at 0x7fa4962879f0>,<function <lambda> at 0x7fa496287a90>,<function <lambda> at 0x7fa496287b30>
31291,2023-07-27 18:00:00,<function <lambda> at 0x7fa4962879f0>,<function <lambda> at 0x7fa496287a90>,<function <lambda> at 0x7fa496287b30>
31292,2023-07-27 19:00:00,<function <lambda> at 0x7fa4962879f0>,<function <lambda> at 0x7fa496287a90>,<function <lambda> at 0x7fa496287b30>
31293,2023-07-27 20:00:00,<function <lambda> at 0x7fa4962879f0>,<function <lambda> at 0x7fa496287a90>,<function <lambda> at 0x7fa496287b30>
31294,2023-07-27 21:00:00,<function <lambda> at 0x7fa4962879f0>,<function <lambda> at 0x7fa496287a90>,<function <lambda> at 0x7fa496287b30>
31295,2023-07-27 22:00:00,<function <lambda> at 0x7fa4962879f0>,<function <lambda> at 0x7fa496287a90>,<function <lambda> at 0x7fa496287b30>
31296,2023-07-27 23:00:00,<function <lambda> at 0x7fa4962879f0>,<function <lambda> at 0x7fa496287a90>,<function <lambda> at 0x7fa496287b30>
31297,2023-07-28 00:00:00,<function <lambda> at 0x7fa4962879f0>,<function <lambda> at 0x7fa496287a90>,<function <lambda> at 0x7fa496287b30>
31298,2023-07-28 01:00:00,<function <lambda> at 0x7fa4962879f0>,<function <lambda> at 0x7fa496287a90>,<function <lambda> at 0x7fa496287b30>
31299,2023-07-28 02:00:00,<function <lambda> at 0x7fa4962879f0>,<function <lambda> at 0x7fa496287a90>,<function <lambda> at 0x7fa496287b30>
31300,2023-07-28 03:00:00,<function <lambda> at 0x7fa4962879f0>,<function <lambda> at 0x7fa496287a90>,<function <lambda> at 0x7fa496287b30>
31301,2023-07-28 04:00:00,<function <lambda> at 0x7fa4962879f0>,<function <lambda> at 0x7fa496287a90>,<function <lambda> at 0x7fa496287b30>
31302,2023-07-28 05:00:00,<function <lambda> at 0x7fa4962879f0>,<function <lambda> at 0x7fa496287a90>,<function <lambda> at 0x7fa496287b30>
31303,2023-07-28 06:00:00,<function <lambda> at 0x7fa4962879f0>,<function <lambda> at 0x7fa496287a90>,<function <lambda> at 0x7fa496287b30>
31304,2023-07-28 07:00:00,<function <lambda> at 0x7fa4962879f0>,<function <lambda> at 0x7fa496287a90>,<function <lambda> at 0x7fa496287b30>
31305,2023-07-28 08:00:00,<function <lambda> at 0x7fa4962879f0>,<function <lambda> at 0x7fa496287a90>,<function <lambda> at 0x7fa496287b30>
31306,2023-07-28 09:00:00,<function <lambda> at 0x7fa4962879f0>,<function <lambda> at 0x7fa496287a90>,<function <lambda> at 0x7fa496287b30>
31307,2023-07-28 10:00:00,<function <lambda> at 0x7fa4962879f0>,<function <lambda> at 0x7fa496287a90>,<function <lambda> at 0x7fa496287b30>
31308,2023-07-28 11:00:00,<function <lambda> at 0x7fa4962879f0>,<function <lambda> at 0x7fa496287a90>,<function <lambda> at 0x7fa496287b30>
31309,2023-07-28 12:00:00,<function <lambda> at 0x7fa4962879f0>,<function <lambda> at 0x7fa496287a90>,<function <lambda> at 0x7fa496287b30>
31310,2023-07-28 13:00:00,<function <lambda> at 0x7fa4962879f0>,<function <lambda> at 0x7fa496287a90>,<function <lambda> at 0x7fa496287b30>
31311,2023-07-28 14:00:00,<function <lambda> at 0x7fa4962879f0>,<function <lambda> at 0x7fa496287a90>,<function <lambda> at 0x7fa496287b30>
31312,2023-07-28 15:00:00,<function <lambda> at 0x7fa4962879f0>,<function <lambda> at 0x7fa496287a90>,<function <lambda> at 0x7fa496287b30>
31313,2023-07-28 16:00:00,<function <lambda> at 0x7fa4962879f0>,<function <lambda> at 0x7fa496287a90>,<function <lambda> at 0x7fa496287b30>
31314,2023-07-28 17:00:00,<function <lambda> at 0x7fa4962879f0>,<function <lambda> at 0x7fa496287a90>,<function <lambda> at 0x7fa496287b30>
31315,2023-07-28 18:00:00,<function <lambda> at 0x7fa4962879f0>,<function <lambda> at 0x7fa496287a90>,<function <lambda> at 0x7fa496287b30>
31316,2023-07-28 19:00:00,<function <lambda> at 0x7fa4962879f0>,<function <lambda> at 0x7fa496287a90>,<function <lambda> at 0x7fa496287b30>
31317,2023-07-28 20:00:00,<function <lambda> at 0x7fa4962879f0>,<function <lambda> at 0x7fa496287a90>,<function <lambda> at 0x7fa496287b30>
31318,2023-07-28 21:00:00,<function <lambda> at 0x7fa4962879f0>,<function <lambda> at 0x7fa496287a90>,<function <lambda> at 0x7fa496287b30>
31319,2023-07-28 22:00:00,<function <lambda> at 0x7fa4962879f0>,<function <lambda> at 0x7fa496287a90>,<function <lambda> at 0x7fa496287b30>
31320,2023-07-28 23:00:00,<function <lambda> at 0x7fa4962879f0>,<function <lambda> at 0x7fa496287a90>,<function <lambda> at 0x7fa496287b30>
31321,2023-07-29 00:00:00,<function <lambda> at 0x7fa4962879f0>,<function <lambda> at 0x7fa496287a90>,<function <lambda> at 0x7fa496287b30>
31322,2023-07-29 01:00:00,<function <lambda> at 0x7fa4962879f0>,<function <lambda> at 0x7fa496287a90>,<function <lambda> at 0x7fa496287b30>
31323,2023-07-29 02:00:00,<function <lambda> at 0x7fa4962879f0>,<function <lambda> at 0x7fa496287a90>,<function <lambda> at 0x7fa496287b30>
31324,2023-07-29 03:00:00,<function <lambda> at 0x7fa4962879f0>,<function <lambda> at 0x7fa496287a90>,<function <lambda> at 0x7fa496287b30>
31325,2023-07-29 04:00:00,<function <lambda> at 0x7fa4962879f0>,<function <lambda> at 0x7fa496287a90>,<function <lambda> at 0x7fa496287b30>
31326,2023-07-29 05:00:00,<function <lambda> at 0x7fa4962879f0>,<function <lambda> at 0x7fa496287a90>,<function <lambda> at 0x7fa496287b30>
31327,2023-07-29 06:00:00,<function <lambda> at 0x7fa4962879f0>,<function <lambda> at 0x7fa496287a90>,<function <lambda> at 0x7fa496287b30>
31328,2023-07-29 07:00:00,<function <lambda> at 0x7fa4962879f0>,<function <lambda> at 0x7fa496287a90>,<function <lambda> at 0x7fa496287b30>
31329,2023-07-29 08:00:00,<function <lambda> at 0x7fa4962879f0>,<function <lambda> at 0x7fa496287a90>,<function <lambda> at 0x7fa496287b30>
31330,2023-07-29 09:00:00,<function <lambda> at 0x7fa4962879f0>,<function <lambda> at 0x7fa496287a90>,<function <lambda> at 0x7fa496287b30>
31331,2023-07-29 10:00:00,<function <lambda> at 0x7fa4962879f0>,<function <lambda> at 0x7fa496287a90>,<function <lambda> at 0x7fa496287b30>
31332,2023-07-29 11:00:00,<function <lambda> at 0x7fa4962879f0>,<function <lambda> at 0x7fa496287a90>,<function <lambda> at 0x7fa496287b30>
31333,2023-07-29 12:00:00,<function <lambda> at 0x7fa4962879f0>,<function <lambda> at 0x7fa496287a90>,<function <lambda> at 0x7fa496287b30>
31334,2023-07-29 13:00:00,<function <lambda> at 0x7fa4962879f0>,<function <lambda> at 0x7fa496287a90>,<function <lambda> at 0x7fa496287b30>
31335,2023-07-29 14:00:00,<function <lambda> at 0x7fa4962879f0>,<function <lambda> at 0x7fa496287a90>,<function <lambda> at 0x7fa496287b30>
31336,2023-07-29 15:00:00,<function <lambda> at 0x7fa4962879f0>,<function <lambda> at 0x7fa496287a90>,<function <lambda> at 0x7fa496287b30>
31337,2023-07-29 16:00:00,<function <lambda> at 0x7fa4962879f0>,<function <lambda> at 0x7fa496287a90>,<function <lambda> at 0x7fa496287b30>
31338,2023-07-29 17:00:00,<function <lambda> at 0x7fa4962879f0>,<function <lambda> at 0x7fa496287a90>,<function <lambda> at 0x7fa496287b30>
31339,2023-07-29 18:00:00,<function <lambda> at 0x7fa4962879f0>,<function <lambda> at 0x7fa496287a90>,<function <lambda> at 0x7fa496287b30>
31340,2023-07-29 19:00:00,<function <lambda> at 0x7fa4962879f0>,<function <lambda> at 0x7fa496287a90>,<function <lambda> at 0x7fa496287b30>
31341,2023-07-29 20:00:00,<function <lambda> at 0x7fa4962879f0>,<function <lambda> at 0x7fa496287a90>,<function <lambda> at 0x7fa496287b30>
31342,2023-07-29 21:00:00,<function <lambda> at 0x7fa4962879f0>,<function <lambda> at 0x7fa496287a90>,<function <lambda> at 0x7fa496287b30>
31343,2023-07-29 22:00:00,<function <lambda> at 0x7fa4962879f0>,<function <lambda> at 0x7fa496287a90>,<function <lambda> at 0x7fa496287b30>
31344,2023-07-29 23:00:00,<function <lambda> at 0x7fa4962879f0>,<function <lambda> at 0x7fa496287a90>,<function <lambda> at 0x7fa496287b30>
31345,2023-07-30 00:00:00,<function <lambda> at 0x7fa4962879f0>,<function <lambda> at 0x7fa496287a90>,<function <lambda> at 0x7fa496287b30>
31346,2023-07-30 01:00:00,<function <lambda> at 0x7fa4962879f0>,<function <lambda> at 0x7fa496287a90>,<function <lambda> at 0x7fa496287b30>
31347,2023-07-30 02:00:00,<function <lambda> at 0x7fa4962879f0>,<function <lambda> at 0x7fa496287a90>,<function <lambda> at 0x7fa496287b30>
31348,2023-07-30 03:00:00,<function <lambda> at 0x7fa4962879f0>,<function <lambda> at 0x7fa496287a90>,<function <lambda> at 0x7fa496287b30>
31349,2023-07-30 04:00:00,<function <lambda> at 0x7fa4962879f0>,<function <lambda> at 0x7fa496287a90>,<function <lambda> at 0x7fa496287b30>
31350,2023-07-30 05:00:00,<function <lambda> at 0x7fa4962879f0>,<function <lambda> at 0x7fa496287a90>,<function <lambda> at 0x7fa496287b30>
31351,2023-07-30 06:00:00,<function <lambda> at 0x7fa4962879f0>,<function <lambda> at 0x7fa496287a90>,<function <lambda> at 0x7fa496287b30>
31352,2023-07-30 07:00:00,<function <lambda> at 0x7fa4962879f0>,<function <lambda> at 0x7fa496287a90>,<function <lambda> at 0x7fa496287b30>
31353,2023-07-30 08:00:00,<function <lambda> at 0x7fa4962879f0>,<function <lambda> at 0x7fa496287a90>,<function <lambda> at 0x7fa496287b30>
31354,2023-07-30 09:00:00,<function <lambda> at 0x7fa4962879f0>,<function <lambda> at 0x7fa496287a90>,<function <lambda> at 0x7fa496287b30>
31355,2023-07-30 10:00:00,<function <lambda> at 0x7fa4962879f0>,<function <lambda> at 0x7fa496287a90>,<function <lambda> at 0x7fa496287b30>
31356,2023-07-30 11:00:00,<function <lambda> at 0x7fa4962879f0>,<function <lambda> at 0x7fa496287a90>,<function <lambda> at 0x7fa496287b30>
31357,2023-07-30 12:00:00,<function <lambda> at 0x7fa4962879f0>,<function <lambda> at 0x7fa496287a90>,<function <lambda> at 0x7fa496287b30>
31358,2023-07-30 13:00:00,<function <lambda> at 0x7fa4962879f0>,<function <lambda> at 0x7fa496287a90>,<function <lambda> at 0x7fa496287b30>
31359,2023-07-30 14:00:00,<function <lambda> at 0x7fa4962879f0>,<function <lambda> at 0x7fa496287a90>,<function <lambda> at 0x7fa496287b30>
31360,2023-07-30 15:00:00,<function <lambda> at 0x7fa4962879f0>,<function <lambda> at 0x7fa496287a90>,<function <lambda> at 0x7fa496287b30>
31361,2023-07-30 16:00:00,<function <lambda> at 0x7fa4962879f0>,<function <lambda> at 0x7fa496287a90>,<function <lambda> at 0x7fa496287b30>
31362,2023-07-30 17:00:00,<function <lambda> at 0x7fa4962879f0>,<function <lambda> at 0x7fa496287a90>,<function <lambda> at 0x7fa496287b30>
31363,2023-07-30 18:00:00,<function <lambda> at 0x7fa4962879f0>,<function <lambda> at 0x7fa496287a90>,<function <lambda> at 0x7fa496287b30>
31364,2023-07-30 19:00:00,<function <lambda> at 0x7fa4962879f0>,<function <lambda> at 0x7fa496287a90>,<function <lambda> at 0x7fa496287b30>
31365,2023-07-30 20:00:00,<function <lambda> at 0x7fa4962879f0>,<function <lambda> at 0x7fa496287a90>,<function <lambda> at 0x7fa496287b30>
31366,2023-07-30 21:00:00,<function <lambda> at 0x7fa4962879f0>,<function <lambda> at 0x7fa496287a90>,<function <lambda> at 0x7fa496287b30>
31367,2023-07-30 22:00:00,<function <lambda> at 0x7fa4962879f0>,<function <lambda> at 0x7fa496287a90>,<function <lambda> at 0x7fa496287b30>
31368,2023-07-30 23:00:00,<function <lambda> at 0x7fa4962879f0>,<function <lambda> at 0x7fa496287a90>,<function <lambda> at 0x7fa496287b30>
31369,2023-07-31 00:00:00,<function <lambda> at 0x7fa4962879f0>,<function <lambda> at 0x7fa496287a90>,<function <lambda> at 0x7fa496287b30>
31370,2023-07-31 01:00:00,<function <lambda> at 0x7fa4962879f0>,<function <lambda> at 0x7fa496287a90>,<function <lambda> at 0x7fa496287b30>
31371,2023-07-31 02:00:00,<function <lambda> at 0x7fa4962879f0>,<function <lambda> at 0x7fa496287a90>,<function <lambda> at 0x7fa496287b30>
31372,2023-07-31 03:00:00,<function <lambda> at 0x7fa4962879f0>,<function <lambda> at 0x7fa496287a90>,<function <lambda> at 0x7fa496287b30>
31373,2023-07-31 04:00:00,<function <lambda> at 0x7fa4962879f0>,<function <lambda> at 0x7fa496287a90>,<function <lambda> at 0x7fa496287b30>
31374,2023-07-31 05:00:00,<function <lambda> at 0x7fa4962879f0>,<function <lambda> at 0x7fa496287a90>,<function <lambda> at 0x7fa496287b30>
31375,2023-07-31 06:00:00,<function <lambda> at 0x7fa4962879f0>,<function <lambda> at 0x7fa496287a90>,<function <lambda> at 0x7fa496287b30>
31376,2023-07-31 07:00:00,<function <lambda> at 0x7fa4962879f0>,<function <lambda> at 0x7fa496287a90>,<function <lambda> at 0x7fa496287b30>
31377,2023-07-31 08:00:00,<function <lambda> at 0x7fa4962879f0>,<function <lambda> at 0x7fa496287a90>,<function <lambda> at 0x7fa496287b30>
31378,2023-07-31 09:00:00,<function <lambda> at 0x7fa4962879f0>,<function <lambda> at 0x7fa496287a90>,<function <lambda> at 0x7fa496287b30>
31379,2023-07-31 10:00:00,<function <lambda> at 0x7fa4962879f0>,<function <lambda> at 0x7fa496287a90>,<function <lambda> at 0x7fa496287b30>
31380,2023-07-31 11:00:00,<function <lambda> at 0x7fa4962879f0>,<function <lambda> at 0x7fa496287a90>,<function <lambda> at 0x7fa496287b30>
31381,2023-07-31 12:00:00,<function <lambda> at 0x7fa4962879f0>,<function <lambda> at 0x7fa496287a90>,<function <lambda> at 0x7fa496287b30>
31382,2023-07-31 13:00:00,<function <lambda> at 0x7fa4962879f0>,<function <lambda> at 0x7fa496287a90>,<function <lambda> at 0x7fa496287b30>
31383,2023-07-31 14:00:00,<function <lambda> at 0x7fa4962879f0>,<function <lambda> at 0x7fa496287a90>,<function <lambda> at 0x7fa496287b30>
31384,2023-07-31 15:00:00,<function <lambda> at 0x7fa4962879f0>,<function <lambda> at 0x7fa496287a90>,<function <lambda> at 0x7fa496287b30>
31385,2023-07-31 16:00:00,<function <lambda> at 0x7fa4962879f0>,<function <lambda> at 0x7fa496287a90>,<function <lambda> at 0x7fa496287b30>
31386,2023-07-31 17:00:00,<function <lambda> at 0x7fa4962879f0>,<function <lambda> at 0x7fa496287a90>,<function <lambda> at 0x7fa496287b30>
31387,2023-07-31 18:00:00,<function <lambda> at 0x7fa4962879f0>,<function <lambda> at 0x7fa496287a90>,<function <lambda> at 0x7fa496287b30>
31388,2023-07-31 19:00:00,<function <lambda> at 0x7fa4962879f0>,<function <lambda> at 0x7fa496287a90>,<function <lambda> at 0x7fa496287b30>
31389,2023-07-31 20:00:00,<function <lambda> at 0x7fa4962879f0>,<function <lambda> at 0x7fa496287a90>,<function <lambda> at 0x7fa496287b30>
31390,2023-07-31 21:00:00,<function <lambda> at 0x7fa4962879f0>,<function <lambda> at 0x7fa496287a90>,<function <lambda> at 0x7fa496287b30>
31391,2023-07-31 22:00:00,<function <lambda> at 0x7fa4962879f0>,<function <lambda> at 0x7fa496287a90>,<function <lambda> at 0x7fa496287b30>
31392,2023-07-31 23:00:00,<function <lambda> at 0x7fa4962879f0>,<function <lambda> at 0x7fa496287a90>,<function <lambda> at 0x7fa496287b30>
31393,2023-08-01 00:00:00,<function <lambda> at 0x7fa4962879f0>,<function <lambda> at 0x7fa496287a90>,<function <lambda> at 0x7fa496287b30>
31394,2023-08-01 01:00:00,<function <lambda> at 0x7fa4962879f0>,<function <lambda> at 0x7fa496287a90>,<function <lambda> at 0x7fa496287b30>
31395,2023-08-01 02:00:00,<function <lambda> at 0x7fa4962879f0>,<function <lambda> at 0x7fa496287a90>,<function <lambda> at 0x7fa496287b30>
31396,2023-08-01 03:00:00,<function <lambda> at 0x7fa4962879f0>,<function <lambda> at 0x7fa496287a90>,<function <lambda> at 0x7fa496287b30>
31397,2023-08-01 04:00:00,<function <lambda> at 0x7fa4962879f0>,<function <lambda> at 0x7fa496287a90>,<function <lambda> at 0x7fa496287b30>
31398,2023-08-01 05:00:00,<function <lambda> at 0x7fa4962879f0>,<function <lambda> at 0x7fa496287a90>,<function <lambda> at 0x7fa496287b30>
31399,2023-08-01 06:00:00,<function <lambda> at 0x7fa4962879f0>,<function <lambda> at 0x7fa496287a90>,<function <lambda> at 0x7fa496287b30>
31400,2023-08-01 07:00:00,<function <lambda> at 0x7fa4962879f0>,<function <lambda> at 0x7fa496287a90>,<function <lambda> at 0x7fa496287b30>
31401,2023-08-01 08:00:00,<function <lambda> at 0x7fa4962879f0>,<function <lambda> at 0x7fa496287a90>,<function <lambda> at 0x7fa496287b30>
31402,2023-08-01 09:00:00,<function <lambda> at 0x7fa4962879f0>,<function <lambda> at 0x7fa496287a90>,<function <lambda> at 0x7fa496287b30>
31403,2023-08-01 10:00:00,<function <lambda> at 0x7fa4962879f0>,<function <lambda> at 0x7fa496287a90>,<function <lambda> at 0x7fa496287b30>
31404,2023-08-01 11:00:00,<function <lambda> at 0x7fa4962879f0>,<function <lambda> at 0x7fa496287a90>,<function <lambda> at 0x7fa496287b30>
31405,2023-08-01 12:00:00,<function <lambda> at 0x7fa4962879f0>,<function <lambda> at 0x7fa496287a90>,<function <lambda> at 0x7fa496287b30>
31406,2023-08-01 13:00:00,<function <lambda> at 0x7fa4962879f0>,<function <lambda> at 0x7fa496287a90>,<function <lambda> at 0x7fa496287b30>
31407,2023-08-01 14:00:00,<function <lambda> at 0x7fa4962879f0>,<function <lambda> at 0x7fa496287a90>,<function <lambda> at 0x7fa496287b30>
31408,2023-08-01 15:00:00,<function <lambda> at 0x7fa4962879f0>,<function <lambda> at 0x7fa496287a90>,<function <lambda> at 0x7fa496287b30>
31409,2023-08-01 16:00:00,<function <lambda> at 0x7fa4962879f0>,<function <lambda> at 0x7fa496287a90>,<function <lambda> at 0x7fa496287b30>
31410,2023-08-01 17:00:00,<function <lambda> at 0x7fa4962879f0>,<function <lambda> at 0x7fa496287a90>,<function <lambda> at 0x7fa496287b30>
31411,2023-08-01 18:00:00,<function <lambda> at 0x7fa4962879f0>,<function <lambda> at 0x7fa496287a90>,<function <lambda> at 0x7fa496287b30>
31412,2023-08-01 19:00:00,<function <lambda> at 0x7fa4962879f0>,<function <lambda> at 0x7fa496287a90>,<function <lambda> at 0x7fa496287b30>
31413,2023-08-01 20:00:00,<function <lambda> at 0x7fa4962879f0>,<function <lambda> at 0x7fa496287a90>,<function <lambda> at 0x7fa496287b30>
31414,2023-08-01 21:00:00,<function <lambda> at 0x7fa4962879f0>,<function <lambda> at 0x7fa496287a90>,<function <lambda> at 0x7fa496287b30>
31415,2023-08-01 22:00:00,<function <lambda> at 0x7fa4962879f0>,<function <lambda> at 0x7fa496287a90>,<function <lambda> at 0x7fa496287b30>
31416,2023-08-01 23:00:00,<function <lambda> at 0x7fa4962879f0>,<function <lambda> at 0x7fa496287a90>,<function <lambda> at 0x7fa496287b30>
31417,2023-08-02 00:00:00,<function <lambda> at 0x7fa4962879f0>,<function <lambda> at 0x7fa496287a90>,<function <lambda> at 0x7fa496287b30>
31418,2023-08-02 01:00:00,<function <lambda> at 0x7fa4962879f0>,<function <lambda> at 0x7fa496287a90>,<function <lambda> at 0x7fa496287b30>
31419,2023-08-02 02:00:00,<function <lambda> at 0x7fa4962879f0>,<function <lambda> at 0x7fa496287a90>,<function <lambda> at 0x7fa496287b30>
31420,2023-08-02 03:00:00,<function <lambda> at 0x7fa4962879f0>,<function <lambda> at 0x7fa496287a90>,<function <lambda> at 0x7fa496287b30>
31421,2023-08-02 04:00:00,<function <lambda> at 0x7fa4962879f0>,<function <lambda> at 0x7fa496287a90>,<function <lambda> at 0x7fa496287b30>
31422,2023-08-02 05:00:00,<function <lambda> at 0x7fa4962879f0>,<function <lambda> at 0x7fa496287a90>,<function <lambda> at 0x7fa496287b30>
31423,2023-08-02 06:00:00,<function <lambda> at 0x7fa4962879f0>,<function <lambda> at 0x7fa496287a90>,<function <lambda> at 0x7fa496287b30>
31424,2023-08-02 07:00:00,<function <lambda> at 0x7fa4962879f0>,<function <lambda> at 0x7fa496287a90>,<function <lambda> at 0x7fa496287b30>
31425,2023-08-02 08:00:00,<function <lambda> at 0x7fa4962879f0>,<function <lambda> at 0x7fa496287a90>,<function <lambda> at 0x7fa496287b30>
31426,2023-08-02 09:00:00,<function <lambda> at 0x7fa4962879f0>,<function <lambda> at 0x7fa496287a90>,<function <lambda> at 0x7fa496287b30>
31427,2023-08-02 10:00:00,<function <lambda> at 0x7fa4962879f0>,<function <lambda> at 0x7fa496287a90>,<function <lambda> at 0x7fa496287b30>
31428,2023-08-02 11:00:00,<function <lambda> at 0x7fa4962879f0>,<function <lambda> at 0x7fa496287a90>,<function <lambda> at 0x7fa496287b30>
31429,2023-08-02 12:00:00,<function <lambda> at 0x7fa4962879f0>,<function <lambda> at 0x7fa496287a90>,<function <lambda> at 0x7fa496287b30>
31430,2023-08-02 13:00:00,<function <lambda> at 0x7fa4962879f0>,<function <lambda> at 0x7fa496287a90>,<function <lambda> at 0x7fa496287b30>
31431,2023-08-02 14:00:00,<function <lambda> at 0x7fa4962879f0>,<function <lambda> at 0x7fa496287a90>,<function <lambda> at 0x7fa496287b30>
31432,2023-08-02 15:00:00,<function <lambda> at 0x7fa4962879f0>,<function <lambda> at 0x7fa496287a90>,<function <lambda> at 0x7fa496287b30>
31433,2023-08-02 16:00:00,<function <lambda> at 0x7fa4962879f0>,<function <lambda> at 0x7fa496287a90>,<function <lambda> at 0x7fa496287b30>
31434,2023-08-02 17:00:00,<function <lambda> at 0x7fa4962879f0>,<function <lambda> at 0x7fa496287a90>,<function <lambda> at 0x7fa496287b30>
31435,2023-08-02 18:00:00,<function <lambda> at 0x7fa4962879f0>,<function <lambda> at 0x7fa496287a90>,<function <lambda> at 0x7fa496287b30>
31436,2023-08-02 19:00:00,<function <lambda> at 0x7fa4962879f0>,<function <lambda> at 0x7fa496287a90>,<function <lambda> at 0x7fa496287b30>
31437,2023-08-02 20:00:00,<function <lambda> at 0x7fa4962879f0>,<function <lambda> at 0x7fa496287a90>,<function <lambda> at 0x7fa496287b30>
31438,2023-08-02 21:00:00,<function <lambda> at 0x7fa4962879f0>,<function <lambda> at 0x7fa496287a90>,<function <lambda> at 0x7fa496287b30>
31439,2023-08-02 22:00:00,<function <lambda> at 0x7fa4962879f0>,<function <lambda> at 0x7fa496287a90>,<function <lambda> at 0x7fa496287b30>
31440,2023-08-02 23:00:00,<function <lambda> at 0x7fa4962879f0>,<function <lambda> at 0x7fa496287a90>,<function <lambda> at 0x7fa496287b30>
31441,2023-08-03 00:00:00,<function <lambda> at 0x7fa4962879f0>,<function <lambda> at 0x7fa496287a90>,<function <lambda> at 0x7fa496287b30>
31442,2023-08-03 01:00:00,<function <lambda> at 0x7fa4962879f0>,<function <lambda> at 0x7fa496287a90>,<function <lambda> at 0x7fa496287b30>
31443,2023-08-03 02:00:00,<function <lambda> at 0x7fa4962879f0>,<function <lambda> at 0x7fa496287a90>,<function <lambda> at 0x7fa496287b30>
31444,2023-08-03 03:00:00,<function <lambda> at 0x7fa4962879f0>,<function <lambda> at 0x7fa496287a90>,<function <lambda> at 0x7fa496287b30>
31445,2023-08-03 04:00:00,<function <lambda> at 0x7fa4962879f0>,<function <lambda> at 0x7fa496287a90>,<function <lambda> at 0x7fa496287b30>
31446,2023-08-03 05:00:00,<function <lambda> at 0x7fa4962879f0>,<function <lambda> at 0x7fa496287a90>,<function <lambda> at 0x7fa496287b30>
31447,2023-08-03 06:00:00,<function <lambda> at 0x7fa4962879f0>,<function <lambda> at 0x7fa496287a90>,<function <lambda> at 0x7fa496287b30>
31448,2023-08-03 07:00:00,<function <lambda> at 0x7fa4962879f0>,<function <lambda> at 0x7fa496287a90>,<function <lambda> at 0x7fa496287b30>
31449,2023-08-03 08:00:00,<function <lambda> at 0x7fa4962879f0>,<function <lambda> at 0x7fa496287a90>,<function <lambda> at 0x7fa496287b30>
31450,2023-08-03 09:00:00,<function <lambda> at 0x7fa4962879f0>,<function <lambda> at 0x7fa496287a90>,<function <lambda> at 0x7fa496287b30>
31451,2023-08-03 10:00:00,<function <lambda> at 0x7fa4962879f0>,<function <lambda> at 0x7fa496287a90>,<function <lambda> at 0x7fa496287b30>
31452,2023-08-03 11:00:00,<function <lambda> at 0x7fa4962879f0>,<function <lambda> at 0x7fa496287a90>,<function <lambda> at 0x7fa496287b30>
31453,2023-08-03 12:00:00,<function <lambda> at 0x7fa4962879f0>,<function <lambda> at 0x7fa496287a90>,<function <lambda> at 0x7fa496287b30>
31454,2023-08-03 13:00:00,<function <lambda> at 0x7fa4962879f0>,<function <lambda> at 0x7fa496287a90>,<function <lambda> at 0x7fa496287b30>
31455,2023-08-03 14:00:00,<function <lambda> at 0x7fa4962879f0>,<function <lambda> at 0x7fa496287a90>,<function <lambda> at 0x7fa496287b30>
31456,2023-08-03 15:00:00,<function <lambda> at 0x7fa4962879f0>,<function <lambda> at 0x7fa496287a90>,<function <lambda> at 0x7fa496287b30>
31457,2023-08-03 16:00:00,<function <lambda> at 0x7fa4962879f0>,<function <lambda> at 0x7fa496287a90>,<function <lambda> at 0x7fa496287b30>
31458,2023-08-03 17:00:00,<function <lambda> at 0x7fa4962879f0>,<function <lambda> at 0x7fa496287a90>,<function <lambda> at 0x7fa496287b30>
31459,2023-08-03 18:00:00,<function <lambda> at 0x7fa4962879f0>,<function <lambda> at 0x7fa496287a90>,<function <lambda> at 0x7fa496287b30>
31460,2023-08-03 19:00:00,<function <lambda> at 0x7fa4962879f0>,<function <lambda> at 0x7fa496287a90>,<function <lambda> at 0x7fa496287b30>
31461,2023-08-03 20:00:00,<function <lambda> at 0x7fa4962879f0>,<function <lambda> at 0x7fa496287a90>,<function <lambda> at 0x7fa496287b30>
31462,2023-08-03 21:00:00,<function <lambda> at 0x7fa4962879f0>,<function <lambda> at 0x7fa496287a90>,<function <lambda> at 0x7fa496287b30>
31463,2023-08-03 22:00:00,<function <lambda> at 0x7fa4962879f0>,<function <lambda> at 0x7fa496287a90>,<function <lambda> at 0x7fa496287b30>
31464,2023-08-03 23:00:00,<function <lambda> at 0x7fa4962879f0>,<function <lambda> at 0x7fa496287a90>,<function <lambda> at 0x7fa496287b30>
31465,2023-08-04 00:00:00,<function <lambda> at 0x7fa4962879f0>,<function <lambda> at 0x7fa496287a90>,<function <lambda> at 0x7fa496287b30>
31466,2023-08-04 01:00:00,<function <lambda> at 0x7fa4962879f0>,<function <lambda> at 0x7fa496287a90>,<function <lambda> at 0x7fa496287b30>
31467,2023-08-04 02:00:00,<function <lambda> at 0x7fa4962879f0>,<function <lambda> at 0x7fa496287a90>,<function <lambda> at 0x7fa496287b30>
31468,2023-08-04 03:00:00,<function <lambda> at 0x7fa4962879f0>,<function <lambda> at 0x7fa496287a90>,<function <lambda> at 0x7fa496287b30>
31469,2023-08-04 04:00:00,<function <lambda> at 0x7fa4962879f0>,<function <lambda> at 0x7fa496287a90>,<function <lambda> at 0x7fa496287b30>
31470,2023-08-04 05:00:00,<function <lambda> at 0x7fa4962879f0>,<function <lambda> at 0x7fa496287a90>,<function <lambda> at 0x7fa496287b30>
31471,2023-08-04 06:00:00,<function <lambda> at 0x7fa4962879f0>,<function <lambda> at 0x7fa496287a90>,<function <lambda> at 0x7fa496287b30>
31472,2023-08-04 07:00:00,<function <lambda> at 0x7fa4962879f0>,<function <lambda> at 0x7fa496287a90>,<function <lambda> at 0x7fa496287b30>
31473,2023-08-04 08:00:00,<function <lambda> at 0x7fa4962879f0>,<function <lambda> at 0x7fa496287a90>,<function <lambda> at 0x7fa496287b30>
31474,2023-08-04 09:00:00,<function <lambda> at 0x7fa4962879f0>,<function <lambda> at 0x7fa496287a90>,<function <lambda> at 0x7fa496287b30>
31475,2023-08-04 10:00:00,<function <lambda> at 0x7fa4962879f0>,<function <lambda> at 0x7fa496287a90>,<function <lambda> at 0x7fa496287b30>
31476,2023-08-04 11:00:00,<function <lambda> at 0x7fa4962879f0>,<function <lambda> at 0x7fa496287a90>,<function <lambda> at 0x7fa496287b30>
31477,2023-08-04 12:00:00,<function <lambda> at 0x7fa4962879f0>,<function <lambda> at 0x7fa496287a90>,<function <lambda> at 0x7fa496287b30>
31478,2023-08-04 13:00:00,<function <lambda> at 0x7fa4962879f0>,<function <lambda> at 0x7fa496287a90>,<function <lambda> at 0x7fa496287b30>
31479,2023-08-04 14:00:00,<function <lambda> at 0x7fa4962879f0>,<function <lambda> at 0x7fa496287a90>,<function <lambda> at 0x7fa496287b30>
31480,2023-08-04 15:00:00,<function <lambda> at 0x7fa4962879f0>,<function <lambda> at 0x7fa496287a90>,<function <lambda> at 0x7fa496287b30>
31481,2023-08-04 16:00:00,<function <lambda> at 0x7fa4962879f0>,<function <lambda> at 0x7fa496287a90>,<function <lambda> at 0x7fa496287b30>
31482,2023-08-04 17:00:00,<function <lambda> at 0x7fa4962879f0>,<function <lambda> at 0x7fa496287a90>,<function <lambda> at 0x7fa496287b30>
31483,2023-08-04 18:00:00,<function <lambda> at 0x7fa4962879f0>,<function <lambda> at 0x7fa496287a90>,<function <lambda> at 0x7fa496287b30>
31484,2023-08-04 19:00:00,<function <lambda> at 0x7fa4962879f0>,<function <lambda> at 0x7fa496287a90>,<function <lambda> at 0x7fa496287b30>
31485,2023-08-04 20:00:00,<function <lambda> at 0x7fa4962879f0>,<function <lambda> at 0x7fa496287a90>,<function <lambda> at 0x7fa496287b30>
31486,2023-08-04 21:00:00,<function <lambda> at 0x7fa4962879f0>,<function <lambda> at 0x7fa496287a90>,<function <lambda> at 0x7fa496287b30>
31487,2023-08-04 22:00:00,<function <lambda> at 0x7fa4962879f0>,<function <lambda> at 0x7fa496287a90>,<function <lambda> at 0x7fa496287b30>
31488,2023-08-04 23:00:00,<function <lambda> at 0x7fa4962879f0>,<function <lambda> at 0x7fa496287a90>,<function <lambda> at 0x7fa496287b30>
31489,2023-08-05 00:00:00,<function <lambda> at 0x7fa4962879f0>,<function <lambda> at 0x7fa496287a90>,<function <lambda> at 0x7fa496287b30>
31490,2023-08-05 01:00:00,<function <lambda> at 0x7fa4962879f0>,<function <lambda> at 0x7fa496287a90>,<function <lambda> at 0x7fa496287b30>
31491,2023-08-05 02:00:00,<function <lambda> at 0x7fa4962879f0>,<function <lambda> at 0x7fa496287a90>,<function <lambda> at 0x7fa496287b30>
31492,2023-08-05 03:00:00,<function <lambda> at 0x7fa4962879f0>,<function <lambda> at 0x7fa496287a90>,<function <lambda> at 0x7fa496287b30>
31493,2023-08-05 04:00:00,<function <lambda> at 0x7fa4962879f0>,<function <lambda> at 0x7fa496287a90>,<function <lambda> at 0x7fa496287b30>
31494,2023-08-05 05:00:00,<function <lambda> at 0x7fa4962879f0>,<function <lambda> at 0x7fa496287a90>,<function <lambda> at 0x7fa496287b30>
31495,2023-08-05 06:00:00,<function <lambda> at 0x7fa4962879f0>,<function <lambda> at 0x7fa496287a90>,<function <lambda> at 0x7fa496287b30>
31496,2023-08-05 07:00:00,<function <lambda> at 0x7fa4962879f0>,<function <lambda> at 0x7fa496287a90>,<function <lambda> at 0x7fa496287b30>
31497,2023-08-05 08:00:00,<function <lambda> at 0x7fa4962879f0>,<function <lambda> at 0x7fa496287a90>,<function <lambda> at 0x7fa496287b30>
31498,2023-08-05 09:00:00,<function <lambda> at 0x7fa4962879f0>,<function <lambda> at 0x7fa496287a90>,<function <lambda> at 0x7fa496287b30>
31499,2023-08-05 10:00:00,<function <lambda> at 0x7fa4962879f0>,<function <lambda> at 0x7fa496287a90>,<function <lambda> at 0x7fa496287b30>
31500,2023-08-05 11:00:00,<function <lambda> at 0x7fa4962879f0>,<function <lambda> at 0x7fa496287a90>,<function <lambda> at 0x7fa496287b30>
31501,2023-08-05 12:00:00,<function <lambda> at 0x7fa4962879f0>,<function <lambda> at 0x7fa496287a90>,<function <lambda> at 0x7fa496287b30>
31502,2023-08-05 13:00:00,<function <lambda> at 0x7fa4962879f0>,<function <lambda> at 0x7fa496287a90>,<function <lambda> at 0x7fa496287b30>
31503,2023-08-05 14:00:00,<function <lambda> at 0x7fa4962879f0>,<function <lambda> at 0x7fa496287a90>,<function <lambda> at 0x7fa496287b30>
31504,2023-08-05 15:00:00,<function <lambda> at 0x7fa4962879f0>,<function <lambda> at 0x7fa496287a90>,<function <lambda> at 0x7fa496287b30>
31505,2023-08-05 16:00:00,<function <lambda> at 0x7fa4962879f0>,<function <lambda> at 0x7fa496287a90>,<function <lambda> at 0x7fa496287b30>
31506,2023-08-05 17:00:00,<function <lambda> at 0x7fa4962879f0>,<function <lambda> at 0x7fa496287a90>,<function <lambda> at 0x7fa496287b30>
31507,2023-08-05 18:00:00,<function <lambda> at 0x7fa4962879f0>,<function <lambda> at 0x7fa496287a90>,<function <lambda> at 0x7fa496287b30>
31508,2023-08-05 19:00:00,<function <lambda> at 0x7fa4962879f0>,<function <lambda> at 0x7fa496287a90>,<function <lambda> at 0x7fa496287b30>
31509,2023-08-05 20:00:00,<function <lambda> at 0x7fa4962879f0>,<function <lambda> at 0x7fa496287a90>,<function <lambda> at 0x7fa496287b30>
31510,2023-08-05 21:00:00,<function <lambda> at 0x7fa4962879f0>,<function <lambda> at 0x7fa496287a90>,<function <lambda> at 0x7fa496287b30>
31511,2023-08-05 22:00:00,<function <lambda> at 0x7fa4962879f0>,<function <lambda> at 0x7fa496287a90>,<function <lambda> at 0x7fa496287b30>
31512,2023-08-05 23:00:00,<function <lambda> at 0x7fa4962879f0>,<function <lambda> at 0x7fa496287a90>,<function <lambda> at 0x7fa496287b30>
31513,2023-08-06 00:00:00,<function <lambda> at 0x7fa4962879f0>,<function <lambda> at 0x7fa496287a90>,<function <lambda> at 0x7fa496287b30>
31514,2023-08-06 01:00:00,<function <lambda> at 0x7fa4962879f0>,<function <lambda> at 0x7fa496287a90>,<function <lambda> at 0x7fa496287b30>
31515,2023-08-06 02:00:00,<function <lambda> at 0x7fa4962879f0>,<function <lambda> at 0x7fa496287a90>,<function <lambda> at 0x7fa496287b30>
31516,2023-08-06 03:00:00,<function <lambda> at 0x7fa4962879f0>,<function <lambda> at 0x7fa496287a90>,<function <lambda> at 0x7fa496287b30>
31517,2023-08-06 04:00:00,<function <lambda> at 0x7fa4962879f0>,<function <lambda> at 0x7fa496287a90>,<function <lambda> at 0x7fa496287b30>
31518,2023-08-06 05:00:00,<function <lambda> at 0x7fa4962879f0>,<function <lambda> at 0x7fa496287a90>,<function <lambda> at 0x7fa496287b30>
31519,2023-08-06 06:00:00,<function <lambda> at 0x7fa4962879f0>,<function <lambda> at 0x7fa496287a90>,<function <lambda> at 0x7fa496287b30>
31520,2023-08-06 07:00:00,<function <lambda> at 0x7fa4962879f0>,<function <lambda> at 0x7fa496287a90>,<function <lambda> at 0x7fa496287b30>
31521,2023-08-06 08:00:00,<function <lambda> at 0x7fa4962879f0>,<function <lambda> at 0x7fa496287a90>,<function <lambda> at 0x7fa496287b30>
31522,2023-08-06 09:00:00,<function <lambda> at 0x7fa4962879f0>,<function <lambda> at 0x7fa496287a90>,<function <lambda> at 0x7fa496287b30>
31523,2023-08-06 10:00:00,<function <lambda> at 0x7fa4962879f0>,<function <lambda> at 0x7fa496287a90>,<function <lambda> at 0x7fa496287b30>
31524,2023-08-06 11:00:00,<function <lambda> at 0x7fa4962879f0>,<function <lambda> at 0x7fa496287a90>,<function <lambda> at 0x7fa496287b30>
31525,2023-08-06 12:00:00,<function <lambda> at 0x7fa4962879f0>,<function <lambda> at 0x7fa496287a90>,<function <lambda> at 0x7fa496287b30>
31526,2023-08-06 13:00:00,<function <lambda> at 0x7fa4962879f0>,<function <lambda> at 0x7fa496287a90>,<function <lambda> at 0x7fa496287b30>
31527,2023-08-06 14:00:00,<function <lambda> at 0x7fa4962879f0>,<function <lambda> at 0x7fa496287a90>,<function <lambda> at 0x7fa496287b30>
31528,2023-08-06 15:00:00,<function <lambda> at 0x7fa4962879f0>,<function <lambda> at 0x7fa496287a90>,<function <lambda> at 0x7fa496287b30>
31529,2023-08-06 16:00:00,<function <lambda> at 0x7fa4962879f0>,<function <lambda> at 0x7fa496287a90>,<function <lambda> at 0x7fa496287b30>
31530,2023-08-06 17:00:00,<function <lambda> at 0x7fa4962879f0>,<function <lambda> at 0x7fa496287a90>,<function <lambda> at 0x7fa496287b30>
31531,2023-08-06 18:00:00,<function <lambda> at 0x7fa4962879f0>,<function <lambda> at 0x7fa496287a90>,<function <lambda> at 0x7fa496287b30>
31532,2023-08-06 19:00:00,<function <lambda> at 0x7fa4962879f0>,<function <lambda> at 0x7fa496287a90>,<function <lambda> at 0x7fa496287b30>
31533,2023-08-06 20:00:00,<function <lambda> at 0x7fa4962879f0>,<function <lambda> at 0x7fa496287a90>,<function <lambda> at 0x7fa496287b30>
31534,2023-08-06 21:00:00,<function <lambda> at 0x7fa4962879f0>,<function <lambda> at 0x7fa496287a90>,<function <lambda> at 0x7fa496287b30>
31535,2023-08-06 22:00:00,<function <lambda> at 0x7fa4962879f0>,<function <lambda> at 0x7fa496287a90>,<function <lambda> at 0x7fa496287b30>
31536,2023-08-06 23:00:00,<function <lambda> at 0x7fa4962879f0>,<function <lambda> at 0x7fa496287a90>,<function <lambda> at 0x7fa496287b30>
31537,2023-08-07 00:00:00,<function <lambda> at 0x7fa4962879f0>,<function <lambda> at 0x7fa496287a90>,<function <lambda> at 0x7fa496287b30>
31538,2023-08-07 01:00:00,<function <lambda> at 0x7fa4962879f0>,<function <lambda> at 0x7fa496287a90>,<function <lambda> at 0x7fa496287b30>
31539,2023-08-07 02:00:00,<function <lambda> at 0x7fa4962879f0>,<function <lambda> at 0x7fa496287a90>,<function <lambda> at 0x7fa496287b30>
31540,2023-08-07 03:00:00,<function <lambda> at 0x7fa4962879f0>,<function <lambda> at 0x7fa496287a90>,<function <lambda> at 0x7fa496287b30>
31541,2023-08-07 04:00:00,<function <lambda> at 0x7fa4962879f0>,<function <lambda> at 0x7fa496287a90>,<function <lambda> at 0x7fa496287b30>
31542,2023-08-07 05:00:00,<function <lambda> at 0x7fa4962879f0>,<function <lambda> at 0x7fa496287a90>,<function <lambda> at 0x7fa496287b30>
31543,2023-08-07 06:00:00,<function <lambda> at 0x7fa4962879f0>,<function <lambda> at 0x7fa496287a90>,<function <lambda> at 0x7fa496287b30>
31544,2023-08-07 07:00:00,<function <lambda> at 0x7fa4962879f0>,<function <lambda> at 0x7fa496287a90>,<function <lambda> at 0x7fa496287b30>
31545,2023-08-07 08:00:00,<function <lambda> at 0x7fa4962879f0>,<function <lambda> at 0x7fa496287a90>,<function <lambda> at 0x7fa496287b30>
31546,2023-08-07 09:00:00,<function <lambda> at 0x7fa4962879f0>,<function <lambda> at 0x7fa496287a90>,<function <lambda> at 0x7fa496287b30>
31547,2023-08-07 10:00:00,<function <lambda> at 0x7fa4962879f0>,<function <lambda> at 0x7fa496287a90>,<function <lambda> at 0x7fa496287b30>
31548,2023-08-07 11:00:00,<function <lambda> at 0x7fa4962879f0>,<function <lambda> at 0x7fa496287a90>,<function <lambda> at 0x7fa496287b30>
31549,2023-08-07 12:00:00,<function <lambda> at 0x7fa4962879f0>,<function <lambda> at 0x7fa496287a90>,<function <lambda> at 0x7fa496287b30>
31550,2023-08-07 13:00:00,<function <lambda> at 0x7fa4962879f0>,<function <lambda> at 0x7fa496287a90>,<function <lambda> at 0x7fa496287b30>
31551,2023-08-07 14:00:00,<function <lambda> at 0x7fa4962879f0>,<function <lambda> at 0x7fa496287a90>,<function <lambda> at 0x7fa496287b30>
31552,2023-08-07 15:00:00,<function <lambda> at 0x7fa4962879f0>,<function <lambda> at 0x7fa496287a90>,<function <lambda> at 0x7fa496287b30>
31553,2023-08-07 16:00:00,<function <lambda> at 0x7fa4962879f0>,<function <lambda> at 0x7fa496287a90>,<function <lambda> at 0x7fa496287b30>
31554,2023-08-07 17:00:00,<function <lambda> at 0x7fa4962879f0>,<function <lambda> at 0x7fa496287a90>,<function <lambda> at 0x7fa496287b30>
31555,2023-08-07 18:00:00,<function <lambda> at 0x7fa4962879f0>,<function <lambda> at 0x7fa496287a90>,<function <lambda> at 0x7fa496287b30>
31556,2023-08-07 19:00:00,<function <lambda> at 0x7fa4962879f0>,<function <lambda> at 0x7fa496287a90>,<function <lambda> at 0x7fa496287b30>
31557,2023-08-07 20:00:00,<function <lambda> at 0x7fa4962879f0>,<function <lambda> at 0x7fa496287a90>,<function <lambda> at 0x7fa496287b30>
31558,2023-08-07 21:00:00,<function <lambda> at 0x7fa4962879f0>,<function <lambda> at 0x7fa496287a90>,<function <lambda> at 0x7fa496287b30>
31559,2023-08-07 22:00:00,<function <lambda> at 0x7fa4962879f0>,<function <lambda> at 0x7fa496287a90>,<function <lambda> at 0x7fa496287b30>
31560,2023-08-07 23:00:00,<function <lambda> at 0x7fa4962879f0>,<function <lambda> at 0x7fa496287a90>,<function <lambda> at 0x7fa496287b30>
31561,2023-08-08 00:00:00,<function <lambda> at 0x7fa4962879f0>,<function <lambda> at 0x7fa496287a90>,<function <lambda> at 0x7fa496287b30>
31562,2023-08-08 01:00:00,<function <lambda> at 0x7fa4962879f0>,<function <lambda> at 0x7fa496287a90>,<function <lambda> at 0x7fa496287b30>
31563,2023-08-08 02:00:00,<function <lambda> at 0x7fa4962879f0>,<function <lambda> at 0x7fa496287a90>,<function <lambda> at 0x7fa496287b30>
31564,2023-08-08 03:00:00,<function <lambda> at 0x7fa4962879f0>,<function <lambda> at 0x7fa496287a90>,<function <lambda> at 0x7fa496287b30>
31565,2023-08-08 04:00:00,<function <lambda> at 0x7fa4962879f0>,<function <lambda> at 0x7fa496287a90>,<function <lambda> at 0x7fa496287b30>
31566,2023-08-08 05:00:00,<function <lambda> at 0x7fa4962879f0>,<function <lambda> at 0x7fa496287a90>,<function <lambda> at 0x7fa496287b30>
31567,2023-08-08 06:00:00,<function <lambda> at 0x7fa4962879f0>,<function <lambda> at 0x7fa496287a90>,<function <lambda> at 0x7fa496287b30>
31568,2023-08-08 07:00:00,<function <lambda> at 0x7fa4962879f0>,<function <lambda> at 0x7fa496287a90>,<function <lambda> at 0x7fa496287b30>
31569,2023-08-08 08:00:00,<function <lambda> at 0x7fa4962879f0>,<function <lambda> at 0x7fa496287a90>,<function <lambda> at 0x7fa496287b30>
31570,2023-08-08 09:00:00,<function <lambda> at 0x7fa4962879f0>,<function <lambda> at 0x7fa496287a90>,<function <lambda> at 0x7fa496287b30>
31571,2023-08-08 10:00:00,<function <lambda> at 0x7fa4962879f0>,<function <lambda> at 0x7fa496287a90>,<function <lambda> at 0x7fa496287b30>
31572,2023-08-08 11:00:00,<function <lambda> at 0x7fa4962879f0>,<function <lambda> at 0x7fa496287a90>,<function <lambda> at 0x7fa496287b30>
31573,2023-08-08 12:00:00,<function <lambda> at 0x7fa4962879f0>,<function <lambda> at 0x7fa496287a90>,<function <lambda> at 0x7fa496287b30>
31574,2023-08-08 13:00:00,<function <lambda> at 0x7fa4962879f0>,<function <lambda> at 0x7fa496287a90>,<function <lambda> at 0x7fa496287b30>
31575,2023-08-08 14:00:00,<function <lambda> at 0x7fa4962879f0>,<function <lambda> at 0x7fa496287a90>,<function <lambda> at 0x7fa496287b30>
31576,2023-08-08 15:00:00,<function <lambda> at 0x7fa4962879f0>,<function <lambda> at 0x7fa496287a90>,<function <lambda> at 0x7fa496287b30>
31577,2023-08-08 16:00:00,<function <lambda> at 0x7fa4962879f0>,<function <lambda> at 0x7fa496287a90>,<function <lambda> at 0x7fa496287b30>
31578,2023-08-08 17:00:00,<function <lambda> at 0x7fa4962879f0>,<function <lambda> at 0x7fa496287a90>,<function <lambda> at 0x7fa496287b30>
31579,2023-08-08 18:00:00,<function <lambda> at 0x7fa4962879f0>,<function <lambda> at 0x7fa496287a90>,<function <lambda> at 0x7fa496287b30>
31580,2023-08-08 19:00:00,<function <lambda> at 0x7fa4962879f0>,<function <lambda> at 0x7fa496287a90>,<function <lambda> at 0x7fa496287b30>
31581,2023-08-08 20:00:00,<function <lambda> at 0x7fa4962879f0>,<function <lambda> at 0x7fa496287a90>,<function <lambda> at 0x7fa496287b30>
31582,2023-08-08 21:00:00,<function <lambda> at 0x7fa4962879f0>,<function <lambda> at 0x7fa496287a90>,<function <lambda> at 0x7fa496287b30>
31583,2023-08-08 22:00:00,<function <lambda> at 0x7fa4962879f0>,<function <lambda> at 0x7fa496287a90>,<function <lambda> at 0x7fa496287b30>
31584,2023-08-08 23:00:00,<function <lambda> at 0x7fa4962879f0>,<function <lambda> at 0x7fa496287a90>,<function <lambda> at 0x7fa496287b30>
31585,2023-08-09 00:00:00,<function <lambda> at 0x7fa4962879f0>,<function <lambda> at 0x7fa496287a90>,<function <lambda> at 0x7fa496287b30>
31586,2023-08-09 01:00:00,<function <lambda> at 0x7fa4962879f0>,<function <lambda> at 0x7fa496287a90>,<function <lambda> at 0x7fa496287b30>
31587,2023-08-09 02:00:00,<function <lambda> at 0x7fa4962879f0>,<function <lambda> at 0x7fa496287a90>,<function <lambda> at 0x7fa496287b30>
31588,2023-08-09 03:00:00,<function <lambda> at 0x7fa4962879f0>,<function <lambda> at 0x7fa496287a90>,<function <lambda> at 0x7fa496287b30>
31589,2023-08-09 04:00:00,<function <lambda> at 0x7fa4962879f0>,<function <lambda> at 0x7fa496287a90>,<function <lambda> at 0x7fa496287b30>
31590,2023-08-09 05:00:00,<function <lambda> at 0x7fa4962879f0>,<function <lambda> at 0x7fa496287a90>,<function <lambda> at 0x7fa496287b30>
31591,2023-08-09 06:00:00,<function <lambda> at 0x7fa4962879f0>,<function <lambda> at 0x7fa496287a90>,<function <lambda> at 0x7fa496287b30>
31592,2023-08-09 07:00:00,<function <lambda> at 0x7fa4962879f0>,<function <lambda> at 0x7fa496287a90>,<function <lambda> at 0x7fa496287b30>
31593,2023-08-09 08:00:00,<function <lambda> at 0x7fa4962879f0>,<function <lambda> at 0x7fa496287a90>,<function <lambda> at 0x7fa496287b30>
31594,2023-08-09 09:00:00,<function <lambda> at 0x7fa4962879f0>,<function <lambda> at 0x7fa496287a90>,<function <lambda> at 0x7fa496287b30>
31595,2023-08-09 10:00:00,<function <lambda> at 0x7fa4962879f0>,<function <lambda> at 0x7fa496287a90>,<function <lambda> at 0x7fa496287b30>
31596,2023-08-09 11:00:00,<function <lambda> at 0x7fa4962879f0>,<function <lambda> at 0x7fa496287a90>,<function <lambda> at 0x7fa496287b30>
31597,2023-08-09 12:00:00,<function <lambda> at 0x7fa4962879f0>,<function <lambda> at 0x7fa496287a90>,<function <lambda> at 0x7fa496287b30>
31598,2023-08-09 13:00:00,<function <lambda> at 0x7fa4962879f0>,<function <lambda> at 0x7fa496287a90>,<function <lambda> at 0x7fa496287b30>
31599,2023-08-09 14:00:00,<function <lambda> at 0x7fa4962879f0>,<function <lambda> at 0x7fa496287a90>,<function <lambda> at 0x7fa496287b30>
31600,2023-08-09 15:00:00,<function <lambda> at 0x7fa4962879f0>,<function <lambda> at 0x7fa496287a90>,<function <lambda> at 0x7fa496287b30>
31601,2023-08-09 16:00:00,<function <lambda> at 0x7fa4962879f0>,<function <lambda> at 0x7fa496287a90>,<function <lambda> at 0x7fa496287b30>
31602,2023-08-09 17:00:00,<function <lambda> at 0x7fa4962879f0>,<function <lambda> at 0x7fa496287a90>,<function <lambda> at 0x7fa496287b30>
31603,2023-08-09 18:00:00,<function <lambda> at 0x7fa4962879f0>,<function <lambda> at 0x7fa496287a90>,<function <lambda> at 0x7fa496287b30>
31604,2023-08-09 19:00:00,<function <lambda> at 0x7fa4962879f0>,<function <lambda> at 0x7fa496287a90>,<function <lambda> at 0x7fa496287b30>
31605,2023-08-09 20:00:00,<function <lambda> at 0x7fa4962879f0>,<function <lambda> at 0x7fa496287a90>,<function <lambda> at 0x7fa496287b30>
31606,2023-08-09 21:00:00,<function <lambda> at 0x7fa4962879f0>,<function <lambda> at 0x7fa496287a90>,<function <lambda> at 0x7fa496287b30>
31607,2023-08-09 22:00:00,<function <lambda> at 0x7fa4962879f0>,<function <lambda> at 0x7fa496287a90>,<function <lambda> at 0x7fa496287b30>
31608,2023-08-09 23:00:00,<function <lambda> at 0x7fa4962879f0>,<function <lambda> at 0x7fa496287a90>,<function <lambda> at 0x7fa496287b30>
31609,2023-08-10 00:00:00,<function <lambda> at 0x7fa4962879f0>,<function <lambda> at 0x7fa496287a90>,<function <lambda> at 0x7fa496287b30>
31610,2023-08-10 01:00:00,<function <lambda> at 0x7fa4962879f0>,<function <lambda> at 0x7fa496287a90>,<function <lambda> at 0x7fa496287b30>
31611,2023-08-10 02:00:00,<function <lambda> at 0x7fa4962879f0>,<function <lambda> at 0x7fa496287a90>,<function <lambda> at 0x7fa496287b30>
31612,2023-08-10 03:00:00,<function <lambda> at 0x7fa4962879f0>,<function <lambda> at 0x7fa496287a90>,<function <lambda> at 0x7fa496287b30>
31613,2023-08-10 04:00:00,<function <lambda> at 0x7fa4962879f0>,<function <lambda> at 0x7fa496287a90>,<function <lambda> at 0x7fa496287b30>
31614,2023-08-10 05:00:00,<function <lambda> at 0x7fa4962879f0>,<function <lambda> at 0x7fa496287a90>,<function <lambda> at 0x7fa496287b30>
31615,2023-08-10 06:00:00,<function <lambda> at 0x7fa4962879f0>,<function <lambda> at 0x7fa496287a90>,<function <lambda> at 0x7fa496287b30>
31616,2023-08-10 07:00:00,<function <lambda> at 0x7fa4962879f0>,<function <lambda> at 0x7fa496287a90>,<function <lambda> at 0x7fa496287b30>
31617,2023-08-10 08:00:00,<function <lambda> at 0x7fa4962879f0>,<function <lambda> at 0x7fa496287a90>,<function <lambda> at 0x7fa496287b30>
31618,2023-08-10 09:00:00,<function <lambda> at 0x7fa4962879f0>,<function <lambda> at 0x7fa496287a90>,<function <lambda> at 0x7fa496287b30>
31619,2023-08-10 10:00:00,<function <lambda> at 0x7fa4962879f0>,<function <lambda> at 0x7fa496287a90>,<function <lambda> at 0x7fa496287b30>
31620,2023-08-10 11:00:00,<function <lambda> at 0x7fa4962879f0>,<function <lambda> at 0x7fa496287a90>,<function <lambda> at 0x7fa496287b30>
31621,2023-08-10 12:00:00,<function <lambda> at 0x7fa4962879f0>,<function <lambda> at 0x7fa496287a90>,<function <lambda> at 0x7fa496287b30>
31622,2023-08-10 13:00:00,<function <lambda> at 0x7fa4962879f0>,<function <lambda> at 0x7fa496287a90>,<function <lambda> at 0x7fa496287b30>
31623,2023-08-10 14:00:00,<function <lambda> at 0x7fa4962879f0>,<function <lambda> at 0x7fa496287a90>,<function <lambda> at 0x7fa496287b30>
31624,2023-08-10 15:00:00,<function <lambda> at 0x7fa4962879f0>,<function <lambda> at 0x7fa496287a90>,<function <lambda> at 0x7fa496287b30>
31625,2023-08-10 16:00:00,<function <lambda> at 0x7fa4962879f0>,<function <lambda> at 0x7fa496287a90>,<function <lambda> at 0x7fa496287b30>
31626,2023-08-10 17:00:00,<function <lambda> at 0x7fa4962879f0>,<function <lambda> at 0x7fa496287a90>,<function <lambda> at 0x7fa496287b30>
31627,2023-08-10 18:00:00,<function <lambda> at 0x7fa4962879f0>,<function <lambda> at 0x7fa496287a90>,<function <lambda> at 0x7fa496287b30>
31628,2023-08-10 19:00:00,<function <lambda> at 0x7fa4962879f0>,<function <lambda> at 0x7fa496287a90>,<function <lambda> at 0x7fa496287b30>
31629,2023-08-10 20:00:00,<function <lambda> at 0x7fa4962879f0>,<function <lambda> at 0x7fa496287a90>,<function <lambda> at 0x7fa496287b30>
31630,2023-08-10 21:00:00,<function <lambda> at 0x7fa4962879f0>,<function <lambda> at 0x7fa496287a90>,<function <lambda> at 0x7fa496287b30>
31631,2023-08-10 22:00:00,<function <lambda> at 0x7fa4962879f0>,<function <lambda> at 0x7fa496287a90>,<function <lambda> at 0x7fa496287b30>
31632,2023-08-10 23:00:00,<function <lambda> at 0x7fa4962879f0>,<function <lambda> at 0x7fa496287a90>,<function <lambda> at 0x7fa496287b30>
31633,2023-08-11 00:00:00,<function <lambda> at 0x7fa4962879f0>,<function <lambda> at 0x7fa496287a90>,<function <lambda> at 0x7fa496287b30>
31634,2023-08-11 01:00:00,<function <lambda> at 0x7fa4962879f0>,<function <lambda> at 0x7fa496287a90>,<function <lambda> at 0x7fa496287b30>
31635,2023-08-11 02:00:00,<function <lambda> at 0x7fa4962879f0>,<function <lambda> at 0x7fa496287a90>,<function <lambda> at 0x7fa496287b30>
31636,2023-08-11 03:00:00,<function <lambda> at 0x7fa4962879f0>,<function <lambda> at 0x7fa496287a90>,<function <lambda> at 0x7fa496287b30>
31637,2023-08-11 04:00:00,<function <lambda> at 0x7fa4962879f0>,<function <lambda> at 0x7fa496287a90>,<function <lambda> at 0x7fa496287b30>
31638,2023-08-11 05:00:00,<function <lambda> at 0x7fa4962879f0>,<function <lambda> at 0x7fa496287a90>,<function <lambda> at 0x7fa496287b30>
31639,2023-08-11 06:00:00,<function <lambda> at 0x7fa4962879f0>,<function <lambda> at 0x7fa496287a90>,<function <lambda> at 0x7fa496287b30>
31640,2023-08-11 07:00:00,<function <lambda> at 0x7fa4962879f0>,<function <lambda> at 0x7fa496287a90>,<function <lambda> at 0x7fa496287b30>
31641,2023-08-11 08:00:00,<function <lambda> at 0x7fa4962879f0>,<function <lambda> at 0x7fa496287a90>,<function <lambda> at 0x7fa496287b30>
31642,2023-08-11 09:00:00,<function <lambda> at 0x7fa4962879f0>,<function <lambda> at 0x7fa496287a90>,<function <lambda> at 0x7fa496287b30>
31643,2023-08-11 10:00:00,<function <lambda> at 0x7fa4962879f0>,<function <lambda> at 0x7fa496287a90>,<function <lambda> at 0x7fa496287b30>
31644,2023-08-11 11:00:00,<function <lambda> at 0x7fa4962879f0>,<function <lambda> at 0x7fa496287a90>,<function <lambda> at 0x7fa496287b30>
31645,2023-08-11 12:00:00,<function <lambda> at 0x7fa4962879f0>,<function <lambda> at 0x7fa496287a90>,<function <lambda> at 0x7fa496287b30>
31646,2023-08-11 13:00:00,<function <lambda> at 0x7fa4962879f0>,<function <lambda> at 0x7fa496287a90>,<function <lambda> at 0x7fa496287b30>
31647,2023-08-11 14:00:00,<function <lambda> at 0x7fa4962879f0>,<function <lambda> at 0x7fa496287a90>,<function <lambda> at 0x7fa496287b30>
31648,2023-08-11 15:00:00,<function <lambda> at 0x7fa4962879f0>,<function <lambda> at 0x7fa496287a90>,<function <lambda> at 0x7fa496287b30>
31649,2023-08-11 16:00:00,<function <lambda> at 0x7fa4962879f0>,<function <lambda> at 0x7fa496287a90>,<function <lambda> at 0x7fa496287b30>
31650,2023-08-11 17:00:00,<function <lambda> at 0x7fa4962879f0>,<function <lambda> at 0x7fa496287a90>,<function <lambda> at 0x7fa496287b30>
31651,2023-08-11 18:00:00,<function <lambda> at 0x7fa4962879f0>,<function <lambda> at 0x7fa496287a90>,<function <lambda> at 0x7fa496287b30>
31652,2023-08-11 19:00:00,<function <lambda> at 0x7fa4962879f0>,<function <lambda> at 0x7fa496287a90>,<function <lambda> at 0x7fa496287b30>
31653,2023-08-11 20:00:00,<function <lambda> at 0x7fa4962879f0>,<function <lambda> at 0x7fa496287a90>,<function <lambda> at 0x7fa496287b30>
31654,2023-08-11 21:00:00,<function <lambda> at 0x7fa4962879f0>,<function <lambda> at 0x7fa496287a90>,<function <lambda> at 0x7fa496287b30>
31655,2023-08-11 22:00:00,<function <lambda> at 0x7fa4962879f0>,<function <lambda> at 0x7fa496287a90>,<function <lambda> at 0x7fa496287b30>
31656,2023-08-11 23:00:00,<function <lambda> at 0x7fa4962879f0>,<function <lambda> at 0x7fa496287a90>,<function <lambda> at 0x7fa496287b30>
31657,2023-08-12 00:00:00,<function <lambda> at 0x7fa4962879f0>,<function <lambda> at 0x7fa496287a90>,<function <lambda> at 0x7fa496287b30>
31658,2023-08-12 01:00:00,<function <lambda> at 0x7fa4962879f0>,<function <lambda> at 0x7fa496287a90>,<function <lambda> at 0x7fa496287b30>
31659,2023-08-12 02:00:00,<function <lambda> at 0x7fa4962879f0>,<function <lambda> at 0x7fa496287a90>,<function <lambda> at 0x7fa496287b30>
31660,2023-08-12 03:00:00,<function <lambda> at 0x7fa4962879f0>,<function <lambda> at 0x7fa496287a90>,<function <lambda> at 0x7fa496287b30>
31661,2023-08-12 04:00:00,<function <lambda> at 0x7fa4962879f0>,<function <lambda> at 0x7fa496287a90>,<function <lambda> at 0x7fa496287b30>
31662,2023-08-12 05:00:00,<function <lambda> at 0x7fa4962879f0>,<function <lambda> at 0x7fa496287a90>,<function <lambda> at 0x7fa496287b30>
31663,2023-08-12 06:00:00,<function <lambda> at 0x7fa4962879f0>,<function <lambda> at 0x7fa496287a90>,<function <lambda> at 0x7fa496287b30>
31664,2023-08-12 07:00:00,<function <lambda> at 0x7fa4962879f0>,<function <lambda> at 0x7fa496287a90>,<function <lambda> at 0x7fa496287b30>
31665,2023-08-12 08:00:00,<function <lambda> at 0x7fa4962879f0>,<function <lambda> at 0x7fa496287a90>,<function <lambda> at 0x7fa496287b30>
31666,2023-08-12 09:00:00,<function <lambda> at 0x7fa4962879f0>,<function <lambda> at 0x7fa496287a90>,<function <lambda> at 0x7fa496287b30>
31667,2023-08-12 10:00:00,<function <lambda> at 0x7fa4962879f0>,<function <lambda> at 0x7fa496287a90>,<function <lambda> at 0x7fa496287b30>
31668,2023-08-12 11:00:00,<function <lambda> at 0x7fa4962879f0>,<function <lambda> at 0x7fa496287a90>,<function <lambda> at 0x7fa496287b30>
31669,2023-08-12 12:00:00,<function <lambda> at 0x7fa4962879f0>,<function <lambda> at 0x7fa496287a90>,<function <lambda> at 0x7fa496287b30>
31670,2023-08-12 13:00:00,<function <lambda> at 0x7fa4962879f0>,<function <lambda> at 0x7fa496287a90>,<function <lambda> at 0x7fa496287b30>
31671,2023-08-12 14:00:00,<function <lambda> at 0x7fa4962879f0>,<function <lambda> at 0x7fa496287a90>,<function <lambda> at 0x7fa496287b30>
31672,2023-08-12 15:00:00,<function <lambda> at 0x7fa4962879f0>,<function <lambda> at 0x7fa496287a90>,<function <lambda> at 0x7fa496287b30>
31673,2023-08-12 16:00:00,<function <lambda> at 0x7fa4962879f0>,<function <lambda> at 0x7fa496287a90>,<function <lambda> at 0x7fa496287b30>
31674,2023-08-12 17:00:00,<function <lambda> at 0x7fa4962879f0>,<function <lambda> at 0x7fa496287a90>,<function <lambda> at 0x7fa496287b30>
31675,2023-08-12 18:00:00,<function <lambda> at 0x7fa4962879f0>,<function <lambda> at 0x7fa496287a90>,<function <lambda> at 0x7fa496287b30>
31676,2023-08-12 19:00:00,<function <lambda> at 0x7fa4962879f0>,<function <lambda> at 0x7fa496287a90>,<function <lambda> at 0x7fa496287b30>
31677,2023-08-12 20:00:00,<function <lambda> at 0x7fa4962879f0>,<function <lambda> at 0x7fa496287a90>,<function <lambda> at 0x7fa496287b30>
31678,2023-08-12 21:00:00,<function <lambda> at 0x7fa4962879f0>,<function <lambda> at 0x7fa496287a90>,<function <lambda> at 0x7fa496287b30>
31679,2023-08-12 22:00:00,<function <lambda> at 0x7fa4962879f0>,<function <lambda> at 0x7fa496287a90>,<function <lambda> at 0x7fa496287b30>
31680,2023-08-12 23:00:00,<function <lambda> at 0x7fa4962879f0>,<function <lambda> at 0x7fa496287a90>,<function <lambda> at 0x7fa496287b30>
31681,2023-08-13 00:00:00,<function <lambda> at 0x7fa4962879f0>,<function <lambda> at 0x7fa496287a90>,<function <lambda> at 0x7fa496287b30>
31682,2023-08-13 01:00:00,<function <lambda> at 0x7fa4962879f0>,<function <lambda> at 0x7fa496287a90>,<function <lambda> at 0x7fa496287b30>
31683,2023-08-13 02:00:00,<function <lambda> at 0x7fa4962879f0>,<function <lambda> at 0x7fa496287a90>,<function <lambda> at 0x7fa496287b30>
31684,2023-08-13 03:00:00,<function <lambda> at 0x7fa4962879f0>,<function <lambda> at 0x7fa496287a90>,<function <lambda> at 0x7fa496287b30>
31685,2023-08-13 04:00:00,<function <lambda> at 0x7fa4962879f0>,<function <lambda> at 0x7fa496287a90>,<function <lambda> at 0x7fa496287b30>
31686,2023-08-13 05:00:00,<function <lambda> at 0x7fa4962879f0>,<function <lambda> at 0x7fa496287a90>,<function <lambda> at 0x7fa496287b30>
31687,2023-08-13 06:00:00,<function <lambda> at 0x7fa4962879f0>,<function <lambda> at 0x7fa496287a90>,<function <lambda> at 0x7fa496287b30>
31688,2023-08-13 07:00:00,<function <lambda> at 0x7fa4962879f0>,<function <lambda> at 0x7fa496287a90>,<function <lambda> at 0x7fa496287b30>
31689,2023-08-13 08:00:00,<function <lambda> at 0x7fa4962879f0>,<function <lambda> at 0x7fa496287a90>,<function <lambda> at 0x7fa496287b30>
31690,2023-08-13 09:00:00,<function <lambda> at 0x7fa4962879f0>,<function <lambda> at 0x7fa496287a90>,<function <lambda> at 0x7fa496287b30>
31691,2023-08-13 10:00:00,<function <lambda> at 0x7fa4962879f0>,<function <lambda> at 0x7fa496287a90>,<function <lambda> at 0x7fa496287b30>
31692,2023-08-13 11:00:00,<function <lambda> at 0x7fa4962879f0>,<function <lambda> at 0x7fa496287a90>,<function <lambda> at 0x7fa496287b30>
31693,2023-08-13 12:00:00,<function <lambda> at 0x7fa4962879f0>,<function <lambda> at 0x7fa496287a90>,<function <lambda> at 0x7fa496287b30>
31694,2023-08-13 13:00:00,<function <lambda> at 0x7fa4962879f0>,<function <lambda> at 0x7fa496287a90>,<function <lambda> at 0x7fa496287b30>
31695,2023-08-13 14:00:00,<function <lambda> at 0x7fa4962879f0>,<function <lambda> at 0x7fa496287a90>,<function <lambda> at 0x7fa496287b30>
31696,2023-08-13 15:00:00,<function <lambda> at 0x7fa4962879f0>,<function <lambda> at 0x7fa496287a90>,<function <lambda> at 0x7fa496287b30>
31697,2023-08-13 16:00:00,<function <lambda> at 0x7fa4962879f0>,<function <lambda> at 0x7fa496287a90>,<function <lambda> at 0x7fa496287b30>
31698,2023-08-13 17:00:00,<function <lambda> at 0x7fa4962879f0>,<function <lambda> at 0x7fa496287a90>,<function <lambda> at 0x7fa496287b30>
31699,2023-08-13 18:00:00,<function <lambda> at 0x7fa4962879f0>,<function <lambda> at 0x7fa496287a90>,<function <lambda> at 0x7fa496287b30>
31700,2023-08-13 19:00:00,<function <lambda> at 0x7fa4962879f0>,<function <lambda> at 0x7fa496287a90>,<function <lambda> at 0x7fa496287b30>
31701,2023-08-13 20:00:00,<function <lambda> at 0x7fa4962879f0>,<function <lambda> at 0x7fa496287a90>,<function <lambda> at 0x7fa496287b30>
31702,2023-08-13 21:00:00,<function <lambda> at 0x7fa4962879f0>,<function <lambda> at 0x7fa496287a90>,<function <lambda> at 0x7fa496287b30>
31703,2023-08-13 22:00:00,<function <lambda> at 0x7fa4962879f0>,<function <lambda> at 0x7fa496287a90>,<function <lambda> at 0x7fa496287b30>
31704,2023-08-13 23:00:00,<function <lambda> at 0x7fa4962879f0>,<function <lambda> at 0x7fa496287a90>,<function <lambda> at 0x7fa496287b30>
31705,2023-08-14 00:00:00,<function <lambda> at 0x7fa4962879f0>,<function <lambda> at 0x7fa496287a90>,<function <lambda> at 0x7fa496287b30>
31706,2023-08-14 01:00:00,<function <lambda> at 0x7fa4962879f0>,<function <lambda> at 0x7fa496287a90>,<function <lambda> at 0x7fa496287b30>
31707,2023-08-14 02:00:00,<function <lambda> at 0x7fa4962879f0>,<function <lambda> at 0x7fa496287a90>,<function <lambda> at 0x7fa496287b30>
31708,2023-08-14 03:00:00,<function <lambda> at 0x7fa4962879f0>,<function <lambda> at 0x7fa496287a90>,<function <lambda> at 0x7fa496287b30>
31709,2023-08-14 04:00:00,<function <lambda> at 0x7fa4962879f0>,<function <lambda> at 0x7fa496287a90>,<function <lambda> at 0x7fa496287b30>
31710,2023-08-14 05:00:00,<function <lambda> at 0x7fa4962879f0>,<function <lambda> at 0x7fa496287a90>,<function <lambda> at 0x7fa496287b30>
31711,2023-08-14 06:00:00,<function <lambda> at 0x7fa4962879f0>,<function <lambda> at 0x7fa496287a90>,<function <lambda> at 0x7fa496287b30>
31712,2023-08-14 07:00:00,<function <lambda> at 0x7fa4962879f0>,<function <lambda> at 0x7fa496287a90>,<function <lambda> at 0x7fa496287b30>
31713,2023-08-14 08:00:00,<function <lambda> at 0x7fa4962879f0>,<function <lambda> at 0x7fa496287a90>,<function <lambda> at 0x7fa496287b30>
31714,2023-08-14 09:00:00,<function <lambda> at 0x7fa4962879f0>,<function <lambda> at 0x7fa496287a90>,<function <lambda> at 0x7fa496287b30>
31715,2023-08-14 10:00:00,<function <lambda> at 0x7fa4962879f0>,<function <lambda> at 0x7fa496287a90>,<function <lambda> at 0x7fa496287b30>
31716,2023-08-14 11:00:00,<function <lambda> at 0x7fa4962879f0>,<function <lambda> at 0x7fa496287a90>,<function <lambda> at 0x7fa496287b30>
31717,2023-08-14 12:00:00,<function <lambda> at 0x7fa4962879f0>,<function <lambda> at 0x7fa496287a90>,<function <lambda> at 0x7fa496287b30>
31718,2023-08-14 13:00:00,<function <lambda> at 0x7fa4962879f0>,<function <lambda> at 0x7fa496287a90>,<function <lambda> at 0x7fa496287b30>
31719,2023-08-14 14:00:00,<function <lambda> at 0x7fa4962879f0>,<function <lambda> at 0x7fa496287a90>,<function <lambda> at 0x7fa496287b30>
31720,2023-08-14 15:00:00,<function <lambda> at 0x7fa4962879f0>,<function <lambda> at 0x7fa496287a90>,<function <lambda> at 0x7fa496287b30>
31721,2023-08-14 16:00:00,<function <lambda> at 0x7fa4962879f0>,<function <lambda> at 0x7fa496287a90>,<function <lambda> at 0x7fa496287b30>
31722,2023-08-14 17:00:00,<function <lambda> at 0x7fa4962879f0>,<function <lambda> at 0x7fa496287a90>,<function <lambda> at 0x7fa496287b30>
31723,2023-08-14 18:00:00,<function <lambda> at 0x7fa4962879f0>,<function <lambda> at 0x7fa496287a90>,<function <lambda> at 0x7fa496287b30>
31724,2023-08-14 19:00:00,<function <lambda> at 0x7fa4962879f0>,<function <lambda> at 0x7fa496287a90>,<function <lambda> at 0x7fa496287b30>
31725,2023-08-14 20:00:00,<function <lambda> at 0x7fa4962879f0>,<function <lambda> at 0x7fa496287a90>,<function <lambda> at 0x7fa496287b30>
31726,2023-08-14 21:00:00,<function <lambda> at 0x7fa4962879f0>,<function <lambda> at 0x7fa496287a90>,<function <lambda> at 0x7fa496287b30>
31727,2023-08-14 22:00:00,<function <lambda> at 0x7fa4962879f0>,<function <lambda> at 0x7fa496287a90>,<function <lambda> at 0x7fa496287b30>
31728,2023-08-14 23:00:00,<function <lambda> at 0x7fa4962879f0>,<function <lambda> at 0x7fa496287a90>,<function <lambda> at 0x7fa496287b30>
31729,2023-08-15 00:00:00,<function <lambda> at 0x7fa4962879f0>,<function <lambda> at 0x7fa496287a90>,<function <lambda> at 0x7fa496287b30>
31730,2023-08-15 01:00:00,<function <lambda> at 0x7fa4962879f0>,<function <lambda> at 0x7fa496287a90>,<function <lambda> at 0x7fa496287b30>
31731,2023-08-15 02:00:00,<function <lambda> at 0x7fa4962879f0>,<function <lambda> at 0x7fa496287a90>,<function <lambda> at 0x7fa496287b30>
31732,2023-08-15 03:00:00,<function <lambda> at 0x7fa4962879f0>,<function <lambda> at 0x7fa496287a90>,<function <lambda> at 0x7fa496287b30>
31733,2023-08-15 04:00:00,<function <lambda> at 0x7fa4962879f0>,<function <lambda> at 0x7fa496287a90>,<function <lambda> at 0x7fa496287b30>
31734,2023-08-15 05:00:00,<function <lambda> at 0x7fa4962879f0>,<function <lambda> at 0x7fa496287a90>,<function <lambda> at 0x7fa496287b30>
31735,2023-08-15 06:00:00,<function <lambda> at 0x7fa4962879f0>,<function <lambda> at 0x7fa496287a90>,<function <lambda> at 0x7fa496287b30>
31736,2023-08-15 07:00:00,<function <lambda> at 0x7fa4962879f0>,<function <lambda> at 0x7fa496287a90>,<function <lambda> at 0x7fa496287b30>
31737,2023-08-15 08:00:00,<function <lambda> at 0x7fa4962879f0>,<function <lambda> at 0x7fa496287a90>,<function <lambda> at 0x7fa496287b30>
31738,2023-08-15 09:00:00,<function <lambda> at 0x7fa4962879f0>,<function <lambda> at 0x7fa496287a90>,<function <lambda> at 0x7fa496287b30>
31739,2023-08-15 10:00:00,<function <lambda> at 0x7fa4962879f0>,<function <lambda> at 0x7fa496287a90>,<function <lambda> at 0x7fa496287b30>
31740,2023-08-15 11:00:00,<function <lambda> at 0x7fa4962879f0>,<function <lambda> at 0x7fa496287a90>,<function <lambda> at 0x7fa496287b30>
31741,2023-08-15 12:00:00,<function <lambda> at 0x7fa4962879f0>,<function <lambda> at 0x7fa496287a90>,<function <lambda> at 0x7fa496287b30>
31742,2023-08-15 13:00:00,<function <lambda> at 0x7fa4962879f0>,<function <lambda> at 0x7fa496287a90>,<function <lambda> at 0x7fa496287b30>
31743,2023-08-15 14:00:00,<function <lambda> at 0x7fa4962879f0>,<function <lambda> at 0x7fa496287a90>,<function <lambda> at 0x7fa496287b30>
31744,2023-08-15 15:00:00,<function <lambda> at 0x7fa4962879f0>,<function <lambda> at 0x7fa496287a90>,<function <lambda> at 0x7fa496287b30>
31745,2023-08-15 16:00:00,<function <lambda> at 0x7fa4962879f0>,<function <lambda> at 0x7fa496287a90>,<function <lambda> at 0x7fa496287b30>
31746,2023-08-15 17:00:00,<function <lambda> at 0x7fa4962879f0>,<function <lambda> at 0x7fa496287a90>,<function <lambda> at 0x7fa496287b30>
31747,2023-08-15 18:00:00,<function <lambda> at 0x7fa4962879f0>,<function <lambda> at 0x7fa496287a90>,<function <lambda> at 0x7fa496287b30>
31748,2023-08-15 19:00:00,<function <lambda> at 0x7fa4962879f0>,<function <lambda> at 0x7fa496287a90>,<function <lambda> at 0x7fa496287b30>
31749,2023-08-15 20:00:00,<function <lambda> at 0x7fa4962879f0>,<function <lambda> at 0x7fa496287a90>,<function <lambda> at 0x7fa496287b30>
31750,2023-08-15 21:00:00,<function <lambda> at 0x7fa4962879f0>,<function <lambda> at 0x7fa496287a90>,<function <lambda> at 0x7fa496287b30>
31751,2023-08-15 22:00:00,<function <lambda> at 0x7fa4962879f0>,<function <lambda> at 0x7fa496287a90>,<function <lambda> at 0x7fa496287b30>
31752,2023-08-15 23:00:00,<function <lambda> at 0x7fa4962879f0>,<function <lambda> at 0x7fa496287a90>,<function <lambda> at 0x7fa496287b30>
31753,2023-08-16 00:00:00,<function <lambda> at 0x7fa4962879f0>,<function <lambda> at 0x7fa496287a90>,<function <lambda> at 0x7fa496287b30>
31754,2023-08-16 01:00:00,<function <lambda> at 0x7fa4962879f0>,<function <lambda> at 0x7fa496287a90>,<function <lambda> at 0x7fa496287b30>
31755,2023-08-16 02:00:00,<function <lambda> at 0x7fa4962879f0>,<function <lambda> at 0x7fa496287a90>,<function <lambda> at 0x7fa496287b30>
31756,2023-08-16 03:00:00,<function <lambda> at 0x7fa4962879f0>,<function <lambda> at 0x7fa496287a90>,<function <lambda> at 0x7fa496287b30>
31757,2023-08-16 04:00:00,<function <lambda> at 0x7fa4962879f0>,<function <lambda> at 0x7fa496287a90>,<function <lambda> at 0x7fa496287b30>
31758,2023-08-16 05:00:00,<function <lambda> at 0x7fa4962879f0>,<function <lambda> at 0x7fa496287a90>,<function <lambda> at 0x7fa496287b30>
31759,2023-08-16 06:00:00,<function <lambda> at 0x7fa4962879f0>,<function <lambda> at 0x7fa496287a90>,<function <lambda> at 0x7fa496287b30>
31760,2023-08-16 07:00:00,<function <lambda> at 0x7fa4962879f0>,<function <lambda> at 0x7fa496287a90>,<function <lambda> at 0x7fa496287b30>
31761,2023-08-16 08:00:00,<function <lambda> at 0x7fa4962879f0>,<function <lambda> at 0x7fa496287a90>,<function <lambda> at 0x7fa496287b30>
31762,2023-08-16 09:00:00,<function <lambda> at 0x7fa4962879f0>,<function <lambda> at 0x7fa496287a90>,<function <lambda> at 0x7fa496287b30>
31763,2023-08-16 10:00:00,<function <lambda> at 0x7fa4962879f0>,<function <lambda> at 0x7fa496287a90>,<function <lambda> at 0x7fa496287b30>
31764,2023-08-16 11:00:00,<function <lambda> at 0x7fa4962879f0>,<function <lambda> at 0x7fa496287a90>,<function <lambda> at 0x7fa496287b30>
31765,2023-08-16 12:00:00,<function <lambda> at 0x7fa4962879f0>,<function <lambda> at 0x7fa496287a90>,<function <lambda> at 0x7fa496287b30>
31766,2023-08-16 13:00:00,<function <lambda> at 0x7fa4962879f0>,<function <lambda> at 0x7fa496287a90>,<function <lambda> at 0x7fa496287b30>
31767,2023-08-16 14:00:00,<function <lambda> at 0x7fa4962879f0>,<function <lambda> at 0x7fa496287a90>,<function <lambda> at 0x7fa496287b30>
31768,2023-08-16 15:00:00,<function <lambda> at 0x7fa4962879f0>,<function <lambda> at 0x7fa496287a90>,<function <lambda> at 0x7fa496287b30>
31769,2023-08-16 16:00:00,<function <lambda> at 0x7fa4962879f0>,<function <lambda> at 0x7fa496287a90>,<function <lambda> at 0x7fa496287b30>
31770,2023-08-16 17:00:00,<function <lambda> at 0x7fa4962879f0>,<function <lambda> at 0x7fa496287a90>,<function <lambda> at 0x7fa496287b30>
31771,2023-08-16 18:00:00,<function <lambda> at 0x7fa4962879f0>,<function <lambda> at 0x7fa496287a90>,<function <lambda> at 0x7fa496287b30>
31772,2023-08-16 19:00:00,<function <lambda> at 0x7fa4962879f0>,<function <lambda> at 0x7fa496287a90>,<function <lambda> at 0x7fa496287b30>
31773,2023-08-16 20:00:00,<function <lambda> at 0x7fa4962879f0>,<function <lambda> at 0x7fa496287a90>,<function <lambda> at 0x7fa496287b30>
31774,2023-08-16 21:00:00,<function <lambda> at 0x7fa4962879f0>,<function <lambda> at 0x7fa496287a90>,<function <lambda> at 0x7fa496287b30>
31775,2023-08-16 22:00:00,<function <lambda> at 0x7fa4962879f0>,<function <lambda> at 0x7fa496287a90>,<function <lambda> at 0x7fa496287b30>
31776,2023-08-16 23:00:00,<function <lambda> at 0x7fa4962879f0>,<function <lambda> at 0x7fa496287a90>,<function <lambda> at 0x7fa496287b30>
31777,2023-08-17 00:00:00,<function <lambda> at 0x7fa4962879f0>,<function <lambda> at 0x7fa496287a90>,<function <lambda> at 0x7fa496287b30>
31778,2023-08-17 01:00:00,<function <lambda> at 0x7fa4962879f0>,<function <lambda> at 0x7fa496287a90>,<function <lambda> at 0x7fa496287b30>
31779,2023-08-17 02:00:00,<function <lambda> at 0x7fa4962879f0>,<function <lambda> at 0x7fa496287a90>,<function <lambda> at 0x7fa496287b30>
31780,2023-08-17 03:00:00,<function <lambda> at 0x7fa4962879f0>,<function <lambda> at 0x7fa496287a90>,<function <lambda> at 0x7fa496287b30>
31781,2023-08-17 04:00:00,<function <lambda> at 0x7fa4962879f0>,<function <lambda> at 0x7fa496287a90>,<function <lambda> at 0x7fa496287b30>
31782,2023-08-17 05:00:00,<function <lambda> at 0x7fa4962879f0>,<function <lambda> at 0x7fa496287a90>,<function <lambda> at 0x7fa496287b30>
31783,2023-08-17 06:00:00,<function <lambda> at 0x7fa4962879f0>,<function <lambda> at 0x7fa496287a90>,<function <lambda> at 0x7fa496287b30>
31784,2023-08-17 07:00:00,<function <lambda> at 0x7fa4962879f0>,<function <lambda> at 0x7fa496287a90>,<function <lambda> at 0x7fa496287b30>
31785,2023-08-17 08:00:00,<function <lambda> at 0x7fa4962879f0>,<function <lambda> at 0x7fa496287a90>,<function <lambda> at 0x7fa496287b30>
31786,2023-08-17 09:00:00,<function <lambda> at 0x7fa4962879f0>,<function <lambda> at 0x7fa496287a90>,<function <lambda> at 0x7fa496287b30>
31787,2023-08-17 10:00:00,<function <lambda> at 0x7fa4962879f0>,<function <lambda> at 0x7fa496287a90>,<function <lambda> at 0x7fa496287b30>
31788,2023-08-17 11:00:00,<function <lambda> at 0x7fa4962879f0>,<function <lambda> at 0x7fa496287a90>,<function <lambda> at 0x7fa496287b30>
31789,2023-08-17 12:00:00,<function <lambda> at 0x7fa4962879f0>,<function <lambda> at 0x7fa496287a90>,<function <lambda> at 0x7fa496287b30>
31790,2023-08-17 13:00:00,<function <lambda> at 0x7fa4962879f0>,<function <lambda> at 0x7fa496287a90>,<function <lambda> at 0x7fa496287b30>
31791,2023-08-17 14:00:00,<function <lambda> at 0x7fa4962879f0>,<function <lambda> at 0x7fa496287a90>,<function <lambda> at 0x7fa496287b30>
31792,2023-08-17 15:00:00,<function <lambda> at 0x7fa4962879f0>,<function <lambda> at 0x7fa496287a90>,<function <lambda> at 0x7fa496287b30>
31793,2023-08-17 16:00:00,<function <lambda> at 0x7fa4962879f0>,<function <lambda> at 0x7fa496287a90>,<function <lambda> at 0x7fa496287b30>
31794,2023-08-17 17:00:00,<function <lambda> at 0x7fa4962879f0>,<function <lambda> at 0x7fa496287a90>,<function <lambda> at 0x7fa496287b30>
31795,2023-08-17 18:00:00,<function <lambda> at 0x7fa4962879f0>,<function <lambda> at 0x7fa496287a90>,<function <lambda> at 0x7fa496287b30>
31796,2023-08-17 19:00:00,<function <lambda> at 0x7fa4962879f0>,<function <lambda> at 0x7fa496287a90>,<function <lambda> at 0x7fa496287b30>
31797,2023-08-17 20:00:00,<function <lambda> at 0x7fa4962879f0>,<function <lambda> at 0x7fa496287a90>,<function <lambda> at 0x7fa496287b30>
31798,2023-08-17 21:00:00,<function <lambda> at 0x7fa4962879f0>,<function <lambda> at 0x7fa496287a90>,<function <lambda> at 0x7fa496287b30>
31799,2023-08-17 22:00:00,<function <lambda> at 0x7fa4962879f0>,<function <lambda> at 0x7fa496287a90>,<function <lambda> at 0x7fa496287b30>
31800,2023-08-17 23:00:00,<function <lambda> at 0x7fa4962879f0>,<function <lambda> at 0x7fa496287a90>,<function <lambda> at 0x7fa496287b30>
31801,2023-08-18 00:00:00,<function <lambda> at 0x7fa4962879f0>,<function <lambda> at 0x7fa496287a90>,<function <lambda> at 0x7fa496287b30>
31802,2023-08-18 01:00:00,<function <lambda> at 0x7fa4962879f0>,<function <lambda> at 0x7fa496287a90>,<function <lambda> at 0x7fa496287b30>
31803,2023-08-18 02:00:00,<function <lambda> at 0x7fa4962879f0>,<function <lambda> at 0x7fa496287a90>,<function <lambda> at 0x7fa496287b30>
31804,2023-08-18 03:00:00,<function <lambda> at 0x7fa4962879f0>,<function <lambda> at 0x7fa496287a90>,<function <lambda> at 0x7fa496287b30>
31805,2023-08-18 04:00:00,<function <lambda> at 0x7fa4962879f0>,<function <lambda> at 0x7fa496287a90>,<function <lambda> at 0x7fa496287b30>
31806,2023-08-18 05:00:00,<function <lambda> at 0x7fa4962879f0>,<function <lambda> at 0x7fa496287a90>,<function <lambda> at 0x7fa496287b30>
31807,2023-08-18 06:00:00,<function <lambda> at 0x7fa4962879f0>,<function <lambda> at 0x7fa496287a90>,<function <lambda> at 0x7fa496287b30>
31808,2023-08-18 07:00:00,<function <lambda> at 0x7fa4962879f0>,<function <lambda> at 0x7fa496287a90>,<function <lambda> at 0x7fa496287b30>
31809,2023-08-18 08:00:00,<function <lambda> at 0x7fa4962879f0>,<function <lambda> at 0x7fa496287a90>,<function <lambda> at 0x7fa496287b30>
31810,2023-08-18 09:00:00,<function <lambda> at 0x7fa4962879f0>,<function <lambda> at 0x7fa496287a90>,<function <lambda> at 0x7fa496287b30>
31811,2023-08-18 10:00:00,<function <lambda> at 0x7fa4962879f0>,<function <lambda> at 0x7fa496287a90>,<function <lambda> at 0x7fa496287b30>
31812,2023-08-18 11:00:00,<function <lambda> at 0x7fa4962879f0>,<function <lambda> at 0x7fa496287a90>,<function <lambda> at 0x7fa496287b30>
31813,2023-08-18 12:00:00,<function <lambda> at 0x7fa4962879f0>,<function <lambda> at 0x7fa496287a90>,<function <lambda> at 0x7fa496287b30>
31814,2023-08-18 13:00:00,<function <lambda> at 0x7fa4962879f0>,<function <lambda> at 0x7fa496287a90>,<function <lambda> at 0x7fa496287b30>
31815,2023-08-18 14:00:00,<function <lambda> at 0x7fa4962879f0>,<function <lambda> at 0x7fa496287a90>,<function <lambda> at 0x7fa496287b30>
31816,2023-08-18 15:00:00,<function <lambda> at 0x7fa4962879f0>,<function <lambda> at 0x7fa496287a90>,<function <lambda> at 0x7fa496287b30>
31817,2023-08-18 16:00:00,<function <lambda> at 0x7fa4962879f0>,<function <lambda> at 0x7fa496287a90>,<function <lambda> at 0x7fa496287b30>
31818,2023-08-18 17:00:00,<function <lambda> at 0x7fa4962879f0>,<function <lambda> at 0x7fa496287a90>,<function <lambda> at 0x7fa496287b30>
31819,2023-08-18 18:00:00,<function <lambda> at 0x7fa4962879f0>,<function <lambda> at 0x7fa496287a90>,<function <lambda> at 0x7fa496287b30>
31820,2023-08-18 19:00:00,<function <lambda> at 0x7fa4962879f0>,<function <lambda> at 0x7fa496287a90>,<function <lambda> at 0x7fa496287b30>
31821,2023-08-18 20:00:00,<function <lambda> at 0x7fa4962879f0>,<function <lambda> at 0x7fa496287a90>,<function <lambda> at 0x7fa496287b30>
31822,2023-08-18 21:00:00,<function <lambda> at 0x7fa4962879f0>,<function <lambda> at 0x7fa496287a90>,<function <lambda> at 0x7fa496287b30>
31823,2023-08-18 22:00:00,<function <lambda> at 0x7fa4962879f0>,<function <lambda> at 0x7fa496287a90>,<function <lambda> at 0x7fa496287b30>
31824,2023-08-18 23:00:00,<function <lambda> at 0x7fa4962879f0>,<function <lambda> at 0x7fa496287a90>,<function <lambda> at 0x7fa496287b30>
31825,2023-08-19 00:00:00,<function <lambda> at 0x7fa4962879f0>,<function <lambda> at 0x7fa496287a90>,<function <lambda> at 0x7fa496287b30>
31826,2023-08-19 01:00:00,<function <lambda> at 0x7fa4962879f0>,<function <lambda> at 0x7fa496287a90>,<function <lambda> at 0x7fa496287b30>
31827,2023-08-19 02:00:00,<function <lambda> at 0x7fa4962879f0>,<function <lambda> at 0x7fa496287a90>,<function <lambda> at 0x7fa496287b30>
31828,2023-08-19 03:00:00,<function <lambda> at 0x7fa4962879f0>,<function <lambda> at 0x7fa496287a90>,<function <lambda> at 0x7fa496287b30>
31829,2023-08-19 04:00:00,<function <lambda> at 0x7fa4962879f0>,<function <lambda> at 0x7fa496287a90>,<function <lambda> at 0x7fa496287b30>
31830,2023-08-19 05:00:00,<function <lambda> at 0x7fa4962879f0>,<function <lambda> at 0x7fa496287a90>,<function <lambda> at 0x7fa496287b30>
31831,2023-08-19 06:00:00,<function <lambda> at 0x7fa4962879f0>,<function <lambda> at 0x7fa496287a90>,<function <lambda> at 0x7fa496287b30>
31832,2023-08-19 07:00:00,<function <lambda> at 0x7fa4962879f0>,<function <lambda> at 0x7fa496287a90>,<function <lambda> at 0x7fa496287b30>
31833,2023-08-19 08:00:00,<function <lambda> at 0x7fa4962879f0>,<function <lambda> at 0x7fa496287a90>,<function <lambda> at 0x7fa496287b30>
31834,2023-08-19 09:00:00,<function <lambda> at 0x7fa4962879f0>,<function <lambda> at 0x7fa496287a90>,<function <lambda> at 0x7fa496287b30>
31835,2023-08-19 10:00:00,<function <lambda> at 0x7fa4962879f0>,<function <lambda> at 0x7fa496287a90>,<function <lambda> at 0x7fa496287b30>
31836,2023-08-19 11:00:00,<function <lambda> at 0x7fa4962879f0>,<function <lambda> at 0x7fa496287a90>,<function <lambda> at 0x7fa496287b30>
31837,2023-08-19 12:00:00,<function <lambda> at 0x7fa4962879f0>,<function <lambda> at 0x7fa496287a90>,<function <lambda> at 0x7fa496287b30>
31838,2023-08-19 13:00:00,<function <lambda> at 0x7fa4962879f0>,<function <lambda> at 0x7fa496287a90>,<function <lambda> at 0x7fa496287b30>
31839,2023-08-19 14:00:00,<function <lambda> at 0x7fa4962879f0>,<function <lambda> at 0x7fa496287a90>,<function <lambda> at 0x7fa496287b30>
31840,2023-08-19 15:00:00,<function <lambda> at 0x7fa4962879f0>,<function <lambda> at 0x7fa496287a90>,<function <lambda> at 0x7fa496287b30>
31841,2023-08-19 16:00:00,<function <lambda> at 0x7fa4962879f0>,<function <lambda> at 0x7fa496287a90>,<function <lambda> at 0x7fa496287b30>
31842,2023-08-19 17:00:00,<function <lambda> at 0x7fa4962879f0>,<function <lambda> at 0x7fa496287a90>,<function <lambda> at 0x7fa496287b30>
31843,2023-08-19 18:00:00,<function <lambda> at 0x7fa4962879f0>,<function <lambda> at 0x7fa496287a90>,<function <lambda> at 0x7fa496287b30>
31844,2023-08-19 19:00:00,<function <lambda> at 0x7fa4962879f0>,<function <lambda> at 0x7fa496287a90>,<function <lambda> at 0x7fa496287b30>
31845,2023-08-19 20:00:00,<function <lambda> at 0x7fa4962879f0>,<function <lambda> at 0x7fa496287a90>,<function <lambda> at 0x7fa496287b30>
31846,2023-08-19 21:00:00,<function <lambda> at 0x7fa4962879f0>,<function <lambda> at 0x7fa496287a90>,<function <lambda> at 0x7fa496287b30>
31847,2023-08-19 22:00:00,<function <lambda> at 0x7fa4962879f0>,<function <lambda> at 0x7fa496287a90>,<function <lambda> at 0x7fa496287b30>
31848,2023-08-19 23:00:00,<function <lambda> at 0x7fa4962879f0>,<function <lambda> at 0x7fa496287a90>,<function <lambda> at 0x7fa496287b30>
31849,2023-08-20 00:00:00,<function <lambda> at 0x7fa4962879f0>,<function <lambda> at 0x7fa496287a90>,<function <lambda> at 0x7fa496287b30>
31850,2023-08-20 01:00:00,<function <lambda> at 0x7fa4962879f0>,<function <lambda> at 0x7fa496287a90>,<function <lambda> at 0x7fa496287b30>
31851,2023-08-20 02:00:00,<function <lambda> at 0x7fa4962879f0>,<function <lambda> at 0x7fa496287a90>,<function <lambda> at 0x7fa496287b30>
31852,2023-08-20 03:00:00,<function <lambda> at 0x7fa4962879f0>,<function <lambda> at 0x7fa496287a90>,<function <lambda> at 0x7fa496287b30>
31853,2023-08-20 04:00:00,<function <lambda> at 0x7fa4962879f0>,<function <lambda> at 0x7fa496287a90>,<function <lambda> at 0x7fa496287b30>
31854,2023-08-20 05:00:00,<function <lambda> at 0x7fa4962879f0>,<function <lambda> at 0x7fa496287a90>,<function <lambda> at 0x7fa496287b30>
31855,2023-08-20 06:00:00,<function <lambda> at 0x7fa4962879f0>,<function <lambda> at 0x7fa496287a90>,<function <lambda> at 0x7fa496287b30>
31856,2023-08-20 07:00:00,<function <lambda> at 0x7fa4962879f0>,<function <lambda> at 0x7fa496287a90>,<function <lambda> at 0x7fa496287b30>
31857,2023-08-20 08:00:00,<function <lambda> at 0x7fa4962879f0>,<function <lambda> at 0x7fa496287a90>,<function <lambda> at 0x7fa496287b30>
31858,2023-08-20 09:00:00,<function <lambda> at 0x7fa4962879f0>,<function <lambda> at 0x7fa496287a90>,<function <lambda> at 0x7fa496287b30>
31859,2023-08-20 10:00:00,<function <lambda> at 0x7fa4962879f0>,<function <lambda> at 0x7fa496287a90>,<function <lambda> at 0x7fa496287b30>
31860,2023-08-20 11:00:00,<function <lambda> at 0x7fa4962879f0>,<function <lambda> at 0x7fa496287a90>,<function <lambda> at 0x7fa496287b30>
31861,2023-08-20 12:00:00,<function <lambda> at 0x7fa4962879f0>,<function <lambda> at 0x7fa496287a90>,<function <lambda> at 0x7fa496287b30>
31862,2023-08-20 13:00:00,<function <lambda> at 0x7fa4962879f0>,<function <lambda> at 0x7fa496287a90>,<function <lambda> at 0x7fa496287b30>
31863,2023-08-20 14:00:00,<function <lambda> at 0x7fa4962879f0>,<function <lambda> at 0x7fa496287a90>,<function <lambda> at 0x7fa496287b30>
31864,2023-08-20 15:00:00,<function <lambda> at 0x7fa4962879f0>,<function <lambda> at 0x7fa496287a90>,<function <lambda> at 0x7fa496287b30>
31865,2023-08-20 16:00:00,<function <lambda> at 0x7fa4962879f0>,<function <lambda> at 0x7fa496287a90>,<function <lambda> at 0x7fa496287b30>
31866,2023-08-20 17:00:00,<function <lambda> at 0x7fa4962879f0>,<function <lambda> at 0x7fa496287a90>,<function <lambda> at 0x7fa496287b30>
31867,2023-08-20 18:00:00,<function <lambda> at 0x7fa4962879f0>,<function <lambda> at 0x7fa496287a90>,<function <lambda> at 0x7fa496287b30>
31868,2023-08-20 19:00:00,<function <lambda> at 0x7fa4962879f0>,<function <lambda> at 0x7fa496287a90>,<function <lambda> at 0x7fa496287b30>
31869,2023-08-20 20:00:00,<function <lambda> at 0x7fa4962879f0>,<function <lambda> at 0x7fa496287a90>,<function <lambda> at 0x7fa496287b30>
31870,2023-08-20 21:00:00,<function <lambda> at 0x7fa4962879f0>,<function <lambda> at 0x7fa496287a90>,<function <lambda> at 0x7fa496287b30>
31871,2023-08-20 22:00:00,<function <lambda> at 0x7fa4962879f0>,<function <lambda> at 0x7fa496287a90>,<function <lambda> at 0x7fa496287b30>
31872,2023-08-20 23:00:00,<function <lambda> at 0x7fa4962879f0>,<function <lambda> at 0x7fa496287a90>,<function <lambda> at 0x7fa496287b30>
31873,2023-08-21 00:00:00,<function <lambda> at 0x7fa4962879f0>,<function <lambda> at 0x7fa496287a90>,<function <lambda> at 0x7fa496287b30>
31874,2023-08-21 01:00:00,<function <lambda> at 0x7fa4962879f0>,<function <lambda> at 0x7fa496287a90>,<function <lambda> at 0x7fa496287b30>
31875,2023-08-21 02:00:00,<function <lambda> at 0x7fa4962879f0>,<function <lambda> at 0x7fa496287a90>,<function <lambda> at 0x7fa496287b30>
31876,2023-08-21 03:00:00,<function <lambda> at 0x7fa4962879f0>,<function <lambda> at 0x7fa496287a90>,<function <lambda> at 0x7fa496287b30>
31877,2023-08-21 04:00:00,<function <lambda> at 0x7fa4962879f0>,<function <lambda> at 0x7fa496287a90>,<function <lambda> at 0x7fa496287b30>
31878,2023-08-21 05:00:00,<function <lambda> at 0x7fa4962879f0>,<function <lambda> at 0x7fa496287a90>,<function <lambda> at 0x7fa496287b30>
31879,2023-08-21 06:00:00,<function <lambda> at 0x7fa4962879f0>,<function <lambda> at 0x7fa496287a90>,<function <lambda> at 0x7fa496287b30>
31880,2023-08-21 07:00:00,<function <lambda> at 0x7fa4962879f0>,<function <lambda> at 0x7fa496287a90>,<function <lambda> at 0x7fa496287b30>
31881,2023-08-21 08:00:00,<function <lambda> at 0x7fa4962879f0>,<function <lambda> at 0x7fa496287a90>,<function <lambda> at 0x7fa496287b30>
31882,2023-08-21 09:00:00,<function <lambda> at 0x7fa4962879f0>,<function <lambda> at 0x7fa496287a90>,<function <lambda> at 0x7fa496287b30>
31883,2023-08-21 10:00:00,<function <lambda> at 0x7fa4962879f0>,<function <lambda> at 0x7fa496287a90>,<function <lambda> at 0x7fa496287b30>
31884,2023-08-21 11:00:00,<function <lambda> at 0x7fa4962879f0>,<function <lambda> at 0x7fa496287a90>,<function <lambda> at 0x7fa496287b30>
31885,2023-08-21 12:00:00,<function <lambda> at 0x7fa4962879f0>,<function <lambda> at 0x7fa496287a90>,<function <lambda> at 0x7fa496287b30>
31886,2023-08-21 13:00:00,<function <lambda> at 0x7fa4962879f0>,<function <lambda> at 0x7fa496287a90>,<function <lambda> at 0x7fa496287b30>
31887,2023-08-21 14:00:00,<function <lambda> at 0x7fa4962879f0>,<function <lambda> at 0x7fa496287a90>,<function <lambda> at 0x7fa496287b30>
31888,2023-08-21 15:00:00,<function <lambda> at 0x7fa4962879f0>,<function <lambda> at 0x7fa496287a90>,<function <lambda> at 0x7fa496287b30>
31889,2023-08-21 16:00:00,<function <lambda> at 0x7fa4962879f0>,<function <lambda> at 0x7fa496287a90>,<function <lambda> at 0x7fa496287b30>
31890,2023-08-21 17:00:00,<function <lambda> at 0x7fa4962879f0>,<function <lambda> at 0x7fa496287a90>,<function <lambda> at 0x7fa496287b30>
31891,2023-08-21 18:00:00,<function <lambda> at 0x7fa4962879f0>,<function <lambda> at 0x7fa496287a90>,<function <lambda> at 0x7fa496287b30>
31892,2023-08-21 19:00:00,<function <lambda> at 0x7fa4962879f0>,<function <lambda> at 0x7fa496287a90>,<function <lambda> at 0x7fa496287b30>
31893,2023-08-21 20:00:00,<function <lambda> at 0x7fa4962879f0>,<function <lambda> at 0x7fa496287a90>,<function <lambda> at 0x7fa496287b30>
31894,2023-08-21 21:00:00,<function <lambda> at 0x7fa4962879f0>,<function <lambda> at 0x7fa496287a90>,<function <lambda> at 0x7fa496287b30>
31895,2023-08-21 22:00:00,<function <lambda> at 0x7fa4962879f0>,<function <lambda> at 0x7fa496287a90>,<function <lambda> at 0x7fa496287b30>
31896,2023-08-21 23:00:00,<function <lambda> at 0x7fa4962879f0>,<function <lambda> at 0x7fa496287a90>,<function <lambda> at 0x7fa496287b30>
31897,2023-08-22 00:00:00,<function <lambda> at 0x7fa4962879f0>,<function <lambda> at 0x7fa496287a90>,<function <lambda> at 0x7fa496287b30>
31898,2023-08-22 01:00:00,<function <lambda> at 0x7fa4962879f0>,<function <lambda> at 0x7fa496287a90>,<function <lambda> at 0x7fa496287b30>
31899,2023-08-22 02:00:00,<function <lambda> at 0x7fa4962879f0>,<function <lambda> at 0x7fa496287a90>,<function <lambda> at 0x7fa496287b30>
31900,2023-08-22 03:00:00,<function <lambda> at 0x7fa4962879f0>,<function <lambda> at 0x7fa496287a90>,<function <lambda> at 0x7fa496287b30>
31901,2023-08-22 04:00:00,<function <lambda> at 0x7fa4962879f0>,<function <lambda> at 0x7fa496287a90>,<function <lambda> at 0x7fa496287b30>
31902,2023-08-22 05:00:00,<function <lambda> at 0x7fa4962879f0>,<function <lambda> at 0x7fa496287a90>,<function <lambda> at 0x7fa496287b30>
31903,2023-08-22 06:00:00,<function <lambda> at 0x7fa4962879f0>,<function <lambda> at 0x7fa496287a90>,<function <lambda> at 0x7fa496287b30>
31904,2023-08-22 07:00:00,<function <lambda> at 0x7fa4962879f0>,<function <lambda> at 0x7fa496287a90>,<function <lambda> at 0x7fa496287b30>
31905,2023-08-22 08:00:00,<function <lambda> at 0x7fa4962879f0>,<function <lambda> at 0x7fa496287a90>,<function <lambda> at 0x7fa496287b30>
31906,2023-08-22 09:00:00,<function <lambda> at 0x7fa4962879f0>,<function <lambda> at 0x7fa496287a90>,<function <lambda> at 0x7fa496287b30>
31907,2023-08-22 10:00:00,<function <lambda> at 0x7fa4962879f0>,<function <lambda> at 0x7fa496287a90>,<function <lambda> at 0x7fa496287b30>
31908,2023-08-22 11:00:00,<function <lambda> at 0x7fa4962879f0>,<function <lambda> at 0x7fa496287a90>,<function <lambda> at 0x7fa496287b30>
31909,2023-08-22 12:00:00,<function <lambda> at 0x7fa4962879f0>,<function <lambda> at 0x7fa496287a90>,<function <lambda> at 0x7fa496287b30>
31910,2023-08-22 13:00:00,<function <lambda> at 0x7fa4962879f0>,<function <lambda> at 0x7fa496287a90>,<function <lambda> at 0x7fa496287b30>
31911,2023-08-22 14:00:00,<function <lambda> at 0x7fa4962879f0>,<function <lambda> at 0x7fa496287a90>,<function <lambda> at 0x7fa496287b30>
31912,2023-08-22 15:00:00,<function <lambda> at 0x7fa4962879f0>,<function <lambda> at 0x7fa496287a90>,<function <lambda> at 0x7fa496287b30>
31913,2023-08-22 16:00:00,<function <lambda> at 0x7fa4962879f0>,<function <lambda> at 0x7fa496287a90>,<function <lambda> at 0x7fa496287b30>
31914,2023-08-22 17:00:00,<function <lambda> at 0x7fa4962879f0>,<function <lambda> at 0x7fa496287a90>,<function <lambda> at 0x7fa496287b30>
31915,2023-08-22 18:00:00,<function <lambda> at 0x7fa4962879f0>,<function <lambda> at 0x7fa496287a90>,<function <lambda> at 0x7fa496287b30>
31916,2023-08-22 19:00:00,<function <lambda> at 0x7fa4962879f0>,<function <lambda> at 0x7fa496287a90>,<function <lambda> at 0x7fa496287b30>
31917,2023-08-22 20:00:00,<function <lambda> at 0x7fa4962879f0>,<function <lambda> at 0x7fa496287a90>,<function <lambda> at 0x7fa496287b30>
31918,2023-08-22 21:00:00,<function <lambda> at 0x7fa4962879f0>,<function <lambda> at 0x7fa496287a90>,<function <lambda> at 0x7fa496287b30>
31919,2023-08-22 22:00:00,<function <lambda> at 0x7fa4962879f0>,<function <lambda> at 0x7fa496287a90>,<function <lambda> at 0x7fa496287b30>
31920,2023-08-22 23:00:00,<function <lambda> at 0x7fa4962879f0>,<function <lambda> at 0x7fa496287a90>,<function <lambda> at 0x7fa496287b30>
31921,2023-08-23 00:00:00,<function <lambda> at 0x7fa4962879f0>,<function <lambda> at 0x7fa496287a90>,<function <lambda> at 0x7fa496287b30>
31922,2023-08-23 01:00:00,<function <lambda> at 0x7fa4962879f0>,<function <lambda> at 0x7fa496287a90>,<function <lambda> at 0x7fa496287b30>
31923,2023-08-23 02:00:00,<function <lambda> at 0x7fa4962879f0>,<function <lambda> at 0x7fa496287a90>,<function <lambda> at 0x7fa496287b30>
31924,2023-08-23 03:00:00,<function <lambda> at 0x7fa4962879f0>,<function <lambda> at 0x7fa496287a90>,<function <lambda> at 0x7fa496287b30>
31925,2023-08-23 04:00:00,<function <lambda> at 0x7fa4962879f0>,<function <lambda> at 0x7fa496287a90>,<function <lambda> at 0x7fa496287b30>
31926,2023-08-23 05:00:00,<function <lambda> at 0x7fa4962879f0>,<function <lambda> at 0x7fa496287a90>,<function <lambda> at 0x7fa496287b30>
31927,2023-08-23 06:00:00,<function <lambda> at 0x7fa4962879f0>,<function <lambda> at 0x7fa496287a90>,<function <lambda> at 0x7fa496287b30>
31928,2023-08-23 07:00:00,<function <lambda> at 0x7fa4962879f0>,<function <lambda> at 0x7fa496287a90>,<function <lambda> at 0x7fa496287b30>
31929,2023-08-23 08:00:00,<function <lambda> at 0x7fa4962879f0>,<function <lambda> at 0x7fa496287a90>,<function <lambda> at 0x7fa496287b30>
31930,2023-08-23 09:00:00,<function <lambda> at 0x7fa4962879f0>,<function <lambda> at 0x7fa496287a90>,<function <lambda> at 0x7fa496287b30>
31931,2023-08-23 10:00:00,<function <lambda> at 0x7fa4962879f0>,<function <lambda> at 0x7fa496287a90>,<function <lambda> at 0x7fa496287b30>
31932,2023-08-23 11:00:00,<function <lambda> at 0x7fa4962879f0>,<function <lambda> at 0x7fa496287a90>,<function <lambda> at 0x7fa496287b30>
31933,2023-08-23 12:00:00,<function <lambda> at 0x7fa4962879f0>,<function <lambda> at 0x7fa496287a90>,<function <lambda> at 0x7fa496287b30>
31934,2023-08-23 13:00:00,<function <lambda> at 0x7fa4962879f0>,<function <lambda> at 0x7fa496287a90>,<function <lambda> at 0x7fa496287b30>
31935,2023-08-23 14:00:00,<function <lambda> at 0x7fa4962879f0>,<function <lambda> at 0x7fa496287a90>,<function <lambda> at 0x7fa496287b30>
31936,2023-08-23 15:00:00,<function <lambda> at 0x7fa4962879f0>,<function <lambda> at 0x7fa496287a90>,<function <lambda> at 0x7fa496287b30>
31937,2023-08-23 16:00:00,<function <lambda> at 0x7fa4962879f0>,<function <lambda> at 0x7fa496287a90>,<function <lambda> at 0x7fa496287b30>
31938,2023-08-23 17:00:00,<function <lambda> at 0x7fa4962879f0>,<function <lambda> at 0x7fa496287a90>,<function <lambda> at 0x7fa496287b30>
31939,2023-08-23 18:00:00,<function <lambda> at 0x7fa4962879f0>,<function <lambda> at 0x7fa496287a90>,<function <lambda> at 0x7fa496287b30>
31940,2023-08-23 19:00:00,<function <lambda> at 0x7fa4962879f0>,<function <lambda> at 0x7fa496287a90>,<function <lambda> at 0x7fa496287b30>
31941,2023-08-23 20:00:00,<function <lambda> at 0x7fa4962879f0>,<function <lambda> at 0x7fa496287a90>,<function <lambda> at 0x7fa496287b30>
31942,2023-08-23 21:00:00,<function <lambda> at 0x7fa4962879f0>,<function <lambda> at 0x7fa496287a90>,<function <lambda> at 0x7fa496287b30>
31943,2023-08-23 22:00:00,<function <lambda> at 0x7fa4962879f0>,<function <lambda> at 0x7fa496287a90>,<function <lambda> at 0x7fa496287b30>
31944,2023-08-23 23:00:00,<function <lambda> at 0x7fa4962879f0>,<function <lambda> at 0x7fa496287a90>,<function <lambda> at 0x7fa496287b30>
31945,2023-08-24 00:00:00,<function <lambda> at 0x7fa4962879f0>,<function <lambda> at 0x7fa496287a90>,<function <lambda> at 0x7fa496287b30>
31946,2023-08-24 01:00:00,<function <lambda> at 0x7fa4962879f0>,<function <lambda> at 0x7fa496287a90>,<function <lambda> at 0x7fa496287b30>
31947,2023-08-24 02:00:00,<function <lambda> at 0x7fa4962879f0>,<function <lambda> at 0x7fa496287a90>,<function <lambda> at 0x7fa496287b30>
31948,2023-08-24 03:00:00,<function <lambda> at 0x7fa4962879f0>,<function <lambda> at 0x7fa496287a90>,<function <lambda> at 0x7fa496287b30>
31949,2023-08-24 04:00:00,<function <lambda> at 0x7fa4962879f0>,<function <lambda> at 0x7fa496287a90>,<function <lambda> at 0x7fa496287b30>
31950,2023-08-24 05:00:00,<function <lambda> at 0x7fa4962879f0>,<function <lambda> at 0x7fa496287a90>,<function <lambda> at 0x7fa496287b30>
31951,2023-08-24 06:00:00,<function <lambda> at 0x7fa4962879f0>,<function <lambda> at 0x7fa496287a90>,<function <lambda> at 0x7fa496287b30>
31952,2023-08-24 07:00:00,<function <lambda> at 0x7fa4962879f0>,<function <lambda> at 0x7fa496287a90>,<function <lambda> at 0x7fa496287b30>
31953,2023-08-24 08:00:00,<function <lambda> at 0x7fa4962879f0>,<function <lambda> at 0x7fa496287a90>,<function <lambda> at 0x7fa496287b30>
31954,2023-08-24 09:00:00,<function <lambda> at 0x7fa4962879f0>,<function <lambda> at 0x7fa496287a90>,<function <lambda> at 0x7fa496287b30>
31955,2023-08-24 10:00:00,<function <lambda> at 0x7fa4962879f0>,<function <lambda> at 0x7fa496287a90>,<function <lambda> at 0x7fa496287b30>
31956,2023-08-24 11:00:00,<function <lambda> at 0x7fa4962879f0>,<function <lambda> at 0x7fa496287a90>,<function <lambda> at 0x7fa496287b30>
31957,2023-08-24 12:00:00,<function <lambda> at 0x7fa4962879f0>,<function <lambda> at 0x7fa496287a90>,<function <lambda> at 0x7fa496287b30>
31958,2023-08-24 13:00:00,<function <lambda> at 0x7fa4962879f0>,<function <lambda> at 0x7fa496287a90>,<function <lambda> at 0x7fa496287b30>
31959,2023-08-24 14:00:00,<function <lambda> at 0x7fa4962879f0>,<function <lambda> at 0x7fa496287a90>,<function <lambda> at 0x7fa496287b30>
31960,2023-08-24 15:00:00,<function <lambda> at 0x7fa4962879f0>,<function <lambda> at 0x7fa496287a90>,<function <lambda> at 0x7fa496287b30>
31961,2023-08-24 16:00:00,<function <lambda> at 0x7fa4962879f0>,<function <lambda> at 0x7fa496287a90>,<function <lambda> at 0x7fa496287b30>
31962,2023-08-24 17:00:00,<function <lambda> at 0x7fa4962879f0>,<function <lambda> at 0x7fa496287a90>,<function <lambda> at 0x7fa496287b30>
31963,2023-08-24 18:00:00,<function <lambda> at 0x7fa4962879f0>,<function <lambda> at 0x7fa496287a90>,<function <lambda> at 0x7fa496287b30>
31964,2023-08-24 19:00:00,<function <lambda> at 0x7fa4962879f0>,<function <lambda> at 0x7fa496287a90>,<function <lambda> at 0x7fa496287b30>
31965,2023-08-24 20:00:00,<function <lambda> at 0x7fa4962879f0>,<function <lambda> at 0x7fa496287a90>,<function <lambda> at 0x7fa496287b30>
31966,2023-08-24 21:00:00,<function <lambda> at 0x7fa4962879f0>,<function <lambda> at 0x7fa496287a90>,<function <lambda> at 0x7fa496287b30>
31967,2023-08-24 22:00:00,<function <lambda> at 0x7fa4962879f0>,<function <lambda> at 0x7fa496287a90>,<function <lambda> at 0x7fa496287b30>
31968,2023-08-24 23:00:00,<function <lambda> at 0x7fa4962879f0>,<function <lambda> at 0x7fa496287a90>,<function <lambda> at 0x7fa496287b30>
31969,2023-08-25 00:00:00,<function <lambda> at 0x7fa4962879f0>,<function <lambda> at 0x7fa496287a90>,<function <lambda> at 0x7fa496287b30>
31970,2023-08-25 01:00:00,<function <lambda> at 0x7fa4962879f0>,<function <lambda> at 0x7fa496287a90>,<function <lambda> at 0x7fa496287b30>
31971,2023-08-25 02:00:00,<function <lambda> at 0x7fa4962879f0>,<function <lambda> at 0x7fa496287a90>,<function <lambda> at 0x7fa496287b30>
31972,2023-08-25 03:00:00,<function <lambda> at 0x7fa4962879f0>,<function <lambda> at 0x7fa496287a90>,<function <lambda> at 0x7fa496287b30>
31973,2023-08-25 04:00:00,<function <lambda> at 0x7fa4962879f0>,<function <lambda> at 0x7fa496287a90>,<function <lambda> at 0x7fa496287b30>
31974,2023-08-25 05:00:00,<function <lambda> at 0x7fa4962879f0>,<function <lambda> at 0x7fa496287a90>,<function <lambda> at 0x7fa496287b30>
31975,2023-08-25 06:00:00,<function <lambda> at 0x7fa4962879f0>,<function <lambda> at 0x7fa496287a90>,<function <lambda> at 0x7fa496287b30>
31976,2023-08-25 07:00:00,<function <lambda> at 0x7fa4962879f0>,<function <lambda> at 0x7fa496287a90>,<function <lambda> at 0x7fa496287b30>
31977,2023-08-25 08:00:00,<function <lambda> at 0x7fa4962879f0>,<function <lambda> at 0x7fa496287a90>,<function <lambda> at 0x7fa496287b30>
31978,2023-08-25 09:00:00,<function <lambda> at 0x7fa4962879f0>,<function <lambda> at 0x7fa496287a90>,<function <lambda> at 0x7fa496287b30>
31979,2023-08-25 10:00:00,<function <lambda> at 0x7fa4962879f0>,<function <lambda> at 0x7fa496287a90>,<function <lambda> at 0x7fa496287b30>
31980,2023-08-25 11:00:00,<function <lambda> at 0x7fa4962879f0>,<function <lambda> at 0x7fa496287a90>,<function <lambda> at 0x7fa496287b30>
31981,2023-08-25 12:00:00,<function <lambda> at 0x7fa4962879f0>,<function <lambda> at 0x7fa496287a90>,<function <lambda> at 0x7fa496287b30>
31982,2023-08-25 13:00:00,<function <lambda> at 0x7fa4962879f0>,<function <lambda> at 0x7fa496287a90>,<function <lambda> at 0x7fa496287b30>
31983,2023-08-25 14:00:00,<function <lambda> at 0x7fa4962879f0>,<function <lambda> at 0x7fa496287a90>,<function <lambda> at 0x7fa496287b30>
31984,2023-08-25 15:00:00,<function <lambda> at 0x7fa4962879f0>,<function <lambda> at 0x7fa496287a90>,<function <lambda> at 0x7fa496287b30>
31985,2023-08-25 16:00:00,<function <lambda> at 0x7fa4962879f0>,<function <lambda> at 0x7fa496287a90>,<function <lambda> at 0x7fa496287b30>
31986,2023-08-25 17:00:00,<function <lambda> at 0x7fa4962879f0>,<function <lambda> at 0x7fa496287a90>,<function <lambda> at 0x7fa496287b30>
31987,2023-08-25 18:00:00,<function <lambda> at 0x7fa4962879f0>,<function <lambda> at 0x7fa496287a90>,<function <lambda> at 0x7fa496287b30>
31988,2023-08-25 19:00:00,<function <lambda> at 0x7fa4962879f0>,<function <lambda> at 0x7fa496287a90>,<function <lambda> at 0x7fa496287b30>
31989,2023-08-25 20:00:00,<function <lambda> at 0x7fa4962879f0>,<function <lambda> at 0x7fa496287a90>,<function <lambda> at 0x7fa496287b30>
31990,2023-08-25 21:00:00,<function <lambda> at 0x7fa4962879f0>,<function <lambda> at 0x7fa496287a90>,<function <lambda> at 0x7fa496287b30>
31991,2023-08-25 22:00:00,<function <lambda> at 0x7fa4962879f0>,<function <lambda> at 0x7fa496287a90>,<function <lambda> at 0x7fa496287b30>
31992,2023-08-25 23:00:00,<function <lambda> at 0x7fa4962879f0>,<function <lambda> at 0x7fa496287a90>,<function <lambda> at 0x7fa496287b30>
31993,2023-08-26 00:00:00,<function <lambda> at 0x7fa4962879f0>,<function <lambda> at 0x7fa496287a90>,<function <lambda> at 0x7fa496287b30>
31994,2023-08-26 01:00:00,<function <lambda> at 0x7fa4962879f0>,<function <lambda> at 0x7fa496287a90>,<function <lambda> at 0x7fa496287b30>
31995,2023-08-26 02:00:00,<function <lambda> at 0x7fa4962879f0>,<function <lambda> at 0x7fa496287a90>,<function <lambda> at 0x7fa496287b30>
31996,2023-08-26 03:00:00,<function <lambda> at 0x7fa4962879f0>,<function <lambda> at 0x7fa496287a90>,<function <lambda> at 0x7fa496287b30>
31997,2023-08-26 04:00:00,<function <lambda> at 0x7fa4962879f0>,<function <lambda> at 0x7fa496287a90>,<function <lambda> at 0x7fa496287b30>
31998,2023-08-26 05:00:00,<function <lambda> at 0x7fa4962879f0>,<function <lambda> at 0x7fa496287a90>,<function <lambda> at 0x7fa496287b30>
31999,2023-08-26 06:00:00,<function <lambda> at 0x7fa4962879f0>,<function <lambda> at 0x7fa496287a90>,<function <lambda> at 0x7fa496287b30>
32000,2023-08-26 07:00:00,<function <lambda> at 0x7fa4962879f0>,<function <lambda> at 0x7fa496287a90>,<function <lambda> at 0x7fa496287b30>
32001,2023-08-26 08:00:00,<function <lambda> at 0x7fa4962879f0>,<function <lambda> at 0x7fa496287a90>,<function <lambda> at 0x7fa496287b30>
32002,2023-08-26 09:00:00,<function <lambda> at 0x7fa4962879f0>,<function <lambda> at 0x7fa496287a90>,<function <lambda> at 0x7fa496287b30>
32003,2023-08-26 10:00:00,<function <lambda> at 0x7fa4962879f0>,<function <lambda> at 0x7fa496287a90>,<function <lambda> at 0x7fa496287b30>
32004,2023-08-26 11:00:00,<function <lambda> at 0x7fa4962879f0>,<function <lambda> at 0x7fa496287a90>,<function <lambda> at 0x7fa496287b30>
32005,2023-08-26 12:00:00,<function <lambda> at 0x7fa4962879f0>,<function <lambda> at 0x7fa496287a90>,<function <lambda> at 0x7fa496287b30>
32006,2023-08-26 13:00:00,<function <lambda> at 0x7fa4962879f0>,<function <lambda> at 0x7fa496287a90>,<function <lambda> at 0x7fa496287b30>
32007,2023-08-26 14:00:00,<function <lambda> at 0x7fa4962879f0>,<function <lambda> at 0x7fa496287a90>,<function <lambda> at 0x7fa496287b30>
32008,2023-08-26 15:00:00,<function <lambda> at 0x7fa4962879f0>,<function <lambda> at 0x7fa496287a90>,<function <lambda> at 0x7fa496287b30>
32009,2023-08-26 16:00:00,<function <lambda> at 0x7fa4962879f0>,<function <lambda> at 0x7fa496287a90>,<function <lambda> at 0x7fa496287b30>
32010,2023-08-26 17:00:00,<function <lambda> at 0x7fa4962879f0>,<function <lambda> at 0x7fa496287a90>,<function <lambda> at 0x7fa496287b30>
32011,2023-08-26 18:00:00,<function <lambda> at 0x7fa4962879f0>,<function <lambda> at 0x7fa496287a90>,<function <lambda> at 0x7fa496287b30>
32012,2023-08-26 19:00:00,<function <lambda> at 0x7fa4962879f0>,<function <lambda> at 0x7fa496287a90>,<function <lambda> at 0x7fa496287b30>
32013,2023-08-26 20:00:00,<function <lambda> at 0x7fa4962879f0>,<function <lambda> at 0x7fa496287a90>,<function <lambda> at 0x7fa496287b30>
32014,2023-08-26 21:00:00,<function <lambda> at 0x7fa4962879f0>,<function <lambda> at 0x7fa496287a90>,<function <lambda> at 0x7fa496287b30>
32015,2023-08-26 22:00:00,<function <lambda> at 0x7fa4962879f0>,<function <lambda> at 0x7fa496287a90>,<function <lambda> at 0x7fa496287b30>
32016,2023-08-26 23:00:00,<function <lambda> at 0x7fa4962879f0>,<function <lambda> at 0x7fa496287a90>,<function <lambda> at 0x7fa496287b30>
32017,2023-08-27 00:00:00,<function <lambda> at 0x7fa4962879f0>,<function <lambda> at 0x7fa496287a90>,<function <lambda> at 0x7fa496287b30>
32018,2023-08-27 01:00:00,<function <lambda> at 0x7fa4962879f0>,<function <lambda> at 0x7fa496287a90>,<function <lambda> at 0x7fa496287b30>
32019,2023-08-27 02:00:00,<function <lambda> at 0x7fa4962879f0>,<function <lambda> at 0x7fa496287a90>,<function <lambda> at 0x7fa496287b30>
32020,2023-08-27 03:00:00,<function <lambda> at 0x7fa4962879f0>,<function <lambda> at 0x7fa496287a90>,<function <lambda> at 0x7fa496287b30>
32021,2023-08-27 04:00:00,<function <lambda> at 0x7fa4962879f0>,<function <lambda> at 0x7fa496287a90>,<function <lambda> at 0x7fa496287b30>
32022,2023-08-27 05:00:00,<function <lambda> at 0x7fa4962879f0>,<function <lambda> at 0x7fa496287a90>,<function <lambda> at 0x7fa496287b30>
32023,2023-08-27 06:00:00,<function <lambda> at 0x7fa4962879f0>,<function <lambda> at 0x7fa496287a90>,<function <lambda> at 0x7fa496287b30>
32024,2023-08-27 07:00:00,<function <lambda> at 0x7fa4962879f0>,<function <lambda> at 0x7fa496287a90>,<function <lambda> at 0x7fa496287b30>
32025,2023-08-27 08:00:00,<function <lambda> at 0x7fa4962879f0>,<function <lambda> at 0x7fa496287a90>,<function <lambda> at 0x7fa496287b30>
32026,2023-08-27 09:00:00,<function <lambda> at 0x7fa4962879f0>,<function <lambda> at 0x7fa496287a90>,<function <lambda> at 0x7fa496287b30>
32027,2023-08-27 10:00:00,<function <lambda> at 0x7fa4962879f0>,<function <lambda> at 0x7fa496287a90>,<function <lambda> at 0x7fa496287b30>
32028,2023-08-27 11:00:00,<function <lambda> at 0x7fa4962879f0>,<function <lambda> at 0x7fa496287a90>,<function <lambda> at 0x7fa496287b30>
32029,2023-08-27 12:00:00,<function <lambda> at 0x7fa4962879f0>,<function <lambda> at 0x7fa496287a90>,<function <lambda> at 0x7fa496287b30>
32030,2023-08-27 13:00:00,<function <lambda> at 0x7fa4962879f0>,<function <lambda> at 0x7fa496287a90>,<function <lambda> at 0x7fa496287b30>
32031,2023-08-27 14:00:00,<function <lambda> at 0x7fa4962879f0>,<function <lambda> at 0x7fa496287a90>,<function <lambda> at 0x7fa496287b30>
32032,2023-08-27 15:00:00,<function <lambda> at 0x7fa4962879f0>,<function <lambda> at 0x7fa496287a90>,<function <lambda> at 0x7fa496287b30>
32033,2023-08-27 16:00:00,<function <lambda> at 0x7fa4962879f0>,<function <lambda> at 0x7fa496287a90>,<function <lambda> at 0x7fa496287b30>
32034,2023-08-27 17:00:00,<function <lambda> at 0x7fa4962879f0>,<function <lambda> at 0x7fa496287a90>,<function <lambda> at 0x7fa496287b30>
32035,2023-08-27 18:00:00,<function <lambda> at 0x7fa4962879f0>,<function <lambda> at 0x7fa496287a90>,<function <lambda> at 0x7fa496287b30>
32036,2023-08-27 19:00:00,<function <lambda> at 0x7fa4962879f0>,<function <lambda> at 0x7fa496287a90>,<function <lambda> at 0x7fa496287b30>
32037,2023-08-27 20:00:00,<function <lambda> at 0x7fa4962879f0>,<function <lambda> at 0x7fa496287a90>,<function <lambda> at 0x7fa496287b30>
32038,2023-08-27 21:00:00,<function <lambda> at 0x7fa4962879f0>,<function <lambda> at 0x7fa496287a90>,<function <lambda> at 0x7fa496287b30>
32039,2023-08-27 22:00:00,<function <lambda> at 0x7fa4962879f0>,<function <lambda> at 0x7fa496287a90>,<function <lambda> at 0x7fa496287b30>
32040,2023-08-27 23:00:00,<function <lambda> at 0x7fa4962879f0>,<function <lambda> at 0x7fa496287a90>,<function <lambda> at 0x7fa496287b30>
32041,2023-08-28 00:00:00,<function <lambda> at 0x7fa4962879f0>,<function <lambda> at 0x7fa496287a90>,<function <lambda> at 0x7fa496287b30>
32042,2023-08-28 01:00:00,<function <lambda> at 0x7fa4962879f0>,<function <lambda> at 0x7fa496287a90>,<function <lambda> at 0x7fa496287b30>
32043,2023-08-28 02:00:00,<function <lambda> at 0x7fa4962879f0>,<function <lambda> at 0x7fa496287a90>,<function <lambda> at 0x7fa496287b30>
32044,2023-08-28 03:00:00,<function <lambda> at 0x7fa4962879f0>,<function <lambda> at 0x7fa496287a90>,<function <lambda> at 0x7fa496287b30>
32045,2023-08-28 04:00:00,<function <lambda> at 0x7fa4962879f0>,<function <lambda> at 0x7fa496287a90>,<function <lambda> at 0x7fa496287b30>
32046,2023-08-28 05:00:00,<function <lambda> at 0x7fa4962879f0>,<function <lambda> at 0x7fa496287a90>,<function <lambda> at 0x7fa496287b30>
32047,2023-08-28 06:00:00,<function <lambda> at 0x7fa4962879f0>,<function <lambda> at 0x7fa496287a90>,<function <lambda> at 0x7fa496287b30>
32048,2023-08-28 07:00:00,<function <lambda> at 0x7fa4962879f0>,<function <lambda> at 0x7fa496287a90>,<function <lambda> at 0x7fa496287b30>
32049,2023-08-28 08:00:00,<function <lambda> at 0x7fa4962879f0>,<function <lambda> at 0x7fa496287a90>,<function <lambda> at 0x7fa496287b30>
32050,2023-08-28 09:00:00,<function <lambda> at 0x7fa4962879f0>,<function <lambda> at 0x7fa496287a90>,<function <lambda> at 0x7fa496287b30>
32051,2023-08-28 10:00:00,<function <lambda> at 0x7fa4962879f0>,<function <lambda> at 0x7fa496287a90>,<function <lambda> at 0x7fa496287b30>
32052,2023-08-28 11:00:00,<function <lambda> at 0x7fa4962879f0>,<function <lambda> at 0x7fa496287a90>,<function <lambda> at 0x7fa496287b30>
32053,2023-08-28 12:00:00,<function <lambda> at 0x7fa4962879f0>,<function <lambda> at 0x7fa496287a90>,<function <lambda> at 0x7fa496287b30>
32054,2023-08-28 13:00:00,<function <lambda> at 0x7fa4962879f0>,<function <lambda> at 0x7fa496287a90>,<function <lambda> at 0x7fa496287b30>
32055,2023-08-28 14:00:00,<function <lambda> at 0x7fa4962879f0>,<function <lambda> at 0x7fa496287a90>,<function <lambda> at 0x7fa496287b30>
32056,2023-08-28 15:00:00,<function <lambda> at 0x7fa4962879f0>,<function <lambda> at 0x7fa496287a90>,<function <lambda> at 0x7fa496287b30>
32057,2023-08-28 16:00:00,<function <lambda> at 0x7fa4962879f0>,<function <lambda> at 0x7fa496287a90>,<function <lambda> at 0x7fa496287b30>
32058,2023-08-28 17:00:00,<function <lambda> at 0x7fa4962879f0>,<function <lambda> at 0x7fa496287a90>,<function <lambda> at 0x7fa496287b30>
32059,2023-08-28 18:00:00,<function <lambda> at 0x7fa4962879f0>,<function <lambda> at 0x7fa496287a90>,<function <lambda> at 0x7fa496287b30>
32060,2023-08-28 19:00:00,<function <lambda> at 0x7fa4962879f0>,<function <lambda> at 0x7fa496287a90>,<function <lambda> at 0x7fa496287b30>
32061,2023-08-28 20:00:00,<function <lambda> at 0x7fa4962879f0>,<function <lambda> at 0x7fa496287a90>,<function <lambda> at 0x7fa496287b30>
32062,2023-08-28 21:00:00,<function <lambda> at 0x7fa4962879f0>,<function <lambda> at 0x7fa496287a90>,<function <lambda> at 0x7fa496287b30>
32063,2023-08-28 22:00:00,<function <lambda> at 0x7fa4962879f0>,<function <lambda> at 0x7fa496287a90>,<function <lambda> at 0x7fa496287b30>
32064,2023-08-28 23:00:00,<function <lambda> at 0x7fa4962879f0>,<function <lambda> at 0x7fa496287a90>,<function <lambda> at 0x7fa496287b30>
32065,2023-08-29 00:00:00,<function <lambda> at 0x7fa4962879f0>,<function <lambda> at 0x7fa496287a90>,<function <lambda> at 0x7fa496287b30>
32066,2023-08-29 01:00:00,<function <lambda> at 0x7fa4962879f0>,<function <lambda> at 0x7fa496287a90>,<function <lambda> at 0x7fa496287b30>
32067,2023-08-29 02:00:00,<function <lambda> at 0x7fa4962879f0>,<function <lambda> at 0x7fa496287a90>,<function <lambda> at 0x7fa496287b30>
32068,2023-08-29 03:00:00,<function <lambda> at 0x7fa4962879f0>,<function <lambda> at 0x7fa496287a90>,<function <lambda> at 0x7fa496287b30>
32069,2023-08-29 04:00:00,<function <lambda> at 0x7fa4962879f0>,<function <lambda> at 0x7fa496287a90>,<function <lambda> at 0x7fa496287b30>
32070,2023-08-29 05:00:00,<function <lambda> at 0x7fa4962879f0>,<function <lambda> at 0x7fa496287a90>,<function <lambda> at 0x7fa496287b30>
32071,2023-08-29 06:00:00,<function <lambda> at 0x7fa4962879f0>,<function <lambda> at 0x7fa496287a90>,<function <lambda> at 0x7fa496287b30>
32072,2023-08-29 07:00:00,<function <lambda> at 0x7fa4962879f0>,<function <lambda> at 0x7fa496287a90>,<function <lambda> at 0x7fa496287b30>
32073,2023-08-29 08:00:00,<function <lambda> at 0x7fa4962879f0>,<function <lambda> at 0x7fa496287a90>,<function <lambda> at 0x7fa496287b30>
32074,2023-08-29 09:00:00,<function <lambda> at 0x7fa4962879f0>,<function <lambda> at 0x7fa496287a90>,<function <lambda> at 0x7fa496287b30>
32075,2023-08-29 10:00:00,<function <lambda> at 0x7fa4962879f0>,<function <lambda> at 0x7fa496287a90>,<function <lambda> at 0x7fa496287b30>
32076,2023-08-29 11:00:00,<function <lambda> at 0x7fa4962879f0>,<function <lambda> at 0x7fa496287a90>,<function <lambda> at 0x7fa496287b30>
32077,2023-08-29 12:00:00,<function <lambda> at 0x7fa4962879f0>,<function <lambda> at 0x7fa496287a90>,<function <lambda> at 0x7fa496287b30>
32078,2023-08-29 13:00:00,<function <lambda> at 0x7fa4962879f0>,<function <lambda> at 0x7fa496287a90>,<function <lambda> at 0x7fa496287b30>
32079,2023-08-29 14:00:00,<function <lambda> at 0x7fa4962879f0>,<function <lambda> at 0x7fa496287a90>,<function <lambda> at 0x7fa496287b30>
32080,2023-08-29 15:00:00,<function <lambda> at 0x7fa4962879f0>,<function <lambda> at 0x7fa496287a90>,<function <lambda> at 0x7fa496287b30>
32081,2023-08-29 16:00:00,<function <lambda> at 0x7fa4962879f0>,<function <lambda> at 0x7fa496287a90>,<function <lambda> at 0x7fa496287b30>
32082,2023-08-29 17:00:00,<function <lambda> at 0x7fa4962879f0>,<function <lambda> at 0x7fa496287a90>,<function <lambda> at 0x7fa496287b30>
32083,2023-08-29 18:00:00,<function <lambda> at 0x7fa4962879f0>,<function <lambda> at 0x7fa496287a90>,<function <lambda> at 0x7fa496287b30>
32084,2023-08-29 19:00:00,<function <lambda> at 0x7fa4962879f0>,<function <lambda> at 0x7fa496287a90>,<function <lambda> at 0x7fa496287b30>
32085,2023-08-29 20:00:00,<function <lambda> at 0x7fa4962879f0>,<function <lambda> at 0x7fa496287a90>,<function <lambda> at 0x7fa496287b30>
32086,2023-08-29 21:00:00,<function <lambda> at 0x7fa4962879f0>,<function <lambda> at 0x7fa496287a90>,<function <lambda> at 0x7fa496287b30>
32087,2023-08-29 22:00:00,<function <lambda> at 0x7fa4962879f0>,<function <lambda> at 0x7fa496287a90>,<function <lambda> at 0x7fa496287b30>
32088,2023-08-29 23:00:00,<function <lambda> at 0x7fa4962879f0>,<function <lambda> at 0x7fa496287a90>,<function <lambda> at 0x7fa496287b30>
32089,2023-08-30 00:00:00,<function <lambda> at 0x7fa4962879f0>,<function <lambda> at 0x7fa496287a90>,<function <lambda> at 0x7fa496287b30>
32090,2023-08-30 01:00:00,<function <lambda> at 0x7fa4962879f0>,<function <lambda> at 0x7fa496287a90>,<function <lambda> at 0x7fa496287b30>
32091,2023-08-30 02:00:00,<function <lambda> at 0x7fa4962879f0>,<function <lambda> at 0x7fa496287a90>,<function <lambda> at 0x7fa496287b30>
32092,2023-08-30 03:00:00,<function <lambda> at 0x7fa4962879f0>,<function <lambda> at 0x7fa496287a90>,<function <lambda> at 0x7fa496287b30>
32093,2023-08-30 04:00:00,<function <lambda> at 0x7fa4962879f0>,<function <lambda> at 0x7fa496287a90>,<function <lambda> at 0x7fa496287b30>
32094,2023-08-30 05:00:00,<function <lambda> at 0x7fa4962879f0>,<function <lambda> at 0x7fa496287a90>,<function <lambda> at 0x7fa496287b30>
32095,2023-08-30 06:00:00,<function <lambda> at 0x7fa4962879f0>,<function <lambda> at 0x7fa496287a90>,<function <lambda> at 0x7fa496287b30>
32096,2023-08-30 07:00:00,<function <lambda> at 0x7fa4962879f0>,<function <lambda> at 0x7fa496287a90>,<function <lambda> at 0x7fa496287b30>
32097,2023-08-30 08:00:00,<function <lambda> at 0x7fa4962879f0>,<function <lambda> at 0x7fa496287a90>,<function <lambda> at 0x7fa496287b30>
32098,2023-08-30 09:00:00,<function <lambda> at 0x7fa4962879f0>,<function <lambda> at 0x7fa496287a90>,<function <lambda> at 0x7fa496287b30>
32099,2023-08-30 10:00:00,<function <lambda> at 0x7fa4962879f0>,<function <lambda> at 0x7fa496287a90>,<function <lambda> at 0x7fa496287b30>
32100,2023-08-30 11:00:00,<function <lambda> at 0x7fa4962879f0>,<function <lambda> at 0x7fa496287a90>,<function <lambda> at 0x7fa496287b30>
32101,2023-08-30 12:00:00,<function <lambda> at 0x7fa4962879f0>,<function <lambda> at 0x7fa496287a90>,<function <lambda> at 0x7fa496287b30>
32102,2023-08-30 13:00:00,<function <lambda> at 0x7fa4962879f0>,<function <lambda> at 0x7fa496287a90>,<function <lambda> at 0x7fa496287b30>
32103,2023-08-30 14:00:00,<function <lambda> at 0x7fa4962879f0>,<function <lambda> at 0x7fa496287a90>,<function <lambda> at 0x7fa496287b30>
32104,2023-08-30 15:00:00,<function <lambda> at 0x7fa4962879f0>,<function <lambda> at 0x7fa496287a90>,<function <lambda> at 0x7fa496287b30>
32105,2023-08-30 16:00:00,<function <lambda> at 0x7fa4962879f0>,<function <lambda> at 0x7fa496287a90>,<function <lambda> at 0x7fa496287b30>
32106,2023-08-30 17:00:00,<function <lambda> at 0x7fa4962879f0>,<function <lambda> at 0x7fa496287a90>,<function <lambda> at 0x7fa496287b30>
32107,2023-08-30 18:00:00,<function <lambda> at 0x7fa4962879f0>,<function <lambda> at 0x7fa496287a90>,<function <lambda> at 0x7fa496287b30>
32108,2023-08-30 19:00:00,<function <lambda> at 0x7fa4962879f0>,<function <lambda> at 0x7fa496287a90>,<function <lambda> at 0x7fa496287b30>
32109,2023-08-30 20:00:00,<function <lambda> at 0x7fa4962879f0>,<function <lambda> at 0x7fa496287a90>,<function <lambda> at 0x7fa496287b30>
32110,2023-08-30 21:00:00,<function <lambda> at 0x7fa4962879f0>,<function <lambda> at 0x7fa496287a90>,<function <lambda> at 0x7fa496287b30>
32111,2023-08-30 22:00:00,<function <lambda> at 0x7fa4962879f0>,<function <lambda> at 0x7fa496287a90>,<function <lambda> at 0x7fa496287b30>
32112,2023-08-30 23:00:00,<function <lambda> at 0x7fa4962879f0>,<function <lambda> at 0x7fa496287a90>,<function <lambda> at 0x7fa496287b30>
32113,2023-08-31 00:00:00,<function <lambda> at 0x7fa4962879f0>,<function <lambda> at 0x7fa496287a90>,<function <lambda> at 0x7fa496287b30>
32114,2023-08-31 01:00:00,<function <lambda> at 0x7fa4962879f0>,<function <lambda> at 0x7fa496287a90>,<function <lambda> at 0x7fa496287b30>
32115,2023-08-31 02:00:00,<function <lambda> at 0x7fa4962879f0>,<function <lambda> at 0x7fa496287a90>,<function <lambda> at 0x7fa496287b30>
32116,2023-08-31 03:00:00,<function <lambda> at 0x7fa4962879f0>,<function <lambda> at 0x7fa496287a90>,<function <lambda> at 0x7fa496287b30>
32117,2023-08-31 04:00:00,<function <lambda> at 0x7fa4962879f0>,<function <lambda> at 0x7fa496287a90>,<function <lambda> at 0x7fa496287b30>
32118,2023-08-31 05:00:00,<function <lambda> at 0x7fa4962879f0>,<function <lambda> at 0x7fa496287a90>,<function <lambda> at 0x7fa496287b30>
32119,2023-08-31 06:00:00,<function <lambda> at 0x7fa4962879f0>,<function <lambda> at 0x7fa496287a90>,<function <lambda> at 0x7fa496287b30>
32120,2023-08-31 07:00:00,<function <lambda> at 0x7fa4962879f0>,<function <lambda> at 0x7fa496287a90>,<function <lambda> at 0x7fa496287b30>
32121,2023-08-31 08:00:00,<function <lambda> at 0x7fa4962879f0>,<function <lambda> at 0x7fa496287a90>,<function <lambda> at 0x7fa496287b30>
32122,2023-08-31 09:00:00,<function <lambda> at 0x7fa4962879f0>,<function <lambda> at 0x7fa496287a90>,<function <lambda> at 0x7fa496287b30>
32123,2023-08-31 10:00:00,<function <lambda> at 0x7fa4962879f0>,<function <lambda> at 0x7fa496287a90>,<function <lambda> at 0x7fa496287b30>
32124,2023-08-31 11:00:00,<function <lambda> at 0x7fa4962879f0>,<function <lambda> at 0x7fa496287a90>,<function <lambda> at 0x7fa496287b30>
32125,2023-08-31 12:00:00,<function <lambda> at 0x7fa4962879f0>,<function <lambda> at 0x7fa496287a90>,<function <lambda> at 0x7fa496287b30>
32126,2023-08-31 13:00:00,<function <lambda> at 0x7fa4962879f0>,<function <lambda> at 0x7fa496287a90>,<function <lambda> at 0x7fa496287b30>
32127,2023-08-31 14:00:00,<function <lambda> at 0x7fa4962879f0>,<function <lambda> at 0x7fa496287a90>,<function <lambda> at 0x7fa496287b30>
32128,2023-08-31 15:00:00,<function <lambda> at 0x7fa4962879f0>,<function <lambda> at 0x7fa496287a90>,<function <lambda> at 0x7fa496287b30>
32129,2023-08-31 16:00:00,<function <lambda> at 0x7fa4962879f0>,<function <lambda> at 0x7fa496287a90>,<function <lambda> at 0x7fa496287b30>
32130,2023-08-31 17:00:00,<function <lambda> at 0x7fa4962879f0>,<function <lambda> at 0x7fa496287a90>,<function <lambda> at 0x7fa496287b30>
32131,2023-08-31 18:00:00,<function <lambda> at 0x7fa4962879f0>,<function <lambda> at 0x7fa496287a90>,<function <lambda> at 0x7fa496287b30>
32132,2023-08-31 19:00:00,<function <lambda> at 0x7fa4962879f0>,<function <lambda> at 0x7fa496287a90>,<function <lambda> at 0x7fa496287b30>
32133,2023-08-31 20:00:00,<function <lambda> at 0x7fa4962879f0>,<function <lambda> at 0x7fa496287a90>,<function <lambda> at 0x7fa496287b30>
32134,2023-08-31 21:00:00,<function <lambda> at 0x7fa4962879f0>,<function <lambda> at 0x7fa496287a90>,<function <lambda> at 0x7fa496287b30>
32135,2023-08-31 22:00:00,<function <lambda> at 0x7fa4962879f0>,<function <lambda> at 0x7fa496287a90>,<function <lambda> at 0x7fa496287b30>
32136,2023-08-31 23:00:00,<function <lambda> at 0x7fa4962879f0>,<function <lambda> at 0x7fa496287a90>,<function <lambda> at 0x7fa496287b30>
32137,2023-09-01 00:00:00,<function <lambda> at 0x7fa4962879f0>,<function <lambda> at 0x7fa496287a90>,<function <lambda> at 0x7fa496287b30>
32138,2023-09-01 01:00:00,<function <lambda> at 0x7fa4962879f0>,<function <lambda> at 0x7fa496287a90>,<function <lambda> at 0x7fa496287b30>
32139,2023-09-01 02:00:00,<function <lambda> at 0x7fa4962879f0>,<function <lambda> at 0x7fa496287a90>,<function <lambda> at 0x7fa496287b30>
32140,2023-09-01 03:00:00,<function <lambda> at 0x7fa4962879f0>,<function <lambda> at 0x7fa496287a90>,<function <lambda> at 0x7fa496287b30>
32141,2023-09-01 04:00:00,<function <lambda> at 0x7fa4962879f0>,<function <lambda> at 0x7fa496287a90>,<function <lambda> at 0x7fa496287b30>
32142,2023-09-01 05:00:00,<function <lambda> at 0x7fa4962879f0>,<function <lambda> at 0x7fa496287a90>,<function <lambda> at 0x7fa496287b30>
32143,2023-09-01 06:00:00,<function <lambda> at 0x7fa4962879f0>,<function <lambda> at 0x7fa496287a90>,<function <lambda> at 0x7fa496287b30>
32144,2023-09-01 07:00:00,<function <lambda> at 0x7fa4962879f0>,<function <lambda> at 0x7fa496287a90>,<function <lambda> at 0x7fa496287b30>
32145,2023-09-01 08:00:00,<function <lambda> at 0x7fa4962879f0>,<function <lambda> at 0x7fa496287a90>,<function <lambda> at 0x7fa496287b30>
32146,2023-09-01 09:00:00,<function <lambda> at 0x7fa4962879f0>,<function <lambda> at 0x7fa496287a90>,<function <lambda> at 0x7fa496287b30>
32147,2023-09-01 10:00:00,<function <lambda> at 0x7fa4962879f0>,<function <lambda> at 0x7fa496287a90>,<function <lambda> at 0x7fa496287b30>
32148,2023-09-01 11:00:00,<function <lambda> at 0x7fa4962879f0>,<function <lambda> at 0x7fa496287a90>,<function <lambda> at 0x7fa496287b30>
32149,2023-09-01 12:00:00,<function <lambda> at 0x7fa4962879f0>,<function <lambda> at 0x7fa496287a90>,<function <lambda> at 0x7fa496287b30>
32150,2023-09-01 13:00:00,<function <lambda> at 0x7fa4962879f0>,<function <lambda> at 0x7fa496287a90>,<function <lambda> at 0x7fa496287b30>
32151,2023-09-01 14:00:00,<function <lambda> at 0x7fa4962879f0>,<function <lambda> at 0x7fa496287a90>,<function <lambda> at 0x7fa496287b30>
32152,2023-09-01 15:00:00,<function <lambda> at 0x7fa4962879f0>,<function <lambda> at 0x7fa496287a90>,<function <lambda> at 0x7fa496287b30>
32153,2023-09-01 16:00:00,<function <lambda> at 0x7fa4962879f0>,<function <lambda> at 0x7fa496287a90>,<function <lambda> at 0x7fa496287b30>
32154,2023-09-01 17:00:00,<function <lambda> at 0x7fa4962879f0>,<function <lambda> at 0x7fa496287a90>,<function <lambda> at 0x7fa496287b30>
32155,2023-09-01 18:00:00,<function <lambda> at 0x7fa4962879f0>,<function <lambda> at 0x7fa496287a90>,<function <lambda> at 0x7fa496287b30>
32156,2023-09-01 19:00:00,<function <lambda> at 0x7fa4962879f0>,<function <lambda> at 0x7fa496287a90>,<function <lambda> at 0x7fa496287b30>
32157,2023-09-01 20:00:00,<function <lambda> at 0x7fa4962879f0>,<function <lambda> at 0x7fa496287a90>,<function <lambda> at 0x7fa496287b30>
32158,2023-09-01 21:00:00,<function <lambda> at 0x7fa4962879f0>,<function <lambda> at 0x7fa496287a90>,<function <lambda> at 0x7fa496287b30>
32159,2023-09-01 22:00:00,<function <lambda> at 0x7fa4962879f0>,<function <lambda> at 0x7fa496287a90>,<function <lambda> at 0x7fa496287b30>
32160,2023-09-01 23:00:00,<function <lambda> at 0x7fa4962879f0>,<function <lambda> at 0x7fa496287a90>,<function <lambda> at 0x7fa496287b30>
32161,2023-09-02 00:00:00,<function <lambda> at 0x7fa4962879f0>,<function <lambda> at 0x7fa496287a90>,<function <lambda> at 0x7fa496287b30>
32162,2023-09-02 01:00:00,<function <lambda> at 0x7fa4962879f0>,<function <lambda> at 0x7fa496287a90>,<function <lambda> at 0x7fa496287b30>
32163,2023-09-02 02:00:00,<function <lambda> at 0x7fa4962879f0>,<function <lambda> at 0x7fa496287a90>,<function <lambda> at 0x7fa496287b30>
32164,2023-09-02 03:00:00,<function <lambda> at 0x7fa4962879f0>,<function <lambda> at 0x7fa496287a90>,<function <lambda> at 0x7fa496287b30>
32165,2023-09-02 04:00:00,<function <lambda> at 0x7fa4962879f0>,<function <lambda> at 0x7fa496287a90>,<function <lambda> at 0x7fa496287b30>
32166,2023-09-02 05:00:00,<function <lambda> at 0x7fa4962879f0>,<function <lambda> at 0x7fa496287a90>,<function <lambda> at 0x7fa496287b30>
32167,2023-09-02 06:00:00,<function <lambda> at 0x7fa4962879f0>,<function <lambda> at 0x7fa496287a90>,<function <lambda> at 0x7fa496287b30>
32168,2023-09-02 07:00:00,<function <lambda> at 0x7fa4962879f0>,<function <lambda> at 0x7fa496287a90>,<function <lambda> at 0x7fa496287b30>
32169,2023-09-02 08:00:00,<function <lambda> at 0x7fa4962879f0>,<function <lambda> at 0x7fa496287a90>,<function <lambda> at 0x7fa496287b30>
32170,2023-09-02 09:00:00,<function <lambda> at 0x7fa4962879f0>,<function <lambda> at 0x7fa496287a90>,<function <lambda> at 0x7fa496287b30>
32171,2023-09-02 10:00:00,<function <lambda> at 0x7fa4962879f0>,<function <lambda> at 0x7fa496287a90>,<function <lambda> at 0x7fa496287b30>
32172,2023-09-02 11:00:00,<function <lambda> at 0x7fa4962879f0>,<function <lambda> at 0x7fa496287a90>,<function <lambda> at 0x7fa496287b30>
32173,2023-09-02 12:00:00,<function <lambda> at 0x7fa4962879f0>,<function <lambda> at 0x7fa496287a90>,<function <lambda> at 0x7fa496287b30>
32174,2023-09-02 13:00:00,<function <lambda> at 0x7fa4962879f0>,<function <lambda> at 0x7fa496287a90>,<function <lambda> at 0x7fa496287b30>
32175,2023-09-02 14:00:00,<function <lambda> at 0x7fa4962879f0>,<function <lambda> at 0x7fa496287a90>,<function <lambda> at 0x7fa496287b30>
32176,2023-09-02 15:00:00,<function <lambda> at 0x7fa4962879f0>,<function <lambda> at 0x7fa496287a90>,<function <lambda> at 0x7fa496287b30>
32177,2023-09-02 16:00:00,<function <lambda> at 0x7fa4962879f0>,<function <lambda> at 0x7fa496287a90>,<function <lambda> at 0x7fa496287b30>
32178,2023-09-02 17:00:00,<function <lambda> at 0x7fa4962879f0>,<function <lambda> at 0x7fa496287a90>,<function <lambda> at 0x7fa496287b30>
32179,2023-09-02 18:00:00,<function <lambda> at 0x7fa4962879f0>,<function <lambda> at 0x7fa496287a90>,<function <lambda> at 0x7fa496287b30>
32180,2023-09-02 19:00:00,<function <lambda> at 0x7fa4962879f0>,<function <lambda> at 0x7fa496287a90>,<function <lambda> at 0x7fa496287b30>
32181,2023-09-02 20:00:00,<function <lambda> at 0x7fa4962879f0>,<function <lambda> at 0x7fa496287a90>,<function <lambda> at 0x7fa496287b30>
32182,2023-09-02 21:00:00,<function <lambda> at 0x7fa4962879f0>,<function <lambda> at 0x7fa496287a90>,<function <lambda> at 0x7fa496287b30>
32183,2023-09-02 22:00:00,<function <lambda> at 0x7fa4962879f0>,<function <lambda> at 0x7fa496287a90>,<function <lambda> at 0x7fa496287b30>
32184,2023-09-02 23:00:00,<function <lambda> at 0x7fa4962879f0>,<function <lambda> at 0x7fa496287a90>,<function <lambda> at 0x7fa496287b30>
32185,2023-09-03 00:00:00,<function <lambda> at 0x7fa4962879f0>,<function <lambda> at 0x7fa496287a90>,<function <lambda> at 0x7fa496287b30>
32186,2023-09-03 01:00:00,<function <lambda> at 0x7fa4962879f0>,<function <lambda> at 0x7fa496287a90>,<function <lambda> at 0x7fa496287b30>
32187,2023-09-03 02:00:00,<function <lambda> at 0x7fa4962879f0>,<function <lambda> at 0x7fa496287a90>,<function <lambda> at 0x7fa496287b30>
32188,2023-09-03 03:00:00,<function <lambda> at 0x7fa4962879f0>,<function <lambda> at 0x7fa496287a90>,<function <lambda> at 0x7fa496287b30>
32189,2023-09-03 04:00:00,<function <lambda> at 0x7fa4962879f0>,<function <lambda> at 0x7fa496287a90>,<function <lambda> at 0x7fa496287b30>
32190,2023-09-03 05:00:00,<function <lambda> at 0x7fa4962879f0>,<function <lambda> at 0x7fa496287a90>,<function <lambda> at 0x7fa496287b30>
32191,2023-09-03 06:00:00,<function <lambda> at 0x7fa4962879f0>,<function <lambda> at 0x7fa496287a90>,<function <lambda> at 0x7fa496287b30>
32192,2023-09-03 07:00:00,<function <lambda> at 0x7fa4962879f0>,<function <lambda> at 0x7fa496287a90>,<function <lambda> at 0x7fa496287b30>
32193,2023-09-03 08:00:00,<function <lambda> at 0x7fa4962879f0>,<function <lambda> at 0x7fa496287a90>,<function <lambda> at 0x7fa496287b30>
32194,2023-09-03 09:00:00,<function <lambda> at 0x7fa4962879f0>,<function <lambda> at 0x7fa496287a90>,<function <lambda> at 0x7fa496287b30>
32195,2023-09-03 10:00:00,<function <lambda> at 0x7fa4962879f0>,<function <lambda> at 0x7fa496287a90>,<function <lambda> at 0x7fa496287b30>
32196,2023-09-03 11:00:00,<function <lambda> at 0x7fa4962879f0>,<function <lambda> at 0x7fa496287a90>,<function <lambda> at 0x7fa496287b30>
32197,2023-09-03 12:00:00,<function <lambda> at 0x7fa4962879f0>,<function <lambda> at 0x7fa496287a90>,<function <lambda> at 0x7fa496287b30>
32198,2023-09-03 13:00:00,<function <lambda> at 0x7fa4962879f0>,<function <lambda> at 0x7fa496287a90>,<function <lambda> at 0x7fa496287b30>
32199,2023-09-03 14:00:00,<function <lambda> at 0x7fa4962879f0>,<function <lambda> at 0x7fa496287a90>,<function <lambda> at 0x7fa496287b30>
32200,2023-09-03 15:00:00,<function <lambda> at 0x7fa4962879f0>,<function <lambda> at 0x7fa496287a90>,<function <lambda> at 0x7fa496287b30>
32201,2023-09-03 16:00:00,<function <lambda> at 0x7fa4962879f0>,<function <lambda> at 0x7fa496287a90>,<function <lambda> at 0x7fa496287b30>
32202,2023-09-03 17:00:00,<function <lambda> at 0x7fa4962879f0>,<function <lambda> at 0x7fa496287a90>,<function <lambda> at 0x7fa496287b30>
32203,2023-09-03 18:00:00,<function <lambda> at 0x7fa4962879f0>,<function <lambda> at 0x7fa496287a90>,<function <lambda> at 0x7fa496287b30>
32204,2023-09-03 19:00:00,<function <lambda> at 0x7fa4962879f0>,<function <lambda> at 0x7fa496287a90>,<function <lambda> at 0x7fa496287b30>
32205,2023-09-03 20:00:00,<function <lambda> at 0x7fa4962879f0>,<function <lambda> at 0x7fa496287a90>,<function <lambda> at 0x7fa496287b30>
32206,2023-09-03 21:00:00,<function <lambda> at 0x7fa4962879f0>,<function <lambda> at 0x7fa496287a90>,<function <lambda> at 0x7fa496287b30>
32207,2023-09-03 22:00:00,<function <lambda> at 0x7fa4962879f0>,<function <lambda> at 0x7fa496287a90>,<function <lambda> at 0x7fa496287b30>
32208,2023-09-03 23:00:00,<function <lambda> at 0x7fa4962879f0>,<function <lambda> at 0x7fa496287a90>,<function <lambda> at 0x7fa496287b30>
32209,2023-09-04 00:00:00,<function <lambda> at 0x7fa4962879f0>,<function <lambda> at 0x7fa496287a90>,<function <lambda> at 0x7fa496287b30>
32210,2023-09-04 01:00:00,<function <lambda> at 0x7fa4962879f0>,<function <lambda> at 0x7fa496287a90>,<function <lambda> at 0x7fa496287b30>
32211,2023-09-04 02:00:00,<function <lambda> at 0x7fa4962879f0>,<function <lambda> at 0x7fa496287a90>,<function <lambda> at 0x7fa496287b30>
32212,2023-09-04 03:00:00,<function <lambda> at 0x7fa4962879f0>,<function <lambda> at 0x7fa496287a90>,<function <lambda> at 0x7fa496287b30>
32213,2023-09-04 04:00:00,<function <lambda> at 0x7fa4962879f0>,<function <lambda> at 0x7fa496287a90>,<function <lambda> at 0x7fa496287b30>
32214,2023-09-04 05:00:00,<function <lambda> at 0x7fa4962879f0>,<function <lambda> at 0x7fa496287a90>,<function <lambda> at 0x7fa496287b30>
32215,2023-09-04 06:00:00,<function <lambda> at 0x7fa4962879f0>,<function <lambda> at 0x7fa496287a90>,<function <lambda> at 0x7fa496287b30>
32216,2023-09-04 07:00:00,<function <lambda> at 0x7fa4962879f0>,<function <lambda> at 0x7fa496287a90>,<function <lambda> at 0x7fa496287b30>
32217,2023-09-04 08:00:00,<function <lambda> at 0x7fa4962879f0>,<function <lambda> at 0x7fa496287a90>,<function <lambda> at 0x7fa496287b30>
32218,2023-09-04 09:00:00,<function <lambda> at 0x7fa4962879f0>,<function <lambda> at 0x7fa496287a90>,<function <lambda> at 0x7fa496287b30>
32219,2023-09-04 10:00:00,<function <lambda> at 0x7fa4962879f0>,<function <lambda> at 0x7fa496287a90>,<function <lambda> at 0x7fa496287b30>
32220,2023-09-04 11:00:00,<function <lambda> at 0x7fa4962879f0>,<function <lambda> at 0x7fa496287a90>,<function <lambda> at 0x7fa496287b30>
32221,2023-09-04 12:00:00,<function <lambda> at 0x7fa4962879f0>,<function <lambda> at 0x7fa496287a90>,<function <lambda> at 0x7fa496287b30>
32222,2023-09-04 13:00:00,<function <lambda> at 0x7fa4962879f0>,<function <lambda> at 0x7fa496287a90>,<function <lambda> at 0x7fa496287b30>
32223,2023-09-04 14:00:00,<function <lambda> at 0x7fa4962879f0>,<function <lambda> at 0x7fa496287a90>,<function <lambda> at 0x7fa496287b30>
32224,2023-09-04 15:00:00,<function <lambda> at 0x7fa4962879f0>,<function <lambda> at 0x7fa496287a90>,<function <lambda> at 0x7fa496287b30>
32225,2023-09-04 16:00:00,<function <lambda> at 0x7fa4962879f0>,<function <lambda> at 0x7fa496287a90>,<function <lambda> at 0x7fa496287b30>
32226,2023-09-04 17:00:00,<function <lambda> at 0x7fa4962879f0>,<function <lambda> at 0x7fa496287a90>,<function <lambda> at 0x7fa496287b30>
32227,2023-09-04 18:00:00,<function <lambda> at 0x7fa4962879f0>,<function <lambda> at 0x7fa496287a90>,<function <lambda> at 0x7fa496287b30>
32228,2023-09-04 19:00:00,<function <lambda> at 0x7fa4962879f0>,<function <lambda> at 0x7fa496287a90>,<function <lambda> at 0x7fa496287b30>
32229,2023-09-04 20:00:00,<function <lambda> at 0x7fa4962879f0>,<function <lambda> at 0x7fa496287a90>,<function <lambda> at 0x7fa496287b30>
32230,2023-09-04 21:00:00,<function <lambda> at 0x7fa4962879f0>,<function <lambda> at 0x7fa496287a90>,<function <lambda> at 0x7fa496287b30>
32231,2023-09-04 22:00:00,<function <lambda> at 0x7fa4962879f0>,<function <lambda> at 0x7fa496287a90>,<function <lambda> at 0x7fa496287b30>
32232,2023-09-04 23:00:00,<function <lambda> at 0x7fa4962879f0>,<function <lambda> at 0x7fa496287a90>,<function <lambda> at 0x7fa496287b30>
32233,2023-09-05 00:00:00,<function <lambda> at 0x7fa4962879f0>,<function <lambda> at 0x7fa496287a90>,<function <lambda> at 0x7fa496287b30>
32234,2023-09-05 01:00:00,<function <lambda> at 0x7fa4962879f0>,<function <lambda> at 0x7fa496287a90>,<function <lambda> at 0x7fa496287b30>
32235,2023-09-05 02:00:00,<function <lambda> at 0x7fa4962879f0>,<function <lambda> at 0x7fa496287a90>,<function <lambda> at 0x7fa496287b30>
32236,2023-09-05 03:00:00,<function <lambda> at 0x7fa4962879f0>,<function <lambda> at 0x7fa496287a90>,<function <lambda> at 0x7fa496287b30>
32237,2023-09-05 04:00:00,<function <lambda> at 0x7fa4962879f0>,<function <lambda> at 0x7fa496287a90>,<function <lambda> at 0x7fa496287b30>
32238,2023-09-05 05:00:00,<function <lambda> at 0x7fa4962879f0>,<function <lambda> at 0x7fa496287a90>,<function <lambda> at 0x7fa496287b30>
32239,2023-09-05 06:00:00,<function <lambda> at 0x7fa4962879f0>,<function <lambda> at 0x7fa496287a90>,<function <lambda> at 0x7fa496287b30>
32240,2023-09-05 07:00:00,<function <lambda> at 0x7fa4962879f0>,<function <lambda> at 0x7fa496287a90>,<function <lambda> at 0x7fa496287b30>
32241,2023-09-05 08:00:00,<function <lambda> at 0x7fa4962879f0>,<function <lambda> at 0x7fa496287a90>,<function <lambda> at 0x7fa496287b30>
32242,2023-09-05 09:00:00,<function <lambda> at 0x7fa4962879f0>,<function <lambda> at 0x7fa496287a90>,<function <lambda> at 0x7fa496287b30>
32243,2023-09-05 10:00:00,<function <lambda> at 0x7fa4962879f0>,<function <lambda> at 0x7fa496287a90>,<function <lambda> at 0x7fa496287b30>
32244,2023-09-05 11:00:00,<function <lambda> at 0x7fa4962879f0>,<function <lambda> at 0x7fa496287a90>,<function <lambda> at 0x7fa496287b30>
32245,2023-09-05 12:00:00,<function <lambda> at 0x7fa4962879f0>,<function <lambda> at 0x7fa496287a90>,<function <lambda> at 0x7fa496287b30>
32246,2023-09-05 13:00:00,<function <lambda> at 0x7fa4962879f0>,<function <lambda> at 0x7fa496287a90>,<function <lambda> at 0x7fa496287b30>
32247,2023-09-05 14:00:00,<function <lambda> at 0x7fa4962879f0>,<function <lambda> at 0x7fa496287a90>,<function <lambda> at 0x7fa496287b30>
32248,2023-09-05 15:00:00,<function <lambda> at 0x7fa4962879f0>,<function <lambda> at 0x7fa496287a90>,<function <lambda> at 0x7fa496287b30>
32249,2023-09-05 16:00:00,<function <lambda> at 0x7fa4962879f0>,<function <lambda> at 0x7fa496287a90>,<function <lambda> at 0x7fa496287b30>
32250,2023-09-05 17:00:00,<function <lambda> at 0x7fa4962879f0>,<function <lambda> at 0x7fa496287a90>,<function <lambda> at 0x7fa496287b30>
32251,2023-09-05 18:00:00,<function <lambda> at 0x7fa4962879f0>,<function <lambda> at 0x7fa496287a90>,<function <lambda> at 0x7fa496287b30>
32252,2023-09-05 19:00:00,<function <lambda> at 0x7fa4962879f0>,<function <lambda> at 0x7fa496287a90>,<function <lambda> at 0x7fa496287b30>
32253,2023-09-05 20:00:00,<function <lambda> at 0x7fa4962879f0>,<function <lambda> at 0x7fa496287a90>,<function <lambda> at 0x7fa496287b30>
32254,2023-09-05 21:00:00,<function <lambda> at 0x7fa4962879f0>,<function <lambda> at 0x7fa496287a90>,<function <lambda> at 0x7fa496287b30>
32255,2023-09-05 22:00:00,<function <lambda> at 0x7fa4962879f0>,<function <lambda> at 0x7fa496287a90>,<function <lambda> at 0x7fa496287b30>
32256,2023-09-05 23:00:00,<function <lambda> at 0x7fa4962879f0>,<function <lambda> at 0x7fa496287a90>,<function <lambda> at 0x7fa496287b30>
32257,2023-09-06 00:00:00,<function <lambda> at 0x7fa4962879f0>,<function <lambda> at 0x7fa496287a90>,<function <lambda> at 0x7fa496287b30>
32258,2023-09-06 01:00:00,<function <lambda> at 0x7fa4962879f0>,<function <lambda> at 0x7fa496287a90>,<function <lambda> at 0x7fa496287b30>
32259,2023-09-06 02:00:00,<function <lambda> at 0x7fa4962879f0>,<function <lambda> at 0x7fa496287a90>,<function <lambda> at 0x7fa496287b30>
32260,2023-09-06 03:00:00,<function <lambda> at 0x7fa4962879f0>,<function <lambda> at 0x7fa496287a90>,<function <lambda> at 0x7fa496287b30>
32261,2023-09-06 04:00:00,<function <lambda> at 0x7fa4962879f0>,<function <lambda> at 0x7fa496287a90>,<function <lambda> at 0x7fa496287b30>
32262,2023-09-06 05:00:00,<function <lambda> at 0x7fa4962879f0>,<function <lambda> at 0x7fa496287a90>,<function <lambda> at 0x7fa496287b30>
32263,2023-09-06 06:00:00,<function <lambda> at 0x7fa4962879f0>,<function <lambda> at 0x7fa496287a90>,<function <lambda> at 0x7fa496287b30>
32264,2023-09-06 07:00:00,<function <lambda> at 0x7fa4962879f0>,<function <lambda> at 0x7fa496287a90>,<function <lambda> at 0x7fa496287b30>
32265,2023-09-06 08:00:00,<function <lambda> at 0x7fa4962879f0>,<function <lambda> at 0x7fa496287a90>,<function <lambda> at 0x7fa496287b30>
32266,2023-09-06 09:00:00,<function <lambda> at 0x7fa4962879f0>,<function <lambda> at 0x7fa496287a90>,<function <lambda> at 0x7fa496287b30>
32267,2023-09-06 10:00:00,<function <lambda> at 0x7fa4962879f0>,<function <lambda> at 0x7fa496287a90>,<function <lambda> at 0x7fa496287b30>
32268,2023-09-06 11:00:00,<function <lambda> at 0x7fa4962879f0>,<function <lambda> at 0x7fa496287a90>,<function <lambda> at 0x7fa496287b30>
32269,2023-09-06 12:00:00,<function <lambda> at 0x7fa4962879f0>,<function <lambda> at 0x7fa496287a90>,<function <lambda> at 0x7fa496287b30>
32270,2023-09-06 13:00:00,<function <lambda> at 0x7fa4962879f0>,<function <lambda> at 0x7fa496287a90>,<function <lambda> at 0x7fa496287b30>
32271,2023-09-06 14:00:00,<function <lambda> at 0x7fa4962879f0>,<function <lambda> at 0x7fa496287a90>,<function <lambda> at 0x7fa496287b30>
32272,2023-09-06 15:00:00,<function <lambda> at 0x7fa4962879f0>,<function <lambda> at 0x7fa496287a90>,<function <lambda> at 0x7fa496287b30>
32273,2023-09-06 16:00:00,<function <lambda> at 0x7fa4962879f0>,<function <lambda> at 0x7fa496287a90>,<function <lambda> at 0x7fa496287b30>
32274,2023-09-06 17:00:00,<function <lambda> at 0x7fa4962879f0>,<function <lambda> at 0x7fa496287a90>,<function <lambda> at 0x7fa496287b30>
32275,2023-09-06 18:00:00,<function <lambda> at 0x7fa4962879f0>,<function <lambda> at 0x7fa496287a90>,<function <lambda> at 0x7fa496287b30>
32276,2023-09-06 19:00:00,<function <lambda> at 0x7fa4962879f0>,<function <lambda> at 0x7fa496287a90>,<function <lambda> at 0x7fa496287b30>
32277,2023-09-06 20:00:00,<function <lambda> at 0x7fa4962879f0>,<function <lambda> at 0x7fa496287a90>,<function <lambda> at 0x7fa496287b30>
32278,2023-09-06 21:00:00,<function <lambda> at 0x7fa4962879f0>,<function <lambda> at 0x7fa496287a90>,<function <lambda> at 0x7fa496287b30>
32279,2023-09-06 22:00:00,<function <lambda> at 0x7fa4962879f0>,<function <lambda> at 0x7fa496287a90>,<function <lambda> at 0x7fa496287b30>
32280,2023-09-06 23:00:00,<function <lambda> at 0x7fa4962879f0>,<function <lambda> at 0x7fa496287a90>,<function <lambda> at 0x7fa496287b30>
32281,2023-09-07 00:00:00,<function <lambda> at 0x7fa4962879f0>,<function <lambda> at 0x7fa496287a90>,<function <lambda> at 0x7fa496287b30>
32282,2023-09-07 01:00:00,<function <lambda> at 0x7fa4962879f0>,<function <lambda> at 0x7fa496287a90>,<function <lambda> at 0x7fa496287b30>
32283,2023-09-07 02:00:00,<function <lambda> at 0x7fa4962879f0>,<function <lambda> at 0x7fa496287a90>,<function <lambda> at 0x7fa496287b30>
32284,2023-09-07 03:00:00,<function <lambda> at 0x7fa4962879f0>,<function <lambda> at 0x7fa496287a90>,<function <lambda> at 0x7fa496287b30>
32285,2023-09-07 04:00:00,<function <lambda> at 0x7fa4962879f0>,<function <lambda> at 0x7fa496287a90>,<function <lambda> at 0x7fa496287b30>
32286,2023-09-07 05:00:00,<function <lambda> at 0x7fa4962879f0>,<function <lambda> at 0x7fa496287a90>,<function <lambda> at 0x7fa496287b30>
32287,2023-09-07 06:00:00,<function <lambda> at 0x7fa4962879f0>,<function <lambda> at 0x7fa496287a90>,<function <lambda> at 0x7fa496287b30>
32288,2023-09-07 07:00:00,<function <lambda> at 0x7fa4962879f0>,<function <lambda> at 0x7fa496287a90>,<function <lambda> at 0x7fa496287b30>
32289,2023-09-07 08:00:00,<function <lambda> at 0x7fa4962879f0>,<function <lambda> at 0x7fa496287a90>,<function <lambda> at 0x7fa496287b30>
32290,2023-09-07 09:00:00,<function <lambda> at 0x7fa4962879f0>,<function <lambda> at 0x7fa496287a90>,<function <lambda> at 0x7fa496287b30>
32291,2023-09-07 10:00:00,<function <lambda> at 0x7fa4962879f0>,<function <lambda> at 0x7fa496287a90>,<function <lambda> at 0x7fa496287b30>
32292,2023-09-07 11:00:00,<function <lambda> at 0x7fa4962879f0>,<function <lambda> at 0x7fa496287a90>,<function <lambda> at 0x7fa496287b30>
32293,2023-09-07 12:00:00,<function <lambda> at 0x7fa4962879f0>,<function <lambda> at 0x7fa496287a90>,<function <lambda> at 0x7fa496287b30>
32294,2023-09-07 13:00:00,<function <lambda> at 0x7fa4962879f0>,<function <lambda> at 0x7fa496287a90>,<function <lambda> at 0x7fa496287b30>
32295,2023-09-07 14:00:00,<function <lambda> at 0x7fa4962879f0>,<function <lambda> at 0x7fa496287a90>,<function <lambda> at 0x7fa496287b30>
32296,2023-09-07 15:00:00,<function <lambda> at 0x7fa4962879f0>,<function <lambda> at 0x7fa496287a90>,<function <lambda> at 0x7fa496287b30>
32297,2023-09-07 16:00:00,<function <lambda> at 0x7fa4962879f0>,<function <lambda> at 0x7fa496287a90>,<function <lambda> at 0x7fa496287b30>
32298,2023-09-07 17:00:00,<function <lambda> at 0x7fa4962879f0>,<function <lambda> at 0x7fa496287a90>,<function <lambda> at 0x7fa496287b30>
32299,2023-09-07 18:00:00,<function <lambda> at 0x7fa4962879f0>,<function <lambda> at 0x7fa496287a90>,<function <lambda> at 0x7fa496287b30>
32300,2023-09-07 19:00:00,<function <lambda> at 0x7fa4962879f0>,<function <lambda> at 0x7fa496287a90>,<function <lambda> at 0x7fa496287b30>
32301,2023-09-07 20:00:00,<function <lambda> at 0x7fa4962879f0>,<function <lambda> at 0x7fa496287a90>,<function <lambda> at 0x7fa496287b30>
32302,2023-09-07 21:00:00,<function <lambda> at 0x7fa4962879f0>,<function <lambda> at 0x7fa496287a90>,<function <lambda> at 0x7fa496287b30>
32303,2023-09-07 22:00:00,<function <lambda> at 0x7fa4962879f0>,<function <lambda> at 0x7fa496287a90>,<function <lambda> at 0x7fa496287b30>
32304,2023-09-07 23:00:00,<function <lambda> at 0x7fa4962879f0>,<function <lambda> at 0x7fa496287a90>,<function <lambda> at 0x7fa496287b30>
32305,2023-09-08 00:00:00,<function <lambda> at 0x7fa4962879f0>,<function <lambda> at 0x7fa496287a90>,<function <lambda> at 0x7fa496287b30>
32306,2023-09-08 01:00:00,<function <lambda> at 0x7fa4962879f0>,<function <lambda> at 0x7fa496287a90>,<function <lambda> at 0x7fa496287b30>
32307,2023-09-08 02:00:00,<function <lambda> at 0x7fa4962879f0>,<function <lambda> at 0x7fa496287a90>,<function <lambda> at 0x7fa496287b30>
32308,2023-09-08 03:00:00,<function <lambda> at 0x7fa4962879f0>,<function <lambda> at 0x7fa496287a90>,<function <lambda> at 0x7fa496287b30>
32309,2023-09-08 04:00:00,<function <lambda> at 0x7fa4962879f0>,<function <lambda> at 0x7fa496287a90>,<function <lambda> at 0x7fa496287b30>
32310,2023-09-08 05:00:00,<function <lambda> at 0x7fa4962879f0>,<function <lambda> at 0x7fa496287a90>,<function <lambda> at 0x7fa496287b30>
32311,2023-09-08 06:00:00,<function <lambda> at 0x7fa4962879f0>,<function <lambda> at 0x7fa496287a90>,<function <lambda> at 0x7fa496287b30>
32312,2023-09-08 07:00:00,<function <lambda> at 0x7fa4962879f0>,<function <lambda> at 0x7fa496287a90>,<function <lambda> at 0x7fa496287b30>
32313,2023-09-08 08:00:00,<function <lambda> at 0x7fa4962879f0>,<function <lambda> at 0x7fa496287a90>,<function <lambda> at 0x7fa496287b30>
32314,2023-09-08 09:00:00,<function <lambda> at 0x7fa4962879f0>,<function <lambda> at 0x7fa496287a90>,<function <lambda> at 0x7fa496287b30>
32315,2023-09-08 10:00:00,<function <lambda> at 0x7fa4962879f0>,<function <lambda> at 0x7fa496287a90>,<function <lambda> at 0x7fa496287b30>
32316,2023-09-08 11:00:00,<function <lambda> at 0x7fa4962879f0>,<function <lambda> at 0x7fa496287a90>,<function <lambda> at 0x7fa496287b30>
32317,2023-09-08 12:00:00,<function <lambda> at 0x7fa4962879f0>,<function <lambda> at 0x7fa496287a90>,<function <lambda> at 0x7fa496287b30>
32318,2023-09-08 13:00:00,<function <lambda> at 0x7fa4962879f0>,<function <lambda> at 0x7fa496287a90>,<function <lambda> at 0x7fa496287b30>
32319,2023-09-08 14:00:00,<function <lambda> at 0x7fa4962879f0>,<function <lambda> at 0x7fa496287a90>,<function <lambda> at 0x7fa496287b30>
32320,2023-09-08 15:00:00,<function <lambda> at 0x7fa4962879f0>,<function <lambda> at 0x7fa496287a90>,<function <lambda> at 0x7fa496287b30>
32321,2023-09-08 16:00:00,<function <lambda> at 0x7fa4962879f0>,<function <lambda> at 0x7fa496287a90>,<function <lambda> at 0x7fa496287b30>
32322,2023-09-08 17:00:00,<function <lambda> at 0x7fa4962879f0>,<function <lambda> at 0x7fa496287a90>,<function <lambda> at 0x7fa496287b30>
32323,2023-09-08 18:00:00,<function <lambda> at 0x7fa4962879f0>,<function <lambda> at 0x7fa496287a90>,<function <lambda> at 0x7fa496287b30>
32324,2023-09-08 19:00:00,<function <lambda> at 0x7fa4962879f0>,<function <lambda> at 0x7fa496287a90>,<function <lambda> at 0x7fa496287b30>
32325,2023-09-08 20:00:00,<function <lambda> at 0x7fa4962879f0>,<function <lambda> at 0x7fa496287a90>,<function <lambda> at 0x7fa496287b30>
32326,2023-09-08 21:00:00,<function <lambda> at 0x7fa4962879f0>,<function <lambda> at 0x7fa496287a90>,<function <lambda> at 0x7fa496287b30>
32327,2023-09-08 22:00:00,<function <lambda> at 0x7fa4962879f0>,<function <lambda> at 0x7fa496287a90>,<function <lambda> at 0x7fa496287b30>
32328,2023-09-08 23:00:00,<function <lambda> at 0x7fa4962879f0>,<function <lambda> at 0x7fa496287a90>,<function <lambda> at 0x7fa496287b30>
32329,2023-09-09 00:00:00,<function <lambda> at 0x7fa4962879f0>,<function <lambda> at 0x7fa496287a90>,<function <lambda> at 0x7fa496287b30>
32330,2023-09-09 01:00:00,<function <lambda> at 0x7fa4962879f0>,<function <lambda> at 0x7fa496287a90>,<function <lambda> at 0x7fa496287b30>
32331,2023-09-09 02:00:00,<function <lambda> at 0x7fa4962879f0>,<function <lambda> at 0x7fa496287a90>,<function <lambda> at 0x7fa496287b30>
32332,2023-09-09 03:00:00,<function <lambda> at 0x7fa4962879f0>,<function <lambda> at 0x7fa496287a90>,<function <lambda> at 0x7fa496287b30>
32333,2023-09-09 04:00:00,<function <lambda> at 0x7fa4962879f0>,<function <lambda> at 0x7fa496287a90>,<function <lambda> at 0x7fa496287b30>
32334,2023-09-09 05:00:00,<function <lambda> at 0x7fa4962879f0>,<function <lambda> at 0x7fa496287a90>,<function <lambda> at 0x7fa496287b30>
32335,2023-09-09 06:00:00,<function <lambda> at 0x7fa4962879f0>,<function <lambda> at 0x7fa496287a90>,<function <lambda> at 0x7fa496287b30>
32336,2023-09-09 07:00:00,<function <lambda> at 0x7fa4962879f0>,<function <lambda> at 0x7fa496287a90>,<function <lambda> at 0x7fa496287b30>
32337,2023-09-09 08:00:00,<function <lambda> at 0x7fa4962879f0>,<function <lambda> at 0x7fa496287a90>,<function <lambda> at 0x7fa496287b30>
32338,2023-09-09 09:00:00,<function <lambda> at 0x7fa4962879f0>,<function <lambda> at 0x7fa496287a90>,<function <lambda> at 0x7fa496287b30>
32339,2023-09-09 10:00:00,<function <lambda> at 0x7fa4962879f0>,<function <lambda> at 0x7fa496287a90>,<function <lambda> at 0x7fa496287b30>
32340,2023-09-09 11:00:00,<function <lambda> at 0x7fa4962879f0>,<function <lambda> at 0x7fa496287a90>,<function <lambda> at 0x7fa496287b30>
32341,2023-09-09 12:00:00,<function <lambda> at 0x7fa4962879f0>,<function <lambda> at 0x7fa496287a90>,<function <lambda> at 0x7fa496287b30>
32342,2023-09-09 13:00:00,<function <lambda> at 0x7fa4962879f0>,<function <lambda> at 0x7fa496287a90>,<function <lambda> at 0x7fa496287b30>
32343,2023-09-09 14:00:00,<function <lambda> at 0x7fa4962879f0>,<function <lambda> at 0x7fa496287a90>,<function <lambda> at 0x7fa496287b30>
32344,2023-09-09 15:00:00,<function <lambda> at 0x7fa4962879f0>,<function <lambda> at 0x7fa496287a90>,<function <lambda> at 0x7fa496287b30>
32345,2023-09-09 16:00:00,<function <lambda> at 0x7fa4962879f0>,<function <lambda> at 0x7fa496287a90>,<function <lambda> at 0x7fa496287b30>
32346,2023-09-09 17:00:00,<function <lambda> at 0x7fa4962879f0>,<function <lambda> at 0x7fa496287a90>,<function <lambda> at 0x7fa496287b30>
32347,2023-09-09 18:00:00,<function <lambda> at 0x7fa4962879f0>,<function <lambda> at 0x7fa496287a90>,<function <lambda> at 0x7fa496287b30>
32348,2023-09-09 19:00:00,<function <lambda> at 0x7fa4962879f0>,<function <lambda> at 0x7fa496287a90>,<function <lambda> at 0x7fa496287b30>
32349,2023-09-09 20:00:00,<function <lambda> at 0x7fa4962879f0>,<function <lambda> at 0x7fa496287a90>,<function <lambda> at 0x7fa496287b30>
32350,2023-09-09 21:00:00,<function <lambda> at 0x7fa4962879f0>,<function <lambda> at 0x7fa496287a90>,<function <lambda> at 0x7fa496287b30>
32351,2023-09-09 22:00:00,<function <lambda> at 0x7fa4962879f0>,<function <lambda> at 0x7fa496287a90>,<function <lambda> at 0x7fa496287b30>
32352,2023-09-09 23:00:00,<function <lambda> at 0x7fa4962879f0>,<function <lambda> at 0x7fa496287a90>,<function <lambda> at 0x7fa496287b30>
32353,2023-09-10 00:00:00,<function <lambda> at 0x7fa4962879f0>,<function <lambda> at 0x7fa496287a90>,<function <lambda> at 0x7fa496287b30>
32354,2023-09-10 01:00:00,<function <lambda> at 0x7fa4962879f0>,<function <lambda> at 0x7fa496287a90>,<function <lambda> at 0x7fa496287b30>
32355,2023-09-10 02:00:00,<function <lambda> at 0x7fa4962879f0>,<function <lambda> at 0x7fa496287a90>,<function <lambda> at 0x7fa496287b30>
32356,2023-09-10 03:00:00,<function <lambda> at 0x7fa4962879f0>,<function <lambda> at 0x7fa496287a90>,<function <lambda> at 0x7fa496287b30>
32357,2023-09-10 04:00:00,<function <lambda> at 0x7fa4962879f0>,<function <lambda> at 0x7fa496287a90>,<function <lambda> at 0x7fa496287b30>
32358,2023-09-10 05:00:00,<function <lambda> at 0x7fa4962879f0>,<function <lambda> at 0x7fa496287a90>,<function <lambda> at 0x7fa496287b30>
32359,2023-09-10 06:00:00,<function <lambda> at 0x7fa4962879f0>,<function <lambda> at 0x7fa496287a90>,<function <lambda> at 0x7fa496287b30>
32360,2023-09-10 07:00:00,<function <lambda> at 0x7fa4962879f0>,<function <lambda> at 0x7fa496287a90>,<function <lambda> at 0x7fa496287b30>
32361,2023-09-10 08:00:00,<function <lambda> at 0x7fa4962879f0>,<function <lambda> at 0x7fa496287a90>,<function <lambda> at 0x7fa496287b30>
32362,2023-09-10 09:00:00,<function <lambda> at 0x7fa4962879f0>,<function <lambda> at 0x7fa496287a90>,<function <lambda> at 0x7fa496287b30>
32363,2023-09-10 10:00:00,<function <lambda> at 0x7fa4962879f0>,<function <lambda> at 0x7fa496287a90>,<function <lambda> at 0x7fa496287b30>
32364,2023-09-10 11:00:00,<function <lambda> at 0x7fa4962879f0>,<function <lambda> at 0x7fa496287a90>,<function <lambda> at 0x7fa496287b30>
32365,2023-09-10 12:00:00,<function <lambda> at 0x7fa4962879f0>,<function <lambda> at 0x7fa496287a90>,<function <lambda> at 0x7fa496287b30>
32366,2023-09-10 13:00:00,<function <lambda> at 0x7fa4962879f0>,<function <lambda> at 0x7fa496287a90>,<function <lambda> at 0x7fa496287b30>
32367,2023-09-10 14:00:00,<function <lambda> at 0x7fa4962879f0>,<function <lambda> at 0x7fa496287a90>,<function <lambda> at 0x7fa496287b30>
32368,2023-09-10 15:00:00,<function <lambda> at 0x7fa4962879f0>,<function <lambda> at 0x7fa496287a90>,<function <lambda> at 0x7fa496287b30>
32369,2023-09-10 16:00:00,<function <lambda> at 0x7fa4962879f0>,<function <lambda> at 0x7fa496287a90>,<function <lambda> at 0x7fa496287b30>
32370,2023-09-10 17:00:00,<function <lambda> at 0x7fa4962879f0>,<function <lambda> at 0x7fa496287a90>,<function <lambda> at 0x7fa496287b30>
32371,2023-09-10 18:00:00,<function <lambda> at 0x7fa4962879f0>,<function <lambda> at 0x7fa496287a90>,<function <lambda> at 0x7fa496287b30>
32372,2023-09-10 19:00:00,<function <lambda> at 0x7fa4962879f0>,<function <lambda> at 0x7fa496287a90>,<function <lambda> at 0x7fa496287b30>
32373,2023-09-10 20:00:00,<function <lambda> at 0x7fa4962879f0>,<function <lambda> at 0x7fa496287a90>,<function <lambda> at 0x7fa496287b30>
32374,2023-09-10 21:00:00,<function <lambda> at 0x7fa4962879f0>,<function <lambda> at 0x7fa496287a90>,<function <lambda> at 0x7fa496287b30>
32375,2023-09-10 22:00:00,<function <lambda> at 0x7fa4962879f0>,<function <lambda> at 0x7fa496287a90>,<function <lambda> at 0x7fa496287b30>
32376,2023-09-10 23:00:00,<function <lambda> at 0x7fa4962879f0>,<function <lambda> at 0x7fa496287a90>,<function <lambda> at 0x7fa496287b30>
32377,2023-09-11 00:00:00,<function <lambda> at 0x7fa4962879f0>,<function <lambda> at 0x7fa496287a90>,<function <lambda> at 0x7fa496287b30>
32378,2023-09-11 01:00:00,<function <lambda> at 0x7fa4962879f0>,<function <lambda> at 0x7fa496287a90>,<function <lambda> at 0x7fa496287b30>
32379,2023-09-11 02:00:00,<function <lambda> at 0x7fa4962879f0>,<function <lambda> at 0x7fa496287a90>,<function <lambda> at 0x7fa496287b30>
32380,2023-09-11 03:00:00,<function <lambda> at 0x7fa4962879f0>,<function <lambda> at 0x7fa496287a90>,<function <lambda> at 0x7fa496287b30>
32381,2023-09-11 04:00:00,<function <lambda> at 0x7fa4962879f0>,<function <lambda> at 0x7fa496287a90>,<function <lambda> at 0x7fa496287b30>
32382,2023-09-11 05:00:00,<function <lambda> at 0x7fa4962879f0>,<function <lambda> at 0x7fa496287a90>,<function <lambda> at 0x7fa496287b30>
32383,2023-09-11 06:00:00,<function <lambda> at 0x7fa4962879f0>,<function <lambda> at 0x7fa496287a90>,<function <lambda> at 0x7fa496287b30>
32384,2023-09-11 07:00:00,<function <lambda> at 0x7fa4962879f0>,<function <lambda> at 0x7fa496287a90>,<function <lambda> at 0x7fa496287b30>
32385,2023-09-11 08:00:00,<function <lambda> at 0x7fa4962879f0>,<function <lambda> at 0x7fa496287a90>,<function <lambda> at 0x7fa496287b30>
32386,2023-09-11 09:00:00,<function <lambda> at 0x7fa4962879f0>,<function <lambda> at 0x7fa496287a90>,<function <lambda> at 0x7fa496287b30>
32387,2023-09-11 10:00:00,<function <lambda> at 0x7fa4962879f0>,<function <lambda> at 0x7fa496287a90>,<function <lambda> at 0x7fa496287b30>
32388,2023-09-11 11:00:00,<function <lambda> at 0x7fa4962879f0>,<function <lambda> at 0x7fa496287a90>,<function <lambda> at 0x7fa496287b30>
32389,2023-09-11 12:00:00,<function <lambda> at 0x7fa4962879f0>,<function <lambda> at 0x7fa496287a90>,<function <lambda> at 0x7fa496287b30>
32390,2023-09-11 13:00:00,<function <lambda> at 0x7fa4962879f0>,<function <lambda> at 0x7fa496287a90>,<function <lambda> at 0x7fa496287b30>
32391,2023-09-11 14:00:00,<function <lambda> at 0x7fa4962879f0>,<function <lambda> at 0x7fa496287a90>,<function <lambda> at 0x7fa496287b30>
32392,2023-09-11 15:00:00,<function <lambda> at 0x7fa4962879f0>,<function <lambda> at 0x7fa496287a90>,<function <lambda> at 0x7fa496287b30>
32393,2023-09-11 16:00:00,<function <lambda> at 0x7fa4962879f0>,<function <lambda> at 0x7fa496287a90>,<function <lambda> at 0x7fa496287b30>
32394,2023-09-11 17:00:00,<function <lambda> at 0x7fa4962879f0>,<function <lambda> at 0x7fa496287a90>,<function <lambda> at 0x7fa496287b30>
32395,2023-09-11 18:00:00,<function <lambda> at 0x7fa4962879f0>,<function <lambda> at 0x7fa496287a90>,<function <lambda> at 0x7fa496287b30>
32396,2023-09-11 19:00:00,<function <lambda> at 0x7fa4962879f0>,<function <lambda> at 0x7fa496287a90>,<function <lambda> at 0x7fa496287b30>
32397,2023-09-11 20:00:00,<function <lambda> at 0x7fa4962879f0>,<function <lambda> at 0x7fa496287a90>,<function <lambda> at 0x7fa496287b30>
32398,2023-09-11 21:00:00,<function <lambda> at 0x7fa4962879f0>,<function <lambda> at 0x7fa496287a90>,<function <lambda> at 0x7fa496287b30>
32399,2023-09-11 22:00:00,<function <lambda> at 0x7fa4962879f0>,<function <lambda> at 0x7fa496287a90>,<function <lambda> at 0x7fa496287b30>
32400,2023-09-11 23:00:00,<function <lambda> at 0x7fa4962879f0>,<function <lambda> at 0x7fa496287a90>,<function <lambda> at 0x7fa496287b30>
32401,2023-09-12 00:00:00,<function <lambda> at 0x7fa4962879f0>,<function <lambda> at 0x7fa496287a90>,<function <lambda> at 0x7fa496287b30>
32402,2023-09-12 01:00:00,<function <lambda> at 0x7fa4962879f0>,<function <lambda> at 0x7fa496287a90>,<function <lambda> at 0x7fa496287b30>
32403,2023-09-12 02:00:00,<function <lambda> at 0x7fa4962879f0>,<function <lambda> at 0x7fa496287a90>,<function <lambda> at 0x7fa496287b30>
32404,2023-09-12 03:00:00,<function <lambda> at 0x7fa4962879f0>,<function <lambda> at 0x7fa496287a90>,<function <lambda> at 0x7fa496287b30>
32405,2023-09-12 04:00:00,<function <lambda> at 0x7fa4962879f0>,<function <lambda> at 0x7fa496287a90>,<function <lambda> at 0x7fa496287b30>
32406,2023-09-12 05:00:00,<function <lambda> at 0x7fa4962879f0>,<function <lambda> at 0x7fa496287a90>,<function <lambda> at 0x7fa496287b30>
32407,2023-09-12 06:00:00,<function <lambda> at 0x7fa4962879f0>,<function <lambda> at 0x7fa496287a90>,<function <lambda> at 0x7fa496287b30>
32408,2023-09-12 07:00:00,<function <lambda> at 0x7fa4962879f0>,<function <lambda> at 0x7fa496287a90>,<function <lambda> at 0x7fa496287b30>
32409,2023-09-12 08:00:00,<function <lambda> at 0x7fa4962879f0>,<function <lambda> at 0x7fa496287a90>,<function <lambda> at 0x7fa496287b30>
32410,2023-09-12 09:00:00,<function <lambda> at 0x7fa4962879f0>,<function <lambda> at 0x7fa496287a90>,<function <lambda> at 0x7fa496287b30>
32411,2023-09-12 10:00:00,<function <lambda> at 0x7fa4962879f0>,<function <lambda> at 0x7fa496287a90>,<function <lambda> at 0x7fa496287b30>
32412,2023-09-12 11:00:00,<function <lambda> at 0x7fa4962879f0>,<function <lambda> at 0x7fa496287a90>,<function <lambda> at 0x7fa496287b30>
32413,2023-09-12 12:00:00,<function <lambda> at 0x7fa4962879f0>,<function <lambda> at 0x7fa496287a90>,<function <lambda> at 0x7fa496287b30>
32414,2023-09-12 13:00:00,<function <lambda> at 0x7fa4962879f0>,<function <lambda> at 0x7fa496287a90>,<function <lambda> at 0x7fa496287b30>
32415,2023-09-12 14:00:00,<function <lambda> at 0x7fa4962879f0>,<function <lambda> at 0x7fa496287a90>,<function <lambda> at 0x7fa496287b30>
32416,2023-09-12 15:00:00,<function <lambda> at 0x7fa4962879f0>,<function <lambda> at 0x7fa496287a90>,<function <lambda> at 0x7fa496287b30>
32417,2023-09-12 16:00:00,<function <lambda> at 0x7fa4962879f0>,<function <lambda> at 0x7fa496287a90>,<function <lambda> at 0x7fa496287b30>
32418,2023-09-12 17:00:00,<function <lambda> at 0x7fa4962879f0>,<function <lambda> at 0x7fa496287a90>,<function <lambda> at 0x7fa496287b30>
32419,2023-09-12 18:00:00,<function <lambda> at 0x7fa4962879f0>,<function <lambda> at 0x7fa496287a90>,<function <lambda> at 0x7fa496287b30>
32420,2023-09-12 19:00:00,<function <lambda> at 0x7fa4962879f0>,<function <lambda> at 0x7fa496287a90>,<function <lambda> at 0x7fa496287b30>
32421,2023-09-12 20:00:00,<function <lambda> at 0x7fa4962879f0>,<function <lambda> at 0x7fa496287a90>,<function <lambda> at 0x7fa496287b30>
32422,2023-09-12 21:00:00,<function <lambda> at 0x7fa4962879f0>,<function <lambda> at 0x7fa496287a90>,<function <lambda> at 0x7fa496287b30>
32423,2023-09-12 22:00:00,<function <lambda> at 0x7fa4962879f0>,<function <lambda> at 0x7fa496287a90>,<function <lambda> at 0x7fa496287b30>
32424,2023-09-12 23:00:00,<function <lambda> at 0x7fa4962879f0>,<function <lambda> at 0x7fa496287a90>,<function <lambda> at 0x7fa496287b30>
32425,2023-09-13 00:00:00,<function <lambda> at 0x7fa4962879f0>,<function <lambda> at 0x7fa496287a90>,<function <lambda> at 0x7fa496287b30>
32426,2023-09-13 01:00:00,<function <lambda> at 0x7fa4962879f0>,<function <lambda> at 0x7fa496287a90>,<function <lambda> at 0x7fa496287b30>
32427,2023-09-13 02:00:00,<function <lambda> at 0x7fa4962879f0>,<function <lambda> at 0x7fa496287a90>,<function <lambda> at 0x7fa496287b30>
32428,2023-09-13 03:00:00,<function <lambda> at 0x7fa4962879f0>,<function <lambda> at 0x7fa496287a90>,<function <lambda> at 0x7fa496287b30>
32429,2023-09-13 04:00:00,<function <lambda> at 0x7fa4962879f0>,<function <lambda> at 0x7fa496287a90>,<function <lambda> at 0x7fa496287b30>
32430,2023-09-13 05:00:00,<function <lambda> at 0x7fa4962879f0>,<function <lambda> at 0x7fa496287a90>,<function <lambda> at 0x7fa496287b30>
32431,2023-09-13 06:00:00,<function <lambda> at 0x7fa4962879f0>,<function <lambda> at 0x7fa496287a90>,<function <lambda> at 0x7fa496287b30>
32432,2023-09-13 07:00:00,<function <lambda> at 0x7fa4962879f0>,<function <lambda> at 0x7fa496287a90>,<function <lambda> at 0x7fa496287b30>
32433,2023-09-13 08:00:00,<function <lambda> at 0x7fa4962879f0>,<function <lambda> at 0x7fa496287a90>,<function <lambda> at 0x7fa496287b30>
32434,2023-09-13 09:00:00,<function <lambda> at 0x7fa4962879f0>,<function <lambda> at 0x7fa496287a90>,<function <lambda> at 0x7fa496287b30>
32435,2023-09-13 10:00:00,<function <lambda> at 0x7fa4962879f0>,<function <lambda> at 0x7fa496287a90>,<function <lambda> at 0x7fa496287b30>
32436,2023-09-13 11:00:00,<function <lambda> at 0x7fa4962879f0>,<function <lambda> at 0x7fa496287a90>,<function <lambda> at 0x7fa496287b30>
32437,2023-09-13 12:00:00,<function <lambda> at 0x7fa4962879f0>,<function <lambda> at 0x7fa496287a90>,<function <lambda> at 0x7fa496287b30>
32438,2023-09-13 13:00:00,<function <lambda> at 0x7fa4962879f0>,<function <lambda> at 0x7fa496287a90>,<function <lambda> at 0x7fa496287b30>
32439,2023-09-13 14:00:00,<function <lambda> at 0x7fa4962879f0>,<function <lambda> at 0x7fa496287a90>,<function <lambda> at 0x7fa496287b30>
32440,2023-09-13 15:00:00,<function <lambda> at 0x7fa4962879f0>,<function <lambda> at 0x7fa496287a90>,<function <lambda> at 0x7fa496287b30>
32441,2023-09-13 16:00:00,<function <lambda> at 0x7fa4962879f0>,<function <lambda> at 0x7fa496287a90>,<function <lambda> at 0x7fa496287b30>
32442,2023-09-13 17:00:00,<function <lambda> at 0x7fa4962879f0>,<function <lambda> at 0x7fa496287a90>,<function <lambda> at 0x7fa496287b30>
32443,2023-09-13 18:00:00,<function <lambda> at 0x7fa4962879f0>,<function <lambda> at 0x7fa496287a90>,<function <lambda> at 0x7fa496287b30>
32444,2023-09-13 19:00:00,<function <lambda> at 0x7fa4962879f0>,<function <lambda> at 0x7fa496287a90>,<function <lambda> at 0x7fa496287b30>
32445,2023-09-13 20:00:00,<function <lambda> at 0x7fa4962879f0>,<function <lambda> at 0x7fa496287a90>,<function <lambda> at 0x7fa496287b30>
32446,2023-09-13 21:00:00,<function <lambda> at 0x7fa4962879f0>,<function <lambda> at 0x7fa496287a90>,<function <lambda> at 0x7fa496287b30>
32447,2023-09-13 22:00:00,<function <lambda> at 0x7fa4962879f0>,<function <lambda> at 0x7fa496287a90>,<function <lambda> at 0x7fa496287b30>
32448,2023-09-13 23:00:00,<function <lambda> at 0x7fa4962879f0>,<function <lambda> at 0x7fa496287a90>,<function <lambda> at 0x7fa496287b30>
32449,2023-09-14 00:00:00,<function <lambda> at 0x7fa4962879f0>,<function <lambda> at 0x7fa496287a90>,<function <lambda> at 0x7fa496287b30>
32450,2023-09-14 01:00:00,<function <lambda> at 0x7fa4962879f0>,<function <lambda> at 0x7fa496287a90>,<function <lambda> at 0x7fa496287b30>
32451,2023-09-14 02:00:00,<function <lambda> at 0x7fa4962879f0>,<function <lambda> at 0x7fa496287a90>,<function <lambda> at 0x7fa496287b30>
32452,2023-09-14 03:00:00,<function <lambda> at 0x7fa4962879f0>,<function <lambda> at 0x7fa496287a90>,<function <lambda> at 0x7fa496287b30>
32453,2023-09-14 04:00:00,<function <lambda> at 0x7fa4962879f0>,<function <lambda> at 0x7fa496287a90>,<function <lambda> at 0x7fa496287b30>
32454,2023-09-14 05:00:00,<function <lambda> at 0x7fa4962879f0>,<function <lambda> at 0x7fa496287a90>,<function <lambda> at 0x7fa496287b30>
32455,2023-09-14 06:00:00,<function <lambda> at 0x7fa4962879f0>,<function <lambda> at 0x7fa496287a90>,<function <lambda> at 0x7fa496287b30>
32456,2023-09-14 07:00:00,<function <lambda> at 0x7fa4962879f0>,<function <lambda> at 0x7fa496287a90>,<function <lambda> at 0x7fa496287b30>
32457,2023-09-14 08:00:00,<function <lambda> at 0x7fa4962879f0>,<function <lambda> at 0x7fa496287a90>,<function <lambda> at 0x7fa496287b30>
32458,2023-09-14 09:00:00,<function <lambda> at 0x7fa4962879f0>,<function <lambda> at 0x7fa496287a90>,<function <lambda> at 0x7fa496287b30>
32459,2023-09-14 10:00:00,<function <lambda> at 0x7fa4962879f0>,<function <lambda> at 0x7fa496287a90>,<function <lambda> at 0x7fa496287b30>
32460,2023-09-14 11:00:00,<function <lambda> at 0x7fa4962879f0>,<function <lambda> at 0x7fa496287a90>,<function <lambda> at 0x7fa496287b30>
32461,2023-09-14 12:00:00,<function <lambda> at 0x7fa4962879f0>,<function <lambda> at 0x7fa496287a90>,<function <lambda> at 0x7fa496287b30>
32462,2023-09-14 13:00:00,<function <lambda> at 0x7fa4962879f0>,<function <lambda> at 0x7fa496287a90>,<function <lambda> at 0x7fa496287b30>
32463,2023-09-14 14:00:00,<function <lambda> at 0x7fa4962879f0>,<function <lambda> at 0x7fa496287a90>,<function <lambda> at 0x7fa496287b30>
32464,2023-09-14 15:00:00,<function <lambda> at 0x7fa4962879f0>,<function <lambda> at 0x7fa496287a90>,<function <lambda> at 0x7fa496287b30>
32465,2023-09-14 16:00:00,<function <lambda> at 0x7fa4962879f0>,<function <lambda> at 0x7fa496287a90>,<function <lambda> at 0x7fa496287b30>
32466,2023-09-14 17:00:00,<function <lambda> at 0x7fa4962879f0>,<function <lambda> at 0x7fa496287a90>,<function <lambda> at 0x7fa496287b30>
32467,2023-09-14 18:00:00,<function <lambda> at 0x7fa4962879f0>,<function <lambda> at 0x7fa496287a90>,<function <lambda> at 0x7fa496287b30>
32468,2023-09-14 19:00:00,<function <lambda> at 0x7fa4962879f0>,<function <lambda> at 0x7fa496287a90>,<function <lambda> at 0x7fa496287b30>
32469,2023-09-14 20:00:00,<function <lambda> at 0x7fa4962879f0>,<function <lambda> at 0x7fa496287a90>,<function <lambda> at 0x7fa496287b30>
32470,2023-09-14 21:00:00,<function <lambda> at 0x7fa4962879f0>,<function <lambda> at 0x7fa496287a90>,<function <lambda> at 0x7fa496287b30>
32471,2023-09-14 22:00:00,<function <lambda> at 0x7fa4962879f0>,<function <lambda> at 0x7fa496287a90>,<function <lambda> at 0x7fa496287b30>
32472,2023-09-14 23:00:00,<function <lambda> at 0x7fa4962879f0>,<function <lambda> at 0x7fa496287a90>,<function <lambda> at 0x7fa496287b30>
32473,2023-09-15 00:00:00,<function <lambda> at 0x7fa4962879f0>,<function <lambda> at 0x7fa496287a90>,<function <lambda> at 0x7fa496287b30>
32474,2023-09-15 01:00:00,<function <lambda> at 0x7fa4962879f0>,<function <lambda> at 0x7fa496287a90>,<function <lambda> at 0x7fa496287b30>
32475,2023-09-15 02:00:00,<function <lambda> at 0x7fa4962879f0>,<function <lambda> at 0x7fa496287a90>,<function <lambda> at 0x7fa496287b30>
32476,2023-09-15 03:00:00,<function <lambda> at 0x7fa4962879f0>,<function <lambda> at 0x7fa496287a90>,<function <lambda> at 0x7fa496287b30>
32477,2023-09-15 04:00:00,<function <lambda> at 0x7fa4962879f0>,<function <lambda> at 0x7fa496287a90>,<function <lambda> at 0x7fa496287b30>
32478,2023-09-15 05:00:00,<function <lambda> at 0x7fa4962879f0>,<function <lambda> at 0x7fa496287a90>,<function <lambda> at 0x7fa496287b30>
32479,2023-09-15 06:00:00,<function <lambda> at 0x7fa4962879f0>,<function <lambda> at 0x7fa496287a90>,<function <lambda> at 0x7fa496287b30>
32480,2023-09-15 07:00:00,<function <lambda> at 0x7fa4962879f0>,<function <lambda> at 0x7fa496287a90>,<function <lambda> at 0x7fa496287b30>
32481,2023-09-15 08:00:00,<function <lambda> at 0x7fa4962879f0>,<function <lambda> at 0x7fa496287a90>,<function <lambda> at 0x7fa496287b30>
32482,2023-09-15 09:00:00,<function <lambda> at 0x7fa4962879f0>,<function <lambda> at 0x7fa496287a90>,<function <lambda> at 0x7fa496287b30>
32483,2023-09-15 10:00:00,<function <lambda> at 0x7fa4962879f0>,<function <lambda> at 0x7fa496287a90>,<function <lambda> at 0x7fa496287b30>
32484,2023-09-15 11:00:00,<function <lambda> at 0x7fa4962879f0>,<function <lambda> at 0x7fa496287a90>,<function <lambda> at 0x7fa496287b30>
32485,2023-09-15 12:00:00,<function <lambda> at 0x7fa4962879f0>,<function <lambda> at 0x7fa496287a90>,<function <lambda> at 0x7fa496287b30>
32486,2023-09-15 13:00:00,<function <lambda> at 0x7fa4962879f0>,<function <lambda> at 0x7fa496287a90>,<function <lambda> at 0x7fa496287b30>
32487,2023-09-15 14:00:00,<function <lambda> at 0x7fa4962879f0>,<function <lambda> at 0x7fa496287a90>,<function <lambda> at 0x7fa496287b30>
32488,2023-09-15 15:00:00,<function <lambda> at 0x7fa4962879f0>,<function <lambda> at 0x7fa496287a90>,<function <lambda> at 0x7fa496287b30>
32489,2023-09-15 16:00:00,<function <lambda> at 0x7fa4962879f0>,<function <lambda> at 0x7fa496287a90>,<function <lambda> at 0x7fa496287b30>
32490,2023-09-15 17:00:00,<function <lambda> at 0x7fa4962879f0>,<function <lambda> at 0x7fa496287a90>,<function <lambda> at 0x7fa496287b30>
32491,2023-09-15 18:00:00,<function <lambda> at 0x7fa4962879f0>,<function <lambda> at 0x7fa496287a90>,<function <lambda> at 0x7fa496287b30>
32492,2023-09-15 19:00:00,<function <lambda> at 0x7fa4962879f0>,<function <lambda> at 0x7fa496287a90>,<function <lambda> at 0x7fa496287b30>
32493,2023-09-15 20:00:00,<function <lambda> at 0x7fa4962879f0>,<function <lambda> at 0x7fa496287a90>,<function <lambda> at 0x7fa496287b30>
32494,2023-09-15 21:00:00,<function <lambda> at 0x7fa4962879f0>,<function <lambda> at 0x7fa496287a90>,<function <lambda> at 0x7fa496287b30>
32495,2023-09-15 22:00:00,<function <lambda> at 0x7fa4962879f0>,<function <lambda> at 0x7fa496287a90>,<function <lambda> at 0x7fa496287b30>
32496,2023-09-15 23:00:00,<function <lambda> at 0x7fa4962879f0>,<function <lambda> at 0x7fa496287a90>,<function <lambda> at 0x7fa496287b30>
32497,2023-09-16 00:00:00,<function <lambda> at 0x7fa4962879f0>,<function <lambda> at 0x7fa496287a90>,<function <lambda> at 0x7fa496287b30>
32498,2023-09-16 01:00:00,<function <lambda> at 0x7fa4962879f0>,<function <lambda> at 0x7fa496287a90>,<function <lambda> at 0x7fa496287b30>
32499,2023-09-16 02:00:00,<function <lambda> at 0x7fa4962879f0>,<function <lambda> at 0x7fa496287a90>,<function <lambda> at 0x7fa496287b30>
32500,2023-09-16 03:00:00,<function <lambda> at 0x7fa4962879f0>,<function <lambda> at 0x7fa496287a90>,<function <lambda> at 0x7fa496287b30>
32501,2023-09-16 04:00:00,<function <lambda> at 0x7fa4962879f0>,<function <lambda> at 0x7fa496287a90>,<function <lambda> at 0x7fa496287b30>
32502,2023-09-16 05:00:00,<function <lambda> at 0x7fa4962879f0>,<function <lambda> at 0x7fa496287a90>,<function <lambda> at 0x7fa496287b30>
32503,2023-09-16 06:00:00,<function <lambda> at 0x7fa4962879f0>,<function <lambda> at 0x7fa496287a90>,<function <lambda> at 0x7fa496287b30>
32504,2023-09-16 07:00:00,<function <lambda> at 0x7fa4962879f0>,<function <lambda> at 0x7fa496287a90>,<function <lambda> at 0x7fa496287b30>
32505,2023-09-16 08:00:00,<function <lambda> at 0x7fa4962879f0>,<function <lambda> at 0x7fa496287a90>,<function <lambda> at 0x7fa496287b30>
32506,2023-09-16 09:00:00,<function <lambda> at 0x7fa4962879f0>,<function <lambda> at 0x7fa496287a90>,<function <lambda> at 0x7fa496287b30>
32507,2023-09-16 10:00:00,<function <lambda> at 0x7fa4962879f0>,<function <lambda> at 0x7fa496287a90>,<function <lambda> at 0x7fa496287b30>
32508,2023-09-16 11:00:00,<function <lambda> at 0x7fa4962879f0>,<function <lambda> at 0x7fa496287a90>,<function <lambda> at 0x7fa496287b30>
32509,2023-09-16 12:00:00,<function <lambda> at 0x7fa4962879f0>,<function <lambda> at 0x7fa496287a90>,<function <lambda> at 0x7fa496287b30>
32510,2023-09-16 13:00:00,<function <lambda> at 0x7fa4962879f0>,<function <lambda> at 0x7fa496287a90>,<function <lambda> at 0x7fa496287b30>
32511,2023-09-16 14:00:00,<function <lambda> at 0x7fa4962879f0>,<function <lambda> at 0x7fa496287a90>,<function <lambda> at 0x7fa496287b30>
32512,2023-09-16 15:00:00,<function <lambda> at 0x7fa4962879f0>,<function <lambda> at 0x7fa496287a90>,<function <lambda> at 0x7fa496287b30>
32513,2023-09-16 16:00:00,<function <lambda> at 0x7fa4962879f0>,<function <lambda> at 0x7fa496287a90>,<function <lambda> at 0x7fa496287b30>
32514,2023-09-16 17:00:00,<function <lambda> at 0x7fa4962879f0>,<function <lambda> at 0x7fa496287a90>,<function <lambda> at 0x7fa496287b30>
32515,2023-09-16 18:00:00,<function <lambda> at 0x7fa4962879f0>,<function <lambda> at 0x7fa496287a90>,<function <lambda> at 0x7fa496287b30>
32516,2023-09-16 19:00:00,<function <lambda> at 0x7fa4962879f0>,<function <lambda> at 0x7fa496287a90>,<function <lambda> at 0x7fa496287b30>
32517,2023-09-16 20:00:00,<function <lambda> at 0x7fa4962879f0>,<function <lambda> at 0x7fa496287a90>,<function <lambda> at 0x7fa496287b30>
32518,2023-09-16 21:00:00,<function <lambda> at 0x7fa4962879f0>,<function <lambda> at 0x7fa496287a90>,<function <lambda> at 0x7fa496287b30>
32519,2023-09-16 22:00:00,<function <lambda> at 0x7fa4962879f0>,<function <lambda> at 0x7fa496287a90>,<function <lambda> at 0x7fa496287b30>
32520,2023-09-16 23:00:00,<function <lambda> at 0x7fa4962879f0>,<function <lambda> at 0x7fa496287a90>,<function <lambda> at 0x7fa496287b30>
32521,2023-09-17 00:00:00,<function <lambda> at 0x7fa4962879f0>,<function <lambda> at 0x7fa496287a90>,<function <lambda> at 0x7fa496287b30>
32522,2023-09-17 01:00:00,<function <lambda> at 0x7fa4962879f0>,<function <lambda> at 0x7fa496287a90>,<function <lambda> at 0x7fa496287b30>
32523,2023-09-17 02:00:00,<function <lambda> at 0x7fa4962879f0>,<function <lambda> at 0x7fa496287a90>,<function <lambda> at 0x7fa496287b30>
32524,2023-09-17 03:00:00,<function <lambda> at 0x7fa4962879f0>,<function <lambda> at 0x7fa496287a90>,<function <lambda> at 0x7fa496287b30>
32525,2023-09-17 04:00:00,<function <lambda> at 0x7fa4962879f0>,<function <lambda> at 0x7fa496287a90>,<function <lambda> at 0x7fa496287b30>
32526,2023-09-17 05:00:00,<function <lambda> at 0x7fa4962879f0>,<function <lambda> at 0x7fa496287a90>,<function <lambda> at 0x7fa496287b30>
32527,2023-09-17 06:00:00,<function <lambda> at 0x7fa4962879f0>,<function <lambda> at 0x7fa496287a90>,<function <lambda> at 0x7fa496287b30>
32528,2023-09-17 07:00:00,<function <lambda> at 0x7fa4962879f0>,<function <lambda> at 0x7fa496287a90>,<function <lambda> at 0x7fa496287b30>
32529,2023-09-17 08:00:00,<function <lambda> at 0x7fa4962879f0>,<function <lambda> at 0x7fa496287a90>,<function <lambda> at 0x7fa496287b30>
32530,2023-09-17 09:00:00,<function <lambda> at 0x7fa4962879f0>,<function <lambda> at 0x7fa496287a90>,<function <lambda> at 0x7fa496287b30>
32531,2023-09-17 10:00:00,<function <lambda> at 0x7fa4962879f0>,<function <lambda> at 0x7fa496287a90>,<function <lambda> at 0x7fa496287b30>
32532,2023-09-17 11:00:00,<function <lambda> at 0x7fa4962879f0>,<function <lambda> at 0x7fa496287a90>,<function <lambda> at 0x7fa496287b30>
32533,2023-09-17 12:00:00,<function <lambda> at 0x7fa4962879f0>,<function <lambda> at 0x7fa496287a90>,<function <lambda> at 0x7fa496287b30>
32534,2023-09-17 13:00:00,<function <lambda> at 0x7fa4962879f0>,<function <lambda> at 0x7fa496287a90>,<function <lambda> at 0x7fa496287b30>
32535,2023-09-17 14:00:00,<function <lambda> at 0x7fa4962879f0>,<function <lambda> at 0x7fa496287a90>,<function <lambda> at 0x7fa496287b30>
32536,2023-09-17 15:00:00,<function <lambda> at 0x7fa4962879f0>,<function <lambda> at 0x7fa496287a90>,<function <lambda> at 0x7fa496287b30>
32537,2023-09-17 16:00:00,<function <lambda> at 0x7fa4962879f0>,<function <lambda> at 0x7fa496287a90>,<function <lambda> at 0x7fa496287b30>
32538,2023-09-17 17:00:00,<function <lambda> at 0x7fa4962879f0>,<function <lambda> at 0x7fa496287a90>,<function <lambda> at 0x7fa496287b30>
32539,2023-09-17 18:00:00,<function <lambda> at 0x7fa4962879f0>,<function <lambda> at 0x7fa496287a90>,<function <lambda> at 0x7fa496287b30>
32540,2023-09-17 19:00:00,<function <lambda> at 0x7fa4962879f0>,<function <lambda> at 0x7fa496287a90>,<function <lambda> at 0x7fa496287b30>
32541,2023-09-17 20:00:00,<function <lambda> at 0x7fa4962879f0>,<function <lambda> at 0x7fa496287a90>,<function <lambda> at 0x7fa496287b30>
32542,2023-09-17 21:00:00,<function <lambda> at 0x7fa4962879f0>,<function <lambda> at 0x7fa496287a90>,<function <lambda> at 0x7fa496287b30>
32543,2023-09-17 22:00:00,<function <lambda> at 0x7fa4962879f0>,<function <lambda> at 0x7fa496287a90>,<function <lambda> at 0x7fa496287b30>
32544,2023-09-17 23:00:00,<function <lambda> at 0x7fa4962879f0>,<function <lambda> at 0x7fa496287a90>,<function <lambda> at 0x7fa496287b30>
32545,2023-09-18 00:00:00,<function <lambda> at 0x7fa4962879f0>,<function <lambda> at 0x7fa496287a90>,<function <lambda> at 0x7fa496287b30>
32546,2023-09-18 01:00:00,<function <lambda> at 0x7fa4962879f0>,<function <lambda> at 0x7fa496287a90>,<function <lambda> at 0x7fa496287b30>
32547,2023-09-18 02:00:00,<function <lambda> at 0x7fa4962879f0>,<function <lambda> at 0x7fa496287a90>,<function <lambda> at 0x7fa496287b30>
32548,2023-09-18 03:00:00,<function <lambda> at 0x7fa4962879f0>,<function <lambda> at 0x7fa496287a90>,<function <lambda> at 0x7fa496287b30>
32549,2023-09-18 04:00:00,<function <lambda> at 0x7fa4962879f0>,<function <lambda> at 0x7fa496287a90>,<function <lambda> at 0x7fa496287b30>
32550,2023-09-18 05:00:00,<function <lambda> at 0x7fa4962879f0>,<function <lambda> at 0x7fa496287a90>,<function <lambda> at 0x7fa496287b30>
32551,2023-09-18 06:00:00,<function <lambda> at 0x7fa4962879f0>,<function <lambda> at 0x7fa496287a90>,<function <lambda> at 0x7fa496287b30>
32552,2023-09-18 07:00:00,<function <lambda> at 0x7fa4962879f0>,<function <lambda> at 0x7fa496287a90>,<function <lambda> at 0x7fa496287b30>
32553,2023-09-18 08:00:00,<function <lambda> at 0x7fa4962879f0>,<function <lambda> at 0x7fa496287a90>,<function <lambda> at 0x7fa496287b30>
32554,2023-09-18 09:00:00,<function <lambda> at 0x7fa4962879f0>,<function <lambda> at 0x7fa496287a90>,<function <lambda> at 0x7fa496287b30>
32555,2023-09-18 10:00:00,<function <lambda> at 0x7fa4962879f0>,<function <lambda> at 0x7fa496287a90>,<function <lambda> at 0x7fa496287b30>
32556,2023-09-18 11:00:00,<function <lambda> at 0x7fa4962879f0>,<function <lambda> at 0x7fa496287a90>,<function <lambda> at 0x7fa496287b30>
32557,2023-09-18 12:00:00,<function <lambda> at 0x7fa4962879f0>,<function <lambda> at 0x7fa496287a90>,<function <lambda> at 0x7fa496287b30>
32558,2023-09-18 13:00:00,<function <lambda> at 0x7fa4962879f0>,<function <lambda> at 0x7fa496287a90>,<function <lambda> at 0x7fa496287b30>
32559,2023-09-18 14:00:00,<function <lambda> at 0x7fa4962879f0>,<function <lambda> at 0x7fa496287a90>,<function <lambda> at 0x7fa496287b30>
32560,2023-09-18 15:00:00,<function <lambda> at 0x7fa4962879f0>,<function <lambda> at 0x7fa496287a90>,<function <lambda> at 0x7fa496287b30>
32561,2023-09-18 16:00:00,<function <lambda> at 0x7fa4962879f0>,<function <lambda> at 0x7fa496287a90>,<function <lambda> at 0x7fa496287b30>
32562,2023-09-18 17:00:00,<function <lambda> at 0x7fa4962879f0>,<function <lambda> at 0x7fa496287a90>,<function <lambda> at 0x7fa496287b30>
32563,2023-09-18 18:00:00,<function <lambda> at 0x7fa4962879f0>,<function <lambda> at 0x7fa496287a90>,<function <lambda> at 0x7fa496287b30>
32564,2023-09-18 19:00:00,<function <lambda> at 0x7fa4962879f0>,<function <lambda> at 0x7fa496287a90>,<function <lambda> at 0x7fa496287b30>
32565,2023-09-18 20:00:00,<function <lambda> at 0x7fa4962879f0>,<function <lambda> at 0x7fa496287a90>,<function <lambda> at 0x7fa496287b30>
32566,2023-09-18 21:00:00,<function <lambda> at 0x7fa4962879f0>,<function <lambda> at 0x7fa496287a90>,<function <lambda> at 0x7fa496287b30>
32567,2023-09-18 22:00:00,<function <lambda> at 0x7fa4962879f0>,<function <lambda> at 0x7fa496287a90>,<function <lambda> at 0x7fa496287b30>
32568,2023-09-18 23:00:00,<function <lambda> at 0x7fa4962879f0>,<function <lambda> at 0x7fa496287a90>,<function <lambda> at 0x7fa496287b30>
32569,2023-09-19 00:00:00,<function <lambda> at 0x7fa4962879f0>,<function <lambda> at 0x7fa496287a90>,<function <lambda> at 0x7fa496287b30>
32570,2023-09-19 01:00:00,<function <lambda> at 0x7fa4962879f0>,<function <lambda> at 0x7fa496287a90>,<function <lambda> at 0x7fa496287b30>
32571,2023-09-19 02:00:00,<function <lambda> at 0x7fa4962879f0>,<function <lambda> at 0x7fa496287a90>,<function <lambda> at 0x7fa496287b30>
32572,2023-09-19 03:00:00,<function <lambda> at 0x7fa4962879f0>,<function <lambda> at 0x7fa496287a90>,<function <lambda> at 0x7fa496287b30>
32573,2023-09-19 04:00:00,<function <lambda> at 0x7fa4962879f0>,<function <lambda> at 0x7fa496287a90>,<function <lambda> at 0x7fa496287b30>
32574,2023-09-19 05:00:00,<function <lambda> at 0x7fa4962879f0>,<function <lambda> at 0x7fa496287a90>,<function <lambda> at 0x7fa496287b30>
32575,2023-09-19 06:00:00,<function <lambda> at 0x7fa4962879f0>,<function <lambda> at 0x7fa496287a90>,<function <lambda> at 0x7fa496287b30>
32576,2023-09-19 07:00:00,<function <lambda> at 0x7fa4962879f0>,<function <lambda> at 0x7fa496287a90>,<function <lambda> at 0x7fa496287b30>
32577,2023-09-19 08:00:00,<function <lambda> at 0x7fa4962879f0>,<function <lambda> at 0x7fa496287a90>,<function <lambda> at 0x7fa496287b30>
32578,2023-09-19 09:00:00,<function <lambda> at 0x7fa4962879f0>,<function <lambda> at 0x7fa496287a90>,<function <lambda> at 0x7fa496287b30>
32579,2023-09-19 10:00:00,<function <lambda> at 0x7fa4962879f0>,<function <lambda> at 0x7fa496287a90>,<function <lambda> at 0x7fa496287b30>
32580,2023-09-19 11:00:00,<function <lambda> at 0x7fa4962879f0>,<function <lambda> at 0x7fa496287a90>,<function <lambda> at 0x7fa496287b30>
32581,2023-09-19 12:00:00,<function <lambda> at 0x7fa4962879f0>,<function <lambda> at 0x7fa496287a90>,<function <lambda> at 0x7fa496287b30>
32582,2023-09-19 13:00:00,<function <lambda> at 0x7fa4962879f0>,<function <lambda> at 0x7fa496287a90>,<function <lambda> at 0x7fa496287b30>
32583,2023-09-19 14:00:00,<function <lambda> at 0x7fa4962879f0>,<function <lambda> at 0x7fa496287a90>,<function <lambda> at 0x7fa496287b30>
32584,2023-09-19 15:00:00,<function <lambda> at 0x7fa4962879f0>,<function <lambda> at 0x7fa496287a90>,<function <lambda> at 0x7fa496287b30>
32585,2023-09-19 16:00:00,<function <lambda> at 0x7fa4962879f0>,<function <lambda> at 0x7fa496287a90>,<function <lambda> at 0x7fa496287b30>
32586,2023-09-19 17:00:00,<function <lambda> at 0x7fa4962879f0>,<function <lambda> at 0x7fa496287a90>,<function <lambda> at 0x7fa496287b30>
32587,2023-09-19 18:00:00,<function <lambda> at 0x7fa4962879f0>,<function <lambda> at 0x7fa496287a90>,<function <lambda> at 0x7fa496287b30>
32588,2023-09-19 19:00:00,<function <lambda> at 0x7fa4962879f0>,<function <lambda> at 0x7fa496287a90>,<function <lambda> at 0x7fa496287b30>
32589,2023-09-19 20:00:00,<function <lambda> at 0x7fa4962879f0>,<function <lambda> at 0x7fa496287a90>,<function <lambda> at 0x7fa496287b30>
32590,2023-09-19 21:00:00,<function <lambda> at 0x7fa4962879f0>,<function <lambda> at 0x7fa496287a90>,<function <lambda> at 0x7fa496287b30>
32591,2023-09-19 22:00:00,<function <lambda> at 0x7fa4962879f0>,<function <lambda> at 0x7fa496287a90>,<function <lambda> at 0x7fa496287b30>
32592,2023-09-19 23:00:00,<function <lambda> at 0x7fa4962879f0>,<function <lambda> at 0x7fa496287a90>,<function <lambda> at 0x7fa496287b30>
32593,2023-09-20 00:00:00,<function <lambda> at 0x7fa4962879f0>,<function <lambda> at 0x7fa496287a90>,<function <lambda> at 0x7fa496287b30>
32594,2023-09-20 01:00:00,<function <lambda> at 0x7fa4962879f0>,<function <lambda> at 0x7fa496287a90>,<function <lambda> at 0x7fa496287b30>
32595,2023-09-20 02:00:00,<function <lambda> at 0x7fa4962879f0>,<function <lambda> at 0x7fa496287a90>,<function <lambda> at 0x7fa496287b30>
32596,2023-09-20 03:00:00,<function <lambda> at 0x7fa4962879f0>,<function <lambda> at 0x7fa496287a90>,<function <lambda> at 0x7fa496287b30>
32597,2023-09-20 04:00:00,<function <lambda> at 0x7fa4962879f0>,<function <lambda> at 0x7fa496287a90>,<function <lambda> at 0x7fa496287b30>
32598,2023-09-20 05:00:00,<function <lambda> at 0x7fa4962879f0>,<function <lambda> at 0x7fa496287a90>,<function <lambda> at 0x7fa496287b30>
32599,2023-09-20 06:00:00,<function <lambda> at 0x7fa4962879f0>,<function <lambda> at 0x7fa496287a90>,<function <lambda> at 0x7fa496287b30>
32600,2023-09-20 07:00:00,<function <lambda> at 0x7fa4962879f0>,<function <lambda> at 0x7fa496287a90>,<function <lambda> at 0x7fa496287b30>
32601,2023-09-20 08:00:00,<function <lambda> at 0x7fa4962879f0>,<function <lambda> at 0x7fa496287a90>,<function <lambda> at 0x7fa496287b30>
32602,2023-09-20 09:00:00,<function <lambda> at 0x7fa4962879f0>,<function <lambda> at 0x7fa496287a90>,<function <lambda> at 0x7fa496287b30>
32603,2023-09-20 10:00:00,<function <lambda> at 0x7fa4962879f0>,<function <lambda> at 0x7fa496287a90>,<function <lambda> at 0x7fa496287b30>
32604,2023-09-20 11:00:00,<function <lambda> at 0x7fa4962879f0>,<function <lambda> at 0x7fa496287a90>,<function <lambda> at 0x7fa496287b30>
32605,2023-09-20 12:00:00,<function <lambda> at 0x7fa4962879f0>,<function <lambda> at 0x7fa496287a90>,<function <lambda> at 0x7fa496287b30>
32606,2023-09-20 13:00:00,<function <lambda> at 0x7fa4962879f0>,<function <lambda> at 0x7fa496287a90>,<function <lambda> at 0x7fa496287b30>
32607,2023-09-20 14:00:00,<function <lambda> at 0x7fa4962879f0>,<function <lambda> at 0x7fa496287a90>,<function <lambda> at 0x7fa496287b30>
32608,2023-09-20 15:00:00,<function <lambda> at 0x7fa4962879f0>,<function <lambda> at 0x7fa496287a90>,<function <lambda> at 0x7fa496287b30>
32609,2023-09-20 16:00:00,<function <lambda> at 0x7fa4962879f0>,<function <lambda> at 0x7fa496287a90>,<function <lambda> at 0x7fa496287b30>
32610,2023-09-20 17:00:00,<function <lambda> at 0x7fa4962879f0>,<function <lambda> at 0x7fa496287a90>,<function <lambda> at 0x7fa496287b30>
32611,2023-09-20 18:00:00,<function <lambda> at 0x7fa4962879f0>,<function <lambda> at 0x7fa496287a90>,<function <lambda> at 0x7fa496287b30>
32612,2023-09-20 19:00:00,<function <lambda> at 0x7fa4962879f0>,<function <lambda> at 0x7fa496287a90>,<function <lambda> at 0x7fa496287b30>
32613,2023-09-20 20:00:00,<function <lambda> at 0x7fa4962879f0>,<function <lambda> at 0x7fa496287a90>,<function <lambda> at 0x7fa496287b30>
32614,2023-09-20 21:00:00,<function <lambda> at 0x7fa4962879f0>,<function <lambda> at 0x7fa496287a90>,<function <lambda> at 0x7fa496287b30>
32615,2023-09-20 22:00:00,<function <lambda> at 0x7fa4962879f0>,<function <lambda> at 0x7fa496287a90>,<function <lambda> at 0x7fa496287b30>
32616,2023-09-20 23:00:00,<function <lambda> at 0x7fa4962879f0>,<function <lambda> at 0x7fa496287a90>,<function <lambda> at 0x7fa496287b30>
32617,2023-09-21 00:00:00,<function <lambda> at 0x7fa4962879f0>,<function <lambda> at 0x7fa496287a90>,<function <lambda> at 0x7fa496287b30>
32618,2023-09-21 01:00:00,<function <lambda> at 0x7fa4962879f0>,<function <lambda> at 0x7fa496287a90>,<function <lambda> at 0x7fa496287b30>
32619,2023-09-21 02:00:00,<function <lambda> at 0x7fa4962879f0>,<function <lambda> at 0x7fa496287a90>,<function <lambda> at 0x7fa496287b30>
32620,2023-09-21 03:00:00,<function <lambda> at 0x7fa4962879f0>,<function <lambda> at 0x7fa496287a90>,<function <lambda> at 0x7fa496287b30>
32621,2023-09-21 04:00:00,<function <lambda> at 0x7fa4962879f0>,<function <lambda> at 0x7fa496287a90>,<function <lambda> at 0x7fa496287b30>
32622,2023-09-21 05:00:00,<function <lambda> at 0x7fa4962879f0>,<function <lambda> at 0x7fa496287a90>,<function <lambda> at 0x7fa496287b30>
32623,2023-09-21 06:00:00,<function <lambda> at 0x7fa4962879f0>,<function <lambda> at 0x7fa496287a90>,<function <lambda> at 0x7fa496287b30>
32624,2023-09-21 07:00:00,<function <lambda> at 0x7fa4962879f0>,<function <lambda> at 0x7fa496287a90>,<function <lambda> at 0x7fa496287b30>
32625,2023-09-21 08:00:00,<function <lambda> at 0x7fa4962879f0>,<function <lambda> at 0x7fa496287a90>,<function <lambda> at 0x7fa496287b30>
32626,2023-09-21 09:00:00,<function <lambda> at 0x7fa4962879f0>,<function <lambda> at 0x7fa496287a90>,<function <lambda> at 0x7fa496287b30>
32627,2023-09-21 10:00:00,<function <lambda> at 0x7fa4962879f0>,<function <lambda> at 0x7fa496287a90>,<function <lambda> at 0x7fa496287b30>
32628,2023-09-21 11:00:00,<function <lambda> at 0x7fa4962879f0>,<function <lambda> at 0x7fa496287a90>,<function <lambda> at 0x7fa496287b30>
32629,2023-09-21 12:00:00,<function <lambda> at 0x7fa4962879f0>,<function <lambda> at 0x7fa496287a90>,<function <lambda> at 0x7fa496287b30>
32630,2023-09-21 13:00:00,<function <lambda> at 0x7fa4962879f0>,<function <lambda> at 0x7fa496287a90>,<function <lambda> at 0x7fa496287b30>
32631,2023-09-21 14:00:00,<function <lambda> at 0x7fa4962879f0>,<function <lambda> at 0x7fa496287a90>,<function <lambda> at 0x7fa496287b30>
32632,2023-09-21 15:00:00,<function <lambda> at 0x7fa4962879f0>,<function <lambda> at 0x7fa496287a90>,<function <lambda> at 0x7fa496287b30>
32633,2023-09-21 16:00:00,<function <lambda> at 0x7fa4962879f0>,<function <lambda> at 0x7fa496287a90>,<function <lambda> at 0x7fa496287b30>
32634,2023-09-21 17:00:00,<function <lambda> at 0x7fa4962879f0>,<function <lambda> at 0x7fa496287a90>,<function <lambda> at 0x7fa496287b30>
32635,2023-09-21 18:00:00,<function <lambda> at 0x7fa4962879f0>,<function <lambda> at 0x7fa496287a90>,<function <lambda> at 0x7fa496287b30>
32636,2023-09-21 19:00:00,<function <lambda> at 0x7fa4962879f0>,<function <lambda> at 0x7fa496287a90>,<function <lambda> at 0x7fa496287b30>
32637,2023-09-21 20:00:00,<function <lambda> at 0x7fa4962879f0>,<function <lambda> at 0x7fa496287a90>,<function <lambda> at 0x7fa496287b30>
32638,2023-09-21 21:00:00,<function <lambda> at 0x7fa4962879f0>,<function <lambda> at 0x7fa496287a90>,<function <lambda> at 0x7fa496287b30>
32639,2023-09-21 22:00:00,<function <lambda> at 0x7fa4962879f0>,<function <lambda> at 0x7fa496287a90>,<function <lambda> at 0x7fa496287b30>
32640,2023-09-21 23:00:00,<function <lambda> at 0x7fa4962879f0>,<function <lambda> at 0x7fa496287a90>,<function <lambda> at 0x7fa496287b30>
32641,2023-09-22 00:00:00,<function <lambda> at 0x7fa4962879f0>,<function <lambda> at 0x7fa496287a90>,<function <lambda> at 0x7fa496287b30>
32642,2023-09-22 01:00:00,<function <lambda> at 0x7fa4962879f0>,<function <lambda> at 0x7fa496287a90>,<function <lambda> at 0x7fa496287b30>
32643,2023-09-22 02:00:00,<function <lambda> at 0x7fa4962879f0>,<function <lambda> at 0x7fa496287a90>,<function <lambda> at 0x7fa496287b30>
32644,2023-09-22 03:00:00,<function <lambda> at 0x7fa4962879f0>,<function <lambda> at 0x7fa496287a90>,<function <lambda> at 0x7fa496287b30>
32645,2023-09-22 04:00:00,<function <lambda> at 0x7fa4962879f0>,<function <lambda> at 0x7fa496287a90>,<function <lambda> at 0x7fa496287b30>
32646,2023-09-22 05:00:00,<function <lambda> at 0x7fa4962879f0>,<function <lambda> at 0x7fa496287a90>,<function <lambda> at 0x7fa496287b30>
32647,2023-09-22 06:00:00,<function <lambda> at 0x7fa4962879f0>,<function <lambda> at 0x7fa496287a90>,<function <lambda> at 0x7fa496287b30>
32648,2023-09-22 07:00:00,<function <lambda> at 0x7fa4962879f0>,<function <lambda> at 0x7fa496287a90>,<function <lambda> at 0x7fa496287b30>
32649,2023-09-22 08:00:00,<function <lambda> at 0x7fa4962879f0>,<function <lambda> at 0x7fa496287a90>,<function <lambda> at 0x7fa496287b30>
32650,2023-09-22 09:00:00,<function <lambda> at 0x7fa4962879f0>,<function <lambda> at 0x7fa496287a90>,<function <lambda> at 0x7fa496287b30>
32651,2023-09-22 10:00:00,<function <lambda> at 0x7fa4962879f0>,<function <lambda> at 0x7fa496287a90>,<function <lambda> at 0x7fa496287b30>
32652,2023-09-22 11:00:00,<function <lambda> at 0x7fa4962879f0>,<function <lambda> at 0x7fa496287a90>,<function <lambda> at 0x7fa496287b30>
32653,2023-09-22 12:00:00,<function <lambda> at 0x7fa4962879f0>,<function <lambda> at 0x7fa496287a90>,<function <lambda> at 0x7fa496287b30>
32654,2023-09-22 13:00:00,<function <lambda> at 0x7fa4962879f0>,<function <lambda> at 0x7fa496287a90>,<function <lambda> at 0x7fa496287b30>
32655,2023-09-22 14:00:00,<function <lambda> at 0x7fa4962879f0>,<function <lambda> at 0x7fa496287a90>,<function <lambda> at 0x7fa496287b30>
32656,2023-09-22 15:00:00,<function <lambda> at 0x7fa4962879f0>,<function <lambda> at 0x7fa496287a90>,<function <lambda> at 0x7fa496287b30>
32657,2023-09-22 16:00:00,<function <lambda> at 0x7fa4962879f0>,<function <lambda> at 0x7fa496287a90>,<function <lambda> at 0x7fa496287b30>
32658,2023-09-22 17:00:00,<function <lambda> at 0x7fa4962879f0>,<function <lambda> at 0x7fa496287a90>,<function <lambda> at 0x7fa496287b30>
32659,2023-09-22 18:00:00,<function <lambda> at 0x7fa4962879f0>,<function <lambda> at 0x7fa496287a90>,<function <lambda> at 0x7fa496287b30>
32660,2023-09-22 19:00:00,<function <lambda> at 0x7fa4962879f0>,<function <lambda> at 0x7fa496287a90>,<function <lambda> at 0x7fa496287b30>
32661,2023-09-22 20:00:00,<function <lambda> at 0x7fa4962879f0>,<function <lambda> at 0x7fa496287a90>,<function <lambda> at 0x7fa496287b30>
32662,2023-09-22 21:00:00,<function <lambda> at 0x7fa4962879f0>,<function <lambda> at 0x7fa496287a90>,<function <lambda> at 0x7fa496287b30>
32663,2023-09-22 22:00:00,<function <lambda> at 0x7fa4962879f0>,<function <lambda> at 0x7fa496287a90>,<function <lambda> at 0x7fa496287b30>
32664,2023-09-22 23:00:00,<function <lambda> at 0x7fa4962879f0>,<function <lambda> at 0x7fa496287a90>,<function <lambda> at 0x7fa496287b30>
32665,2023-09-23 00:00:00,<function <lambda> at 0x7fa4962879f0>,<function <lambda> at 0x7fa496287a90>,<function <lambda> at 0x7fa496287b30>
32666,2023-09-23 01:00:00,<function <lambda> at 0x7fa4962879f0>,<function <lambda> at 0x7fa496287a90>,<function <lambda> at 0x7fa496287b30>
32667,2023-09-23 02:00:00,<function <lambda> at 0x7fa4962879f0>,<function <lambda> at 0x7fa496287a90>,<function <lambda> at 0x7fa496287b30>
32668,2023-09-23 03:00:00,<function <lambda> at 0x7fa4962879f0>,<function <lambda> at 0x7fa496287a90>,<function <lambda> at 0x7fa496287b30>
32669,2023-09-23 04:00:00,<function <lambda> at 0x7fa4962879f0>,<function <lambda> at 0x7fa496287a90>,<function <lambda> at 0x7fa496287b30>
32670,2023-09-23 05:00:00,<function <lambda> at 0x7fa4962879f0>,<function <lambda> at 0x7fa496287a90>,<function <lambda> at 0x7fa496287b30>
32671,2023-09-23 06:00:00,<function <lambda> at 0x7fa4962879f0>,<function <lambda> at 0x7fa496287a90>,<function <lambda> at 0x7fa496287b30>
32672,2023-09-23 07:00:00,<function <lambda> at 0x7fa4962879f0>,<function <lambda> at 0x7fa496287a90>,<function <lambda> at 0x7fa496287b30>
32673,2023-09-23 08:00:00,<function <lambda> at 0x7fa4962879f0>,<function <lambda> at 0x7fa496287a90>,<function <lambda> at 0x7fa496287b30>
32674,2023-09-23 09:00:00,<function <lambda> at 0x7fa4962879f0>,<function <lambda> at 0x7fa496287a90>,<function <lambda> at 0x7fa496287b30>
32675,2023-09-23 10:00:00,<function <lambda> at 0x7fa4962879f0>,<function <lambda> at 0x7fa496287a90>,<function <lambda> at 0x7fa496287b30>
32676,2023-09-23 11:00:00,<function <lambda> at 0x7fa4962879f0>,<function <lambda> at 0x7fa496287a90>,<function <lambda> at 0x7fa496287b30>
32677,2023-09-23 12:00:00,<function <lambda> at 0x7fa4962879f0>,<function <lambda> at 0x7fa496287a90>,<function <lambda> at 0x7fa496287b30>
32678,2023-09-23 13:00:00,<function <lambda> at 0x7fa4962879f0>,<function <lambda> at 0x7fa496287a90>,<function <lambda> at 0x7fa496287b30>
32679,2023-09-23 14:00:00,<function <lambda> at 0x7fa4962879f0>,<function <lambda> at 0x7fa496287a90>,<function <lambda> at 0x7fa496287b30>
32680,2023-09-23 15:00:00,<function <lambda> at 0x7fa4962879f0>,<function <lambda> at 0x7fa496287a90>,<function <lambda> at 0x7fa496287b30>
32681,2023-09-23 16:00:00,<function <lambda> at 0x7fa4962879f0>,<function <lambda> at 0x7fa496287a90>,<function <lambda> at 0x7fa496287b30>
32682,2023-09-23 17:00:00,<function <lambda> at 0x7fa4962879f0>,<function <lambda> at 0x7fa496287a90>,<function <lambda> at 0x7fa496287b30>
32683,2023-09-23 18:00:00,<function <lambda> at 0x7fa4962879f0>,<function <lambda> at 0x7fa496287a90>,<function <lambda> at 0x7fa496287b30>
32684,2023-09-23 19:00:00,<function <lambda> at 0x7fa4962879f0>,<function <lambda> at 0x7fa496287a90>,<function <lambda> at 0x7fa496287b30>
32685,2023-09-23 20:00:00,<function <lambda> at 0x7fa4962879f0>,<function <lambda> at 0x7fa496287a90>,<function <lambda> at 0x7fa496287b30>
32686,2023-09-23 21:00:00,<function <lambda> at 0x7fa4962879f0>,<function <lambda> at 0x7fa496287a90>,<function <lambda> at 0x7fa496287b30>
32687,2023-09-23 22:00:00,<function <lambda> at 0x7fa4962879f0>,<function <lambda> at 0x7fa496287a90>,<function <lambda> at 0x7fa496287b30>
32688,2023-09-23 23:00:00,<function <lambda> at 0x7fa4962879f0>,<function <lambda> at 0x7fa496287a90>,<function <lambda> at 0x7fa496287b30>
32689,2023-09-24 00:00:00,<function <lambda> at 0x7fa4962879f0>,<function <lambda> at 0x7fa496287a90>,<function <lambda> at 0x7fa496287b30>
32690,2023-09-24 01:00:00,<function <lambda> at 0x7fa4962879f0>,<function <lambda> at 0x7fa496287a90>,<function <lambda> at 0x7fa496287b30>
32691,2023-09-24 02:00:00,<function <lambda> at 0x7fa4962879f0>,<function <lambda> at 0x7fa496287a90>,<function <lambda> at 0x7fa496287b30>
32692,2023-09-24 03:00:00,<function <lambda> at 0x7fa4962879f0>,<function <lambda> at 0x7fa496287a90>,<function <lambda> at 0x7fa496287b30>
32693,2023-09-24 04:00:00,<function <lambda> at 0x7fa4962879f0>,<function <lambda> at 0x7fa496287a90>,<function <lambda> at 0x7fa496287b30>
32694,2023-09-24 05:00:00,<function <lambda> at 0x7fa4962879f0>,<function <lambda> at 0x7fa496287a90>,<function <lambda> at 0x7fa496287b30>
32695,2023-09-24 06:00:00,<function <lambda> at 0x7fa4962879f0>,<function <lambda> at 0x7fa496287a90>,<function <lambda> at 0x7fa496287b30>
32696,2023-09-24 07:00:00,<function <lambda> at 0x7fa4962879f0>,<function <lambda> at 0x7fa496287a90>,<function <lambda> at 0x7fa496287b30>
32697,2023-09-24 08:00:00,<function <lambda> at 0x7fa4962879f0>,<function <lambda> at 0x7fa496287a90>,<function <lambda> at 0x7fa496287b30>
32698,2023-09-24 09:00:00,<function <lambda> at 0x7fa4962879f0>,<function <lambda> at 0x7fa496287a90>,<function <lambda> at 0x7fa496287b30>
32699,2023-09-24 10:00:00,<function <lambda> at 0x7fa4962879f0>,<function <lambda> at 0x7fa496287a90>,<function <lambda> at 0x7fa496287b30>
32700,2023-09-24 11:00:00,<function <lambda> at 0x7fa4962879f0>,<function <lambda> at 0x7fa496287a90>,<function <lambda> at 0x7fa496287b30>
32701,2023-09-24 12:00:00,<function <lambda> at 0x7fa4962879f0>,<function <lambda> at 0x7fa496287a90>,<function <lambda> at 0x7fa496287b30>
32702,2023-09-24 13:00:00,<function <lambda> at 0x7fa4962879f0>,<function <lambda> at 0x7fa496287a90>,<function <lambda> at 0x7fa496287b30>
32703,2023-09-24 14:00:00,<function <lambda> at 0x7fa4962879f0>,<function <lambda> at 0x7fa496287a90>,<function <lambda> at 0x7fa496287b30>
32704,2023-09-24 15:00:00,<function <lambda> at 0x7fa4962879f0>,<function <lambda> at 0x7fa496287a90>,<function <lambda> at 0x7fa496287b30>
32705,2023-09-24 16:00:00,<function <lambda> at 0x7fa4962879f0>,<function <lambda> at 0x7fa496287a90>,<function <lambda> at 0x7fa496287b30>
32706,2023-09-24 17:00:00,<function <lambda> at 0x7fa4962879f0>,<function <lambda> at 0x7fa496287a90>,<function <lambda> at 0x7fa496287b30>
32707,2023-09-24 18:00:00,<function <lambda> at 0x7fa4962879f0>,<function <lambda> at 0x7fa496287a90>,<function <lambda> at 0x7fa496287b30>
32708,2023-09-24 19:00:00,<function <lambda> at 0x7fa4962879f0>,<function <lambda> at 0x7fa496287a90>,<function <lambda> at 0x7fa496287b30>
32709,2023-09-24 20:00:00,<function <lambda> at 0x7fa4962879f0>,<function <lambda> at 0x7fa496287a90>,<function <lambda> at 0x7fa496287b30>
32710,2023-09-24 21:00:00,<function <lambda> at 0x7fa4962879f0>,<function <lambda> at 0x7fa496287a90>,<function <lambda> at 0x7fa496287b30>
32711,2023-09-24 22:00:00,<function <lambda> at 0x7fa4962879f0>,<function <lambda> at 0x7fa496287a90>,<function <lambda> at 0x7fa496287b30>
32712,2023-09-24 23:00:00,<function <lambda> at 0x7fa4962879f0>,<function <lambda> at 0x7fa496287a90>,<function <lambda> at 0x7fa496287b30>
32713,2023-09-25 00:00:00,<function <lambda> at 0x7fa4962879f0>,<function <lambda> at 0x7fa496287a90>,<function <lambda> at 0x7fa496287b30>
32714,2023-09-25 01:00:00,<function <lambda> at 0x7fa4962879f0>,<function <lambda> at 0x7fa496287a90>,<function <lambda> at 0x7fa496287b30>
32715,2023-09-25 02:00:00,<function <lambda> at 0x7fa4962879f0>,<function <lambda> at 0x7fa496287a90>,<function <lambda> at 0x7fa496287b30>
32716,2023-09-25 03:00:00,<function <lambda> at 0x7fa4962879f0>,<function <lambda> at 0x7fa496287a90>,<function <lambda> at 0x7fa496287b30>
32717,2023-09-25 04:00:00,<function <lambda> at 0x7fa4962879f0>,<function <lambda> at 0x7fa496287a90>,<function <lambda> at 0x7fa496287b30>
32718,2023-09-25 05:00:00,<function <lambda> at 0x7fa4962879f0>,<function <lambda> at 0x7fa496287a90>,<function <lambda> at 0x7fa496287b30>
32719,2023-09-25 06:00:00,<function <lambda> at 0x7fa4962879f0>,<function <lambda> at 0x7fa496287a90>,<function <lambda> at 0x7fa496287b30>
32720,2023-09-25 07:00:00,<function <lambda> at 0x7fa4962879f0>,<function <lambda> at 0x7fa496287a90>,<function <lambda> at 0x7fa496287b30>
32721,2023-09-25 08:00:00,<function <lambda> at 0x7fa4962879f0>,<function <lambda> at 0x7fa496287a90>,<function <lambda> at 0x7fa496287b30>
32722,2023-09-25 09:00:00,<function <lambda> at 0x7fa4962879f0>,<function <lambda> at 0x7fa496287a90>,<function <lambda> at 0x7fa496287b30>
32723,2023-09-25 10:00:00,<function <lambda> at 0x7fa4962879f0>,<function <lambda> at 0x7fa496287a90>,<function <lambda> at 0x7fa496287b30>
32724,2023-09-25 11:00:00,<function <lambda> at 0x7fa4962879f0>,<function <lambda> at 0x7fa496287a90>,<function <lambda> at 0x7fa496287b30>
32725,2023-09-25 12:00:00,<function <lambda> at 0x7fa4962879f0>,<function <lambda> at 0x7fa496287a90>,<function <lambda> at 0x7fa496287b30>
32726,2023-09-25 13:00:00,<function <lambda> at 0x7fa4962879f0>,<function <lambda> at 0x7fa496287a90>,<function <lambda> at 0x7fa496287b30>
32727,2023-09-25 14:00:00,<function <lambda> at 0x7fa4962879f0>,<function <lambda> at 0x7fa496287a90>,<function <lambda> at 0x7fa496287b30>
32728,2023-09-25 15:00:00,<function <lambda> at 0x7fa4962879f0>,<function <lambda> at 0x7fa496287a90>,<function <lambda> at 0x7fa496287b30>
32729,2023-09-25 16:00:00,<function <lambda> at 0x7fa4962879f0>,<function <lambda> at 0x7fa496287a90>,<function <lambda> at 0x7fa496287b30>
32730,2023-09-25 17:00:00,<function <lambda> at 0x7fa4962879f0>,<function <lambda> at 0x7fa496287a90>,<function <lambda> at 0x7fa496287b30>
32731,2023-09-25 18:00:00,<function <lambda> at 0x7fa4962879f0>,<function <lambda> at 0x7fa496287a90>,<function <lambda> at 0x7fa496287b30>
32732,2023-09-25 19:00:00,<function <lambda> at 0x7fa4962879f0>,<function <lambda> at 0x7fa496287a90>,<function <lambda> at 0x7fa496287b30>
32733,2023-09-25 20:00:00,<function <lambda> at 0x7fa4962879f0>,<function <lambda> at 0x7fa496287a90>,<function <lambda> at 0x7fa496287b30>
32734,2023-09-25 21:00:00,<function <lambda> at 0x7fa4962879f0>,<function <lambda> at 0x7fa496287a90>,<function <lambda> at 0x7fa496287b30>
32735,2023-09-25 22:00:00,<function <lambda> at 0x7fa4962879f0>,<function <lambda> at 0x7fa496287a90>,<function <lambda> at 0x7fa496287b30>
32736,2023-09-25 23:00:00,<function <lambda> at 0x7fa4962879f0>,<function <lambda> at 0x7fa496287a90>,<function <lambda> at 0x7fa496287b30>
32737,2023-09-26 00:00:00,<function <lambda> at 0x7fa4962879f0>,<function <lambda> at 0x7fa496287a90>,<function <lambda> at 0x7fa496287b30>
32738,2023-09-26 01:00:00,<function <lambda> at 0x7fa4962879f0>,<function <lambda> at 0x7fa496287a90>,<function <lambda> at 0x7fa496287b30>
32739,2023-09-26 02:00:00,<function <lambda> at 0x7fa4962879f0>,<function <lambda> at 0x7fa496287a90>,<function <lambda> at 0x7fa496287b30>
32740,2023-09-26 03:00:00,<function <lambda> at 0x7fa4962879f0>,<function <lambda> at 0x7fa496287a90>,<function <lambda> at 0x7fa496287b30>
32741,2023-09-26 04:00:00,<function <lambda> at 0x7fa4962879f0>,<function <lambda> at 0x7fa496287a90>,<function <lambda> at 0x7fa496287b30>
32742,2023-09-26 05:00:00,<function <lambda> at 0x7fa4962879f0>,<function <lambda> at 0x7fa496287a90>,<function <lambda> at 0x7fa496287b30>
32743,2023-09-26 06:00:00,<function <lambda> at 0x7fa4962879f0>,<function <lambda> at 0x7fa496287a90>,<function <lambda> at 0x7fa496287b30>
32744,2023-09-26 07:00:00,<function <lambda> at 0x7fa4962879f0>,<function <lambda> at 0x7fa496287a90>,<function <lambda> at 0x7fa496287b30>
32745,2023-09-26 08:00:00,<function <lambda> at 0x7fa4962879f0>,<function <lambda> at 0x7fa496287a90>,<function <lambda> at 0x7fa496287b30>
32746,2023-09-26 09:00:00,<function <lambda> at 0x7fa4962879f0>,<function <lambda> at 0x7fa496287a90>,<function <lambda> at 0x7fa496287b30>
32747,2023-09-26 10:00:00,<function <lambda> at 0x7fa4962879f0>,<function <lambda> at 0x7fa496287a90>,<function <lambda> at 0x7fa496287b30>
32748,2023-09-26 11:00:00,<function <lambda> at 0x7fa4962879f0>,<function <lambda> at 0x7fa496287a90>,<function <lambda> at 0x7fa496287b30>
32749,2023-09-26 12:00:00,<function <lambda> at 0x7fa4962879f0>,<function <lambda> at 0x7fa496287a90>,<function <lambda> at 0x7fa496287b30>
32750,2023-09-26 13:00:00,<function <lambda> at 0x7fa4962879f0>,<function <lambda> at 0x7fa496287a90>,<function <lambda> at 0x7fa496287b30>
32751,2023-09-26 14:00:00,<function <lambda> at 0x7fa4962879f0>,<function <lambda> at 0x7fa496287a90>,<function <lambda> at 0x7fa496287b30>
32752,2023-09-26 15:00:00,<function <lambda> at 0x7fa4962879f0>,<function <lambda> at 0x7fa496287a90>,<function <lambda> at 0x7fa496287b30>
32753,2023-09-26 16:00:00,<function <lambda> at 0x7fa4962879f0>,<function <lambda> at 0x7fa496287a90>,<function <lambda> at 0x7fa496287b30>
32754,2023-09-26 17:00:00,<function <lambda> at 0x7fa4962879f0>,<function <lambda> at 0x7fa496287a90>,<function <lambda> at 0x7fa496287b30>
32755,2023-09-26 18:00:00,<function <lambda> at 0x7fa4962879f0>,<function <lambda> at 0x7fa496287a90>,<function <lambda> at 0x7fa496287b30>
32756,2023-09-26 19:00:00,<function <lambda> at 0x7fa4962879f0>,<function <lambda> at 0x7fa496287a90>,<function <lambda> at 0x7fa496287b30>
32757,2023-09-26 20:00:00,<function <lambda> at 0x7fa4962879f0>,<function <lambda> at 0x7fa496287a90>,<function <lambda> at 0x7fa496287b30>
32758,2023-09-26 21:00:00,<function <lambda> at 0x7fa4962879f0>,<function <lambda> at 0x7fa496287a90>,<function <lambda> at 0x7fa496287b30>
32759,2023-09-26 22:00:00,<function <lambda> at 0x7fa4962879f0>,<function <lambda> at 0x7fa496287a90>,<function <lambda> at 0x7fa496287b30>
32760,2023-09-26 23:00:00,<function <lambda> at 0x7fa4962879f0>,<function <lambda> at 0x7fa496287a90>,<function <lambda> at 0x7fa496287b30>
32761,2023-09-27 00:00:00,<function <lambda> at 0x7fa4962879f0>,<function <lambda> at 0x7fa496287a90>,<function <lambda> at 0x7fa496287b30>
32762,2023-09-27 01:00:00,<function <lambda> at 0x7fa4962879f0>,<function <lambda> at 0x7fa496287a90>,<function <lambda> at 0x7fa496287b30>
32763,2023-09-27 02:00:00,<function <lambda> at 0x7fa4962879f0>,<function <lambda> at 0x7fa496287a90>,<function <lambda> at 0x7fa496287b30>
32764,2023-09-27 03:00:00,<function <lambda> at 0x7fa4962879f0>,<function <lambda> at 0x7fa496287a90>,<function <lambda> at 0x7fa496287b30>
32765,2023-09-27 04:00:00,<function <lambda> at 0x7fa4962879f0>,<function <lambda> at 0x7fa496287a90>,<function <lambda> at 0x7fa496287b30>
32766,2023-09-27 05:00:00,<function <lambda> at 0x7fa4962879f0>,<function <lambda> at 0x7fa496287a90>,<function <lambda> at 0x7fa496287b30>
32767,2023-09-27 06:00:00,<function <lambda> at 0x7fa4962879f0>,<function <lambda> at 0x7fa496287a90>,<function <lambda> at 0x7fa496287b30>
32768,2023-09-27 07:00:00,<function <lambda> at 0x7fa4962879f0>,<function <lambda> at 0x7fa496287a90>,<function <lambda> at 0x7fa496287b30>
32769,2023-09-27 08:00:00,<function <lambda> at 0x7fa4962879f0>,<function <lambda> at 0x7fa496287a90>,<function <lambda> at 0x7fa496287b30>
32770,2023-09-27 09:00:00,<function <lambda> at 0x7fa4962879f0>,<function <lambda> at 0x7fa496287a90>,<function <lambda> at 0x7fa496287b30>
32771,2023-09-27 10:00:00,<function <lambda> at 0x7fa4962879f0>,<function <lambda> at 0x7fa496287a90>,<function <lambda> at 0x7fa496287b30>
32772,2023-09-27 11:00:00,<function <lambda> at 0x7fa4962879f0>,<function <lambda> at 0x7fa496287a90>,<function <lambda> at 0x7fa496287b30>
32773,2023-09-27 12:00:00,<function <lambda> at 0x7fa4962879f0>,<function <lambda> at 0x7fa496287a90>,<function <lambda> at 0x7fa496287b30>
32774,2023-09-27 13:00:00,<function <lambda> at 0x7fa4962879f0>,<function <lambda> at 0x7fa496287a90>,<function <lambda> at 0x7fa496287b30>
32775,2023-09-27 14:00:00,<function <lambda> at 0x7fa4962879f0>,<function <lambda> at 0x7fa496287a90>,<function <lambda> at 0x7fa496287b30>
32776,2023-09-27 15:00:00,<function <lambda> at 0x7fa4962879f0>,<function <lambda> at 0x7fa496287a90>,<function <lambda> at 0x7fa496287b30>
32777,2023-09-27 16:00:00,<function <lambda> at 0x7fa4962879f0>,<function <lambda> at 0x7fa496287a90>,<function <lambda> at 0x7fa496287b30>
32778,2023-09-27 17:00:00,<function <lambda> at 0x7fa4962879f0>,<function <lambda> at 0x7fa496287a90>,<function <lambda> at 0x7fa496287b30>
32779,2023-09-27 18:00:00,<function <lambda> at 0x7fa4962879f0>,<function <lambda> at 0x7fa496287a90>,<function <lambda> at 0x7fa496287b30>
32780,2023-09-27 19:00:00,<function <lambda> at 0x7fa4962879f0>,<function <lambda> at 0x7fa496287a90>,<function <lambda> at 0x7fa496287b30>
32781,2023-09-27 20:00:00,<function <lambda> at 0x7fa4962879f0>,<function <lambda> at 0x7fa496287a90>,<function <lambda> at 0x7fa496287b30>
32782,2023-09-27 21:00:00,<function <lambda> at 0x7fa4962879f0>,<function <lambda> at 0x7fa496287a90>,<function <lambda> at 0x7fa496287b30>
32783,2023-09-27 22:00:00,<function <lambda> at 0x7fa4962879f0>,<function <lambda> at 0x7fa496287a90>,<function <lambda> at 0x7fa496287b30>
32784,2023-09-27 23:00:00,<function <lambda> at 0x7fa4962879f0>,<function <lambda> at 0x7fa496287a90>,<function <lambda> at 0x7fa496287b30>
32785,2023-09-28 00:00:00,<function <lambda> at 0x7fa4962879f0>,<function <lambda> at 0x7fa496287a90>,<function <lambda> at 0x7fa496287b30>
32786,2023-09-28 01:00:00,<function <lambda> at 0x7fa4962879f0>,<function <lambda> at 0x7fa496287a90>,<function <lambda> at 0x7fa496287b30>
32787,2023-09-28 02:00:00,<function <lambda> at 0x7fa4962879f0>,<function <lambda> at 0x7fa496287a90>,<function <lambda> at 0x7fa496287b30>
32788,2023-09-28 03:00:00,<function <lambda> at 0x7fa4962879f0>,<function <lambda> at 0x7fa496287a90>,<function <lambda> at 0x7fa496287b30>
32789,2023-09-28 04:00:00,<function <lambda> at 0x7fa4962879f0>,<function <lambda> at 0x7fa496287a90>,<function <lambda> at 0x7fa496287b30>
32790,2023-09-28 05:00:00,<function <lambda> at 0x7fa4962879f0>,<function <lambda> at 0x7fa496287a90>,<function <lambda> at 0x7fa496287b30>
32791,2023-09-28 06:00:00,<function <lambda> at 0x7fa4962879f0>,<function <lambda> at 0x7fa496287a90>,<function <lambda> at 0x7fa496287b30>
32792,2023-09-28 07:00:00,<function <lambda> at 0x7fa4962879f0>,<function <lambda> at 0x7fa496287a90>,<function <lambda> at 0x7fa496287b30>
32793,2023-09-28 08:00:00,<function <lambda> at 0x7fa4962879f0>,<function <lambda> at 0x7fa496287a90>,<function <lambda> at 0x7fa496287b30>
32794,2023-09-28 09:00:00,<function <lambda> at 0x7fa4962879f0>,<function <lambda> at 0x7fa496287a90>,<function <lambda> at 0x7fa496287b30>
32795,2023-09-28 10:00:00,<function <lambda> at 0x7fa4962879f0>,<function <lambda> at 0x7fa496287a90>,<function <lambda> at 0x7fa496287b30>
32796,2023-09-28 11:00:00,<function <lambda> at 0x7fa4962879f0>,<function <lambda> at 0x7fa496287a90>,<function <lambda> at 0x7fa496287b30>
32797,2023-09-28 12:00:00,<function <lambda> at 0x7fa4962879f0>,<function <lambda> at 0x7fa496287a90>,<function <lambda> at 0x7fa496287b30>
32798,2023-09-28 13:00:00,<function <lambda> at 0x7fa4962879f0>,<function <lambda> at 0x7fa496287a90>,<function <lambda> at 0x7fa496287b30>
32799,2023-09-28 14:00:00,<function <lambda> at 0x7fa4962879f0>,<function <lambda> at 0x7fa496287a90>,<function <lambda> at 0x7fa496287b30>
32800,2023-09-28 15:00:00,<function <lambda> at 0x7fa4962879f0>,<function <lambda> at 0x7fa496287a90>,<function <lambda> at 0x7fa496287b30>
32801,2023-09-28 16:00:00,<function <lambda> at 0x7fa4962879f0>,<function <lambda> at 0x7fa496287a90>,<function <lambda> at 0x7fa496287b30>
32802,2023-09-28 17:00:00,<function <lambda> at 0x7fa4962879f0>,<function <lambda> at 0x7fa496287a90>,<function <lambda> at 0x7fa496287b30>
32803,2023-09-28 18:00:00,<function <lambda> at 0x7fa4962879f0>,<function <lambda> at 0x7fa496287a90>,<function <lambda> at 0x7fa496287b30>
32804,2023-09-28 19:00:00,<function <lambda> at 0x7fa4962879f0>,<function <lambda> at 0x7fa496287a90>,<function <lambda> at 0x7fa496287b30>
32805,2023-09-28 20:00:00,<function <lambda> at 0x7fa4962879f0>,<function <lambda> at 0x7fa496287a90>,<function <lambda> at 0x7fa496287b30>
32806,2023-09-28 21:00:00,<function <lambda> at 0x7fa4962879f0>,<function <lambda> at 0x7fa496287a90>,<function <lambda> at 0x7fa496287b30>
32807,2023-09-28 22:00:00,<function <lambda> at 0x7fa4962879f0>,<function <lambda> at 0x7fa496287a90>,<function <lambda> at 0x7fa496287b30>
32808,2023-09-28 23:00:00,<function <lambda> at 0x7fa4962879f0>,<function <lambda> at 0x7fa496287a90>,<function <lambda> at 0x7fa496287b30>
32809,2023-09-29 00:00:00,<function <lambda> at 0x7fa4962879f0>,<function <lambda> at 0x7fa496287a90>,<function <lambda> at 0x7fa496287b30>
32810,2023-09-29 01:00:00,<function <lambda> at 0x7fa4962879f0>,<function <lambda> at 0x7fa496287a90>,<function <lambda> at 0x7fa496287b30>
32811,2023-09-29 02:00:00,<function <lambda> at 0x7fa4962879f0>,<function <lambda> at 0x7fa496287a90>,<function <lambda> at 0x7fa496287b30>
32812,2023-09-29 03:00:00,<function <lambda> at 0x7fa4962879f0>,<function <lambda> at 0x7fa496287a90>,<function <lambda> at 0x7fa496287b30>
32813,2023-09-29 04:00:00,<function <lambda> at 0x7fa4962879f0>,<function <lambda> at 0x7fa496287a90>,<function <lambda> at 0x7fa496287b30>
32814,2023-09-29 05:00:00,<function <lambda> at 0x7fa4962879f0>,<function <lambda> at 0x7fa496287a90>,<function <lambda> at 0x7fa496287b30>
32815,2023-09-29 06:00:00,<function <lambda> at 0x7fa4962879f0>,<function <lambda> at 0x7fa496287a90>,<function <lambda> at 0x7fa496287b30>
32816,2023-09-29 07:00:00,<function <lambda> at 0x7fa4962879f0>,<function <lambda> at 0x7fa496287a90>,<function <lambda> at 0x7fa496287b30>
32817,2023-09-29 08:00:00,<function <lambda> at 0x7fa4962879f0>,<function <lambda> at 0x7fa496287a90>,<function <lambda> at 0x7fa496287b30>
32818,2023-09-29 09:00:00,<function <lambda> at 0x7fa4962879f0>,<function <lambda> at 0x7fa496287a90>,<function <lambda> at 0x7fa496287b30>
32819,2023-09-29 10:00:00,<function <lambda> at 0x7fa4962879f0>,<function <lambda> at 0x7fa496287a90>,<function <lambda> at 0x7fa496287b30>
32820,2023-09-29 11:00:00,<function <lambda> at 0x7fa4962879f0>,<function <lambda> at 0x7fa496287a90>,<function <lambda> at 0x7fa496287b30>
32821,2023-09-29 12:00:00,<function <lambda> at 0x7fa4962879f0>,<function <lambda> at 0x7fa496287a90>,<function <lambda> at 0x7fa496287b30>
32822,2023-09-29 13:00:00,<function <lambda> at 0x7fa4962879f0>,<function <lambda> at 0x7fa496287a90>,<function <lambda> at 0x7fa496287b30>
32823,2023-09-29 14:00:00,<function <lambda> at 0x7fa4962879f0>,<function <lambda> at 0x7fa496287a90>,<function <lambda> at 0x7fa496287b30>
32824,2023-09-29 15:00:00,<function <lambda> at 0x7fa4962879f0>,<function <lambda> at 0x7fa496287a90>,<function <lambda> at 0x7fa496287b30>
32825,2023-09-29 16:00:00,<function <lambda> at 0x7fa4962879f0>,<function <lambda> at 0x7fa496287a90>,<function <lambda> at 0x7fa496287b30>
32826,2023-09-29 17:00:00,<function <lambda> at 0x7fa4962879f0>,<function <lambda> at 0x7fa496287a90>,<function <lambda> at 0x7fa496287b30>
32827,2023-09-29 18:00:00,<function <lambda> at 0x7fa4962879f0>,<function <lambda> at 0x7fa496287a90>,<function <lambda> at 0x7fa496287b30>
32828,2023-09-29 19:00:00,<function <lambda> at 0x7fa4962879f0>,<function <lambda> at 0x7fa496287a90>,<function <lambda> at 0x7fa496287b30>
32829,2023-09-29 20:00:00,<function <lambda> at 0x7fa4962879f0>,<function <lambda> at 0x7fa496287a90>,<function <lambda> at 0x7fa496287b30>
32830,2023-09-29 21:00:00,<function <lambda> at 0x7fa4962879f0>,<function <lambda> at 0x7fa496287a90>,<function <lambda> at 0x7fa496287b30>
32831,2023-09-29 22:00:00,<function <lambda> at 0x7fa4962879f0>,<function <lambda> at 0x7fa496287a90>,<function <lambda> at 0x7fa496287b30>
32832,2023-09-29 23:00:00,<function <lambda> at 0x7fa4962879f0>,<function <lambda> at 0x7fa496287a90>,<function <lambda> at 0x7fa496287b30>
32833,2023-09-30 00:00:00,<function <lambda> at 0x7fa4962879f0>,<function <lambda> at 0x7fa496287a90>,<function <lambda> at 0x7fa496287b30>
32834,2023-09-30 01:00:00,<function <lambda> at 0x7fa4962879f0>,<function <lambda> at 0x7fa496287a90>,<function <lambda> at 0x7fa496287b30>
32835,2023-09-30 02:00:00,<function <lambda> at 0x7fa4962879f0>,<function <lambda> at 0x7fa496287a90>,<function <lambda> at 0x7fa496287b30>
32836,2023-09-30 03:00:00,<function <lambda> at 0x7fa4962879f0>,<function <lambda> at 0x7fa496287a90>,<function <lambda> at 0x7fa496287b30>
32837,2023-09-30 04:00:00,<function <lambda> at 0x7fa4962879f0>,<function <lambda> at 0x7fa496287a90>,<function <lambda> at 0x7fa496287b30>
32838,2023-09-30 05:00:00,<function <lambda> at 0x7fa4962879f0>,<function <lambda> at 0x7fa496287a90>,<function <lambda> at 0x7fa496287b30>
32839,2023-09-30 06:00:00,<function <lambda> at 0x7fa4962879f0>,<function <lambda> at 0x7fa496287a90>,<function <lambda> at 0x7fa496287b30>
32840,2023-09-30 07:00:00,<function <lambda> at 0x7fa4962879f0>,<function <lambda> at 0x7fa496287a90>,<function <lambda> at 0x7fa496287b30>
32841,2023-09-30 08:00:00,<function <lambda> at 0x7fa4962879f0>,<function <lambda> at 0x7fa496287a90>,<function <lambda> at 0x7fa496287b30>
32842,2023-09-30 09:00:00,<function <lambda> at 0x7fa4962879f0>,<function <lambda> at 0x7fa496287a90>,<function <lambda> at 0x7fa496287b30>
32843,2023-09-30 10:00:00,<function <lambda> at 0x7fa4962879f0>,<function <lambda> at 0x7fa496287a90>,<function <lambda> at 0x7fa496287b30>
32844,2023-09-30 11:00:00,<function <lambda> at 0x7fa4962879f0>,<function <lambda> at 0x7fa496287a90>,<function <lambda> at 0x7fa496287b30>
32845,2023-09-30 12:00:00,<function <lambda> at 0x7fa4962879f0>,<function <lambda> at 0x7fa496287a90>,<function <lambda> at 0x7fa496287b30>
32846,2023-09-30 13:00:00,<function <lambda> at 0x7fa4962879f0>,<function <lambda> at 0x7fa496287a90>,<function <lambda> at 0x7fa496287b30>
32847,2023-09-30 14:00:00,<function <lambda> at 0x7fa4962879f0>,<function <lambda> at 0x7fa496287a90>,<function <lambda> at 0x7fa496287b30>
32848,2023-09-30 15:00:00,<function <lambda> at 0x7fa4962879f0>,<function <lambda> at 0x7fa496287a90>,<function <lambda> at 0x7fa496287b30>
32849,2023-09-30 16:00:00,<function <lambda> at 0x7fa4962879f0>,<function <lambda> at 0x7fa496287a90>,<function <lambda> at 0x7fa496287b30>
32850,2023-09-30 17:00:00,<function <lambda> at 0x7fa4962879f0>,<function <lambda> at 0x7fa496287a90>,<function <lambda> at 0x7fa496287b30>
32851,2023-09-30 18:00:00,<function <lambda> at 0x7fa4962879f0>,<function <lambda> at 0x7fa496287a90>,<function <lambda> at 0x7fa496287b30>
32852,2023-09-30 19:00:00,<function <lambda> at 0x7fa4962879f0>,<function <lambda> at 0x7fa496287a90>,<function <lambda> at 0x7fa496287b30>
32853,2023-09-30 20:00:00,<function <lambda> at 0x7fa4962879f0>,<function <lambda> at 0x7fa496287a90>,<function <lambda> at 0x7fa496287b30>
32854,2023-09-30 21:00:00,<function <lambda> at 0x7fa4962879f0>,<function <lambda> at 0x7fa496287a90>,<function <lambda> at 0x7fa496287b30>
32855,2023-09-30 22:00:00,<function <lambda> at 0x7fa4962879f0>,<function <lambda> at 0x7fa496287a90>,<function <lambda> at 0x7fa496287b30>
32856,2023-09-30 23:00:00,<function <lambda> at 0x7fa4962879f0>,<function <lambda> at 0x7fa496287a90>,<function <lambda> at 0x7fa496287b30>
32857,2023-10-01 00:00:00,<function <lambda> at 0x7fa4962879f0>,<function <lambda> at 0x7fa496287a90>,<function <lambda> at 0x7fa496287b30>
32858,2023-10-01 01:00:00,<function <lambda> at 0x7fa4962879f0>,<function <lambda> at 0x7fa496287a90>,<function <lambda> at 0x7fa496287b30>
32859,2023-10-01 02:00:00,<function <lambda> at 0x7fa4962879f0>,<function <lambda> at 0x7fa496287a90>,<function <lambda> at 0x7fa496287b30>
32860,2023-10-01 03:00:00,<function <lambda> at 0x7fa4962879f0>,<function <lambda> at 0x7fa496287a90>,<function <lambda> at 0x7fa496287b30>
32861,2023-10-01 04:00:00,<function <lambda> at 0x7fa4962879f0>,<function <lambda> at 0x7fa496287a90>,<function <lambda> at 0x7fa496287b30>
32862,2023-10-01 05:00:00,<function <lambda> at 0x7fa4962879f0>,<function <lambda> at 0x7fa496287a90>,<function <lambda> at 0x7fa496287b30>
32863,2023-10-01 06:00:00,<function <lambda> at 0x7fa4962879f0>,<function <lambda> at 0x7fa496287a90>,<function <lambda> at 0x7fa496287b30>
32864,2023-10-01 07:00:00,<function <lambda> at 0x7fa4962879f0>,<function <lambda> at 0x7fa496287a90>,<function <lambda> at 0x7fa496287b30>
32865,2023-10-01 08:00:00,<function <lambda> at 0x7fa4962879f0>,<function <lambda> at 0x7fa496287a90>,<function <lambda> at 0x7fa496287b30>
32866,2023-10-01 09:00:00,<function <lambda> at 0x7fa4962879f0>,<function <lambda> at 0x7fa496287a90>,<function <lambda> at 0x7fa496287b30>
32867,2023-10-01 10:00:00,<function <lambda> at 0x7fa4962879f0>,<function <lambda> at 0x7fa496287a90>,<function <lambda> at 0x7fa496287b30>
32868,2023-10-01 11:00:00,<function <lambda> at 0x7fa4962879f0>,<function <lambda> at 0x7fa496287a90>,<function <lambda> at 0x7fa496287b30>
32869,2023-10-01 12:00:00,<function <lambda> at 0x7fa4962879f0>,<function <lambda> at 0x7fa496287a90>,<function <lambda> at 0x7fa496287b30>
32870,2023-10-01 13:00:00,<function <lambda> at 0x7fa4962879f0>,<function <lambda> at 0x7fa496287a90>,<function <lambda> at 0x7fa496287b30>
32871,2023-10-01 14:00:00,<function <lambda> at 0x7fa4962879f0>,<function <lambda> at 0x7fa496287a90>,<function <lambda> at 0x7fa496287b30>
32872,2023-10-01 15:00:00,<function <lambda> at 0x7fa4962879f0>,<function <lambda> at 0x7fa496287a90>,<function <lambda> at 0x7fa496287b30>
32873,2023-10-01 16:00:00,<function <lambda> at 0x7fa4962879f0>,<function <lambda> at 0x7fa496287a90>,<function <lambda> at 0x7fa496287b30>
32874,2023-10-01 17:00:00,<function <lambda> at 0x7fa4962879f0>,<function <lambda> at 0x7fa496287a90>,<function <lambda> at 0x7fa496287b30>
32875,2023-10-01 18:00:00,<function <lambda> at 0x7fa4962879f0>,<function <lambda> at 0x7fa496287a90>,<function <lambda> at 0x7fa496287b30>
32876,2023-10-01 19:00:00,<function <lambda> at 0x7fa4962879f0>,<function <lambda> at 0x7fa496287a90>,<function <lambda> at 0x7fa496287b30>
32877,2023-10-01 20:00:00,<function <lambda> at 0x7fa4962879f0>,<function <lambda> at 0x7fa496287a90>,<function <lambda> at 0x7fa496287b30>
32878,2023-10-01 21:00:00,<function <lambda> at 0x7fa4962879f0>,<function <lambda> at 0x7fa496287a90>,<function <lambda> at 0x7fa496287b30>
32879,2023-10-01 22:00:00,<function <lambda> at 0x7fa4962879f0>,<function <lambda> at 0x7fa496287a90>,<function <lambda> at 0x7fa496287b30>
32880,2023-10-01 23:00:00,<function <lambda> at 0x7fa4962879f0>,<function <lambda> at 0x7fa496287a90>,<function <lambda> at 0x7fa496287b30>
32881,2023-10-02 00:00:00,<function <lambda> at 0x7fa4962879f0>,<function <lambda> at 0x7fa496287a90>,<function <lambda> at 0x7fa496287b30>
32882,2023-10-02 01:00:00,<function <lambda> at 0x7fa4962879f0>,<function <lambda> at 0x7fa496287a90>,<function <lambda> at 0x7fa496287b30>
32883,2023-10-02 02:00:00,<function <lambda> at 0x7fa4962879f0>,<function <lambda> at 0x7fa496287a90>,<function <lambda> at 0x7fa496287b30>
32884,2023-10-02 03:00:00,<function <lambda> at 0x7fa4962879f0>,<function <lambda> at 0x7fa496287a90>,<function <lambda> at 0x7fa496287b30>
32885,2023-10-02 04:00:00,<function <lambda> at 0x7fa4962879f0>,<function <lambda> at 0x7fa496287a90>,<function <lambda> at 0x7fa496287b30>
32886,2023-10-02 05:00:00,<function <lambda> at 0x7fa4962879f0>,<function <lambda> at 0x7fa496287a90>,<function <lambda> at 0x7fa496287b30>
32887,2023-10-02 06:00:00,<function <lambda> at 0x7fa4962879f0>,<function <lambda> at 0x7fa496287a90>,<function <lambda> at 0x7fa496287b30>
32888,2023-10-02 07:00:00,<function <lambda> at 0x7fa4962879f0>,<function <lambda> at 0x7fa496287a90>,<function <lambda> at 0x7fa496287b30>
32889,2023-10-02 08:00:00,<function <lambda> at 0x7fa4962879f0>,<function <lambda> at 0x7fa496287a90>,<function <lambda> at 0x7fa496287b30>
32890,2023-10-02 09:00:00,<function <lambda> at 0x7fa4962879f0>,<function <lambda> at 0x7fa496287a90>,<function <lambda> at 0x7fa496287b30>
32891,2023-10-02 10:00:00,<function <lambda> at 0x7fa4962879f0>,<function <lambda> at 0x7fa496287a90>,<function <lambda> at 0x7fa496287b30>
32892,2023-10-02 11:00:00,<function <lambda> at 0x7fa4962879f0>,<function <lambda> at 0x7fa496287a90>,<function <lambda> at 0x7fa496287b30>
32893,2023-10-02 12:00:00,<function <lambda> at 0x7fa4962879f0>,<function <lambda> at 0x7fa496287a90>,<function <lambda> at 0x7fa496287b30>
32894,2023-10-02 13:00:00,<function <lambda> at 0x7fa4962879f0>,<function <lambda> at 0x7fa496287a90>,<function <lambda> at 0x7fa496287b30>
32895,2023-10-02 14:00:00,<function <lambda> at 0x7fa4962879f0>,<function <lambda> at 0x7fa496287a90>,<function <lambda> at 0x7fa496287b30>
32896,2023-10-02 15:00:00,<function <lambda> at 0x7fa4962879f0>,<function <lambda> at 0x7fa496287a90>,<function <lambda> at 0x7fa496287b30>
32897,2023-10-02 16:00:00,<function <lambda> at 0x7fa4962879f0>,<function <lambda> at 0x7fa496287a90>,<function <lambda> at 0x7fa496287b30>
32898,2023-10-02 17:00:00,<function <lambda> at 0x7fa4962879f0>,<function <lambda> at 0x7fa496287a90>,<function <lambda> at 0x7fa496287b30>
32899,2023-10-02 18:00:00,<function <lambda> at 0x7fa4962879f0>,<function <lambda> at 0x7fa496287a90>,<function <lambda> at 0x7fa496287b30>
32900,2023-10-02 19:00:00,<function <lambda> at 0x7fa4962879f0>,<function <lambda> at 0x7fa496287a90>,<function <lambda> at 0x7fa496287b30>
32901,2023-10-02 20:00:00,<function <lambda> at 0x7fa4962879f0>,<function <lambda> at 0x7fa496287a90>,<function <lambda> at 0x7fa496287b30>
32902,2023-10-02 21:00:00,<function <lambda> at 0x7fa4962879f0>,<function <lambda> at 0x7fa496287a90>,<function <lambda> at 0x7fa496287b30>
32903,2023-10-02 22:00:00,<function <lambda> at 0x7fa4962879f0>,<function <lambda> at 0x7fa496287a90>,<function <lambda> at 0x7fa496287b30>
32904,2023-10-02 23:00:00,<function <lambda> at 0x7fa4962879f0>,<function <lambda> at 0x7fa496287a90>,<function <lambda> at 0x7fa496287b30>
32905,2023-10-03 00:00:00,<function <lambda> at 0x7fa4962879f0>,<function <lambda> at 0x7fa496287a90>,<function <lambda> at 0x7fa496287b30>
32906,2023-10-03 01:00:00,<function <lambda> at 0x7fa4962879f0>,<function <lambda> at 0x7fa496287a90>,<function <lambda> at 0x7fa496287b30>
32907,2023-10-03 02:00:00,<function <lambda> at 0x7fa4962879f0>,<function <lambda> at 0x7fa496287a90>,<function <lambda> at 0x7fa496287b30>
32908,2023-10-03 03:00:00,<function <lambda> at 0x7fa4962879f0>,<function <lambda> at 0x7fa496287a90>,<function <lambda> at 0x7fa496287b30>
32909,2023-10-03 04:00:00,<function <lambda> at 0x7fa4962879f0>,<function <lambda> at 0x7fa496287a90>,<function <lambda> at 0x7fa496287b30>
32910,2023-10-03 05:00:00,<function <lambda> at 0x7fa4962879f0>,<function <lambda> at 0x7fa496287a90>,<function <lambda> at 0x7fa496287b30>
32911,2023-10-03 06:00:00,<function <lambda> at 0x7fa4962879f0>,<function <lambda> at 0x7fa496287a90>,<function <lambda> at 0x7fa496287b30>
32912,2023-10-03 07:00:00,<function <lambda> at 0x7fa4962879f0>,<function <lambda> at 0x7fa496287a90>,<function <lambda> at 0x7fa496287b30>
32913,2023-10-03 08:00:00,<function <lambda> at 0x7fa4962879f0>,<function <lambda> at 0x7fa496287a90>,<function <lambda> at 0x7fa496287b30>
32914,2023-10-03 09:00:00,<function <lambda> at 0x7fa4962879f0>,<function <lambda> at 0x7fa496287a90>,<function <lambda> at 0x7fa496287b30>
32915,2023-10-03 10:00:00,<function <lambda> at 0x7fa4962879f0>,<function <lambda> at 0x7fa496287a90>,<function <lambda> at 0x7fa496287b30>
32916,2023-10-03 11:00:00,<function <lambda> at 0x7fa4962879f0>,<function <lambda> at 0x7fa496287a90>,<function <lambda> at 0x7fa496287b30>
32917,2023-10-03 12:00:00,<function <lambda> at 0x7fa4962879f0>,<function <lambda> at 0x7fa496287a90>,<function <lambda> at 0x7fa496287b30>
32918,2023-10-03 13:00:00,<function <lambda> at 0x7fa4962879f0>,<function <lambda> at 0x7fa496287a90>,<function <lambda> at 0x7fa496287b30>
32919,2023-10-03 14:00:00,<function <lambda> at 0x7fa4962879f0>,<function <lambda> at 0x7fa496287a90>,<function <lambda> at 0x7fa496287b30>
32920,2023-10-03 15:00:00,<function <lambda> at 0x7fa4962879f0>,<function <lambda> at 0x7fa496287a90>,<function <lambda> at 0x7fa496287b30>
32921,2023-10-03 16:00:00,<function <lambda> at 0x7fa4962879f0>,<function <lambda> at 0x7fa496287a90>,<function <lambda> at 0x7fa496287b30>
32922,2023-10-03 17:00:00,<function <lambda> at 0x7fa4962879f0>,<function <lambda> at 0x7fa496287a90>,<function <lambda> at 0x7fa496287b30>
32923,2023-10-03 18:00:00,<function <lambda> at 0x7fa4962879f0>,<function <lambda> at 0x7fa496287a90>,<function <lambda> at 0x7fa496287b30>
32924,2023-10-03 19:00:00,<function <lambda> at 0x7fa4962879f0>,<function <lambda> at 0x7fa496287a90>,<function <lambda> at 0x7fa496287b30>
32925,2023-10-03 20:00:00,<function <lambda> at 0x7fa4962879f0>,<function <lambda> at 0x7fa496287a90>,<function <lambda> at 0x7fa496287b30>
32926,2023-10-03 21:00:00,<function <lambda> at 0x7fa4962879f0>,<function <lambda> at 0x7fa496287a90>,<function <lambda> at 0x7fa496287b30>
32927,2023-10-03 22:00:00,<function <lambda> at 0x7fa4962879f0>,<function <lambda> at 0x7fa496287a90>,<function <lambda> at 0x7fa496287b30>
32928,2023-10-03 23:00:00,<function <lambda> at 0x7fa4962879f0>,<function <lambda> at 0x7fa496287a90>,<function <lambda> at 0x7fa496287b30>
32929,2023-10-04 00:00:00,<function <lambda> at 0x7fa4962879f0>,<function <lambda> at 0x7fa496287a90>,<function <lambda> at 0x7fa496287b30>
32930,2023-10-04 01:00:00,<function <lambda> at 0x7fa4962879f0>,<function <lambda> at 0x7fa496287a90>,<function <lambda> at 0x7fa496287b30>
32931,2023-10-04 02:00:00,<function <lambda> at 0x7fa4962879f0>,<function <lambda> at 0x7fa496287a90>,<function <lambda> at 0x7fa496287b30>
32932,2023-10-04 03:00:00,<function <lambda> at 0x7fa4962879f0>,<function <lambda> at 0x7fa496287a90>,<function <lambda> at 0x7fa496287b30>
32933,2023-10-04 04:00:00,<function <lambda> at 0x7fa4962879f0>,<function <lambda> at 0x7fa496287a90>,<function <lambda> at 0x7fa496287b30>
32934,2023-10-04 05:00:00,<function <lambda> at 0x7fa4962879f0>,<function <lambda> at 0x7fa496287a90>,<function <lambda> at 0x7fa496287b30>
32935,2023-10-04 06:00:00,<function <lambda> at 0x7fa4962879f0>,<function <lambda> at 0x7fa496287a90>,<function <lambda> at 0x7fa496287b30>
32936,2023-10-04 07:00:00,<function <lambda> at 0x7fa4962879f0>,<function <lambda> at 0x7fa496287a90>,<function <lambda> at 0x7fa496287b30>
32937,2023-10-04 08:00:00,<function <lambda> at 0x7fa4962879f0>,<function <lambda> at 0x7fa496287a90>,<function <lambda> at 0x7fa496287b30>
32938,2023-10-04 09:00:00,<function <lambda> at 0x7fa4962879f0>,<function <lambda> at 0x7fa496287a90>,<function <lambda> at 0x7fa496287b30>
32939,2023-10-04 10:00:00,<function <lambda> at 0x7fa4962879f0>,<function <lambda> at 0x7fa496287a90>,<function <lambda> at 0x7fa496287b30>
32940,2023-10-04 11:00:00,<function <lambda> at 0x7fa4962879f0>,<function <lambda> at 0x7fa496287a90>,<function <lambda> at 0x7fa496287b30>
32941,2023-10-04 12:00:00,<function <lambda> at 0x7fa4962879f0>,<function <lambda> at 0x7fa496287a90>,<function <lambda> at 0x7fa496287b30>
32942,2023-10-04 13:00:00,<function <lambda> at 0x7fa4962879f0>,<function <lambda> at 0x7fa496287a90>,<function <lambda> at 0x7fa496287b30>
32943,2023-10-04 14:00:00,<function <lambda> at 0x7fa4962879f0>,<function <lambda> at 0x7fa496287a90>,<function <lambda> at 0x7fa496287b30>
32944,2023-10-04 15:00:00,<function <lambda> at 0x7fa4962879f0>,<function <lambda> at 0x7fa496287a90>,<function <lambda> at 0x7fa496287b30>
32945,2023-10-04 16:00:00,<function <lambda> at 0x7fa4962879f0>,<function <lambda> at 0x7fa496287a90>,<function <lambda> at 0x7fa496287b30>
32946,2023-10-04 17:00:00,<function <lambda> at 0x7fa4962879f0>,<function <lambda> at 0x7fa496287a90>,<function <lambda> at 0x7fa496287b30>
32947,2023-10-04 18:00:00,<function <lambda> at 0x7fa4962879f0>,<function <lambda> at 0x7fa496287a90>,<function <lambda> at 0x7fa496287b30>
32948,2023-10-04 19:00:00,<function <lambda> at 0x7fa4962879f0>,<function <lambda> at 0x7fa496287a90>,<function <lambda> at 0x7fa496287b30>
32949,2023-10-04 20:00:00,<function <lambda> at 0x7fa4962879f0>,<function <lambda> at 0x7fa496287a90>,<function <lambda> at 0x7fa496287b30>
32950,2023-10-04 21:00:00,<function <lambda> at 0x7fa4962879f0>,<function <lambda> at 0x7fa496287a90>,<function <lambda> at 0x7fa496287b30>
32951,2023-10-04 22:00:00,<function <lambda> at 0x7fa4962879f0>,<function <lambda> at 0x7fa496287a90>,<function <lambda> at 0x7fa496287b30>
32952,2023-10-04 23:00:00,<function <lambda> at 0x7fa4962879f0>,<function <lambda> at 0x7fa496287a90>,<function <lambda> at 0x7fa496287b30>
32953,2023-10-05 00:00:00,<function <lambda> at 0x7fa4962879f0>,<function <lambda> at 0x7fa496287a90>,<function <lambda> at 0x7fa496287b30>
32954,2023-10-05 01:00:00,<function <lambda> at 0x7fa4962879f0>,<function <lambda> at 0x7fa496287a90>,<function <lambda> at 0x7fa496287b30>
32955,2023-10-05 02:00:00,<function <lambda> at 0x7fa4962879f0>,<function <lambda> at 0x7fa496287a90>,<function <lambda> at 0x7fa496287b30>
32956,2023-10-05 03:00:00,<function <lambda> at 0x7fa4962879f0>,<function <lambda> at 0x7fa496287a90>,<function <lambda> at 0x7fa496287b30>
32957,2023-10-05 04:00:00,<function <lambda> at 0x7fa4962879f0>,<function <lambda> at 0x7fa496287a90>,<function <lambda> at 0x7fa496287b30>
32958,2023-10-05 05:00:00,<function <lambda> at 0x7fa4962879f0>,<function <lambda> at 0x7fa496287a90>,<function <lambda> at 0x7fa496287b30>
32959,2023-10-05 06:00:00,<function <lambda> at 0x7fa4962879f0>,<function <lambda> at 0x7fa496287a90>,<function <lambda> at 0x7fa496287b30>
32960,2023-10-05 07:00:00,<function <lambda> at 0x7fa4962879f0>,<function <lambda> at 0x7fa496287a90>,<function <lambda> at 0x7fa496287b30>
32961,2023-10-05 08:00:00,<function <lambda> at 0x7fa4962879f0>,<function <lambda> at 0x7fa496287a90>,<function <lambda> at 0x7fa496287b30>
32962,2023-10-05 09:00:00,<function <lambda> at 0x7fa4962879f0>,<function <lambda> at 0x7fa496287a90>,<function <lambda> at 0x7fa496287b30>
32963,2023-10-05 10:00:00,<function <lambda> at 0x7fa4962879f0>,<function <lambda> at 0x7fa496287a90>,<function <lambda> at 0x7fa496287b30>
32964,2023-10-05 11:00:00,<function <lambda> at 0x7fa4962879f0>,<function <lambda> at 0x7fa496287a90>,<function <lambda> at 0x7fa496287b30>
32965,2023-10-05 12:00:00,<function <lambda> at 0x7fa4962879f0>,<function <lambda> at 0x7fa496287a90>,<function <lambda> at 0x7fa496287b30>
32966,2023-10-05 13:00:00,<function <lambda> at 0x7fa4962879f0>,<function <lambda> at 0x7fa496287a90>,<function <lambda> at 0x7fa496287b30>
32967,2023-10-05 14:00:00,<function <lambda> at 0x7fa4962879f0>,<function <lambda> at 0x7fa496287a90>,<function <lambda> at 0x7fa496287b30>
32968,2023-10-05 15:00:00,<function <lambda> at 0x7fa4962879f0>,<function <lambda> at 0x7fa496287a90>,<function <lambda> at 0x7fa496287b30>
32969,2023-10-05 16:00:00,<function <lambda> at 0x7fa4962879f0>,<function <lambda> at 0x7fa496287a90>,<function <lambda> at 0x7fa496287b30>
32970,2023-10-05 17:00:00,<function <lambda> at 0x7fa4962879f0>,<function <lambda> at 0x7fa496287a90>,<function <lambda> at 0x7fa496287b30>
32971,2023-10-05 18:00:00,<function <lambda> at 0x7fa4962879f0>,<function <lambda> at 0x7fa496287a90>,<function <lambda> at 0x7fa496287b30>
32972,2023-10-05 19:00:00,<function <lambda> at 0x7fa4962879f0>,<function <lambda> at 0x7fa496287a90>,<function <lambda> at 0x7fa496287b30>
32973,2023-10-05 20:00:00,<function <lambda> at 0x7fa4962879f0>,<function <lambda> at 0x7fa496287a90>,<function <lambda> at 0x7fa496287b30>
32974,2023-10-05 21:00:00,<function <lambda> at 0x7fa4962879f0>,<function <lambda> at 0x7fa496287a90>,<function <lambda> at 0x7fa496287b30>
32975,2023-10-05 22:00:00,<function <lambda> at 0x7fa4962879f0>,<function <lambda> at 0x7fa496287a90>,<function <lambda> at 0x7fa496287b30>
32976,2023-10-05 23:00:00,<function <lambda> at 0x7fa4962879f0>,<function <lambda> at 0x7fa496287a90>,<function <lambda> at 0x7fa496287b30>
32977,2023-10-06 00:00:00,<function <lambda> at 0x7fa4962879f0>,<function <lambda> at 0x7fa496287a90>,<function <lambda> at 0x7fa496287b30>
32978,2023-10-06 01:00:00,<function <lambda> at 0x7fa4962879f0>,<function <lambda> at 0x7fa496287a90>,<function <lambda> at 0x7fa496287b30>
32979,2023-10-06 02:00:00,<function <lambda> at 0x7fa4962879f0>,<function <lambda> at 0x7fa496287a90>,<function <lambda> at 0x7fa496287b30>
32980,2023-10-06 03:00:00,<function <lambda> at 0x7fa4962879f0>,<function <lambda> at 0x7fa496287a90>,<function <lambda> at 0x7fa496287b30>
32981,2023-10-06 04:00:00,<function <lambda> at 0x7fa4962879f0>,<function <lambda> at 0x7fa496287a90>,<function <lambda> at 0x7fa496287b30>
32982,2023-10-06 05:00:00,<function <lambda> at 0x7fa4962879f0>,<function <lambda> at 0x7fa496287a90>,<function <lambda> at 0x7fa496287b30>
32983,2023-10-06 06:00:00,<function <lambda> at 0x7fa4962879f0>,<function <lambda> at 0x7fa496287a90>,<function <lambda> at 0x7fa496287b30>
32984,2023-10-06 07:00:00,<function <lambda> at 0x7fa4962879f0>,<function <lambda> at 0x7fa496287a90>,<function <lambda> at 0x7fa496287b30>
32985,2023-10-06 08:00:00,<function <lambda> at 0x7fa4962879f0>,<function <lambda> at 0x7fa496287a90>,<function <lambda> at 0x7fa496287b30>
32986,2023-10-06 09:00:00,<function <lambda> at 0x7fa4962879f0>,<function <lambda> at 0x7fa496287a90>,<function <lambda> at 0x7fa496287b30>
32987,2023-10-06 10:00:00,<function <lambda> at 0x7fa4962879f0>,<function <lambda> at 0x7fa496287a90>,<function <lambda> at 0x7fa496287b30>
32988,2023-10-06 11:00:00,<function <lambda> at 0x7fa4962879f0>,<function <lambda> at 0x7fa496287a90>,<function <lambda> at 0x7fa496287b30>
32989,2023-10-06 12:00:00,<function <lambda> at 0x7fa4962879f0>,<function <lambda> at 0x7fa496287a90>,<function <lambda> at 0x7fa496287b30>
32990,2023-10-06 13:00:00,<function <lambda> at 0x7fa4962879f0>,<function <lambda> at 0x7fa496287a90>,<function <lambda> at 0x7fa496287b30>
32991,2023-10-06 14:00:00,<function <lambda> at 0x7fa4962879f0>,<function <lambda> at 0x7fa496287a90>,<function <lambda> at 0x7fa496287b30>
32992,2023-10-06 15:00:00,<function <lambda> at 0x7fa4962879f0>,<function <lambda> at 0x7fa496287a90>,<function <lambda> at 0x7fa496287b30>
32993,2023-10-06 16:00:00,<function <lambda> at 0x7fa4962879f0>,<function <lambda> at 0x7fa496287a90>,<function <lambda> at 0x7fa496287b30>
32994,2023-10-06 17:00:00,<function <lambda> at 0x7fa4962879f0>,<function <lambda> at 0x7fa496287a90>,<function <lambda> at 0x7fa496287b30>
32995,2023-10-06 18:00:00,<function <lambda> at 0x7fa4962879f0>,<function <lambda> at 0x7fa496287a90>,<function <lambda> at 0x7fa496287b30>
32996,2023-10-06 19:00:00,<function <lambda> at 0x7fa4962879f0>,<function <lambda> at 0x7fa496287a90>,<function <lambda> at 0x7fa496287b30>
32997,2023-10-06 20:00:00,<function <lambda> at 0x7fa4962879f0>,<function <lambda> at 0x7fa496287a90>,<function <lambda> at 0x7fa496287b30>
32998,2023-10-06 21:00:00,<function <lambda> at 0x7fa4962879f0>,<function <lambda> at 0x7fa496287a90>,<function <lambda> at 0x7fa496287b30>
32999,2023-10-06 22:00:00,<function <lambda> at 0x7fa4962879f0>,<function <lambda> at 0x7fa496287a90>,<function <lambda> at 0x7fa496287b30>
33000,2023-10-06 23:00:00,<function <lambda> at 0x7fa4962879f0>,<function <lambda> at 0x7fa496287a90>,<function <lambda> at 0x7fa496287b30>
33001,2023-10-07 00:00:00,<function <lambda> at 0x7fa4962879f0>,<function <lambda> at 0x7fa496287a90>,<function <lambda> at 0x7fa496287b30>
33002,2023-10-07 01:00:00,<function <lambda> at 0x7fa4962879f0>,<function <lambda> at 0x7fa496287a90>,<function <lambda> at 0x7fa496287b30>
33003,2023-10-07 02:00:00,<function <lambda> at 0x7fa4962879f0>,<function <lambda> at 0x7fa496287a90>,<function <lambda> at 0x7fa496287b30>
33004,2023-10-07 03:00:00,<function <lambda> at 0x7fa4962879f0>,<function <lambda> at 0x7fa496287a90>,<function <lambda> at 0x7fa496287b30>
33005,2023-10-07 04:00:00,<function <lambda> at 0x7fa4962879f0>,<function <lambda> at 0x7fa496287a90>,<function <lambda> at 0x7fa496287b30>
33006,2023-10-07 05:00:00,<function <lambda> at 0x7fa4962879f0>,<function <lambda> at 0x7fa496287a90>,<function <lambda> at 0x7fa496287b30>
33007,2023-10-07 06:00:00,<function <lambda> at 0x7fa4962879f0>,<function <lambda> at 0x7fa496287a90>,<function <lambda> at 0x7fa496287b30>
33008,2023-10-07 07:00:00,<function <lambda> at 0x7fa4962879f0>,<function <lambda> at 0x7fa496287a90>,<function <lambda> at 0x7fa496287b30>
33009,2023-10-07 08:00:00,<function <lambda> at 0x7fa4962879f0>,<function <lambda> at 0x7fa496287a90>,<function <lambda> at 0x7fa496287b30>
33010,2023-10-07 09:00:00,<function <lambda> at 0x7fa4962879f0>,<function <lambda> at 0x7fa496287a90>,<function <lambda> at 0x7fa496287b30>
33011,2023-10-07 10:00:00,<function <lambda> at 0x7fa4962879f0>,<function <lambda> at 0x7fa496287a90>,<function <lambda> at 0x7fa496287b30>
33012,2023-10-07 11:00:00,<function <lambda> at 0x7fa4962879f0>,<function <lambda> at 0x7fa496287a90>,<function <lambda> at 0x7fa496287b30>
33013,2023-10-07 12:00:00,<function <lambda> at 0x7fa4962879f0>,<function <lambda> at 0x7fa496287a90>,<function <lambda> at 0x7fa496287b30>
33014,2023-10-07 13:00:00,<function <lambda> at 0x7fa4962879f0>,<function <lambda> at 0x7fa496287a90>,<function <lambda> at 0x7fa496287b30>
33015,2023-10-07 14:00:00,<function <lambda> at 0x7fa4962879f0>,<function <lambda> at 0x7fa496287a90>,<function <lambda> at 0x7fa496287b30>
33016,2023-10-07 15:00:00,<function <lambda> at 0x7fa4962879f0>,<function <lambda> at 0x7fa496287a90>,<function <lambda> at 0x7fa496287b30>
33017,2023-10-07 16:00:00,<function <lambda> at 0x7fa4962879f0>,<function <lambda> at 0x7fa496287a90>,<function <lambda> at 0x7fa496287b30>
33018,2023-10-07 17:00:00,<function <lambda> at 0x7fa4962879f0>,<function <lambda> at 0x7fa496287a90>,<function <lambda> at 0x7fa496287b30>
33019,2023-10-07 18:00:00,<function <lambda> at 0x7fa4962879f0>,<function <lambda> at 0x7fa496287a90>,<function <lambda> at 0x7fa496287b30>
33020,2023-10-07 19:00:00,<function <lambda> at 0x7fa4962879f0>,<function <lambda> at 0x7fa496287a90>,<function <lambda> at 0x7fa496287b30>
33021,2023-10-07 20:00:00,<function <lambda> at 0x7fa4962879f0>,<function <lambda> at 0x7fa496287a90>,<function <lambda> at 0x7fa496287b30>
33022,2023-10-07 21:00:00,<function <lambda> at 0x7fa4962879f0>,<function <lambda> at 0x7fa496287a90>,<function <lambda> at 0x7fa496287b30>
33023,2023-10-07 22:00:00,<function <lambda> at 0x7fa4962879f0>,<function <lambda> at 0x7fa496287a90>,<function <lambda> at 0x7fa496287b30>
33024,2023-10-07 23:00:00,<function <lambda> at 0x7fa4962879f0>,<function <lambda> at 0x7fa496287a90>,<function <lambda> at 0x7fa496287b30>
33025,2023-10-08 00:00:00,<function <lambda> at 0x7fa4962879f0>,<function <lambda> at 0x7fa496287a90>,<function <lambda> at 0x7fa496287b30>
33026,2023-10-08 01:00:00,<function <lambda> at 0x7fa4962879f0>,<function <lambda> at 0x7fa496287a90>,<function <lambda> at 0x7fa496287b30>
33027,2023-10-08 02:00:00,<function <lambda> at 0x7fa4962879f0>,<function <lambda> at 0x7fa496287a90>,<function <lambda> at 0x7fa496287b30>
33028,2023-10-08 03:00:00,<function <lambda> at 0x7fa4962879f0>,<function <lambda> at 0x7fa496287a90>,<function <lambda> at 0x7fa496287b30>
33029,2023-10-08 04:00:00,<function <lambda> at 0x7fa4962879f0>,<function <lambda> at 0x7fa496287a90>,<function <lambda> at 0x7fa496287b30>
33030,2023-10-08 05:00:00,<function <lambda> at 0x7fa4962879f0>,<function <lambda> at 0x7fa496287a90>,<function <lambda> at 0x7fa496287b30>
33031,2023-10-08 06:00:00,<function <lambda> at 0x7fa4962879f0>,<function <lambda> at 0x7fa496287a90>,<function <lambda> at 0x7fa496287b30>
33032,2023-10-08 07:00:00,<function <lambda> at 0x7fa4962879f0>,<function <lambda> at 0x7fa496287a90>,<function <lambda> at 0x7fa496287b30>
33033,2023-10-08 08:00:00,<function <lambda> at 0x7fa4962879f0>,<function <lambda> at 0x7fa496287a90>,<function <lambda> at 0x7fa496287b30>
33034,2023-10-08 09:00:00,<function <lambda> at 0x7fa4962879f0>,<function <lambda> at 0x7fa496287a90>,<function <lambda> at 0x7fa496287b30>
33035,2023-10-08 10:00:00,<function <lambda> at 0x7fa4962879f0>,<function <lambda> at 0x7fa496287a90>,<function <lambda> at 0x7fa496287b30>
33036,2023-10-08 11:00:00,<function <lambda> at 0x7fa4962879f0>,<function <lambda> at 0x7fa496287a90>,<function <lambda> at 0x7fa496287b30>
33037,2023-10-08 12:00:00,<function <lambda> at 0x7fa4962879f0>,<function <lambda> at 0x7fa496287a90>,<function <lambda> at 0x7fa496287b30>
33038,2023-10-08 13:00:00,<function <lambda> at 0x7fa4962879f0>,<function <lambda> at 0x7fa496287a90>,<function <lambda> at 0x7fa496287b30>
33039,2023-10-08 14:00:00,<function <lambda> at 0x7fa4962879f0>,<function <lambda> at 0x7fa496287a90>,<function <lambda> at 0x7fa496287b30>
33040,2023-10-08 15:00:00,<function <lambda> at 0x7fa4962879f0>,<function <lambda> at 0x7fa496287a90>,<function <lambda> at 0x7fa496287b30>
33041,2023-10-08 16:00:00,<function <lambda> at 0x7fa4962879f0>,<function <lambda> at 0x7fa496287a90>,<function <lambda> at 0x7fa496287b30>
33042,2023-10-08 17:00:00,<function <lambda> at 0x7fa4962879f0>,<function <lambda> at 0x7fa496287a90>,<function <lambda> at 0x7fa496287b30>
33043,2023-10-08 18:00:00,<function <lambda> at 0x7fa4962879f0>,<function <lambda> at 0x7fa496287a90>,<function <lambda> at 0x7fa496287b30>
33044,2023-10-08 19:00:00,<function <lambda> at 0x7fa4962879f0>,<function <lambda> at 0x7fa496287a90>,<function <lambda> at 0x7fa496287b30>
33045,2023-10-08 20:00:00,<function <lambda> at 0x7fa4962879f0>,<function <lambda> at 0x7fa496287a90>,<function <lambda> at 0x7fa496287b30>
33046,2023-10-08 21:00:00,<function <lambda> at 0x7fa4962879f0>,<function <lambda> at 0x7fa496287a90>,<function <lambda> at 0x7fa496287b30>
33047,2023-10-08 22:00:00,<function <lambda> at 0x7fa4962879f0>,<function <lambda> at 0x7fa496287a90>,<function <lambda> at 0x7fa496287b30>
33048,2023-10-08 23:00:00,<function <lambda> at 0x7fa4962879f0>,<function <lambda> at 0x7fa496287a90>,<function <lambda> at 0x7fa496287b30>
33049,2023-10-09 00:00:00,<function <lambda> at 0x7fa4962879f0>,<function <lambda> at 0x7fa496287a90>,<function <lambda> at 0x7fa496287b30>
33050,2023-10-09 01:00:00,<function <lambda> at 0x7fa4962879f0>,<function <lambda> at 0x7fa496287a90>,<function <lambda> at 0x7fa496287b30>
33051,2023-10-09 02:00:00,<function <lambda> at 0x7fa4962879f0>,<function <lambda> at 0x7fa496287a90>,<function <lambda> at 0x7fa496287b30>
33052,2023-10-09 03:00:00,<function <lambda> at 0x7fa4962879f0>,<function <lambda> at 0x7fa496287a90>,<function <lambda> at 0x7fa496287b30>
33053,2023-10-09 04:00:00,<function <lambda> at 0x7fa4962879f0>,<function <lambda> at 0x7fa496287a90>,<function <lambda> at 0x7fa496287b30>
33054,2023-10-09 05:00:00,<function <lambda> at 0x7fa4962879f0>,<function <lambda> at 0x7fa496287a90>,<function <lambda> at 0x7fa496287b30>
33055,2023-10-09 06:00:00,<function <lambda> at 0x7fa4962879f0>,<function <lambda> at 0x7fa496287a90>,<function <lambda> at 0x7fa496287b30>
33056,2023-10-09 07:00:00,<function <lambda> at 0x7fa4962879f0>,<function <lambda> at 0x7fa496287a90>,<function <lambda> at 0x7fa496287b30>
33057,2023-10-09 08:00:00,<function <lambda> at 0x7fa4962879f0>,<function <lambda> at 0x7fa496287a90>,<function <lambda> at 0x7fa496287b30>
33058,2023-10-09 09:00:00,<function <lambda> at 0x7fa4962879f0>,<function <lambda> at 0x7fa496287a90>,<function <lambda> at 0x7fa496287b30>
33059,2023-10-09 10:00:00,<function <lambda> at 0x7fa4962879f0>,<function <lambda> at 0x7fa496287a90>,<function <lambda> at 0x7fa496287b30>
33060,2023-10-09 11:00:00,<function <lambda> at 0x7fa4962879f0>,<function <lambda> at 0x7fa496287a90>,<function <lambda> at 0x7fa496287b30>
33061,2023-10-09 12:00:00,<function <lambda> at 0x7fa4962879f0>,<function <lambda> at 0x7fa496287a90>,<function <lambda> at 0x7fa496287b30>
33062,2023-10-09 13:00:00,<function <lambda> at 0x7fa4962879f0>,<function <lambda> at 0x7fa496287a90>,<function <lambda> at 0x7fa496287b30>
33063,2023-10-09 14:00:00,<function <lambda> at 0x7fa4962879f0>,<function <lambda> at 0x7fa496287a90>,<function <lambda> at 0x7fa496287b30>
33064,2023-10-09 15:00:00,<function <lambda> at 0x7fa4962879f0>,<function <lambda> at 0x7fa496287a90>,<function <lambda> at 0x7fa496287b30>
33065,2023-10-09 16:00:00,<function <lambda> at 0x7fa4962879f0>,<function <lambda> at 0x7fa496287a90>,<function <lambda> at 0x7fa496287b30>
33066,2023-10-09 17:00:00,<function <lambda> at 0x7fa4962879f0>,<function <lambda> at 0x7fa496287a90>,<function <lambda> at 0x7fa496287b30>
33067,2023-10-09 18:00:00,<function <lambda> at 0x7fa4962879f0>,<function <lambda> at 0x7fa496287a90>,<function <lambda> at 0x7fa496287b30>
33068,2023-10-09 19:00:00,<function <lambda> at 0x7fa4962879f0>,<function <lambda> at 0x7fa496287a90>,<function <lambda> at 0x7fa496287b30>
33069,2023-10-09 20:00:00,<function <lambda> at 0x7fa4962879f0>,<function <lambda> at 0x7fa496287a90>,<function <lambda> at 0x7fa496287b30>
33070,2023-10-09 21:00:00,<function <lambda> at 0x7fa4962879f0>,<function <lambda> at 0x7fa496287a90>,<function <lambda> at 0x7fa496287b30>
33071,2023-10-09 22:00:00,<function <lambda> at 0x7fa4962879f0>,<function <lambda> at 0x7fa496287a90>,<function <lambda> at 0x7fa496287b30>
33072,2023-10-09 23:00:00,<function <lambda> at 0x7fa4962879f0>,<function <lambda> at 0x7fa496287a90>,<function <lambda> at 0x7fa496287b30>
33073,2023-10-10 00:00:00,<function <lambda> at 0x7fa4962879f0>,<function <lambda> at 0x7fa496287a90>,<function <lambda> at 0x7fa496287b30>
33074,2023-10-10 01:00:00,<function <lambda> at 0x7fa4962879f0>,<function <lambda> at 0x7fa496287a90>,<function <lambda> at 0x7fa496287b30>
33075,2023-10-10 02:00:00,<function <lambda> at 0x7fa4962879f0>,<function <lambda> at 0x7fa496287a90>,<function <lambda> at 0x7fa496287b30>
33076,2023-10-10 03:00:00,<function <lambda> at 0x7fa4962879f0>,<function <lambda> at 0x7fa496287a90>,<function <lambda> at 0x7fa496287b30>
33077,2023-10-10 04:00:00,<function <lambda> at 0x7fa4962879f0>,<function <lambda> at 0x7fa496287a90>,<function <lambda> at 0x7fa496287b30>
33078,2023-10-10 05:00:00,<function <lambda> at 0x7fa4962879f0>,<function <lambda> at 0x7fa496287a90>,<function <lambda> at 0x7fa496287b30>
33079,2023-10-10 06:00:00,<function <lambda> at 0x7fa4962879f0>,<function <lambda> at 0x7fa496287a90>,<function <lambda> at 0x7fa496287b30>
33080,2023-10-10 07:00:00,<function <lambda> at 0x7fa4962879f0>,<function <lambda> at 0x7fa496287a90>,<function <lambda> at 0x7fa496287b30>
33081,2023-10-10 08:00:00,<function <lambda> at 0x7fa4962879f0>,<function <lambda> at 0x7fa496287a90>,<function <lambda> at 0x7fa496287b30>
33082,2023-10-10 09:00:00,<function <lambda> at 0x7fa4962879f0>,<function <lambda> at 0x7fa496287a90>,<function <lambda> at 0x7fa496287b30>
33083,2023-10-10 10:00:00,<function <lambda> at 0x7fa4962879f0>,<function <lambda> at 0x7fa496287a90>,<function <lambda> at 0x7fa496287b30>
33084,2023-10-10 11:00:00,<function <lambda> at 0x7fa4962879f0>,<function <lambda> at 0x7fa496287a90>,<function <lambda> at 0x7fa496287b30>
33085,2023-10-10 12:00:00,<function <lambda> at 0x7fa4962879f0>,<function <lambda> at 0x7fa496287a90>,<function <lambda> at 0x7fa496287b30>
33086,2023-10-10 13:00:00,<function <lambda> at 0x7fa4962879f0>,<function <lambda> at 0x7fa496287a90>,<function <lambda> at 0x7fa496287b30>
33087,2023-10-10 14:00:00,<function <lambda> at 0x7fa4962879f0>,<function <lambda> at 0x7fa496287a90>,<function <lambda> at 0x7fa496287b30>
33088,2023-10-10 15:00:00,<function <lambda> at 0x7fa4962879f0>,<function <lambda> at 0x7fa496287a90>,<function <lambda> at 0x7fa496287b30>
33089,2023-10-10 16:00:00,<function <lambda> at 0x7fa4962879f0>,<function <lambda> at 0x7fa496287a90>,<function <lambda> at 0x7fa496287b30>
33090,2023-10-10 17:00:00,<function <lambda> at 0x7fa4962879f0>,<function <lambda> at 0x7fa496287a90>,<function <lambda> at 0x7fa496287b30>
33091,2023-10-10 18:00:00,<function <lambda> at 0x7fa4962879f0>,<function <lambda> at 0x7fa496287a90>,<function <lambda> at 0x7fa496287b30>
33092,2023-10-10 19:00:00,<function <lambda> at 0x7fa4962879f0>,<function <lambda> at 0x7fa496287a90>,<function <lambda> at 0x7fa496287b30>
33093,2023-10-10 20:00:00,<function <lambda> at 0x7fa4962879f0>,<function <lambda> at 0x7fa496287a90>,<function <lambda> at 0x7fa496287b30>
33094,2023-10-10 21:00:00,<function <lambda> at 0x7fa4962879f0>,<function <lambda> at 0x7fa496287a90>,<function <lambda> at 0x7fa496287b30>
33095,2023-10-10 22:00:00,<function <lambda> at 0x7fa4962879f0>,<function <lambda> at 0x7fa496287a90>,<function <lambda> at 0x7fa496287b30>
33096,2023-10-10 23:00:00,<function <lambda> at 0x7fa4962879f0>,<function <lambda> at 0x7fa496287a90>,<function <lambda> at 0x7fa496287b30>
33097,2023-10-11 00:00:00,<function <lambda> at 0x7fa4962879f0>,<function <lambda> at 0x7fa496287a90>,<function <lambda> at 0x7fa496287b30>
33098,2023-10-11 01:00:00,<function <lambda> at 0x7fa4962879f0>,<function <lambda> at 0x7fa496287a90>,<function <lambda> at 0x7fa496287b30>
33099,2023-10-11 02:00:00,<function <lambda> at 0x7fa4962879f0>,<function <lambda> at 0x7fa496287a90>,<function <lambda> at 0x7fa496287b30>
33100,2023-10-11 03:00:00,<function <lambda> at 0x7fa4962879f0>,<function <lambda> at 0x7fa496287a90>,<function <lambda> at 0x7fa496287b30>
33101,2023-10-11 04:00:00,<function <lambda> at 0x7fa4962879f0>,<function <lambda> at 0x7fa496287a90>,<function <lambda> at 0x7fa496287b30>
33102,2023-10-11 05:00:00,<function <lambda> at 0x7fa4962879f0>,<function <lambda> at 0x7fa496287a90>,<function <lambda> at 0x7fa496287b30>
33103,2023-10-11 06:00:00,<function <lambda> at 0x7fa4962879f0>,<function <lambda> at 0x7fa496287a90>,<function <lambda> at 0x7fa496287b30>
33104,2023-10-11 07:00:00,<function <lambda> at 0x7fa4962879f0>,<function <lambda> at 0x7fa496287a90>,<function <lambda> at 0x7fa496287b30>
33105,2023-10-11 08:00:00,<function <lambda> at 0x7fa4962879f0>,<function <lambda> at 0x7fa496287a90>,<function <lambda> at 0x7fa496287b30>
33106,2023-10-11 09:00:00,<function <lambda> at 0x7fa4962879f0>,<function <lambda> at 0x7fa496287a90>,<function <lambda> at 0x7fa496287b30>
33107,2023-10-11 10:00:00,<function <lambda> at 0x7fa4962879f0>,<function <lambda> at 0x7fa496287a90>,<function <lambda> at 0x7fa496287b30>
33108,2023-10-11 11:00:00,<function <lambda> at 0x7fa4962879f0>,<function <lambda> at 0x7fa496287a90>,<function <lambda> at 0x7fa496287b30>
33109,2023-10-11 12:00:00,<function <lambda> at 0x7fa4962879f0>,<function <lambda> at 0x7fa496287a90>,<function <lambda> at 0x7fa496287b30>
33110,2023-10-11 13:00:00,<function <lambda> at 0x7fa4962879f0>,<function <lambda> at 0x7fa496287a90>,<function <lambda> at 0x7fa496287b30>
33111,2023-10-11 14:00:00,<function <lambda> at 0x7fa4962879f0>,<function <lambda> at 0x7fa496287a90>,<function <lambda> at 0x7fa496287b30>
33112,2023-10-11 15:00:00,<function <lambda> at 0x7fa4962879f0>,<function <lambda> at 0x7fa496287a90>,<function <lambda> at 0x7fa496287b30>
33113,2023-10-11 16:00:00,<function <lambda> at 0x7fa4962879f0>,<function <lambda> at 0x7fa496287a90>,<function <lambda> at 0x7fa496287b30>
33114,2023-10-11 17:00:00,<function <lambda> at 0x7fa4962879f0>,<function <lambda> at 0x7fa496287a90>,<function <lambda> at 0x7fa496287b30>
33115,2023-10-11 18:00:00,<function <lambda> at 0x7fa4962879f0>,<function <lambda> at 0x7fa496287a90>,<function <lambda> at 0x7fa496287b30>
33116,2023-10-11 19:00:00,<function <lambda> at 0x7fa4962879f0>,<function <lambda> at 0x7fa496287a90>,<function <lambda> at 0x7fa496287b30>
33117,2023-10-11 20:00:00,<function <lambda> at 0x7fa4962879f0>,<function <lambda> at 0x7fa496287a90>,<function <lambda> at 0x7fa496287b30>
33118,2023-10-11 21:00:00,<function <lambda> at 0x7fa4962879f0>,<function <lambda> at 0x7fa496287a90>,<function <lambda> at 0x7fa496287b30>
33119,2023-10-11 22:00:00,<function <lambda> at 0x7fa4962879f0>,<function <lambda> at 0x7fa496287a90>,<function <lambda> at 0x7fa496287b30>
33120,2023-10-11 23:00:00,<function <lambda> at 0x7fa4962879f0>,<function <lambda> at 0x7fa496287a90>,<function <lambda> at 0x7fa496287b30>
33121,2023-10-12 00:00:00,<function <lambda> at 0x7fa4962879f0>,<function <lambda> at 0x7fa496287a90>,<function <lambda> at 0x7fa496287b30>
33122,2023-10-12 01:00:00,<function <lambda> at 0x7fa4962879f0>,<function <lambda> at 0x7fa496287a90>,<function <lambda> at 0x7fa496287b30>
33123,2023-10-12 02:00:00,<function <lambda> at 0x7fa4962879f0>,<function <lambda> at 0x7fa496287a90>,<function <lambda> at 0x7fa496287b30>
33124,2023-10-12 03:00:00,<function <lambda> at 0x7fa4962879f0>,<function <lambda> at 0x7fa496287a90>,<function <lambda> at 0x7fa496287b30>
33125,2023-10-12 04:00:00,<function <lambda> at 0x7fa4962879f0>,<function <lambda> at 0x7fa496287a90>,<function <lambda> at 0x7fa496287b30>
33126,2023-10-12 05:00:00,<function <lambda> at 0x7fa4962879f0>,<function <lambda> at 0x7fa496287a90>,<function <lambda> at 0x7fa496287b30>
33127,2023-10-12 06:00:00,<function <lambda> at 0x7fa4962879f0>,<function <lambda> at 0x7fa496287a90>,<function <lambda> at 0x7fa496287b30>
33128,2023-10-12 07:00:00,<function <lambda> at 0x7fa4962879f0>,<function <lambda> at 0x7fa496287a90>,<function <lambda> at 0x7fa496287b30>
33129,2023-10-12 08:00:00,<function <lambda> at 0x7fa4962879f0>,<function <lambda> at 0x7fa496287a90>,<function <lambda> at 0x7fa496287b30>
33130,2023-10-12 09:00:00,<function <lambda> at 0x7fa4962879f0>,<function <lambda> at 0x7fa496287a90>,<function <lambda> at 0x7fa496287b30>
33131,2023-10-12 10:00:00,<function <lambda> at 0x7fa4962879f0>,<function <lambda> at 0x7fa496287a90>,<function <lambda> at 0x7fa496287b30>
33132,2023-10-12 11:00:00,<function <lambda> at 0x7fa4962879f0>,<function <lambda> at 0x7fa496287a90>,<function <lambda> at 0x7fa496287b30>
33133,2023-10-12 12:00:00,<function <lambda> at 0x7fa4962879f0>,<function <lambda> at 0x7fa496287a90>,<function <lambda> at 0x7fa496287b30>
33134,2023-10-12 13:00:00,<function <lambda> at 0x7fa4962879f0>,<function <lambda> at 0x7fa496287a90>,<function <lambda> at 0x7fa496287b30>
33135,2023-10-12 14:00:00,<function <lambda> at 0x7fa4962879f0>,<function <lambda> at 0x7fa496287a90>,<function <lambda> at 0x7fa496287b30>
33136,2023-10-12 15:00:00,<function <lambda> at 0x7fa4962879f0>,<function <lambda> at 0x7fa496287a90>,<function <lambda> at 0x7fa496287b30>
33137,2023-10-12 16:00:00,<function <lambda> at 0x7fa4962879f0>,<function <lambda> at 0x7fa496287a90>,<function <lambda> at 0x7fa496287b30>
33138,2023-10-12 17:00:00,<function <lambda> at 0x7fa4962879f0>,<function <lambda> at 0x7fa496287a90>,<function <lambda> at 0x7fa496287b30>
33139,2023-10-12 18:00:00,<function <lambda> at 0x7fa4962879f0>,<function <lambda> at 0x7fa496287a90>,<function <lambda> at 0x7fa496287b30>
33140,2023-10-12 19:00:00,<function <lambda> at 0x7fa4962879f0>,<function <lambda> at 0x7fa496287a90>,<function <lambda> at 0x7fa496287b30>
33141,2023-10-12 20:00:00,<function <lambda> at 0x7fa4962879f0>,<function <lambda> at 0x7fa496287a90>,<function <lambda> at 0x7fa496287b30>
33142,2023-10-12 21:00:00,<function <lambda> at 0x7fa4962879f0>,<function <lambda> at 0x7fa496287a90>,<function <lambda> at 0x7fa496287b30>
33143,2023-10-12 22:00:00,<function <lambda> at 0x7fa4962879f0>,<function <lambda> at 0x7fa496287a90>,<function <lambda> at 0x7fa496287b30>
33144,2023-10-12 23:00:00,<function <lambda> at 0x7fa4962879f0>,<function <lambda> at 0x7fa496287a90>,<function <lambda> at 0x7fa496287b30>
33145,2023-10-13 00:00:00,<function <lambda> at 0x7fa4962879f0>,<function <lambda> at 0x7fa496287a90>,<function <lambda> at 0x7fa496287b30>
33146,2023-10-13 01:00:00,<function <lambda> at 0x7fa4962879f0>,<function <lambda> at 0x7fa496287a90>,<function <lambda> at 0x7fa496287b30>
33147,2023-10-13 02:00:00,<function <lambda> at 0x7fa4962879f0>,<function <lambda> at 0x7fa496287a90>,<function <lambda> at 0x7fa496287b30>
33148,2023-10-13 03:00:00,<function <lambda> at 0x7fa4962879f0>,<function <lambda> at 0x7fa496287a90>,<function <lambda> at 0x7fa496287b30>
33149,2023-10-13 04:00:00,<function <lambda> at 0x7fa4962879f0>,<function <lambda> at 0x7fa496287a90>,<function <lambda> at 0x7fa496287b30>
33150,2023-10-13 05:00:00,<function <lambda> at 0x7fa4962879f0>,<function <lambda> at 0x7fa496287a90>,<function <lambda> at 0x7fa496287b30>
33151,2023-10-13 06:00:00,<function <lambda> at 0x7fa4962879f0>,<function <lambda> at 0x7fa496287a90>,<function <lambda> at 0x7fa496287b30>
33152,2023-10-13 07:00:00,<function <lambda> at 0x7fa4962879f0>,<function <lambda> at 0x7fa496287a90>,<function <lambda> at 0x7fa496287b30>
33153,2023-10-13 08:00:00,<function <lambda> at 0x7fa4962879f0>,<function <lambda> at 0x7fa496287a90>,<function <lambda> at 0x7fa496287b30>
33154,2023-10-13 09:00:00,<function <lambda> at 0x7fa4962879f0>,<function <lambda> at 0x7fa496287a90>,<function <lambda> at 0x7fa496287b30>
33155,2023-10-13 10:00:00,<function <lambda> at 0x7fa4962879f0>,<function <lambda> at 0x7fa496287a90>,<function <lambda> at 0x7fa496287b30>
33156,2023-10-13 11:00:00,<function <lambda> at 0x7fa4962879f0>,<function <lambda> at 0x7fa496287a90>,<function <lambda> at 0x7fa496287b30>
33157,2023-10-13 12:00:00,<function <lambda> at 0x7fa4962879f0>,<function <lambda> at 0x7fa496287a90>,<function <lambda> at 0x7fa496287b30>
33158,2023-10-13 13:00:00,<function <lambda> at 0x7fa4962879f0>,<function <lambda> at 0x7fa496287a90>,<function <lambda> at 0x7fa496287b30>
33159,2023-10-13 14:00:00,<function <lambda> at 0x7fa4962879f0>,<function <lambda> at 0x7fa496287a90>,<function <lambda> at 0x7fa496287b30>
33160,2023-10-13 15:00:00,<function <lambda> at 0x7fa4962879f0>,<function <lambda> at 0x7fa496287a90>,<function <lambda> at 0x7fa496287b30>
33161,2023-10-13 16:00:00,<function <lambda> at 0x7fa4962879f0>,<function <lambda> at 0x7fa496287a90>,<function <lambda> at 0x7fa496287b30>
33162,2023-10-13 17:00:00,<function <lambda> at 0x7fa4962879f0>,<function <lambda> at 0x7fa496287a90>,<function <lambda> at 0x7fa496287b30>
33163,2023-10-13 18:00:00,<function <lambda> at 0x7fa4962879f0>,<function <lambda> at 0x7fa496287a90>,<function <lambda> at 0x7fa496287b30>
33164,2023-10-13 19:00:00,<function <lambda> at 0x7fa4962879f0>,<function <lambda> at 0x7fa496287a90>,<function <lambda> at 0x7fa496287b30>
33165,2023-10-13 20:00:00,<function <lambda> at 0x7fa4962879f0>,<function <lambda> at 0x7fa496287a90>,<function <lambda> at 0x7fa496287b30>
33166,2023-10-13 21:00:00,<function <lambda> at 0x7fa4962879f0>,<function <lambda> at 0x7fa496287a90>,<function <lambda> at 0x7fa496287b30>
33167,2023-10-13 22:00:00,<function <lambda> at 0x7fa4962879f0>,<function <lambda> at 0x7fa496287a90>,<function <lambda> at 0x7fa496287b30>
33168,2023-10-13 23:00:00,<function <lambda> at 0x7fa4962879f0>,<function <lambda> at 0x7fa496287a90>,<function <lambda> at 0x7fa496287b30>
33169,2023-10-14 00:00:00,<function <lambda> at 0x7fa4962879f0>,<function <lambda> at 0x7fa496287a90>,<function <lambda> at 0x7fa496287b30>
33170,2023-10-14 01:00:00,<function <lambda> at 0x7fa4962879f0>,<function <lambda> at 0x7fa496287a90>,<function <lambda> at 0x7fa496287b30>
33171,2023-10-14 02:00:00,<function <lambda> at 0x7fa4962879f0>,<function <lambda> at 0x7fa496287a90>,<function <lambda> at 0x7fa496287b30>
33172,2023-10-14 03:00:00,<function <lambda> at 0x7fa4962879f0>,<function <lambda> at 0x7fa496287a90>,<function <lambda> at 0x7fa496287b30>
33173,2023-10-14 04:00:00,<function <lambda> at 0x7fa4962879f0>,<function <lambda> at 0x7fa496287a90>,<function <lambda> at 0x7fa496287b30>
33174,2023-10-14 05:00:00,<function <lambda> at 0x7fa4962879f0>,<function <lambda> at 0x7fa496287a90>,<function <lambda> at 0x7fa496287b30>
33175,2023-10-14 06:00:00,<function <lambda> at 0x7fa4962879f0>,<function <lambda> at 0x7fa496287a90>,<function <lambda> at 0x7fa496287b30>
33176,2023-10-14 07:00:00,<function <lambda> at 0x7fa4962879f0>,<function <lambda> at 0x7fa496287a90>,<function <lambda> at 0x7fa496287b30>
33177,2023-10-14 08:00:00,<function <lambda> at 0x7fa4962879f0>,<function <lambda> at 0x7fa496287a90>,<function <lambda> at 0x7fa496287b30>
33178,2023-10-14 09:00:00,<function <lambda> at 0x7fa4962879f0>,<function <lambda> at 0x7fa496287a90>,<function <lambda> at 0x7fa496287b30>
33179,2023-10-14 10:00:00,<function <lambda> at 0x7fa4962879f0>,<function <lambda> at 0x7fa496287a90>,<function <lambda> at 0x7fa496287b30>
33180,2023-10-14 11:00:00,<function <lambda> at 0x7fa4962879f0>,<function <lambda> at 0x7fa496287a90>,<function <lambda> at 0x7fa496287b30>
33181,2023-10-14 12:00:00,<function <lambda> at 0x7fa4962879f0>,<function <lambda> at 0x7fa496287a90>,<function <lambda> at 0x7fa496287b30>
33182,2023-10-14 13:00:00,<function <lambda> at 0x7fa4962879f0>,<function <lambda> at 0x7fa496287a90>,<function <lambda> at 0x7fa496287b30>
33183,2023-10-14 14:00:00,<function <lambda> at 0x7fa4962879f0>,<function <lambda> at 0x7fa496287a90>,<function <lambda> at 0x7fa496287b30>
33184,2023-10-14 15:00:00,<function <lambda> at 0x7fa4962879f0>,<function <lambda> at 0x7fa496287a90>,<function <lambda> at 0x7fa496287b30>
33185,2023-10-14 16:00:00,<function <lambda> at 0x7fa4962879f0>,<function <lambda> at 0x7fa496287a90>,<function <lambda> at 0x7fa496287b30>
33186,2023-10-14 17:00:00,<function <lambda> at 0x7fa4962879f0>,<function <lambda> at 0x7fa496287a90>,<function <lambda> at 0x7fa496287b30>
33187,2023-10-14 18:00:00,<function <lambda> at 0x7fa4962879f0>,<function <lambda> at 0x7fa496287a90>,<function <lambda> at 0x7fa496287b30>
33188,2023-10-14 19:00:00,<function <lambda> at 0x7fa4962879f0>,<function <lambda> at 0x7fa496287a90>,<function <lambda> at 0x7fa496287b30>
33189,2023-10-14 20:00:00,<function <lambda> at 0x7fa4962879f0>,<function <lambda> at 0x7fa496287a90>,<function <lambda> at 0x7fa496287b30>
33190,2023-10-14 21:00:00,<function <lambda> at 0x7fa4962879f0>,<function <lambda> at 0x7fa496287a90>,<function <lambda> at 0x7fa496287b30>
33191,2023-10-14 22:00:00,<function <lambda> at 0x7fa4962879f0>,<function <lambda> at 0x7fa496287a90>,<function <lambda> at 0x7fa496287b30>
33192,2023-10-14 23:00:00,<function <lambda> at 0x7fa4962879f0>,<function <lambda> at 0x7fa496287a90>,<function <lambda> at 0x7fa496287b30>
33193,2023-10-15 00:00:00,<function <lambda> at 0x7fa4962879f0>,<function <lambda> at 0x7fa496287a90>,<function <lambda> at 0x7fa496287b30>
33194,2023-10-15 01:00:00,<function <lambda> at 0x7fa4962879f0>,<function <lambda> at 0x7fa496287a90>,<function <lambda> at 0x7fa496287b30>
33195,2023-10-15 02:00:00,<function <lambda> at 0x7fa4962879f0>,<function <lambda> at 0x7fa496287a90>,<function <lambda> at 0x7fa496287b30>
33196,2023-10-15 03:00:00,<function <lambda> at 0x7fa4962879f0>,<function <lambda> at 0x7fa496287a90>,<function <lambda> at 0x7fa496287b30>
33197,2023-10-15 04:00:00,<function <lambda> at 0x7fa4962879f0>,<function <lambda> at 0x7fa496287a90>,<function <lambda> at 0x7fa496287b30>
33198,2023-10-15 05:00:00,<function <lambda> at 0x7fa4962879f0>,<function <lambda> at 0x7fa496287a90>,<function <lambda> at 0x7fa496287b30>
33199,2023-10-15 06:00:00,<function <lambda> at 0x7fa4962879f0>,<function <lambda> at 0x7fa496287a90>,<function <lambda> at 0x7fa496287b30>
33200,2023-10-15 07:00:00,<function <lambda> at 0x7fa4962879f0>,<function <lambda> at 0x7fa496287a90>,<function <lambda> at 0x7fa496287b30>
33201,2023-10-15 08:00:00,<function <lambda> at 0x7fa4962879f0>,<function <lambda> at 0x7fa496287a90>,<function <lambda> at 0x7fa496287b30>
33202,2023-10-15 09:00:00,<function <lambda> at 0x7fa4962879f0>,<function <lambda> at 0x7fa496287a90>,<function <lambda> at 0x7fa496287b30>
33203,2023-10-15 10:00:00,<function <lambda> at 0x7fa4962879f0>,<function <lambda> at 0x7fa496287a90>,<function <lambda> at 0x7fa496287b30>
33204,2023-10-15 11:00:00,<function <lambda> at 0x7fa4962879f0>,<function <lambda> at 0x7fa496287a90>,<function <lambda> at 0x7fa496287b30>
33205,2023-10-15 12:00:00,<function <lambda> at 0x7fa4962879f0>,<function <lambda> at 0x7fa496287a90>,<function <lambda> at 0x7fa496287b30>
33206,2023-10-15 13:00:00,<function <lambda> at 0x7fa4962879f0>,<function <lambda> at 0x7fa496287a90>,<function <lambda> at 0x7fa496287b30>
33207,2023-10-15 14:00:00,<function <lambda> at 0x7fa4962879f0>,<function <lambda> at 0x7fa496287a90>,<function <lambda> at 0x7fa496287b30>
33208,2023-10-15 15:00:00,<function <lambda> at 0x7fa4962879f0>,<function <lambda> at 0x7fa496287a90>,<function <lambda> at 0x7fa496287b30>
33209,2023-10-15 16:00:00,<function <lambda> at 0x7fa4962879f0>,<function <lambda> at 0x7fa496287a90>,<function <lambda> at 0x7fa496287b30>
33210,2023-10-15 17:00:00,<function <lambda> at 0x7fa4962879f0>,<function <lambda> at 0x7fa496287a90>,<function <lambda> at 0x7fa496287b30>
33211,2023-10-15 18:00:00,<function <lambda> at 0x7fa4962879f0>,<function <lambda> at 0x7fa496287a90>,<function <lambda> at 0x7fa496287b30>
33212,2023-10-15 19:00:00,<function <lambda> at 0x7fa4962879f0>,<function <lambda> at 0x7fa496287a90>,<function <lambda> at 0x7fa496287b30>
33213,2023-10-15 20:00:00,<function <lambda> at 0x7fa4962879f0>,<function <lambda> at 0x7fa496287a90>,<function <lambda> at 0x7fa496287b30>
33214,2023-10-15 21:00:00,<function <lambda> at 0x7fa4962879f0>,<function <lambda> at 0x7fa496287a90>,<function <lambda> at 0x7fa496287b30>
33215,2023-10-15 22:00:00,<function <lambda> at 0x7fa4962879f0>,<function <lambda> at 0x7fa496287a90>,<function <lambda> at 0x7fa496287b30>
33216,2023-10-15 23:00:00,<function <lambda> at 0x7fa4962879f0>,<function <lambda> at 0x7fa496287a90>,<function <lambda> at 0x7fa496287b30>
33217,2023-10-16 00:00:00,<function <lambda> at 0x7fa4962879f0>,<function <lambda> at 0x7fa496287a90>,<function <lambda> at 0x7fa496287b30>
33218,2023-10-16 01:00:00,<function <lambda> at 0x7fa4962879f0>,<function <lambda> at 0x7fa496287a90>,<function <lambda> at 0x7fa496287b30>
33219,2023-10-16 02:00:00,<function <lambda> at 0x7fa4962879f0>,<function <lambda> at 0x7fa496287a90>,<function <lambda> at 0x7fa496287b30>
33220,2023-10-16 03:00:00,<function <lambda> at 0x7fa4962879f0>,<function <lambda> at 0x7fa496287a90>,<function <lambda> at 0x7fa496287b30>
33221,2023-10-16 04:00:00,<function <lambda> at 0x7fa4962879f0>,<function <lambda> at 0x7fa496287a90>,<function <lambda> at 0x7fa496287b30>
33222,2023-10-16 05:00:00,<function <lambda> at 0x7fa4962879f0>,<function <lambda> at 0x7fa496287a90>,<function <lambda> at 0x7fa496287b30>
33223,2023-10-16 06:00:00,<function <lambda> at 0x7fa4962879f0>,<function <lambda> at 0x7fa496287a90>,<function <lambda> at 0x7fa496287b30>
33224,2023-10-16 07:00:00,<function <lambda> at 0x7fa4962879f0>,<function <lambda> at 0x7fa496287a90>,<function <lambda> at 0x7fa496287b30>
33225,2023-10-16 08:00:00,<function <lambda> at 0x7fa4962879f0>,<function <lambda> at 0x7fa496287a90>,<function <lambda> at 0x7fa496287b30>
33226,2023-10-16 09:00:00,<function <lambda> at 0x7fa4962879f0>,<function <lambda> at 0x7fa496287a90>,<function <lambda> at 0x7fa496287b30>
33227,2023-10-16 10:00:00,<function <lambda> at 0x7fa4962879f0>,<function <lambda> at 0x7fa496287a90>,<function <lambda> at 0x7fa496287b30>
33228,2023-10-16 11:00:00,<function <lambda> at 0x7fa4962879f0>,<function <lambda> at 0x7fa496287a90>,<function <lambda> at 0x7fa496287b30>
33229,2023-10-16 12:00:00,<function <lambda> at 0x7fa4962879f0>,<function <lambda> at 0x7fa496287a90>,<function <lambda> at 0x7fa496287b30>
33230,2023-10-16 13:00:00,<function <lambda> at 0x7fa4962879f0>,<function <lambda> at 0x7fa496287a90>,<function <lambda> at 0x7fa496287b30>
33231,2023-10-16 14:00:00,<function <lambda> at 0x7fa4962879f0>,<function <lambda> at 0x7fa496287a90>,<function <lambda> at 0x7fa496287b30>
33232,2023-10-16 15:00:00,<function <lambda> at 0x7fa4962879f0>,<function <lambda> at 0x7fa496287a90>,<function <lambda> at 0x7fa496287b30>
33233,2023-10-16 16:00:00,<function <lambda> at 0x7fa4962879f0>,<function <lambda> at 0x7fa496287a90>,<function <lambda> at 0x7fa496287b30>
33234,2023-10-16 17:00:00,<function <lambda> at 0x7fa4962879f0>,<function <lambda> at 0x7fa496287a90>,<function <lambda> at 0x7fa496287b30>
33235,2023-10-16 18:00:00,<function <lambda> at 0x7fa4962879f0>,<function <lambda> at 0x7fa496287a90>,<function <lambda> at 0x7fa496287b30>
33236,2023-10-16 19:00:00,<function <lambda> at 0x7fa4962879f0>,<function <lambda> at 0x7fa496287a90>,<function <lambda> at 0x7fa496287b30>
33237,2023-10-16 20:00:00,<function <lambda> at 0x7fa4962879f0>,<function <lambda> at 0x7fa496287a90>,<function <lambda> at 0x7fa496287b30>
33238,2023-10-16 21:00:00,<function <lambda> at 0x7fa4962879f0>,<function <lambda> at 0x7fa496287a90>,<function <lambda> at 0x7fa496287b30>
33239,2023-10-16 22:00:00,<function <lambda> at 0x7fa4962879f0>,<function <lambda> at 0x7fa496287a90>,<function <lambda> at 0x7fa496287b30>
33240,2023-10-16 23:00:00,<function <lambda> at 0x7fa4962879f0>,<function <lambda> at 0x7fa496287a90>,<function <lambda> at 0x7fa496287b30>
33241,2023-10-17 00:00:00,<function <lambda> at 0x7fa4962879f0>,<function <lambda> at 0x7fa496287a90>,<function <lambda> at 0x7fa496287b30>
33242,2023-10-17 01:00:00,<function <lambda> at 0x7fa4962879f0>,<function <lambda> at 0x7fa496287a90>,<function <lambda> at 0x7fa496287b30>
33243,2023-10-17 02:00:00,<function <lambda> at 0x7fa4962879f0>,<function <lambda> at 0x7fa496287a90>,<function <lambda> at 0x7fa496287b30>
33244,2023-10-17 03:00:00,<function <lambda> at 0x7fa4962879f0>,<function <lambda> at 0x7fa496287a90>,<function <lambda> at 0x7fa496287b30>
33245,2023-10-17 04:00:00,<function <lambda> at 0x7fa4962879f0>,<function <lambda> at 0x7fa496287a90>,<function <lambda> at 0x7fa496287b30>
33246,2023-10-17 05:00:00,<function <lambda> at 0x7fa4962879f0>,<function <lambda> at 0x7fa496287a90>,<function <lambda> at 0x7fa496287b30>
33247,2023-10-17 06:00:00,<function <lambda> at 0x7fa4962879f0>,<function <lambda> at 0x7fa496287a90>,<function <lambda> at 0x7fa496287b30>
33248,2023-10-17 07:00:00,<function <lambda> at 0x7fa4962879f0>,<function <lambda> at 0x7fa496287a90>,<function <lambda> at 0x7fa496287b30>
33249,2023-10-17 08:00:00,<function <lambda> at 0x7fa4962879f0>,<function <lambda> at 0x7fa496287a90>,<function <lambda> at 0x7fa496287b30>
33250,2023-10-17 09:00:00,<function <lambda> at 0x7fa4962879f0>,<function <lambda> at 0x7fa496287a90>,<function <lambda> at 0x7fa496287b30>
33251,2023-10-17 10:00:00,<function <lambda> at 0x7fa4962879f0>,<function <lambda> at 0x7fa496287a90>,<function <lambda> at 0x7fa496287b30>
33252,2023-10-17 11:00:00,<function <lambda> at 0x7fa4962879f0>,<function <lambda> at 0x7fa496287a90>,<function <lambda> at 0x7fa496287b30>
33253,2023-10-17 12:00:00,<function <lambda> at 0x7fa4962879f0>,<function <lambda> at 0x7fa496287a90>,<function <lambda> at 0x7fa496287b30>
33254,2023-10-17 13:00:00,<function <lambda> at 0x7fa4962879f0>,<function <lambda> at 0x7fa496287a90>,<function <lambda> at 0x7fa496287b30>
33255,2023-10-17 14:00:00,<function <lambda> at 0x7fa4962879f0>,<function <lambda> at 0x7fa496287a90>,<function <lambda> at 0x7fa496287b30>
33256,2023-10-17 15:00:00,<function <lambda> at 0x7fa4962879f0>,<function <lambda> at 0x7fa496287a90>,<function <lambda> at 0x7fa496287b30>
33257,2023-10-17 16:00:00,<function <lambda> at 0x7fa4962879f0>,<function <lambda> at 0x7fa496287a90>,<function <lambda> at 0x7fa496287b30>
33258,2023-10-17 17:00:00,<function <lambda> at 0x7fa4962879f0>,<function <lambda> at 0x7fa496287a90>,<function <lambda> at 0x7fa496287b30>
33259,2023-10-17 18:00:00,<function <lambda> at 0x7fa4962879f0>,<function <lambda> at 0x7fa496287a90>,<function <lambda> at 0x7fa496287b30>
33260,2023-10-17 19:00:00,<function <lambda> at 0x7fa4962879f0>,<function <lambda> at 0x7fa496287a90>,<function <lambda> at 0x7fa496287b30>
33261,2023-10-17 20:00:00,<function <lambda> at 0x7fa4962879f0>,<function <lambda> at 0x7fa496287a90>,<function <lambda> at 0x7fa496287b30>
33262,2023-10-17 21:00:00,<function <lambda> at 0x7fa4962879f0>,<function <lambda> at 0x7fa496287a90>,<function <lambda> at 0x7fa496287b30>
33263,2023-10-17 22:00:00,<function <lambda> at 0x7fa4962879f0>,<function <lambda> at 0x7fa496287a90>,<function <lambda> at 0x7fa496287b30>
33264,2023-10-17 23:00:00,<function <lambda> at 0x7fa4962879f0>,<function <lambda> at 0x7fa496287a90>,<function <lambda> at 0x7fa496287b30>
33265,2023-10-18 00:00:00,<function <lambda> at 0x7fa4962879f0>,<function <lambda> at 0x7fa496287a90>,<function <lambda> at 0x7fa496287b30>
33266,2023-10-18 01:00:00,<function <lambda> at 0x7fa4962879f0>,<function <lambda> at 0x7fa496287a90>,<function <lambda> at 0x7fa496287b30>
33267,2023-10-18 02:00:00,<function <lambda> at 0x7fa4962879f0>,<function <lambda> at 0x7fa496287a90>,<function <lambda> at 0x7fa496287b30>
33268,2023-10-18 03:00:00,<function <lambda> at 0x7fa4962879f0>,<function <lambda> at 0x7fa496287a90>,<function <lambda> at 0x7fa496287b30>
33269,2023-10-18 04:00:00,<function <lambda> at 0x7fa4962879f0>,<function <lambda> at 0x7fa496287a90>,<function <lambda> at 0x7fa496287b30>
33270,2023-10-18 05:00:00,<function <lambda> at 0x7fa4962879f0>,<function <lambda> at 0x7fa496287a90>,<function <lambda> at 0x7fa496287b30>
33271,2023-10-18 06:00:00,<function <lambda> at 0x7fa4962879f0>,<function <lambda> at 0x7fa496287a90>,<function <lambda> at 0x7fa496287b30>
33272,2023-10-18 07:00:00,<function <lambda> at 0x7fa4962879f0>,<function <lambda> at 0x7fa496287a90>,<function <lambda> at 0x7fa496287b30>
33273,2023-10-18 08:00:00,<function <lambda> at 0x7fa4962879f0>,<function <lambda> at 0x7fa496287a90>,<function <lambda> at 0x7fa496287b30>
33274,2023-10-18 09:00:00,<function <lambda> at 0x7fa4962879f0>,<function <lambda> at 0x7fa496287a90>,<function <lambda> at 0x7fa496287b30>
33275,2023-10-18 10:00:00,<function <lambda> at 0x7fa4962879f0>,<function <lambda> at 0x7fa496287a90>,<function <lambda> at 0x7fa496287b30>
33276,2023-10-18 11:00:00,<function <lambda> at 0x7fa4962879f0>,<function <lambda> at 0x7fa496287a90>,<function <lambda> at 0x7fa496287b30>
33277,2023-10-18 12:00:00,<function <lambda> at 0x7fa4962879f0>,<function <lambda> at 0x7fa496287a90>,<function <lambda> at 0x7fa496287b30>
33278,2023-10-18 13:00:00,<function <lambda> at 0x7fa4962879f0>,<function <lambda> at 0x7fa496287a90>,<function <lambda> at 0x7fa496287b30>
33279,2023-10-18 14:00:00,<function <lambda> at 0x7fa4962879f0>,<function <lambda> at 0x7fa496287a90>,<function <lambda> at 0x7fa496287b30>
33280,2023-10-18 15:00:00,<function <lambda> at 0x7fa4962879f0>,<function <lambda> at 0x7fa496287a90>,<function <lambda> at 0x7fa496287b30>
33281,2023-10-18 16:00:00,<function <lambda> at 0x7fa4962879f0>,<function <lambda> at 0x7fa496287a90>,<function <lambda> at 0x7fa496287b30>
33282,2023-10-18 17:00:00,<function <lambda> at 0x7fa4962879f0>,<function <lambda> at 0x7fa496287a90>,<function <lambda> at 0x7fa496287b30>
33283,2023-10-18 18:00:00,<function <lambda> at 0x7fa4962879f0>,<function <lambda> at 0x7fa496287a90>,<function <lambda> at 0x7fa496287b30>
33284,2023-10-18 19:00:00,<function <lambda> at 0x7fa4962879f0>,<function <lambda> at 0x7fa496287a90>,<function <lambda> at 0x7fa496287b30>
33285,2023-10-18 20:00:00,<function <lambda> at 0x7fa4962879f0>,<function <lambda> at 0x7fa496287a90>,<function <lambda> at 0x7fa496287b30>
33286,2023-10-18 21:00:00,<function <lambda> at 0x7fa4962879f0>,<function <lambda> at 0x7fa496287a90>,<function <lambda> at 0x7fa496287b30>
33287,2023-10-18 22:00:00,<function <lambda> at 0x7fa4962879f0>,<function <lambda> at 0x7fa496287a90>,<function <lambda> at 0x7fa496287b30>
33288,2023-10-18 23:00:00,<function <lambda> at 0x7fa4962879f0>,<function <lambda> at 0x7fa496287a90>,<function <lambda> at 0x7fa496287b30>
33289,2023-10-19 00:00:00,<function <lambda> at 0x7fa4962879f0>,<function <lambda> at 0x7fa496287a90>,<function <lambda> at 0x7fa496287b30>
33290,2023-10-19 01:00:00,<function <lambda> at 0x7fa4962879f0>,<function <lambda> at 0x7fa496287a90>,<function <lambda> at 0x7fa496287b30>
33291,2023-10-19 02:00:00,<function <lambda> at 0x7fa4962879f0>,<function <lambda> at 0x7fa496287a90>,<function <lambda> at 0x7fa496287b30>
33292,2023-10-19 03:00:00,<function <lambda> at 0x7fa4962879f0>,<function <lambda> at 0x7fa496287a90>,<function <lambda> at 0x7fa496287b30>
33293,2023-10-19 04:00:00,<function <lambda> at 0x7fa4962879f0>,<function <lambda> at 0x7fa496287a90>,<function <lambda> at 0x7fa496287b30>
33294,2023-10-19 05:00:00,<function <lambda> at 0x7fa4962879f0>,<function <lambda> at 0x7fa496287a90>,<function <lambda> at 0x7fa496287b30>
33295,2023-10-19 06:00:00,<function <lambda> at 0x7fa4962879f0>,<function <lambda> at 0x7fa496287a90>,<function <lambda> at 0x7fa496287b30>
33296,2023-10-19 07:00:00,<function <lambda> at 0x7fa4962879f0>,<function <lambda> at 0x7fa496287a90>,<function <lambda> at 0x7fa496287b30>
33297,2023-10-19 08:00:00,<function <lambda> at 0x7fa4962879f0>,<function <lambda> at 0x7fa496287a90>,<function <lambda> at 0x7fa496287b30>
33298,2023-10-19 09:00:00,<function <lambda> at 0x7fa4962879f0>,<function <lambda> at 0x7fa496287a90>,<function <lambda> at 0x7fa496287b30>
33299,2023-10-19 10:00:00,<function <lambda> at 0x7fa4962879f0>,<function <lambda> at 0x7fa496287a90>,<function <lambda> at 0x7fa496287b30>
33300,2023-10-19 11:00:00,<function <lambda> at 0x7fa4962879f0>,<function <lambda> at 0x7fa496287a90>,<function <lambda> at 0x7fa496287b30>
33301,2023-10-19 12:00:00,<function <lambda> at 0x7fa4962879f0>,<function <lambda> at 0x7fa496287a90>,<function <lambda> at 0x7fa496287b30>
33302,2023-10-19 13:00:00,<function <lambda> at 0x7fa4962879f0>,<function <lambda> at 0x7fa496287a90>,<function <lambda> at 0x7fa496287b30>
33303,2023-10-19 14:00:00,<function <lambda> at 0x7fa4962879f0>,<function <lambda> at 0x7fa496287a90>,<function <lambda> at 0x7fa496287b30>
33304,2023-10-19 15:00:00,<function <lambda> at 0x7fa4962879f0>,<function <lambda> at 0x7fa496287a90>,<function <lambda> at 0x7fa496287b30>
33305,2023-10-19 16:00:00,<function <lambda> at 0x7fa4962879f0>,<function <lambda> at 0x7fa496287a90>,<function <lambda> at 0x7fa496287b30>
33306,2023-10-19 17:00:00,<function <lambda> at 0x7fa4962879f0>,<function <lambda> at 0x7fa496287a90>,<function <lambda> at 0x7fa496287b30>
33307,2023-10-19 18:00:00,<function <lambda> at 0x7fa4962879f0>,<function <lambda> at 0x7fa496287a90>,<function <lambda> at 0x7fa496287b30>
33308,2023-10-19 19:00:00,<function <lambda> at 0x7fa4962879f0>,<function <lambda> at 0x7fa496287a90>,<function <lambda> at 0x7fa496287b30>
33309,2023-10-19 20:00:00,<function <lambda> at 0x7fa4962879f0>,<function <lambda> at 0x7fa496287a90>,<function <lambda> at 0x7fa496287b30>
33310,2023-10-19 21:00:00,<function <lambda> at 0x7fa4962879f0>,<function <lambda> at 0x7fa496287a90>,<function <lambda> at 0x7fa496287b30>
33311,2023-10-19 22:00:00,<function <lambda> at 0x7fa4962879f0>,<function <lambda> at 0x7fa496287a90>,<function <lambda> at 0x7fa496287b30>
33312,2023-10-19 23:00:00,<function <lambda> at 0x7fa4962879f0>,<function <lambda> at 0x7fa496287a90>,<function <lambda> at 0x7fa496287b30>
33313,2023-10-20 00:00:00,<function <lambda> at 0x7fa4962879f0>,<function <lambda> at 0x7fa496287a90>,<function <lambda> at 0x7fa496287b30>
33314,2023-10-20 01:00:00,<function <lambda> at 0x7fa4962879f0>,<function <lambda> at 0x7fa496287a90>,<function <lambda> at 0x7fa496287b30>
33315,2023-10-20 02:00:00,<function <lambda> at 0x7fa4962879f0>,<function <lambda> at 0x7fa496287a90>,<function <lambda> at 0x7fa496287b30>
33316,2023-10-20 03:00:00,<function <lambda> at 0x7fa4962879f0>,<function <lambda> at 0x7fa496287a90>,<function <lambda> at 0x7fa496287b30>
33317,2023-10-20 04:00:00,<function <lambda> at 0x7fa4962879f0>,<function <lambda> at 0x7fa496287a90>,<function <lambda> at 0x7fa496287b30>
33318,2023-10-20 05:00:00,<function <lambda> at 0x7fa4962879f0>,<function <lambda> at 0x7fa496287a90>,<function <lambda> at 0x7fa496287b30>
33319,2023-10-20 06:00:00,<function <lambda> at 0x7fa4962879f0>,<function <lambda> at 0x7fa496287a90>,<function <lambda> at 0x7fa496287b30>
33320,2023-10-20 07:00:00,<function <lambda> at 0x7fa4962879f0>,<function <lambda> at 0x7fa496287a90>,<function <lambda> at 0x7fa496287b30>
33321,2023-10-20 08:00:00,<function <lambda> at 0x7fa4962879f0>,<function <lambda> at 0x7fa496287a90>,<function <lambda> at 0x7fa496287b30>
33322,2023-10-20 09:00:00,<function <lambda> at 0x7fa4962879f0>,<function <lambda> at 0x7fa496287a90>,<function <lambda> at 0x7fa496287b30>
33323,2023-10-20 10:00:00,<function <lambda> at 0x7fa4962879f0>,<function <lambda> at 0x7fa496287a90>,<function <lambda> at 0x7fa496287b30>
33324,2023-10-20 11:00:00,<function <lambda> at 0x7fa4962879f0>,<function <lambda> at 0x7fa496287a90>,<function <lambda> at 0x7fa496287b30>
33325,2023-10-20 12:00:00,<function <lambda> at 0x7fa4962879f0>,<function <lambda> at 0x7fa496287a90>,<function <lambda> at 0x7fa496287b30>
33326,2023-10-20 13:00:00,<function <lambda> at 0x7fa4962879f0>,<function <lambda> at 0x7fa496287a90>,<function <lambda> at 0x7fa496287b30>
33327,2023-10-20 14:00:00,<function <lambda> at 0x7fa4962879f0>,<function <lambda> at 0x7fa496287a90>,<function <lambda> at 0x7fa496287b30>
33328,2023-10-20 15:00:00,<function <lambda> at 0x7fa4962879f0>,<function <lambda> at 0x7fa496287a90>,<function <lambda> at 0x7fa496287b30>
33329,2023-10-20 16:00:00,<function <lambda> at 0x7fa4962879f0>,<function <lambda> at 0x7fa496287a90>,<function <lambda> at 0x7fa496287b30>
33330,2023-10-20 17:00:00,<function <lambda> at 0x7fa4962879f0>,<function <lambda> at 0x7fa496287a90>,<function <lambda> at 0x7fa496287b30>
33331,2023-10-20 18:00:00,<function <lambda> at 0x7fa4962879f0>,<function <lambda> at 0x7fa496287a90>,<function <lambda> at 0x7fa496287b30>
33332,2023-10-20 19:00:00,<function <lambda> at 0x7fa4962879f0>,<function <lambda> at 0x7fa496287a90>,<function <lambda> at 0x7fa496287b30>
33333,2023-10-20 20:00:00,<function <lambda> at 0x7fa4962879f0>,<function <lambda> at 0x7fa496287a90>,<function <lambda> at 0x7fa496287b30>
33334,2023-10-20 21:00:00,<function <lambda> at 0x7fa4962879f0>,<function <lambda> at 0x7fa496287a90>,<function <lambda> at 0x7fa496287b30>
33335,2023-10-20 22:00:00,<function <lambda> at 0x7fa4962879f0>,<function <lambda> at 0x7fa496287a90>,<function <lambda> at 0x7fa496287b30>
33336,2023-10-20 23:00:00,<function <lambda> at 0x7fa4962879f0>,<function <lambda> at 0x7fa496287a90>,<function <lambda> at 0x7fa496287b30>
33337,2023-10-21 00:00:00,<function <lambda> at 0x7fa4962879f0>,<function <lambda> at 0x7fa496287a90>,<function <lambda> at 0x7fa496287b30>
33338,2023-10-21 01:00:00,<function <lambda> at 0x7fa4962879f0>,<function <lambda> at 0x7fa496287a90>,<function <lambda> at 0x7fa496287b30>
33339,2023-10-21 02:00:00,<function <lambda> at 0x7fa4962879f0>,<function <lambda> at 0x7fa496287a90>,<function <lambda> at 0x7fa496287b30>
33340,2023-10-21 03:00:00,<function <lambda> at 0x7fa4962879f0>,<function <lambda> at 0x7fa496287a90>,<function <lambda> at 0x7fa496287b30>
33341,2023-10-21 04:00:00,<function <lambda> at 0x7fa4962879f0>,<function <lambda> at 0x7fa496287a90>,<function <lambda> at 0x7fa496287b30>
33342,2023-10-21 05:00:00,<function <lambda> at 0x7fa4962879f0>,<function <lambda> at 0x7fa496287a90>,<function <lambda> at 0x7fa496287b30>
33343,2023-10-21 06:00:00,<function <lambda> at 0x7fa4962879f0>,<function <lambda> at 0x7fa496287a90>,<function <lambda> at 0x7fa496287b30>
33344,2023-10-21 07:00:00,<function <lambda> at 0x7fa4962879f0>,<function <lambda> at 0x7fa496287a90>,<function <lambda> at 0x7fa496287b30>
33345,2023-10-21 08:00:00,<function <lambda> at 0x7fa4962879f0>,<function <lambda> at 0x7fa496287a90>,<function <lambda> at 0x7fa496287b30>
33346,2023-10-21 09:00:00,<function <lambda> at 0x7fa4962879f0>,<function <lambda> at 0x7fa496287a90>,<function <lambda> at 0x7fa496287b30>
33347,2023-10-21 10:00:00,<function <lambda> at 0x7fa4962879f0>,<function <lambda> at 0x7fa496287a90>,<function <lambda> at 0x7fa496287b30>
33348,2023-10-21 11:00:00,<function <lambda> at 0x7fa4962879f0>,<function <lambda> at 0x7fa496287a90>,<function <lambda> at 0x7fa496287b30>
33349,2023-10-21 12:00:00,<function <lambda> at 0x7fa4962879f0>,<function <lambda> at 0x7fa496287a90>,<function <lambda> at 0x7fa496287b30>
33350,2023-10-21 13:00:00,<function <lambda> at 0x7fa4962879f0>,<function <lambda> at 0x7fa496287a90>,<function <lambda> at 0x7fa496287b30>
33351,2023-10-21 14:00:00,<function <lambda> at 0x7fa4962879f0>,<function <lambda> at 0x7fa496287a90>,<function <lambda> at 0x7fa496287b30>
33352,2023-10-21 15:00:00,<function <lambda> at 0x7fa4962879f0>,<function <lambda> at 0x7fa496287a90>,<function <lambda> at 0x7fa496287b30>
33353,2023-10-21 16:00:00,<function <lambda> at 0x7fa4962879f0>,<function <lambda> at 0x7fa496287a90>,<function <lambda> at 0x7fa496287b30>
33354,2023-10-21 17:00:00,<function <lambda> at 0x7fa4962879f0>,<function <lambda> at 0x7fa496287a90>,<function <lambda> at 0x7fa496287b30>
33355,2023-10-21 18:00:00,<function <lambda> at 0x7fa4962879f0>,<function <lambda> at 0x7fa496287a90>,<function <lambda> at 0x7fa496287b30>
33356,2023-10-21 19:00:00,<function <lambda> at 0x7fa4962879f0>,<function <lambda> at 0x7fa496287a90>,<function <lambda> at 0x7fa496287b30>
33357,2023-10-21 20:00:00,<function <lambda> at 0x7fa4962879f0>,<function <lambda> at 0x7fa496287a90>,<function <lambda> at 0x7fa496287b30>
33358,2023-10-21 21:00:00,<function <lambda> at 0x7fa4962879f0>,<function <lambda> at 0x7fa496287a90>,<function <lambda> at 0x7fa496287b30>
33359,2023-10-21 22:00:00,<function <lambda> at 0x7fa4962879f0>,<function <lambda> at 0x7fa496287a90>,<function <lambda> at 0x7fa496287b30>
33360,2023-10-21 23:00:00,<function <lambda> at 0x7fa4962879f0>,<function <lambda> at 0x7fa496287a90>,<function <lambda> at 0x7fa496287b30>
33361,2023-10-22 00:00:00,<function <lambda> at 0x7fa4962879f0>,<function <lambda> at 0x7fa496287a90>,<function <lambda> at 0x7fa496287b30>
33362,2023-10-22 01:00:00,<function <lambda> at 0x7fa4962879f0>,<function <lambda> at 0x7fa496287a90>,<function <lambda> at 0x7fa496287b30>
33363,2023-10-22 02:00:00,<function <lambda> at 0x7fa4962879f0>,<function <lambda> at 0x7fa496287a90>,<function <lambda> at 0x7fa496287b30>
33364,2023-10-22 03:00:00,<function <lambda> at 0x7fa4962879f0>,<function <lambda> at 0x7fa496287a90>,<function <lambda> at 0x7fa496287b30>
33365,2023-10-22 04:00:00,<function <lambda> at 0x7fa4962879f0>,<function <lambda> at 0x7fa496287a90>,<function <lambda> at 0x7fa496287b30>
33366,2023-10-22 05:00:00,<function <lambda> at 0x7fa4962879f0>,<function <lambda> at 0x7fa496287a90>,<function <lambda> at 0x7fa496287b30>
33367,2023-10-22 06:00:00,<function <lambda> at 0x7fa4962879f0>,<function <lambda> at 0x7fa496287a90>,<function <lambda> at 0x7fa496287b30>
33368,2023-10-22 07:00:00,<function <lambda> at 0x7fa4962879f0>,<function <lambda> at 0x7fa496287a90>,<function <lambda> at 0x7fa496287b30>
33369,2023-10-22 08:00:00,<function <lambda> at 0x7fa4962879f0>,<function <lambda> at 0x7fa496287a90>,<function <lambda> at 0x7fa496287b30>
33370,2023-10-22 09:00:00,<function <lambda> at 0x7fa4962879f0>,<function <lambda> at 0x7fa496287a90>,<function <lambda> at 0x7fa496287b30>
33371,2023-10-22 10:00:00,<function <lambda> at 0x7fa4962879f0>,<function <lambda> at 0x7fa496287a90>,<function <lambda> at 0x7fa496287b30>
33372,2023-10-22 11:00:00,<function <lambda> at 0x7fa4962879f0>,<function <lambda> at 0x7fa496287a90>,<function <lambda> at 0x7fa496287b30>
33373,2023-10-22 12:00:00,<function <lambda> at 0x7fa4962879f0>,<function <lambda> at 0x7fa496287a90>,<function <lambda> at 0x7fa496287b30>
33374,2023-10-22 13:00:00,<function <lambda> at 0x7fa4962879f0>,<function <lambda> at 0x7fa496287a90>,<function <lambda> at 0x7fa496287b30>
33375,2023-10-22 14:00:00,<function <lambda> at 0x7fa4962879f0>,<function <lambda> at 0x7fa496287a90>,<function <lambda> at 0x7fa496287b30>
33376,2023-10-22 15:00:00,<function <lambda> at 0x7fa4962879f0>,<function <lambda> at 0x7fa496287a90>,<function <lambda> at 0x7fa496287b30>
33377,2023-10-22 16:00:00,<function <lambda> at 0x7fa4962879f0>,<function <lambda> at 0x7fa496287a90>,<function <lambda> at 0x7fa496287b30>
33378,2023-10-22 17:00:00,<function <lambda> at 0x7fa4962879f0>,<function <lambda> at 0x7fa496287a90>,<function <lambda> at 0x7fa496287b30>
33379,2023-10-22 18:00:00,<function <lambda> at 0x7fa4962879f0>,<function <lambda> at 0x7fa496287a90>,<function <lambda> at 0x7fa496287b30>
33380,2023-10-22 19:00:00,<function <lambda> at 0x7fa4962879f0>,<function <lambda> at 0x7fa496287a90>,<function <lambda> at 0x7fa496287b30>
33381,2023-10-22 20:00:00,<function <lambda> at 0x7fa4962879f0>,<function <lambda> at 0x7fa496287a90>,<function <lambda> at 0x7fa496287b30>
33382,2023-10-22 21:00:00,<function <lambda> at 0x7fa4962879f0>,<function <lambda> at 0x7fa496287a90>,<function <lambda> at 0x7fa496287b30>
33383,2023-10-22 22:00:00,<function <lambda> at 0x7fa4962879f0>,<function <lambda> at 0x7fa496287a90>,<function <lambda> at 0x7fa496287b30>
33384,2023-10-22 23:00:00,<function <lambda> at 0x7fa4962879f0>,<function <lambda> at 0x7fa496287a90>,<function <lambda> at 0x7fa496287b30>
33385,2023-10-23 00:00:00,<function <lambda> at 0x7fa4962879f0>,<function <lambda> at 0x7fa496287a90>,<function <lambda> at 0x7fa496287b30>
33386,2023-10-23 01:00:00,<function <lambda> at 0x7fa4962879f0>,<function <lambda> at 0x7fa496287a90>,<function <lambda> at 0x7fa496287b30>
33387,2023-10-23 02:00:00,<function <lambda> at 0x7fa4962879f0>,<function <lambda> at 0x7fa496287a90>,<function <lambda> at 0x7fa496287b30>
33388,2023-10-23 03:00:00,<function <lambda> at 0x7fa4962879f0>,<function <lambda> at 0x7fa496287a90>,<function <lambda> at 0x7fa496287b30>
33389,2023-10-23 04:00:00,<function <lambda> at 0x7fa4962879f0>,<function <lambda> at 0x7fa496287a90>,<function <lambda> at 0x7fa496287b30>
33390,2023-10-23 05:00:00,<function <lambda> at 0x7fa4962879f0>,<function <lambda> at 0x7fa496287a90>,<function <lambda> at 0x7fa496287b30>
33391,2023-10-23 06:00:00,<function <lambda> at 0x7fa4962879f0>,<function <lambda> at 0x7fa496287a90>,<function <lambda> at 0x7fa496287b30>
33392,2023-10-23 07:00:00,<function <lambda> at 0x7fa4962879f0>,<function <lambda> at 0x7fa496287a90>,<function <lambda> at 0x7fa496287b30>
33393,2023-10-23 08:00:00,<function <lambda> at 0x7fa4962879f0>,<function <lambda> at 0x7fa496287a90>,<function <lambda> at 0x7fa496287b30>
33394,2023-10-23 09:00:00,<function <lambda> at 0x7fa4962879f0>,<function <lambda> at 0x7fa496287a90>,<function <lambda> at 0x7fa496287b30>
33395,2023-10-23 10:00:00,<function <lambda> at 0x7fa4962879f0>,<function <lambda> at 0x7fa496287a90>,<function <lambda> at 0x7fa496287b30>
33396,2023-10-23 11:00:00,<function <lambda> at 0x7fa4962879f0>,<function <lambda> at 0x7fa496287a90>,<function <lambda> at 0x7fa496287b30>
33397,2023-10-23 12:00:00,<function <lambda> at 0x7fa4962879f0>,<function <lambda> at 0x7fa496287a90>,<function <lambda> at 0x7fa496287b30>
33398,2023-10-23 13:00:00,<function <lambda> at 0x7fa4962879f0>,<function <lambda> at 0x7fa496287a90>,<function <lambda> at 0x7fa496287b30>
33399,2023-10-23 14:00:00,<function <lambda> at 0x7fa4962879f0>,<function <lambda> at 0x7fa496287a90>,<function <lambda> at 0x7fa496287b30>
33400,2023-10-23 15:00:00,<function <lambda> at 0x7fa4962879f0>,<function <lambda> at 0x7fa496287a90>,<function <lambda> at 0x7fa496287b30>
33401,2023-10-23 16:00:00,<function <lambda> at 0x7fa4962879f0>,<function <lambda> at 0x7fa496287a90>,<function <lambda> at 0x7fa496287b30>
33402,2023-10-23 17:00:00,<function <lambda> at 0x7fa4962879f0>,<function <lambda> at 0x7fa496287a90>,<function <lambda> at 0x7fa496287b30>
33403,2023-10-23 18:00:00,<function <lambda> at 0x7fa4962879f0>,<function <lambda> at 0x7fa496287a90>,<function <lambda> at 0x7fa496287b30>
33404,2023-10-23 19:00:00,<function <lambda> at 0x7fa4962879f0>,<function <lambda> at 0x7fa496287a90>,<function <lambda> at 0x7fa496287b30>
33405,2023-10-23 20:00:00,<function <lambda> at 0x7fa4962879f0>,<function <lambda> at 0x7fa496287a90>,<function <lambda> at 0x7fa496287b30>
33406,2023-10-23 21:00:00,<function <lambda> at 0x7fa4962879f0>,<function <lambda> at 0x7fa496287a90>,<function <lambda> at 0x7fa496287b30>
33407,2023-10-23 22:00:00,<function <lambda> at 0x7fa4962879f0>,<function <lambda> at 0x7fa496287a90>,<function <lambda> at 0x7fa496287b30>
33408,2023-10-23 23:00:00,<function <lambda> at 0x7fa4962879f0>,<function <lambda> at 0x7fa496287a90>,<function <lambda> at 0x7fa496287b30>
33409,2023-10-24 00:00:00,<function <lambda> at 0x7fa4962879f0>,<function <lambda> at 0x7fa496287a90>,<function <lambda> at 0x7fa496287b30>
33410,2023-10-24 01:00:00,<function <lambda> at 0x7fa4962879f0>,<function <lambda> at 0x7fa496287a90>,<function <lambda> at 0x7fa496287b30>
33411,2023-10-24 02:00:00,<function <lambda> at 0x7fa4962879f0>,<function <lambda> at 0x7fa496287a90>,<function <lambda> at 0x7fa496287b30>
33412,2023-10-24 03:00:00,<function <lambda> at 0x7fa4962879f0>,<function <lambda> at 0x7fa496287a90>,<function <lambda> at 0x7fa496287b30>
33413,2023-10-24 04:00:00,<function <lambda> at 0x7fa4962879f0>,<function <lambda> at 0x7fa496287a90>,<function <lambda> at 0x7fa496287b30>
33414,2023-10-24 05:00:00,<function <lambda> at 0x7fa4962879f0>,<function <lambda> at 0x7fa496287a90>,<function <lambda> at 0x7fa496287b30>
33415,2023-10-24 06:00:00,<function <lambda> at 0x7fa4962879f0>,<function <lambda> at 0x7fa496287a90>,<function <lambda> at 0x7fa496287b30>
33416,2023-10-24 07:00:00,<function <lambda> at 0x7fa4962879f0>,<function <lambda> at 0x7fa496287a90>,<function <lambda> at 0x7fa496287b30>
33417,2023-10-24 08:00:00,<function <lambda> at 0x7fa4962879f0>,<function <lambda> at 0x7fa496287a90>,<function <lambda> at 0x7fa496287b30>
33418,2023-10-24 09:00:00,<function <lambda> at 0x7fa4962879f0>,<function <lambda> at 0x7fa496287a90>,<function <lambda> at 0x7fa496287b30>
33419,2023-10-24 10:00:00,<function <lambda> at 0x7fa4962879f0>,<function <lambda> at 0x7fa496287a90>,<function <lambda> at 0x7fa496287b30>
33420,2023-10-24 11:00:00,<function <lambda> at 0x7fa4962879f0>,<function <lambda> at 0x7fa496287a90>,<function <lambda> at 0x7fa496287b30>
33421,2023-10-24 12:00:00,<function <lambda> at 0x7fa4962879f0>,<function <lambda> at 0x7fa496287a90>,<function <lambda> at 0x7fa496287b30>
33422,2023-10-24 13:00:00,<function <lambda> at 0x7fa4962879f0>,<function <lambda> at 0x7fa496287a90>,<function <lambda> at 0x7fa496287b30>
33423,2023-10-24 14:00:00,<function <lambda> at 0x7fa4962879f0>,<function <lambda> at 0x7fa496287a90>,<function <lambda> at 0x7fa496287b30>
33424,2023-10-24 15:00:00,<function <lambda> at 0x7fa4962879f0>,<function <lambda> at 0x7fa496287a90>,<function <lambda> at 0x7fa496287b30>
33425,2023-10-24 16:00:00,<function <lambda> at 0x7fa4962879f0>,<function <lambda> at 0x7fa496287a90>,<function <lambda> at 0x7fa496287b30>
33426,2023-10-24 17:00:00,<function <lambda> at 0x7fa4962879f0>,<function <lambda> at 0x7fa496287a90>,<function <lambda> at 0x7fa496287b30>
33427,2023-10-24 18:00:00,<function <lambda> at 0x7fa4962879f0>,<function <lambda> at 0x7fa496287a90>,<function <lambda> at 0x7fa496287b30>
33428,2023-10-24 19:00:00,<function <lambda> at 0x7fa4962879f0>,<function <lambda> at 0x7fa496287a90>,<function <lambda> at 0x7fa496287b30>
33429,2023-10-24 20:00:00,<function <lambda> at 0x7fa4962879f0>,<function <lambda> at 0x7fa496287a90>,<function <lambda> at 0x7fa496287b30>
33430,2023-10-24 21:00:00,<function <lambda> at 0x7fa4962879f0>,<function <lambda> at 0x7fa496287a90>,<function <lambda> at 0x7fa496287b30>
33431,2023-10-24 22:00:00,<function <lambda> at 0x7fa4962879f0>,<function <lambda> at 0x7fa496287a90>,<function <lambda> at 0x7fa496287b30>
33432,2023-10-24 23:00:00,<function <lambda> at 0x7fa4962879f0>,<function <lambda> at 0x7fa496287a90>,<function <lambda> at 0x7fa496287b30>
33433,2023-10-25 00:00:00,<function <lambda> at 0x7fa4962879f0>,<function <lambda> at 0x7fa496287a90>,<function <lambda> at 0x7fa496287b30>
33434,2023-10-25 01:00:00,<function <lambda> at 0x7fa4962879f0>,<function <lambda> at 0x7fa496287a90>,<function <lambda> at 0x7fa496287b30>
33435,2023-10-25 02:00:00,<function <lambda> at 0x7fa4962879f0>,<function <lambda> at 0x7fa496287a90>,<function <lambda> at 0x7fa496287b30>
33436,2023-10-25 03:00:00,<function <lambda> at 0x7fa4962879f0>,<function <lambda> at 0x7fa496287a90>,<function <lambda> at 0x7fa496287b30>
33437,2023-10-25 04:00:00,<function <lambda> at 0x7fa4962879f0>,<function <lambda> at 0x7fa496287a90>,<function <lambda> at 0x7fa496287b30>
33438,2023-10-25 05:00:00,<function <lambda> at 0x7fa4962879f0>,<function <lambda> at 0x7fa496287a90>,<function <lambda> at 0x7fa496287b30>
33439,2023-10-25 06:00:00,<function <lambda> at 0x7fa4962879f0>,<function <lambda> at 0x7fa496287a90>,<function <lambda> at 0x7fa496287b30>
33440,2023-10-25 07:00:00,<function <lambda> at 0x7fa4962879f0>,<function <lambda> at 0x7fa496287a90>,<function <lambda> at 0x7fa496287b30>
33441,2023-10-25 08:00:00,<function <lambda> at 0x7fa4962879f0>,<function <lambda> at 0x7fa496287a90>,<function <lambda> at 0x7fa496287b30>
33442,2023-10-25 09:00:00,<function <lambda> at 0x7fa4962879f0>,<function <lambda> at 0x7fa496287a90>,<function <lambda> at 0x7fa496287b30>
33443,2023-10-25 10:00:00,<function <lambda> at 0x7fa4962879f0>,<function <lambda> at 0x7fa496287a90>,<function <lambda> at 0x7fa496287b30>
33444,2023-10-25 11:00:00,<function <lambda> at 0x7fa4962879f0>,<function <lambda> at 0x7fa496287a90>,<function <lambda> at 0x7fa496287b30>
33445,2023-10-25 12:00:00,<function <lambda> at 0x7fa4962879f0>,<function <lambda> at 0x7fa496287a90>,<function <lambda> at 0x7fa496287b30>
33446,2023-10-25 13:00:00,<function <lambda> at 0x7fa4962879f0>,<function <lambda> at 0x7fa496287a90>,<function <lambda> at 0x7fa496287b30>
33447,2023-10-25 14:00:00,<function <lambda> at 0x7fa4962879f0>,<function <lambda> at 0x7fa496287a90>,<function <lambda> at 0x7fa496287b30>
33448,2023-10-25 15:00:00,<function <lambda> at 0x7fa4962879f0>,<function <lambda> at 0x7fa496287a90>,<function <lambda> at 0x7fa496287b30>
33449,2023-10-25 16:00:00,<function <lambda> at 0x7fa4962879f0>,<function <lambda> at 0x7fa496287a90>,<function <lambda> at 0x7fa496287b30>
33450,2023-10-25 17:00:00,<function <lambda> at 0x7fa4962879f0>,<function <lambda> at 0x7fa496287a90>,<function <lambda> at 0x7fa496287b30>
33451,2023-10-25 18:00:00,<function <lambda> at 0x7fa4962879f0>,<function <lambda> at 0x7fa496287a90>,<function <lambda> at 0x7fa496287b30>
33452,2023-10-25 19:00:00,<function <lambda> at 0x7fa4962879f0>,<function <lambda> at 0x7fa496287a90>,<function <lambda> at 0x7fa496287b30>
33453,2023-10-25 20:00:00,<function <lambda> at 0x7fa4962879f0>,<function <lambda> at 0x7fa496287a90>,<function <lambda> at 0x7fa496287b30>
33454,2023-10-25 21:00:00,<function <lambda> at 0x7fa4962879f0>,<function <lambda> at 0x7fa496287a90>,<function <lambda> at 0x7fa496287b30>
33455,2023-10-25 22:00:00,<function <lambda> at 0x7fa4962879f0>,<function <lambda> at 0x7fa496287a90>,<function <lambda> at 0x7fa496287b30>
33456,2023-10-25 23:00:00,<function <lambda> at 0x7fa4962879f0>,<function <lambda> at 0x7fa496287a90>,<function <lambda> at 0x7fa496287b30>
33457,2023-10-26 00:00:00,<function <lambda> at 0x7fa4962879f0>,<function <lambda> at 0x7fa496287a90>,<function <lambda> at 0x7fa496287b30>
33458,2023-10-26 01:00:00,<function <lambda> at 0x7fa4962879f0>,<function <lambda> at 0x7fa496287a90>,<function <lambda> at 0x7fa496287b30>
33459,2023-10-26 02:00:00,<function <lambda> at 0x7fa4962879f0>,<function <lambda> at 0x7fa496287a90>,<function <lambda> at 0x7fa496287b30>
33460,2023-10-26 03:00:00,<function <lambda> at 0x7fa4962879f0>,<function <lambda> at 0x7fa496287a90>,<function <lambda> at 0x7fa496287b30>
33461,2023-10-26 04:00:00,<function <lambda> at 0x7fa4962879f0>,<function <lambda> at 0x7fa496287a90>,<function <lambda> at 0x7fa496287b30>
33462,2023-10-26 05:00:00,<function <lambda> at 0x7fa4962879f0>,<function <lambda> at 0x7fa496287a90>,<function <lambda> at 0x7fa496287b30>
33463,2023-10-26 06:00:00,<function <lambda> at 0x7fa4962879f0>,<function <lambda> at 0x7fa496287a90>,<function <lambda> at 0x7fa496287b30>
33464,2023-10-26 07:00:00,<function <lambda> at 0x7fa4962879f0>,<function <lambda> at 0x7fa496287a90>,<function <lambda> at 0x7fa496287b30>
33465,2023-10-26 08:00:00,<function <lambda> at 0x7fa4962879f0>,<function <lambda> at 0x7fa496287a90>,<function <lambda> at 0x7fa496287b30>
33466,2023-10-26 09:00:00,<function <lambda> at 0x7fa4962879f0>,<function <lambda> at 0x7fa496287a90>,<function <lambda> at 0x7fa496287b30>
33467,2023-10-26 10:00:00,<function <lambda> at 0x7fa4962879f0>,<function <lambda> at 0x7fa496287a90>,<function <lambda> at 0x7fa496287b30>
33468,2023-10-26 11:00:00,<function <lambda> at 0x7fa4962879f0>,<function <lambda> at 0x7fa496287a90>,<function <lambda> at 0x7fa496287b30>
33469,2023-10-26 12:00:00,<function <lambda> at 0x7fa4962879f0>,<function <lambda> at 0x7fa496287a90>,<function <lambda> at 0x7fa496287b30>
33470,2023-10-26 13:00:00,<function <lambda> at 0x7fa4962879f0>,<function <lambda> at 0x7fa496287a90>,<function <lambda> at 0x7fa496287b30>
33471,2023-10-26 14:00:00,<function <lambda> at 0x7fa4962879f0>,<function <lambda> at 0x7fa496287a90>,<function <lambda> at 0x7fa496287b30>
33472,2023-10-26 15:00:00,<function <lambda> at 0x7fa4962879f0>,<function <lambda> at 0x7fa496287a90>,<function <lambda> at 0x7fa496287b30>
33473,2023-10-26 16:00:00,<function <lambda> at 0x7fa4962879f0>,<function <lambda> at 0x7fa496287a90>,<function <lambda> at 0x7fa496287b30>
33474,2023-10-26 17:00:00,<function <lambda> at 0x7fa4962879f0>,<function <lambda> at 0x7fa496287a90>,<function <lambda> at 0x7fa496287b30>
33475,2023-10-26 18:00:00,<function <lambda> at 0x7fa4962879f0>,<function <lambda> at 0x7fa496287a90>,<function <lambda> at 0x7fa496287b30>
33476,2023-10-26 19:00:00,<function <lambda> at 0x7fa4962879f0>,<function <lambda> at 0x7fa496287a90>,<function <lambda> at 0x7fa496287b30>
33477,2023-10-26 20:00:00,<function <lambda> at 0x7fa4962879f0>,<function <lambda> at 0x7fa496287a90>,<function <lambda> at 0x7fa496287b30>
33478,2023-10-26 21:00:00,<function <lambda> at 0x7fa4962879f0>,<function <lambda> at 0x7fa496287a90>,<function <lambda> at 0x7fa496287b30>
33479,2023-10-26 22:00:00,<function <lambda> at 0x7fa4962879f0>,<function <lambda> at 0x7fa496287a90>,<function <lambda> at 0x7fa496287b30>
33480,2023-10-26 23:00:00,<function <lambda> at 0x7fa4962879f0>,<function <lambda> at 0x7fa496287a90>,<function <lambda> at 0x7fa496287b30>
33481,2023-10-27 00:00:00,<function <lambda> at 0x7fa4962879f0>,<function <lambda> at 0x7fa496287a90>,<function <lambda> at 0x7fa496287b30>
33482,2023-10-27 01:00:00,<function <lambda> at 0x7fa4962879f0>,<function <lambda> at 0x7fa496287a90>,<function <lambda> at 0x7fa496287b30>
33483,2023-10-27 02:00:00,<function <lambda> at 0x7fa4962879f0>,<function <lambda> at 0x7fa496287a90>,<function <lambda> at 0x7fa496287b30>
33484,2023-10-27 03:00:00,<function <lambda> at 0x7fa4962879f0>,<function <lambda> at 0x7fa496287a90>,<function <lambda> at 0x7fa496287b30>
33485,2023-10-27 04:00:00,<function <lambda> at 0x7fa4962879f0>,<function <lambda> at 0x7fa496287a90>,<function <lambda> at 0x7fa496287b30>
33486,2023-10-27 05:00:00,<function <lambda> at 0x7fa4962879f0>,<function <lambda> at 0x7fa496287a90>,<function <lambda> at 0x7fa496287b30>
33487,2023-10-27 06:00:00,<function <lambda> at 0x7fa4962879f0>,<function <lambda> at 0x7fa496287a90>,<function <lambda> at 0x7fa496287b30>
33488,2023-10-27 07:00:00,<function <lambda> at 0x7fa4962879f0>,<function <lambda> at 0x7fa496287a90>,<function <lambda> at 0x7fa496287b30>
33489,2023-10-27 08:00:00,<function <lambda> at 0x7fa4962879f0>,<function <lambda> at 0x7fa496287a90>,<function <lambda> at 0x7fa496287b30>
33490,2023-10-27 09:00:00,<function <lambda> at 0x7fa4962879f0>,<function <lambda> at 0x7fa496287a90>,<function <lambda> at 0x7fa496287b30>
33491,2023-10-27 10:00:00,<function <lambda> at 0x7fa4962879f0>,<function <lambda> at 0x7fa496287a90>,<function <lambda> at 0x7fa496287b30>
33492,2023-10-27 11:00:00,<function <lambda> at 0x7fa4962879f0>,<function <lambda> at 0x7fa496287a90>,<function <lambda> at 0x7fa496287b30>
33493,2023-10-27 12:00:00,<function <lambda> at 0x7fa4962879f0>,<function <lambda> at 0x7fa496287a90>,<function <lambda> at 0x7fa496287b30>
33494,2023-10-27 13:00:00,<function <lambda> at 0x7fa4962879f0>,<function <lambda> at 0x7fa496287a90>,<function <lambda> at 0x7fa496287b30>
33495,2023-10-27 14:00:00,<function <lambda> at 0x7fa4962879f0>,<function <lambda> at 0x7fa496287a90>,<function <lambda> at 0x7fa496287b30>
33496,2023-10-27 15:00:00,<function <lambda> at 0x7fa4962879f0>,<function <lambda> at 0x7fa496287a90>,<function <lambda> at 0x7fa496287b30>
33497,2023-10-27 16:00:00,<function <lambda> at 0x7fa4962879f0>,<function <lambda> at 0x7fa496287a90>,<function <lambda> at 0x7fa496287b30>
33498,2023-10-27 17:00:00,<function <lambda> at 0x7fa4962879f0>,<function <lambda> at 0x7fa496287a90>,<function <lambda> at 0x7fa496287b30>
33499,2023-10-27 18:00:00,<function <lambda> at 0x7fa4962879f0>,<function <lambda> at 0x7fa496287a90>,<function <lambda> at 0x7fa496287b30>
33500,2023-10-27 19:00:00,<function <lambda> at 0x7fa4962879f0>,<function <lambda> at 0x7fa496287a90>,<function <lambda> at 0x7fa496287b30>
33501,2023-10-27 20:00:00,<function <lambda> at 0x7fa4962879f0>,<function <lambda> at 0x7fa496287a90>,<function <lambda> at 0x7fa496287b30>
33502,2023-10-27 21:00:00,<function <lambda> at 0x7fa4962879f0>,<function <lambda> at 0x7fa496287a90>,<function <lambda> at 0x7fa496287b30>
33503,2023-10-27 22:00:00,<function <lambda> at 0x7fa4962879f0>,<function <lambda> at 0x7fa496287a90>,<function <lambda> at 0x7fa496287b30>
33504,2023-10-27 23:00:00,<function <lambda> at 0x7fa4962879f0>,<function <lambda> at 0x7fa496287a90>,<function <lambda> at 0x7fa496287b30>
33505,2023-10-28 00:00:00,<function <lambda> at 0x7fa4962879f0>,<function <lambda> at 0x7fa496287a90>,<function <lambda> at 0x7fa496287b30>
33506,2023-10-28 01:00:00,<function <lambda> at 0x7fa4962879f0>,<function <lambda> at 0x7fa496287a90>,<function <lambda> at 0x7fa496287b30>
33507,2023-10-28 02:00:00,<function <lambda> at 0x7fa4962879f0>,<function <lambda> at 0x7fa496287a90>,<function <lambda> at 0x7fa496287b30>
33508,2023-10-28 03:00:00,<function <lambda> at 0x7fa4962879f0>,<function <lambda> at 0x7fa496287a90>,<function <lambda> at 0x7fa496287b30>
33509,2023-10-28 04:00:00,<function <lambda> at 0x7fa4962879f0>,<function <lambda> at 0x7fa496287a90>,<function <lambda> at 0x7fa496287b30>
33510,2023-10-28 05:00:00,<function <lambda> at 0x7fa4962879f0>,<function <lambda> at 0x7fa496287a90>,<function <lambda> at 0x7fa496287b30>
33511,2023-10-28 06:00:00,<function <lambda> at 0x7fa4962879f0>,<function <lambda> at 0x7fa496287a90>,<function <lambda> at 0x7fa496287b30>
33512,2023-10-28 07:00:00,<function <lambda> at 0x7fa4962879f0>,<function <lambda> at 0x7fa496287a90>,<function <lambda> at 0x7fa496287b30>
33513,2023-10-28 08:00:00,<function <lambda> at 0x7fa4962879f0>,<function <lambda> at 0x7fa496287a90>,<function <lambda> at 0x7fa496287b30>
33514,2023-10-28 09:00:00,<function <lambda> at 0x7fa4962879f0>,<function <lambda> at 0x7fa496287a90>,<function <lambda> at 0x7fa496287b30>
33515,2023-10-28 10:00:00,<function <lambda> at 0x7fa4962879f0>,<function <lambda> at 0x7fa496287a90>,<function <lambda> at 0x7fa496287b30>
33516,2023-10-28 11:00:00,<function <lambda> at 0x7fa4962879f0>,<function <lambda> at 0x7fa496287a90>,<function <lambda> at 0x7fa496287b30>
33517,2023-10-28 12:00:00,<function <lambda> at 0x7fa4962879f0>,<function <lambda> at 0x7fa496287a90>,<function <lambda> at 0x7fa496287b30>
33518,2023-10-28 13:00:00,<function <lambda> at 0x7fa4962879f0>,<function <lambda> at 0x7fa496287a90>,<function <lambda> at 0x7fa496287b30>
33519,2023-10-28 14:00:00,<function <lambda> at 0x7fa4962879f0>,<function <lambda> at 0x7fa496287a90>,<function <lambda> at 0x7fa496287b30>
33520,2023-10-28 15:00:00,<function <lambda> at 0x7fa4962879f0>,<function <lambda> at 0x7fa496287a90>,<function <lambda> at 0x7fa496287b30>
33521,2023-10-28 16:00:00,<function <lambda> at 0x7fa4962879f0>,<function <lambda> at 0x7fa496287a90>,<function <lambda> at 0x7fa496287b30>
33522,2023-10-28 17:00:00,<function <lambda> at 0x7fa4962879f0>,<function <lambda> at 0x7fa496287a90>,<function <lambda> at 0x7fa496287b30>
33523,2023-10-28 18:00:00,<function <lambda> at 0x7fa4962879f0>,<function <lambda> at 0x7fa496287a90>,<function <lambda> at 0x7fa496287b30>
33524,2023-10-28 19:00:00,<function <lambda> at 0x7fa4962879f0>,<function <lambda> at 0x7fa496287a90>,<function <lambda> at 0x7fa496287b30>
33525,2023-10-28 20:00:00,<function <lambda> at 0x7fa4962879f0>,<function <lambda> at 0x7fa496287a90>,<function <lambda> at 0x7fa496287b30>
33526,2023-10-28 21:00:00,<function <lambda> at 0x7fa4962879f0>,<function <lambda> at 0x7fa496287a90>,<function <lambda> at 0x7fa496287b30>
33527,2023-10-28 22:00:00,<function <lambda> at 0x7fa4962879f0>,<function <lambda> at 0x7fa496287a90>,<function <lambda> at 0x7fa496287b30>
33528,2023-10-28 23:00:00,<function <lambda> at 0x7fa4962879f0>,<function <lambda> at 0x7fa496287a90>,<function <lambda> at 0x7fa496287b30>
33529,2023-10-29 00:00:00,<function <lambda> at 0x7fa4962879f0>,<function <lambda> at 0x7fa496287a90>,<function <lambda> at 0x7fa496287b30>
33530,2023-10-29 01:00:00,<function <lambda> at 0x7fa4962879f0>,<function <lambda> at 0x7fa496287a90>,<function <lambda> at 0x7fa496287b30>
33531,2023-10-29 02:00:00,<function <lambda> at 0x7fa4962879f0>,<function <lambda> at 0x7fa496287a90>,<function <lambda> at 0x7fa496287b30>
33532,2023-10-29 03:00:00,<function <lambda> at 0x7fa4962879f0>,<function <lambda> at 0x7fa496287a90>,<function <lambda> at 0x7fa496287b30>
33533,2023-10-29 04:00:00,<function <lambda> at 0x7fa4962879f0>,<function <lambda> at 0x7fa496287a90>,<function <lambda> at 0x7fa496287b30>
33534,2023-10-29 05:00:00,<function <lambda> at 0x7fa4962879f0>,<function <lambda> at 0x7fa496287a90>,<function <lambda> at 0x7fa496287b30>
33535,2023-10-29 06:00:00,<function <lambda> at 0x7fa4962879f0>,<function <lambda> at 0x7fa496287a90>,<function <lambda> at 0x7fa496287b30>
33536,2023-10-29 07:00:00,<function <lambda> at 0x7fa4962879f0>,<function <lambda> at 0x7fa496287a90>,<function <lambda> at 0x7fa496287b30>
33537,2023-10-29 08:00:00,<function <lambda> at 0x7fa4962879f0>,<function <lambda> at 0x7fa496287a90>,<function <lambda> at 0x7fa496287b30>
33538,2023-10-29 09:00:00,<function <lambda> at 0x7fa4962879f0>,<function <lambda> at 0x7fa496287a90>,<function <lambda> at 0x7fa496287b30>
33539,2023-10-29 10:00:00,<function <lambda> at 0x7fa4962879f0>,<function <lambda> at 0x7fa496287a90>,<function <lambda> at 0x7fa496287b30>
33540,2023-10-29 11:00:00,<function <lambda> at 0x7fa4962879f0>,<function <lambda> at 0x7fa496287a90>,<function <lambda> at 0x7fa496287b30>
33541,2023-10-29 12:00:00,<function <lambda> at 0x7fa4962879f0>,<function <lambda> at 0x7fa496287a90>,<function <lambda> at 0x7fa496287b30>
33542,2023-10-29 13:00:00,<function <lambda> at 0x7fa4962879f0>,<function <lambda> at 0x7fa496287a90>,<function <lambda> at 0x7fa496287b30>
33543,2023-10-29 14:00:00,<function <lambda> at 0x7fa4962879f0>,<function <lambda> at 0x7fa496287a90>,<function <lambda> at 0x7fa496287b30>
33544,2023-10-29 15:00:00,<function <lambda> at 0x7fa4962879f0>,<function <lambda> at 0x7fa496287a90>,<function <lambda> at 0x7fa496287b30>
33545,2023-10-29 16:00:00,<function <lambda> at 0x7fa4962879f0>,<function <lambda> at 0x7fa496287a90>,<function <lambda> at 0x7fa496287b30>
33546,2023-10-29 17:00:00,<function <lambda> at 0x7fa4962879f0>,<function <lambda> at 0x7fa496287a90>,<function <lambda> at 0x7fa496287b30>
33547,2023-10-29 18:00:00,<function <lambda> at 0x7fa4962879f0>,<function <lambda> at 0x7fa496287a90>,<function <lambda> at 0x7fa496287b30>
33548,2023-10-29 19:00:00,<function <lambda> at 0x7fa4962879f0>,<function <lambda> at 0x7fa496287a90>,<function <lambda> at 0x7fa496287b30>
33549,2023-10-29 20:00:00,<function <lambda> at 0x7fa4962879f0>,<function <lambda> at 0x7fa496287a90>,<function <lambda> at 0x7fa496287b30>
33550,2023-10-29 21:00:00,<function <lambda> at 0x7fa4962879f0>,<function <lambda> at 0x7fa496287a90>,<function <lambda> at 0x7fa496287b30>
33551,2023-10-29 22:00:00,<function <lambda> at 0x7fa4962879f0>,<function <lambda> at 0x7fa496287a90>,<function <lambda> at 0x7fa496287b30>
33552,2023-10-29 23:00:00,<function <lambda> at 0x7fa4962879f0>,<function <lambda> at 0x7fa496287a90>,<function <lambda> at 0x7fa496287b30>
33553,2023-10-30 00:00:00,<function <lambda> at 0x7fa4962879f0>,<function <lambda> at 0x7fa496287a90>,<function <lambda> at 0x7fa496287b30>
33554,2023-10-30 01:00:00,<function <lambda> at 0x7fa4962879f0>,<function <lambda> at 0x7fa496287a90>,<function <lambda> at 0x7fa496287b30>
33555,2023-10-30 02:00:00,<function <lambda> at 0x7fa4962879f0>,<function <lambda> at 0x7fa496287a90>,<function <lambda> at 0x7fa496287b30>
33556,2023-10-30 03:00:00,<function <lambda> at 0x7fa4962879f0>,<function <lambda> at 0x7fa496287a90>,<function <lambda> at 0x7fa496287b30>
33557,2023-10-30 04:00:00,<function <lambda> at 0x7fa4962879f0>,<function <lambda> at 0x7fa496287a90>,<function <lambda> at 0x7fa496287b30>
33558,2023-10-30 05:00:00,<function <lambda> at 0x7fa4962879f0>,<function <lambda> at 0x7fa496287a90>,<function <lambda> at 0x7fa496287b30>
33559,2023-10-30 06:00:00,<function <lambda> at 0x7fa4962879f0>,<function <lambda> at 0x7fa496287a90>,<function <lambda> at 0x7fa496287b30>
33560,2023-10-30 07:00:00,<function <lambda> at 0x7fa4962879f0>,<function <lambda> at 0x7fa496287a90>,<function <lambda> at 0x7fa496287b30>
33561,2023-10-30 08:00:00,<function <lambda> at 0x7fa4962879f0>,<function <lambda> at 0x7fa496287a90>,<function <lambda> at 0x7fa496287b30>
33562,2023-10-30 09:00:00,<function <lambda> at 0x7fa4962879f0>,<function <lambda> at 0x7fa496287a90>,<function <lambda> at 0x7fa496287b30>
33563,2023-10-30 10:00:00,<function <lambda> at 0x7fa4962879f0>,<function <lambda> at 0x7fa496287a90>,<function <lambda> at 0x7fa496287b30>
33564,2023-10-30 11:00:00,<function <lambda> at 0x7fa4962879f0>,<function <lambda> at 0x7fa496287a90>,<function <lambda> at 0x7fa496287b30>
33565,2023-10-30 12:00:00,<function <lambda> at 0x7fa4962879f0>,<function <lambda> at 0x7fa496287a90>,<function <lambda> at 0x7fa496287b30>
33566,2023-10-30 13:00:00,<function <lambda> at 0x7fa4962879f0>,<function <lambda> at 0x7fa496287a90>,<function <lambda> at 0x7fa496287b30>
33567,2023-10-30 14:00:00,<function <lambda> at 0x7fa4962879f0>,<function <lambda> at 0x7fa496287a90>,<function <lambda> at 0x7fa496287b30>
33568,2023-10-30 15:00:00,<function <lambda> at 0x7fa4962879f0>,<function <lambda> at 0x7fa496287a90>,<function <lambda> at 0x7fa496287b30>
33569,2023-10-30 16:00:00,<function <lambda> at 0x7fa4962879f0>,<function <lambda> at 0x7fa496287a90>,<function <lambda> at 0x7fa496287b30>
33570,2023-10-30 17:00:00,<function <lambda> at 0x7fa4962879f0>,<function <lambda> at 0x7fa496287a90>,<function <lambda> at 0x7fa496287b30>
33571,2023-10-30 18:00:00,<function <lambda> at 0x7fa4962879f0>,<function <lambda> at 0x7fa496287a90>,<function <lambda> at 0x7fa496287b30>
33572,2023-10-30 19:00:00,<function <lambda> at 0x7fa4962879f0>,<function <lambda> at 0x7fa496287a90>,<function <lambda> at 0x7fa496287b30>
33573,2023-10-30 20:00:00,<function <lambda> at 0x7fa4962879f0>,<function <lambda> at 0x7fa496287a90>,<function <lambda> at 0x7fa496287b30>
33574,2023-10-30 21:00:00,<function <lambda> at 0x7fa4962879f0>,<function <lambda> at 0x7fa496287a90>,<function <lambda> at 0x7fa496287b30>
33575,2023-10-30 22:00:00,<function <lambda> at 0x7fa4962879f0>,<function <lambda> at 0x7fa496287a90>,<function <lambda> at 0x7fa496287b30>
33576,2023-10-30 23:00:00,<function <lambda> at 0x7fa4962879f0>,<function <lambda> at 0x7fa496287a90>,<function <lambda> at 0x7fa496287b30>
33577,2023-10-31 00:00:00,<function <lambda> at 0x7fa4962879f0>,<function <lambda> at 0x7fa496287a90>,<function <lambda> at 0x7fa496287b30>
33578,2023-10-31 01:00:00,<function <lambda> at 0x7fa4962879f0>,<function <lambda> at 0x7fa496287a90>,<function <lambda> at 0x7fa496287b30>
33579,2023-10-31 02:00:00,<function <lambda> at 0x7fa4962879f0>,<function <lambda> at 0x7fa496287a90>,<function <lambda> at 0x7fa496287b30>
33580,2023-10-31 03:00:00,<function <lambda> at 0x7fa4962879f0>,<function <lambda> at 0x7fa496287a90>,<function <lambda> at 0x7fa496287b30>
33581,2023-10-31 04:00:00,<function <lambda> at 0x7fa4962879f0>,<function <lambda> at 0x7fa496287a90>,<function <lambda> at 0x7fa496287b30>
33582,2023-10-31 05:00:00,<function <lambda> at 0x7fa4962879f0>,<function <lambda> at 0x7fa496287a90>,<function <lambda> at 0x7fa496287b30>
33583,2023-10-31 06:00:00,<function <lambda> at 0x7fa4962879f0>,<function <lambda> at 0x7fa496287a90>,<function <lambda> at 0x7fa496287b30>
33584,2023-10-31 07:00:00,<function <lambda> at 0x7fa4962879f0>,<function <lambda> at 0x7fa496287a90>,<function <lambda> at 0x7fa496287b30>
33585,2023-10-31 08:00:00,<function <lambda> at 0x7fa4962879f0>,<function <lambda> at 0x7fa496287a90>,<function <lambda> at 0x7fa496287b30>
33586,2023-10-31 09:00:00,<function <lambda> at 0x7fa4962879f0>,<function <lambda> at 0x7fa496287a90>,<function <lambda> at 0x7fa496287b30>
33587,2023-10-31 10:00:00,<function <lambda> at 0x7fa4962879f0>,<function <lambda> at 0x7fa496287a90>,<function <lambda> at 0x7fa496287b30>
33588,2023-10-31 11:00:00,<function <lambda> at 0x7fa4962879f0>,<function <lambda> at 0x7fa496287a90>,<function <lambda> at 0x7fa496287b30>
33589,2023-10-31 12:00:00,<function <lambda> at 0x7fa4962879f0>,<function <lambda> at 0x7fa496287a90>,<function <lambda> at 0x7fa496287b30>
33590,2023-10-31 13:00:00,<function <lambda> at 0x7fa4962879f0>,<function <lambda> at 0x7fa496287a90>,<function <lambda> at 0x7fa496287b30>
33591,2023-10-31 14:00:00,<function <lambda> at 0x7fa4962879f0>,<function <lambda> at 0x7fa496287a90>,<function <lambda> at 0x7fa496287b30>
33592,2023-10-31 15:00:00,<function <lambda> at 0x7fa4962879f0>,<function <lambda> at 0x7fa496287a90>,<function <lambda> at 0x7fa496287b30>
33593,2023-10-31 16:00:00,<function <lambda> at 0x7fa4962879f0>,<function <lambda> at 0x7fa496287a90>,<function <lambda> at 0x7fa496287b30>
33594,2023-10-31 17:00:00,<function <lambda> at 0x7fa4962879f0>,<function <lambda> at 0x7fa496287a90>,<function <lambda> at 0x7fa496287b30>
33595,2023-10-31 18:00:00,<function <lambda> at 0x7fa4962879f0>,<function <lambda> at 0x7fa496287a90>,<function <lambda> at 0x7fa496287b30>
33596,2023-10-31 19:00:00,<function <lambda> at 0x7fa4962879f0>,<function <lambda> at 0x7fa496287a90>,<function <lambda> at 0x7fa496287b30>
33597,2023-10-31 20:00:00,<function <lambda> at 0x7fa4962879f0>,<function <lambda> at 0x7fa496287a90>,<function <lambda> at 0x7fa496287b30>
33598,2023-10-31 21:00:00,<function <lambda> at 0x7fa4962879f0>,<function <lambda> at 0x7fa496287a90>,<function <lambda> at 0x7fa496287b30>
33599,2023-10-31 22:00:00,<function <lambda> at 0x7fa4962879f0>,<function <lambda> at 0x7fa496287a90>,<function <lambda> at 0x7fa496287b30>
33600,2023-10-31 23:00:00,<function <lambda> at 0x7fa4962879f0>,<function <lambda> at 0x7fa496287a90>,<function <lambda> at 0x7fa496287b30>
33601,2023-11-01 00:00:00,<function <lambda> at 0x7fa4962879f0>,<function <lambda> at 0x7fa496287a90>,<function <lambda> at 0x7fa496287b30>
33602,2023-11-01 01:00:00,<function <lambda> at 0x7fa4962879f0>,<function <lambda> at 0x7fa496287a90>,<function <lambda> at 0x7fa496287b30>
33603,2023-11-01 02:00:00,<function <lambda> at 0x7fa4962879f0>,<function <lambda> at 0x7fa496287a90>,<function <lambda> at 0x7fa496287b30>
33604,2023-11-01 03:00:00,<function <lambda> at 0x7fa4962879f0>,<function <lambda> at 0x7fa496287a90>,<function <lambda> at 0x7fa496287b30>
33605,2023-11-01 04:00:00,<function <lambda> at 0x7fa4962879f0>,<function <lambda> at 0x7fa496287a90>,<function <lambda> at 0x7fa496287b30>
33606,2023-11-01 05:00:00,<function <lambda> at 0x7fa4962879f0>,<function <lambda> at 0x7fa496287a90>,<function <lambda> at 0x7fa496287b30>
33607,2023-11-01 06:00:00,<function <lambda> at 0x7fa4962879f0>,<function <lambda> at 0x7fa496287a90>,<function <lambda> at 0x7fa496287b30>
33608,2023-11-01 07:00:00,<function <lambda> at 0x7fa4962879f0>,<function <lambda> at 0x7fa496287a90>,<function <lambda> at 0x7fa496287b30>
33609,2023-11-01 08:00:00,<function <lambda> at 0x7fa4962879f0>,<function <lambda> at 0x7fa496287a90>,<function <lambda> at 0x7fa496287b30>
33610,2023-11-01 09:00:00,<function <lambda> at 0x7fa4962879f0>,<function <lambda> at 0x7fa496287a90>,<function <lambda> at 0x7fa496287b30>
33611,2023-11-01 10:00:00,<function <lambda> at 0x7fa4962879f0>,<function <lambda> at 0x7fa496287a90>,<function <lambda> at 0x7fa496287b30>
33612,2023-11-01 11:00:00,<function <lambda> at 0x7fa4962879f0>,<function <lambda> at 0x7fa496287a90>,<function <lambda> at 0x7fa496287b30>
33613,2023-11-01 12:00:00,<function <lambda> at 0x7fa4962879f0>,<function <lambda> at 0x7fa496287a90>,<function <lambda> at 0x7fa496287b30>
33614,2023-11-01 13:00:00,<function <lambda> at 0x7fa4962879f0>,<function <lambda> at 0x7fa496287a90>,<function <lambda> at 0x7fa496287b30>
33615,2023-11-01 14:00:00,<function <lambda> at 0x7fa4962879f0>,<function <lambda> at 0x7fa496287a90>,<function <lambda> at 0x7fa496287b30>
33616,2023-11-01 15:00:00,<function <lambda> at 0x7fa4962879f0>,<function <lambda> at 0x7fa496287a90>,<function <lambda> at 0x7fa496287b30>
33617,2023-11-01 16:00:00,<function <lambda> at 0x7fa4962879f0>,<function <lambda> at 0x7fa496287a90>,<function <lambda> at 0x7fa496287b30>
33618,2023-11-01 17:00:00,<function <lambda> at 0x7fa4962879f0>,<function <lambda> at 0x7fa496287a90>,<function <lambda> at 0x7fa496287b30>
33619,2023-11-01 18:00:00,<function <lambda> at 0x7fa4962879f0>,<function <lambda> at 0x7fa496287a90>,<function <lambda> at 0x7fa496287b30>
33620,2023-11-01 19:00:00,<function <lambda> at 0x7fa4962879f0>,<function <lambda> at 0x7fa496287a90>,<function <lambda> at 0x7fa496287b30>
33621,2023-11-01 20:00:00,<function <lambda> at 0x7fa4962879f0>,<function <lambda> at 0x7fa496287a90>,<function <lambda> at 0x7fa496287b30>
33622,2023-11-01 21:00:00,<function <lambda> at 0x7fa4962879f0>,<function <lambda> at 0x7fa496287a90>,<function <lambda> at 0x7fa496287b30>
33623,2023-11-01 22:00:00,<function <lambda> at 0x7fa4962879f0>,<function <lambda> at 0x7fa496287a90>,<function <lambda> at 0x7fa496287b30>
33624,2023-11-01 23:00:00,<function <lambda> at 0x7fa4962879f0>,<function <lambda> at 0x7fa496287a90>,<function <lambda> at 0x7fa496287b30>
33625,2023-11-02 00:00:00,<function <lambda> at 0x7fa4962879f0>,<function <lambda> at 0x7fa496287a90>,<function <lambda> at 0x7fa496287b30>
33626,2023-11-02 01:00:00,<function <lambda> at 0x7fa4962879f0>,<function <lambda> at 0x7fa496287a90>,<function <lambda> at 0x7fa496287b30>
33627,2023-11-02 02:00:00,<function <lambda> at 0x7fa4962879f0>,<function <lambda> at 0x7fa496287a90>,<function <lambda> at 0x7fa496287b30>
33628,2023-11-02 03:00:00,<function <lambda> at 0x7fa4962879f0>,<function <lambda> at 0x7fa496287a90>,<function <lambda> at 0x7fa496287b30>
33629,2023-11-02 04:00:00,<function <lambda> at 0x7fa4962879f0>,<function <lambda> at 0x7fa496287a90>,<function <lambda> at 0x7fa496287b30>
33630,2023-11-02 05:00:00,<function <lambda> at 0x7fa4962879f0>,<function <lambda> at 0x7fa496287a90>,<function <lambda> at 0x7fa496287b30>
33631,2023-11-02 06:00:00,<function <lambda> at 0x7fa4962879f0>,<function <lambda> at 0x7fa496287a90>,<function <lambda> at 0x7fa496287b30>
33632,2023-11-02 07:00:00,<function <lambda> at 0x7fa4962879f0>,<function <lambda> at 0x7fa496287a90>,<function <lambda> at 0x7fa496287b30>
33633,2023-11-02 08:00:00,<function <lambda> at 0x7fa4962879f0>,<function <lambda> at 0x7fa496287a90>,<function <lambda> at 0x7fa496287b30>
33634,2023-11-02 09:00:00,<function <lambda> at 0x7fa4962879f0>,<function <lambda> at 0x7fa496287a90>,<function <lambda> at 0x7fa496287b30>
33635,2023-11-02 10:00:00,<function <lambda> at 0x7fa4962879f0>,<function <lambda> at 0x7fa496287a90>,<function <lambda> at 0x7fa496287b30>
33636,2023-11-02 11:00:00,<function <lambda> at 0x7fa4962879f0>,<function <lambda> at 0x7fa496287a90>,<function <lambda> at 0x7fa496287b30>
33637,2023-11-02 12:00:00,<function <lambda> at 0x7fa4962879f0>,<function <lambda> at 0x7fa496287a90>,<function <lambda> at 0x7fa496287b30>
33638,2023-11-02 13:00:00,<function <lambda> at 0x7fa4962879f0>,<function <lambda> at 0x7fa496287a90>,<function <lambda> at 0x7fa496287b30>
33639,2023-11-02 14:00:00,<function <lambda> at 0x7fa4962879f0>,<function <lambda> at 0x7fa496287a90>,<function <lambda> at 0x7fa496287b30>
33640,2023-11-02 15:00:00,<function <lambda> at 0x7fa4962879f0>,<function <lambda> at 0x7fa496287a90>,<function <lambda> at 0x7fa496287b30>
33641,2023-11-02 16:00:00,<function <lambda> at 0x7fa4962879f0>,<function <lambda> at 0x7fa496287a90>,<function <lambda> at 0x7fa496287b30>
33642,2023-11-02 17:00:00,<function <lambda> at 0x7fa4962879f0>,<function <lambda> at 0x7fa496287a90>,<function <lambda> at 0x7fa496287b30>
33643,2023-11-02 18:00:00,<function <lambda> at 0x7fa4962879f0>,<function <lambda> at 0x7fa496287a90>,<function <lambda> at 0x7fa496287b30>
33644,2023-11-02 19:00:00,<function <lambda> at 0x7fa4962879f0>,<function <lambda> at 0x7fa496287a90>,<function <lambda> at 0x7fa496287b30>
33645,2023-11-02 20:00:00,<function <lambda> at 0x7fa4962879f0>,<function <lambda> at 0x7fa496287a90>,<function <lambda> at 0x7fa496287b30>
33646,2023-11-02 21:00:00,<function <lambda> at 0x7fa4962879f0>,<function <lambda> at 0x7fa496287a90>,<function <lambda> at 0x7fa496287b30>
33647,2023-11-02 22:00:00,<function <lambda> at 0x7fa4962879f0>,<function <lambda> at 0x7fa496287a90>,<function <lambda> at 0x7fa496287b30>
33648,2023-11-02 23:00:00,<function <lambda> at 0x7fa4962879f0>,<function <lambda> at 0x7fa496287a90>,<function <lambda> at 0x7fa496287b30>
33649,2023-11-03 00:00:00,<function <lambda> at 0x7fa4962879f0>,<function <lambda> at 0x7fa496287a90>,<function <lambda> at 0x7fa496287b30>
33650,2023-11-03 01:00:00,<function <lambda> at 0x7fa4962879f0>,<function <lambda> at 0x7fa496287a90>,<function <lambda> at 0x7fa496287b30>
33651,2023-11-03 02:00:00,<function <lambda> at 0x7fa4962879f0>,<function <lambda> at 0x7fa496287a90>,<function <lambda> at 0x7fa496287b30>
33652,2023-11-03 03:00:00,<function <lambda> at 0x7fa4962879f0>,<function <lambda> at 0x7fa496287a90>,<function <lambda> at 0x7fa496287b30>
33653,2023-11-03 04:00:00,<function <lambda> at 0x7fa4962879f0>,<function <lambda> at 0x7fa496287a90>,<function <lambda> at 0x7fa496287b30>
33654,2023-11-03 05:00:00,<function <lambda> at 0x7fa4962879f0>,<function <lambda> at 0x7fa496287a90>,<function <lambda> at 0x7fa496287b30>
33655,2023-11-03 06:00:00,<function <lambda> at 0x7fa4962879f0>,<function <lambda> at 0x7fa496287a90>,<function <lambda> at 0x7fa496287b30>
33656,2023-11-03 07:00:00,<function <lambda> at 0x7fa4962879f0>,<function <lambda> at 0x7fa496287a90>,<function <lambda> at 0x7fa496287b30>
33657,2023-11-03 08:00:00,<function <lambda> at 0x7fa4962879f0>,<function <lambda> at 0x7fa496287a90>,<function <lambda> at 0x7fa496287b30>
33658,2023-11-03 09:00:00,<function <lambda> at 0x7fa4962879f0>,<function <lambda> at 0x7fa496287a90>,<function <lambda> at 0x7fa496287b30>
33659,2023-11-03 10:00:00,<function <lambda> at 0x7fa4962879f0>,<function <lambda> at 0x7fa496287a90>,<function <lambda> at 0x7fa496287b30>
33660,2023-11-03 11:00:00,<function <lambda> at 0x7fa4962879f0>,<function <lambda> at 0x7fa496287a90>,<function <lambda> at 0x7fa496287b30>
33661,2023-11-03 12:00:00,<function <lambda> at 0x7fa4962879f0>,<function <lambda> at 0x7fa496287a90>,<function <lambda> at 0x7fa496287b30>
33662,2023-11-03 13:00:00,<function <lambda> at 0x7fa4962879f0>,<function <lambda> at 0x7fa496287a90>,<function <lambda> at 0x7fa496287b30>
33663,2023-11-03 14:00:00,<function <lambda> at 0x7fa4962879f0>,<function <lambda> at 0x7fa496287a90>,<function <lambda> at 0x7fa496287b30>
33664,2023-11-03 15:00:00,<function <lambda> at 0x7fa4962879f0>,<function <lambda> at 0x7fa496287a90>,<function <lambda> at 0x7fa496287b30>
33665,2023-11-03 16:00:00,<function <lambda> at 0x7fa4962879f0>,<function <lambda> at 0x7fa496287a90>,<function <lambda> at 0x7fa496287b30>
33666,2023-11-03 17:00:00,<function <lambda> at 0x7fa4962879f0>,<function <lambda> at 0x7fa496287a90>,<function <lambda> at 0x7fa496287b30>
33667,2023-11-03 18:00:00,<function <lambda> at 0x7fa4962879f0>,<function <lambda> at 0x7fa496287a90>,<function <lambda> at 0x7fa496287b30>
33668,2023-11-03 19:00:00,<function <lambda> at 0x7fa4962879f0>,<function <lambda> at 0x7fa496287a90>,<function <lambda> at 0x7fa496287b30>
33669,2023-11-03 20:00:00,<function <lambda> at 0x7fa4962879f0>,<function <lambda> at 0x7fa496287a90>,<function <lambda> at 0x7fa496287b30>
33670,2023-11-03 21:00:00,<function <lambda> at 0x7fa4962879f0>,<function <lambda> at 0x7fa496287a90>,<function <lambda> at 0x7fa496287b30>
33671,2023-11-03 22:00:00,<function <lambda> at 0x7fa4962879f0>,<function <lambda> at 0x7fa496287a90>,<function <lambda> at 0x7fa496287b30>
33672,2023-11-03 23:00:00,<function <lambda> at 0x7fa4962879f0>,<function <lambda> at 0x7fa496287a90>,<function <lambda> at 0x7fa496287b30>
33673,2023-11-04 00:00:00,<function <lambda> at 0x7fa4962879f0>,<function <lambda> at 0x7fa496287a90>,<function <lambda> at 0x7fa496287b30>
33674,2023-11-04 01:00:00,<function <lambda> at 0x7fa4962879f0>,<function <lambda> at 0x7fa496287a90>,<function <lambda> at 0x7fa496287b30>
33675,2023-11-04 02:00:00,<function <lambda> at 0x7fa4962879f0>,<function <lambda> at 0x7fa496287a90>,<function <lambda> at 0x7fa496287b30>
33676,2023-11-04 03:00:00,<function <lambda> at 0x7fa4962879f0>,<function <lambda> at 0x7fa496287a90>,<function <lambda> at 0x7fa496287b30>
33677,2023-11-04 04:00:00,<function <lambda> at 0x7fa4962879f0>,<function <lambda> at 0x7fa496287a90>,<function <lambda> at 0x7fa496287b30>
33678,2023-11-04 05:00:00,<function <lambda> at 0x7fa4962879f0>,<function <lambda> at 0x7fa496287a90>,<function <lambda> at 0x7fa496287b30>
33679,2023-11-04 06:00:00,<function <lambda> at 0x7fa4962879f0>,<function <lambda> at 0x7fa496287a90>,<function <lambda> at 0x7fa496287b30>
33680,2023-11-04 07:00:00,<function <lambda> at 0x7fa4962879f0>,<function <lambda> at 0x7fa496287a90>,<function <lambda> at 0x7fa496287b30>
33681,2023-11-04 08:00:00,<function <lambda> at 0x7fa4962879f0>,<function <lambda> at 0x7fa496287a90>,<function <lambda> at 0x7fa496287b30>
33682,2023-11-04 09:00:00,<function <lambda> at 0x7fa4962879f0>,<function <lambda> at 0x7fa496287a90>,<function <lambda> at 0x7fa496287b30>
33683,2023-11-04 10:00:00,<function <lambda> at 0x7fa4962879f0>,<function <lambda> at 0x7fa496287a90>,<function <lambda> at 0x7fa496287b30>
33684,2023-11-04 11:00:00,<function <lambda> at 0x7fa4962879f0>,<function <lambda> at 0x7fa496287a90>,<function <lambda> at 0x7fa496287b30>
33685,2023-11-04 12:00:00,<function <lambda> at 0x7fa4962879f0>,<function <lambda> at 0x7fa496287a90>,<function <lambda> at 0x7fa496287b30>
33686,2023-11-04 13:00:00,<function <lambda> at 0x7fa4962879f0>,<function <lambda> at 0x7fa496287a90>,<function <lambda> at 0x7fa496287b30>
33687,2023-11-04 14:00:00,<function <lambda> at 0x7fa4962879f0>,<function <lambda> at 0x7fa496287a90>,<function <lambda> at 0x7fa496287b30>
33688,2023-11-04 15:00:00,<function <lambda> at 0x7fa4962879f0>,<function <lambda> at 0x7fa496287a90>,<function <lambda> at 0x7fa496287b30>
33689,2023-11-04 16:00:00,<function <lambda> at 0x7fa4962879f0>,<function <lambda> at 0x7fa496287a90>,<function <lambda> at 0x7fa496287b30>
33690,2023-11-04 17:00:00,<function <lambda> at 0x7fa4962879f0>,<function <lambda> at 0x7fa496287a90>,<function <lambda> at 0x7fa496287b30>
33691,2023-11-04 18:00:00,<function <lambda> at 0x7fa4962879f0>,<function <lambda> at 0x7fa496287a90>,<function <lambda> at 0x7fa496287b30>
33692,2023-11-04 19:00:00,<function <lambda> at 0x7fa4962879f0>,<function <lambda> at 0x7fa496287a90>,<function <lambda> at 0x7fa496287b30>
33693,2023-11-04 20:00:00,<function <lambda> at 0x7fa4962879f0>,<function <lambda> at 0x7fa496287a90>,<function <lambda> at 0x7fa496287b30>
33694,2023-11-04 21:00:00,<function <lambda> at 0x7fa4962879f0>,<function <lambda> at 0x7fa496287a90>,<function <lambda> at 0x7fa496287b30>
33695,2023-11-04 22:00:00,<function <lambda> at 0x7fa4962879f0>,<function <lambda> at 0x7fa496287a90>,<function <lambda> at 0x7fa496287b30>
33696,2023-11-04 23:00:00,<function <lambda> at 0x7fa4962879f0>,<function <lambda> at 0x7fa496287a90>,<function <lambda> at 0x7fa496287b30>
33697,2023-11-05 00:00:00,<function <lambda> at 0x7fa4962879f0>,<function <lambda> at 0x7fa496287a90>,<function <lambda> at 0x7fa496287b30>
33698,2023-11-05 01:00:00,<function <lambda> at 0x7fa4962879f0>,<function <lambda> at 0x7fa496287a90>,<function <lambda> at 0x7fa496287b30>
33699,2023-11-05 02:00:00,<function <lambda> at 0x7fa4962879f0>,<function <lambda> at 0x7fa496287a90>,<function <lambda> at 0x7fa496287b30>
33700,2023-11-05 03:00:00,<function <lambda> at 0x7fa4962879f0>,<function <lambda> at 0x7fa496287a90>,<function <lambda> at 0x7fa496287b30>
33701,2023-11-05 04:00:00,<function <lambda> at 0x7fa4962879f0>,<function <lambda> at 0x7fa496287a90>,<function <lambda> at 0x7fa496287b30>
33702,2023-11-05 05:00:00,<function <lambda> at 0x7fa4962879f0>,<function <lambda> at 0x7fa496287a90>,<function <lambda> at 0x7fa496287b30>
33703,2023-11-05 06:00:00,<function <lambda> at 0x7fa4962879f0>,<function <lambda> at 0x7fa496287a90>,<function <lambda> at 0x7fa496287b30>
33704,2023-11-05 07:00:00,<function <lambda> at 0x7fa4962879f0>,<function <lambda> at 0x7fa496287a90>,<function <lambda> at 0x7fa496287b30>
33705,2023-11-05 08:00:00,<function <lambda> at 0x7fa4962879f0>,<function <lambda> at 0x7fa496287a90>,<function <lambda> at 0x7fa496287b30>
33706,2023-11-05 09:00:00,<function <lambda> at 0x7fa4962879f0>,<function <lambda> at 0x7fa496287a90>,<function <lambda> at 0x7fa496287b30>
33707,2023-11-05 10:00:00,<function <lambda> at 0x7fa4962879f0>,<function <lambda> at 0x7fa496287a90>,<function <lambda> at 0x7fa496287b30>
33708,2023-11-05 11:00:00,<function <lambda> at 0x7fa4962879f0>,<function <lambda> at 0x7fa496287a90>,<function <lambda> at 0x7fa496287b30>
33709,2023-11-05 12:00:00,<function <lambda> at 0x7fa4962879f0>,<function <lambda> at 0x7fa496287a90>,<function <lambda> at 0x7fa496287b30>
33710,2023-11-05 13:00:00,<function <lambda> at 0x7fa4962879f0>,<function <lambda> at 0x7fa496287a90>,<function <lambda> at 0x7fa496287b30>
33711,2023-11-05 14:00:00,<function <lambda> at 0x7fa4962879f0>,<function <lambda> at 0x7fa496287a90>,<function <lambda> at 0x7fa496287b30>
33712,2023-11-05 15:00:00,<function <lambda> at 0x7fa4962879f0>,<function <lambda> at 0x7fa496287a90>,<function <lambda> at 0x7fa496287b30>
33713,2023-11-05 16:00:00,<function <lambda> at 0x7fa4962879f0>,<function <lambda> at 0x7fa496287a90>,<function <lambda> at 0x7fa496287b30>
33714,2023-11-05 17:00:00,<function <lambda> at 0x7fa4962879f0>,<function <lambda> at 0x7fa496287a90>,<function <lambda> at 0x7fa496287b30>
33715,2023-11-05 18:00:00,<function <lambda> at 0x7fa4962879f0>,<function <lambda> at 0x7fa496287a90>,<function <lambda> at 0x7fa496287b30>
33716,2023-11-05 19:00:00,<function <lambda> at 0x7fa4962879f0>,<function <lambda> at 0x7fa496287a90>,<function <lambda> at 0x7fa496287b30>
33717,2023-11-05 20:00:00,<function <lambda> at 0x7fa4962879f0>,<function <lambda> at 0x7fa496287a90>,<function <lambda> at 0x7fa496287b30>
33718,2023-11-05 21:00:00,<function <lambda> at 0x7fa4962879f0>,<function <lambda> at 0x7fa496287a90>,<function <lambda> at 0x7fa496287b30>
33719,2023-11-05 22:00:00,<function <lambda> at 0x7fa4962879f0>,<function <lambda> at 0x7fa496287a90>,<function <lambda> at 0x7fa496287b30>
33720,2023-11-05 23:00:00,<function <lambda> at 0x7fa4962879f0>,<function <lambda> at 0x7fa496287a90>,<function <lambda> at 0x7fa496287b30>
33721,2023-11-06 00:00:00,<function <lambda> at 0x7fa4962879f0>,<function <lambda> at 0x7fa496287a90>,<function <lambda> at 0x7fa496287b30>
33722,2023-11-06 01:00:00,<function <lambda> at 0x7fa4962879f0>,<function <lambda> at 0x7fa496287a90>,<function <lambda> at 0x7fa496287b30>
33723,2023-11-06 02:00:00,<function <lambda> at 0x7fa4962879f0>,<function <lambda> at 0x7fa496287a90>,<function <lambda> at 0x7fa496287b30>
33724,2023-11-06 03:00:00,<function <lambda> at 0x7fa4962879f0>,<function <lambda> at 0x7fa496287a90>,<function <lambda> at 0x7fa496287b30>
33725,2023-11-06 04:00:00,<function <lambda> at 0x7fa4962879f0>,<function <lambda> at 0x7fa496287a90>,<function <lambda> at 0x7fa496287b30>
33726,2023-11-06 05:00:00,<function <lambda> at 0x7fa4962879f0>,<function <lambda> at 0x7fa496287a90>,<function <lambda> at 0x7fa496287b30>
33727,2023-11-06 06:00:00,<function <lambda> at 0x7fa4962879f0>,<function <lambda> at 0x7fa496287a90>,<function <lambda> at 0x7fa496287b30>
33728,2023-11-06 07:00:00,<function <lambda> at 0x7fa4962879f0>,<function <lambda> at 0x7fa496287a90>,<function <lambda> at 0x7fa496287b30>
33729,2023-11-06 08:00:00,<function <lambda> at 0x7fa4962879f0>,<function <lambda> at 0x7fa496287a90>,<function <lambda> at 0x7fa496287b30>
33730,2023-11-06 09:00:00,<function <lambda> at 0x7fa4962879f0>,<function <lambda> at 0x7fa496287a90>,<function <lambda> at 0x7fa496287b30>
33731,2023-11-06 10:00:00,<function <lambda> at 0x7fa4962879f0>,<function <lambda> at 0x7fa496287a90>,<function <lambda> at 0x7fa496287b30>
33732,2023-11-06 11:00:00,<function <lambda> at 0x7fa4962879f0>,<function <lambda> at 0x7fa496287a90>,<function <lambda> at 0x7fa496287b30>
33733,2023-11-06 12:00:00,<function <lambda> at 0x7fa4962879f0>,<function <lambda> at 0x7fa496287a90>,<function <lambda> at 0x7fa496287b30>
33734,2023-11-06 13:00:00,<function <lambda> at 0x7fa4962879f0>,<function <lambda> at 0x7fa496287a90>,<function <lambda> at 0x7fa496287b30>
33735,2023-11-06 14:00:00,<function <lambda> at 0x7fa4962879f0>,<function <lambda> at 0x7fa496287a90>,<function <lambda> at 0x7fa496287b30>
33736,2023-11-06 15:00:00,<function <lambda> at 0x7fa4962879f0>,<function <lambda> at 0x7fa496287a90>,<function <lambda> at 0x7fa496287b30>
33737,2023-11-06 16:00:00,<function <lambda> at 0x7fa4962879f0>,<function <lambda> at 0x7fa496287a90>,<function <lambda> at 0x7fa496287b30>
33738,2023-11-06 17:00:00,<function <lambda> at 0x7fa4962879f0>,<function <lambda> at 0x7fa496287a90>,<function <lambda> at 0x7fa496287b30>
33739,2023-11-06 18:00:00,<function <lambda> at 0x7fa4962879f0>,<function <lambda> at 0x7fa496287a90>,<function <lambda> at 0x7fa496287b30>
33740,2023-11-06 19:00:00,<function <lambda> at 0x7fa4962879f0>,<function <lambda> at 0x7fa496287a90>,<function <lambda> at 0x7fa496287b30>
33741,2023-11-06 20:00:00,<function <lambda> at 0x7fa4962879f0>,<function <lambda> at 0x7fa496287a90>,<function <lambda> at 0x7fa496287b30>
33742,2023-11-06 21:00:00,<function <lambda> at 0x7fa4962879f0>,<function <lambda> at 0x7fa496287a90>,<function <lambda> at 0x7fa496287b30>
33743,2023-11-06 22:00:00,<function <lambda> at 0x7fa4962879f0>,<function <lambda> at 0x7fa496287a90>,<function <lambda> at 0x7fa496287b30>
33744,2023-11-06 23:00:00,<function <lambda> at 0x7fa4962879f0>,<function <lambda> at 0x7fa496287a90>,<function <lambda> at 0x7fa496287b30>
33745,2023-11-07 00:00:00,<function <lambda> at 0x7fa4962879f0>,<function <lambda> at 0x7fa496287a90>,<function <lambda> at 0x7fa496287b30>
33746,2023-11-07 01:00:00,<function <lambda> at 0x7fa4962879f0>,<function <lambda> at 0x7fa496287a90>,<function <lambda> at 0x7fa496287b30>
33747,2023-11-07 02:00:00,<function <lambda> at 0x7fa4962879f0>,<function <lambda> at 0x7fa496287a90>,<function <lambda> at 0x7fa496287b30>
33748,2023-11-07 03:00:00,<function <lambda> at 0x7fa4962879f0>,<function <lambda> at 0x7fa496287a90>,<function <lambda> at 0x7fa496287b30>
33749,2023-11-07 04:00:00,<function <lambda> at 0x7fa4962879f0>,<function <lambda> at 0x7fa496287a90>,<function <lambda> at 0x7fa496287b30>
33750,2023-11-07 05:00:00,<function <lambda> at 0x7fa4962879f0>,<function <lambda> at 0x7fa496287a90>,<function <lambda> at 0x7fa496287b30>
33751,2023-11-07 06:00:00,<function <lambda> at 0x7fa4962879f0>,<function <lambda> at 0x7fa496287a90>,<function <lambda> at 0x7fa496287b30>
33752,2023-11-07 07:00:00,<function <lambda> at 0x7fa4962879f0>,<function <lambda> at 0x7fa496287a90>,<function <lambda> at 0x7fa496287b30>
33753,2023-11-07 08:00:00,<function <lambda> at 0x7fa4962879f0>,<function <lambda> at 0x7fa496287a90>,<function <lambda> at 0x7fa496287b30>
33754,2023-11-07 09:00:00,<function <lambda> at 0x7fa4962879f0>,<function <lambda> at 0x7fa496287a90>,<function <lambda> at 0x7fa496287b30>
33755,2023-11-07 10:00:00,<function <lambda> at 0x7fa4962879f0>,<function <lambda> at 0x7fa496287a90>,<function <lambda> at 0x7fa496287b30>
33756,2023-11-07 11:00:00,<function <lambda> at 0x7fa4962879f0>,<function <lambda> at 0x7fa496287a90>,<function <lambda> at 0x7fa496287b30>
33757,2023-11-07 12:00:00,<function <lambda> at 0x7fa4962879f0>,<function <lambda> at 0x7fa496287a90>,<function <lambda> at 0x7fa496287b30>
33758,2023-11-07 13:00:00,<function <lambda> at 0x7fa4962879f0>,<function <lambda> at 0x7fa496287a90>,<function <lambda> at 0x7fa496287b30>
33759,2023-11-07 14:00:00,<function <lambda> at 0x7fa4962879f0>,<function <lambda> at 0x7fa496287a90>,<function <lambda> at 0x7fa496287b30>
33760,2023-11-07 15:00:00,<function <lambda> at 0x7fa4962879f0>,<function <lambda> at 0x7fa496287a90>,<function <lambda> at 0x7fa496287b30>
33761,2023-11-07 16:00:00,<function <lambda> at 0x7fa4962879f0>,<function <lambda> at 0x7fa496287a90>,<function <lambda> at 0x7fa496287b30>
33762,2023-11-07 17:00:00,<function <lambda> at 0x7fa4962879f0>,<function <lambda> at 0x7fa496287a90>,<function <lambda> at 0x7fa496287b30>
33763,2023-11-07 18:00:00,<function <lambda> at 0x7fa4962879f0>,<function <lambda> at 0x7fa496287a90>,<function <lambda> at 0x7fa496287b30>
33764,2023-11-07 19:00:00,<function <lambda> at 0x7fa4962879f0>,<function <lambda> at 0x7fa496287a90>,<function <lambda> at 0x7fa496287b30>
33765,2023-11-07 20:00:00,<function <lambda> at 0x7fa4962879f0>,<function <lambda> at 0x7fa496287a90>,<function <lambda> at 0x7fa496287b30>
33766,2023-11-07 21:00:00,<function <lambda> at 0x7fa4962879f0>,<function <lambda> at 0x7fa496287a90>,<function <lambda> at 0x7fa496287b30>
33767,2023-11-07 22:00:00,<function <lambda> at 0x7fa4962879f0>,<function <lambda> at 0x7fa496287a90>,<function <lambda> at 0x7fa496287b30>
33768,2023-11-07 23:00:00,<function <lambda> at 0x7fa4962879f0>,<function <lambda> at 0x7fa496287a90>,<function <lambda> at 0x7fa496287b30>
33769,2023-11-08 00:00:00,<function <lambda> at 0x7fa4962879f0>,<function <lambda> at 0x7fa496287a90>,<function <lambda> at 0x7fa496287b30>
33770,2023-11-08 01:00:00,<function <lambda> at 0x7fa4962879f0>,<function <lambda> at 0x7fa496287a90>,<function <lambda> at 0x7fa496287b30>
33771,2023-11-08 02:00:00,<function <lambda> at 0x7fa4962879f0>,<function <lambda> at 0x7fa496287a90>,<function <lambda> at 0x7fa496287b30>
33772,2023-11-08 03:00:00,<function <lambda> at 0x7fa4962879f0>,<function <lambda> at 0x7fa496287a90>,<function <lambda> at 0x7fa496287b30>
33773,2023-11-08 04:00:00,<function <lambda> at 0x7fa4962879f0>,<function <lambda> at 0x7fa496287a90>,<function <lambda> at 0x7fa496287b30>
33774,2023-11-08 05:00:00,<function <lambda> at 0x7fa4962879f0>,<function <lambda> at 0x7fa496287a90>,<function <lambda> at 0x7fa496287b30>
33775,2023-11-08 06:00:00,<function <lambda> at 0x7fa4962879f0>,<function <lambda> at 0x7fa496287a90>,<function <lambda> at 0x7fa496287b30>
33776,2023-11-08 07:00:00,<function <lambda> at 0x7fa4962879f0>,<function <lambda> at 0x7fa496287a90>,<function <lambda> at 0x7fa496287b30>
33777,2023-11-08 08:00:00,<function <lambda> at 0x7fa4962879f0>,<function <lambda> at 0x7fa496287a90>,<function <lambda> at 0x7fa496287b30>
33778,2023-11-08 09:00:00,<function <lambda> at 0x7fa4962879f0>,<function <lambda> at 0x7fa496287a90>,<function <lambda> at 0x7fa496287b30>
33779,2023-11-08 10:00:00,<function <lambda> at 0x7fa4962879f0>,<function <lambda> at 0x7fa496287a90>,<function <lambda> at 0x7fa496287b30>
33780,2023-11-08 11:00:00,<function <lambda> at 0x7fa4962879f0>,<function <lambda> at 0x7fa496287a90>,<function <lambda> at 0x7fa496287b30>
33781,2023-11-08 12:00:00,<function <lambda> at 0x7fa4962879f0>,<function <lambda> at 0x7fa496287a90>,<function <lambda> at 0x7fa496287b30>
33782,2023-11-08 13:00:00,<function <lambda> at 0x7fa4962879f0>,<function <lambda> at 0x7fa496287a90>,<function <lambda> at 0x7fa496287b30>
33783,2023-11-08 14:00:00,<function <lambda> at 0x7fa4962879f0>,<function <lambda> at 0x7fa496287a90>,<function <lambda> at 0x7fa496287b30>
33784,2023-11-08 15:00:00,<function <lambda> at 0x7fa4962879f0>,<function <lambda> at 0x7fa496287a90>,<function <lambda> at 0x7fa496287b30>
33785,2023-11-08 16:00:00,<function <lambda> at 0x7fa4962879f0>,<function <lambda> at 0x7fa496287a90>,<function <lambda> at 0x7fa496287b30>
33786,2023-11-08 17:00:00,<function <lambda> at 0x7fa4962879f0>,<function <lambda> at 0x7fa496287a90>,<function <lambda> at 0x7fa496287b30>
33787,2023-11-08 18:00:00,<function <lambda> at 0x7fa4962879f0>,<function <lambda> at 0x7fa496287a90>,<function <lambda> at 0x7fa496287b30>
33788,2023-11-08 19:00:00,<function <lambda> at 0x7fa4962879f0>,<function <lambda> at 0x7fa496287a90>,<function <lambda> at 0x7fa496287b30>
33789,2023-11-08 20:00:00,<function <lambda> at 0x7fa4962879f0>,<function <lambda> at 0x7fa496287a90>,<function <lambda> at 0x7fa496287b30>
33790,2023-11-08 21:00:00,<function <lambda> at 0x7fa4962879f0>,<function <lambda> at 0x7fa496287a90>,<function <lambda> at 0x7fa496287b30>
33791,2023-11-08 22:00:00,<function <lambda> at 0x7fa4962879f0>,<function <lambda> at 0x7fa496287a90>,<function <lambda> at 0x7fa496287b30>
33792,2023-11-08 23:00:00,<function <lambda> at 0x7fa4962879f0>,<function <lambda> at 0x7fa496287a90>,<function <lambda> at 0x7fa496287b30>
33793,2023-11-09 00:00:00,<function <lambda> at 0x7fa4962879f0>,<function <lambda> at 0x7fa496287a90>,<function <lambda> at 0x7fa496287b30>
33794,2023-11-09 01:00:00,<function <lambda> at 0x7fa4962879f0>,<function <lambda> at 0x7fa496287a90>,<function <lambda> at 0x7fa496287b30>
33795,2023-11-09 02:00:00,<function <lambda> at 0x7fa4962879f0>,<function <lambda> at 0x7fa496287a90>,<function <lambda> at 0x7fa496287b30>
33796,2023-11-09 03:00:00,<function <lambda> at 0x7fa4962879f0>,<function <lambda> at 0x7fa496287a90>,<function <lambda> at 0x7fa496287b30>
33797,2023-11-09 04:00:00,<function <lambda> at 0x7fa4962879f0>,<function <lambda> at 0x7fa496287a90>,<function <lambda> at 0x7fa496287b30>
33798,2023-11-09 05:00:00,<function <lambda> at 0x7fa4962879f0>,<function <lambda> at 0x7fa496287a90>,<function <lambda> at 0x7fa496287b30>
33799,2023-11-09 06:00:00,<function <lambda> at 0x7fa4962879f0>,<function <lambda> at 0x7fa496287a90>,<function <lambda> at 0x7fa496287b30>
33800,2023-11-09 07:00:00,<function <lambda> at 0x7fa4962879f0>,<function <lambda> at 0x7fa496287a90>,<function <lambda> at 0x7fa496287b30>
33801,2023-11-09 08:00:00,<function <lambda> at 0x7fa4962879f0>,<function <lambda> at 0x7fa496287a90>,<function <lambda> at 0x7fa496287b30>
33802,2023-11-09 09:00:00,<function <lambda> at 0x7fa4962879f0>,<function <lambda> at 0x7fa496287a90>,<function <lambda> at 0x7fa496287b30>
33803,2023-11-09 10:00:00,<function <lambda> at 0x7fa4962879f0>,<function <lambda> at 0x7fa496287a90>,<function <lambda> at 0x7fa496287b30>
33804,2023-11-09 11:00:00,<function <lambda> at 0x7fa4962879f0>,<function <lambda> at 0x7fa496287a90>,<function <lambda> at 0x7fa496287b30>
33805,2023-11-09 12:00:00,<function <lambda> at 0x7fa4962879f0>,<function <lambda> at 0x7fa496287a90>,<function <lambda> at 0x7fa496287b30>
33806,2023-11-09 13:00:00,<function <lambda> at 0x7fa4962879f0>,<function <lambda> at 0x7fa496287a90>,<function <lambda> at 0x7fa496287b30>
33807,2023-11-09 14:00:00,<function <lambda> at 0x7fa4962879f0>,<function <lambda> at 0x7fa496287a90>,<function <lambda> at 0x7fa496287b30>
33808,2023-11-09 15:00:00,<function <lambda> at 0x7fa4962879f0>,<function <lambda> at 0x7fa496287a90>,<function <lambda> at 0x7fa496287b30>
33809,2023-11-09 16:00:00,<function <lambda> at 0x7fa4962879f0>,<function <lambda> at 0x7fa496287a90>,<function <lambda> at 0x7fa496287b30>
33810,2023-11-09 17:00:00,<function <lambda> at 0x7fa4962879f0>,<function <lambda> at 0x7fa496287a90>,<function <lambda> at 0x7fa496287b30>
33811,2023-11-09 18:00:00,<function <lambda> at 0x7fa4962879f0>,<function <lambda> at 0x7fa496287a90>,<function <lambda> at 0x7fa496287b30>
33812,2023-11-09 19:00:00,<function <lambda> at 0x7fa4962879f0>,<function <lambda> at 0x7fa496287a90>,<function <lambda> at 0x7fa496287b30>
33813,2023-11-09 20:00:00,<function <lambda> at 0x7fa4962879f0>,<function <lambda> at 0x7fa496287a90>,<function <lambda> at 0x7fa496287b30>
33814,2023-11-09 21:00:00,<function <lambda> at 0x7fa4962879f0>,<function <lambda> at 0x7fa496287a90>,<function <lambda> at 0x7fa496287b30>
33815,2023-11-09 22:00:00,<function <lambda> at 0x7fa4962879f0>,<function <lambda> at 0x7fa496287a90>,<function <lambda> at 0x7fa496287b30>
33816,2023-11-09 23:00:00,<function <lambda> at 0x7fa4962879f0>,<function <lambda> at 0x7fa496287a90>,<function <lambda> at 0x7fa496287b30>
33817,2023-11-10 00:00:00,<function <lambda> at 0x7fa4962879f0>,<function <lambda> at 0x7fa496287a90>,<function <lambda> at 0x7fa496287b30>
33818,2023-11-10 01:00:00,<function <lambda> at 0x7fa4962879f0>,<function <lambda> at 0x7fa496287a90>,<function <lambda> at 0x7fa496287b30>
33819,2023-11-10 02:00:00,<function <lambda> at 0x7fa4962879f0>,<function <lambda> at 0x7fa496287a90>,<function <lambda> at 0x7fa496287b30>
33820,2023-11-10 03:00:00,<function <lambda> at 0x7fa4962879f0>,<function <lambda> at 0x7fa496287a90>,<function <lambda> at 0x7fa496287b30>
33821,2023-11-10 04:00:00,<function <lambda> at 0x7fa4962879f0>,<function <lambda> at 0x7fa496287a90>,<function <lambda> at 0x7fa496287b30>
33822,2023-11-10 05:00:00,<function <lambda> at 0x7fa4962879f0>,<function <lambda> at 0x7fa496287a90>,<function <lambda> at 0x7fa496287b30>
33823,2023-11-10 06:00:00,<function <lambda> at 0x7fa4962879f0>,<function <lambda> at 0x7fa496287a90>,<function <lambda> at 0x7fa496287b30>
33824,2023-11-10 07:00:00,<function <lambda> at 0x7fa4962879f0>,<function <lambda> at 0x7fa496287a90>,<function <lambda> at 0x7fa496287b30>
33825,2023-11-10 08:00:00,<function <lambda> at 0x7fa4962879f0>,<function <lambda> at 0x7fa496287a90>,<function <lambda> at 0x7fa496287b30>
33826,2023-11-10 09:00:00,<function <lambda> at 0x7fa4962879f0>,<function <lambda> at 0x7fa496287a90>,<function <lambda> at 0x7fa496287b30>
33827,2023-11-10 10:00:00,<function <lambda> at 0x7fa4962879f0>,<function <lambda> at 0x7fa496287a90>,<function <lambda> at 0x7fa496287b30>
33828,2023-11-10 11:00:00,<function <lambda> at 0x7fa4962879f0>,<function <lambda> at 0x7fa496287a90>,<function <lambda> at 0x7fa496287b30>
33829,2023-11-10 12:00:00,<function <lambda> at 0x7fa4962879f0>,<function <lambda> at 0x7fa496287a90>,<function <lambda> at 0x7fa496287b30>
33830,2023-11-10 13:00:00,<function <lambda> at 0x7fa4962879f0>,<function <lambda> at 0x7fa496287a90>,<function <lambda> at 0x7fa496287b30>
33831,2023-11-10 14:00:00,<function <lambda> at 0x7fa4962879f0>,<function <lambda> at 0x7fa496287a90>,<function <lambda> at 0x7fa496287b30>
33832,2023-11-10 15:00:00,<function <lambda> at 0x7fa4962879f0>,<function <lambda> at 0x7fa496287a90>,<function <lambda> at 0x7fa496287b30>
33833,2023-11-10 16:00:00,<function <lambda> at 0x7fa4962879f0>,<function <lambda> at 0x7fa496287a90>,<function <lambda> at 0x7fa496287b30>
33834,2023-11-10 17:00:00,<function <lambda> at 0x7fa4962879f0>,<function <lambda> at 0x7fa496287a90>,<function <lambda> at 0x7fa496287b30>
33835,2023-11-10 18:00:00,<function <lambda> at 0x7fa4962879f0>,<function <lambda> at 0x7fa496287a90>,<function <lambda> at 0x7fa496287b30>
33836,2023-11-10 19:00:00,<function <lambda> at 0x7fa4962879f0>,<function <lambda> at 0x7fa496287a90>,<function <lambda> at 0x7fa496287b30>
33837,2023-11-10 20:00:00,<function <lambda> at 0x7fa4962879f0>,<function <lambda> at 0x7fa496287a90>,<function <lambda> at 0x7fa496287b30>
33838,2023-11-10 21:00:00,<function <lambda> at 0x7fa4962879f0>,<function <lambda> at 0x7fa496287a90>,<function <lambda> at 0x7fa496287b30>
33839,2023-11-10 22:00:00,<function <lambda> at 0x7fa4962879f0>,<function <lambda> at 0x7fa496287a90>,<function <lambda> at 0x7fa496287b30>
33840,2023-11-10 23:00:00,<function <lambda> at 0x7fa4962879f0>,<function <lambda> at 0x7fa496287a90>,<function <lambda> at 0x7fa496287b30>
33841,2023-11-11 00:00:00,<function <lambda> at 0x7fa4962879f0>,<function <lambda> at 0x7fa496287a90>,<function <lambda> at 0x7fa496287b30>
33842,2023-11-11 01:00:00,<function <lambda> at 0x7fa4962879f0>,<function <lambda> at 0x7fa496287a90>,<function <lambda> at 0x7fa496287b30>
33843,2023-11-11 02:00:00,<function <lambda> at 0x7fa4962879f0>,<function <lambda> at 0x7fa496287a90>,<function <lambda> at 0x7fa496287b30>
33844,2023-11-11 03:00:00,<function <lambda> at 0x7fa4962879f0>,<function <lambda> at 0x7fa496287a90>,<function <lambda> at 0x7fa496287b30>
33845,2023-11-11 04:00:00,<function <lambda> at 0x7fa4962879f0>,<function <lambda> at 0x7fa496287a90>,<function <lambda> at 0x7fa496287b30>
33846,2023-11-11 05:00:00,<function <lambda> at 0x7fa4962879f0>,<function <lambda> at 0x7fa496287a90>,<function <lambda> at 0x7fa496287b30>
33847,2023-11-11 06:00:00,<function <lambda> at 0x7fa4962879f0>,<function <lambda> at 0x7fa496287a90>,<function <lambda> at 0x7fa496287b30>
33848,2023-11-11 07:00:00,<function <lambda> at 0x7fa4962879f0>,<function <lambda> at 0x7fa496287a90>,<function <lambda> at 0x7fa496287b30>
33849,2023-11-11 08:00:00,<function <lambda> at 0x7fa4962879f0>,<function <lambda> at 0x7fa496287a90>,<function <lambda> at 0x7fa496287b30>
33850,2023-11-11 09:00:00,<function <lambda> at 0x7fa4962879f0>,<function <lambda> at 0x7fa496287a90>,<function <lambda> at 0x7fa496287b30>
33851,2023-11-11 10:00:00,<function <lambda> at 0x7fa4962879f0>,<function <lambda> at 0x7fa496287a90>,<function <lambda> at 0x7fa496287b30>
33852,2023-11-11 11:00:00,<function <lambda> at 0x7fa4962879f0>,<function <lambda> at 0x7fa496287a90>,<function <lambda> at 0x7fa496287b30>
33853,2023-11-11 12:00:00,<function <lambda> at 0x7fa4962879f0>,<function <lambda> at 0x7fa496287a90>,<function <lambda> at 0x7fa496287b30>
33854,2023-11-11 13:00:00,<function <lambda> at 0x7fa4962879f0>,<function <lambda> at 0x7fa496287a90>,<function <lambda> at 0x7fa496287b30>
33855,2023-11-11 14:00:00,<function <lambda> at 0x7fa4962879f0>,<function <lambda> at 0x7fa496287a90>,<function <lambda> at 0x7fa496287b30>
33856,2023-11-11 15:00:00,<function <lambda> at 0x7fa4962879f0>,<function <lambda> at 0x7fa496287a90>,<function <lambda> at 0x7fa496287b30>
33857,2023-11-11 16:00:00,<function <lambda> at 0x7fa4962879f0>,<function <lambda> at 0x7fa496287a90>,<function <lambda> at 0x7fa496287b30>
33858,2023-11-11 17:00:00,<function <lambda> at 0x7fa4962879f0>,<function <lambda> at 0x7fa496287a90>,<function <lambda> at 0x7fa496287b30>
33859,2023-11-11 18:00:00,<function <lambda> at 0x7fa4962879f0>,<function <lambda> at 0x7fa496287a90>,<function <lambda> at 0x7fa496287b30>
33860,2023-11-11 19:00:00,<function <lambda> at 0x7fa4962879f0>,<function <lambda> at 0x7fa496287a90>,<function <lambda> at 0x7fa496287b30>
33861,2023-11-11 20:00:00,<function <lambda> at 0x7fa4962879f0>,<function <lambda> at 0x7fa496287a90>,<function <lambda> at 0x7fa496287b30>
33862,2023-11-11 21:00:00,<function <lambda> at 0x7fa4962879f0>,<function <lambda> at 0x7fa496287a90>,<function <lambda> at 0x7fa496287b30>
33863,2023-11-11 22:00:00,<function <lambda> at 0x7fa4962879f0>,<function <lambda> at 0x7fa496287a90>,<function <lambda> at 0x7fa496287b30>
33864,2023-11-11 23:00:00,<function <lambda> at 0x7fa4962879f0>,<function <lambda> at 0x7fa496287a90>,<function <lambda> at 0x7fa496287b30>
33865,2023-11-12 00:00:00,<function <lambda> at 0x7fa4962879f0>,<function <lambda> at 0x7fa496287a90>,<function <lambda> at 0x7fa496287b30>
33866,2023-11-12 01:00:00,<function <lambda> at 0x7fa4962879f0>,<function <lambda> at 0x7fa496287a90>,<function <lambda> at 0x7fa496287b30>
33867,2023-11-12 02:00:00,<function <lambda> at 0x7fa4962879f0>,<function <lambda> at 0x7fa496287a90>,<function <lambda> at 0x7fa496287b30>
33868,2023-11-12 03:00:00,<function <lambda> at 0x7fa4962879f0>,<function <lambda> at 0x7fa496287a90>,<function <lambda> at 0x7fa496287b30>
33869,2023-11-12 04:00:00,<function <lambda> at 0x7fa4962879f0>,<function <lambda> at 0x7fa496287a90>,<function <lambda> at 0x7fa496287b30>
33870,2023-11-12 05:00:00,<function <lambda> at 0x7fa4962879f0>,<function <lambda> at 0x7fa496287a90>,<function <lambda> at 0x7fa496287b30>
33871,2023-11-12 06:00:00,<function <lambda> at 0x7fa4962879f0>,<function <lambda> at 0x7fa496287a90>,<function <lambda> at 0x7fa496287b30>
33872,2023-11-12 07:00:00,<function <lambda> at 0x7fa4962879f0>,<function <lambda> at 0x7fa496287a90>,<function <lambda> at 0x7fa496287b30>
33873,2023-11-12 08:00:00,<function <lambda> at 0x7fa4962879f0>,<function <lambda> at 0x7fa496287a90>,<function <lambda> at 0x7fa496287b30>
33874,2023-11-12 09:00:00,<function <lambda> at 0x7fa4962879f0>,<function <lambda> at 0x7fa496287a90>,<function <lambda> at 0x7fa496287b30>
33875,2023-11-12 10:00:00,<function <lambda> at 0x7fa4962879f0>,<function <lambda> at 0x7fa496287a90>,<function <lambda> at 0x7fa496287b30>
33876,2023-11-12 11:00:00,<function <lambda> at 0x7fa4962879f0>,<function <lambda> at 0x7fa496287a90>,<function <lambda> at 0x7fa496287b30>
33877,2023-11-12 12:00:00,<function <lambda> at 0x7fa4962879f0>,<function <lambda> at 0x7fa496287a90>,<function <lambda> at 0x7fa496287b30>
33878,2023-11-12 13:00:00,<function <lambda> at 0x7fa4962879f0>,<function <lambda> at 0x7fa496287a90>,<function <lambda> at 0x7fa496287b30>
33879,2023-11-12 14:00:00,<function <lambda> at 0x7fa4962879f0>,<function <lambda> at 0x7fa496287a90>,<function <lambda> at 0x7fa496287b30>
33880,2023-11-12 15:00:00,<function <lambda> at 0x7fa4962879f0>,<function <lambda> at 0x7fa496287a90>,<function <lambda> at 0x7fa496287b30>
33881,2023-11-12 16:00:00,<function <lambda> at 0x7fa4962879f0>,<function <lambda> at 0x7fa496287a90>,<function <lambda> at 0x7fa496287b30>
33882,2023-11-12 17:00:00,<function <lambda> at 0x7fa4962879f0>,<function <lambda> at 0x7fa496287a90>,<function <lambda> at 0x7fa496287b30>
33883,2023-11-12 18:00:00,<function <lambda> at 0x7fa4962879f0>,<function <lambda> at 0x7fa496287a90>,<function <lambda> at 0x7fa496287b30>
33884,2023-11-12 19:00:00,<function <lambda> at 0x7fa4962879f0>,<function <lambda> at 0x7fa496287a90>,<function <lambda> at 0x7fa496287b30>
33885,2023-11-12 20:00:00,<function <lambda> at 0x7fa4962879f0>,<function <lambda> at 0x7fa496287a90>,<function <lambda> at 0x7fa496287b30>
33886,2023-11-12 21:00:00,<function <lambda> at 0x7fa4962879f0>,<function <lambda> at 0x7fa496287a90>,<function <lambda> at 0x7fa496287b30>
33887,2023-11-12 22:00:00,<function <lambda> at 0x7fa4962879f0>,<function <lambda> at 0x7fa496287a90>,<function <lambda> at 0x7fa496287b30>
33888,2023-11-12 23:00:00,<function <lambda> at 0x7fa4962879f0>,<function <lambda> at 0x7fa496287a90>,<function <lambda> at 0x7fa496287b30>
33889,2023-11-13 00:00:00,<function <lambda> at 0x7fa4962879f0>,<function <lambda> at 0x7fa496287a90>,<function <lambda> at 0x7fa496287b30>
33890,2023-11-13 01:00:00,<function <lambda> at 0x7fa4962879f0>,<function <lambda> at 0x7fa496287a90>,<function <lambda> at 0x7fa496287b30>
33891,2023-11-13 02:00:00,<function <lambda> at 0x7fa4962879f0>,<function <lambda> at 0x7fa496287a90>,<function <lambda> at 0x7fa496287b30>
33892,2023-11-13 03:00:00,<function <lambda> at 0x7fa4962879f0>,<function <lambda> at 0x7fa496287a90>,<function <lambda> at 0x7fa496287b30>
33893,2023-11-13 04:00:00,<function <lambda> at 0x7fa4962879f0>,<function <lambda> at 0x7fa496287a90>,<function <lambda> at 0x7fa496287b30>
33894,2023-11-13 05:00:00,<function <lambda> at 0x7fa4962879f0>,<function <lambda> at 0x7fa496287a90>,<function <lambda> at 0x7fa496287b30>
33895,2023-11-13 06:00:00,<function <lambda> at 0x7fa4962879f0>,<function <lambda> at 0x7fa496287a90>,<function <lambda> at 0x7fa496287b30>
33896,2023-11-13 07:00:00,<function <lambda> at 0x7fa4962879f0>,<function <lambda> at 0x7fa496287a90>,<function <lambda> at 0x7fa496287b30>
33897,2023-11-13 08:00:00,<function <lambda> at 0x7fa4962879f0>,<function <lambda> at 0x7fa496287a90>,<function <lambda> at 0x7fa496287b30>
33898,2023-11-13 09:00:00,<function <lambda> at 0x7fa4962879f0>,<function <lambda> at 0x7fa496287a90>,<function <lambda> at 0x7fa496287b30>
33899,2023-11-13 10:00:00,<function <lambda> at 0x7fa4962879f0>,<function <lambda> at 0x7fa496287a90>,<function <lambda> at 0x7fa496287b30>
33900,2023-11-13 11:00:00,<function <lambda> at 0x7fa4962879f0>,<function <lambda> at 0x7fa496287a90>,<function <lambda> at 0x7fa496287b30>
33901,2023-11-13 12:00:00,<function <lambda> at 0x7fa4962879f0>,<function <lambda> at 0x7fa496287a90>,<function <lambda> at 0x7fa496287b30>
33902,2023-11-13 13:00:00,<function <lambda> at 0x7fa4962879f0>,<function <lambda> at 0x7fa496287a90>,<function <lambda> at 0x7fa496287b30>
33903,2023-11-13 14:00:00,<function <lambda> at 0x7fa4962879f0>,<function <lambda> at 0x7fa496287a90>,<function <lambda> at 0x7fa496287b30>
33904,2023-11-13 15:00:00,<function <lambda> at 0x7fa4962879f0>,<function <lambda> at 0x7fa496287a90>,<function <lambda> at 0x7fa496287b30>
33905,2023-11-13 16:00:00,<function <lambda> at 0x7fa4962879f0>,<function <lambda> at 0x7fa496287a90>,<function <lambda> at 0x7fa496287b30>
33906,2023-11-13 17:00:00,<function <lambda> at 0x7fa4962879f0>,<function <lambda> at 0x7fa496287a90>,<function <lambda> at 0x7fa496287b30>
33907,2023-11-13 18:00:00,<function <lambda> at 0x7fa4962879f0>,<function <lambda> at 0x7fa496287a90>,<function <lambda> at 0x7fa496287b30>
33908,2023-11-13 19:00:00,<function <lambda> at 0x7fa4962879f0>,<function <lambda> at 0x7fa496287a90>,<function <lambda> at 0x7fa496287b30>
33909,2023-11-13 20:00:00,<function <lambda> at 0x7fa4962879f0>,<function <lambda> at 0x7fa496287a90>,<function <lambda> at 0x7fa496287b30>
33910,2023-11-13 21:00:00,<function <lambda> at 0x7fa4962879f0>,<function <lambda> at 0x7fa496287a90>,<function <lambda> at 0x7fa496287b30>
33911,2023-11-13 22:00:00,<function <lambda> at 0x7fa4962879f0>,<function <lambda> at 0x7fa496287a90>,<function <lambda> at 0x7fa496287b30>
33912,2023-11-13 23:00:00,<function <lambda> at 0x7fa4962879f0>,<function <lambda> at 0x7fa496287a90>,<function <lambda> at 0x7fa496287b30>
33913,2023-11-14 00:00:00,<function <lambda> at 0x7fa4962879f0>,<function <lambda> at 0x7fa496287a90>,<function <lambda> at 0x7fa496287b30>
33914,2023-11-14 01:00:00,<function <lambda> at 0x7fa4962879f0>,<function <lambda> at 0x7fa496287a90>,<function <lambda> at 0x7fa496287b30>
33915,2023-11-14 02:00:00,<function <lambda> at 0x7fa4962879f0>,<function <lambda> at 0x7fa496287a90>,<function <lambda> at 0x7fa496287b30>
33916,2023-11-14 03:00:00,<function <lambda> at 0x7fa4962879f0>,<function <lambda> at 0x7fa496287a90>,<function <lambda> at 0x7fa496287b30>
33917,2023-11-14 04:00:00,<function <lambda> at 0x7fa4962879f0>,<function <lambda> at 0x7fa496287a90>,<function <lambda> at 0x7fa496287b30>
33918,2023-11-14 05:00:00,<function <lambda> at 0x7fa4962879f0>,<function <lambda> at 0x7fa496287a90>,<function <lambda> at 0x7fa496287b30>
33919,2023-11-14 06:00:00,<function <lambda> at 0x7fa4962879f0>,<function <lambda> at 0x7fa496287a90>,<function <lambda> at 0x7fa496287b30>
33920,2023-11-14 07:00:00,<function <lambda> at 0x7fa4962879f0>,<function <lambda> at 0x7fa496287a90>,<function <lambda> at 0x7fa496287b30>
33921,2023-11-14 08:00:00,<function <lambda> at 0x7fa4962879f0>,<function <lambda> at 0x7fa496287a90>,<function <lambda> at 0x7fa496287b30>
33922,2023-11-14 09:00:00,<function <lambda> at 0x7fa4962879f0>,<function <lambda> at 0x7fa496287a90>,<function <lambda> at 0x7fa496287b30>
33923,2023-11-14 10:00:00,<function <lambda> at 0x7fa4962879f0>,<function <lambda> at 0x7fa496287a90>,<function <lambda> at 0x7fa496287b30>
33924,2023-11-14 11:00:00,<function <lambda> at 0x7fa4962879f0>,<function <lambda> at 0x7fa496287a90>,<function <lambda> at 0x7fa496287b30>
33925,2023-11-14 12:00:00,<function <lambda> at 0x7fa4962879f0>,<function <lambda> at 0x7fa496287a90>,<function <lambda> at 0x7fa496287b30>
33926,2023-11-14 13:00:00,<function <lambda> at 0x7fa4962879f0>,<function <lambda> at 0x7fa496287a90>,<function <lambda> at 0x7fa496287b30>
33927,2023-11-14 14:00:00,<function <lambda> at 0x7fa4962879f0>,<function <lambda> at 0x7fa496287a90>,<function <lambda> at 0x7fa496287b30>
33928,2023-11-14 15:00:00,<function <lambda> at 0x7fa4962879f0>,<function <lambda> at 0x7fa496287a90>,<function <lambda> at 0x7fa496287b30>
33929,2023-11-14 16:00:00,<function <lambda> at 0x7fa4962879f0>,<function <lambda> at 0x7fa496287a90>,<function <lambda> at 0x7fa496287b30>
33930,2023-11-14 17:00:00,<function <lambda> at 0x7fa4962879f0>,<function <lambda> at 0x7fa496287a90>,<function <lambda> at 0x7fa496287b30>
33931,2023-11-14 18:00:00,<function <lambda> at 0x7fa4962879f0>,<function <lambda> at 0x7fa496287a90>,<function <lambda> at 0x7fa496287b30>
33932,2023-11-14 19:00:00,<function <lambda> at 0x7fa4962879f0>,<function <lambda> at 0x7fa496287a90>,<function <lambda> at 0x7fa496287b30>
33933,2023-11-14 20:00:00,<function <lambda> at 0x7fa4962879f0>,<function <lambda> at 0x7fa496287a90>,<function <lambda> at 0x7fa496287b30>
33934,2023-11-14 21:00:00,<function <lambda> at 0x7fa4962879f0>,<function <lambda> at 0x7fa496287a90>,<function <lambda> at 0x7fa496287b30>
33935,2023-11-14 22:00:00,<function <lambda> at 0x7fa4962879f0>,<function <lambda> at 0x7fa496287a90>,<function <lambda> at 0x7fa496287b30>
33936,2023-11-14 23:00:00,<function <lambda> at 0x7fa4962879f0>,<function <lambda> at 0x7fa496287a90>,<function <lambda> at 0x7fa496287b30>
33937,2023-11-15 00:00:00,<function <lambda> at 0x7fa4962879f0>,<function <lambda> at 0x7fa496287a90>,<function <lambda> at 0x7fa496287b30>
33938,2023-11-15 01:00:00,<function <lambda> at 0x7fa4962879f0>,<function <lambda> at 0x7fa496287a90>,<function <lambda> at 0x7fa496287b30>
33939,2023-11-15 02:00:00,<function <lambda> at 0x7fa4962879f0>,<function <lambda> at 0x7fa496287a90>,<function <lambda> at 0x7fa496287b30>
33940,2023-11-15 03:00:00,<function <lambda> at 0x7fa4962879f0>,<function <lambda> at 0x7fa496287a90>,<function <lambda> at 0x7fa496287b30>
33941,2023-11-15 04:00:00,<function <lambda> at 0x7fa4962879f0>,<function <lambda> at 0x7fa496287a90>,<function <lambda> at 0x7fa496287b30>
33942,2023-11-15 05:00:00,<function <lambda> at 0x7fa4962879f0>,<function <lambda> at 0x7fa496287a90>,<function <lambda> at 0x7fa496287b30>
33943,2023-11-15 06:00:00,<function <lambda> at 0x7fa4962879f0>,<function <lambda> at 0x7fa496287a90>,<function <lambda> at 0x7fa496287b30>
33944,2023-11-15 07:00:00,<function <lambda> at 0x7fa4962879f0>,<function <lambda> at 0x7fa496287a90>,<function <lambda> at 0x7fa496287b30>
33945,2023-11-15 08:00:00,<function <lambda> at 0x7fa4962879f0>,<function <lambda> at 0x7fa496287a90>,<function <lambda> at 0x7fa496287b30>
33946,2023-11-15 09:00:00,<function <lambda> at 0x7fa4962879f0>,<function <lambda> at 0x7fa496287a90>,<function <lambda> at 0x7fa496287b30>
33947,2023-11-15 10:00:00,<function <lambda> at 0x7fa4962879f0>,<function <lambda> at 0x7fa496287a90>,<function <lambda> at 0x7fa496287b30>
33948,2023-11-15 11:00:00,<function <lambda> at 0x7fa4962879f0>,<function <lambda> at 0x7fa496287a90>,<function <lambda> at 0x7fa496287b30>
33949,2023-11-15 12:00:00,<function <lambda> at 0x7fa4962879f0>,<function <lambda> at 0x7fa496287a90>,<function <lambda> at 0x7fa496287b30>
33950,2023-11-15 13:00:00,<function <lambda> at 0x7fa4962879f0>,<function <lambda> at 0x7fa496287a90>,<function <lambda> at 0x7fa496287b30>
33951,2023-11-15 14:00:00,<function <lambda> at 0x7fa4962879f0>,<function <lambda> at 0x7fa496287a90>,<function <lambda> at 0x7fa496287b30>
33952,2023-11-15 15:00:00,<function <lambda> at 0x7fa4962879f0>,<function <lambda> at 0x7fa496287a90>,<function <lambda> at 0x7fa496287b30>
33953,2023-11-15 16:00:00,<function <lambda> at 0x7fa4962879f0>,<function <lambda> at 0x7fa496287a90>,<function <lambda> at 0x7fa496287b30>
33954,2023-11-15 17:00:00,<function <lambda> at 0x7fa4962879f0>,<function <lambda> at 0x7fa496287a90>,<function <lambda> at 0x7fa496287b30>
33955,2023-11-15 18:00:00,<function <lambda> at 0x7fa4962879f0>,<function <lambda> at 0x7fa496287a90>,<function <lambda> at 0x7fa496287b30>
33956,2023-11-15 19:00:00,<function <lambda> at 0x7fa4962879f0>,<function <lambda> at 0x7fa496287a90>,<function <lambda> at 0x7fa496287b30>
33957,2023-11-15 20:00:00,<function <lambda> at 0x7fa4962879f0>,<function <lambda> at 0x7fa496287a90>,<function <lambda> at 0x7fa496287b30>
33958,2023-11-15 21:00:00,<function <lambda> at 0x7fa4962879f0>,<function <lambda> at 0x7fa496287a90>,<function <lambda> at 0x7fa496287b30>
33959,2023-11-15 22:00:00,<function <lambda> at 0x7fa4962879f0>,<function <lambda> at 0x7fa496287a90>,<function <lambda> at 0x7fa496287b30>
33960,2023-11-15 23:00:00,<function <lambda> at 0x7fa4962879f0>,<function <lambda> at 0x7fa496287a90>,<function <lambda> at 0x7fa496287b30>
33961,2023-11-16 00:00:00,<function <lambda> at 0x7fa4962879f0>,<function <lambda> at 0x7fa496287a90>,<function <lambda> at 0x7fa496287b30>
33962,2023-11-16 01:00:00,<function <lambda> at 0x7fa4962879f0>,<function <lambda> at 0x7fa496287a90>,<function <lambda> at 0x7fa496287b30>
33963,2023-11-16 02:00:00,<function <lambda> at 0x7fa4962879f0>,<function <lambda> at 0x7fa496287a90>,<function <lambda> at 0x7fa496287b30>
33964,2023-11-16 03:00:00,<function <lambda> at 0x7fa4962879f0>,<function <lambda> at 0x7fa496287a90>,<function <lambda> at 0x7fa496287b30>
33965,2023-11-16 04:00:00,<function <lambda> at 0x7fa4962879f0>,<function <lambda> at 0x7fa496287a90>,<function <lambda> at 0x7fa496287b30>
33966,2023-11-16 05:00:00,<function <lambda> at 0x7fa4962879f0>,<function <lambda> at 0x7fa496287a90>,<function <lambda> at 0x7fa496287b30>
33967,2023-11-16 06:00:00,<function <lambda> at 0x7fa4962879f0>,<function <lambda> at 0x7fa496287a90>,<function <lambda> at 0x7fa496287b30>
33968,2023-11-16 07:00:00,<function <lambda> at 0x7fa4962879f0>,<function <lambda> at 0x7fa496287a90>,<function <lambda> at 0x7fa496287b30>
33969,2023-11-16 08:00:00,<function <lambda> at 0x7fa4962879f0>,<function <lambda> at 0x7fa496287a90>,<function <lambda> at 0x7fa496287b30>
33970,2023-11-16 09:00:00,<function <lambda> at 0x7fa4962879f0>,<function <lambda> at 0x7fa496287a90>,<function <lambda> at 0x7fa496287b30>
33971,2023-11-16 10:00:00,<function <lambda> at 0x7fa4962879f0>,<function <lambda> at 0x7fa496287a90>,<function <lambda> at 0x7fa496287b30>
33972,2023-11-16 11:00:00,<function <lambda> at 0x7fa4962879f0>,<function <lambda> at 0x7fa496287a90>,<function <lambda> at 0x7fa496287b30>
33973,2023-11-16 12:00:00,<function <lambda> at 0x7fa4962879f0>,<function <lambda> at 0x7fa496287a90>,<function <lambda> at 0x7fa496287b30>
33974,2023-11-16 13:00:00,<function <lambda> at 0x7fa4962879f0>,<function <lambda> at 0x7fa496287a90>,<function <lambda> at 0x7fa496287b30>
33975,2023-11-16 14:00:00,<function <lambda> at 0x7fa4962879f0>,<function <lambda> at 0x7fa496287a90>,<function <lambda> at 0x7fa496287b30>
33976,2023-11-16 15:00:00,<function <lambda> at 0x7fa4962879f0>,<function <lambda> at 0x7fa496287a90>,<function <lambda> at 0x7fa496287b30>
33977,2023-11-16 16:00:00,<function <lambda> at 0x7fa4962879f0>,<function <lambda> at 0x7fa496287a90>,<function <lambda> at 0x7fa496287b30>
33978,2023-11-16 17:00:00,<function <lambda> at 0x7fa4962879f0>,<function <lambda> at 0x7fa496287a90>,<function <lambda> at 0x7fa496287b30>
33979,2023-11-16 18:00:00,<function <lambda> at 0x7fa4962879f0>,<function <lambda> at 0x7fa496287a90>,<function <lambda> at 0x7fa496287b30>
33980,2023-11-16 19:00:00,<function <lambda> at 0x7fa4962879f0>,<function <lambda> at 0x7fa496287a90>,<function <lambda> at 0x7fa496287b30>
33981,2023-11-16 20:00:00,<function <lambda> at 0x7fa4962879f0>,<function <lambda> at 0x7fa496287a90>,<function <lambda> at 0x7fa496287b30>
33982,2023-11-16 21:00:00,<function <lambda> at 0x7fa4962879f0>,<function <lambda> at 0x7fa496287a90>,<function <lambda> at 0x7fa496287b30>
33983,2023-11-16 22:00:00,<function <lambda> at 0x7fa4962879f0>,<function <lambda> at 0x7fa496287a90>,<function <lambda> at 0x7fa496287b30>
33984,2023-11-16 23:00:00,<function <lambda> at 0x7fa4962879f0>,<function <lambda> at 0x7fa496287a90>,<function <lambda> at 0x7fa496287b30>
33985,2023-11-17 00:00:00,<function <lambda> at 0x7fa4962879f0>,<function <lambda> at 0x7fa496287a90>,<function <lambda> at 0x7fa496287b30>
33986,2023-11-17 01:00:00,<function <lambda> at 0x7fa4962879f0>,<function <lambda> at 0x7fa496287a90>,<function <lambda> at 0x7fa496287b30>
33987,2023-11-17 02:00:00,<function <lambda> at 0x7fa4962879f0>,<function <lambda> at 0x7fa496287a90>,<function <lambda> at 0x7fa496287b30>
33988,2023-11-17 03:00:00,<function <lambda> at 0x7fa4962879f0>,<function <lambda> at 0x7fa496287a90>,<function <lambda> at 0x7fa496287b30>
33989,2023-11-17 04:00:00,<function <lambda> at 0x7fa4962879f0>,<function <lambda> at 0x7fa496287a90>,<function <lambda> at 0x7fa496287b30>
33990,2023-11-17 05:00:00,<function <lambda> at 0x7fa4962879f0>,<function <lambda> at 0x7fa496287a90>,<function <lambda> at 0x7fa496287b30>
33991,2023-11-17 06:00:00,<function <lambda> at 0x7fa4962879f0>,<function <lambda> at 0x7fa496287a90>,<function <lambda> at 0x7fa496287b30>
33992,2023-11-17 07:00:00,<function <lambda> at 0x7fa4962879f0>,<function <lambda> at 0x7fa496287a90>,<function <lambda> at 0x7fa496287b30>
33993,2023-11-17 08:00:00,<function <lambda> at 0x7fa4962879f0>,<function <lambda> at 0x7fa496287a90>,<function <lambda> at 0x7fa496287b30>
33994,2023-11-17 09:00:00,<function <lambda> at 0x7fa4962879f0>,<function <lambda> at 0x7fa496287a90>,<function <lambda> at 0x7fa496287b30>
33995,2023-11-17 10:00:00,<function <lambda> at 0x7fa4962879f0>,<function <lambda> at 0x7fa496287a90>,<function <lambda> at 0x7fa496287b30>
33996,2023-11-17 11:00:00,<function <lambda> at 0x7fa4962879f0>,<function <lambda> at 0x7fa496287a90>,<function <lambda> at 0x7fa496287b30>
33997,2023-11-17 12:00:00,<function <lambda> at 0x7fa4962879f0>,<function <lambda> at 0x7fa496287a90>,<function <lambda> at 0x7fa496287b30>
33998,2023-11-17 13:00:00,<function <lambda> at 0x7fa4962879f0>,<function <lambda> at 0x7fa496287a90>,<function <lambda> at 0x7fa496287b30>
33999,2023-11-17 14:00:00,<function <lambda> at 0x7fa4962879f0>,<function <lambda> at 0x7fa496287a90>,<function <lambda> at 0x7fa496287b30>
34000,2023-11-17 15:00:00,<function <lambda> at 0x7fa4962879f0>,<function <lambda> at 0x7fa496287a90>,<function <lambda> at 0x7fa496287b30>
34001,2023-11-17 16:00:00,<function <lambda> at 0x7fa4962879f0>,<function <lambda> at 0x7fa496287a90>,<function <lambda> at 0x7fa496287b30>
34002,2023-11-17 17:00:00,<function <lambda> at 0x7fa4962879f0>,<function <lambda> at 0x7fa496287a90>,<function <lambda> at 0x7fa496287b30>
34003,2023-11-17 18:00:00,<function <lambda> at 0x7fa4962879f0>,<function <lambda> at 0x7fa496287a90>,<function <lambda> at 0x7fa496287b30>
34004,2023-11-17 19:00:00,<function <lambda> at 0x7fa4962879f0>,<function <lambda> at 0x7fa496287a90>,<function <lambda> at 0x7fa496287b30>
34005,2023-11-17 20:00:00,<function <lambda> at 0x7fa4962879f0>,<function <lambda> at 0x7fa496287a90>,<function <lambda> at 0x7fa496287b30>
34006,2023-11-17 21:00:00,<function <lambda> at 0x7fa4962879f0>,<function <lambda> at 0x7fa496287a90>,<function <lambda> at 0x7fa496287b30>
34007,2023-11-17 22:00:00,<function <lambda> at 0x7fa4962879f0>,<function <lambda> at 0x7fa496287a90>,<function <lambda> at 0x7fa496287b30>
34008,2023-11-17 23:00:00,<function <lambda> at 0x7fa4962879f0>,<function <lambda> at 0x7fa496287a90>,<function <lambda> at 0x7fa496287b30>
34009,2023-11-18 00:00:00,<function <lambda> at 0x7fa4962879f0>,<function <lambda> at 0x7fa496287a90>,<function <lambda> at 0x7fa496287b30>
34010,2023-11-18 01:00:00,<function <lambda> at 0x7fa4962879f0>,<function <lambda> at 0x7fa496287a90>,<function <lambda> at 0x7fa496287b30>
34011,2023-11-18 02:00:00,<function <lambda> at 0x7fa4962879f0>,<function <lambda> at 0x7fa496287a90>,<function <lambda> at 0x7fa496287b30>
34012,2023-11-18 03:00:00,<function <lambda> at 0x7fa4962879f0>,<function <lambda> at 0x7fa496287a90>,<function <lambda> at 0x7fa496287b30>
34013,2023-11-18 04:00:00,<function <lambda> at 0x7fa4962879f0>,<function <lambda> at 0x7fa496287a90>,<function <lambda> at 0x7fa496287b30>
34014,2023-11-18 05:00:00,<function <lambda> at 0x7fa4962879f0>,<function <lambda> at 0x7fa496287a90>,<function <lambda> at 0x7fa496287b30>
34015,2023-11-18 06:00:00,<function <lambda> at 0x7fa4962879f0>,<function <lambda> at 0x7fa496287a90>,<function <lambda> at 0x7fa496287b30>
34016,2023-11-18 07:00:00,<function <lambda> at 0x7fa4962879f0>,<function <lambda> at 0x7fa496287a90>,<function <lambda> at 0x7fa496287b30>
34017,2023-11-18 08:00:00,<function <lambda> at 0x7fa4962879f0>,<function <lambda> at 0x7fa496287a90>,<function <lambda> at 0x7fa496287b30>
34018,2023-11-18 09:00:00,<function <lambda> at 0x7fa4962879f0>,<function <lambda> at 0x7fa496287a90>,<function <lambda> at 0x7fa496287b30>
34019,2023-11-18 10:00:00,<function <lambda> at 0x7fa4962879f0>,<function <lambda> at 0x7fa496287a90>,<function <lambda> at 0x7fa496287b30>
34020,2023-11-18 11:00:00,<function <lambda> at 0x7fa4962879f0>,<function <lambda> at 0x7fa496287a90>,<function <lambda> at 0x7fa496287b30>
34021,2023-11-18 12:00:00,<function <lambda> at 0x7fa4962879f0>,<function <lambda> at 0x7fa496287a90>,<function <lambda> at 0x7fa496287b30>
34022,2023-11-18 13:00:00,<function <lambda> at 0x7fa4962879f0>,<function <lambda> at 0x7fa496287a90>,<function <lambda> at 0x7fa496287b30>
34023,2023-11-18 14:00:00,<function <lambda> at 0x7fa4962879f0>,<function <lambda> at 0x7fa496287a90>,<function <lambda> at 0x7fa496287b30>
34024,2023-11-18 15:00:00,<function <lambda> at 0x7fa4962879f0>,<function <lambda> at 0x7fa496287a90>,<function <lambda> at 0x7fa496287b30>
34025,2023-11-18 16:00:00,<function <lambda> at 0x7fa4962879f0>,<function <lambda> at 0x7fa496287a90>,<function <lambda> at 0x7fa496287b30>
34026,2023-11-18 17:00:00,<function <lambda> at 0x7fa4962879f0>,<function <lambda> at 0x7fa496287a90>,<function <lambda> at 0x7fa496287b30>
34027,2023-11-18 18:00:00,<function <lambda> at 0x7fa4962879f0>,<function <lambda> at 0x7fa496287a90>,<function <lambda> at 0x7fa496287b30>
34028,2023-11-18 19:00:00,<function <lambda> at 0x7fa4962879f0>,<function <lambda> at 0x7fa496287a90>,<function <lambda> at 0x7fa496287b30>
34029,2023-11-18 20:00:00,<function <lambda> at 0x7fa4962879f0>,<function <lambda> at 0x7fa496287a90>,<function <lambda> at 0x7fa496287b30>
34030,2023-11-18 21:00:00,<function <lambda> at 0x7fa4962879f0>,<function <lambda> at 0x7fa496287a90>,<function <lambda> at 0x7fa496287b30>
34031,2023-11-18 22:00:00,<function <lambda> at 0x7fa4962879f0>,<function <lambda> at 0x7fa496287a90>,<function <lambda> at 0x7fa496287b30>
34032,2023-11-18 23:00:00,<function <lambda> at 0x7fa4962879f0>,<function <lambda> at 0x7fa496287a90>,<function <lambda> at 0x7fa496287b30>
34033,2023-11-19 00:00:00,<function <lambda> at 0x7fa4962879f0>,<function <lambda> at 0x7fa496287a90>,<function <lambda> at 0x7fa496287b30>
34034,2023-11-19 01:00:00,<function <lambda> at 0x7fa4962879f0>,<function <lambda> at 0x7fa496287a90>,<function <lambda> at 0x7fa496287b30>
34035,2023-11-19 02:00:00,<function <lambda> at 0x7fa4962879f0>,<function <lambda> at 0x7fa496287a90>,<function <lambda> at 0x7fa496287b30>
34036,2023-11-19 03:00:00,<function <lambda> at 0x7fa4962879f0>,<function <lambda> at 0x7fa496287a90>,<function <lambda> at 0x7fa496287b30>
34037,2023-11-19 04:00:00,<function <lambda> at 0x7fa4962879f0>,<function <lambda> at 0x7fa496287a90>,<function <lambda> at 0x7fa496287b30>
34038,2023-11-19 05:00:00,<function <lambda> at 0x7fa4962879f0>,<function <lambda> at 0x7fa496287a90>,<function <lambda> at 0x7fa496287b30>
34039,2023-11-19 06:00:00,<function <lambda> at 0x7fa4962879f0>,<function <lambda> at 0x7fa496287a90>,<function <lambda> at 0x7fa496287b30>
34040,2023-11-19 07:00:00,<function <lambda> at 0x7fa4962879f0>,<function <lambda> at 0x7fa496287a90>,<function <lambda> at 0x7fa496287b30>
34041,2023-11-19 08:00:00,<function <lambda> at 0x7fa4962879f0>,<function <lambda> at 0x7fa496287a90>,<function <lambda> at 0x7fa496287b30>
34042,2023-11-19 09:00:00,<function <lambda> at 0x7fa4962879f0>,<function <lambda> at 0x7fa496287a90>,<function <lambda> at 0x7fa496287b30>
34043,2023-11-19 10:00:00,<function <lambda> at 0x7fa4962879f0>,<function <lambda> at 0x7fa496287a90>,<function <lambda> at 0x7fa496287b30>
34044,2023-11-19 11:00:00,<function <lambda> at 0x7fa4962879f0>,<function <lambda> at 0x7fa496287a90>,<function <lambda> at 0x7fa496287b30>
34045,2023-11-19 12:00:00,<function <lambda> at 0x7fa4962879f0>,<function <lambda> at 0x7fa496287a90>,<function <lambda> at 0x7fa496287b30>
34046,2023-11-19 13:00:00,<function <lambda> at 0x7fa4962879f0>,<function <lambda> at 0x7fa496287a90>,<function <lambda> at 0x7fa496287b30>
34047,2023-11-19 14:00:00,<function <lambda> at 0x7fa4962879f0>,<function <lambda> at 0x7fa496287a90>,<function <lambda> at 0x7fa496287b30>
34048,2023-11-19 15:00:00,<function <lambda> at 0x7fa4962879f0>,<function <lambda> at 0x7fa496287a90>,<function <lambda> at 0x7fa496287b30>
34049,2023-11-19 16:00:00,<function <lambda> at 0x7fa4962879f0>,<function <lambda> at 0x7fa496287a90>,<function <lambda> at 0x7fa496287b30>
34050,2023-11-19 17:00:00,<function <lambda> at 0x7fa4962879f0>,<function <lambda> at 0x7fa496287a90>,<function <lambda> at 0x7fa496287b30>
34051,2023-11-19 18:00:00,<function <lambda> at 0x7fa4962879f0>,<function <lambda> at 0x7fa496287a90>,<function <lambda> at 0x7fa496287b30>
34052,2023-11-19 19:00:00,<function <lambda> at 0x7fa4962879f0>,<function <lambda> at 0x7fa496287a90>,<function <lambda> at 0x7fa496287b30>
34053,2023-11-19 20:00:00,<function <lambda> at 0x7fa4962879f0>,<function <lambda> at 0x7fa496287a90>,<function <lambda> at 0x7fa496287b30>
34054,2023-11-19 21:00:00,<function <lambda> at 0x7fa4962879f0>,<function <lambda> at 0x7fa496287a90>,<function <lambda> at 0x7fa496287b30>
34055,2023-11-19 22:00:00,<function <lambda> at 0x7fa4962879f0>,<function <lambda> at 0x7fa496287a90>,<function <lambda> at 0x7fa496287b30>
34056,2023-11-19 23:00:00,<function <lambda> at 0x7fa4962879f0>,<function <lambda> at 0x7fa496287a90>,<function <lambda> at 0x7fa496287b30>
34057,2023-11-20 00:00:00,<function <lambda> at 0x7fa4962879f0>,<function <lambda> at 0x7fa496287a90>,<function <lambda> at 0x7fa496287b30>
34058,2023-11-20 01:00:00,<function <lambda> at 0x7fa4962879f0>,<function <lambda> at 0x7fa496287a90>,<function <lambda> at 0x7fa496287b30>
34059,2023-11-20 02:00:00,<function <lambda> at 0x7fa4962879f0>,<function <lambda> at 0x7fa496287a90>,<function <lambda> at 0x7fa496287b30>
34060,2023-11-20 03:00:00,<function <lambda> at 0x7fa4962879f0>,<function <lambda> at 0x7fa496287a90>,<function <lambda> at 0x7fa496287b30>
34061,2023-11-20 04:00:00,<function <lambda> at 0x7fa4962879f0>,<function <lambda> at 0x7fa496287a90>,<function <lambda> at 0x7fa496287b30>
34062,2023-11-20 05:00:00,<function <lambda> at 0x7fa4962879f0>,<function <lambda> at 0x7fa496287a90>,<function <lambda> at 0x7fa496287b30>
34063,2023-11-20 06:00:00,<function <lambda> at 0x7fa4962879f0>,<function <lambda> at 0x7fa496287a90>,<function <lambda> at 0x7fa496287b30>
34064,2023-11-20 07:00:00,<function <lambda> at 0x7fa4962879f0>,<function <lambda> at 0x7fa496287a90>,<function <lambda> at 0x7fa496287b30>
34065,2023-11-20 08:00:00,<function <lambda> at 0x7fa4962879f0>,<function <lambda> at 0x7fa496287a90>,<function <lambda> at 0x7fa496287b30>
34066,2023-11-20 09:00:00,<function <lambda> at 0x7fa4962879f0>,<function <lambda> at 0x7fa496287a90>,<function <lambda> at 0x7fa496287b30>
34067,2023-11-20 10:00:00,<function <lambda> at 0x7fa4962879f0>,<function <lambda> at 0x7fa496287a90>,<function <lambda> at 0x7fa496287b30>
34068,2023-11-20 11:00:00,<function <lambda> at 0x7fa4962879f0>,<function <lambda> at 0x7fa496287a90>,<function <lambda> at 0x7fa496287b30>
34069,2023-11-20 12:00:00,<function <lambda> at 0x7fa4962879f0>,<function <lambda> at 0x7fa496287a90>,<function <lambda> at 0x7fa496287b30>
34070,2023-11-20 13:00:00,<function <lambda> at 0x7fa4962879f0>,<function <lambda> at 0x7fa496287a90>,<function <lambda> at 0x7fa496287b30>
34071,2023-11-20 14:00:00,<function <lambda> at 0x7fa4962879f0>,<function <lambda> at 0x7fa496287a90>,<function <lambda> at 0x7fa496287b30>
34072,2023-11-20 15:00:00,<function <lambda> at 0x7fa4962879f0>,<function <lambda> at 0x7fa496287a90>,<function <lambda> at 0x7fa496287b30>
34073,2023-11-20 16:00:00,<function <lambda> at 0x7fa4962879f0>,<function <lambda> at 0x7fa496287a90>,<function <lambda> at 0x7fa496287b30>
34074,2023-11-20 17:00:00,<function <lambda> at 0x7fa4962879f0>,<function <lambda> at 0x7fa496287a90>,<function <lambda> at 0x7fa496287b30>
34075,2023-11-20 18:00:00,<function <lambda> at 0x7fa4962879f0>,<function <lambda> at 0x7fa496287a90>,<function <lambda> at 0x7fa496287b30>
34076,2023-11-20 19:00:00,<function <lambda> at 0x7fa4962879f0>,<function <lambda> at 0x7fa496287a90>,<function <lambda> at 0x7fa496287b30>
34077,2023-11-20 20:00:00,<function <lambda> at 0x7fa4962879f0>,<function <lambda> at 0x7fa496287a90>,<function <lambda> at 0x7fa496287b30>
34078,2023-11-20 21:00:00,<function <lambda> at 0x7fa4962879f0>,<function <lambda> at 0x7fa496287a90>,<function <lambda> at 0x7fa496287b30>
34079,2023-11-20 22:00:00,<function <lambda> at 0x7fa4962879f0>,<function <lambda> at 0x7fa496287a90>,<function <lambda> at 0x7fa496287b30>
34080,2023-11-20 23:00:00,<function <lambda> at 0x7fa4962879f0>,<function <lambda> at 0x7fa496287a90>,<function <lambda> at 0x7fa496287b30>
34081,2023-11-21 00:00:00,<function <lambda> at 0x7fa4962879f0>,<function <lambda> at 0x7fa496287a90>,<function <lambda> at 0x7fa496287b30>
34082,2023-11-21 01:00:00,<function <lambda> at 0x7fa4962879f0>,<function <lambda> at 0x7fa496287a90>,<function <lambda> at 0x7fa496287b30>
34083,2023-11-21 02:00:00,<function <lambda> at 0x7fa4962879f0>,<function <lambda> at 0x7fa496287a90>,<function <lambda> at 0x7fa496287b30>
34084,2023-11-21 03:00:00,<function <lambda> at 0x7fa4962879f0>,<function <lambda> at 0x7fa496287a90>,<function <lambda> at 0x7fa496287b30>
34085,2023-11-21 04:00:00,<function <lambda> at 0x7fa4962879f0>,<function <lambda> at 0x7fa496287a90>,<function <lambda> at 0x7fa496287b30>
34086,2023-11-21 05:00:00,<function <lambda> at 0x7fa4962879f0>,<function <lambda> at 0x7fa496287a90>,<function <lambda> at 0x7fa496287b30>
34087,2023-11-21 06:00:00,<function <lambda> at 0x7fa4962879f0>,<function <lambda> at 0x7fa496287a90>,<function <lambda> at 0x7fa496287b30>
34088,2023-11-21 07:00:00,<function <lambda> at 0x7fa4962879f0>,<function <lambda> at 0x7fa496287a90>,<function <lambda> at 0x7fa496287b30>
34089,2023-11-21 08:00:00,<function <lambda> at 0x7fa4962879f0>,<function <lambda> at 0x7fa496287a90>,<function <lambda> at 0x7fa496287b30>
34090,2023-11-21 09:00:00,<function <lambda> at 0x7fa4962879f0>,<function <lambda> at 0x7fa496287a90>,<function <lambda> at 0x7fa496287b30>
34091,2023-11-21 10:00:00,<function <lambda> at 0x7fa4962879f0>,<function <lambda> at 0x7fa496287a90>,<function <lambda> at 0x7fa496287b30>
34092,2023-11-21 11:00:00,<function <lambda> at 0x7fa4962879f0>,<function <lambda> at 0x7fa496287a90>,<function <lambda> at 0x7fa496287b30>
34093,2023-11-21 12:00:00,<function <lambda> at 0x7fa4962879f0>,<function <lambda> at 0x7fa496287a90>,<function <lambda> at 0x7fa496287b30>
34094,2023-11-21 13:00:00,<function <lambda> at 0x7fa4962879f0>,<function <lambda> at 0x7fa496287a90>,<function <lambda> at 0x7fa496287b30>
34095,2023-11-21 14:00:00,<function <lambda> at 0x7fa4962879f0>,<function <lambda> at 0x7fa496287a90>,<function <lambda> at 0x7fa496287b30>
34096,2023-11-21 15:00:00,<function <lambda> at 0x7fa4962879f0>,<function <lambda> at 0x7fa496287a90>,<function <lambda> at 0x7fa496287b30>
34097,2023-11-21 16:00:00,<function <lambda> at 0x7fa4962879f0>,<function <lambda> at 0x7fa496287a90>,<function <lambda> at 0x7fa496287b30>
34098,2023-11-21 17:00:00,<function <lambda> at 0x7fa4962879f0>,<function <lambda> at 0x7fa496287a90>,<function <lambda> at 0x7fa496287b30>
34099,2023-11-21 18:00:00,<function <lambda> at 0x7fa4962879f0>,<function <lambda> at 0x7fa496287a90>,<function <lambda> at 0x7fa496287b30>
34100,2023-11-21 19:00:00,<function <lambda> at 0x7fa4962879f0>,<function <lambda> at 0x7fa496287a90>,<function <lambda> at 0x7fa496287b30>
34101,2023-11-21 20:00:00,<function <lambda> at 0x7fa4962879f0>,<function <lambda> at 0x7fa496287a90>,<function <lambda> at 0x7fa496287b30>
34102,2023-11-21 21:00:00,<function <lambda> at 0x7fa4962879f0>,<function <lambda> at 0x7fa496287a90>,<function <lambda> at 0x7fa496287b30>
34103,2023-11-21 22:00:00,<function <lambda> at 0x7fa4962879f0>,<function <lambda> at 0x7fa496287a90>,<function <lambda> at 0x7fa496287b30>
34104,2023-11-21 23:00:00,<function <lambda> at 0x7fa4962879f0>,<function <lambda> at 0x7fa496287a90>,<function <lambda> at 0x7fa496287b30>
34105,2023-11-22 00:00:00,<function <lambda> at 0x7fa4962879f0>,<function <lambda> at 0x7fa496287a90>,<function <lambda> at 0x7fa496287b30>
34106,2023-11-22 01:00:00,<function <lambda> at 0x7fa4962879f0>,<function <lambda> at 0x7fa496287a90>,<function <lambda> at 0x7fa496287b30>
34107,2023-11-22 02:00:00,<function <lambda> at 0x7fa4962879f0>,<function <lambda> at 0x7fa496287a90>,<function <lambda> at 0x7fa496287b30>
34108,2023-11-22 03:00:00,<function <lambda> at 0x7fa4962879f0>,<function <lambda> at 0x7fa496287a90>,<function <lambda> at 0x7fa496287b30>
34109,2023-11-22 04:00:00,<function <lambda> at 0x7fa4962879f0>,<function <lambda> at 0x7fa496287a90>,<function <lambda> at 0x7fa496287b30>
34110,2023-11-22 05:00:00,<function <lambda> at 0x7fa4962879f0>,<function <lambda> at 0x7fa496287a90>,<function <lambda> at 0x7fa496287b30>
34111,2023-11-22 06:00:00,<function <lambda> at 0x7fa4962879f0>,<function <lambda> at 0x7fa496287a90>,<function <lambda> at 0x7fa496287b30>
34112,2023-11-22 07:00:00,<function <lambda> at 0x7fa4962879f0>,<function <lambda> at 0x7fa496287a90>,<function <lambda> at 0x7fa496287b30>
34113,2023-11-22 08:00:00,<function <lambda> at 0x7fa4962879f0>,<function <lambda> at 0x7fa496287a90>,<function <lambda> at 0x7fa496287b30>
34114,2023-11-22 09:00:00,<function <lambda> at 0x7fa4962879f0>,<function <lambda> at 0x7fa496287a90>,<function <lambda> at 0x7fa496287b30>
34115,2023-11-22 10:00:00,<function <lambda> at 0x7fa4962879f0>,<function <lambda> at 0x7fa496287a90>,<function <lambda> at 0x7fa496287b30>
34116,2023-11-22 11:00:00,<function <lambda> at 0x7fa4962879f0>,<function <lambda> at 0x7fa496287a90>,<function <lambda> at 0x7fa496287b30>
34117,2023-11-22 12:00:00,<function <lambda> at 0x7fa4962879f0>,<function <lambda> at 0x7fa496287a90>,<function <lambda> at 0x7fa496287b30>
34118,2023-11-22 13:00:00,<function <lambda> at 0x7fa4962879f0>,<function <lambda> at 0x7fa496287a90>,<function <lambda> at 0x7fa496287b30>
34119,2023-11-22 14:00:00,<function <lambda> at 0x7fa4962879f0>,<function <lambda> at 0x7fa496287a90>,<function <lambda> at 0x7fa496287b30>
34120,2023-11-22 15:00:00,<function <lambda> at 0x7fa4962879f0>,<function <lambda> at 0x7fa496287a90>,<function <lambda> at 0x7fa496287b30>
34121,2023-11-22 16:00:00,<function <lambda> at 0x7fa4962879f0>,<function <lambda> at 0x7fa496287a90>,<function <lambda> at 0x7fa496287b30>
34122,2023-11-22 17:00:00,<function <lambda> at 0x7fa4962879f0>,<function <lambda> at 0x7fa496287a90>,<function <lambda> at 0x7fa496287b30>
34123,2023-11-22 18:00:00,<function <lambda> at 0x7fa4962879f0>,<function <lambda> at 0x7fa496287a90>,<function <lambda> at 0x7fa496287b30>
34124,2023-11-22 19:00:00,<function <lambda> at 0x7fa4962879f0>,<function <lambda> at 0x7fa496287a90>,<function <lambda> at 0x7fa496287b30>
34125,2023-11-22 20:00:00,<function <lambda> at 0x7fa4962879f0>,<function <lambda> at 0x7fa496287a90>,<function <lambda> at 0x7fa496287b30>
34126,2023-11-22 21:00:00,<function <lambda> at 0x7fa4962879f0>,<function <lambda> at 0x7fa496287a90>,<function <lambda> at 0x7fa496287b30>
34127,2023-11-22 22:00:00,<function <lambda> at 0x7fa4962879f0>,<function <lambda> at 0x7fa496287a90>,<function <lambda> at 0x7fa496287b30>
34128,2023-11-22 23:00:00,<function <lambda> at 0x7fa4962879f0>,<function <lambda> at 0x7fa496287a90>,<function <lambda> at 0x7fa496287b30>
34129,2023-11-23 00:00:00,<function <lambda> at 0x7fa4962879f0>,<function <lambda> at 0x7fa496287a90>,<function <lambda> at 0x7fa496287b30>
34130,2023-11-23 01:00:00,<function <lambda> at 0x7fa4962879f0>,<function <lambda> at 0x7fa496287a90>,<function <lambda> at 0x7fa496287b30>
34131,2023-11-23 02:00:00,<function <lambda> at 0x7fa4962879f0>,<function <lambda> at 0x7fa496287a90>,<function <lambda> at 0x7fa496287b30>
34132,2023-11-23 03:00:00,<function <lambda> at 0x7fa4962879f0>,<function <lambda> at 0x7fa496287a90>,<function <lambda> at 0x7fa496287b30>
34133,2023-11-23 04:00:00,<function <lambda> at 0x7fa4962879f0>,<function <lambda> at 0x7fa496287a90>,<function <lambda> at 0x7fa496287b30>
34134,2023-11-23 05:00:00,<function <lambda> at 0x7fa4962879f0>,<function <lambda> at 0x7fa496287a90>,<function <lambda> at 0x7fa496287b30>
34135,2023-11-23 06:00:00,<function <lambda> at 0x7fa4962879f0>,<function <lambda> at 0x7fa496287a90>,<function <lambda> at 0x7fa496287b30>
34136,2023-11-23 07:00:00,<function <lambda> at 0x7fa4962879f0>,<function <lambda> at 0x7fa496287a90>,<function <lambda> at 0x7fa496287b30>
34137,2023-11-23 08:00:00,<function <lambda> at 0x7fa4962879f0>,<function <lambda> at 0x7fa496287a90>,<function <lambda> at 0x7fa496287b30>
34138,2023-11-23 09:00:00,<function <lambda> at 0x7fa4962879f0>,<function <lambda> at 0x7fa496287a90>,<function <lambda> at 0x7fa496287b30>
34139,2023-11-23 10:00:00,<function <lambda> at 0x7fa4962879f0>,<function <lambda> at 0x7fa496287a90>,<function <lambda> at 0x7fa496287b30>
34140,2023-11-23 11:00:00,<function <lambda> at 0x7fa4962879f0>,<function <lambda> at 0x7fa496287a90>,<function <lambda> at 0x7fa496287b30>
34141,2023-11-23 12:00:00,<function <lambda> at 0x7fa4962879f0>,<function <lambda> at 0x7fa496287a90>,<function <lambda> at 0x7fa496287b30>
34142,2023-11-23 13:00:00,<function <lambda> at 0x7fa4962879f0>,<function <lambda> at 0x7fa496287a90>,<function <lambda> at 0x7fa496287b30>
34143,2023-11-23 14:00:00,<function <lambda> at 0x7fa4962879f0>,<function <lambda> at 0x7fa496287a90>,<function <lambda> at 0x7fa496287b30>
34144,2023-11-23 15:00:00,<function <lambda> at 0x7fa4962879f0>,<function <lambda> at 0x7fa496287a90>,<function <lambda> at 0x7fa496287b30>
34145,2023-11-23 16:00:00,<function <lambda> at 0x7fa4962879f0>,<function <lambda> at 0x7fa496287a90>,<function <lambda> at 0x7fa496287b30>
34146,2023-11-23 17:00:00,<function <lambda> at 0x7fa4962879f0>,<function <lambda> at 0x7fa496287a90>,<function <lambda> at 0x7fa496287b30>
34147,2023-11-23 18:00:00,<function <lambda> at 0x7fa4962879f0>,<function <lambda> at 0x7fa496287a90>,<function <lambda> at 0x7fa496287b30>
34148,2023-11-23 19:00:00,<function <lambda> at 0x7fa4962879f0>,<function <lambda> at 0x7fa496287a90>,<function <lambda> at 0x7fa496287b30>
34149,2023-11-23 20:00:00,<function <lambda> at 0x7fa4962879f0>,<function <lambda> at 0x7fa496287a90>,<function <lambda> at 0x7fa496287b30>
34150,2023-11-23 21:00:00,<function <lambda> at 0x7fa4962879f0>,<function <lambda> at 0x7fa496287a90>,<function <lambda> at 0x7fa496287b30>
34151,2023-11-23 22:00:00,<function <lambda> at 0x7fa4962879f0>,<function <lambda> at 0x7fa496287a90>,<function <lambda> at 0x7fa496287b30>
34152,2023-11-23 23:00:00,<function <lambda> at 0x7fa4962879f0>,<function <lambda> at 0x7fa496287a90>,<function <lambda> at 0x7fa496287b30>
34153,2023-11-24 00:00:00,<function <lambda> at 0x7fa4962879f0>,<function <lambda> at 0x7fa496287a90>,<function <lambda> at 0x7fa496287b30>
34154,2023-11-24 01:00:00,<function <lambda> at 0x7fa4962879f0>,<function <lambda> at 0x7fa496287a90>,<function <lambda> at 0x7fa496287b30>
34155,2023-11-24 02:00:00,<function <lambda> at 0x7fa4962879f0>,<function <lambda> at 0x7fa496287a90>,<function <lambda> at 0x7fa496287b30>
34156,2023-11-24 03:00:00,<function <lambda> at 0x7fa4962879f0>,<function <lambda> at 0x7fa496287a90>,<function <lambda> at 0x7fa496287b30>
34157,2023-11-24 04:00:00,<function <lambda> at 0x7fa4962879f0>,<function <lambda> at 0x7fa496287a90>,<function <lambda> at 0x7fa496287b30>
34158,2023-11-24 05:00:00,<function <lambda> at 0x7fa4962879f0>,<function <lambda> at 0x7fa496287a90>,<function <lambda> at 0x7fa496287b30>
34159,2023-11-24 06:00:00,<function <lambda> at 0x7fa4962879f0>,<function <lambda> at 0x7fa496287a90>,<function <lambda> at 0x7fa496287b30>
34160,2023-11-24 07:00:00,<function <lambda> at 0x7fa4962879f0>,<function <lambda> at 0x7fa496287a90>,<function <lambda> at 0x7fa496287b30>
34161,2023-11-24 08:00:00,<function <lambda> at 0x7fa4962879f0>,<function <lambda> at 0x7fa496287a90>,<function <lambda> at 0x7fa496287b30>
34162,2023-11-24 09:00:00,<function <lambda> at 0x7fa4962879f0>,<function <lambda> at 0x7fa496287a90>,<function <lambda> at 0x7fa496287b30>
34163,2023-11-24 10:00:00,<function <lambda> at 0x7fa4962879f0>,<function <lambda> at 0x7fa496287a90>,<function <lambda> at 0x7fa496287b30>
34164,2023-11-24 11:00:00,<function <lambda> at 0x7fa4962879f0>,<function <lambda> at 0x7fa496287a90>,<function <lambda> at 0x7fa496287b30>
34165,2023-11-24 12:00:00,<function <lambda> at 0x7fa4962879f0>,<function <lambda> at 0x7fa496287a90>,<function <lambda> at 0x7fa496287b30>
34166,2023-11-24 13:00:00,<function <lambda> at 0x7fa4962879f0>,<function <lambda> at 0x7fa496287a90>,<function <lambda> at 0x7fa496287b30>
34167,2023-11-24 14:00:00,<function <lambda> at 0x7fa4962879f0>,<function <lambda> at 0x7fa496287a90>,<function <lambda> at 0x7fa496287b30>
34168,2023-11-24 15:00:00,<function <lambda> at 0x7fa4962879f0>,<function <lambda> at 0x7fa496287a90>,<function <lambda> at 0x7fa496287b30>
34169,2023-11-24 16:00:00,<function <lambda> at 0x7fa4962879f0>,<function <lambda> at 0x7fa496287a90>,<function <lambda> at 0x7fa496287b30>
34170,2023-11-24 17:00:00,<function <lambda> at 0x7fa4962879f0>,<function <lambda> at 0x7fa496287a90>,<function <lambda> at 0x7fa496287b30>
34171,2023-11-24 18:00:00,<function <lambda> at 0x7fa4962879f0>,<function <lambda> at 0x7fa496287a90>,<function <lambda> at 0x7fa496287b30>
34172,2023-11-24 19:00:00,<function <lambda> at 0x7fa4962879f0>,<function <lambda> at 0x7fa496287a90>,<function <lambda> at 0x7fa496287b30>
34173,2023-11-24 20:00:00,<function <lambda> at 0x7fa4962879f0>,<function <lambda> at 0x7fa496287a90>,<function <lambda> at 0x7fa496287b30>
34174,2023-11-24 21:00:00,<function <lambda> at 0x7fa4962879f0>,<function <lambda> at 0x7fa496287a90>,<function <lambda> at 0x7fa496287b30>
34175,2023-11-24 22:00:00,<function <lambda> at 0x7fa4962879f0>,<function <lambda> at 0x7fa496287a90>,<function <lambda> at 0x7fa496287b30>
34176,2023-11-24 23:00:00,<function <lambda> at 0x7fa4962879f0>,<function <lambda> at 0x7fa496287a90>,<function <lambda> at 0x7fa496287b30>
34177,2023-11-25 00:00:00,<function <lambda> at 0x7fa4962879f0>,<function <lambda> at 0x7fa496287a90>,<function <lambda> at 0x7fa496287b30>
34178,2023-11-25 01:00:00,<function <lambda> at 0x7fa4962879f0>,<function <lambda> at 0x7fa496287a90>,<function <lambda> at 0x7fa496287b30>
34179,2023-11-25 02:00:00,<function <lambda> at 0x7fa4962879f0>,<function <lambda> at 0x7fa496287a90>,<function <lambda> at 0x7fa496287b30>
34180,2023-11-25 03:00:00,<function <lambda> at 0x7fa4962879f0>,<function <lambda> at 0x7fa496287a90>,<function <lambda> at 0x7fa496287b30>
34181,2023-11-25 04:00:00,<function <lambda> at 0x7fa4962879f0>,<function <lambda> at 0x7fa496287a90>,<function <lambda> at 0x7fa496287b30>
34182,2023-11-25 05:00:00,<function <lambda> at 0x7fa4962879f0>,<function <lambda> at 0x7fa496287a90>,<function <lambda> at 0x7fa496287b30>
34183,2023-11-25 06:00:00,<function <lambda> at 0x7fa4962879f0>,<function <lambda> at 0x7fa496287a90>,<function <lambda> at 0x7fa496287b30>
34184,2023-11-25 07:00:00,<function <lambda> at 0x7fa4962879f0>,<function <lambda> at 0x7fa496287a90>,<function <lambda> at 0x7fa496287b30>
34185,2023-11-25 08:00:00,<function <lambda> at 0x7fa4962879f0>,<function <lambda> at 0x7fa496287a90>,<function <lambda> at 0x7fa496287b30>
34186,2023-11-25 09:00:00,<function <lambda> at 0x7fa4962879f0>,<function <lambda> at 0x7fa496287a90>,<function <lambda> at 0x7fa496287b30>
34187,2023-11-25 10:00:00,<function <lambda> at 0x7fa4962879f0>,<function <lambda> at 0x7fa496287a90>,<function <lambda> at 0x7fa496287b30>
34188,2023-11-25 11:00:00,<function <lambda> at 0x7fa4962879f0>,<function <lambda> at 0x7fa496287a90>,<function <lambda> at 0x7fa496287b30>
34189,2023-11-25 12:00:00,<function <lambda> at 0x7fa4962879f0>,<function <lambda> at 0x7fa496287a90>,<function <lambda> at 0x7fa496287b30>
34190,2023-11-25 13:00:00,<function <lambda> at 0x7fa4962879f0>,<function <lambda> at 0x7fa496287a90>,<function <lambda> at 0x7fa496287b30>
34191,2023-11-25 14:00:00,<function <lambda> at 0x7fa4962879f0>,<function <lambda> at 0x7fa496287a90>,<function <lambda> at 0x7fa496287b30>
34192,2023-11-25 15:00:00,<function <lambda> at 0x7fa4962879f0>,<function <lambda> at 0x7fa496287a90>,<function <lambda> at 0x7fa496287b30>
34193,2023-11-25 16:00:00,<function <lambda> at 0x7fa4962879f0>,<function <lambda> at 0x7fa496287a90>,<function <lambda> at 0x7fa496287b30>
34194,2023-11-25 17:00:00,<function <lambda> at 0x7fa4962879f0>,<function <lambda> at 0x7fa496287a90>,<function <lambda> at 0x7fa496287b30>
34195,2023-11-25 18:00:00,<function <lambda> at 0x7fa4962879f0>,<function <lambda> at 0x7fa496287a90>,<function <lambda> at 0x7fa496287b30>
34196,2023-11-25 19:00:00,<function <lambda> at 0x7fa4962879f0>,<function <lambda> at 0x7fa496287a90>,<function <lambda> at 0x7fa496287b30>
34197,2023-11-25 20:00:00,<function <lambda> at 0x7fa4962879f0>,<function <lambda> at 0x7fa496287a90>,<function <lambda> at 0x7fa496287b30>
34198,2023-11-25 21:00:00,<function <lambda> at 0x7fa4962879f0>,<function <lambda> at 0x7fa496287a90>,<function <lambda> at 0x7fa496287b30>
34199,2023-11-25 22:00:00,<function <lambda> at 0x7fa4962879f0>,<function <lambda> at 0x7fa496287a90>,<function <lambda> at 0x7fa496287b30>
34200,2023-11-25 23:00:00,<function <lambda> at 0x7fa4962879f0>,<function <lambda> at 0x7fa496287a90>,<function <lambda> at 0x7fa496287b30>
34201,2023-11-26 00:00:00,<function <lambda> at 0x7fa4962879f0>,<function <lambda> at 0x7fa496287a90>,<function <lambda> at 0x7fa496287b30>
34202,2023-11-26 01:00:00,<function <lambda> at 0x7fa4962879f0>,<function <lambda> at 0x7fa496287a90>,<function <lambda> at 0x7fa496287b30>
34203,2023-11-26 02:00:00,<function <lambda> at 0x7fa4962879f0>,<function <lambda> at 0x7fa496287a90>,<function <lambda> at 0x7fa496287b30>
34204,2023-11-26 03:00:00,<function <lambda> at 0x7fa4962879f0>,<function <lambda> at 0x7fa496287a90>,<function <lambda> at 0x7fa496287b30>
34205,2023-11-26 04:00:00,<function <lambda> at 0x7fa4962879f0>,<function <lambda> at 0x7fa496287a90>,<function <lambda> at 0x7fa496287b30>
34206,2023-11-26 05:00:00,<function <lambda> at 0x7fa4962879f0>,<function <lambda> at 0x7fa496287a90>,<function <lambda> at 0x7fa496287b30>
34207,2023-11-26 06:00:00,<function <lambda> at 0x7fa4962879f0>,<function <lambda> at 0x7fa496287a90>,<function <lambda> at 0x7fa496287b30>
34208,2023-11-26 07:00:00,<function <lambda> at 0x7fa4962879f0>,<function <lambda> at 0x7fa496287a90>,<function <lambda> at 0x7fa496287b30>
34209,2023-11-26 08:00:00,<function <lambda> at 0x7fa4962879f0>,<function <lambda> at 0x7fa496287a90>,<function <lambda> at 0x7fa496287b30>
34210,2023-11-26 09:00:00,<function <lambda> at 0x7fa4962879f0>,<function <lambda> at 0x7fa496287a90>,<function <lambda> at 0x7fa496287b30>
34211,2023-11-26 10:00:00,<function <lambda> at 0x7fa4962879f0>,<function <lambda> at 0x7fa496287a90>,<function <lambda> at 0x7fa496287b30>
34212,2023-11-26 11:00:00,<function <lambda> at 0x7fa4962879f0>,<function <lambda> at 0x7fa496287a90>,<function <lambda> at 0x7fa496287b30>
34213,2023-11-26 12:00:00,<function <lambda> at 0x7fa4962879f0>,<function <lambda> at 0x7fa496287a90>,<function <lambda> at 0x7fa496287b30>
34214,2023-11-26 13:00:00,<function <lambda> at 0x7fa4962879f0>,<function <lambda> at 0x7fa496287a90>,<function <lambda> at 0x7fa496287b30>
34215,2023-11-26 14:00:00,<function <lambda> at 0x7fa4962879f0>,<function <lambda> at 0x7fa496287a90>,<function <lambda> at 0x7fa496287b30>
34216,2023-11-26 15:00:00,<function <lambda> at 0x7fa4962879f0>,<function <lambda> at 0x7fa496287a90>,<function <lambda> at 0x7fa496287b30>
34217,2023-11-26 16:00:00,<function <lambda> at 0x7fa4962879f0>,<function <lambda> at 0x7fa496287a90>,<function <lambda> at 0x7fa496287b30>
34218,2023-11-26 17:00:00,<function <lambda> at 0x7fa4962879f0>,<function <lambda> at 0x7fa496287a90>,<function <lambda> at 0x7fa496287b30>
34219,2023-11-26 18:00:00,<function <lambda> at 0x7fa4962879f0>,<function <lambda> at 0x7fa496287a90>,<function <lambda> at 0x7fa496287b30>
34220,2023-11-26 19:00:00,<function <lambda> at 0x7fa4962879f0>,<function <lambda> at 0x7fa496287a90>,<function <lambda> at 0x7fa496287b30>
34221,2023-11-26 20:00:00,<function <lambda> at 0x7fa4962879f0>,<function <lambda> at 0x7fa496287a90>,<function <lambda> at 0x7fa496287b30>
34222,2023-11-26 21:00:00,<function <lambda> at 0x7fa4962879f0>,<function <lambda> at 0x7fa496287a90>,<function <lambda> at 0x7fa496287b30>
34223,2023-11-26 22:00:00,<function <lambda> at 0x7fa4962879f0>,<function <lambda> at 0x7fa496287a90>,<function <lambda> at 0x7fa496287b30>
34224,2023-11-26 23:00:00,<function <lambda> at 0x7fa4962879f0>,<function <lambda> at 0x7fa496287a90>,<function <lambda> at 0x7fa496287b30>
34225,2023-11-27 00:00:00,<function <lambda> at 0x7fa4962879f0>,<function <lambda> at 0x7fa496287a90>,<function <lambda> at 0x7fa496287b30>
34226,2023-11-27 01:00:00,<function <lambda> at 0x7fa4962879f0>,<function <lambda> at 0x7fa496287a90>,<function <lambda> at 0x7fa496287b30>
34227,2023-11-27 02:00:00,<function <lambda> at 0x7fa4962879f0>,<function <lambda> at 0x7fa496287a90>,<function <lambda> at 0x7fa496287b30>
34228,2023-11-27 03:00:00,<function <lambda> at 0x7fa4962879f0>,<function <lambda> at 0x7fa496287a90>,<function <lambda> at 0x7fa496287b30>
34229,2023-11-27 04:00:00,<function <lambda> at 0x7fa4962879f0>,<function <lambda> at 0x7fa496287a90>,<function <lambda> at 0x7fa496287b30>
34230,2023-11-27 05:00:00,<function <lambda> at 0x7fa4962879f0>,<function <lambda> at 0x7fa496287a90>,<function <lambda> at 0x7fa496287b30>
34231,2023-11-27 06:00:00,<function <lambda> at 0x7fa4962879f0>,<function <lambda> at 0x7fa496287a90>,<function <lambda> at 0x7fa496287b30>
34232,2023-11-27 07:00:00,<function <lambda> at 0x7fa4962879f0>,<function <lambda> at 0x7fa496287a90>,<function <lambda> at 0x7fa496287b30>
34233,2023-11-27 08:00:00,<function <lambda> at 0x7fa4962879f0>,<function <lambda> at 0x7fa496287a90>,<function <lambda> at 0x7fa496287b30>
34234,2023-11-27 09:00:00,<function <lambda> at 0x7fa4962879f0>,<function <lambda> at 0x7fa496287a90>,<function <lambda> at 0x7fa496287b30>
34235,2023-11-27 10:00:00,<function <lambda> at 0x7fa4962879f0>,<function <lambda> at 0x7fa496287a90>,<function <lambda> at 0x7fa496287b30>
34236,2023-11-27 11:00:00,<function <lambda> at 0x7fa4962879f0>,<function <lambda> at 0x7fa496287a90>,<function <lambda> at 0x7fa496287b30>
34237,2023-11-27 12:00:00,<function <lambda> at 0x7fa4962879f0>,<function <lambda> at 0x7fa496287a90>,<function <lambda> at 0x7fa496287b30>
34238,2023-11-27 13:00:00,<function <lambda> at 0x7fa4962879f0>,<function <lambda> at 0x7fa496287a90>,<function <lambda> at 0x7fa496287b30>
34239,2023-11-27 14:00:00,<function <lambda> at 0x7fa4962879f0>,<function <lambda> at 0x7fa496287a90>,<function <lambda> at 0x7fa496287b30>
34240,2023-11-27 15:00:00,<function <lambda> at 0x7fa4962879f0>,<function <lambda> at 0x7fa496287a90>,<function <lambda> at 0x7fa496287b30>
34241,2023-11-27 16:00:00,<function <lambda> at 0x7fa4962879f0>,<function <lambda> at 0x7fa496287a90>,<function <lambda> at 0x7fa496287b30>
34242,2023-11-27 17:00:00,<function <lambda> at 0x7fa4962879f0>,<function <lambda> at 0x7fa496287a90>,<function <lambda> at 0x7fa496287b30>
34243,2023-11-27 18:00:00,<function <lambda> at 0x7fa4962879f0>,<function <lambda> at 0x7fa496287a90>,<function <lambda> at 0x7fa496287b30>
34244,2023-11-27 19:00:00,<function <lambda> at 0x7fa4962879f0>,<function <lambda> at 0x7fa496287a90>,<function <lambda> at 0x7fa496287b30>
34245,2023-11-27 20:00:00,<function <lambda> at 0x7fa4962879f0>,<function <lambda> at 0x7fa496287a90>,<function <lambda> at 0x7fa496287b30>
34246,2023-11-27 21:00:00,<function <lambda> at 0x7fa4962879f0>,<function <lambda> at 0x7fa496287a90>,<function <lambda> at 0x7fa496287b30>
34247,2023-11-27 22:00:00,<function <lambda> at 0x7fa4962879f0>,<function <lambda> at 0x7fa496287a90>,<function <lambda> at 0x7fa496287b30>
34248,2023-11-27 23:00:00,<function <lambda> at 0x7fa4962879f0>,<function <lambda> at 0x7fa496287a90>,<function <lambda> at 0x7fa496287b30>
34249,2023-11-28 00:00:00,<function <lambda> at 0x7fa4962879f0>,<function <lambda> at 0x7fa496287a90>,<function <lambda> at 0x7fa496287b30>
34250,2023-11-28 01:00:00,<function <lambda> at 0x7fa4962879f0>,<function <lambda> at 0x7fa496287a90>,<function <lambda> at 0x7fa496287b30>
34251,2023-11-28 02:00:00,<function <lambda> at 0x7fa4962879f0>,<function <lambda> at 0x7fa496287a90>,<function <lambda> at 0x7fa496287b30>
34252,2023-11-28 03:00:00,<function <lambda> at 0x7fa4962879f0>,<function <lambda> at 0x7fa496287a90>,<function <lambda> at 0x7fa496287b30>
34253,2023-11-28 04:00:00,<function <lambda> at 0x7fa4962879f0>,<function <lambda> at 0x7fa496287a90>,<function <lambda> at 0x7fa496287b30>
34254,2023-11-28 05:00:00,<function <lambda> at 0x7fa4962879f0>,<function <lambda> at 0x7fa496287a90>,<function <lambda> at 0x7fa496287b30>
34255,2023-11-28 06:00:00,<function <lambda> at 0x7fa4962879f0>,<function <lambda> at 0x7fa496287a90>,<function <lambda> at 0x7fa496287b30>
34256,2023-11-28 07:00:00,<function <lambda> at 0x7fa4962879f0>,<function <lambda> at 0x7fa496287a90>,<function <lambda> at 0x7fa496287b30>
34257,2023-11-28 08:00:00,<function <lambda> at 0x7fa4962879f0>,<function <lambda> at 0x7fa496287a90>,<function <lambda> at 0x7fa496287b30>
34258,2023-11-28 09:00:00,<function <lambda> at 0x7fa4962879f0>,<function <lambda> at 0x7fa496287a90>,<function <lambda> at 0x7fa496287b30>
34259,2023-11-28 10:00:00,<function <lambda> at 0x7fa4962879f0>,<function <lambda> at 0x7fa496287a90>,<function <lambda> at 0x7fa496287b30>
34260,2023-11-28 11:00:00,<function <lambda> at 0x7fa4962879f0>,<function <lambda> at 0x7fa496287a90>,<function <lambda> at 0x7fa496287b30>
34261,2023-11-28 12:00:00,<function <lambda> at 0x7fa4962879f0>,<function <lambda> at 0x7fa496287a90>,<function <lambda> at 0x7fa496287b30>
34262,2023-11-28 13:00:00,<function <lambda> at 0x7fa4962879f0>,<function <lambda> at 0x7fa496287a90>,<function <lambda> at 0x7fa496287b30>
34263,2023-11-28 14:00:00,<function <lambda> at 0x7fa4962879f0>,<function <lambda> at 0x7fa496287a90>,<function <lambda> at 0x7fa496287b30>
34264,2023-11-28 15:00:00,<function <lambda> at 0x7fa4962879f0>,<function <lambda> at 0x7fa496287a90>,<function <lambda> at 0x7fa496287b30>
34265,2023-11-28 16:00:00,<function <lambda> at 0x7fa4962879f0>,<function <lambda> at 0x7fa496287a90>,<function <lambda> at 0x7fa496287b30>
34266,2023-11-28 17:00:00,<function <lambda> at 0x7fa4962879f0>,<function <lambda> at 0x7fa496287a90>,<function <lambda> at 0x7fa496287b30>
34267,2023-11-28 18:00:00,<function <lambda> at 0x7fa4962879f0>,<function <lambda> at 0x7fa496287a90>,<function <lambda> at 0x7fa496287b30>
34268,2023-11-28 19:00:00,<function <lambda> at 0x7fa4962879f0>,<function <lambda> at 0x7fa496287a90>,<function <lambda> at 0x7fa496287b30>
34269,2023-11-28 20:00:00,<function <lambda> at 0x7fa4962879f0>,<function <lambda> at 0x7fa496287a90>,<function <lambda> at 0x7fa496287b30>
34270,2023-11-28 21:00:00,<function <lambda> at 0x7fa4962879f0>,<function <lambda> at 0x7fa496287a90>,<function <lambda> at 0x7fa496287b30>
34271,2023-11-28 22:00:00,<function <lambda> at 0x7fa4962879f0>,<function <lambda> at 0x7fa496287a90>,<function <lambda> at 0x7fa496287b30>
34272,2023-11-28 23:00:00,<function <lambda> at 0x7fa4962879f0>,<function <lambda> at 0x7fa496287a90>,<function <lambda> at 0x7fa496287b30>
34273,2023-11-29 00:00:00,<function <lambda> at 0x7fa4962879f0>,<function <lambda> at 0x7fa496287a90>,<function <lambda> at 0x7fa496287b30>
34274,2023-11-29 01:00:00,<function <lambda> at 0x7fa4962879f0>,<function <lambda> at 0x7fa496287a90>,<function <lambda> at 0x7fa496287b30>
34275,2023-11-29 02:00:00,<function <lambda> at 0x7fa4962879f0>,<function <lambda> at 0x7fa496287a90>,<function <lambda> at 0x7fa496287b30>
34276,2023-11-29 03:00:00,<function <lambda> at 0x7fa4962879f0>,<function <lambda> at 0x7fa496287a90>,<function <lambda> at 0x7fa496287b30>
34277,2023-11-29 04:00:00,<function <lambda> at 0x7fa4962879f0>,<function <lambda> at 0x7fa496287a90>,<function <lambda> at 0x7fa496287b30>
34278,2023-11-29 05:00:00,<function <lambda> at 0x7fa4962879f0>,<function <lambda> at 0x7fa496287a90>,<function <lambda> at 0x7fa496287b30>
34279,2023-11-29 06:00:00,<function <lambda> at 0x7fa4962879f0>,<function <lambda> at 0x7fa496287a90>,<function <lambda> at 0x7fa496287b30>
34280,2023-11-29 07:00:00,<function <lambda> at 0x7fa4962879f0>,<function <lambda> at 0x7fa496287a90>,<function <lambda> at 0x7fa496287b30>
34281,2023-11-29 08:00:00,<function <lambda> at 0x7fa4962879f0>,<function <lambda> at 0x7fa496287a90>,<function <lambda> at 0x7fa496287b30>
34282,2023-11-29 09:00:00,<function <lambda> at 0x7fa4962879f0>,<function <lambda> at 0x7fa496287a90>,<function <lambda> at 0x7fa496287b30>
34283,2023-11-29 10:00:00,<function <lambda> at 0x7fa4962879f0>,<function <lambda> at 0x7fa496287a90>,<function <lambda> at 0x7fa496287b30>
34284,2023-11-29 11:00:00,<function <lambda> at 0x7fa4962879f0>,<function <lambda> at 0x7fa496287a90>,<function <lambda> at 0x7fa496287b30>
34285,2023-11-29 12:00:00,<function <lambda> at 0x7fa4962879f0>,<function <lambda> at 0x7fa496287a90>,<function <lambda> at 0x7fa496287b30>
34286,2023-11-29 13:00:00,<function <lambda> at 0x7fa4962879f0>,<function <lambda> at 0x7fa496287a90>,<function <lambda> at 0x7fa496287b30>
34287,2023-11-29 14:00:00,<function <lambda> at 0x7fa4962879f0>,<function <lambda> at 0x7fa496287a90>,<function <lambda> at 0x7fa496287b30>
34288,2023-11-29 15:00:00,<function <lambda> at 0x7fa4962879f0>,<function <lambda> at 0x7fa496287a90>,<function <lambda> at 0x7fa496287b30>
34289,2023-11-29 16:00:00,<function <lambda> at 0x7fa4962879f0>,<function <lambda> at 0x7fa496287a90>,<function <lambda> at 0x7fa496287b30>
34290,2023-11-29 17:00:00,<function <lambda> at 0x7fa4962879f0>,<function <lambda> at 0x7fa496287a90>,<function <lambda> at 0x7fa496287b30>
34291,2023-11-29 18:00:00,<function <lambda> at 0x7fa4962879f0>,<function <lambda> at 0x7fa496287a90>,<function <lambda> at 0x7fa496287b30>
34292,2023-11-29 19:00:00,<function <lambda> at 0x7fa4962879f0>,<function <lambda> at 0x7fa496287a90>,<function <lambda> at 0x7fa496287b30>
34293,2023-11-29 20:00:00,<function <lambda> at 0x7fa4962879f0>,<function <lambda> at 0x7fa496287a90>,<function <lambda> at 0x7fa496287b30>
34294,2023-11-29 21:00:00,<function <lambda> at 0x7fa4962879f0>,<function <lambda> at 0x7fa496287a90>,<function <lambda> at 0x7fa496287b30>
34295,2023-11-29 22:00:00,<function <lambda> at 0x7fa4962879f0>,<function <lambda> at 0x7fa496287a90>,<function <lambda> at 0x7fa496287b30>
34296,2023-11-29 23:00:00,<function <lambda> at 0x7fa4962879f0>,<function <lambda> at 0x7fa496287a90>,<function <lambda> at 0x7fa496287b30>
34297,2023-11-30 00:00:00,<function <lambda> at 0x7fa4962879f0>,<function <lambda> at 0x7fa496287a90>,<function <lambda> at 0x7fa496287b30>
34298,2023-11-30 01:00:00,<function <lambda> at 0x7fa4962879f0>,<function <lambda> at 0x7fa496287a90>,<function <lambda> at 0x7fa496287b30>
34299,2023-11-30 02:00:00,<function <lambda> at 0x7fa4962879f0>,<function <lambda> at 0x7fa496287a90>,<function <lambda> at 0x7fa496287b30>
34300,2023-11-30 03:00:00,<function <lambda> at 0x7fa4962879f0>,<function <lambda> at 0x7fa496287a90>,<function <lambda> at 0x7fa496287b30>
34301,2023-11-30 04:00:00,<function <lambda> at 0x7fa4962879f0>,<function <lambda> at 0x7fa496287a90>,<function <lambda> at 0x7fa496287b30>
34302,2023-11-30 05:00:00,<function <lambda> at 0x7fa4962879f0>,<function <lambda> at 0x7fa496287a90>,<function <lambda> at 0x7fa496287b30>
34303,2023-11-30 06:00:00,<function <lambda> at 0x7fa4962879f0>,<function <lambda> at 0x7fa496287a90>,<function <lambda> at 0x7fa496287b30>
34304,2023-11-30 07:00:00,<function <lambda> at 0x7fa4962879f0>,<function <lambda> at 0x7fa496287a90>,<function <lambda> at 0x7fa496287b30>
34305,2023-11-30 08:00:00,<function <lambda> at 0x7fa4962879f0>,<function <lambda> at 0x7fa496287a90>,<function <lambda> at 0x7fa496287b30>
34306,2023-11-30 09:00:00,<function <lambda> at 0x7fa4962879f0>,<function <lambda> at 0x7fa496287a90>,<function <lambda> at 0x7fa496287b30>
34307,2023-11-30 10:00:00,<function <lambda> at 0x7fa4962879f0>,<function <lambda> at 0x7fa496287a90>,<function <lambda> at 0x7fa496287b30>
34308,2023-11-30 11:00:00,<function <lambda> at 0x7fa4962879f0>,<function <lambda> at 0x7fa496287a90>,<function <lambda> at 0x7fa496287b30>
34309,2023-11-30 12:00:00,<function <lambda> at 0x7fa4962879f0>,<function <lambda> at 0x7fa496287a90>,<function <lambda> at 0x7fa496287b30>
34310,2023-11-30 13:00:00,<function <lambda> at 0x7fa4962879f0>,<function <lambda> at 0x7fa496287a90>,<function <lambda> at 0x7fa496287b30>
34311,2023-11-30 14:00:00,<function <lambda> at 0x7fa4962879f0>,<function <lambda> at 0x7fa496287a90>,<function <lambda> at 0x7fa496287b30>
34312,2023-11-30 15:00:00,<function <lambda> at 0x7fa4962879f0>,<function <lambda> at 0x7fa496287a90>,<function <lambda> at 0x7fa496287b30>
34313,2023-11-30 16:00:00,<function <lambda> at 0x7fa4962879f0>,<function <lambda> at 0x7fa496287a90>,<function <lambda> at 0x7fa496287b30>
34314,2023-11-30 17:00:00,<function <lambda> at 0x7fa4962879f0>,<function <lambda> at 0x7fa496287a90>,<function <lambda> at 0x7fa496287b30>
34315,2023-11-30 18:00:00,<function <lambda> at 0x7fa4962879f0>,<function <lambda> at 0x7fa496287a90>,<function <lambda> at 0x7fa496287b30>
34316,2023-11-30 19:00:00,<function <lambda> at 0x7fa4962879f0>,<function <lambda> at 0x7fa496287a90>,<function <lambda> at 0x7fa496287b30>
34317,2023-11-30 20:00:00,<function <lambda> at 0x7fa4962879f0>,<function <lambda> at 0x7fa496287a90>,<function <lambda> at 0x7fa496287b30>
34318,2023-11-30 21:00:00,<function <lambda> at 0x7fa4962879f0>,<function <lambda> at 0x7fa496287a90>,<function <lambda> at 0x7fa496287b30>
34319,2023-11-30 22:00:00,<function <lambda> at 0x7fa4962879f0>,<function <lambda> at 0x7fa496287a90>,<function <lambda> at 0x7fa496287b30>
34320,2023-11-30 23:00:00,<function <lambda> at 0x7fa4962879f0>,<function <lambda> at 0x7fa496287a90>,<function <lambda> at 0x7fa496287b30>
34321,2023-12-01 00:00:00,<function <lambda> at 0x7fa4962879f0>,<function <lambda> at 0x7fa496287a90>,<function <lambda> at 0x7fa496287b30>
34322,2023-12-01 01:00:00,<function <lambda> at 0x7fa4962879f0>,<function <lambda> at 0x7fa496287a90>,<function <lambda> at 0x7fa496287b30>
34323,2023-12-01 02:00:00,<function <lambda> at 0x7fa4962879f0>,<function <lambda> at 0x7fa496287a90>,<function <lambda> at 0x7fa496287b30>
34324,2023-12-01 03:00:00,<function <lambda> at 0x7fa4962879f0>,<function <lambda> at 0x7fa496287a90>,<function <lambda> at 0x7fa496287b30>
34325,2023-12-01 04:00:00,<function <lambda> at 0x7fa4962879f0>,<function <lambda> at 0x7fa496287a90>,<function <lambda> at 0x7fa496287b30>
34326,2023-12-01 05:00:00,<function <lambda> at 0x7fa4962879f0>,<function <lambda> at 0x7fa496287a90>,<function <lambda> at 0x7fa496287b30>
34327,2023-12-01 06:00:00,<function <lambda> at 0x7fa4962879f0>,<function <lambda> at 0x7fa496287a90>,<function <lambda> at 0x7fa496287b30>
34328,2023-12-01 07:00:00,<function <lambda> at 0x7fa4962879f0>,<function <lambda> at 0x7fa496287a90>,<function <lambda> at 0x7fa496287b30>
34329,2023-12-01 08:00:00,<function <lambda> at 0x7fa4962879f0>,<function <lambda> at 0x7fa496287a90>,<function <lambda> at 0x7fa496287b30>
34330,2023-12-01 09:00:00,<function <lambda> at 0x7fa4962879f0>,<function <lambda> at 0x7fa496287a90>,<function <lambda> at 0x7fa496287b30>
34331,2023-12-01 10:00:00,<function <lambda> at 0x7fa4962879f0>,<function <lambda> at 0x7fa496287a90>,<function <lambda> at 0x7fa496287b30>
34332,2023-12-01 11:00:00,<function <lambda> at 0x7fa4962879f0>,<function <lambda> at 0x7fa496287a90>,<function <lambda> at 0x7fa496287b30>
34333,2023-12-01 12:00:00,<function <lambda> at 0x7fa4962879f0>,<function <lambda> at 0x7fa496287a90>,<function <lambda> at 0x7fa496287b30>
34334,2023-12-01 13:00:00,<function <lambda> at 0x7fa4962879f0>,<function <lambda> at 0x7fa496287a90>,<function <lambda> at 0x7fa496287b30>
34335,2023-12-01 14:00:00,<function <lambda> at 0x7fa4962879f0>,<function <lambda> at 0x7fa496287a90>,<function <lambda> at 0x7fa496287b30>
34336,2023-12-01 15:00:00,<function <lambda> at 0x7fa4962879f0>,<function <lambda> at 0x7fa496287a90>,<function <lambda> at 0x7fa496287b30>
34337,2023-12-01 16:00:00,<function <lambda> at 0x7fa4962879f0>,<function <lambda> at 0x7fa496287a90>,<function <lambda> at 0x7fa496287b30>
34338,2023-12-01 17:00:00,<function <lambda> at 0x7fa4962879f0>,<function <lambda> at 0x7fa496287a90>,<function <lambda> at 0x7fa496287b30>
34339,2023-12-01 18:00:00,<function <lambda> at 0x7fa4962879f0>,<function <lambda> at 0x7fa496287a90>,<function <lambda> at 0x7fa496287b30>
34340,2023-12-01 19:00:00,<function <lambda> at 0x7fa4962879f0>,<function <lambda> at 0x7fa496287a90>,<function <lambda> at 0x7fa496287b30>
34341,2023-12-01 20:00:00,<function <lambda> at 0x7fa4962879f0>,<function <lambda> at 0x7fa496287a90>,<function <lambda> at 0x7fa496287b30>
34342,2023-12-01 21:00:00,<function <lambda> at 0x7fa4962879f0>,<function <lambda> at 0x7fa496287a90>,<function <lambda> at 0x7fa496287b30>
34343,2023-12-01 22:00:00,<function <lambda> at 0x7fa4962879f0>,<function <lambda> at 0x7fa496287a90>,<function <lambda> at 0x7fa496287b30>
34344,2023-12-01 23:00:00,<function <lambda> at 0x7fa4962879f0>,<function <lambda> at 0x7fa496287a90>,<function <lambda> at 0x7fa496287b30>
34345,2023-12-02 00:00:00,<function <lambda> at 0x7fa4962879f0>,<function <lambda> at 0x7fa496287a90>,<function <lambda> at 0x7fa496287b30>
34346,2023-12-02 01:00:00,<function <lambda> at 0x7fa4962879f0>,<function <lambda> at 0x7fa496287a90>,<function <lambda> at 0x7fa496287b30>
34347,2023-12-02 02:00:00,<function <lambda> at 0x7fa4962879f0>,<function <lambda> at 0x7fa496287a90>,<function <lambda> at 0x7fa496287b30>
34348,2023-12-02 03:00:00,<function <lambda> at 0x7fa4962879f0>,<function <lambda> at 0x7fa496287a90>,<function <lambda> at 0x7fa496287b30>
34349,2023-12-02 04:00:00,<function <lambda> at 0x7fa4962879f0>,<function <lambda> at 0x7fa496287a90>,<function <lambda> at 0x7fa496287b30>
34350,2023-12-02 05:00:00,<function <lambda> at 0x7fa4962879f0>,<function <lambda> at 0x7fa496287a90>,<function <lambda> at 0x7fa496287b30>
34351,2023-12-02 06:00:00,<function <lambda> at 0x7fa4962879f0>,<function <lambda> at 0x7fa496287a90>,<function <lambda> at 0x7fa496287b30>
34352,2023-12-02 07:00:00,<function <lambda> at 0x7fa4962879f0>,<function <lambda> at 0x7fa496287a90>,<function <lambda> at 0x7fa496287b30>
34353,2023-12-02 08:00:00,<function <lambda> at 0x7fa4962879f0>,<function <lambda> at 0x7fa496287a90>,<function <lambda> at 0x7fa496287b30>
34354,2023-12-02 09:00:00,<function <lambda> at 0x7fa4962879f0>,<function <lambda> at 0x7fa496287a90>,<function <lambda> at 0x7fa496287b30>
34355,2023-12-02 10:00:00,<function <lambda> at 0x7fa4962879f0>,<function <lambda> at 0x7fa496287a90>,<function <lambda> at 0x7fa496287b30>
34356,2023-12-02 11:00:00,<function <lambda> at 0x7fa4962879f0>,<function <lambda> at 0x7fa496287a90>,<function <lambda> at 0x7fa496287b30>
34357,2023-12-02 12:00:00,<function <lambda> at 0x7fa4962879f0>,<function <lambda> at 0x7fa496287a90>,<function <lambda> at 0x7fa496287b30>
34358,2023-12-02 13:00:00,<function <lambda> at 0x7fa4962879f0>,<function <lambda> at 0x7fa496287a90>,<function <lambda> at 0x7fa496287b30>
34359,2023-12-02 14:00:00,<function <lambda> at 0x7fa4962879f0>,<function <lambda> at 0x7fa496287a90>,<function <lambda> at 0x7fa496287b30>
34360,2023-12-02 15:00:00,<function <lambda> at 0x7fa4962879f0>,<function <lambda> at 0x7fa496287a90>,<function <lambda> at 0x7fa496287b30>
34361,2023-12-02 16:00:00,<function <lambda> at 0x7fa4962879f0>,<function <lambda> at 0x7fa496287a90>,<function <lambda> at 0x7fa496287b30>
34362,2023-12-02 17:00:00,<function <lambda> at 0x7fa4962879f0>,<function <lambda> at 0x7fa496287a90>,<function <lambda> at 0x7fa496287b30>
34363,2023-12-02 18:00:00,<function <lambda> at 0x7fa4962879f0>,<function <lambda> at 0x7fa496287a90>,<function <lambda> at 0x7fa496287b30>
34364,2023-12-02 19:00:00,<function <lambda> at 0x7fa4962879f0>,<function <lambda> at 0x7fa496287a90>,<function <lambda> at 0x7fa496287b30>
34365,2023-12-02 20:00:00,<function <lambda> at 0x7fa4962879f0>,<function <lambda> at 0x7fa496287a90>,<function <lambda> at 0x7fa496287b30>
34366,2023-12-02 21:00:00,<function <lambda> at 0x7fa4962879f0>,<function <lambda> at 0x7fa496287a90>,<function <lambda> at 0x7fa496287b30>
34367,2023-12-02 22:00:00,<function <lambda> at 0x7fa4962879f0>,<function <lambda> at 0x7fa496287a90>,<function <lambda> at 0x7fa496287b30>
34368,2023-12-02 23:00:00,<function <lambda> at 0x7fa4962879f0>,<function <lambda> at 0x7fa496287a90>,<function <lambda> at 0x7fa496287b30>
34369,2023-12-03 00:00:00,<function <lambda> at 0x7fa4962879f0>,<function <lambda> at 0x7fa496287a90>,<function <lambda> at 0x7fa496287b30>
34370,2023-12-03 01:00:00,<function <lambda> at 0x7fa4962879f0>,<function <lambda> at 0x7fa496287a90>,<function <lambda> at 0x7fa496287b30>
34371,2023-12-03 02:00:00,<function <lambda> at 0x7fa4962879f0>,<function <lambda> at 0x7fa496287a90>,<function <lambda> at 0x7fa496287b30>
34372,2023-12-03 03:00:00,<function <lambda> at 0x7fa4962879f0>,<function <lambda> at 0x7fa496287a90>,<function <lambda> at 0x7fa496287b30>
34373,2023-12-03 04:00:00,<function <lambda> at 0x7fa4962879f0>,<function <lambda> at 0x7fa496287a90>,<function <lambda> at 0x7fa496287b30>
34374,2023-12-03 05:00:00,<function <lambda> at 0x7fa4962879f0>,<function <lambda> at 0x7fa496287a90>,<function <lambda> at 0x7fa496287b30>
34375,2023-12-03 06:00:00,<function <lambda> at 0x7fa4962879f0>,<function <lambda> at 0x7fa496287a90>,<function <lambda> at 0x7fa496287b30>
34376,2023-12-03 07:00:00,<function <lambda> at 0x7fa4962879f0>,<function <lambda> at 0x7fa496287a90>,<function <lambda> at 0x7fa496287b30>
34377,2023-12-03 08:00:00,<function <lambda> at 0x7fa4962879f0>,<function <lambda> at 0x7fa496287a90>,<function <lambda> at 0x7fa496287b30>
34378,2023-12-03 09:00:00,<function <lambda> at 0x7fa4962879f0>,<function <lambda> at 0x7fa496287a90>,<function <lambda> at 0x7fa496287b30>
34379,2023-12-03 10:00:00,<function <lambda> at 0x7fa4962879f0>,<function <lambda> at 0x7fa496287a90>,<function <lambda> at 0x7fa496287b30>
34380,2023-12-03 11:00:00,<function <lambda> at 0x7fa4962879f0>,<function <lambda> at 0x7fa496287a90>,<function <lambda> at 0x7fa496287b30>
34381,2023-12-03 12:00:00,<function <lambda> at 0x7fa4962879f0>,<function <lambda> at 0x7fa496287a90>,<function <lambda> at 0x7fa496287b30>
34382,2023-12-03 13:00:00,<function <lambda> at 0x7fa4962879f0>,<function <lambda> at 0x7fa496287a90>,<function <lambda> at 0x7fa496287b30>
34383,2023-12-03 14:00:00,<function <lambda> at 0x7fa4962879f0>,<function <lambda> at 0x7fa496287a90>,<function <lambda> at 0x7fa496287b30>
34384,2023-12-03 15:00:00,<function <lambda> at 0x7fa4962879f0>,<function <lambda> at 0x7fa496287a90>,<function <lambda> at 0x7fa496287b30>
34385,2023-12-03 16:00:00,<function <lambda> at 0x7fa4962879f0>,<function <lambda> at 0x7fa496287a90>,<function <lambda> at 0x7fa496287b30>
34386,2023-12-03 17:00:00,<function <lambda> at 0x7fa4962879f0>,<function <lambda> at 0x7fa496287a90>,<function <lambda> at 0x7fa496287b30>
34387,2023-12-03 18:00:00,<function <lambda> at 0x7fa4962879f0>,<function <lambda> at 0x7fa496287a90>,<function <lambda> at 0x7fa496287b30>
34388,2023-12-03 19:00:00,<function <lambda> at 0x7fa4962879f0>,<function <lambda> at 0x7fa496287a90>,<function <lambda> at 0x7fa496287b30>
34389,2023-12-03 20:00:00,<function <lambda> at 0x7fa4962879f0>,<function <lambda> at 0x7fa496287a90>,<function <lambda> at 0x7fa496287b30>
34390,2023-12-03 21:00:00,<function <lambda> at 0x7fa4962879f0>,<function <lambda> at 0x7fa496287a90>,<function <lambda> at 0x7fa496287b30>
34391,2023-12-03 22:00:00,<function <lambda> at 0x7fa4962879f0>,<function <lambda> at 0x7fa496287a90>,<function <lambda> at 0x7fa496287b30>
34392,2023-12-03 23:00:00,<function <lambda> at 0x7fa4962879f0>,<function <lambda> at 0x7fa496287a90>,<function <lambda> at 0x7fa496287b30>
34393,2023-12-04 00:00:00,<function <lambda> at 0x7fa4962879f0>,<function <lambda> at 0x7fa496287a90>,<function <lambda> at 0x7fa496287b30>
34394,2023-12-04 01:00:00,<function <lambda> at 0x7fa4962879f0>,<function <lambda> at 0x7fa496287a90>,<function <lambda> at 0x7fa496287b30>
34395,2023-12-04 02:00:00,<function <lambda> at 0x7fa4962879f0>,<function <lambda> at 0x7fa496287a90>,<function <lambda> at 0x7fa496287b30>
34396,2023-12-04 03:00:00,<function <lambda> at 0x7fa4962879f0>,<function <lambda> at 0x7fa496287a90>,<function <lambda> at 0x7fa496287b30>
34397,2023-12-04 04:00:00,<function <lambda> at 0x7fa4962879f0>,<function <lambda> at 0x7fa496287a90>,<function <lambda> at 0x7fa496287b30>
34398,2023-12-04 05:00:00,<function <lambda> at 0x7fa4962879f0>,<function <lambda> at 0x7fa496287a90>,<function <lambda> at 0x7fa496287b30>
34399,2023-12-04 06:00:00,<function <lambda> at 0x7fa4962879f0>,<function <lambda> at 0x7fa496287a90>,<function <lambda> at 0x7fa496287b30>
34400,2023-12-04 07:00:00,<function <lambda> at 0x7fa4962879f0>,<function <lambda> at 0x7fa496287a90>,<function <lambda> at 0x7fa496287b30>
34401,2023-12-04 08:00:00,<function <lambda> at 0x7fa4962879f0>,<function <lambda> at 0x7fa496287a90>,<function <lambda> at 0x7fa496287b30>
34402,2023-12-04 09:00:00,<function <lambda> at 0x7fa4962879f0>,<function <lambda> at 0x7fa496287a90>,<function <lambda> at 0x7fa496287b30>
34403,2023-12-04 10:00:00,<function <lambda> at 0x7fa4962879f0>,<function <lambda> at 0x7fa496287a90>,<function <lambda> at 0x7fa496287b30>
34404,2023-12-04 11:00:00,<function <lambda> at 0x7fa4962879f0>,<function <lambda> at 0x7fa496287a90>,<function <lambda> at 0x7fa496287b30>
34405,2023-12-04 12:00:00,<function <lambda> at 0x7fa4962879f0>,<function <lambda> at 0x7fa496287a90>,<function <lambda> at 0x7fa496287b30>
34406,2023-12-04 13:00:00,<function <lambda> at 0x7fa4962879f0>,<function <lambda> at 0x7fa496287a90>,<function <lambda> at 0x7fa496287b30>
34407,2023-12-04 14:00:00,<function <lambda> at 0x7fa4962879f0>,<function <lambda> at 0x7fa496287a90>,<function <lambda> at 0x7fa496287b30>
34408,2023-12-04 15:00:00,<function <lambda> at 0x7fa4962879f0>,<function <lambda> at 0x7fa496287a90>,<function <lambda> at 0x7fa496287b30>
34409,2023-12-04 16:00:00,<function <lambda> at 0x7fa4962879f0>,<function <lambda> at 0x7fa496287a90>,<function <lambda> at 0x7fa496287b30>
34410,2023-12-04 17:00:00,<function <lambda> at 0x7fa4962879f0>,<function <lambda> at 0x7fa496287a90>,<function <lambda> at 0x7fa496287b30>
34411,2023-12-04 18:00:00,<function <lambda> at 0x7fa4962879f0>,<function <lambda> at 0x7fa496287a90>,<function <lambda> at 0x7fa496287b30>
34412,2023-12-04 19:00:00,<function <lambda> at 0x7fa4962879f0>,<function <lambda> at 0x7fa496287a90>,<function <lambda> at 0x7fa496287b30>
34413,2023-12-04 20:00:00,<function <lambda> at 0x7fa4962879f0>,<function <lambda> at 0x7fa496287a90>,<function <lambda> at 0x7fa496287b30>
34414,2023-12-04 21:00:00,<function <lambda> at 0x7fa4962879f0>,<function <lambda> at 0x7fa496287a90>,<function <lambda> at 0x7fa496287b30>
34415,2023-12-04 22:00:00,<function <lambda> at 0x7fa4962879f0>,<function <lambda> at 0x7fa496287a90>,<function <lambda> at 0x7fa496287b30>
34416,2023-12-04 23:00:00,<function <lambda> at 0x7fa4962879f0>,<function <lambda> at 0x7fa496287a90>,<function <lambda> at 0x7fa496287b30>
34417,2023-12-05 00:00:00,<function <lambda> at 0x7fa4962879f0>,<function <lambda> at 0x7fa496287a90>,<function <lambda> at 0x7fa496287b30>
34418,2023-12-05 01:00:00,<function <lambda> at 0x7fa4962879f0>,<function <lambda> at 0x7fa496287a90>,<function <lambda> at 0x7fa496287b30>
34419,2023-12-05 02:00:00,<function <lambda> at 0x7fa4962879f0>,<function <lambda> at 0x7fa496287a90>,<function <lambda> at 0x7fa496287b30>
34420,2023-12-05 03:00:00,<function <lambda> at 0x7fa4962879f0>,<function <lambda> at 0x7fa496287a90>,<function <lambda> at 0x7fa496287b30>
34421,2023-12-05 04:00:00,<function <lambda> at 0x7fa4962879f0>,<function <lambda> at 0x7fa496287a90>,<function <lambda> at 0x7fa496287b30>
34422,2023-12-05 05:00:00,<function <lambda> at 0x7fa4962879f0>,<function <lambda> at 0x7fa496287a90>,<function <lambda> at 0x7fa496287b30>
34423,2023-12-05 06:00:00,<function <lambda> at 0x7fa4962879f0>,<function <lambda> at 0x7fa496287a90>,<function <lambda> at 0x7fa496287b30>
34424,2023-12-05 07:00:00,<function <lambda> at 0x7fa4962879f0>,<function <lambda> at 0x7fa496287a90>,<function <lambda> at 0x7fa496287b30>
34425,2023-12-05 08:00:00,<function <lambda> at 0x7fa4962879f0>,<function <lambda> at 0x7fa496287a90>,<function <lambda> at 0x7fa496287b30>
34426,2023-12-05 09:00:00,<function <lambda> at 0x7fa4962879f0>,<function <lambda> at 0x7fa496287a90>,<function <lambda> at 0x7fa496287b30>
34427,2023-12-05 10:00:00,<function <lambda> at 0x7fa4962879f0>,<function <lambda> at 0x7fa496287a90>,<function <lambda> at 0x7fa496287b30>
34428,2023-12-05 11:00:00,<function <lambda> at 0x7fa4962879f0>,<function <lambda> at 0x7fa496287a90>,<function <lambda> at 0x7fa496287b30>
34429,2023-12-05 12:00:00,<function <lambda> at 0x7fa4962879f0>,<function <lambda> at 0x7fa496287a90>,<function <lambda> at 0x7fa496287b30>
34430,2023-12-05 13:00:00,<function <lambda> at 0x7fa4962879f0>,<function <lambda> at 0x7fa496287a90>,<function <lambda> at 0x7fa496287b30>
34431,2023-12-05 14:00:00,<function <lambda> at 0x7fa4962879f0>,<function <lambda> at 0x7fa496287a90>,<function <lambda> at 0x7fa496287b30>
34432,2023-12-05 15:00:00,<function <lambda> at 0x7fa4962879f0>,<function <lambda> at 0x7fa496287a90>,<function <lambda> at 0x7fa496287b30>
34433,2023-12-05 16:00:00,<function <lambda> at 0x7fa4962879f0>,<function <lambda> at 0x7fa496287a90>,<function <lambda> at 0x7fa496287b30>
34434,2023-12-05 17:00:00,<function <lambda> at 0x7fa4962879f0>,<function <lambda> at 0x7fa496287a90>,<function <lambda> at 0x7fa496287b30>
34435,2023-12-05 18:00:00,<function <lambda> at 0x7fa4962879f0>,<function <lambda> at 0x7fa496287a90>,<function <lambda> at 0x7fa496287b30>
34436,2023-12-05 19:00:00,<function <lambda> at 0x7fa4962879f0>,<function <lambda> at 0x7fa496287a90>,<function <lambda> at 0x7fa496287b30>
34437,2023-12-05 20:00:00,<function <lambda> at 0x7fa4962879f0>,<function <lambda> at 0x7fa496287a90>,<function <lambda> at 0x7fa496287b30>
34438,2023-12-05 21:00:00,<function <lambda> at 0x7fa4962879f0>,<function <lambda> at 0x7fa496287a90>,<function <lambda> at 0x7fa496287b30>
34439,2023-12-05 22:00:00,<function <lambda> at 0x7fa4962879f0>,<function <lambda> at 0x7fa496287a90>,<function <lambda> at 0x7fa496287b30>
34440,2023-12-05 23:00:00,<function <lambda> at 0x7fa4962879f0>,<function <lambda> at 0x7fa496287a90>,<function <lambda> at 0x7fa496287b30>
34441,2023-12-06 00:00:00,<function <lambda> at 0x7fa4962879f0>,<function <lambda> at 0x7fa496287a90>,<function <lambda> at 0x7fa496287b30>
34442,2023-12-06 01:00:00,<function <lambda> at 0x7fa4962879f0>,<function <lambda> at 0x7fa496287a90>,<function <lambda> at 0x7fa496287b30>
34443,2023-12-06 02:00:00,<function <lambda> at 0x7fa4962879f0>,<function <lambda> at 0x7fa496287a90>,<function <lambda> at 0x7fa496287b30>
34444,2023-12-06 03:00:00,<function <lambda> at 0x7fa4962879f0>,<function <lambda> at 0x7fa496287a90>,<function <lambda> at 0x7fa496287b30>
34445,2023-12-06 04:00:00,<function <lambda> at 0x7fa4962879f0>,<function <lambda> at 0x7fa496287a90>,<function <lambda> at 0x7fa496287b30>
34446,2023-12-06 05:00:00,<function <lambda> at 0x7fa4962879f0>,<function <lambda> at 0x7fa496287a90>,<function <lambda> at 0x7fa496287b30>
34447,2023-12-06 06:00:00,<function <lambda> at 0x7fa4962879f0>,<function <lambda> at 0x7fa496287a90>,<function <lambda> at 0x7fa496287b30>
34448,2023-12-06 07:00:00,<function <lambda> at 0x7fa4962879f0>,<function <lambda> at 0x7fa496287a90>,<function <lambda> at 0x7fa496287b30>
34449,2023-12-06 08:00:00,<function <lambda> at 0x7fa4962879f0>,<function <lambda> at 0x7fa496287a90>,<function <lambda> at 0x7fa496287b30>
34450,2023-12-06 09:00:00,<function <lambda> at 0x7fa4962879f0>,<function <lambda> at 0x7fa496287a90>,<function <lambda> at 0x7fa496287b30>
34451,2023-12-06 10:00:00,<function <lambda> at 0x7fa4962879f0>,<function <lambda> at 0x7fa496287a90>,<function <lambda> at 0x7fa496287b30>
34452,2023-12-06 11:00:00,<function <lambda> at 0x7fa4962879f0>,<function <lambda> at 0x7fa496287a90>,<function <lambda> at 0x7fa496287b30>
34453,2023-12-06 12:00:00,<function <lambda> at 0x7fa4962879f0>,<function <lambda> at 0x7fa496287a90>,<function <lambda> at 0x7fa496287b30>
34454,2023-12-06 13:00:00,<function <lambda> at 0x7fa4962879f0>,<function <lambda> at 0x7fa496287a90>,<function <lambda> at 0x7fa496287b30>
34455,2023-12-06 14:00:00,<function <lambda> at 0x7fa4962879f0>,<function <lambda> at 0x7fa496287a90>,<function <lambda> at 0x7fa496287b30>
34456,2023-12-06 15:00:00,<function <lambda> at 0x7fa4962879f0>,<function <lambda> at 0x7fa496287a90>,<function <lambda> at 0x7fa496287b30>
34457,2023-12-06 16:00:00,<function <lambda> at 0x7fa4962879f0>,<function <lambda> at 0x7fa496287a90>,<function <lambda> at 0x7fa496287b30>
34458,2023-12-06 17:00:00,<function <lambda> at 0x7fa4962879f0>,<function <lambda> at 0x7fa496287a90>,<function <lambda> at 0x7fa496287b30>
34459,2023-12-06 18:00:00,<function <lambda> at 0x7fa4962879f0>,<function <lambda> at 0x7fa496287a90>,<function <lambda> at 0x7fa496287b30>
34460,2023-12-06 19:00:00,<function <lambda> at 0x7fa4962879f0>,<function <lambda> at 0x7fa496287a90>,<function <lambda> at 0x7fa496287b30>
34461,2023-12-06 20:00:00,<function <lambda> at 0x7fa4962879f0>,<function <lambda> at 0x7fa496287a90>,<function <lambda> at 0x7fa496287b30>
34462,2023-12-06 21:00:00,<function <lambda> at 0x7fa4962879f0>,<function <lambda> at 0x7fa496287a90>,<function <lambda> at 0x7fa496287b30>
34463,2023-12-06 22:00:00,<function <lambda> at 0x7fa4962879f0>,<function <lambda> at 0x7fa496287a90>,<function <lambda> at 0x7fa496287b30>
34464,2023-12-06 23:00:00,<function <lambda> at 0x7fa4962879f0>,<function <lambda> at 0x7fa496287a90>,<function <lambda> at 0x7fa496287b30>
34465,2023-12-07 00:00:00,<function <lambda> at 0x7fa4962879f0>,<function <lambda> at 0x7fa496287a90>,<function <lambda> at 0x7fa496287b30>
34466,2023-12-07 01:00:00,<function <lambda> at 0x7fa4962879f0>,<function <lambda> at 0x7fa496287a90>,<function <lambda> at 0x7fa496287b30>
34467,2023-12-07 02:00:00,<function <lambda> at 0x7fa4962879f0>,<function <lambda> at 0x7fa496287a90>,<function <lambda> at 0x7fa496287b30>
34468,2023-12-07 03:00:00,<function <lambda> at 0x7fa4962879f0>,<function <lambda> at 0x7fa496287a90>,<function <lambda> at 0x7fa496287b30>
34469,2023-12-07 04:00:00,<function <lambda> at 0x7fa4962879f0>,<function <lambda> at 0x7fa496287a90>,<function <lambda> at 0x7fa496287b30>
34470,2023-12-07 05:00:00,<function <lambda> at 0x7fa4962879f0>,<function <lambda> at 0x7fa496287a90>,<function <lambda> at 0x7fa496287b30>
34471,2023-12-07 06:00:00,<function <lambda> at 0x7fa4962879f0>,<function <lambda> at 0x7fa496287a90>,<function <lambda> at 0x7fa496287b30>
34472,2023-12-07 07:00:00,<function <lambda> at 0x7fa4962879f0>,<function <lambda> at 0x7fa496287a90>,<function <lambda> at 0x7fa496287b30>
34473,2023-12-07 08:00:00,<function <lambda> at 0x7fa4962879f0>,<function <lambda> at 0x7fa496287a90>,<function <lambda> at 0x7fa496287b30>
34474,2023-12-07 09:00:00,<function <lambda> at 0x7fa4962879f0>,<function <lambda> at 0x7fa496287a90>,<function <lambda> at 0x7fa496287b30>
34475,2023-12-07 10:00:00,<function <lambda> at 0x7fa4962879f0>,<function <lambda> at 0x7fa496287a90>,<function <lambda> at 0x7fa496287b30>
34476,2023-12-07 11:00:00,<function <lambda> at 0x7fa4962879f0>,<function <lambda> at 0x7fa496287a90>,<function <lambda> at 0x7fa496287b30>
34477,2023-12-07 12:00:00,<function <lambda> at 0x7fa4962879f0>,<function <lambda> at 0x7fa496287a90>,<function <lambda> at 0x7fa496287b30>
34478,2023-12-07 13:00:00,<function <lambda> at 0x7fa4962879f0>,<function <lambda> at 0x7fa496287a90>,<function <lambda> at 0x7fa496287b30>
34479,2023-12-07 14:00:00,<function <lambda> at 0x7fa4962879f0>,<function <lambda> at 0x7fa496287a90>,<function <lambda> at 0x7fa496287b30>
34480,2023-12-07 15:00:00,<function <lambda> at 0x7fa4962879f0>,<function <lambda> at 0x7fa496287a90>,<function <lambda> at 0x7fa496287b30>
34481,2023-12-07 16:00:00,<function <lambda> at 0x7fa4962879f0>,<function <lambda> at 0x7fa496287a90>,<function <lambda> at 0x7fa496287b30>
34482,2023-12-07 17:00:00,<function <lambda> at 0x7fa4962879f0>,<function <lambda> at 0x7fa496287a90>,<function <lambda> at 0x7fa496287b30>
34483,2023-12-07 18:00:00,<function <lambda> at 0x7fa4962879f0>,<function <lambda> at 0x7fa496287a90>,<function <lambda> at 0x7fa496287b30>
34484,2023-12-07 19:00:00,<function <lambda> at 0x7fa4962879f0>,<function <lambda> at 0x7fa496287a90>,<function <lambda> at 0x7fa496287b30>
34485,2023-12-07 20:00:00,<function <lambda> at 0x7fa4962879f0>,<function <lambda> at 0x7fa496287a90>,<function <lambda> at 0x7fa496287b30>
34486,2023-12-07 21:00:00,<function <lambda> at 0x7fa4962879f0>,<function <lambda> at 0x7fa496287a90>,<function <lambda> at 0x7fa496287b30>
34487,2023-12-07 22:00:00,<function <lambda> at 0x7fa4962879f0>,<function <lambda> at 0x7fa496287a90>,<function <lambda> at 0x7fa496287b30>
34488,2023-12-07 23:00:00,<function <lambda> at 0x7fa4962879f0>,<function <lambda> at 0x7fa496287a90>,<function <lambda> at 0x7fa496287b30>
34489,2023-12-08 00:00:00,<function <lambda> at 0x7fa4962879f0>,<function <lambda> at 0x7fa496287a90>,<function <lambda> at 0x7fa496287b30>
34490,2023-12-08 01:00:00,<function <lambda> at 0x7fa4962879f0>,<function <lambda> at 0x7fa496287a90>,<function <lambda> at 0x7fa496287b30>
34491,2023-12-08 02:00:00,<function <lambda> at 0x7fa4962879f0>,<function <lambda> at 0x7fa496287a90>,<function <lambda> at 0x7fa496287b30>
34492,2023-12-08 03:00:00,<function <lambda> at 0x7fa4962879f0>,<function <lambda> at 0x7fa496287a90>,<function <lambda> at 0x7fa496287b30>
34493,2023-12-08 04:00:00,<function <lambda> at 0x7fa4962879f0>,<function <lambda> at 0x7fa496287a90>,<function <lambda> at 0x7fa496287b30>
34494,2023-12-08 05:00:00,<function <lambda> at 0x7fa4962879f0>,<function <lambda> at 0x7fa496287a90>,<function <lambda> at 0x7fa496287b30>
34495,2023-12-08 06:00:00,<function <lambda> at 0x7fa4962879f0>,<function <lambda> at 0x7fa496287a90>,<function <lambda> at 0x7fa496287b30>
34496,2023-12-08 07:00:00,<function <lambda> at 0x7fa4962879f0>,<function <lambda> at 0x7fa496287a90>,<function <lambda> at 0x7fa496287b30>
34497,2023-12-08 08:00:00,<function <lambda> at 0x7fa4962879f0>,<function <lambda> at 0x7fa496287a90>,<function <lambda> at 0x7fa496287b30>
34498,2023-12-08 09:00:00,<function <lambda> at 0x7fa4962879f0>,<function <lambda> at 0x7fa496287a90>,<function <lambda> at 0x7fa496287b30>
34499,2023-12-08 10:00:00,<function <lambda> at 0x7fa4962879f0>,<function <lambda> at 0x7fa496287a90>,<function <lambda> at 0x7fa496287b30>
34500,2023-12-08 11:00:00,<function <lambda> at 0x7fa4962879f0>,<function <lambda> at 0x7fa496287a90>,<function <lambda> at 0x7fa496287b30>
34501,2023-12-08 12:00:00,<function <lambda> at 0x7fa4962879f0>,<function <lambda> at 0x7fa496287a90>,<function <lambda> at 0x7fa496287b30>
34502,2023-12-08 13:00:00,<function <lambda> at 0x7fa4962879f0>,<function <lambda> at 0x7fa496287a90>,<function <lambda> at 0x7fa496287b30>
34503,2023-12-08 14:00:00,<function <lambda> at 0x7fa4962879f0>,<function <lambda> at 0x7fa496287a90>,<function <lambda> at 0x7fa496287b30>
34504,2023-12-08 15:00:00,<function <lambda> at 0x7fa4962879f0>,<function <lambda> at 0x7fa496287a90>,<function <lambda> at 0x7fa496287b30>
34505,2023-12-08 16:00:00,<function <lambda> at 0x7fa4962879f0>,<function <lambda> at 0x7fa496287a90>,<function <lambda> at 0x7fa496287b30>
34506,2023-12-08 17:00:00,<function <lambda> at 0x7fa4962879f0>,<function <lambda> at 0x7fa496287a90>,<function <lambda> at 0x7fa496287b30>
34507,2023-12-08 18:00:00,<function <lambda> at 0x7fa4962879f0>,<function <lambda> at 0x7fa496287a90>,<function <lambda> at 0x7fa496287b30>
34508,2023-12-08 19:00:00,<function <lambda> at 0x7fa4962879f0>,<function <lambda> at 0x7fa496287a90>,<function <lambda> at 0x7fa496287b30>
34509,2023-12-08 20:00:00,<function <lambda> at 0x7fa4962879f0>,<function <lambda> at 0x7fa496287a90>,<function <lambda> at 0x7fa496287b30>
34510,2023-12-08 21:00:00,<function <lambda> at 0x7fa4962879f0>,<function <lambda> at 0x7fa496287a90>,<function <lambda> at 0x7fa496287b30>
34511,2023-12-08 22:00:00,<function <lambda> at 0x7fa4962879f0>,<function <lambda> at 0x7fa496287a90>,<function <lambda> at 0x7fa496287b30>
34512,2023-12-08 23:00:00,<function <lambda> at 0x7fa4962879f0>,<function <lambda> at 0x7fa496287a90>,<function <lambda> at 0x7fa496287b30>
34513,2023-12-09 00:00:00,<function <lambda> at 0x7fa4962879f0>,<function <lambda> at 0x7fa496287a90>,<function <lambda> at 0x7fa496287b30>
34514,2023-12-09 01:00:00,<function <lambda> at 0x7fa4962879f0>,<function <lambda> at 0x7fa496287a90>,<function <lambda> at 0x7fa496287b30>
34515,2023-12-09 02:00:00,<function <lambda> at 0x7fa4962879f0>,<function <lambda> at 0x7fa496287a90>,<function <lambda> at 0x7fa496287b30>
34516,2023-12-09 03:00:00,<function <lambda> at 0x7fa4962879f0>,<function <lambda> at 0x7fa496287a90>,<function <lambda> at 0x7fa496287b30>
34517,2023-12-09 04:00:00,<function <lambda> at 0x7fa4962879f0>,<function <lambda> at 0x7fa496287a90>,<function <lambda> at 0x7fa496287b30>
34518,2023-12-09 05:00:00,<function <lambda> at 0x7fa4962879f0>,<function <lambda> at 0x7fa496287a90>,<function <lambda> at 0x7fa496287b30>
34519,2023-12-09 06:00:00,<function <lambda> at 0x7fa4962879f0>,<function <lambda> at 0x7fa496287a90>,<function <lambda> at 0x7fa496287b30>
34520,2023-12-09 07:00:00,<function <lambda> at 0x7fa4962879f0>,<function <lambda> at 0x7fa496287a90>,<function <lambda> at 0x7fa496287b30>
34521,2023-12-09 08:00:00,<function <lambda> at 0x7fa4962879f0>,<function <lambda> at 0x7fa496287a90>,<function <lambda> at 0x7fa496287b30>
34522,2023-12-09 09:00:00,<function <lambda> at 0x7fa4962879f0>,<function <lambda> at 0x7fa496287a90>,<function <lambda> at 0x7fa496287b30>
34523,2023-12-09 10:00:00,<function <lambda> at 0x7fa4962879f0>,<function <lambda> at 0x7fa496287a90>,<function <lambda> at 0x7fa496287b30>
34524,2023-12-09 11:00:00,<function <lambda> at 0x7fa4962879f0>,<function <lambda> at 0x7fa496287a90>,<function <lambda> at 0x7fa496287b30>
34525,2023-12-09 12:00:00,<function <lambda> at 0x7fa4962879f0>,<function <lambda> at 0x7fa496287a90>,<function <lambda> at 0x7fa496287b30>
34526,2023-12-09 13:00:00,<function <lambda> at 0x7fa4962879f0>,<function <lambda> at 0x7fa496287a90>,<function <lambda> at 0x7fa496287b30>
34527,2023-12-09 14:00:00,<function <lambda> at 0x7fa4962879f0>,<function <lambda> at 0x7fa496287a90>,<function <lambda> at 0x7fa496287b30>
34528,2023-12-09 15:00:00,<function <lambda> at 0x7fa4962879f0>,<function <lambda> at 0x7fa496287a90>,<function <lambda> at 0x7fa496287b30>
34529,2023-12-09 16:00:00,<function <lambda> at 0x7fa4962879f0>,<function <lambda> at 0x7fa496287a90>,<function <lambda> at 0x7fa496287b30>
34530,2023-12-09 17:00:00,<function <lambda> at 0x7fa4962879f0>,<function <lambda> at 0x7fa496287a90>,<function <lambda> at 0x7fa496287b30>
34531,2023-12-09 18:00:00,<function <lambda> at 0x7fa4962879f0>,<function <lambda> at 0x7fa496287a90>,<function <lambda> at 0x7fa496287b30>
34532,2023-12-09 19:00:00,<function <lambda> at 0x7fa4962879f0>,<function <lambda> at 0x7fa496287a90>,<function <lambda> at 0x7fa496287b30>
34533,2023-12-09 20:00:00,<function <lambda> at 0x7fa4962879f0>,<function <lambda> at 0x7fa496287a90>,<function <lambda> at 0x7fa496287b30>
34534,2023-12-09 21:00:00,<function <lambda> at 0x7fa4962879f0>,<function <lambda> at 0x7fa496287a90>,<function <lambda> at 0x7fa496287b30>
34535,2023-12-09 22:00:00,<function <lambda> at 0x7fa4962879f0>,<function <lambda> at 0x7fa496287a90>,<function <lambda> at 0x7fa496287b30>
34536,2023-12-09 23:00:00,<function <lambda> at 0x7fa4962879f0>,<function <lambda> at 0x7fa496287a90>,<function <lambda> at 0x7fa496287b30>
34537,2023-12-10 00:00:00,<function <lambda> at 0x7fa4962879f0>,<function <lambda> at 0x7fa496287a90>,<function <lambda> at 0x7fa496287b30>
34538,2023-12-10 01:00:00,<function <lambda> at 0x7fa4962879f0>,<function <lambda> at 0x7fa496287a90>,<function <lambda> at 0x7fa496287b30>
34539,2023-12-10 02:00:00,<function <lambda> at 0x7fa4962879f0>,<function <lambda> at 0x7fa496287a90>,<function <lambda> at 0x7fa496287b30>
34540,2023-12-10 03:00:00,<function <lambda> at 0x7fa4962879f0>,<function <lambda> at 0x7fa496287a90>,<function <lambda> at 0x7fa496287b30>
34541,2023-12-10 04:00:00,<function <lambda> at 0x7fa4962879f0>,<function <lambda> at 0x7fa496287a90>,<function <lambda> at 0x7fa496287b30>
34542,2023-12-10 05:00:00,<function <lambda> at 0x7fa4962879f0>,<function <lambda> at 0x7fa496287a90>,<function <lambda> at 0x7fa496287b30>
34543,2023-12-10 06:00:00,<function <lambda> at 0x7fa4962879f0>,<function <lambda> at 0x7fa496287a90>,<function <lambda> at 0x7fa496287b30>
34544,2023-12-10 07:00:00,<function <lambda> at 0x7fa4962879f0>,<function <lambda> at 0x7fa496287a90>,<function <lambda> at 0x7fa496287b30>
34545,2023-12-10 08:00:00,<function <lambda> at 0x7fa4962879f0>,<function <lambda> at 0x7fa496287a90>,<function <lambda> at 0x7fa496287b30>
34546,2023-12-10 09:00:00,<function <lambda> at 0x7fa4962879f0>,<function <lambda> at 0x7fa496287a90>,<function <lambda> at 0x7fa496287b30>
34547,2023-12-10 10:00:00,<function <lambda> at 0x7fa4962879f0>,<function <lambda> at 0x7fa496287a90>,<function <lambda> at 0x7fa496287b30>
34548,2023-12-10 11:00:00,<function <lambda> at 0x7fa4962879f0>,<function <lambda> at 0x7fa496287a90>,<function <lambda> at 0x7fa496287b30>
34549,2023-12-10 12:00:00,<function <lambda> at 0x7fa4962879f0>,<function <lambda> at 0x7fa496287a90>,<function <lambda> at 0x7fa496287b30>
34550,2023-12-10 13:00:00,<function <lambda> at 0x7fa4962879f0>,<function <lambda> at 0x7fa496287a90>,<function <lambda> at 0x7fa496287b30>
34551,2023-12-10 14:00:00,<function <lambda> at 0x7fa4962879f0>,<function <lambda> at 0x7fa496287a90>,<function <lambda> at 0x7fa496287b30>
34552,2023-12-10 15:00:00,<function <lambda> at 0x7fa4962879f0>,<function <lambda> at 0x7fa496287a90>,<function <lambda> at 0x7fa496287b30>
34553,2023-12-10 16:00:00,<function <lambda> at 0x7fa4962879f0>,<function <lambda> at 0x7fa496287a90>,<function <lambda> at 0x7fa496287b30>
34554,2023-12-10 17:00:00,<function <lambda> at 0x7fa4962879f0>,<function <lambda> at 0x7fa496287a90>,<function <lambda> at 0x7fa496287b30>
34555,2023-12-10 18:00:00,<function <lambda> at 0x7fa4962879f0>,<function <lambda> at 0x7fa496287a90>,<function <lambda> at 0x7fa496287b30>
34556,2023-12-10 19:00:00,<function <lambda> at 0x7fa4962879f0>,<function <lambda> at 0x7fa496287a90>,<function <lambda> at 0x7fa496287b30>
34557,2023-12-10 20:00:00,<function <lambda> at 0x7fa4962879f0>,<function <lambda> at 0x7fa496287a90>,<function <lambda> at 0x7fa496287b30>
34558,2023-12-10 21:00:00,<function <lambda> at 0x7fa4962879f0>,<function <lambda> at 0x7fa496287a90>,<function <lambda> at 0x7fa496287b30>
34559,2023-12-10 22:00:00,<function <lambda> at 0x7fa4962879f0>,<function <lambda> at 0x7fa496287a90>,<function <lambda> at 0x7fa496287b30>
34560,2023-12-10 23:00:00,<function <lambda> at 0x7fa4962879f0>,<function <lambda> at 0x7fa496287a90>,<function <lambda> at 0x7fa496287b30>
34561,2023-12-11 00:00:00,<function <lambda> at 0x7fa4962879f0>,<function <lambda> at 0x7fa496287a90>,<function <lambda> at 0x7fa496287b30>
34562,2023-12-11 01:00:00,<function <lambda> at 0x7fa4962879f0>,<function <lambda> at 0x7fa496287a90>,<function <lambda> at 0x7fa496287b30>
34563,2023-12-11 02:00:00,<function <lambda> at 0x7fa4962879f0>,<function <lambda> at 0x7fa496287a90>,<function <lambda> at 0x7fa496287b30>
34564,2023-12-11 03:00:00,<function <lambda> at 0x7fa4962879f0>,<function <lambda> at 0x7fa496287a90>,<function <lambda> at 0x7fa496287b30>
34565,2023-12-11 04:00:00,<function <lambda> at 0x7fa4962879f0>,<function <lambda> at 0x7fa496287a90>,<function <lambda> at 0x7fa496287b30>
34566,2023-12-11 05:00:00,<function <lambda> at 0x7fa4962879f0>,<function <lambda> at 0x7fa496287a90>,<function <lambda> at 0x7fa496287b30>
34567,2023-12-11 06:00:00,<function <lambda> at 0x7fa4962879f0>,<function <lambda> at 0x7fa496287a90>,<function <lambda> at 0x7fa496287b30>
34568,2023-12-11 07:00:00,<function <lambda> at 0x7fa4962879f0>,<function <lambda> at 0x7fa496287a90>,<function <lambda> at 0x7fa496287b30>
34569,2023-12-11 08:00:00,<function <lambda> at 0x7fa4962879f0>,<function <lambda> at 0x7fa496287a90>,<function <lambda> at 0x7fa496287b30>
34570,2023-12-11 09:00:00,<function <lambda> at 0x7fa4962879f0>,<function <lambda> at 0x7fa496287a90>,<function <lambda> at 0x7fa496287b30>
34571,2023-12-11 10:00:00,<function <lambda> at 0x7fa4962879f0>,<function <lambda> at 0x7fa496287a90>,<function <lambda> at 0x7fa496287b30>
34572,2023-12-11 11:00:00,<function <lambda> at 0x7fa4962879f0>,<function <lambda> at 0x7fa496287a90>,<function <lambda> at 0x7fa496287b30>
34573,2023-12-11 12:00:00,<function <lambda> at 0x7fa4962879f0>,<function <lambda> at 0x7fa496287a90>,<function <lambda> at 0x7fa496287b30>
34574,2023-12-11 13:00:00,<function <lambda> at 0x7fa4962879f0>,<function <lambda> at 0x7fa496287a90>,<function <lambda> at 0x7fa496287b30>
34575,2023-12-11 14:00:00,<function <lambda> at 0x7fa4962879f0>,<function <lambda> at 0x7fa496287a90>,<function <lambda> at 0x7fa496287b30>
34576,2023-12-11 15:00:00,<function <lambda> at 0x7fa4962879f0>,<function <lambda> at 0x7fa496287a90>,<function <lambda> at 0x7fa496287b30>
34577,2023-12-11 16:00:00,<function <lambda> at 0x7fa4962879f0>,<function <lambda> at 0x7fa496287a90>,<function <lambda> at 0x7fa496287b30>
34578,2023-12-11 17:00:00,<function <lambda> at 0x7fa4962879f0>,<function <lambda> at 0x7fa496287a90>,<function <lambda> at 0x7fa496287b30>
34579,2023-12-11 18:00:00,<function <lambda> at 0x7fa4962879f0>,<function <lambda> at 0x7fa496287a90>,<function <lambda> at 0x7fa496287b30>
34580,2023-12-11 19:00:00,<function <lambda> at 0x7fa4962879f0>,<function <lambda> at 0x7fa496287a90>,<function <lambda> at 0x7fa496287b30>
34581,2023-12-11 20:00:00,<function <lambda> at 0x7fa4962879f0>,<function <lambda> at 0x7fa496287a90>,<function <lambda> at 0x7fa496287b30>
34582,2023-12-11 21:00:00,<function <lambda> at 0x7fa4962879f0>,<function <lambda> at 0x7fa496287a90>,<function <lambda> at 0x7fa496287b30>
34583,2023-12-11 22:00:00,<function <lambda> at 0x7fa4962879f0>,<function <lambda> at 0x7fa496287a90>,<function <lambda> at 0x7fa496287b30>
34584,2023-12-11 23:00:00,<function <lambda> at 0x7fa4962879f0>,<function <lambda> at 0x7fa496287a90>,<function <lambda> at 0x7fa496287b30>
34585,2023-12-12 00:00:00,<function <lambda> at 0x7fa4962879f0>,<function <lambda> at 0x7fa496287a90>,<function <lambda> at 0x7fa496287b30>
34586,2023-12-12 01:00:00,<function <lambda> at 0x7fa4962879f0>,<function <lambda> at 0x7fa496287a90>,<function <lambda> at 0x7fa496287b30>
34587,2023-12-12 02:00:00,<function <lambda> at 0x7fa4962879f0>,<function <lambda> at 0x7fa496287a90>,<function <lambda> at 0x7fa496287b30>
34588,2023-12-12 03:00:00,<function <lambda> at 0x7fa4962879f0>,<function <lambda> at 0x7fa496287a90>,<function <lambda> at 0x7fa496287b30>
34589,2023-12-12 04:00:00,<function <lambda> at 0x7fa4962879f0>,<function <lambda> at 0x7fa496287a90>,<function <lambda> at 0x7fa496287b30>
34590,2023-12-12 05:00:00,<function <lambda> at 0x7fa4962879f0>,<function <lambda> at 0x7fa496287a90>,<function <lambda> at 0x7fa496287b30>
34591,2023-12-12 06:00:00,<function <lambda> at 0x7fa4962879f0>,<function <lambda> at 0x7fa496287a90>,<function <lambda> at 0x7fa496287b30>
34592,2023-12-12 07:00:00,<function <lambda> at 0x7fa4962879f0>,<function <lambda> at 0x7fa496287a90>,<function <lambda> at 0x7fa496287b30>
34593,2023-12-12 08:00:00,<function <lambda> at 0x7fa4962879f0>,<function <lambda> at 0x7fa496287a90>,<function <lambda> at 0x7fa496287b30>
34594,2023-12-12 09:00:00,<function <lambda> at 0x7fa4962879f0>,<function <lambda> at 0x7fa496287a90>,<function <lambda> at 0x7fa496287b30>
34595,2023-12-12 10:00:00,<function <lambda> at 0x7fa4962879f0>,<function <lambda> at 0x7fa496287a90>,<function <lambda> at 0x7fa496287b30>
34596,2023-12-12 11:00:00,<function <lambda> at 0x7fa4962879f0>,<function <lambda> at 0x7fa496287a90>,<function <lambda> at 0x7fa496287b30>
34597,2023-12-12 12:00:00,<function <lambda> at 0x7fa4962879f0>,<function <lambda> at 0x7fa496287a90>,<function <lambda> at 0x7fa496287b30>
34598,2023-12-12 13:00:00,<function <lambda> at 0x7fa4962879f0>,<function <lambda> at 0x7fa496287a90>,<function <lambda> at 0x7fa496287b30>
34599,2023-12-12 14:00:00,<function <lambda> at 0x7fa4962879f0>,<function <lambda> at 0x7fa496287a90>,<function <lambda> at 0x7fa496287b30>
34600,2023-12-12 15:00:00,<function <lambda> at 0x7fa4962879f0>,<function <lambda> at 0x7fa496287a90>,<function <lambda> at 0x7fa496287b30>
34601,2023-12-12 16:00:00,<function <lambda> at 0x7fa4962879f0>,<function <lambda> at 0x7fa496287a90>,<function <lambda> at 0x7fa496287b30>
34602,2023-12-12 17:00:00,<function <lambda> at 0x7fa4962879f0>,<function <lambda> at 0x7fa496287a90>,<function <lambda> at 0x7fa496287b30>
34603,2023-12-12 18:00:00,<function <lambda> at 0x7fa4962879f0>,<function <lambda> at 0x7fa496287a90>,<function <lambda> at 0x7fa496287b30>
34604,2023-12-12 19:00:00,<function <lambda> at 0x7fa4962879f0>,<function <lambda> at 0x7fa496287a90>,<function <lambda> at 0x7fa496287b30>
34605,2023-12-12 20:00:00,<function <lambda> at 0x7fa4962879f0>,<function <lambda> at 0x7fa496287a90>,<function <lambda> at 0x7fa496287b30>
34606,2023-12-12 21:00:00,<function <lambda> at 0x7fa4962879f0>,<function <lambda> at 0x7fa496287a90>,<function <lambda> at 0x7fa496287b30>
34607,2023-12-12 22:00:00,<function <lambda> at 0x7fa4962879f0>,<function <lambda> at 0x7fa496287a90>,<function <lambda> at 0x7fa496287b30>
34608,2023-12-12 23:00:00,<function <lambda> at 0x7fa4962879f0>,<function <lambda> at 0x7fa496287a90>,<function <lambda> at 0x7fa496287b30>
34609,2023-12-13 00:00:00,<function <lambda> at 0x7fa4962879f0>,<function <lambda> at 0x7fa496287a90>,<function <lambda> at 0x7fa496287b30>
34610,2023-12-13 01:00:00,<function <lambda> at 0x7fa4962879f0>,<function <lambda> at 0x7fa496287a90>,<function <lambda> at 0x7fa496287b30>
34611,2023-12-13 02:00:00,<function <lambda> at 0x7fa4962879f0>,<function <lambda> at 0x7fa496287a90>,<function <lambda> at 0x7fa496287b30>
34612,2023-12-13 03:00:00,<function <lambda> at 0x7fa4962879f0>,<function <lambda> at 0x7fa496287a90>,<function <lambda> at 0x7fa496287b30>
34613,2023-12-13 04:00:00,<function <lambda> at 0x7fa4962879f0>,<function <lambda> at 0x7fa496287a90>,<function <lambda> at 0x7fa496287b30>
34614,2023-12-13 05:00:00,<function <lambda> at 0x7fa4962879f0>,<function <lambda> at 0x7fa496287a90>,<function <lambda> at 0x7fa496287b30>
34615,2023-12-13 06:00:00,<function <lambda> at 0x7fa4962879f0>,<function <lambda> at 0x7fa496287a90>,<function <lambda> at 0x7fa496287b30>
34616,2023-12-13 07:00:00,<function <lambda> at 0x7fa4962879f0>,<function <lambda> at 0x7fa496287a90>,<function <lambda> at 0x7fa496287b30>
34617,2023-12-13 08:00:00,<function <lambda> at 0x7fa4962879f0>,<function <lambda> at 0x7fa496287a90>,<function <lambda> at 0x7fa496287b30>
34618,2023-12-13 09:00:00,<function <lambda> at 0x7fa4962879f0>,<function <lambda> at 0x7fa496287a90>,<function <lambda> at 0x7fa496287b30>
34619,2023-12-13 10:00:00,<function <lambda> at 0x7fa4962879f0>,<function <lambda> at 0x7fa496287a90>,<function <lambda> at 0x7fa496287b30>
34620,2023-12-13 11:00:00,<function <lambda> at 0x7fa4962879f0>,<function <lambda> at 0x7fa496287a90>,<function <lambda> at 0x7fa496287b30>
34621,2023-12-13 12:00:00,<function <lambda> at 0x7fa4962879f0>,<function <lambda> at 0x7fa496287a90>,<function <lambda> at 0x7fa496287b30>
34622,2023-12-13 13:00:00,<function <lambda> at 0x7fa4962879f0>,<function <lambda> at 0x7fa496287a90>,<function <lambda> at 0x7fa496287b30>
34623,2023-12-13 14:00:00,<function <lambda> at 0x7fa4962879f0>,<function <lambda> at 0x7fa496287a90>,<function <lambda> at 0x7fa496287b30>
34624,2023-12-13 15:00:00,<function <lambda> at 0x7fa4962879f0>,<function <lambda> at 0x7fa496287a90>,<function <lambda> at 0x7fa496287b30>
34625,2023-12-13 16:00:00,<function <lambda> at 0x7fa4962879f0>,<function <lambda> at 0x7fa496287a90>,<function <lambda> at 0x7fa496287b30>
34626,2023-12-13 17:00:00,<function <lambda> at 0x7fa4962879f0>,<function <lambda> at 0x7fa496287a90>,<function <lambda> at 0x7fa496287b30>
34627,2023-12-13 18:00:00,<function <lambda> at 0x7fa4962879f0>,<function <lambda> at 0x7fa496287a90>,<function <lambda> at 0x7fa496287b30>
34628,2023-12-13 19:00:00,<function <lambda> at 0x7fa4962879f0>,<function <lambda> at 0x7fa496287a90>,<function <lambda> at 0x7fa496287b30>
34629,2023-12-13 20:00:00,<function <lambda> at 0x7fa4962879f0>,<function <lambda> at 0x7fa496287a90>,<function <lambda> at 0x7fa496287b30>
34630,2023-12-13 21:00:00,<function <lambda> at 0x7fa4962879f0>,<function <lambda> at 0x7fa496287a90>,<function <lambda> at 0x7fa496287b30>
34631,2023-12-13 22:00:00,<function <lambda> at 0x7fa4962879f0>,<function <lambda> at 0x7fa496287a90>,<function <lambda> at 0x7fa496287b30>
34632,2023-12-13 23:00:00,<function <lambda> at 0x7fa4962879f0>,<function <lambda> at 0x7fa496287a90>,<function <lambda> at 0x7fa496287b30>
34633,2023-12-14 00:00:00,<function <lambda> at 0x7fa4962879f0>,<function <lambda> at 0x7fa496287a90>,<function <lambda> at 0x7fa496287b30>
34634,2023-12-14 01:00:00,<function <lambda> at 0x7fa4962879f0>,<function <lambda> at 0x7fa496287a90>,<function <lambda> at 0x7fa496287b30>
34635,2023-12-14 02:00:00,<function <lambda> at 0x7fa4962879f0>,<function <lambda> at 0x7fa496287a90>,<function <lambda> at 0x7fa496287b30>
34636,2023-12-14 03:00:00,<function <lambda> at 0x7fa4962879f0>,<function <lambda> at 0x7fa496287a90>,<function <lambda> at 0x7fa496287b30>
34637,2023-12-14 04:00:00,<function <lambda> at 0x7fa4962879f0>,<function <lambda> at 0x7fa496287a90>,<function <lambda> at 0x7fa496287b30>
34638,2023-12-14 05:00:00,<function <lambda> at 0x7fa4962879f0>,<function <lambda> at 0x7fa496287a90>,<function <lambda> at 0x7fa496287b30>
34639,2023-12-14 06:00:00,<function <lambda> at 0x7fa4962879f0>,<function <lambda> at 0x7fa496287a90>,<function <lambda> at 0x7fa496287b30>
34640,2023-12-14 07:00:00,<function <lambda> at 0x7fa4962879f0>,<function <lambda> at 0x7fa496287a90>,<function <lambda> at 0x7fa496287b30>
34641,2023-12-14 08:00:00,<function <lambda> at 0x7fa4962879f0>,<function <lambda> at 0x7fa496287a90>,<function <lambda> at 0x7fa496287b30>
34642,2023-12-14 09:00:00,<function <lambda> at 0x7fa4962879f0>,<function <lambda> at 0x7fa496287a90>,<function <lambda> at 0x7fa496287b30>
34643,2023-12-14 10:00:00,<function <lambda> at 0x7fa4962879f0>,<function <lambda> at 0x7fa496287a90>,<function <lambda> at 0x7fa496287b30>
34644,2023-12-14 11:00:00,<function <lambda> at 0x7fa4962879f0>,<function <lambda> at 0x7fa496287a90>,<function <lambda> at 0x7fa496287b30>
34645,2023-12-14 12:00:00,<function <lambda> at 0x7fa4962879f0>,<function <lambda> at 0x7fa496287a90>,<function <lambda> at 0x7fa496287b30>
34646,2023-12-14 13:00:00,<function <lambda> at 0x7fa4962879f0>,<function <lambda> at 0x7fa496287a90>,<function <lambda> at 0x7fa496287b30>
34647,2023-12-14 14:00:00,<function <lambda> at 0x7fa4962879f0>,<function <lambda> at 0x7fa496287a90>,<function <lambda> at 0x7fa496287b30>
34648,2023-12-14 15:00:00,<function <lambda> at 0x7fa4962879f0>,<function <lambda> at 0x7fa496287a90>,<function <lambda> at 0x7fa496287b30>
34649,2023-12-14 16:00:00,<function <lambda> at 0x7fa4962879f0>,<function <lambda> at 0x7fa496287a90>,<function <lambda> at 0x7fa496287b30>
34650,2023-12-14 17:00:00,<function <lambda> at 0x7fa4962879f0>,<function <lambda> at 0x7fa496287a90>,<function <lambda> at 0x7fa496287b30>
34651,2023-12-14 18:00:00,<function <lambda> at 0x7fa4962879f0>,<function <lambda> at 0x7fa496287a90>,<function <lambda> at 0x7fa496287b30>
34652,2023-12-14 19:00:00,<function <lambda> at 0x7fa4962879f0>,<function <lambda> at 0x7fa496287a90>,<function <lambda> at 0x7fa496287b30>
34653,2023-12-14 20:00:00,<function <lambda> at 0x7fa4962879f0>,<function <lambda> at 0x7fa496287a90>,<function <lambda> at 0x7fa496287b30>
34654,2023-12-14 21:00:00,<function <lambda> at 0x7fa4962879f0>,<function <lambda> at 0x7fa496287a90>,<function <lambda> at 0x7fa496287b30>
34655,2023-12-14 22:00:00,<function <lambda> at 0x7fa4962879f0>,<function <lambda> at 0x7fa496287a90>,<function <lambda> at 0x7fa496287b30>
34656,2023-12-14 23:00:00,<function <lambda> at 0x7fa4962879f0>,<function <lambda> at 0x7fa496287a90>,<function <lambda> at 0x7fa496287b30>
34657,2023-12-15 00:00:00,<function <lambda> at 0x7fa4962879f0>,<function <lambda> at 0x7fa496287a90>,<function <lambda> at 0x7fa496287b30>
34658,2023-12-15 01:00:00,<function <lambda> at 0x7fa4962879f0>,<function <lambda> at 0x7fa496287a90>,<function <lambda> at 0x7fa496287b30>
34659,2023-12-15 02:00:00,<function <lambda> at 0x7fa4962879f0>,<function <lambda> at 0x7fa496287a90>,<function <lambda> at 0x7fa496287b30>
34660,2023-12-15 03:00:00,<function <lambda> at 0x7fa4962879f0>,<function <lambda> at 0x7fa496287a90>,<function <lambda> at 0x7fa496287b30>
34661,2023-12-15 04:00:00,<function <lambda> at 0x7fa4962879f0>,<function <lambda> at 0x7fa496287a90>,<function <lambda> at 0x7fa496287b30>
34662,2023-12-15 05:00:00,<function <lambda> at 0x7fa4962879f0>,<function <lambda> at 0x7fa496287a90>,<function <lambda> at 0x7fa496287b30>
34663,2023-12-15 06:00:00,<function <lambda> at 0x7fa4962879f0>,<function <lambda> at 0x7fa496287a90>,<function <lambda> at 0x7fa496287b30>
34664,2023-12-15 07:00:00,<function <lambda> at 0x7fa4962879f0>,<function <lambda> at 0x7fa496287a90>,<function <lambda> at 0x7fa496287b30>
34665,2023-12-15 08:00:00,<function <lambda> at 0x7fa4962879f0>,<function <lambda> at 0x7fa496287a90>,<function <lambda> at 0x7fa496287b30>
34666,2023-12-15 09:00:00,<function <lambda> at 0x7fa4962879f0>,<function <lambda> at 0x7fa496287a90>,<function <lambda> at 0x7fa496287b30>
34667,2023-12-15 10:00:00,<function <lambda> at 0x7fa4962879f0>,<function <lambda> at 0x7fa496287a90>,<function <lambda> at 0x7fa496287b30>
34668,2023-12-15 11:00:00,<function <lambda> at 0x7fa4962879f0>,<function <lambda> at 0x7fa496287a90>,<function <lambda> at 0x7fa496287b30>
34669,2023-12-15 12:00:00,<function <lambda> at 0x7fa4962879f0>,<function <lambda> at 0x7fa496287a90>,<function <lambda> at 0x7fa496287b30>
34670,2023-12-15 13:00:00,<function <lambda> at 0x7fa4962879f0>,<function <lambda> at 0x7fa496287a90>,<function <lambda> at 0x7fa496287b30>
34671,2023-12-15 14:00:00,<function <lambda> at 0x7fa4962879f0>,<function <lambda> at 0x7fa496287a90>,<function <lambda> at 0x7fa496287b30>
34672,2023-12-15 15:00:00,<function <lambda> at 0x7fa4962879f0>,<function <lambda> at 0x7fa496287a90>,<function <lambda> at 0x7fa496287b30>
34673,2023-12-15 16:00:00,<function <lambda> at 0x7fa4962879f0>,<function <lambda> at 0x7fa496287a90>,<function <lambda> at 0x7fa496287b30>
34674,2023-12-15 17:00:00,<function <lambda> at 0x7fa4962879f0>,<function <lambda> at 0x7fa496287a90>,<function <lambda> at 0x7fa496287b30>
34675,2023-12-15 18:00:00,<function <lambda> at 0x7fa4962879f0>,<function <lambda> at 0x7fa496287a90>,<function <lambda> at 0x7fa496287b30>
34676,2023-12-15 19:00:00,<function <lambda> at 0x7fa4962879f0>,<function <lambda> at 0x7fa496287a90>,<function <lambda> at 0x7fa496287b30>
34677,2023-12-15 20:00:00,<function <lambda> at 0x7fa4962879f0>,<function <lambda> at 0x7fa496287a90>,<function <lambda> at 0x7fa496287b30>
34678,2023-12-15 21:00:00,<function <lambda> at 0x7fa4962879f0>,<function <lambda> at 0x7fa496287a90>,<function <lambda> at 0x7fa496287b30>
34679,2023-12-15 22:00:00,<function <lambda> at 0x7fa4962879f0>,<function <lambda> at 0x7fa496287a90>,<function <lambda> at 0x7fa496287b30>
34680,2023-12-15 23:00:00,<function <lambda> at 0x7fa4962879f0>,<function <lambda> at 0x7fa496287a90>,<function <lambda> at 0x7fa496287b30>
34681,2023-12-16 00:00:00,<function <lambda> at 0x7fa4962879f0>,<function <lambda> at 0x7fa496287a90>,<function <lambda> at 0x7fa496287b30>
34682,2023-12-16 01:00:00,<function <lambda> at 0x7fa4962879f0>,<function <lambda> at 0x7fa496287a90>,<function <lambda> at 0x7fa496287b30>
34683,2023-12-16 02:00:00,<function <lambda> at 0x7fa4962879f0>,<function <lambda> at 0x7fa496287a90>,<function <lambda> at 0x7fa496287b30>
34684,2023-12-16 03:00:00,<function <lambda> at 0x7fa4962879f0>,<function <lambda> at 0x7fa496287a90>,<function <lambda> at 0x7fa496287b30>
34685,2023-12-16 04:00:00,<function <lambda> at 0x7fa4962879f0>,<function <lambda> at 0x7fa496287a90>,<function <lambda> at 0x7fa496287b30>
34686,2023-12-16 05:00:00,<function <lambda> at 0x7fa4962879f0>,<function <lambda> at 0x7fa496287a90>,<function <lambda> at 0x7fa496287b30>
34687,2023-12-16 06:00:00,<function <lambda> at 0x7fa4962879f0>,<function <lambda> at 0x7fa496287a90>,<function <lambda> at 0x7fa496287b30>
34688,2023-12-16 07:00:00,<function <lambda> at 0x7fa4962879f0>,<function <lambda> at 0x7fa496287a90>,<function <lambda> at 0x7fa496287b30>
34689,2023-12-16 08:00:00,<function <lambda> at 0x7fa4962879f0>,<function <lambda> at 0x7fa496287a90>,<function <lambda> at 0x7fa496287b30>
34690,2023-12-16 09:00:00,<function <lambda> at 0x7fa4962879f0>,<function <lambda> at 0x7fa496287a90>,<function <lambda> at 0x7fa496287b30>
34691,2023-12-16 10:00:00,<function <lambda> at 0x7fa4962879f0>,<function <lambda> at 0x7fa496287a90>,<function <lambda> at 0x7fa496287b30>
34692,2023-12-16 11:00:00,<function <lambda> at 0x7fa4962879f0>,<function <lambda> at 0x7fa496287a90>,<function <lambda> at 0x7fa496287b30>
34693,2023-12-16 12:00:00,<function <lambda> at 0x7fa4962879f0>,<function <lambda> at 0x7fa496287a90>,<function <lambda> at 0x7fa496287b30>
34694,2023-12-16 13:00:00,<function <lambda> at 0x7fa4962879f0>,<function <lambda> at 0x7fa496287a90>,<function <lambda> at 0x7fa496287b30>
34695,2023-12-16 14:00:00,<function <lambda> at 0x7fa4962879f0>,<function <lambda> at 0x7fa496287a90>,<function <lambda> at 0x7fa496287b30>
34696,2023-12-16 15:00:00,<function <lambda> at 0x7fa4962879f0>,<function <lambda> at 0x7fa496287a90>,<function <lambda> at 0x7fa496287b30>
34697,2023-12-16 16:00:00,<function <lambda> at 0x7fa4962879f0>,<function <lambda> at 0x7fa496287a90>,<function <lambda> at 0x7fa496287b30>
34698,2023-12-16 17:00:00,<function <lambda> at 0x7fa4962879f0>,<function <lambda> at 0x7fa496287a90>,<function <lambda> at 0x7fa496287b30>
34699,2023-12-16 18:00:00,<function <lambda> at 0x7fa4962879f0>,<function <lambda> at 0x7fa496287a90>,<function <lambda> at 0x7fa496287b30>
34700,2023-12-16 19:00:00,<function <lambda> at 0x7fa4962879f0>,<function <lambda> at 0x7fa496287a90>,<function <lambda> at 0x7fa496287b30>
34701,2023-12-16 20:00:00,<function <lambda> at 0x7fa4962879f0>,<function <lambda> at 0x7fa496287a90>,<function <lambda> at 0x7fa496287b30>
34702,2023-12-16 21:00:00,<function <lambda> at 0x7fa4962879f0>,<function <lambda> at 0x7fa496287a90>,<function <lambda> at 0x7fa496287b30>
34703,2023-12-16 22:00:00,<function <lambda> at 0x7fa4962879f0>,<function <lambda> at 0x7fa496287a90>,<function <lambda> at 0x7fa496287b30>
34704,2023-12-16 23:00:00,<function <lambda> at 0x7fa4962879f0>,<function <lambda> at 0x7fa496287a90>,<function <lambda> at 0x7fa496287b30>
34705,2023-12-17 00:00:00,<function <lambda> at 0x7fa4962879f0>,<function <lambda> at 0x7fa496287a90>,<function <lambda> at 0x7fa496287b30>
34706,2023-12-17 01:00:00,<function <lambda> at 0x7fa4962879f0>,<function <lambda> at 0x7fa496287a90>,<function <lambda> at 0x7fa496287b30>
34707,2023-12-17 02:00:00,<function <lambda> at 0x7fa4962879f0>,<function <lambda> at 0x7fa496287a90>,<function <lambda> at 0x7fa496287b30>
34708,2023-12-17 03:00:00,<function <lambda> at 0x7fa4962879f0>,<function <lambda> at 0x7fa496287a90>,<function <lambda> at 0x7fa496287b30>
34709,2023-12-17 04:00:00,<function <lambda> at 0x7fa4962879f0>,<function <lambda> at 0x7fa496287a90>,<function <lambda> at 0x7fa496287b30>
34710,2023-12-17 05:00:00,<function <lambda> at 0x7fa4962879f0>,<function <lambda> at 0x7fa496287a90>,<function <lambda> at 0x7fa496287b30>
34711,2023-12-17 06:00:00,<function <lambda> at 0x7fa4962879f0>,<function <lambda> at 0x7fa496287a90>,<function <lambda> at 0x7fa496287b30>
34712,2023-12-17 07:00:00,<function <lambda> at 0x7fa4962879f0>,<function <lambda> at 0x7fa496287a90>,<function <lambda> at 0x7fa496287b30>
34713,2023-12-17 08:00:00,<function <lambda> at 0x7fa4962879f0>,<function <lambda> at 0x7fa496287a90>,<function <lambda> at 0x7fa496287b30>
34714,2023-12-17 09:00:00,<function <lambda> at 0x7fa4962879f0>,<function <lambda> at 0x7fa496287a90>,<function <lambda> at 0x7fa496287b30>
34715,2023-12-17 10:00:00,<function <lambda> at 0x7fa4962879f0>,<function <lambda> at 0x7fa496287a90>,<function <lambda> at 0x7fa496287b30>
34716,2023-12-17 11:00:00,<function <lambda> at 0x7fa4962879f0>,<function <lambda> at 0x7fa496287a90>,<function <lambda> at 0x7fa496287b30>
34717,2023-12-17 12:00:00,<function <lambda> at 0x7fa4962879f0>,<function <lambda> at 0x7fa496287a90>,<function <lambda> at 0x7fa496287b30>
34718,2023-12-17 13:00:00,<function <lambda> at 0x7fa4962879f0>,<function <lambda> at 0x7fa496287a90>,<function <lambda> at 0x7fa496287b30>
34719,2023-12-17 14:00:00,<function <lambda> at 0x7fa4962879f0>,<function <lambda> at 0x7fa496287a90>,<function <lambda> at 0x7fa496287b30>
34720,2023-12-17 15:00:00,<function <lambda> at 0x7fa4962879f0>,<function <lambda> at 0x7fa496287a90>,<function <lambda> at 0x7fa496287b30>
34721,2023-12-17 16:00:00,<function <lambda> at 0x7fa4962879f0>,<function <lambda> at 0x7fa496287a90>,<function <lambda> at 0x7fa496287b30>
34722,2023-12-17 17:00:00,<function <lambda> at 0x7fa4962879f0>,<function <lambda> at 0x7fa496287a90>,<function <lambda> at 0x7fa496287b30>
34723,2023-12-17 18:00:00,<function <lambda> at 0x7fa4962879f0>,<function <lambda> at 0x7fa496287a90>,<function <lambda> at 0x7fa496287b30>
34724,2023-12-17 19:00:00,<function <lambda> at 0x7fa4962879f0>,<function <lambda> at 0x7fa496287a90>,<function <lambda> at 0x7fa496287b30>
34725,2023-12-17 20:00:00,<function <lambda> at 0x7fa4962879f0>,<function <lambda> at 0x7fa496287a90>,<function <lambda> at 0x7fa496287b30>
34726,2023-12-17 21:00:00,<function <lambda> at 0x7fa4962879f0>,<function <lambda> at 0x7fa496287a90>,<function <lambda> at 0x7fa496287b30>
34727,2023-12-17 22:00:00,<function <lambda> at 0x7fa4962879f0>,<function <lambda> at 0x7fa496287a90>,<function <lambda> at 0x7fa496287b30>
34728,2023-12-17 23:00:00,<function <lambda> at 0x7fa4962879f0>,<function <lambda> at 0x7fa496287a90>,<function <lambda> at 0x7fa496287b30>
34729,2023-12-18 00:00:00,<function <lambda> at 0x7fa4962879f0>,<function <lambda> at 0x7fa496287a90>,<function <lambda> at 0x7fa496287b30>
34730,2023-12-18 01:00:00,<function <lambda> at 0x7fa4962879f0>,<function <lambda> at 0x7fa496287a90>,<function <lambda> at 0x7fa496287b30>
34731,2023-12-18 02:00:00,<function <lambda> at 0x7fa4962879f0>,<function <lambda> at 0x7fa496287a90>,<function <lambda> at 0x7fa496287b30>
34732,2023-12-18 03:00:00,<function <lambda> at 0x7fa4962879f0>,<function <lambda> at 0x7fa496287a90>,<function <lambda> at 0x7fa496287b30>
34733,2023-12-18 04:00:00,<function <lambda> at 0x7fa4962879f0>,<function <lambda> at 0x7fa496287a90>,<function <lambda> at 0x7fa496287b30>
34734,2023-12-18 05:00:00,<function <lambda> at 0x7fa4962879f0>,<function <lambda> at 0x7fa496287a90>,<function <lambda> at 0x7fa496287b30>
34735,2023-12-18 06:00:00,<function <lambda> at 0x7fa4962879f0>,<function <lambda> at 0x7fa496287a90>,<function <lambda> at 0x7fa496287b30>
34736,2023-12-18 07:00:00,<function <lambda> at 0x7fa4962879f0>,<function <lambda> at 0x7fa496287a90>,<function <lambda> at 0x7fa496287b30>
34737,2023-12-18 08:00:00,<function <lambda> at 0x7fa4962879f0>,<function <lambda> at 0x7fa496287a90>,<function <lambda> at 0x7fa496287b30>
34738,2023-12-18 09:00:00,<function <lambda> at 0x7fa4962879f0>,<function <lambda> at 0x7fa496287a90>,<function <lambda> at 0x7fa496287b30>
34739,2023-12-18 10:00:00,<function <lambda> at 0x7fa4962879f0>,<function <lambda> at 0x7fa496287a90>,<function <lambda> at 0x7fa496287b30>
34740,2023-12-18 11:00:00,<function <lambda> at 0x7fa4962879f0>,<function <lambda> at 0x7fa496287a90>,<function <lambda> at 0x7fa496287b30>
34741,2023-12-18 12:00:00,<function <lambda> at 0x7fa4962879f0>,<function <lambda> at 0x7fa496287a90>,<function <lambda> at 0x7fa496287b30>
34742,2023-12-18 13:00:00,<function <lambda> at 0x7fa4962879f0>,<function <lambda> at 0x7fa496287a90>,<function <lambda> at 0x7fa496287b30>
34743,2023-12-18 14:00:00,<function <lambda> at 0x7fa4962879f0>,<function <lambda> at 0x7fa496287a90>,<function <lambda> at 0x7fa496287b30>
34744,2023-12-18 15:00:00,<function <lambda> at 0x7fa4962879f0>,<function <lambda> at 0x7fa496287a90>,<function <lambda> at 0x7fa496287b30>
34745,2023-12-18 16:00:00,<function <lambda> at 0x7fa4962879f0>,<function <lambda> at 0x7fa496287a90>,<function <lambda> at 0x7fa496287b30>
34746,2023-12-18 17:00:00,<function <lambda> at 0x7fa4962879f0>,<function <lambda> at 0x7fa496287a90>,<function <lambda> at 0x7fa496287b30>
34747,2023-12-18 18:00:00,<function <lambda> at 0x7fa4962879f0>,<function <lambda> at 0x7fa496287a90>,<function <lambda> at 0x7fa496287b30>
34748,2023-12-18 19:00:00,<function <lambda> at 0x7fa4962879f0>,<function <lambda> at 0x7fa496287a90>,<function <lambda> at 0x7fa496287b30>
34749,2023-12-18 20:00:00,<function <lambda> at 0x7fa4962879f0>,<function <lambda> at 0x7fa496287a90>,<function <lambda> at 0x7fa496287b30>
34750,2023-12-18 21:00:00,<function <lambda> at 0x7fa4962879f0>,<function <lambda> at 0x7fa496287a90>,<function <lambda> at 0x7fa496287b30>
34751,2023-12-18 22:00:00,<function <lambda> at 0x7fa4962879f0>,<function <lambda> at 0x7fa496287a90>,<function <lambda> at 0x7fa496287b30>
34752,2023-12-18 23:00:00,<function <lambda> at 0x7fa4962879f0>,<function <lambda> at 0x7fa496287a90>,<function <lambda> at 0x7fa496287b30>
34753,2023-12-19 00:00:00,<function <lambda> at 0x7fa4962879f0>,<function <lambda> at 0x7fa496287a90>,<function <lambda> at 0x7fa496287b30>
34754,2023-12-19 01:00:00,<function <lambda> at 0x7fa4962879f0>,<function <lambda> at 0x7fa496287a90>,<function <lambda> at 0x7fa496287b30>
34755,2023-12-19 02:00:00,<function <lambda> at 0x7fa4962879f0>,<function <lambda> at 0x7fa496287a90>,<function <lambda> at 0x7fa496287b30>
34756,2023-12-19 03:00:00,<function <lambda> at 0x7fa4962879f0>,<function <lambda> at 0x7fa496287a90>,<function <lambda> at 0x7fa496287b30>
34757,2023-12-19 04:00:00,<function <lambda> at 0x7fa4962879f0>,<function <lambda> at 0x7fa496287a90>,<function <lambda> at 0x7fa496287b30>
34758,2023-12-19 05:00:00,<function <lambda> at 0x7fa4962879f0>,<function <lambda> at 0x7fa496287a90>,<function <lambda> at 0x7fa496287b30>
34759,2023-12-19 06:00:00,<function <lambda> at 0x7fa4962879f0>,<function <lambda> at 0x7fa496287a90>,<function <lambda> at 0x7fa496287b30>
34760,2023-12-19 07:00:00,<function <lambda> at 0x7fa4962879f0>,<function <lambda> at 0x7fa496287a90>,<function <lambda> at 0x7fa496287b30>
34761,2023-12-19 08:00:00,<function <lambda> at 0x7fa4962879f0>,<function <lambda> at 0x7fa496287a90>,<function <lambda> at 0x7fa496287b30>
34762,2023-12-19 09:00:00,<function <lambda> at 0x7fa4962879f0>,<function <lambda> at 0x7fa496287a90>,<function <lambda> at 0x7fa496287b30>
34763,2023-12-19 10:00:00,<function <lambda> at 0x7fa4962879f0>,<function <lambda> at 0x7fa496287a90>,<function <lambda> at 0x7fa496287b30>
34764,2023-12-19 11:00:00,<function <lambda> at 0x7fa4962879f0>,<function <lambda> at 0x7fa496287a90>,<function <lambda> at 0x7fa496287b30>
34765,2023-12-19 12:00:00,<function <lambda> at 0x7fa4962879f0>,<function <lambda> at 0x7fa496287a90>,<function <lambda> at 0x7fa496287b30>
34766,2023-12-19 13:00:00,<function <lambda> at 0x7fa4962879f0>,<function <lambda> at 0x7fa496287a90>,<function <lambda> at 0x7fa496287b30>
34767,2023-12-19 14:00:00,<function <lambda> at 0x7fa4962879f0>,<function <lambda> at 0x7fa496287a90>,<function <lambda> at 0x7fa496287b30>
34768,2023-12-19 15:00:00,<function <lambda> at 0x7fa4962879f0>,<function <lambda> at 0x7fa496287a90>,<function <lambda> at 0x7fa496287b30>
34769,2023-12-19 16:00:00,<function <lambda> at 0x7fa4962879f0>,<function <lambda> at 0x7fa496287a90>,<function <lambda> at 0x7fa496287b30>
34770,2023-12-19 17:00:00,<function <lambda> at 0x7fa4962879f0>,<function <lambda> at 0x7fa496287a90>,<function <lambda> at 0x7fa496287b30>
34771,2023-12-19 18:00:00,<function <lambda> at 0x7fa4962879f0>,<function <lambda> at 0x7fa496287a90>,<function <lambda> at 0x7fa496287b30>
34772,2023-12-19 19:00:00,<function <lambda> at 0x7fa4962879f0>,<function <lambda> at 0x7fa496287a90>,<function <lambda> at 0x7fa496287b30>
34773,2023-12-19 20:00:00,<function <lambda> at 0x7fa4962879f0>,<function <lambda> at 0x7fa496287a90>,<function <lambda> at 0x7fa496287b30>
34774,2023-12-19 21:00:00,<function <lambda> at 0x7fa4962879f0>,<function <lambda> at 0x7fa496287a90>,<function <lambda> at 0x7fa496287b30>
34775,2023-12-19 22:00:00,<function <lambda> at 0x7fa4962879f0>,<function <lambda> at 0x7fa496287a90>,<function <lambda> at 0x7fa496287b30>
34776,2023-12-19 23:00:00,<function <lambda> at 0x7fa4962879f0>,<function <lambda> at 0x7fa496287a90>,<function <lambda> at 0x7fa496287b30>
34777,2023-12-20 00:00:00,<function <lambda> at 0x7fa4962879f0>,<function <lambda> at 0x7fa496287a90>,<function <lambda> at 0x7fa496287b30>
34778,2023-12-20 01:00:00,<function <lambda> at 0x7fa4962879f0>,<function <lambda> at 0x7fa496287a90>,<function <lambda> at 0x7fa496287b30>
34779,2023-12-20 02:00:00,<function <lambda> at 0x7fa4962879f0>,<function <lambda> at 0x7fa496287a90>,<function <lambda> at 0x7fa496287b30>
34780,2023-12-20 03:00:00,<function <lambda> at 0x7fa4962879f0>,<function <lambda> at 0x7fa496287a90>,<function <lambda> at 0x7fa496287b30>
34781,2023-12-20 04:00:00,<function <lambda> at 0x7fa4962879f0>,<function <lambda> at 0x7fa496287a90>,<function <lambda> at 0x7fa496287b30>
34782,2023-12-20 05:00:00,<function <lambda> at 0x7fa4962879f0>,<function <lambda> at 0x7fa496287a90>,<function <lambda> at 0x7fa496287b30>
34783,2023-12-20 06:00:00,<function <lambda> at 0x7fa4962879f0>,<function <lambda> at 0x7fa496287a90>,<function <lambda> at 0x7fa496287b30>
34784,2023-12-20 07:00:00,<function <lambda> at 0x7fa4962879f0>,<function <lambda> at 0x7fa496287a90>,<function <lambda> at 0x7fa496287b30>
34785,2023-12-20 08:00:00,<function <lambda> at 0x7fa4962879f0>,<function <lambda> at 0x7fa496287a90>,<function <lambda> at 0x7fa496287b30>
34786,2023-12-20 09:00:00,<function <lambda> at 0x7fa4962879f0>,<function <lambda> at 0x7fa496287a90>,<function <lambda> at 0x7fa496287b30>
34787,2023-12-20 10:00:00,<function <lambda> at 0x7fa4962879f0>,<function <lambda> at 0x7fa496287a90>,<function <lambda> at 0x7fa496287b30>
34788,2023-12-20 11:00:00,<function <lambda> at 0x7fa4962879f0>,<function <lambda> at 0x7fa496287a90>,<function <lambda> at 0x7fa496287b30>
34789,2023-12-20 12:00:00,<function <lambda> at 0x7fa4962879f0>,<function <lambda> at 0x7fa496287a90>,<function <lambda> at 0x7fa496287b30>
34790,2023-12-20 13:00:00,<function <lambda> at 0x7fa4962879f0>,<function <lambda> at 0x7fa496287a90>,<function <lambda> at 0x7fa496287b30>
34791,2023-12-20 14:00:00,<function <lambda> at 0x7fa4962879f0>,<function <lambda> at 0x7fa496287a90>,<function <lambda> at 0x7fa496287b30>
34792,2023-12-20 15:00:00,<function <lambda> at 0x7fa4962879f0>,<function <lambda> at 0x7fa496287a90>,<function <lambda> at 0x7fa496287b30>
34793,2023-12-20 16:00:00,<function <lambda> at 0x7fa4962879f0>,<function <lambda> at 0x7fa496287a90>,<function <lambda> at 0x7fa496287b30>
34794,2023-12-20 17:00:00,<function <lambda> at 0x7fa4962879f0>,<function <lambda> at 0x7fa496287a90>,<function <lambda> at 0x7fa496287b30>
34795,2023-12-20 18:00:00,<function <lambda> at 0x7fa4962879f0>,<function <lambda> at 0x7fa496287a90>,<function <lambda> at 0x7fa496287b30>
34796,2023-12-20 19:00:00,<function <lambda> at 0x7fa4962879f0>,<function <lambda> at 0x7fa496287a90>,<function <lambda> at 0x7fa496287b30>
34797,2023-12-20 20:00:00,<function <lambda> at 0x7fa4962879f0>,<function <lambda> at 0x7fa496287a90>,<function <lambda> at 0x7fa496287b30>
34798,2023-12-20 21:00:00,<function <lambda> at 0x7fa4962879f0>,<function <lambda> at 0x7fa496287a90>,<function <lambda> at 0x7fa496287b30>
34799,2023-12-20 22:00:00,<function <lambda> at 0x7fa4962879f0>,<function <lambda> at 0x7fa496287a90>,<function <lambda> at 0x7fa496287b30>
34800,2023-12-20 23:00:00,<function <lambda> at 0x7fa4962879f0>,<function <lambda> at 0x7fa496287a90>,<function <lambda> at 0x7fa496287b30>
34801,2023-12-21 00:00:00,<function <lambda> at 0x7fa4962879f0>,<function <lambda> at 0x7fa496287a90>,<function <lambda> at 0x7fa496287b30>
34802,2023-12-21 01:00:00,<function <lambda> at 0x7fa4962879f0>,<function <lambda> at 0x7fa496287a90>,<function <lambda> at 0x7fa496287b30>
34803,2023-12-21 02:00:00,<function <lambda> at 0x7fa4962879f0>,<function <lambda> at 0x7fa496287a90>,<function <lambda> at 0x7fa496287b30>
34804,2023-12-21 03:00:00,<function <lambda> at 0x7fa4962879f0>,<function <lambda> at 0x7fa496287a90>,<function <lambda> at 0x7fa496287b30>
34805,2023-12-21 04:00:00,<function <lambda> at 0x7fa4962879f0>,<function <lambda> at 0x7fa496287a90>,<function <lambda> at 0x7fa496287b30>
34806,2023-12-21 05:00:00,<function <lambda> at 0x7fa4962879f0>,<function <lambda> at 0x7fa496287a90>,<function <lambda> at 0x7fa496287b30>
34807,2023-12-21 06:00:00,<function <lambda> at 0x7fa4962879f0>,<function <lambda> at 0x7fa496287a90>,<function <lambda> at 0x7fa496287b30>
34808,2023-12-21 07:00:00,<function <lambda> at 0x7fa4962879f0>,<function <lambda> at 0x7fa496287a90>,<function <lambda> at 0x7fa496287b30>
34809,2023-12-21 08:00:00,<function <lambda> at 0x7fa4962879f0>,<function <lambda> at 0x7fa496287a90>,<function <lambda> at 0x7fa496287b30>
34810,2023-12-21 09:00:00,<function <lambda> at 0x7fa4962879f0>,<function <lambda> at 0x7fa496287a90>,<function <lambda> at 0x7fa496287b30>
34811,2023-12-21 10:00:00,<function <lambda> at 0x7fa4962879f0>,<function <lambda> at 0x7fa496287a90>,<function <lambda> at 0x7fa496287b30>
34812,2023-12-21 11:00:00,<function <lambda> at 0x7fa4962879f0>,<function <lambda> at 0x7fa496287a90>,<function <lambda> at 0x7fa496287b30>
34813,2023-12-21 12:00:00,<function <lambda> at 0x7fa4962879f0>,<function <lambda> at 0x7fa496287a90>,<function <lambda> at 0x7fa496287b30>
34814,2023-12-21 13:00:00,<function <lambda> at 0x7fa4962879f0>,<function <lambda> at 0x7fa496287a90>,<function <lambda> at 0x7fa496287b30>
34815,2023-12-21 14:00:00,<function <lambda> at 0x7fa4962879f0>,<function <lambda> at 0x7fa496287a90>,<function <lambda> at 0x7fa496287b30>
34816,2023-12-21 15:00:00,<function <lambda> at 0x7fa4962879f0>,<function <lambda> at 0x7fa496287a90>,<function <lambda> at 0x7fa496287b30>
34817,2023-12-21 16:00:00,<function <lambda> at 0x7fa4962879f0>,<function <lambda> at 0x7fa496287a90>,<function <lambda> at 0x7fa496287b30>
34818,2023-12-21 17:00:00,<function <lambda> at 0x7fa4962879f0>,<function <lambda> at 0x7fa496287a90>,<function <lambda> at 0x7fa496287b30>
34819,2023-12-21 18:00:00,<function <lambda> at 0x7fa4962879f0>,<function <lambda> at 0x7fa496287a90>,<function <lambda> at 0x7fa496287b30>
34820,2023-12-21 19:00:00,<function <lambda> at 0x7fa4962879f0>,<function <lambda> at 0x7fa496287a90>,<function <lambda> at 0x7fa496287b30>
34821,2023-12-21 20:00:00,<function <lambda> at 0x7fa4962879f0>,<function <lambda> at 0x7fa496287a90>,<function <lambda> at 0x7fa496287b30>
34822,2023-12-21 21:00:00,<function <lambda> at 0x7fa4962879f0>,<function <lambda> at 0x7fa496287a90>,<function <lambda> at 0x7fa496287b30>
34823,2023-12-21 22:00:00,<function <lambda> at 0x7fa4962879f0>,<function <lambda> at 0x7fa496287a90>,<function <lambda> at 0x7fa496287b30>
34824,2023-12-21 23:00:00,<function <lambda> at 0x7fa4962879f0>,<function <lambda> at 0x7fa496287a90>,<function <lambda> at 0x7fa496287b30>
34825,2023-12-22 00:00:00,<function <lambda> at 0x7fa4962879f0>,<function <lambda> at 0x7fa496287a90>,<function <lambda> at 0x7fa496287b30>
34826,2023-12-22 01:00:00,<function <lambda> at 0x7fa4962879f0>,<function <lambda> at 0x7fa496287a90>,<function <lambda> at 0x7fa496287b30>
34827,2023-12-22 02:00:00,<function <lambda> at 0x7fa4962879f0>,<function <lambda> at 0x7fa496287a90>,<function <lambda> at 0x7fa496287b30>
34828,2023-12-22 03:00:00,<function <lambda> at 0x7fa4962879f0>,<function <lambda> at 0x7fa496287a90>,<function <lambda> at 0x7fa496287b30>
34829,2023-12-22 04:00:00,<function <lambda> at 0x7fa4962879f0>,<function <lambda> at 0x7fa496287a90>,<function <lambda> at 0x7fa496287b30>
34830,2023-12-22 05:00:00,<function <lambda> at 0x7fa4962879f0>,<function <lambda> at 0x7fa496287a90>,<function <lambda> at 0x7fa496287b30>
34831,2023-12-22 06:00:00,<function <lambda> at 0x7fa4962879f0>,<function <lambda> at 0x7fa496287a90>,<function <lambda> at 0x7fa496287b30>
34832,2023-12-22 07:00:00,<function <lambda> at 0x7fa4962879f0>,<function <lambda> at 0x7fa496287a90>,<function <lambda> at 0x7fa496287b30>
34833,2023-12-22 08:00:00,<function <lambda> at 0x7fa4962879f0>,<function <lambda> at 0x7fa496287a90>,<function <lambda> at 0x7fa496287b30>
34834,2023-12-22 09:00:00,<function <lambda> at 0x7fa4962879f0>,<function <lambda> at 0x7fa496287a90>,<function <lambda> at 0x7fa496287b30>
34835,2023-12-22 10:00:00,<function <lambda> at 0x7fa4962879f0>,<function <lambda> at 0x7fa496287a90>,<function <lambda> at 0x7fa496287b30>
34836,2023-12-22 11:00:00,<function <lambda> at 0x7fa4962879f0>,<function <lambda> at 0x7fa496287a90>,<function <lambda> at 0x7fa496287b30>
34837,2023-12-22 12:00:00,<function <lambda> at 0x7fa4962879f0>,<function <lambda> at 0x7fa496287a90>,<function <lambda> at 0x7fa496287b30>
34838,2023-12-22 13:00:00,<function <lambda> at 0x7fa4962879f0>,<function <lambda> at 0x7fa496287a90>,<function <lambda> at 0x7fa496287b30>
34839,2023-12-22 14:00:00,<function <lambda> at 0x7fa4962879f0>,<function <lambda> at 0x7fa496287a90>,<function <lambda> at 0x7fa496287b30>
34840,2023-12-22 15:00:00,<function <lambda> at 0x7fa4962879f0>,<function <lambda> at 0x7fa496287a90>,<function <lambda> at 0x7fa496287b30>
34841,2023-12-22 16:00:00,<function <lambda> at 0x7fa4962879f0>,<function <lambda> at 0x7fa496287a90>,<function <lambda> at 0x7fa496287b30>
34842,2023-12-22 17:00:00,<function <lambda> at 0x7fa4962879f0>,<function <lambda> at 0x7fa496287a90>,<function <lambda> at 0x7fa496287b30>
34843,2023-12-22 18:00:00,<function <lambda> at 0x7fa4962879f0>,<function <lambda> at 0x7fa496287a90>,<function <lambda> at 0x7fa496287b30>
34844,2023-12-22 19:00:00,<function <lambda> at 0x7fa4962879f0>,<function <lambda> at 0x7fa496287a90>,<function <lambda> at 0x7fa496287b30>
34845,2023-12-22 20:00:00,<function <lambda> at 0x7fa4962879f0>,<function <lambda> at 0x7fa496287a90>,<function <lambda> at 0x7fa496287b30>
34846,2023-12-22 21:00:00,<function <lambda> at 0x7fa4962879f0>,<function <lambda> at 0x7fa496287a90>,<function <lambda> at 0x7fa496287b30>
34847,2023-12-22 22:00:00,<function <lambda> at 0x7fa4962879f0>,<function <lambda> at 0x7fa496287a90>,<function <lambda> at 0x7fa496287b30>
34848,2023-12-22 23:00:00,<function <lambda> at 0x7fa4962879f0>,<function <lambda> at 0x7fa496287a90>,<function <lambda> at 0x7fa496287b30>
34849,2023-12-23 00:00:00,<function <lambda> at 0x7fa4962879f0>,<function <lambda> at 0x7fa496287a90>,<function <lambda> at 0x7fa496287b30>
34850,2023-12-23 01:00:00,<function <lambda> at 0x7fa4962879f0>,<function <lambda> at 0x7fa496287a90>,<function <lambda> at 0x7fa496287b30>
34851,2023-12-23 02:00:00,<function <lambda> at 0x7fa4962879f0>,<function <lambda> at 0x7fa496287a90>,<function <lambda> at 0x7fa496287b30>
34852,2023-12-23 03:00:00,<function <lambda> at 0x7fa4962879f0>,<function <lambda> at 0x7fa496287a90>,<function <lambda> at 0x7fa496287b30>
34853,2023-12-23 04:00:00,<function <lambda> at 0x7fa4962879f0>,<function <lambda> at 0x7fa496287a90>,<function <lambda> at 0x7fa496287b30>
34854,2023-12-23 05:00:00,<function <lambda> at 0x7fa4962879f0>,<function <lambda> at 0x7fa496287a90>,<function <lambda> at 0x7fa496287b30>
34855,2023-12-23 06:00:00,<function <lambda> at 0x7fa4962879f0>,<function <lambda> at 0x7fa496287a90>,<function <lambda> at 0x7fa496287b30>
34856,2023-12-23 07:00:00,<function <lambda> at 0x7fa4962879f0>,<function <lambda> at 0x7fa496287a90>,<function <lambda> at 0x7fa496287b30>
34857,2023-12-23 08:00:00,<function <lambda> at 0x7fa4962879f0>,<function <lambda> at 0x7fa496287a90>,<function <lambda> at 0x7fa496287b30>
34858,2023-12-23 09:00:00,<function <lambda> at 0x7fa4962879f0>,<function <lambda> at 0x7fa496287a90>,<function <lambda> at 0x7fa496287b30>
34859,2023-12-23 10:00:00,<function <lambda> at 0x7fa4962879f0>,<function <lambda> at 0x7fa496287a90>,<function <lambda> at 0x7fa496287b30>
34860,2023-12-23 11:00:00,<function <lambda> at 0x7fa4962879f0>,<function <lambda> at 0x7fa496287a90>,<function <lambda> at 0x7fa496287b30>
34861,2023-12-23 12:00:00,<function <lambda> at 0x7fa4962879f0>,<function <lambda> at 0x7fa496287a90>,<function <lambda> at 0x7fa496287b30>
34862,2023-12-23 13:00:00,<function <lambda> at 0x7fa4962879f0>,<function <lambda> at 0x7fa496287a90>,<function <lambda> at 0x7fa496287b30>
34863,2023-12-23 14:00:00,<function <lambda> at 0x7fa4962879f0>,<function <lambda> at 0x7fa496287a90>,<function <lambda> at 0x7fa496287b30>
34864,2023-12-23 15:00:00,<function <lambda> at 0x7fa4962879f0>,<function <lambda> at 0x7fa496287a90>,<function <lambda> at 0x7fa496287b30>
34865,2023-12-23 16:00:00,<function <lambda> at 0x7fa4962879f0>,<function <lambda> at 0x7fa496287a90>,<function <lambda> at 0x7fa496287b30>
34866,2023-12-23 17:00:00,<function <lambda> at 0x7fa4962879f0>,<function <lambda> at 0x7fa496287a90>,<function <lambda> at 0x7fa496287b30>
34867,2023-12-23 18:00:00,<function <lambda> at 0x7fa4962879f0>,<function <lambda> at 0x7fa496287a90>,<function <lambda> at 0x7fa496287b30>
34868,2023-12-23 19:00:00,<function <lambda> at 0x7fa4962879f0>,<function <lambda> at 0x7fa496287a90>,<function <lambda> at 0x7fa496287b30>
34869,2023-12-23 20:00:00,<function <lambda> at 0x7fa4962879f0>,<function <lambda> at 0x7fa496287a90>,<function <lambda> at 0x7fa496287b30>
34870,2023-12-23 21:00:00,<function <lambda> at 0x7fa4962879f0>,<function <lambda> at 0x7fa496287a90>,<function <lambda> at 0x7fa496287b30>
34871,2023-12-23 22:00:00,<function <lambda> at 0x7fa4962879f0>,<function <lambda> at 0x7fa496287a90>,<function <lambda> at 0x7fa496287b30>
34872,2023-12-23 23:00:00,<function <lambda> at 0x7fa4962879f0>,<function <lambda> at 0x7fa496287a90>,<function <lambda> at 0x7fa496287b30>
34873,2023-12-24 00:00:00,<function <lambda> at 0x7fa4962879f0>,<function <lambda> at 0x7fa496287a90>,<function <lambda> at 0x7fa496287b30>
34874,2023-12-24 01:00:00,<function <lambda> at 0x7fa4962879f0>,<function <lambda> at 0x7fa496287a90>,<function <lambda> at 0x7fa496287b30>
34875,2023-12-24 02:00:00,<function <lambda> at 0x7fa4962879f0>,<function <lambda> at 0x7fa496287a90>,<function <lambda> at 0x7fa496287b30>
34876,2023-12-24 03:00:00,<function <lambda> at 0x7fa4962879f0>,<function <lambda> at 0x7fa496287a90>,<function <lambda> at 0x7fa496287b30>
34877,2023-12-24 04:00:00,<function <lambda> at 0x7fa4962879f0>,<function <lambda> at 0x7fa496287a90>,<function <lambda> at 0x7fa496287b30>
34878,2023-12-24 05:00:00,<function <lambda> at 0x7fa4962879f0>,<function <lambda> at 0x7fa496287a90>,<function <lambda> at 0x7fa496287b30>
34879,2023-12-24 06:00:00,<function <lambda> at 0x7fa4962879f0>,<function <lambda> at 0x7fa496287a90>,<function <lambda> at 0x7fa496287b30>
34880,2023-12-24 07:00:00,<function <lambda> at 0x7fa4962879f0>,<function <lambda> at 0x7fa496287a90>,<function <lambda> at 0x7fa496287b30>
34881,2023-12-24 08:00:00,<function <lambda> at 0x7fa4962879f0>,<function <lambda> at 0x7fa496287a90>,<function <lambda> at 0x7fa496287b30>
34882,2023-12-24 09:00:00,<function <lambda> at 0x7fa4962879f0>,<function <lambda> at 0x7fa496287a90>,<function <lambda> at 0x7fa496287b30>
34883,2023-12-24 10:00:00,<function <lambda> at 0x7fa4962879f0>,<function <lambda> at 0x7fa496287a90>,<function <lambda> at 0x7fa496287b30>
34884,2023-12-24 11:00:00,<function <lambda> at 0x7fa4962879f0>,<function <lambda> at 0x7fa496287a90>,<function <lambda> at 0x7fa496287b30>
34885,2023-12-24 12:00:00,<function <lambda> at 0x7fa4962879f0>,<function <lambda> at 0x7fa496287a90>,<function <lambda> at 0x7fa496287b30>
34886,2023-12-24 13:00:00,<function <lambda> at 0x7fa4962879f0>,<function <lambda> at 0x7fa496287a90>,<function <lambda> at 0x7fa496287b30>
34887,2023-12-24 14:00:00,<function <lambda> at 0x7fa4962879f0>,<function <lambda> at 0x7fa496287a90>,<function <lambda> at 0x7fa496287b30>
34888,2023-12-24 15:00:00,<function <lambda> at 0x7fa4962879f0>,<function <lambda> at 0x7fa496287a90>,<function <lambda> at 0x7fa496287b30>
34889,2023-12-24 16:00:00,<function <lambda> at 0x7fa4962879f0>,<function <lambda> at 0x7fa496287a90>,<function <lambda> at 0x7fa496287b30>
34890,2023-12-24 17:00:00,<function <lambda> at 0x7fa4962879f0>,<function <lambda> at 0x7fa496287a90>,<function <lambda> at 0x7fa496287b30>
34891,2023-12-24 18:00:00,<function <lambda> at 0x7fa4962879f0>,<function <lambda> at 0x7fa496287a90>,<function <lambda> at 0x7fa496287b30>
34892,2023-12-24 19:00:00,<function <lambda> at 0x7fa4962879f0>,<function <lambda> at 0x7fa496287a90>,<function <lambda> at 0x7fa496287b30>
34893,2023-12-24 20:00:00,<function <lambda> at 0x7fa4962879f0>,<function <lambda> at 0x7fa496287a90>,<function <lambda> at 0x7fa496287b30>
34894,2023-12-24 21:00:00,<function <lambda> at 0x7fa4962879f0>,<function <lambda> at 0x7fa496287a90>,<function <lambda> at 0x7fa496287b30>
34895,2023-12-24 22:00:00,<function <lambda> at 0x7fa4962879f0>,<function <lambda> at 0x7fa496287a90>,<function <lambda> at 0x7fa496287b30>
34896,2023-12-24 23:00:00,<function <lambda> at 0x7fa4962879f0>,<function <lambda> at 0x7fa496287a90>,<function <lambda> at 0x7fa496287b30>
34897,2023-12-25 00:00:00,<function <lambda> at 0x7fa4962879f0>,<function <lambda> at 0x7fa496287a90>,<function <lambda> at 0x7fa496287b30>
34898,2023-12-25 01:00:00,<function <lambda> at 0x7fa4962879f0>,<function <lambda> at 0x7fa496287a90>,<function <lambda> at 0x7fa496287b30>
34899,2023-12-25 02:00:00,<function <lambda> at 0x7fa4962879f0>,<function <lambda> at 0x7fa496287a90>,<function <lambda> at 0x7fa496287b30>
34900,2023-12-25 03:00:00,<function <lambda> at 0x7fa4962879f0>,<function <lambda> at 0x7fa496287a90>,<function <lambda> at 0x7fa496287b30>
34901,2023-12-25 04:00:00,<function <lambda> at 0x7fa4962879f0>,<function <lambda> at 0x7fa496287a90>,<function <lambda> at 0x7fa496287b30>
34902,2023-12-25 05:00:00,<function <lambda> at 0x7fa4962879f0>,<function <lambda> at 0x7fa496287a90>,<function <lambda> at 0x7fa496287b30>
34903,2023-12-25 06:00:00,<function <lambda> at 0x7fa4962879f0>,<function <lambda> at 0x7fa496287a90>,<function <lambda> at 0x7fa496287b30>
34904,2023-12-25 07:00:00,<function <lambda> at 0x7fa4962879f0>,<function <lambda> at 0x7fa496287a90>,<function <lambda> at 0x7fa496287b30>
34905,2023-12-25 08:00:00,<function <lambda> at 0x7fa4962879f0>,<function <lambda> at 0x7fa496287a90>,<function <lambda> at 0x7fa496287b30>
34906,2023-12-25 09:00:00,<function <lambda> at 0x7fa4962879f0>,<function <lambda> at 0x7fa496287a90>,<function <lambda> at 0x7fa496287b30>
34907,2023-12-25 10:00:00,<function <lambda> at 0x7fa4962879f0>,<function <lambda> at 0x7fa496287a90>,<function <lambda> at 0x7fa496287b30>
34908,2023-12-25 11:00:00,<function <lambda> at 0x7fa4962879f0>,<function <lambda> at 0x7fa496287a90>,<function <lambda> at 0x7fa496287b30>
34909,2023-12-25 12:00:00,<function <lambda> at 0x7fa4962879f0>,<function <lambda> at 0x7fa496287a90>,<function <lambda> at 0x7fa496287b30>
34910,2023-12-25 13:00:00,<function <lambda> at 0x7fa4962879f0>,<function <lambda> at 0x7fa496287a90>,<function <lambda> at 0x7fa496287b30>
34911,2023-12-25 14:00:00,<function <lambda> at 0x7fa4962879f0>,<function <lambda> at 0x7fa496287a90>,<function <lambda> at 0x7fa496287b30>
34912,2023-12-25 15:00:00,<function <lambda> at 0x7fa4962879f0>,<function <lambda> at 0x7fa496287a90>,<function <lambda> at 0x7fa496287b30>
34913,2023-12-25 16:00:00,<function <lambda> at 0x7fa4962879f0>,<function <lambda> at 0x7fa496287a90>,<function <lambda> at 0x7fa496287b30>
34914,2023-12-25 17:00:00,<function <lambda> at 0x7fa4962879f0>,<function <lambda> at 0x7fa496287a90>,<function <lambda> at 0x7fa496287b30>
34915,2023-12-25 18:00:00,<function <lambda> at 0x7fa4962879f0>,<function <lambda> at 0x7fa496287a90>,<function <lambda> at 0x7fa496287b30>
34916,2023-12-25 19:00:00,<function <lambda> at 0x7fa4962879f0>,<function <lambda> at 0x7fa496287a90>,<function <lambda> at 0x7fa496287b30>
34917,2023-12-25 20:00:00,<function <lambda> at 0x7fa4962879f0>,<function <lambda> at 0x7fa496287a90>,<function <lambda> at 0x7fa496287b30>
34918,2023-12-25 21:00:00,<function <lambda> at 0x7fa4962879f0>,<function <lambda> at 0x7fa496287a90>,<function <lambda> at 0x7fa496287b30>
34919,2023-12-25 22:00:00,<function <lambda> at 0x7fa4962879f0>,<function <lambda> at 0x7fa496287a90>,<function <lambda> at 0x7fa496287b30>
34920,2023-12-25 23:00:00,<function <lambda> at 0x7fa4962879f0>,<function <lambda> at 0x7fa496287a90>,<function <lambda> at 0x7fa496287b30>
34921,2023-12-26 00:00:00,<function <lambda> at 0x7fa4962879f0>,<function <lambda> at 0x7fa496287a90>,<function <lambda> at 0x7fa496287b30>
34922,2023-12-26 01:00:00,<function <lambda> at 0x7fa4962879f0>,<function <lambda> at 0x7fa496287a90>,<function <lambda> at 0x7fa496287b30>
34923,2023-12-26 02:00:00,<function <lambda> at 0x7fa4962879f0>,<function <lambda> at 0x7fa496287a90>,<function <lambda> at 0x7fa496287b30>
34924,2023-12-26 03:00:00,<function <lambda> at 0x7fa4962879f0>,<function <lambda> at 0x7fa496287a90>,<function <lambda> at 0x7fa496287b30>
34925,2023-12-26 04:00:00,<function <lambda> at 0x7fa4962879f0>,<function <lambda> at 0x7fa496287a90>,<function <lambda> at 0x7fa496287b30>
34926,2023-12-26 05:00:00,<function <lambda> at 0x7fa4962879f0>,<function <lambda> at 0x7fa496287a90>,<function <lambda> at 0x7fa496287b30>
34927,2023-12-26 06:00:00,<function <lambda> at 0x7fa4962879f0>,<function <lambda> at 0x7fa496287a90>,<function <lambda> at 0x7fa496287b30>
34928,2023-12-26 07:00:00,<function <lambda> at 0x7fa4962879f0>,<function <lambda> at 0x7fa496287a90>,<function <lambda> at 0x7fa496287b30>
34929,2023-12-26 08:00:00,<function <lambda> at 0x7fa4962879f0>,<function <lambda> at 0x7fa496287a90>,<function <lambda> at 0x7fa496287b30>
34930,2023-12-26 09:00:00,<function <lambda> at 0x7fa4962879f0>,<function <lambda> at 0x7fa496287a90>,<function <lambda> at 0x7fa496287b30>
34931,2023-12-26 10:00:00,<function <lambda> at 0x7fa4962879f0>,<function <lambda> at 0x7fa496287a90>,<function <lambda> at 0x7fa496287b30>
34932,2023-12-26 11:00:00,<function <lambda> at 0x7fa4962879f0>,<function <lambda> at 0x7fa496287a90>,<function <lambda> at 0x7fa496287b30>
34933,2023-12-26 12:00:00,<function <lambda> at 0x7fa4962879f0>,<function <lambda> at 0x7fa496287a90>,<function <lambda> at 0x7fa496287b30>
34934,2023-12-26 13:00:00,<function <lambda> at 0x7fa4962879f0>,<function <lambda> at 0x7fa496287a90>,<function <lambda> at 0x7fa496287b30>
34935,2023-12-26 14:00:00,<function <lambda> at 0x7fa4962879f0>,<function <lambda> at 0x7fa496287a90>,<function <lambda> at 0x7fa496287b30>
34936,2023-12-26 15:00:00,<function <lambda> at 0x7fa4962879f0>,<function <lambda> at 0x7fa496287a90>,<function <lambda> at 0x7fa496287b30>
34937,2023-12-26 16:00:00,<function <lambda> at 0x7fa4962879f0>,<function <lambda> at 0x7fa496287a90>,<function <lambda> at 0x7fa496287b30>
34938,2023-12-26 17:00:00,<function <lambda> at 0x7fa4962879f0>,<function <lambda> at 0x7fa496287a90>,<function <lambda> at 0x7fa496287b30>
34939,2023-12-26 18:00:00,<function <lambda> at 0x7fa4962879f0>,<function <lambda> at 0x7fa496287a90>,<function <lambda> at 0x7fa496287b30>
34940,2023-12-26 19:00:00,<function <lambda> at 0x7fa4962879f0>,<function <lambda> at 0x7fa496287a90>,<function <lambda> at 0x7fa496287b30>
34941,2023-12-26 20:00:00,<function <lambda> at 0x7fa4962879f0>,<function <lambda> at 0x7fa496287a90>,<function <lambda> at 0x7fa496287b30>
34942,2023-12-26 21:00:00,<function <lambda> at 0x7fa4962879f0>,<function <lambda> at 0x7fa496287a90>,<function <lambda> at 0x7fa496287b30>
34943,2023-12-26 22:00:00,<function <lambda> at 0x7fa4962879f0>,<function <lambda> at 0x7fa496287a90>,<function <lambda> at 0x7fa496287b30>
34944,2023-12-26 23:00:00,<function <lambda> at 0x7fa4962879f0>,<function <lambda> at 0x7fa496287a90>,<function <lambda> at 0x7fa496287b30>
34945,2023-12-27 00:00:00,<function <lambda> at 0x7fa4962879f0>,<function <lambda> at 0x7fa496287a90>,<function <lambda> at 0x7fa496287b30>
34946,2023-12-27 01:00:00,<function <lambda> at 0x7fa4962879f0>,<function <lambda> at 0x7fa496287a90>,<function <lambda> at 0x7fa496287b30>
34947,2023-12-27 02:00:00,<function <lambda> at 0x7fa4962879f0>,<function <lambda> at 0x7fa496287a90>,<function <lambda> at 0x7fa496287b30>
34948,2023-12-27 03:00:00,<function <lambda> at 0x7fa4962879f0>,<function <lambda> at 0x7fa496287a90>,<function <lambda> at 0x7fa496287b30>
34949,2023-12-27 04:00:00,<function <lambda> at 0x7fa4962879f0>,<function <lambda> at 0x7fa496287a90>,<function <lambda> at 0x7fa496287b30>
34950,2023-12-27 05:00:00,<function <lambda> at 0x7fa4962879f0>,<function <lambda> at 0x7fa496287a90>,<function <lambda> at 0x7fa496287b30>
34951,2023-12-27 06:00:00,<function <lambda> at 0x7fa4962879f0>,<function <lambda> at 0x7fa496287a90>,<function <lambda> at 0x7fa496287b30>
34952,2023-12-27 07:00:00,<function <lambda> at 0x7fa4962879f0>,<function <lambda> at 0x7fa496287a90>,<function <lambda> at 0x7fa496287b30>
34953,2023-12-27 08:00:00,<function <lambda> at 0x7fa4962879f0>,<function <lambda> at 0x7fa496287a90>,<function <lambda> at 0x7fa496287b30>
34954,2023-12-27 09:00:00,<function <lambda> at 0x7fa4962879f0>,<function <lambda> at 0x7fa496287a90>,<function <lambda> at 0x7fa496287b30>
34955,2023-12-27 10:00:00,<function <lambda> at 0x7fa4962879f0>,<function <lambda> at 0x7fa496287a90>,<function <lambda> at 0x7fa496287b30>
34956,2023-12-27 11:00:00,<function <lambda> at 0x7fa4962879f0>,<function <lambda> at 0x7fa496287a90>,<function <lambda> at 0x7fa496287b30>
34957,2023-12-27 12:00:00,<function <lambda> at 0x7fa4962879f0>,<function <lambda> at 0x7fa496287a90>,<function <lambda> at 0x7fa496287b30>
34958,2023-12-27 13:00:00,<function <lambda> at 0x7fa4962879f0>,<function <lambda> at 0x7fa496287a90>,<function <lambda> at 0x7fa496287b30>
34959,2023-12-27 14:00:00,<function <lambda> at 0x7fa4962879f0>,<function <lambda> at 0x7fa496287a90>,<function <lambda> at 0x7fa496287b30>
34960,2023-12-27 15:00:00,<function <lambda> at 0x7fa4962879f0>,<function <lambda> at 0x7fa496287a90>,<function <lambda> at 0x7fa496287b30>
34961,2023-12-27 16:00:00,<function <lambda> at 0x7fa4962879f0>,<function <lambda> at 0x7fa496287a90>,<function <lambda> at 0x7fa496287b30>
34962,2023-12-27 17:00:00,<function <lambda> at 0x7fa4962879f0>,<function <lambda> at 0x7fa496287a90>,<function <lambda> at 0x7fa496287b30>
34963,2023-12-27 18:00:00,<function <lambda> at 0x7fa4962879f0>,<function <lambda> at 0x7fa496287a90>,<function <lambda> at 0x7fa496287b30>
34964,2023-12-27 19:00:00,<function <lambda> at 0x7fa4962879f0>,<function <lambda> at 0x7fa496287a90>,<function <lambda> at 0x7fa496287b30>
34965,2023-12-27 20:00:00,<function <lambda> at 0x7fa4962879f0>,<function <lambda> at 0x7fa496287a90>,<function <lambda> at 0x7fa496287b30>
34966,2023-12-27 21:00:00,<function <lambda> at 0x7fa4962879f0>,<function <lambda> at 0x7fa496287a90>,<function <lambda> at 0x7fa496287b30>
34967,2023-12-27 22:00:00,<function <lambda> at 0x7fa4962879f0>,<function <lambda> at 0x7fa496287a90>,<function <lambda> at 0x7fa496287b30>
34968,2023-12-27 23:00:00,<function <lambda> at 0x7fa4962879f0>,<function <lambda> at 0x7fa496287a90>,<function <lambda> at 0x7fa496287b30>
34969,2023-12-28 00:00:00,<function <lambda> at 0x7fa4962879f0>,<function <lambda> at 0x7fa496287a90>,<function <lambda> at 0x7fa496287b30>
34970,2023-12-28 01:00:00,<function <lambda> at 0x7fa4962879f0>,<function <lambda> at 0x7fa496287a90>,<function <lambda> at 0x7fa496287b30>
34971,2023-12-28 02:00:00,<function <lambda> at 0x7fa4962879f0>,<function <lambda> at 0x7fa496287a90>,<function <lambda> at 0x7fa496287b30>
34972,2023-12-28 03:00:00,<function <lambda> at 0x7fa4962879f0>,<function <lambda> at 0x7fa496287a90>,<function <lambda> at 0x7fa496287b30>
34973,2023-12-28 04:00:00,<function <lambda> at 0x7fa4962879f0>,<function <lambda> at 0x7fa496287a90>,<function <lambda> at 0x7fa496287b30>
34974,2023-12-28 05:00:00,<function <lambda> at 0x7fa4962879f0>,<function <lambda> at 0x7fa496287a90>,<function <lambda> at 0x7fa496287b30>
34975,2023-12-28 06:00:00,<function <lambda> at 0x7fa4962879f0>,<function <lambda> at 0x7fa496287a90>,<function <lambda> at 0x7fa496287b30>
34976,2023-12-28 07:00:00,<function <lambda> at 0x7fa4962879f0>,<function <lambda> at 0x7fa496287a90>,<function <lambda> at 0x7fa496287b30>
34977,2023-12-28 08:00:00,<function <lambda> at 0x7fa4962879f0>,<function <lambda> at 0x7fa496287a90>,<function <lambda> at 0x7fa496287b30>
34978,2023-12-28 09:00:00,<function <lambda> at 0x7fa4962879f0>,<function <lambda> at 0x7fa496287a90>,<function <lambda> at 0x7fa496287b30>
34979,2023-12-28 10:00:00,<function <lambda> at 0x7fa4962879f0>,<function <lambda> at 0x7fa496287a90>,<function <lambda> at 0x7fa496287b30>
34980,2023-12-28 11:00:00,<function <lambda> at 0x7fa4962879f0>,<function <lambda> at 0x7fa496287a90>,<function <lambda> at 0x7fa496287b30>
34981,2023-12-28 12:00:00,<function <lambda> at 0x7fa4962879f0>,<function <lambda> at 0x7fa496287a90>,<function <lambda> at 0x7fa496287b30>
34982,2023-12-28 13:00:00,<function <lambda> at 0x7fa4962879f0>,<function <lambda> at 0x7fa496287a90>,<function <lambda> at 0x7fa496287b30>
34983,2023-12-28 14:00:00,<function <lambda> at 0x7fa4962879f0>,<function <lambda> at 0x7fa496287a90>,<function <lambda> at 0x7fa496287b30>
34984,2023-12-28 15:00:00,<function <lambda> at 0x7fa4962879f0>,<function <lambda> at 0x7fa496287a90>,<function <lambda> at 0x7fa496287b30>
34985,2023-12-28 16:00:00,<function <lambda> at 0x7fa4962879f0>,<function <lambda> at 0x7fa496287a90>,<function <lambda> at 0x7fa496287b30>
34986,2023-12-28 17:00:00,<function <lambda> at 0x7fa4962879f0>,<function <lambda> at 0x7fa496287a90>,<function <lambda> at 0x7fa496287b30>
34987,2023-12-28 18:00:00,<function <lambda> at 0x7fa4962879f0>,<function <lambda> at 0x7fa496287a90>,<function <lambda> at 0x7fa496287b30>
34988,2023-12-28 19:00:00,<function <lambda> at 0x7fa4962879f0>,<function <lambda> at 0x7fa496287a90>,<function <lambda> at 0x7fa496287b30>
34989,2023-12-28 20:00:00,<function <lambda> at 0x7fa4962879f0>,<function <lambda> at 0x7fa496287a90>,<function <lambda> at 0x7fa496287b30>
34990,2023-12-28 21:00:00,<function <lambda> at 0x7fa4962879f0>,<function <lambda> at 0x7fa496287a90>,<function <lambda> at 0x7fa496287b30>
34991,2023-12-28 22:00:00,<function <lambda> at 0x7fa4962879f0>,<function <lambda> at 0x7fa496287a90>,<function <lambda> at 0x7fa496287b30>
34992,2023-12-28 23:00:00,<function <lambda> at 0x7fa4962879f0>,<function <lambda> at 0x7fa496287a90>,<function <lambda> at 0x7fa496287b30>
34993,2023-12-29 00:00:00,<function <lambda> at 0x7fa4962879f0>,<function <lambda> at 0x7fa496287a90>,<function <lambda> at 0x7fa496287b30>
34994,2023-12-29 01:00:00,<function <lambda> at 0x7fa4962879f0>,<function <lambda> at 0x7fa496287a90>,<function <lambda> at 0x7fa496287b30>
34995,2023-12-29 02:00:00,<function <lambda> at 0x7fa4962879f0>,<function <lambda> at 0x7fa496287a90>,<function <lambda> at 0x7fa496287b30>
34996,2023-12-29 03:00:00,<function <lambda> at 0x7fa4962879f0>,<function <lambda> at 0x7fa496287a90>,<function <lambda> at 0x7fa496287b30>
34997,2023-12-29 04:00:00,<function <lambda> at 0x7fa4962879f0>,<function <lambda> at 0x7fa496287a90>,<function <lambda> at 0x7fa496287b30>
34998,2023-12-29 05:00:00,<function <lambda> at 0x7fa4962879f0>,<function <lambda> at 0x7fa496287a90>,<function <lambda> at 0x7fa496287b30>
34999,2023-12-29 06:00:00,<function <lambda> at 0x7fa4962879f0>,<function <lambda> at 0x7fa496287a90>,<function <lambda> at 0x7fa496287b30>
35000,2023-12-29 07:00:00,<function <lambda> at 0x7fa4962879f0>,<function <lambda> at 0x7fa496287a90>,<function <lambda> at 0x7fa496287b30>
